system:index,cropland,d0_B11,d0_B12,d0_B2,d0_B3,d0_B4,d0_B5,d0_B6,d0_B7,d0_B8,d0_B8A,d10_B11,d10_B12,d10_B2,d10_B3,d10_B4,d10_B5,d10_B6,d10_B7,d10_B8,d10_B8A,d11_B11,d11_B12,d11_B2,d11_B3,d11_B4,d11_B5,d11_B6,d11_B7,d11_B8,d11_B8A,d12_B11,d12_B12,d12_B2,d12_B3,d12_B4,d12_B5,d12_B6,d12_B7,d12_B8,d12_B8A,d13_B11,d13_B12,d13_B2,d13_B3,d13_B4,d13_B5,d13_B6,d13_B7,d13_B8,d13_B8A,d14_B11,d14_B12,d14_B2,d14_B3,d14_B4,d14_B5,d14_B6,d14_B7,d14_B8,d14_B8A,d15_B11,d15_B12,d15_B2,d15_B3,d15_B4,d15_B5,d15_B6,d15_B7,d15_B8,d15_B8A,d16_B11,d16_B12,d16_B2,d16_B3,d16_B4,d16_B5,d16_B6,d16_B7,d16_B8,d16_B8A,d17_B11,d17_B12,d17_B2,d17_B3,d17_B4,d17_B5,d17_B6,d17_B7,d17_B8,d17_B8A,d18_B11,d18_B12,d18_B2,d18_B3,d18_B4,d18_B5,d18_B6,d18_B7,d18_B8,d18_B8A,d19_B11,d19_B12,d19_B2,d19_B3,d19_B4,d19_B5,d19_B6,d19_B7,d19_B8,d19_B8A,d1_B11,d1_B12,d1_B2,d1_B3,d1_B4,d1_B5,d1_B6,d1_B7,d1_B8,d1_B8A,d20_B11,d20_B12,d20_B2,d20_B3,d20_B4,d20_B5,d20_B6,d20_B7,d20_B8,d20_B8A,d21_B11,d21_B12,d21_B2,d21_B3,d21_B4,d21_B5,d21_B6,d21_B7,d21_B8,d21_B8A,d22_B11,d22_B12,d22_B2,d22_B3,d22_B4,d22_B5,d22_B6,d22_B7,d22_B8,d22_B8A,d23_B11,d23_B12,d23_B2,d23_B3,d23_B4,d23_B5,d23_B6,d23_B7,d23_B8,d23_B8A,d24_B11,d24_B12,d24_B2,d24_B3,d24_B4,d24_B5,d24_B6,d24_B7,d24_B8,d24_B8A,d25_B11,d25_B12,d25_B2,d25_B3,d25_B4,d25_B5,d25_B6,d25_B7,d25_B8,d25_B8A,d26_B11,d26_B12,d26_B2,d26_B3,d26_B4,d26_B5,d26_B6,d26_B7,d26_B8,d26_B8A,d27_B11,d27_B12,d27_B2,d27_B3,d27_B4,d27_B5,d27_B6,d27_B7,d27_B8,d27_B8A,d28_B11,d28_B12,d28_B2,d28_B3,d28_B4,d28_B5,d28_B6,d28_B7,d28_B8,d28_B8A,d29_B11,d29_B12,d29_B2,d29_B3,d29_B4,d29_B5,d29_B6,d29_B7,d29_B8,d29_B8A,d2_B11,d2_B12,d2_B2,d2_B3,d2_B4,d2_B5,d2_B6,d2_B7,d2_B8,d2_B8A,d30_B11,d30_B12,d30_B2,d30_B3,d30_B4,d30_B5,d30_B6,d30_B7,d30_B8,d30_B8A,d31_B11,d31_B12,d31_B2,d31_B3,d31_B4,d31_B5,d31_B6,d31_B7,d31_B8,d31_B8A,d32_B11,d32_B12,d32_B2,d32_B3,d32_B4,d32_B5,d32_B6,d32_B7,d32_B8,d32_B8A,d33_B11,d33_B12,d33_B2,d33_B3,d33_B4,d33_B5,d33_B6,d33_B7,d33_B8,d33_B8A,d34_B11,d34_B12,d34_B2,d34_B3,d34_B4,d34_B5,d34_B6,d34_B7,d34_B8,d34_B8A,d35_B11,d35_B12,d35_B2,d35_B3,d35_B4,d35_B5,d35_B6,d35_B7,d35_B8,d35_B8A,d3_B11,d3_B12,d3_B2,d3_B3,d3_B4,d3_B5,d3_B6,d3_B7,d3_B8,d3_B8A,d4_B11,d4_B12,d4_B2,d4_B3,d4_B4,d4_B5,d4_B6,d4_B7,d4_B8,d4_B8A,d5_B11,d5_B12,d5_B2,d5_B3,d5_B4,d5_B5,d5_B6,d5_B7,d5_B8,d5_B8A,d6_B11,d6_B12,d6_B2,d6_B3,d6_B4,d6_B5,d6_B6,d6_B7,d6_B8,d6_B8A,d7_B11,d7_B12,d7_B2,d7_B3,d7_B4,d7_B5,d7_B6,d7_B7,d7_B8,d7_B8A,d8_B11,d8_B12,d8_B2,d8_B3,d8_B4,d8_B5,d8_B6,d8_B7,d8_B8,d8_B8A,d9_B11,d9_B12,d9_B2,d9_B3,d9_B4,d9_B5,d9_B6,d9_B7,d9_B8,d9_B8A,.geo
0_0,3,1990.0,1606.5,641.5,815.5,1065.0,1210.5,1238.5,1335.5,1415.0,1483.5,2299.5,1891.5,766.0,998.5,1243.0,1368.0,1437.5,1528.5,1627.0,1665.0,2758.5,2338.5,1006.0,1318.5,1629.5,1781.0,1811.0,1885.5,1965.0,2017.5,2981.5,2502.5,1167.5,1477.5,1800.0,1942.5,2007.5,2080.5,2189.0,2205.0,1100.0,983.0,897.0,1172.0,1201.0,1415.0,1067.0,1140.0,1177.0,1152.0,518.0,425.0,678.0,1002.0,1200.0,1415.0,1067.0,1126.0,1130.0,962.0,726.0,526.0,618.0,842.0,879.0,1110.0,1217.0,1308.0,1297.0,1177.0,1087.0,731.0,564.0,837.0,724.0,1145.0,1696.0,1816.0,1685.0,1590.0,1613.0,908.0,381.0,688.0,448.0,1006.0,2569.0,3075.0,2950.0,3114.0,1905.5,959.0,230.5,566.5,243.5,925.5,3318.0,4306.0,4430.5,4655.0,1702.0,872.0,114.5,357.5,139.0,659.0,3088.0,4741.0,4740.5,4851.0,2223.0,1839.0,709.0,940.0,1166.0,1339.0,1394.0,1516.0,1589.0,1621.0,1663.0,829.0,153.0,375.0,174.0,650.0,3172.0,4787.0,4912.0,5052.0,1681.0,793.0,86.0,386.0,155.0,725.0,3466.0,5000.0,5130.0,5373.0,1714.0,850.0,290.0,708.0,389.0,1335.0,3626.0,4912.0,5130.0,5303.0,1960.0,1008.0,509.0,1017.0,724.0,1862.0,3862.0,4778.0,4858.0,5060.0,2083.0,1188.5,555.0,1104.5,891.0,2029.5,3804.0,4386.0,4658.0,4748.0,3085.5,1949.0,983.5,1680.0,2036.0,3171.5,4007.5,4475.0,4777.5,4851.5,3722.0,2526.0,1317.0,2024.0,2879.0,3702.0,4193.5,4524.0,4956.0,5072.5,4421.0,3144.5,1473.0,2045.5,2902.0,3604.5,3816.5,4094.5,4368.0,4585.5,4178.0,2991.0,1389.0,1911.0,2743.0,3196.0,3323.0,3635.0,3816.0,3882.0,4189.0,2982.0,1423.0,1928.5,2786.5,3198.5,3369.0,3631.0,3673.5,3870.5,2256.5,1885.0,707.0,908.5,1180.0,1323.5,1385.0,1469.5,1636.5,1649.5,3692.5,2674.5,1127.5,1538.0,2165.0,2476.5,2596.0,2774.0,2975.5,3067.5,3411.5,2546.5,1050.0,1356.0,1837.0,2204.5,2262.5,2417.5,2559.5,2679.5,3054.5,2478.5,818.5,1051.5,1373.5,1575.0,1605.0,1773.0,1926.5,1934.5,3141.0,2564.5,870.0,1066.0,1393.0,1543.5,1607.0,1760.0,1926.0,1937.0,1940.0,1200.0,539.0,700.0,988.0,1096.0,1159.0,1230.0,1365.0,1380.0,0.0,0.0,0.0,0.0,0.0,0.0,0.0,0.0,0.0,0.0,1823.0,1399.0,608.0,774.0,982.0,1079.0,1137.0,1193.0,1315.0,1347.0,2045.0,1681.0,737.0,870.0,1053.0,1180.0,1184.0,1291.0,1396.0,1394.0,2497.0,2085.0,873.0,1103.0,1323.0,1474.0,1508.0,1596.0,1712.0,1731.0,2232.0,1876.0,1099.0,1286.0,1511.0,1615.0,1733.0,1838.0,2001.0,1990.0,2058.5,1652.5,693.5,847.5,1041.5,1158.5,1186.0,1255.5,1361.5,1391.0,2459.0,2091.0,917.0,1094.0,1286.0,1430.0,1560.0,1662.0,1741.0,1791.0,2366.0,1908.5,862.5,1080.0,1259.5,1436.5,1653.0,1767.5,1871.0,1928.5,"{""type"":""MultiPoint"",""coordinates"":[]}"
1_0,3,1555.0,1314.5,417.0,524.5,718.0,814.5,842.5,901.5,983.5,1029.5,2142.0,1868.0,793.5,1034.0,1281.0,1396.5,1442.0,1487.5,1571.5,1588.5,2225.5,1949.0,762.0,990.0,1251.0,1359.0,1397.5,1479.0,1546.5,1568.5,1450.0,1207.0,549.0,725.5,911.5,1019.0,1026.0,1083.5,1132.5,1165.0,272.0,186.5,422.5,659.5,642.5,909.0,839.0,905.0,911.0,792.5,272.5,224.5,573.5,727.5,783.0,943.5,866.5,930.0,942.5,833.0,700.0,474.5,488.0,705.0,575.5,1046.5,1469.0,1573.0,1460.0,1428.5,1141.0,675.0,428.5,736.5,467.5,1049.5,2108.5,2366.0,2437.0,2331.5,1324.0,675.0,252.5,559.5,341.5,1031.5,3017.5,3754.5,3935.0,3843.0,1654.5,905.5,251.5,554.0,457.5,1107.0,2710.0,3316.5,3536.5,3613.5,1706.0,887.5,198.0,461.0,332.5,884.0,2642.0,3471.0,3697.5,3767.5,1834.0,1540.0,472.0,656.5,871.5,980.0,1010.0,1073.0,1193.5,1221.5,1705.0,876.5,207.5,465.5,306.0,895.0,2883.0,3725.5,3813.0,4018.5,1736.0,858.0,209.5,526.5,300.5,1025.5,3131.5,4073.5,4289.0,4304.0,1773.5,897.0,347.0,800.0,510.5,1365.5,3368.0,4170.5,4309.0,4419.5,1902.0,1038.5,561.0,1054.5,849.0,1833.5,3374.5,3860.5,4130.5,4167.0,2055.0,1149.5,595.5,1150.0,1042.0,1960.5,3149.0,3625.5,4021.0,3971.0,2291.0,1350.0,604.0,1159.0,1198.0,2038.0,3067.0,3431.0,3760.0,3813.0,3133.5,2008.5,929.0,1404.0,1649.0,2332.0,3071.0,3397.0,3722.5,3868.0,3799.5,2606.5,995.0,1424.0,1976.0,2468.0,2803.0,3129.0,3545.0,3544.5,3549.5,2569.5,892.0,1357.0,1917.5,2306.5,2583.5,2788.0,3158.5,3265.5,2663.5,2034.0,838.0,1153.5,1655.0,1917.0,2010.5,2143.5,2260.5,2371.5,1643.0,1359.0,336.0,521.0,744.0,843.0,869.0,920.0,1030.0,1074.0,2700.5,2068.5,864.0,1191.5,1664.0,1924.0,2009.5,2154.0,2252.0,2371.0,2219.0,1723.5,900.5,1122.5,1443.0,1630.5,1677.5,1804.5,1936.0,1944.5,2357.5,1882.5,719.5,921.5,1231.0,1408.0,1472.5,1580.5,1734.5,1735.5,2460.5,1988.0,776.5,936.5,1256.5,1431.0,1488.5,1608.5,1720.5,1780.5,2079.0,1467.0,572.0,734.0,1011.5,1133.0,1214.5,1287.5,1442.5,1460.5,0.0,0.0,0.0,0.0,0.0,0.0,0.0,0.0,0.0,0.0,1677.5,1392.0,376.0,520.0,732.5,850.0,847.0,896.0,1008.5,1054.0,1647.5,1386.5,484.0,581.0,727.5,837.0,853.5,904.0,987.0,987.0,2030.0,1745.0,583.0,752.0,969.0,1085.0,1143.0,1177.0,1298.0,1298.0,1856.0,1543.0,465.0,578.0,786.0,899.0,860.0,947.0,1017.0,1060.0,1894.0,1572.5,590.0,653.5,841.0,942.0,949.0,1024.0,1134.0,1127.5,1799.0,1553.5,505.5,650.0,850.5,936.5,983.5,1056.0,1139.0,1165.5,1908.5,1713.0,567.5,747.0,941.5,1041.5,1075.5,1152.5,1234.5,1253.5,"{""type"":""MultiPoint"",""coordinates"":[]}"
2_0,3,3214.5,2497.5,986.0,1062.5,1321.5,1533.0,1689.5,1834.0,2061.0,2101.0,2070.0,1933.0,609.0,855.0,1138.0,1247.0,1299.0,1396.0,1482.0,1488.0,2353.0,2243.0,787.0,1020.0,1350.0,1489.0,1511.0,1615.0,1688.0,1743.0,400.5,389.0,543.0,634.0,689.0,737.0,569.0,600.0,560.0,478.0,327.0,302.0,682.0,754.0,757.0,828.0,596.0,638.0,608.0,475.0,299.0,265.0,323.0,553.0,540.0,751.0,596.0,638.0,608.0,475.0,540.0,422.0,319.0,566.0,432.0,756.0,867.0,953.0,918.0,861.0,1165.0,690.0,333.0,684.0,458.0,966.0,1777.0,1989.0,1918.0,1993.0,910.0,523.0,165.0,359.0,227.0,557.0,1373.0,1840.0,1695.0,1720.0,1083.0,547.0,55.0,238.5,61.5,460.5,1975.0,2860.5,2784.0,2904.5,1120.5,533.0,17.5,169.0,6.5,362.5,2013.0,3195.0,3160.0,3256.0,4846.5,4306.5,2779.0,2944.5,3304.5,3622.5,3655.5,3751.5,3862.5,3923.5,1134.5,540.5,13.5,154.5,6.0,370.0,2144.0,3457.0,3531.5,3647.0,1098.5,519.5,46.0,284.5,51.5,584.0,2462.5,3562.0,3637.5,3791.0,1169.0,545.0,449.0,718.0,509.0,1081.0,2830.0,3664.0,3789.0,3879.0,1303.0,697.0,601.0,958.0,714.0,1505.0,2987.0,3603.0,3691.0,3784.0,1365.0,740.0,495.0,904.0,724.0,1549.0,2728.0,3182.0,3366.0,3414.0,1694.0,968.0,438.0,916.0,910.0,1736.0,2722.0,3098.0,3291.0,3370.0,4295.5,3071.0,1154.5,1643.0,2286.5,2794.5,3110.5,3375.0,3659.5,3872.5,4274.5,3184.0,1159.5,1596.5,2335.0,2700.5,2908.5,3150.0,3480.5,3533.0,3889.0,2876.0,1102.0,1546.0,2072.0,2336.0,2553.0,2822.0,3148.0,3201.0,3434.0,2568.0,1059.5,1367.5,1895.5,2183.5,2333.0,2514.5,2760.0,2790.5,3193.0,2537.0,527.0,796.0,1126.0,1328.0,1346.0,1521.0,1764.0,1819.0,3614.5,2944.5,870.5,1157.0,1557.0,1838.5,1990.0,2147.0,2259.5,2458.0,4946.5,4385.0,2825.5,2979.0,3291.0,3588.0,3743.0,3830.0,4048.0,4070.0,3289.5,2795.0,859.5,1007.5,1260.0,1492.5,1631.0,1763.0,1893.5,1981.5,3167.5,2680.0,831.5,977.5,1219.5,1444.5,1583.5,1741.5,1836.5,1926.0,2132.5,1589.0,475.0,661.0,895.0,1102.5,1257.0,1339.5,1511.5,1585.5,0.0,0.0,0.0,0.0,0.0,0.0,0.0,0.0,0.0,0.0,3577.0,2870.0,778.0,1100.0,1570.0,1847.0,1925.0,2000.0,2270.0,2386.0,3878.0,3282.0,1163.0,1419.0,1627.0,1923.0,1968.0,2155.0,2363.0,2456.0,3613.0,2954.0,965.0,1233.0,1609.0,1827.0,1945.0,2100.0,2348.0,2377.0,1928.5,1638.0,521.5,598.5,799.0,925.5,943.5,1047.5,1153.5,1164.5,1287.0,1091.0,353.0,463.0,650.0,715.0,718.0,790.0,857.0,874.0,1775.0,1633.5,491.0,667.0,911.5,1009.5,1030.0,1085.0,1196.0,1202.0,1879.5,1762.0,540.5,737.0,986.0,1088.5,1145.0,1200.5,1289.5,1299.5,"{""type"":""MultiPoint"",""coordinates"":[]}"
3_0,3,1671.5,1385.5,537.0,665.5,858.0,957.5,1013.0,1086.5,1178.0,1217.5,1902.0,1632.0,713.5,901.0,1080.0,1188.0,1227.0,1297.5,1381.0,1377.0,2125.0,1852.5,894.5,1091.0,1303.5,1397.5,1410.0,1484.0,1536.0,1559.5,2415.0,2126.5,1062.0,1298.0,1538.0,1649.5,1671.5,1742.5,1801.5,1838.0,1130.0,1044.0,891.0,1153.0,1287.0,1391.0,1400.0,1459.0,1474.0,1536.0,412.0,381.0,800.0,1081.0,1052.0,1272.0,944.0,978.0,944.0,740.0,389.0,300.0,572.0,785.0,779.0,1028.0,907.0,952.0,951.0,811.0,530.0,414.0,607.0,839.0,813.0,1150.0,1014.0,1135.0,1031.0,975.0,615.0,460.0,550.0,795.0,780.0,1004.0,979.0,1098.0,1035.0,970.0,944.5,578.5,318.5,514.5,437.5,797.0,1468.5,1625.0,1597.0,1628.5,1236.0,674.5,210.5,408.0,235.0,681.0,1935.0,2490.5,2382.5,2369.0,1817.0,1525.0,628.0,765.0,938.0,1085.0,1114.0,1215.0,1293.0,1288.0,1325.0,661.0,183.0,369.0,175.0,606.0,2269.0,3033.0,2891.0,2960.0,1367.0,661.0,112.0,345.0,144.0,643.0,2565.0,3532.0,3487.0,3512.0,1440.0,710.0,172.0,454.0,250.0,796.0,2881.0,4078.0,3984.0,4253.0,1540.0,738.0,433.0,835.0,574.0,1420.0,3148.0,3880.0,3852.0,3980.0,1615.5,887.0,479.0,955.0,683.0,1605.0,2999.0,3462.5,3681.5,3747.0,1979.0,1200.0,560.0,1032.0,1072.0,1860.0,2774.0,3139.0,3319.5,3452.5,2575.0,1627.5,869.5,1308.0,1689.5,2321.0,2789.0,3101.0,3352.0,3439.0,3105.5,2064.0,1048.0,1484.5,2062.0,2641.5,2895.5,3229.0,3489.0,3609.5,3906.0,2813.0,1158.0,1580.0,2287.0,2816.0,2956.0,3338.0,3461.0,3708.0,3527.0,2723.5,1033.0,1465.0,2179.0,2677.5,2777.0,3147.0,3153.5,3381.5,1848.5,1543.5,578.0,735.5,938.5,1049.0,1097.5,1158.5,1273.5,1296.0,3433.0,2454.0,928.5,1301.5,1845.0,2207.5,2254.5,2590.5,2678.5,2801.5,3417.5,2501.0,955.0,1239.0,1724.5,2114.5,2240.5,2400.5,2512.0,2748.5,3118.0,2403.0,769.0,996.5,1375.0,1664.5,1687.0,1888.5,2024.5,2091.5,3152.5,2526.5,822.0,993.0,1371.5,1594.5,1645.0,1806.0,2020.5,2062.5,1592.0,1322.0,415.0,534.0,743.0,873.0,884.0,960.0,1036.0,1073.0,1317.0,1186.0,1030.0,1024.0,1017.0,1103.0,1251.0,1378.0,1316.0,1446.0,1424.0,1119.0,481.0,628.0,782.0,882.0,872.0,940.0,1034.0,1081.0,1731.0,1426.0,623.0,734.0,880.0,1002.0,1011.0,1099.0,1144.0,1193.0,2132.0,1803.0,818.0,1000.0,1190.0,1311.0,1345.0,1387.0,1480.0,1545.0,2075.0,1761.0,804.0,932.5,1129.0,1246.5,1216.0,1306.0,1382.0,1414.0,1634.0,1373.0,530.5,635.5,801.5,898.0,874.0,939.0,996.5,1026.0,2008.5,1757.5,772.5,917.5,1068.0,1194.5,1275.5,1376.0,1425.5,1449.5,2018.0,1710.0,810.5,952.5,1117.5,1225.5,1317.0,1397.5,1493.5,1509.5,"{""type"":""MultiPoint"",""coordinates"":[]}"
4_0,3,1878.0,1537.5,574.0,734.5,976.5,1129.5,1176.0,1246.5,1346.0,1390.0,2277.5,1932.5,837.5,1130.5,1399.5,1513.5,1590.5,1653.5,1758.5,1773.5,2300.5,1977.0,811.5,1067.0,1345.5,1465.0,1531.0,1603.5,1691.0,1707.0,2257.0,1965.0,783.5,1034.5,1300.5,1431.5,1480.0,1574.5,1623.0,1662.5,366.5,290.5,519.0,718.0,760.0,955.5,869.5,944.5,992.5,886.5,366.5,338.0,631.0,923.0,913.0,1147.0,998.0,1031.5,1022.5,921.5,996.5,618.0,512.0,803.5,598.5,1132.5,1825.0,1939.0,1814.0,1811.0,1683.0,877.5,417.5,838.5,436.5,1216.5,3659.5,3979.0,3967.5,3923.0,1809.5,856.5,257.5,729.0,249.5,1198.5,4405.0,5578.5,5599.0,5665.0,2281.0,1190.5,303.5,834.0,520.5,1598.5,4020.0,4965.0,5154.0,5519.0,2320.0,1218.5,325.5,853.5,442.0,1499.5,3844.0,4711.5,4961.0,5254.0,2122.5,1772.5,628.0,846.5,1115.0,1291.5,1323.5,1398.0,1459.5,1529.5,2134.5,1092.0,321.5,816.0,415.0,1351.0,3806.5,4706.0,4898.5,4991.5,1921.0,975.0,278.0,737.5,450.5,1278.5,3603.0,4522.0,4764.0,4864.0,1891.0,950.5,359.0,772.0,497.5,1238.0,3615.0,4584.5,4750.5,4903.5,2093.5,1122.5,535.5,1002.5,669.5,1622.5,3775.5,4528.5,4669.0,4910.5,2093.5,1145.5,519.5,1056.0,747.5,1728.5,3678.0,4357.5,4565.0,4617.5,2285.0,1335.0,578.0,1182.0,967.0,2139.0,3562.0,4013.0,4192.0,4359.0,2555.5,1509.5,831.0,1457.0,1374.0,2537.0,3648.5,3977.0,4237.0,4383.5,2795.5,1798.5,831.0,1452.5,1648.5,2631.5,3308.5,3628.0,3889.0,4065.5,4113.5,2895.0,1190.0,1623.5,2336.5,2920.0,3144.5,3379.0,3736.0,3908.5,3352.0,2451.0,970.5,1365.0,1999.0,2479.5,2533.0,2732.5,2800.0,3198.0,2007.5,1642.0,531.5,755.0,1028.5,1160.0,1199.0,1298.5,1420.0,1446.0,2812.0,2162.0,837.0,1145.5,1563.5,1897.0,1925.5,2147.0,2169.5,2345.0,2338.0,1811.5,905.5,1112.5,1415.0,1624.0,1683.0,1815.5,1891.0,2025.5,2520.5,1966.0,726.0,945.0,1254.5,1460.5,1528.0,1653.0,1763.0,1837.5,2518.5,1992.5,761.5,936.0,1225.0,1413.5,1491.5,1604.0,1722.5,1785.5,1883.5,1548.5,514.0,681.5,929.0,1076.0,1116.5,1186.0,1318.0,1358.5,0.0,0.0,0.0,0.0,0.0,0.0,0.0,0.0,0.0,0.0,1890.5,1567.0,521.0,708.5,933.0,1050.5,1090.5,1177.0,1296.5,1291.5,1859.0,1593.5,617.5,729.5,893.0,996.5,1060.5,1132.5,1231.0,1241.5,2255.0,1919.5,690.0,902.5,1114.0,1266.0,1343.0,1442.0,1564.5,1564.0,2316.5,1948.0,701.5,881.5,1127.0,1277.5,1356.5,1459.5,1607.5,1613.5,2190.5,1797.0,735.0,844.0,1032.5,1168.0,1259.0,1367.0,1491.0,1498.0,2019.0,1713.0,581.5,788.0,1024.5,1144.5,1221.5,1324.5,1377.5,1406.0,2106.0,1842.0,705.5,947.5,1205.0,1329.0,1371.0,1421.5,1536.0,1530.0,"{""type"":""MultiPoint"",""coordinates"":[]}"
5_0,3,1717.5,1402.5,591.5,726.0,960.0,1056.5,1063.0,1106.0,1240.5,1247.0,2372.5,2031.5,966.5,1257.0,1519.5,1654.0,1654.5,1703.5,1819.5,1822.5,2429.5,2083.0,944.5,1198.5,1478.0,1629.5,1573.0,1635.0,1767.5,1739.5,499.0,433.0,611.5,795.0,883.5,1061.5,857.5,888.5,871.0,862.0,430.0,347.5,718.0,905.5,891.5,1127.0,1087.0,1138.0,1140.0,1061.0,388.0,347.5,472.5,747.0,710.5,1021.0,1000.5,1090.0,1025.5,901.5,866.5,629.5,346.5,693.5,394.0,985.0,1621.0,1828.0,1743.0,1562.5,1329.5,674.0,269.0,615.5,262.0,960.5,2917.5,3308.0,3536.0,3206.5,1428.0,713.0,189.5,500.5,306.0,1003.5,3100.0,3883.0,4123.0,4120.5,1587.0,858.0,228.0,540.0,402.5,1098.0,2901.5,3741.0,3885.5,4016.5,1704.5,890.5,198.0,497.5,320.5,966.5,2855.0,3792.5,4002.5,4122.0,2037.5,1675.5,643.0,858.0,1112.5,1255.0,1230.5,1317.5,1391.0,1461.0,1807.0,929.0,247.5,569.5,320.0,1066.5,3114.5,4004.0,4210.0,4399.0,1786.5,895.5,269.0,749.0,393.0,1325.5,3415.0,4177.0,4400.5,4594.5,1850.5,971.0,395.5,861.5,579.0,1506.5,3437.5,4036.0,4227.0,4484.5,2102.5,1137.0,590.5,1112.5,906.5,1872.0,3318.0,3793.0,4090.5,4209.0,2356.0,1350.5,655.0,1211.5,1136.5,2105.0,3191.0,3598.5,4071.5,4079.0,2633.0,1562.0,719.0,1263.0,1376.0,2221.0,3162.0,3508.0,3873.0,4005.0,4101.5,2781.5,1081.0,1531.5,2093.0,2651.0,3169.5,3505.5,3888.5,4067.5,4101.5,2786.5,1021.5,1466.0,2203.0,2719.5,3029.0,3380.5,3763.0,3989.5,3556.0,2478.0,952.5,1379.5,2018.5,2333.0,2540.0,2699.0,3294.0,3323.0,2754.5,2089.0,905.0,1230.0,1760.5,2010.5,2117.5,2288.5,2392.5,2460.0,1873.0,1585.0,548.5,762.5,998.0,1095.0,1166.5,1176.5,1303.5,1321.0,2741.5,2102.5,950.5,1258.5,1768.5,2006.5,2104.0,2223.0,2356.0,2489.0,2624.0,2032.0,1033.0,1304.5,1739.5,1915.5,2002.5,2170.5,2306.0,2327.5,2411.5,1936.5,796.5,1006.0,1340.0,1477.5,1568.0,1653.5,1818.5,1854.0,1901.5,1588.0,583.5,760.0,1017.5,1126.0,1187.0,1257.0,1358.0,1393.5,1297.5,1122.5,327.0,455.5,633.5,720.5,756.5,801.5,876.5,891.0,0.0,0.0,0.0,0.0,0.0,0.0,0.0,0.0,0.0,0.0,1691.0,1383.5,471.0,647.0,869.5,954.0,962.5,1019.0,1148.0,1156.0,1907.5,1629.0,641.5,749.5,948.5,1037.0,1081.0,1139.0,1190.5,1251.5,1988.0,1708.0,659.5,846.0,1055.5,1149.5,1171.0,1264.0,1343.0,1367.5,2048.5,1731.0,674.5,789.5,1000.0,1098.5,1061.0,1113.0,1206.5,1253.5,2048.5,1731.0,674.5,789.5,1000.0,1098.5,1061.0,1113.0,1206.5,1253.5,1951.5,1696.5,662.5,824.0,1062.5,1142.5,1174.0,1242.5,1344.0,1317.5,2156.5,1895.5,727.5,938.0,1169.5,1277.0,1272.5,1372.0,1488.5,1467.5,"{""type"":""MultiPoint"",""coordinates"":[]}"
6_0,3,3142.5,2510.5,926.5,1051.0,1365.0,1548.0,1596.0,1733.5,1896.0,1979.0,2062.0,1879.0,613.0,854.0,1157.0,1260.0,1290.0,1342.0,1461.0,1493.0,2151.0,2012.0,715.0,923.0,1222.0,1359.0,1377.0,1456.0,1541.0,1580.0,1309.0,1189.5,485.0,645.5,841.5,917.0,932.0,948.0,969.5,989.5,477.0,425.0,781.0,878.0,919.0,1024.0,820.0,854.0,819.0,728.0,375.0,331.0,403.0,649.0,612.0,790.0,677.0,730.0,711.0,598.0,553.0,409.0,346.0,605.0,534.0,877.0,996.0,1101.0,1100.0,1036.0,1147.0,719.0,343.0,630.0,511.0,960.0,1558.0,1894.0,1798.0,1760.0,1020.0,562.0,196.0,419.0,296.0,667.0,1529.0,1894.0,1798.0,1760.0,1106.0,576.5,101.5,329.5,133.5,610.5,2005.5,2559.0,2626.0,2628.0,1192.5,571.5,72.5,248.5,61.0,478.0,2224.5,3120.5,3205.5,3171.0,3912.5,3411.0,2027.5,2151.0,2445.0,2634.0,2650.5,2772.5,2834.0,2943.0,1220.5,565.5,59.0,249.0,47.5,487.5,2425.5,3613.5,3659.5,3669.0,1125.0,533.5,73.5,364.0,93.0,641.0,2690.0,3733.0,3874.5,3923.0,1185.0,560.0,483.0,805.0,547.0,1139.0,2984.0,3799.0,3978.0,3988.0,1261.0,668.0,641.0,1009.0,826.0,1643.0,3016.0,3574.0,3760.0,3741.0,1309.0,732.0,550.0,983.0,826.0,1663.0,2739.0,3092.0,3305.0,3316.0,1673.0,966.0,503.0,991.0,1040.0,1872.0,2674.0,2982.0,3212.0,3284.0,4276.0,3023.5,1178.0,1707.0,2418.5,2916.5,3167.0,3449.5,3751.0,3866.5,4317.0,3167.0,1245.0,1712.5,2447.0,2887.0,3117.5,3388.0,3666.5,3763.0,3511.0,2830.0,1042.0,1472.0,2003.0,2282.0,2481.0,2683.0,3012.0,2982.0,3485.0,2563.5,976.5,1338.5,1889.5,2260.0,2386.0,2590.0,2763.5,2911.0,3403.0,2853.5,780.0,1000.5,1351.5,1558.0,1578.0,1713.0,1927.0,1983.0,3624.5,2866.5,917.0,1234.5,1650.0,1931.0,2113.5,2302.5,2440.0,2553.0,5610.5,5022.0,3535.5,3715.5,4019.0,4401.5,4440.0,4566.0,4722.0,4693.0,3287.0,2775.5,883.5,1029.0,1278.0,1516.5,1663.5,1801.5,1937.5,2003.0,3145.5,2633.5,849.5,996.5,1216.5,1459.0,1607.0,1750.0,1857.5,1928.0,2276.5,1692.5,492.5,682.5,895.5,1130.5,1283.0,1397.5,1562.0,1614.0,0.0,0.0,0.0,0.0,0.0,0.0,0.0,0.0,0.0,0.0,3742.0,3090.0,926.0,1282.0,1750.0,1972.0,1996.0,2153.0,2359.0,2428.0,3960.0,3042.0,1231.0,1475.0,1797.0,2034.0,2178.0,2294.0,2502.0,2507.0,3571.0,2979.0,1013.0,1306.0,1758.0,1991.0,1982.0,2104.0,2357.0,2411.0,2751.5,2358.5,820.5,990.0,1329.5,1480.0,1493.0,1604.5,1766.5,1803.5,1891.0,1654.0,593.0,732.0,1019.0,1144.0,1075.0,1164.0,1245.0,1282.0,1813.5,1693.5,511.0,688.0,972.0,1048.0,1053.0,1127.5,1239.5,1236.5,1887.5,1741.5,564.0,751.0,1039.5,1138.0,1147.5,1223.5,1341.0,1339.5,"{""type"":""MultiPoint"",""coordinates"":[]}"
7_0,3,1505.0,1258.5,769.0,775.0,823.0,991.0,1059.0,1170.5,1193.5,1198.0,2558.0,2406.0,971.0,1218.0,1520.0,1659.0,1672.0,1697.0,1848.0,1849.0,2481.0,2421.0,927.0,1137.0,1417.0,1579.0,1571.0,1660.0,1746.0,1778.0,463.0,441.0,532.5,670.0,683.0,766.0,577.5,601.0,537.0,483.5,374.5,380.0,516.0,668.0,684.0,749.5,580.5,593.0,531.5,454.0,334.5,283.5,385.5,593.0,496.0,729.5,614.0,649.0,645.0,470.0,693.0,533.0,321.0,575.0,403.0,810.0,1066.0,1199.0,1089.0,1009.0,1132.0,710.0,296.0,575.0,331.0,899.0,1721.0,2080.0,2015.0,1992.0,1279.0,684.0,112.0,349.0,122.0,634.0,2435.0,3172.0,3145.0,3198.0,1369.0,628.0,62.0,277.5,36.0,490.0,2696.0,4139.0,4116.5,4179.5,1293.0,601.0,54.0,245.0,35.0,439.5,2664.0,4325.5,4346.5,4406.5,1725.5,1453.5,760.0,782.5,838.5,987.5,1231.0,1320.5,1443.5,1432.5,1324.5,627.0,59.0,246.0,37.5,436.0,2777.0,4529.0,4576.5,4755.5,1360.0,621.0,201.0,600.0,215.5,1068.5,3279.0,4592.5,4728.0,4870.5,1482.0,700.0,555.0,900.0,649.0,1409.0,3464.0,4476.0,4458.0,4708.0,1573.0,868.0,729.0,1141.0,1017.0,1827.0,3284.0,3899.0,3965.0,4156.0,1645.0,940.0,653.0,1125.0,1024.0,1872.0,3079.0,3540.0,3775.0,3859.0,2255.0,1326.0,723.0,1263.0,1435.0,2328.0,3163.0,3430.0,3667.0,3871.0,4487.0,3255.5,1262.5,1724.5,2377.0,2856.5,3201.5,3483.0,3796.5,3934.0,4717.0,3468.0,1296.0,1793.0,2585.0,2973.0,3212.0,3363.0,3618.0,3708.0,4265.0,3251.0,1296.0,1793.0,2505.0,2861.0,3082.0,3260.0,3610.0,3603.0,4314.0,3313.0,1246.0,1663.5,2359.5,2775.5,2944.0,3175.5,3294.5,3519.0,1578.0,1287.0,363.0,579.0,711.0,949.0,1164.0,1239.0,1345.0,1357.0,4034.0,3271.0,1033.0,1365.0,1820.0,2148.0,2259.0,2460.0,2524.0,2761.0,3163.0,2784.0,1542.0,1650.0,1826.0,2079.0,2269.0,2333.0,2444.0,2500.0,2558.0,2205.0,654.5,855.5,1051.0,1300.5,1524.5,1633.5,1787.5,1850.5,3018.0,2712.5,738.5,905.0,1095.0,1350.5,1602.5,1700.0,1827.5,1919.0,2183.0,1598.5,459.0,658.5,804.0,1135.0,1540.5,1661.0,1849.5,1894.5,0.0,0.0,0.0,0.0,0.0,0.0,0.0,0.0,0.0,0.0,1570.0,1215.0,284.0,540.0,639.0,937.0,1316.0,1364.0,1507.0,1541.0,1831.0,1457.0,402.0,623.0,701.0,1012.0,1511.0,1600.0,1670.0,1686.0,1732.0,1296.5,430.0,692.5,709.5,1109.0,1750.0,1837.0,1968.0,1966.5,1798.0,1444.0,534.0,696.5,804.0,1085.5,1449.5,1562.0,1685.0,1701.5,1885.0,1629.0,540.0,674.0,866.0,1072.0,1165.0,1243.0,1333.0,1405.0,2297.0,2155.0,769.0,1000.0,1276.0,1415.0,1442.0,1540.0,1677.0,1697.0,2485.5,2388.0,873.5,1115.0,1404.5,1537.0,1549.5,1607.5,1755.0,1757.0,"{""type"":""MultiPoint"",""coordinates"":[]}"
8_0,3,2112.5,1706.0,629.0,787.0,1072.5,1219.0,1234.5,1329.5,1447.5,1503.0,2379.0,1957.0,750.0,950.5,1203.0,1385.5,1518.0,1614.5,1710.5,1726.5,2391.5,2062.0,794.5,1033.0,1347.5,1469.5,1495.0,1578.5,1658.0,1661.0,2577.0,2248.5,912.5,1183.5,1524.5,1670.0,1704.0,1812.5,1894.0,1905.0,1718.0,1458.0,771.0,1015.0,1323.0,1436.0,1463.0,1487.0,1357.0,1442.0,449.0,395.0,757.0,948.0,945.0,1132.0,918.0,928.0,922.0,808.0,398.0,317.0,469.0,679.0,739.0,874.0,922.0,1017.0,1008.0,876.0,483.0,396.0,432.0,679.0,579.0,885.0,998.0,1094.0,1042.0,978.0,1104.0,661.0,303.0,575.0,377.0,881.0,2126.0,2353.0,2572.0,2314.0,1753.0,916.0,233.5,572.0,241.0,922.0,3310.0,4165.0,4293.0,4222.0,1765.0,849.5,104.0,388.5,125.5,730.0,3331.0,4606.5,4808.0,4911.5,2308.0,1904.0,710.0,879.0,1129.0,1289.0,1353.0,1419.0,1519.0,1581.0,1735.0,837.0,146.0,430.0,162.0,838.0,3438.0,4791.0,4895.0,4994.0,1767.0,829.0,130.0,516.0,312.0,1015.0,3530.0,4877.0,5048.0,5182.0,1856.0,922.0,276.0,709.0,465.0,1268.0,3621.0,4906.0,5073.0,5308.0,1970.0,1018.0,446.0,916.0,674.0,1713.0,3658.0,4633.0,4818.0,4967.0,2072.5,1148.0,481.0,977.0,815.0,1797.0,3433.0,4110.5,4457.0,4516.5,2240.0,1342.0,532.5,1041.0,1099.0,2012.5,3222.0,3683.5,3952.5,4148.0,2668.5,1591.0,784.0,1261.5,1416.5,2275.0,3257.5,3658.5,3983.5,4162.5,3028.0,1937.5,908.5,1374.5,1731.5,2543.5,3232.5,3574.0,3955.0,4160.0,4132.0,2864.0,1092.0,1515.0,2205.0,2787.0,3155.0,3478.0,3793.0,3918.0,3910.5,2664.0,1072.5,1474.5,2226.0,2826.0,2989.5,3204.5,3267.0,3724.0,2317.0,1927.5,646.5,826.0,1119.0,1257.5,1315.0,1413.5,1547.5,1588.5,3532.5,2482.0,924.5,1257.0,1847.5,2324.5,2551.0,2687.0,2751.5,3090.5,3343.0,2373.0,921.0,1201.0,1642.5,2037.0,2181.0,2354.5,2445.0,2693.0,3083.5,2319.0,686.0,916.5,1246.0,1480.0,1613.0,1754.0,1850.5,2000.0,3076.0,2385.0,742.5,936.0,1252.0,1462.0,1588.5,1682.0,1823.0,2003.0,1842.0,1318.0,461.0,585.0,867.0,996.0,1059.0,1139.0,1258.0,1245.0,0.0,0.0,0.0,0.0,0.0,0.0,0.0,0.0,0.0,0.0,1677.0,1315.0,507.0,643.0,834.0,979.0,1006.0,1079.0,1169.0,1212.0,1985.0,1617.0,616.0,715.0,895.0,1049.0,1075.0,1188.0,1239.0,1286.0,2393.0,2014.0,727.0,922.0,1137.0,1309.0,1431.0,1460.0,1618.0,1642.0,2267.0,1838.0,1023.0,1126.0,1328.0,1480.0,1624.0,1736.0,1922.0,1915.0,2095.5,1694.5,603.5,753.5,939.5,1085.0,1178.5,1262.5,1373.5,1403.0,2413.0,2041.5,759.5,928.5,1114.5,1272.0,1470.0,1565.5,1681.0,1731.5,2522.0,2042.0,798.0,995.0,1207.0,1370.0,1576.0,1702.0,1834.0,1827.0,"{""type"":""MultiPoint"",""coordinates"":[]}"
9_0,3,1939.0,1592.5,595.0,725.5,981.0,1111.0,1125.0,1215.5,1308.0,1352.5,2256.5,1978.5,906.5,1167.0,1419.0,1527.0,1550.5,1591.5,1703.5,1712.0,2313.5,2005.5,865.5,1122.0,1395.0,1494.0,1514.5,1580.0,1674.5,1686.0,1593.5,1345.5,619.0,826.5,1037.5,1131.5,1149.0,1210.5,1241.5,1287.0,354.0,296.0,777.0,956.0,991.0,1247.0,1114.0,1106.0,1181.0,1025.0,354.0,296.0,757.0,956.0,991.0,1247.0,1114.0,1106.0,1179.0,1025.0,700.0,497.0,495.0,692.0,626.0,1059.0,1372.0,1481.0,1424.0,1361.0,1097.0,691.0,459.0,700.0,469.0,1097.0,2009.0,2244.0,2195.0,2013.0,1306.0,718.0,309.0,613.0,334.0,1059.0,2782.0,3336.0,3376.0,3254.0,1472.0,805.0,257.0,572.5,340.0,1055.5,2624.0,3265.5,3387.5,3403.0,1479.0,737.0,157.0,393.0,213.5,744.5,2667.5,3546.0,3764.5,3758.5,2186.0,1814.0,674.0,821.0,1077.0,1218.0,1258.0,1335.0,1465.0,1519.0,1533.0,768.0,186.0,426.0,207.0,840.0,3033.0,3985.0,4030.0,4212.0,1601.0,775.0,160.0,583.0,269.0,1103.0,3320.0,4258.0,4411.0,4498.0,1675.0,825.0,320.0,808.0,508.0,1452.0,3548.0,4344.0,4510.0,4623.0,1816.0,972.0,505.0,1048.0,809.0,1905.0,3504.0,4014.0,4173.0,4312.0,1980.5,1130.5,576.0,1103.0,1018.0,1978.0,3174.5,3617.0,3932.5,3934.5,2351.5,1430.5,649.5,1144.5,1304.5,2069.0,2988.5,3333.5,3587.5,3737.5,3240.0,2117.5,1020.5,1438.5,1754.5,2406.5,2977.0,3313.0,3658.0,3736.5,3955.5,2702.5,1064.5,1455.0,2075.0,2513.5,2804.0,3108.5,3509.0,3575.0,3512.5,2519.0,868.5,1259.0,1901.5,2211.5,2434.0,2627.0,3006.5,3043.0,2430.0,1868.0,761.0,1039.0,1469.0,1676.0,1772.0,1901.0,1977.0,2074.0,2146.5,1800.5,631.5,818.0,1089.0,1206.5,1223.0,1320.0,1454.0,1460.5,2485.5,1918.0,795.5,1062.0,1501.0,1673.0,1769.5,1905.5,2035.0,2076.0,2395.0,1860.5,855.5,1083.5,1459.5,1624.5,1677.5,1820.0,1966.0,1963.5,2181.0,1749.0,651.0,855.0,1158.0,1277.5,1352.5,1453.5,1604.0,1602.5,2257.0,1822.5,713.0,868.5,1162.0,1304.5,1354.0,1453.0,1577.0,1616.0,1886.0,1426.0,536.0,685.0,927.0,1039.0,1079.0,1163.0,1322.0,1309.0,0.0,0.0,0.0,0.0,0.0,0.0,0.0,0.0,0.0,0.0,1743.0,1422.0,545.0,694.0,884.0,975.0,992.0,1069.0,1153.0,1133.0,1918.0,1621.0,653.0,715.0,889.0,1000.0,1001.0,1088.0,1152.0,1187.0,2293.0,1990.0,760.0,946.0,1184.0,1299.0,1316.0,1373.0,1470.0,1505.0,2290.5,1941.5,792.0,932.5,1166.0,1286.5,1251.5,1349.0,1458.5,1472.0,2193.0,1815.0,742.5,846.0,1064.0,1162.5,1161.5,1249.5,1326.0,1375.0,2010.0,1750.0,713.0,845.0,1051.0,1149.0,1184.0,1255.0,1364.0,1373.0,1995.0,1750.0,713.0,845.0,1051.0,1149.0,1184.0,1255.0,1364.0,1347.0,"{""type"":""MultiPoint"",""coordinates"":[]}"
10_0,3,3619.5,3171.5,1944.5,2008.5,2245.0,2427.5,2510.0,2668.5,2827.5,2887.0,2788.5,2568.0,926.0,1207.5,1559.5,1721.0,1820.5,1953.0,2084.5,2089.0,2944.0,2774.0,933.0,1219.0,1587.0,1771.0,1831.0,1967.0,2071.0,2110.0,751.5,703.0,603.5,818.0,1005.0,1171.5,929.5,979.5,873.0,870.0,691.5,640.0,787.5,977.0,1027.0,1170.5,1013.5,1007.0,932.0,911.5,406.0,344.0,333.0,563.5,472.0,769.5,665.0,730.5,656.0,574.0,721.0,570.0,275.0,554.0,340.0,796.0,1184.0,1296.0,1153.0,1126.0,1472.0,835.0,214.0,631.0,219.0,1042.0,2329.0,2626.0,2596.0,2563.0,1417.0,753.0,180.0,441.0,144.0,733.0,2355.0,3007.0,2804.0,2871.0,1359.0,667.5,67.5,308.0,72.0,585.0,2486.5,3375.0,3370.5,3457.0,1327.5,638.0,44.5,283.5,51.0,557.5,2588.0,3730.0,3671.0,3764.5,4874.5,4292.0,2751.0,2907.0,3240.0,3532.0,3534.0,3626.5,3828.0,3841.5,1403.0,667.5,49.5,297.0,36.0,616.0,2813.0,3967.5,3940.0,4102.5,1511.0,725.0,181.5,727.0,271.0,1251.0,3442.0,4294.0,4388.5,4471.5,1603.0,802.0,592.0,968.0,754.0,1510.0,3377.0,4033.0,4052.0,4262.0,1759.0,1000.0,744.0,1136.0,1029.0,1913.0,3118.0,3529.0,3700.0,3809.0,1943.0,1098.0,701.0,1197.0,1121.0,1946.0,2936.0,3248.0,3523.0,3534.0,4276.0,2944.0,1178.0,1650.0,2186.0,2815.0,3104.0,3381.0,3673.0,3824.0,4630.5,3303.0,1284.0,1756.0,2325.0,2742.0,3122.5,3422.5,3753.5,3947.0,4431.5,3225.0,1172.5,1610.0,2275.0,2651.0,2989.0,3236.0,3598.5,3657.5,3977.0,2917.5,1091.0,1495.5,2057.5,2394.0,2752.0,3012.5,3269.0,3405.5,3688.0,2696.0,954.0,1272.0,1659.0,2035.0,2313.0,2545.0,2680.0,2821.0,3767.5,3077.0,890.5,1173.0,1608.5,1869.0,2007.5,2149.0,2438.5,2447.0,3359.0,2681.0,736.5,997.0,1245.0,1588.5,1884.0,2059.0,2180.0,2345.0,3450.5,2883.0,1846.0,1962.5,2086.0,2351.0,2524.0,2675.0,2789.0,2841.0,3017.5,2494.0,1470.5,1607.5,1713.5,1984.0,2232.5,2385.5,2489.0,2520.5,2928.5,2371.5,691.5,844.5,957.5,1291.0,1634.0,1803.0,1936.5,2004.0,2496.0,1881.0,495.0,683.0,795.0,1176.0,1535.0,1710.0,1906.0,1924.0,0.0,0.0,0.0,0.0,0.0,0.0,0.0,0.0,0.0,0.0,3549.0,2728.0,901.0,1269.0,1686.0,2053.0,2136.0,2333.0,2584.0,2621.0,3447.0,3077.0,1005.0,1301.0,1686.0,2083.0,2241.0,2417.0,2584.0,2703.0,3452.0,3077.0,1011.0,1324.0,1645.0,2051.0,2372.0,2554.0,2807.0,2869.0,3889.0,3068.5,1094.5,1359.5,1652.0,2061.0,2427.0,2643.5,2908.0,2961.0,2389.0,2154.0,802.0,966.0,1200.0,1378.0,1529.0,1670.0,1754.0,1791.0,2354.0,2152.5,673.5,873.5,1171.5,1330.5,1387.5,1488.0,1634.0,1657.5,2319.0,2167.0,668.0,843.0,1143.0,1294.0,1344.0,1424.0,1584.0,1573.0,"{""type"":""MultiPoint"",""coordinates"":[]}"
11_0,3,3084.5,2762.5,2219.0,2208.0,2332.0,2432.5,2467.5,2597.0,2668.5,2659.0,2636.0,2454.0,835.0,1126.0,1494.0,1639.0,1683.0,1760.0,1844.0,1894.0,2345.0,2171.0,599.0,857.0,1193.0,1328.0,1356.0,1446.0,1543.0,1568.0,185.0,187.5,283.5,408.0,378.0,446.5,209.5,240.5,226.5,114.5,179.5,165.0,323.5,462.5,449.0,540.5,397.0,399.0,366.5,310.5,281.5,229.5,272.0,457.0,406.0,617.0,551.5,620.5,571.0,486.5,720.0,605.0,280.0,490.0,383.0,840.0,1057.0,1166.0,1040.0,1028.0,618.0,485.0,249.0,437.0,335.0,694.0,1007.0,1210.0,1165.0,1048.0,1029.0,545.0,157.0,305.0,122.0,513.0,1656.0,2030.0,1938.0,1968.0,1091.5,542.0,47.0,190.0,9.5,387.0,2136.0,3132.5,3124.5,3190.0,1224.0,559.5,35.0,221.0,10.0,402.5,2389.5,3661.0,3688.0,3695.0,2098.5,1876.5,1043.0,1043.5,1160.5,1256.5,1284.0,1350.0,1390.0,1471.5,1364.5,622.5,49.0,266.5,16.5,516.0,2833.0,4237.5,4241.0,4295.0,1484.5,695.0,211.0,700.5,258.5,1215.5,3519.5,4588.0,4695.5,4844.5,1586.0,765.0,535.0,936.0,679.0,1509.0,3522.0,4347.0,4383.0,4582.0,1689.0,927.0,689.0,1160.0,1018.0,1972.0,3260.0,3749.0,3917.0,3998.0,1814.0,1024.0,694.0,1215.0,1121.0,2051.0,3062.0,3379.0,3749.0,3723.0,2335.0,1420.0,754.0,1251.0,1371.0,2229.0,3062.0,3379.0,3557.0,3723.0,4815.5,3421.0,1327.5,1778.0,2530.5,3021.5,3298.0,3667.5,3995.0,4211.5,4625.0,3379.0,1181.5,1654.5,2373.0,2721.5,3029.5,3315.0,3690.5,3747.0,4342.5,3153.0,1067.0,1493.5,2185.0,2552.5,2845.0,3148.5,3573.5,3626.5,3780.0,2981.0,954.0,1294.0,1744.0,2083.0,2285.0,2501.0,2724.0,2825.0,2120.0,1872.0,495.5,667.5,922.5,1055.5,1104.5,1195.5,1348.5,1364.5,3461.0,2787.5,764.0,1025.0,1348.5,1638.5,1852.5,2036.5,2173.0,2339.0,2887.5,2432.0,1219.5,1343.5,1520.0,1757.5,1889.5,2048.0,2128.0,2194.5,3436.0,3005.5,793.5,940.5,1133.5,1422.0,1636.5,1798.5,1970.5,2022.5,3070.5,2645.0,736.0,872.0,1015.0,1293.0,1489.5,1656.5,1789.5,1835.0,2645.0,1883.0,534.0,701.0,918.0,1206.0,1388.0,1503.0,1726.0,1744.0,0.0,0.0,0.0,0.0,0.0,0.0,0.0,0.0,0.0,0.0,1944.0,1649.0,370.0,568.0,819.0,982.0,1023.0,1108.0,1241.0,1283.0,2232.0,1973.0,531.0,674.0,920.0,1121.0,1159.0,1262.0,1352.0,1438.0,2369.0,2065.0,575.0,803.0,1052.0,1249.0,1418.0,1485.0,1596.0,1644.0,2355.0,2012.0,690.5,840.5,1068.0,1259.5,1436.5,1560.5,1694.0,1711.0,2173.0,2001.0,655.0,806.0,1031.0,1174.0,1291.0,1421.0,1479.0,1540.0,2181.0,2073.0,609.0,787.0,1068.0,1177.0,1272.0,1351.0,1457.0,1501.0,2233.5,2092.0,661.0,881.0,1167.5,1300.5,1343.5,1431.5,1566.0,1567.0,"{""type"":""MultiPoint"",""coordinates"":[]}"
12_0,3,1536.0,1295.5,455.0,581.5,765.5,859.0,898.5,961.5,1024.0,1042.0,2138.5,1889.0,752.5,1004.0,1231.5,1345.5,1371.5,1446.5,1529.5,1549.0,2264.5,2036.0,822.5,1073.5,1311.0,1438.5,1470.5,1527.0,1614.5,1604.0,2189.0,1991.0,816.0,1041.0,1269.5,1380.5,1421.5,1483.0,1548.5,1551.0,400.0,375.0,859.0,1134.0,1170.0,1341.0,982.0,1034.0,1021.0,775.0,400.0,375.0,832.0,1167.0,1219.0,1341.0,1050.0,1129.0,1127.0,1015.0,378.0,278.0,679.0,897.0,928.0,1185.0,1124.0,1171.0,1127.0,1015.0,796.0,634.0,627.0,953.0,878.0,1427.0,1526.0,1764.0,1576.0,1450.0,968.0,627.0,564.0,801.0,712.0,1196.0,1841.0,1994.0,1865.0,1871.0,1011.5,614.0,304.5,549.5,422.5,913.0,1843.5,2128.5,1984.0,2033.0,1294.5,698.0,197.5,458.0,240.5,811.5,2395.0,3019.5,3051.0,3055.0,1738.0,1459.0,560.0,706.0,894.0,1007.0,1020.0,1068.0,1154.0,1195.0,1347.0,664.0,174.0,453.0,207.0,819.0,2572.0,3341.0,3372.0,3324.0,1247.0,602.0,63.0,297.0,91.0,640.0,2592.0,3529.0,3520.0,3588.0,1222.0,586.0,71.0,330.0,101.0,631.0,2792.0,3883.0,3944.0,4076.0,1535.0,757.0,317.0,693.0,308.0,1116.0,3485.0,4396.0,4480.0,4506.0,1639.0,808.5,359.5,845.0,399.5,1333.5,3532.0,4321.0,4625.0,4551.5,1624.5,877.0,357.5,871.5,494.5,1570.0,3269.5,3771.0,3926.0,3978.5,1899.0,983.0,741.0,1358.0,1071.0,2131.0,3324.0,3688.0,3900.0,3962.0,2278.5,1371.5,796.5,1491.5,1427.0,2650.5,3518.5,3806.0,4181.0,4241.5,3353.0,2338.0,973.5,1550.5,1911.5,2476.5,2761.0,2974.0,3376.0,3415.0,2676.0,2055.0,763.0,1084.0,1563.0,1802.0,1988.0,2069.0,2156.0,2301.0,1612.0,1349.0,392.0,567.0,781.0,900.0,926.0,993.0,1076.0,1116.0,2662.0,2055.0,748.0,1029.0,1398.0,1691.0,1762.0,1886.0,1999.0,2091.0,2559.0,1988.5,815.0,1049.5,1394.0,1605.5,1689.0,1800.5,1936.5,1991.5,2305.5,1844.5,632.5,807.0,1065.5,1228.0,1301.0,1421.0,1477.5,1553.5,2420.0,1990.0,738.0,864.0,1115.0,1275.0,1356.0,1464.0,1517.0,1619.0,2035.0,1431.0,541.0,665.0,896.0,1008.0,1094.0,1198.0,1318.0,1322.0,0.0,0.0,0.0,0.0,0.0,0.0,0.0,0.0,0.0,0.0,1446.0,1166.0,423.0,584.0,759.0,848.0,868.0,931.0,1031.0,1043.0,1885.0,1726.0,708.0,839.0,999.0,1143.0,1198.0,1265.0,1287.0,1370.0,2082.5,1839.5,772.0,958.0,1177.0,1279.0,1307.0,1380.0,1492.0,1475.5,2168.0,1930.0,874.0,1042.0,1255.0,1338.0,1383.0,1475.0,1584.0,1546.0,1560.0,1341.0,588.0,626.5,754.0,823.5,866.0,970.5,973.5,1080.0,1921.0,1682.0,607.0,811.0,1017.0,1112.0,1146.0,1233.0,1291.0,1314.0,1971.0,1722.5,692.0,873.5,1086.5,1177.5,1212.5,1292.5,1377.0,1366.0,"{""type"":""MultiPoint"",""coordinates"":[]}"
13_0,3,3450.0,2880.0,1043.5,1213.5,1522.5,1697.0,1760.0,1902.5,2131.5,2147.5,2403.0,2260.0,649.0,874.0,1204.0,1305.0,1409.0,1537.0,1539.0,1644.0,2507.0,2387.0,771.0,984.0,1294.0,1501.0,1577.0,1638.0,1666.0,1851.0,2498.0,2367.5,788.5,1027.0,1339.5,1504.0,1611.0,1679.5,1728.5,1823.0,605.0,535.0,830.0,943.0,994.0,1102.0,927.0,881.0,852.0,894.0,605.0,535.0,866.0,943.0,994.0,1102.0,927.0,881.0,852.0,894.0,665.0,547.0,307.0,581.0,392.0,900.0,1030.0,1128.0,1100.0,1218.0,1446.0,981.0,464.0,862.0,681.0,1341.0,2182.0,2244.0,2208.0,2426.0,1085.0,696.0,342.0,661.0,435.0,1089.0,1606.0,1846.0,1727.0,1767.0,1593.0,889.5,186.5,578.5,293.5,1115.0,2846.5,3297.0,3486.5,3566.5,1485.5,773.0,151.5,481.0,242.0,996.5,2823.5,3609.5,3692.5,3701.0,3541.5,3015.0,1562.5,1725.5,2022.0,2155.0,2200.0,2292.0,2448.0,2524.0,1440.0,749.5,111.0,342.0,151.0,768.0,2522.5,3501.0,3621.5,3663.0,1299.0,715.0,73.0,267.5,114.0,593.0,2244.5,3289.0,3358.0,3447.0,1241.0,691.0,418.0,626.0,457.0,908.0,2288.0,3284.0,3386.0,3464.0,1394.0,753.0,560.0,824.0,570.0,1327.0,2720.0,3462.0,3645.0,3720.0,1391.0,768.0,442.0,779.0,570.0,1317.0,2607.0,3205.0,3501.0,3436.0,1585.0,914.0,352.0,762.0,652.0,1408.0,2632.0,3066.0,3340.0,3360.0,2303.5,1352.5,658.0,1188.5,1205.5,2040.5,2896.5,3249.5,3590.5,3628.0,2669.5,1721.0,1066.0,1557.0,1767.5,2362.5,2979.5,3266.5,3643.0,3713.0,3790.0,2904.0,1247.0,1702.0,2323.0,2632.0,2979.0,3088.0,3488.0,3649.0,3962.5,2801.0,1397.5,1874.0,2696.5,3033.0,3081.0,3352.5,3745.0,3775.0,3649.5,3031.0,868.5,1109.0,1529.0,1683.5,1743.0,1882.5,2162.0,2186.0,4268.0,3109.0,1210.5,1614.5,2226.0,2576.5,2686.0,2858.5,3140.0,3268.5,5007.5,4240.5,3129.5,3304.5,3687.5,3990.5,4040.0,4095.5,4337.5,4359.0,3910.0,3201.5,1109.5,1340.0,1735.5,1994.0,2051.5,2210.0,2439.5,2476.5,3717.5,3019.5,1063.5,1264.5,1623.5,1910.0,1970.5,2089.5,2280.0,2372.5,3072.5,2377.5,833.5,1068.0,1440.0,1598.5,1732.0,1918.0,2107.0,2109.0,0.0,0.0,0.0,0.0,0.0,0.0,0.0,0.0,0.0,0.0,3903.0,3156.0,1035.0,1371.0,1853.0,2101.0,2230.0,2353.0,2541.0,2696.0,4143.0,3427.0,1278.0,1528.0,1853.0,2101.0,2238.0,2416.0,2578.0,2696.0,3708.0,3026.0,1105.0,1448.0,1712.0,1955.0,2193.0,2406.0,2578.0,2581.0,2176.5,1908.0,579.5,723.5,999.5,1170.0,1168.0,1327.5,1320.0,1367.0,2168.0,1884.0,556.0,687.0,990.0,1145.0,1107.0,1252.0,1227.0,1236.0,2207.5,2061.0,570.5,766.0,1044.5,1251.0,1221.0,1341.0,1381.5,1482.5,2228.5,2074.0,589.5,793.5,1073.5,1281.5,1287.0,1397.0,1427.0,1536.0,"{""type"":""MultiPoint"",""coordinates"":[]}"
14_0,3,1644.5,1376.0,551.5,688.0,897.5,1020.5,993.0,1100.0,1149.5,1194.5,2423.5,2127.0,1030.0,1304.0,1538.0,1660.0,1686.0,1751.5,1863.5,1845.5,2437.5,2137.0,923.0,1186.5,1425.0,1554.0,1593.5,1671.5,1746.5,1752.0,2504.0,2203.0,977.5,1255.5,1516.5,1645.5,1672.0,1741.5,1809.5,1816.0,301.0,258.0,840.0,1111.0,1125.0,1212.0,861.0,877.0,861.0,671.0,301.0,258.0,840.0,1111.0,1125.0,1212.0,861.0,882.0,861.0,701.0,347.0,281.0,603.0,934.0,949.0,1182.0,972.0,1065.0,1007.0,838.0,546.0,407.0,586.0,842.0,720.0,1286.0,1244.0,1354.0,1289.0,1131.0,657.0,479.0,497.0,801.0,694.0,1265.0,1636.0,1765.0,1742.0,1574.0,792.0,502.5,329.0,566.5,425.0,985.5,1749.5,2021.5,1885.5,1756.5,1127.0,641.5,306.0,546.0,379.5,967.0,2327.5,2817.5,2727.0,2579.0,1876.0,1609.0,685.5,835.0,1041.0,1164.0,1182.5,1228.0,1317.5,1338.0,1436.0,723.0,366.0,635.0,425.0,1034.0,2783.0,3316.0,3336.0,3294.0,1261.0,640.0,227.0,522.0,335.0,923.0,2598.0,3266.0,3152.0,3140.0,1239.0,619.0,227.0,513.0,278.0,868.0,2711.0,3411.0,3369.0,3480.0,1362.0,683.0,351.0,703.0,367.0,1098.0,3024.0,3654.0,3684.0,3710.0,1584.0,833.0,389.0,909.0,492.0,1498.0,3300.0,3829.0,3920.0,3969.0,1662.5,916.5,425.5,979.5,585.5,1683.5,3094.0,3442.5,3542.0,3635.0,1976.0,1072.0,726.0,1274.0,1134.0,2118.0,2891.0,3157.0,3370.0,3447.0,2247.0,1386.5,667.5,1245.0,1245.5,2171.0,2855.0,3097.0,3341.5,3421.5,2984.0,2025.5,899.5,1376.5,1728.0,2353.5,2804.5,3040.0,3351.5,3372.0,2924.0,2043.0,886.0,1238.0,1765.0,2061.0,2178.0,2359.0,2486.0,2607.0,1742.0,1462.0,488.0,687.0,905.0,1004.0,1062.0,1094.0,1185.0,1202.0,3145.0,2313.0,886.0,1238.0,1765.0,2061.0,2178.0,2359.0,2486.0,2607.0,2980.5,2281.5,870.0,1137.0,1563.5,1792.5,1897.0,2060.0,2239.5,2264.0,2671.0,2103.0,661.5,885.5,1200.0,1376.5,1460.0,1582.5,1777.0,1777.0,2891.0,2338.0,766.0,950.0,1261.0,1450.0,1512.0,1680.0,1800.0,1858.0,2207.0,1601.0,498.0,650.0,877.0,1003.0,1102.0,1212.0,1379.0,1378.0,999.0,878.0,878.0,863.0,844.0,884.0,928.0,985.0,1097.0,1033.0,1591.0,1341.0,483.0,663.0,837.0,912.0,958.0,1010.0,1092.0,1090.0,1764.0,1539.0,610.0,777.0,928.0,1014.0,1061.0,1096.0,1169.0,1190.0,2137.0,1881.0,721.0,960.0,1148.0,1260.0,1292.0,1360.0,1447.0,1471.0,2302.0,2071.0,918.0,1106.0,1318.0,1421.0,1467.0,1522.0,1649.0,1628.0,1797.0,1541.0,533.0,663.0,868.0,967.0,971.0,1004.0,1073.0,1121.0,1932.0,1651.0,685.0,828.0,1023.0,1108.0,1133.0,1207.0,1272.0,1317.0,2170.0,1924.5,809.0,999.5,1219.0,1334.5,1364.0,1439.0,1530.5,1530.5,"{""type"":""MultiPoint"",""coordinates"":[]}"
15_0,3,137.5,127.0,181.0,261.0,343.0,426.5,265.5,281.0,262.0,190.0,1864.5,1572.5,671.0,867.5,1029.0,1125.0,1164.5,1258.5,1321.5,1343.0,1981.5,1681.0,725.0,927.5,1106.0,1201.0,1237.0,1313.0,1381.5,1404.0,2204.0,1920.5,939.0,1170.0,1363.5,1467.5,1476.0,1552.5,1608.0,1637.0,2062.0,1843.0,1129.0,1364.0,1573.0,1670.0,1679.0,1734.0,1819.0,1694.0,1580.0,1581.0,1251.0,1489.0,1654.0,1804.0,1710.0,1767.0,1814.0,1694.0,296.0,251.0,703.0,955.0,927.0,1060.0,860.0,918.0,893.0,734.0,401.0,301.0,708.0,948.0,909.0,1244.0,1133.0,1205.0,1140.0,974.0,452.0,358.0,480.0,730.0,646.0,1187.0,1105.0,1198.0,1140.0,965.0,549.5,364.5,254.0,503.5,345.0,930.0,1632.5,1828.5,1666.5,1650.0,701.0,435.5,217.0,408.0,251.0,740.0,1668.0,2028.5,1809.0,1750.5,301.5,265.0,378.0,503.5,578.0,670.0,468.0,495.0,489.5,413.0,1260.0,663.0,214.0,374.0,229.0,674.0,2270.0,2912.0,2860.0,2863.0,1349.0,669.0,111.0,319.0,143.0,652.0,2648.0,3636.0,3677.0,3650.0,1413.0,699.0,127.0,388.0,182.0,726.0,2788.0,4038.0,4024.0,4135.0,1587.0,783.0,386.0,771.0,458.0,1307.0,3327.0,4058.0,4222.0,4269.0,1591.0,813.0,403.0,855.0,597.0,1492.0,3175.0,3776.0,4122.0,4031.0,1823.0,1017.0,466.0,952.5,828.5,1776.0,3063.0,3504.5,3759.5,3824.5,2563.0,1618.0,1061.0,1434.0,1438.0,2136.0,2885.0,3269.0,3516.0,3542.0,3432.5,2491.0,1028.0,1415.5,1939.0,2354.5,2575.0,2796.0,3045.0,3175.0,3514.5,2494.5,1010.5,1397.5,1983.0,2357.0,2547.0,2769.0,3021.5,3128.0,3327.0,2463.0,917.0,1315.0,1894.0,2299.0,2313.0,2626.0,2726.0,2817.0,187.0,157.0,312.0,370.0,453.0,520.0,401.0,385.0,416.0,331.0,3444.0,2665.0,917.0,1315.0,1894.0,2299.0,2313.0,2597.0,2726.0,2817.0,3331.0,2566.0,928.0,1212.0,1678.0,1959.5,2107.5,2240.5,2389.0,2517.0,2585.0,2092.0,708.5,906.0,1239.0,1404.0,1439.0,1583.5,1785.0,1760.0,400.0,352.0,368.0,451.0,567.0,690.0,555.0,592.0,625.0,550.0,143.0,123.0,116.0,153.0,207.0,286.0,172.0,196.0,226.0,201.0,0.0,0.0,0.0,0.0,0.0,0.0,0.0,0.0,0.0,0.0,142.0,134.0,165.0,285.0,348.0,414.0,248.0,296.0,254.0,171.0,142.0,136.0,186.0,246.0,320.0,428.0,264.0,310.0,279.0,261.0,783.0,553.0,403.0,580.0,731.0,879.0,946.0,1066.0,1182.0,1213.0,741.0,470.0,420.0,595.0,750.0,966.0,957.0,1045.0,1154.0,1180.0,1986.0,1255.0,609.0,854.0,1029.0,1359.0,1354.0,1483.0,1540.0,1612.0,3684.0,2947.0,1350.0,1704.0,2034.0,2196.0,2297.0,2452.0,2633.0,2654.0,3940.5,3212.0,1546.5,1855.0,2186.0,2390.0,2497.5,2638.0,2825.0,2830.0,"{""type"":""MultiPoint"",""coordinates"":[]}"
16_0,3,1452.0,1225.5,765.5,779.0,879.0,1016.0,1048.5,1117.0,1204.0,1216.5,2488.0,2344.0,939.0,1193.0,1496.0,1629.0,1571.0,1666.0,1777.0,1776.0,2434.0,2370.0,905.0,1124.0,1422.0,1545.0,1563.0,1657.0,1741.0,1749.0,1125.0,1086.5,438.0,614.5,759.5,852.5,812.5,875.5,901.5,864.0,581.5,542.0,648.5,856.5,872.0,966.5,806.0,791.0,742.0,685.0,512.5,348.0,371.0,591.0,509.0,784.5,870.0,972.5,990.0,875.5,684.0,526.0,347.0,589.0,470.0,824.0,1075.0,1174.0,1191.0,1097.0,1165.0,669.0,214.0,516.0,295.0,754.0,1915.0,2176.0,2179.0,2207.0,1135.0,637.0,73.0,281.0,123.0,504.0,2028.0,3017.0,2859.0,2906.0,1263.0,610.5,44.0,217.5,38.0,371.5,2466.5,3939.0,3824.5,3940.0,1266.5,606.5,43.0,231.0,41.5,385.5,2590.5,4275.0,4289.5,4338.0,1850.0,1570.0,1066.5,1090.5,1163.5,1282.5,1430.5,1477.0,1611.5,1529.5,1320.0,634.5,50.5,245.5,39.5,442.5,2764.5,4476.5,4510.0,4687.5,1396.5,670.5,175.0,503.0,183.0,891.5,3320.0,4783.0,4885.0,4981.0,1496.0,729.0,540.0,936.0,656.0,1444.0,3452.0,4600.0,4679.0,4876.0,1628.0,861.0,740.0,1182.0,1011.0,1904.0,3371.0,3834.0,4033.0,4159.0,1628.0,905.0,641.0,1182.0,1027.0,1933.0,3110.0,3538.0,3816.0,3847.0,2057.0,1216.0,657.0,1208.0,1385.0,2241.0,3029.0,3307.0,3538.0,3633.0,4573.5,3194.5,1300.0,1812.0,2466.5,3159.0,3458.5,3725.0,4035.5,4174.0,4662.0,3406.0,1261.0,1762.0,2620.0,3005.0,3156.0,3382.0,3609.0,3640.0,4228.0,3185.0,1203.0,1591.0,2363.0,2709.0,2906.0,3136.0,3533.0,3552.0,3340.5,2533.5,1126.5,1369.0,1875.5,2228.0,2342.0,2536.0,2762.0,2907.5,1683.0,1361.0,378.0,602.0,781.0,963.0,1085.0,1192.0,1310.0,1311.0,3860.0,2995.5,911.5,1194.5,1640.0,1962.5,2073.0,2263.5,2395.5,2567.5,2910.0,2607.5,880.5,1025.5,1265.0,1476.0,1580.0,1711.5,1834.5,1890.5,3497.0,3365.5,1976.0,2004.0,2087.0,2353.0,2555.0,2671.5,2843.0,2751.0,2344.5,2392.0,616.5,721.5,872.5,1033.5,1157.5,1286.0,1373.5,1404.0,1587.5,1374.0,362.5,521.0,695.0,840.0,994.5,1113.0,1235.0,1245.5,0.0,0.0,0.0,0.0,0.0,0.0,0.0,0.0,0.0,0.0,1482.0,1122.0,290.0,487.0,656.0,887.0,965.0,1063.0,1239.0,1197.0,1841.0,1529.0,403.0,615.0,767.0,1039.0,1190.0,1354.0,1419.0,1414.0,1833.5,1427.5,469.5,688.0,819.5,1091.0,1390.0,1483.5,1640.0,1626.5,1837.0,1516.5,566.5,693.5,863.0,1055.0,1236.0,1316.5,1473.5,1455.0,1885.0,1612.0,548.0,658.0,890.0,1022.0,1061.0,1130.0,1254.0,1254.0,1935.0,1743.0,615.0,767.0,993.5,1107.0,1181.0,1245.5,1371.5,1345.5,2428.5,2327.5,849.5,1101.5,1408.0,1523.5,1507.0,1598.5,1709.5,1720.0,"{""type"":""MultiPoint"",""coordinates"":[]}"
17_0,3,3110.5,2292.0,1131.0,1190.0,1447.0,1635.0,1773.0,1909.0,2222.5,2236.0,2284.0,2138.0,652.0,849.0,1172.0,1275.0,1296.0,1410.0,1516.0,1553.0,2390.0,2259.0,753.0,920.0,1248.0,1368.0,1395.0,1505.0,1597.0,1622.0,2613.5,2433.5,848.0,1109.5,1447.5,1596.0,1613.5,1747.0,1830.5,1880.0,628.0,548.0,763.0,967.0,1000.0,1073.0,863.0,891.0,931.0,757.0,628.0,548.0,941.0,967.0,1000.0,1073.0,863.0,891.0,931.0,757.0,552.0,416.0,272.0,591.0,343.0,828.0,940.0,987.0,948.0,905.0,1994.0,1185.0,302.0,690.0,404.0,1032.0,2461.0,2738.0,2758.0,2776.0,1401.0,814.0,260.0,544.0,361.0,906.0,2088.0,2548.0,2424.0,2436.0,1279.0,671.0,105.5,336.5,93.5,593.0,2414.5,3286.0,3238.0,3287.5,1323.5,623.0,75.0,296.5,74.0,507.5,2530.0,3730.5,3692.5,3740.0,3586.0,2869.0,1675.0,1781.5,2043.5,2207.5,2342.0,2493.0,2686.0,2714.5,1292.0,585.5,52.5,193.5,27.0,366.0,2404.0,3989.5,3996.0,4146.5,1139.5,516.0,38.0,158.0,2.5,313.0,2401.5,4065.5,4222.0,4292.5,1090.0,503.0,422.0,620.0,423.0,818.0,2548.0,3849.0,3923.0,4130.0,1276.0,620.0,520.0,854.0,541.0,1229.0,3011.0,3995.0,4202.0,4242.0,1266.0,625.0,434.0,801.0,541.0,1258.0,3011.0,3841.0,4052.0,4080.0,1369.0,744.0,338.0,775.0,673.0,1415.0,2867.0,3382.0,3638.0,3711.0,2184.5,1251.5,792.0,1361.5,1488.0,2374.0,3219.0,3618.0,3942.0,4045.5,2929.5,1858.5,1169.0,1677.0,2101.5,2774.0,3301.5,3648.0,4049.0,4135.0,3730.0,2823.0,980.0,1361.0,2154.0,2471.0,2673.0,2990.0,3396.0,3478.0,3753.0,2515.5,1026.0,1471.0,2245.0,2651.0,2741.0,3069.0,3326.0,3539.0,3600.0,2783.5,823.0,1087.5,1516.5,1743.0,1855.5,2068.0,2338.5,2374.0,4042.0,2835.5,974.5,1357.0,1997.5,2373.5,2506.5,2750.5,2982.0,3197.5,4507.0,3653.0,2398.5,2636.5,3065.0,3407.5,3482.0,3707.0,3835.5,3970.0,3434.0,2595.0,886.5,1087.0,1486.0,1741.5,1853.0,2042.5,2237.0,2366.0,3357.0,2516.0,885.0,1069.0,1437.5,1682.5,1821.5,1993.5,2191.5,2321.5,2749.5,1970.0,640.0,845.5,1201.0,1423.0,1577.0,1701.5,1974.0,2022.5,0.0,0.0,0.0,0.0,0.0,0.0,0.0,0.0,0.0,0.0,3722.0,2779.0,908.0,1193.0,1685.0,1973.0,2064.0,2244.0,2537.0,2623.0,3837.5,2800.0,1066.0,1357.0,1765.0,2078.5,2117.0,2348.5,2734.5,2647.5,3706.5,2843.0,970.5,1226.5,1596.0,1876.0,2063.0,2249.5,2548.5,2591.5,1832.0,1641.5,516.5,647.5,887.5,995.5,1012.0,1081.0,1198.5,1223.0,2006.0,1781.0,555.0,687.0,984.0,1103.0,1064.0,1124.0,1258.0,1292.0,1950.0,1821.0,619.0,664.0,925.0,1016.0,1049.0,1120.0,1221.0,1263.0,2088.0,1950.5,590.5,774.5,1045.0,1161.0,1196.5,1277.0,1387.5,1406.5,"{""type"":""MultiPoint"",""coordinates"":[]}"
18_0,3,1788.5,1485.0,611.0,712.5,942.5,1065.5,1050.5,1150.5,1245.5,1281.5,1978.0,1681.0,728.0,935.0,1146.0,1231.0,1270.0,1332.5,1418.5,1426.5,2181.0,1858.5,900.0,1116.0,1338.0,1426.0,1417.5,1479.5,1562.5,1589.0,2440.0,2134.0,1074.0,1322.0,1570.5,1643.0,1693.0,1754.5,1841.0,1842.5,1182.0,1092.0,878.0,1083.0,1308.0,1384.0,1389.0,1497.0,1546.0,1535.0,412.0,384.0,791.0,1023.0,987.0,1202.0,1075.0,1091.0,1077.0,954.0,334.0,276.0,530.0,777.0,802.0,1009.0,972.0,990.0,978.0,873.0,508.0,382.0,530.0,777.0,742.0,1008.0,1104.0,1177.0,1040.0,1044.0,673.0,518.0,407.0,644.0,550.0,941.0,1112.0,1233.0,1092.0,1171.0,1318.0,745.5,251.5,541.0,283.0,864.0,2376.0,2905.0,2691.5,2739.5,1597.0,810.5,150.5,401.0,157.0,764.5,2892.0,3952.5,3974.0,4015.0,1985.0,1689.0,664.0,811.0,1033.0,1158.0,1175.0,1259.0,1343.0,1359.0,1687.0,833.0,178.0,421.0,171.0,750.0,3173.0,4442.0,4513.0,4488.0,1702.0,831.0,115.0,417.0,174.0,840.0,3284.0,4644.0,4741.0,4706.0,1760.0,856.0,194.0,571.0,309.0,1105.0,3429.0,4675.0,4840.0,4970.0,1784.0,909.0,434.0,930.0,602.0,1682.0,3469.0,4279.0,4426.0,4430.0,1818.5,1027.5,473.5,966.5,743.5,1756.0,3228.0,3757.5,4157.5,4061.0,2062.5,1233.0,532.0,1015.0,1038.0,1934.5,3029.0,3382.5,3718.5,3773.0,2496.0,1534.0,800.5,1313.0,1520.0,2240.5,3010.0,3368.0,3708.5,3750.0,2865.5,1876.0,914.0,1406.5,1826.5,2473.5,2985.0,3308.0,3724.0,3763.0,3951.0,2688.0,1071.0,1493.0,2171.0,2558.0,2891.0,3137.0,3635.0,3610.0,3894.0,2678.5,1037.0,1445.5,2244.5,2582.5,2811.0,3021.0,3379.5,3444.5,1978.5,1682.0,628.5,767.5,1015.0,1116.0,1154.0,1211.0,1350.0,1386.0,3642.0,2561.0,930.0,1287.5,1857.0,2175.0,2363.0,2485.0,2779.5,2875.0,3370.0,2434.0,980.5,1272.5,1801.5,2067.5,2128.0,2347.5,2655.0,2625.5,3064.0,2382.5,743.0,955.5,1307.5,1564.0,1620.0,1838.5,1928.0,1973.0,3103.5,2475.5,768.5,939.0,1266.5,1546.5,1554.0,1751.5,1840.0,1966.5,1386.0,1171.0,393.0,491.0,685.0,736.0,755.0,832.0,946.0,914.0,0.0,0.0,0.0,0.0,0.0,0.0,0.0,0.0,0.0,0.0,1413.0,1093.0,470.0,600.0,755.0,847.0,863.0,908.0,1014.0,1022.0,1651.0,1347.0,561.0,683.0,829.0,930.0,930.0,972.0,1048.0,1051.0,2198.0,1822.0,826.0,1002.0,1212.0,1314.0,1348.0,1392.0,1499.0,1520.0,2140.0,1776.0,878.5,982.0,1190.5,1288.5,1265.5,1302.0,1433.0,1435.0,1755.0,1449.0,729.0,776.5,938.5,991.0,937.0,967.5,1166.5,1112.0,2128.5,1845.5,810.5,963.5,1132.0,1240.5,1306.0,1412.0,1505.0,1488.5,2223.0,1897.0,863.0,1057.0,1234.0,1363.0,1418.0,1499.0,1604.0,1638.0,"{""type"":""MultiPoint"",""coordinates"":[]}"
19_0,3,1958.5,1643.0,614.5,754.5,997.0,1141.0,1180.0,1251.5,1368.0,1369.5,2574.0,2178.5,1021.5,1325.5,1616.0,1768.5,1838.5,1908.5,2014.5,2017.5,2593.5,2173.5,961.0,1247.0,1555.0,1707.5,1755.0,1825.0,1927.0,1978.5,2512.0,2133.0,965.0,1225.0,1514.0,1668.0,1714.0,1789.0,1858.0,1906.5,572.5,597.0,770.5,1015.0,1037.0,1258.5,1037.5,1071.5,1059.5,939.5,302.5,236.5,584.5,807.5,872.0,1150.5,972.5,1061.0,1022.0,922.0,404.5,310.0,559.5,846.5,869.0,1151.0,1059.5,1173.5,1111.5,1027.0,842.5,602.0,553.0,832.0,765.0,1140.0,1580.5,1610.0,1437.5,1486.0,1303.5,739.5,371.0,669.5,509.0,1100.0,2229.5,2577.0,2442.5,2591.5,1667.5,950.0,367.5,696.0,581.0,1292.0,2647.0,3175.5,3195.0,3371.0,1642.5,924.5,365.0,668.5,557.0,1263.5,2582.0,3077.5,3130.0,3266.5,2210.0,1890.5,672.5,894.0,1117.5,1242.0,1351.5,1417.0,1456.0,1551.5,1616.5,899.5,336.5,671.5,537.5,1239.0,2617.5,3170.0,3129.5,3301.0,1452.0,784.0,281.0,599.5,470.5,1149.5,2678.5,3157.0,3159.5,3417.5,1377.0,775.0,304.0,601.0,426.5,1048.0,2716.0,3182.0,3137.5,3359.0,1634.0,849.0,475.5,863.5,540.5,1432.0,2998.0,3436.5,3510.5,3617.5,1653.0,885.5,446.5,923.0,631.5,1554.0,2787.5,3136.0,3340.0,3418.5,1754.0,1017.0,486.0,998.0,813.0,1760.0,2725.0,2977.0,3099.0,3245.0,2138.5,1211.0,681.5,1214.5,1166.0,2081.0,2845.5,3102.5,3317.0,3402.0,2501.0,1511.5,699.0,1241.5,1403.0,2263.0,2815.0,3064.0,3317.0,3453.0,3585.5,2444.0,947.0,1413.0,1839.5,2350.5,2566.5,2870.5,3126.0,3273.5,1909.5,1439.5,676.5,777.5,1083.5,1315.5,1364.5,1449.5,1498.0,1590.5,2072.5,1752.0,559.5,782.0,1043.5,1217.0,1241.0,1338.5,1448.5,1429.0,2013.0,1564.0,642.0,864.0,1123.0,1332.5,1398.5,1502.0,1527.0,1616.5,2355.0,1847.0,940.5,1099.0,1351.5,1541.5,1638.5,1708.5,1805.5,1879.0,2010.0,1653.0,601.5,768.0,978.0,1129.5,1193.5,1264.0,1368.0,1379.0,2166.5,1852.0,681.5,843.0,1069.5,1211.5,1292.5,1382.5,1427.0,1497.5,1789.5,1484.0,470.0,598.5,799.5,916.5,929.0,1053.5,1153.5,1155.5,0.0,0.0,0.0,0.0,0.0,0.0,0.0,0.0,0.0,0.0,1618.0,1268.0,459.5,627.5,809.5,949.0,1022.0,1094.5,1170.0,1184.5,2018.0,1671.5,643.5,804.0,987.5,1133.5,1186.5,1283.0,1325.0,1366.0,2399.0,1966.5,829.0,1042.0,1283.5,1475.5,1526.5,1604.0,1715.5,1718.5,2432.5,2022.0,862.0,1075.5,1309.5,1451.5,1526.5,1646.5,1743.0,1750.5,2305.0,1878.5,820.5,962.5,1169.0,1302.0,1390.5,1480.5,1591.0,1589.0,2009.5,1669.5,610.0,782.5,997.0,1102.5,1166.5,1264.0,1367.0,1363.5,2337.5,2014.5,840.0,1104.0,1361.5,1500.0,1545.0,1628.0,1739.0,1746.0,"{""type"":""MultiPoint"",""coordinates"":[]}"
20_0,3,1861.0,1554.5,514.0,666.0,914.0,1032.5,1083.5,1149.0,1228.5,1261.0,2561.0,2180.5,969.5,1284.5,1598.0,1739.0,1789.0,1850.0,1956.5,1962.5,2598.0,2173.0,916.5,1209.0,1538.0,1695.0,1724.0,1795.0,1888.5,1906.5,2474.5,2139.0,873.5,1134.0,1434.0,1593.0,1618.0,1694.5,1762.5,1808.0,338.0,305.0,575.0,756.5,923.5,1123.5,971.5,1025.0,1005.5,853.0,255.5,216.0,585.5,839.5,875.0,1161.0,971.5,1025.0,1005.5,892.0,364.0,256.0,585.0,851.5,833.0,1198.0,1199.5,1279.0,1189.5,1121.5,726.0,573.5,524.0,835.5,681.0,1163.5,1635.0,1754.0,1692.5,1541.5,1355.0,717.5,301.0,661.5,340.5,1118.5,2920.0,3389.0,3445.0,3375.0,1606.0,862.5,237.5,642.0,416.5,1265.0,3129.0,3757.0,4016.0,4104.0,1796.0,965.5,273.5,665.0,479.0,1288.0,3004.5,3644.0,3878.0,3994.0,2182.0,1804.5,583.0,814.0,1068.0,1210.0,1260.5,1293.5,1394.5,1464.0,1722.0,934.5,266.5,666.0,442.5,1263.0,2980.0,3566.5,3749.0,3913.5,1555.0,814.0,224.0,586.5,392.0,1141.5,2857.0,3471.5,3745.0,3842.5,1545.0,814.0,256.0,632.0,360.0,1090.0,2908.0,3420.0,3552.0,3703.5,1813.5,954.5,473.0,935.0,539.5,1573.0,3234.5,3676.5,3869.0,3895.5,1820.0,974.5,446.5,989.5,629.5,1595.0,2927.5,3344.0,3724.0,3660.0,1921.0,1096.0,487.0,1085.0,862.0,1913.0,2907.0,3153.0,3442.0,3545.0,2187.0,1254.0,753.5,1349.0,1253.0,2252.5,2984.5,3267.0,3602.0,3685.0,2472.5,1547.5,750.0,1288.5,1454.0,2298.5,2770.0,3077.5,3514.5,3568.5,3771.5,2513.0,895.0,1354.0,1926.0,2397.5,2752.5,3056.0,3513.0,3568.5,2021.5,1541.5,575.5,848.5,1192.5,1384.5,1426.5,1532.5,1628.0,1703.5,1995.0,1684.0,484.5,725.5,988.0,1096.0,1183.5,1197.5,1333.5,1377.0,2180.0,1752.5,660.0,923.5,1265.0,1463.0,1501.0,1609.5,1677.5,1769.0,2221.5,1751.0,802.5,988.0,1290.0,1471.0,1493.0,1614.0,1697.5,1765.5,2077.5,1710.5,618.5,820.0,1071.0,1201.5,1241.0,1333.5,1483.0,1485.5,2258.0,1752.5,734.0,915.0,1178.5,1308.5,1368.0,1492.5,1541.0,1588.5,1840.5,1532.0,517.0,628.0,880.0,972.5,1016.5,1106.5,1241.5,1244.5,0.0,0.0,0.0,0.0,0.0,0.0,0.0,0.0,0.0,0.0,1667.5,1336.0,435.0,614.5,807.5,924.5,989.0,1035.5,1148.5,1144.5,2208.0,1896.0,840.5,975.5,1158.0,1324.0,1400.5,1474.5,1518.0,1565.5,2302.5,1938.5,722.0,936.0,1199.5,1323.5,1392.0,1442.0,1538.0,1567.5,2281.5,1924.0,733.0,921.5,1165.0,1306.5,1316.0,1421.0,1513.0,1541.5,2125.0,1757.0,753.0,856.0,1053.0,1167.5,1162.0,1255.0,1383.0,1385.0,2122.5,1812.5,620.5,838.5,1097.5,1205.5,1256.0,1341.5,1402.5,1443.0,2335.5,2009.0,792.0,1061.0,1361.5,1508.0,1543.5,1614.0,1728.0,1739.5,"{""type"":""MultiPoint"",""coordinates"":[]}"
21_0,3,3185.0,2495.5,997.0,1111.5,1408.5,1590.0,1707.5,1869.5,2067.5,2110.5,2097.0,1956.0,640.0,873.0,1155.0,1273.0,1324.0,1416.0,1501.0,1501.0,2179.0,2070.0,736.0,924.0,1200.0,1340.0,1347.0,1439.0,1507.0,1563.0,2093.0,1995.5,723.5,954.0,1219.0,1340.0,1349.0,1416.5,1500.0,1516.5,519.0,457.0,786.0,867.0,914.0,1068.0,957.0,1002.0,1004.0,894.0,437.0,330.0,380.0,646.0,536.0,807.0,874.0,950.0,974.0,894.0,658.0,485.0,398.0,652.0,537.0,946.0,1282.0,1341.0,1294.0,1262.0,1828.0,1170.0,398.0,652.0,537.0,956.0,2015.0,2224.0,2318.0,2332.0,959.0,541.0,211.0,428.0,288.0,682.0,1483.0,1883.0,1869.0,1807.0,924.5,484.5,101.5,264.0,120.5,468.0,1604.5,2076.0,2103.0,2017.0,1154.0,561.0,73.0,254.5,66.0,447.0,2168.5,3187.0,3327.0,3263.5,3397.5,2849.5,1056.0,1075.5,1278.0,1486.0,1556.5,1677.0,1923.5,1961.0,1213.0,555.0,55.0,232.5,46.0,438.5,2423.5,3779.0,3863.5,3849.0,1009.5,468.5,42.0,204.0,18.5,420.5,2394.0,3716.0,3757.0,3720.0,1127.0,520.0,474.0,761.0,498.0,1062.0,2821.0,3719.0,3841.0,3889.0,1269.0,642.0,600.0,975.0,716.0,1509.0,3124.0,3762.0,3900.0,3965.0,1269.0,689.0,520.0,946.0,731.0,1530.0,2840.0,3309.0,3514.0,3554.0,1589.0,920.0,481.0,956.0,1030.0,1785.0,2656.0,2972.0,3170.0,3295.0,4339.5,2968.0,1226.5,1676.5,2338.5,2936.5,3205.0,3522.5,3847.5,3965.5,4565.0,3267.5,1279.0,1782.0,2545.5,3007.0,3265.0,3572.5,3931.0,4031.5,4298.0,2999.0,1153.0,1609.0,2422.0,2797.0,2972.0,3207.0,3605.0,3704.0,4329.0,3191.5,1174.5,1600.0,2317.0,2758.0,2936.0,3166.5,3347.0,3624.5,3501.5,2863.5,752.0,987.0,1360.5,1565.5,1608.0,1739.0,1984.5,2040.0,3735.0,2926.0,926.0,1239.0,1706.0,1991.0,2139.5,2270.0,2437.0,2625.0,3322.0,2665.0,1515.5,1686.0,1966.0,2174.0,2288.5,2419.5,2554.0,2629.5,3361.5,2822.0,866.0,1001.0,1273.5,1481.0,1559.0,1721.5,1855.0,1949.5,3235.0,2737.5,840.0,973.5,1237.5,1446.5,1536.5,1702.5,1801.0,1908.0,2457.5,1915.5,573.0,768.5,1042.5,1243.5,1363.0,1468.5,1660.0,1688.0,0.0,0.0,0.0,0.0,0.0,0.0,0.0,0.0,0.0,0.0,3752.0,2978.0,875.0,1179.0,1677.0,1919.0,1987.0,2143.0,2316.0,2408.0,3934.0,3303.0,1239.0,1452.0,1696.0,1971.0,2014.0,2225.0,2355.0,2478.0,3648.0,3012.0,1007.0,1294.0,1641.0,1857.0,2014.0,2203.0,2355.0,2403.0,2376.5,1974.0,1040.5,1148.0,1345.0,1467.5,1482.0,1621.5,1865.0,1670.5,2012.0,1863.0,702.0,853.0,1075.0,1194.0,1243.0,1339.0,1438.0,1468.0,1857.5,1759.5,539.0,706.5,955.5,1043.0,1070.0,1139.5,1257.0,1235.5,1922.5,1801.5,587.0,763.0,1020.5,1114.0,1145.5,1234.0,1340.5,1335.0,"{""type"":""MultiPoint"",""coordinates"":[]}"
22_0,3,1798.0,1486.0,637.0,782.0,1009.5,1109.0,1162.0,1222.0,1329.0,1340.5,2227.0,1872.0,842.5,1052.5,1279.5,1393.0,1450.0,1524.5,1628.0,1618.5,2391.0,2021.5,962.5,1245.0,1507.0,1620.0,1628.5,1715.5,1782.0,1807.0,2684.0,2276.5,1240.0,1572.5,1877.5,2011.0,1985.5,2043.5,2118.5,2118.0,2292.0,1980.0,1055.0,1298.0,1509.0,1626.0,1621.0,1706.0,1788.0,1767.0,472.0,459.0,1055.0,1298.0,1323.0,1550.0,1272.0,1288.0,1248.0,1075.0,407.0,298.0,671.0,995.0,1007.0,1267.0,1203.0,1329.0,1035.0,1002.0,407.0,298.0,650.0,995.0,979.0,1348.0,1255.0,1402.0,1251.0,1154.0,469.0,379.0,424.0,703.0,631.0,985.0,1075.0,1201.0,1106.0,1001.0,1299.5,725.5,252.0,572.5,325.0,931.5,2273.0,2846.5,2726.0,2709.0,1562.0,757.0,138.0,390.0,133.5,702.5,2861.5,4035.0,3983.0,3969.5,1955.0,1663.0,709.0,901.0,1099.0,1234.0,1254.0,1319.0,1384.0,1422.0,1490.0,711.0,151.0,402.0,126.0,694.0,3077.0,4146.0,4153.0,4248.0,1431.0,684.0,61.0,409.0,129.0,818.0,3321.0,4391.0,4501.0,4546.0,1518.0,736.0,215.0,606.0,309.0,1113.0,3573.0,4639.0,4744.0,4881.0,1593.0,758.0,437.0,1006.0,633.0,1772.0,3569.0,4308.0,4400.0,4422.0,1605.0,879.0,494.5,1078.0,790.5,1917.5,3282.0,3642.0,3995.5,4007.0,1982.0,1180.5,551.0,1151.0,1153.0,2184.0,3023.5,3436.0,3656.0,3673.0,2401.5,1453.0,965.0,1481.0,1689.5,2514.5,3136.5,3463.5,3724.0,3829.5,2727.5,1782.0,1022.0,1568.5,1942.0,2768.5,3185.5,3502.0,3791.0,3936.5,3472.0,2360.0,1094.0,1544.0,2189.0,2705.0,2937.0,3230.0,3602.0,3655.0,3289.5,2214.5,1052.5,1391.0,2133.0,2570.5,2661.0,3005.0,3153.5,3217.0,1831.0,1545.0,543.0,741.0,987.0,1103.0,1133.0,1188.0,1323.0,1320.0,3512.0,2416.0,969.0,1370.0,2092.0,2508.0,2640.0,2892.0,3095.0,3177.0,3110.0,2247.5,923.5,1245.0,1730.0,2009.0,2150.0,2314.0,2546.0,2633.5,2815.0,2191.5,722.0,940.5,1269.0,1460.5,1557.5,1689.0,1889.0,1898.5,2917.0,2322.0,776.0,959.0,1299.0,1485.0,1578.0,1715.0,1945.0,1958.0,1602.0,1297.0,467.0,606.0,818.0,923.0,969.0,1045.0,1147.0,1125.0,881.0,723.5,569.5,676.5,735.0,752.5,800.0,815.0,868.5,858.0,1410.0,1119.0,463.0,619.0,784.0,851.0,886.0,964.0,1045.0,1050.0,342.0,290.0,214.0,181.0,179.0,204.0,210.0,211.0,237.0,240.0,2105.0,1835.0,772.0,980.0,1179.0,1293.0,1320.0,1386.0,1502.0,1499.0,2080.0,1779.0,782.5,927.0,1139.5,1236.5,1242.5,1327.5,1402.5,1396.5,1607.0,1353.0,521.0,676.0,833.0,893.0,908.0,970.0,1048.0,1050.0,2157.5,1847.0,850.5,1005.5,1188.0,1273.5,1307.5,1379.0,1478.5,1469.0,2193.5,1850.5,862.5,1037.5,1224.5,1320.0,1366.0,1437.0,1551.0,1537.5,"{""type"":""MultiPoint"",""coordinates"":[]}"
23_0,3,190.0,160.5,206.5,286.5,389.0,436.0,327.0,345.0,353.0,291.5,2195.0,1883.5,662.5,870.0,1088.0,1224.0,1255.5,1362.5,1474.5,1488.5,2437.5,2158.5,806.5,1038.5,1296.5,1423.0,1478.0,1575.5,1666.5,1705.5,2632.5,2341.0,977.5,1231.5,1502.5,1636.0,1681.5,1785.0,1847.5,1897.5,2744.0,2467.0,1074.0,1338.0,1596.0,1746.0,1787.0,1856.0,1982.0,1984.0,725.0,720.0,916.0,1151.0,1224.0,1312.0,1051.0,1136.0,969.0,958.0,412.0,343.0,773.0,1008.0,1007.0,1251.0,999.0,1049.0,1037.0,864.0,547.0,403.0,773.0,1008.0,1007.0,1305.0,1272.0,1422.0,1294.0,1209.0,649.0,532.0,476.0,786.0,616.0,1163.0,1272.0,1422.0,1358.0,1209.0,1319.0,767.5,266.5,600.0,354.5,989.0,2233.0,2655.0,2480.0,2497.5,1216.0,645.0,180.5,430.5,242.0,742.0,2200.5,2893.5,2862.5,2771.5,388.0,341.0,352.0,454.5,566.0,662.5,626.0,646.0,706.0,655.5,1510.0,783.0,206.0,459.0,266.0,808.0,2432.0,3307.0,3254.0,3430.0,1521.0,783.0,158.0,395.0,259.0,762.0,2584.0,3549.0,3698.0,3745.0,1622.0,800.0,167.0,455.0,236.0,828.0,2835.0,3964.0,3990.0,4250.0,1620.0,821.0,441.0,859.0,537.0,1459.0,3209.0,3858.0,3992.0,4016.0,1628.0,876.0,441.0,924.0,680.0,1580.0,3064.0,3572.0,3843.0,3787.0,1839.0,1054.0,507.5,986.0,947.0,1825.5,2901.5,3316.5,3509.0,3612.0,2217.0,1275.5,898.0,1368.5,1466.5,2111.5,2887.0,3193.5,3537.5,3630.0,3727.5,2557.0,1041.0,1456.5,1953.5,2484.0,2955.0,3223.5,3594.0,3667.5,4141.5,2787.5,1386.0,1950.0,2692.0,3191.0,3513.0,3792.5,4297.0,4262.5,2987.0,2228.0,972.0,1289.0,1729.0,2266.0,2105.0,2584.0,2302.0,2489.0,289.0,244.0,332.0,384.0,507.0,615.0,584.0,609.0,662.0,586.0,2971.0,2228.0,972.0,1289.0,1729.0,2062.0,2100.0,2265.0,2302.0,2489.0,2853.5,2202.0,956.5,1211.5,1549.5,1816.0,1922.0,2058.5,2054.5,2240.5,1534.5,1199.0,580.0,701.0,922.5,1056.5,1037.0,1137.5,1204.0,1209.0,397.0,342.0,366.0,467.0,569.0,670.0,566.0,601.0,553.0,531.0,171.0,140.0,153.0,238.0,252.0,338.0,225.0,241.0,238.0,200.0,451.0,486.0,657.0,596.0,531.0,543.0,482.0,523.0,597.0,507.0,207.0,189.0,158.0,285.0,394.0,508.0,434.0,465.0,496.0,422.0,684.0,453.0,368.0,448.0,622.0,800.0,840.0,943.0,1014.0,1060.0,2986.0,2200.0,895.0,1188.0,1528.0,1756.0,1918.0,2047.0,2198.0,2301.0,2183.0,1457.0,750.0,792.0,1150.0,1392.0,1480.0,1676.0,1788.0,1877.0,2797.5,2039.5,822.0,1053.5,1423.0,1659.0,1784.5,1966.5,2132.5,2195.0,3873.0,3070.5,1245.5,1532.0,1921.5,2171.0,2345.5,2499.0,2745.5,2763.0,3490.5,2847.5,1173.5,1410.5,1741.0,1915.5,2016.0,2157.5,2370.5,2381.5,"{""type"":""MultiPoint"",""coordinates"":[]}"
24_0,3,2062.0,1633.0,666.5,817.5,1099.0,1175.5,1245.5,1346.5,1508.0,1491.0,2412.0,1984.5,828.0,1075.0,1356.0,1461.5,1504.0,1594.5,1712.5,1692.5,2746.0,2342.0,995.5,1328.5,1668.0,1775.0,1764.5,1888.5,1983.0,1978.5,2990.5,2539.5,1146.0,1502.5,1842.0,1988.0,1974.0,2101.0,2204.5,2194.5,542.0,393.0,891.0,1182.0,1228.0,1516.0,1243.0,1280.0,1286.0,1119.0,473.0,393.0,758.0,990.0,1080.0,1333.0,1243.0,1280.0,1286.0,1119.0,601.0,403.0,543.0,877.0,796.0,1248.0,1312.0,1330.0,1344.0,1301.0,869.0,652.0,543.0,850.0,736.0,1217.0,1570.0,1695.0,1678.0,1509.0,1595.0,887.0,303.0,655.0,325.0,1020.0,2671.0,3269.0,3297.0,3055.0,1796.5,911.0,233.5,602.0,268.5,966.0,3172.0,4186.0,4213.0,4190.0,1603.0,790.5,69.0,334.5,108.5,700.5,3026.0,4291.0,4414.0,4434.0,2280.0,1838.0,716.0,910.0,1175.0,1305.0,1364.0,1456.0,1569.0,1648.0,1588.0,771.0,116.0,354.0,142.0,685.0,3095.0,4356.0,4600.0,4546.0,1636.0,771.0,52.0,435.0,130.0,881.0,3543.0,4841.0,5125.0,4978.0,1714.0,828.0,322.0,873.0,440.0,1513.0,3944.0,4884.0,5125.0,5185.0,1913.0,990.0,546.0,1149.0,818.0,2007.0,3775.0,4476.0,4730.0,4773.0,1990.5,1134.5,588.0,1209.5,1009.0,2128.5,3546.5,3967.0,4408.5,4330.0,2539.5,1562.5,785.0,1425.0,1586.5,2527.5,3430.0,3778.0,4160.5,4136.0,3151.5,2016.5,1149.5,1754.5,2219.5,3064.5,3745.5,4054.5,4558.0,4530.5,4362.5,3015.0,1386.5,1969.0,2695.0,3363.5,3730.5,4029.0,4422.0,4548.5,4017.0,2915.0,1275.0,1741.0,2637.0,2880.0,3051.0,3355.0,3873.0,3769.0,3914.5,2728.5,1236.0,1742.0,2626.5,2999.5,3153.0,3401.5,3698.5,3695.0,2239.5,1859.5,708.0,887.5,1180.5,1274.5,1329.5,1422.0,1622.0,1586.5,2828.0,2135.5,822.0,1149.0,1640.5,1760.5,1939.0,2042.0,2336.0,2291.0,2913.0,2215.0,932.0,1209.5,1649.5,1821.0,1941.5,2061.0,2304.0,2297.5,2697.5,2110.0,723.0,916.5,1241.0,1393.0,1470.5,1578.0,1722.5,1811.5,2636.0,2150.0,745.0,904.0,1212.5,1355.5,1484.5,1564.5,1678.0,1795.0,1901.0,1175.0,532.0,676.0,951.0,1020.0,1094.0,1175.0,1312.0,1264.0,0.0,0.0,0.0,0.0,0.0,0.0,0.0,0.0,0.0,0.0,1925.0,1515.0,602.0,774.0,1012.0,1105.0,1132.0,1230.0,1354.0,1301.0,2116.0,1729.0,716.0,819.0,1032.0,1141.0,1151.0,1228.0,1310.0,1366.0,2465.0,2069.0,791.0,1035.0,1264.0,1391.0,1417.0,1517.0,1640.0,1630.0,2265.0,1816.0,1004.0,1001.0,1148.0,1240.0,1208.0,1286.0,1634.0,1414.0,2084.0,1658.0,750.5,810.5,1038.0,1131.0,1129.0,1230.5,1341.5,1348.0,2487.0,2078.0,872.0,1048.0,1264.0,1355.0,1487.0,1578.0,1732.0,1721.0,2260.5,1859.0,729.0,960.5,1223.0,1339.0,1390.0,1465.5,1605.0,1608.0,"{""type"":""MultiPoint"",""coordinates"":[]}"
25_0,3,2137.0,1786.5,668.0,859.0,1137.0,1260.5,1306.5,1385.5,1531.0,1500.0,2587.5,2186.5,1155.5,1471.5,1758.5,1874.5,1892.0,1966.5,2099.5,2050.5,2278.5,1907.0,878.0,1156.5,1448.0,1575.5,1589.0,1628.0,1764.5,1761.0,684.5,574.5,638.0,878.5,1007.0,1063.0,936.0,1021.0,1092.0,922.5,139.5,124.0,489.5,728.5,775.0,894.0,698.5,770.0,758.5,642.0,270.5,237.0,494.0,831.0,786.0,1037.0,849.0,924.0,897.0,719.5,569.0,442.0,408.0,742.5,607.0,976.5,1084.5,1223.0,1176.5,1021.5,850.5,603.0,442.5,750.5,530.5,1014.0,1469.5,1620.5,1658.0,1385.0,1404.5,729.0,290.5,550.5,320.0,900.0,2517.5,3083.0,3152.0,3008.0,1517.0,761.0,223.0,551.0,261.0,883.0,2647.0,3382.5,3485.5,3417.0,1508.5,743.0,175.0,406.5,202.0,721.5,2662.0,3703.0,3921.5,3900.5,2389.5,2072.5,725.5,948.0,1252.5,1375.0,1475.5,1501.5,1589.0,1687.5,1639.0,797.0,201.0,472.0,220.5,832.5,3077.0,4289.0,4404.5,4380.5,1627.5,814.5,279.0,804.5,405.0,1422.0,3513.0,4317.0,4576.5,4520.5,1694.5,864.0,420.5,922.5,654.5,1603.0,3408.0,3940.0,4073.5,4249.5,1884.5,1060.5,605.0,1089.0,1053.5,1993.5,3030.5,3444.0,3681.5,3756.0,2171.5,1295.5,679.0,1154.0,1298.0,2123.0,2837.5,3126.0,3518.5,3494.0,2532.0,1594.0,759.0,1241.0,1572.0,2227.0,2784.0,3093.0,3382.0,3386.0,4207.5,2904.5,1169.0,1610.0,2357.5,2778.0,2958.5,3275.0,3573.5,3717.5,4293.0,2984.0,1100.5,1553.5,2390.5,2849.0,3061.5,3378.0,3743.0,3748.5,2360.5,1831.0,696.0,983.5,1383.5,1562.5,1655.5,1770.5,1879.5,1901.0,1978.5,1520.5,641.5,894.5,1256.0,1423.5,1401.5,1556.5,1641.5,1643.0,2293.5,1929.0,631.0,880.0,1190.5,1335.5,1330.5,1477.0,1619.5,1628.0,2278.0,1809.5,782.0,1035.5,1433.5,1604.5,1576.0,1722.5,1839.5,1829.0,2216.5,1768.0,881.0,1100.0,1433.5,1594.5,1614.5,1688.0,1841.0,1823.5,1919.0,1595.0,652.0,813.0,1073.5,1160.5,1254.5,1319.0,1449.0,1417.0,1729.0,1444.0,527.0,740.5,1002.0,1111.5,1154.0,1209.5,1320.0,1326.5,686.5,522.0,308.0,418.0,568.0,640.0,625.0,647.5,702.5,664.5,0.0,0.0,0.0,0.0,0.0,0.0,0.0,0.0,0.0,0.0,1494.5,1134.5,449.0,642.5,868.5,963.5,1006.5,1104.5,1258.0,1214.5,1932.0,1507.5,709.5,852.5,1049.5,1160.5,1205.5,1242.0,1420.0,1398.5,2419.5,1968.5,911.0,1135.5,1393.5,1512.5,1577.5,1605.0,1803.0,1747.0,2428.0,1986.0,886.5,1053.5,1350.0,1418.0,1468.5,1528.0,1706.5,1716.5,2422.5,1980.0,978.5,1152.0,1414.5,1503.5,1554.5,1650.0,1797.5,1784.0,2309.5,1961.5,771.5,984.5,1255.0,1400.0,1415.0,1476.5,1631.5,1602.0,2355.5,2006.5,886.5,1131.5,1420.0,1564.5,1595.5,1686.5,1801.0,1749.5,"{""type"":""MultiPoint"",""coordinates"":[]}"
26_0,3,3014.0,2357.5,959.0,1074.0,1340.5,1499.0,1624.0,1762.0,1976.0,2035.0,2113.0,1940.0,641.0,891.0,1196.0,1281.0,1322.0,1405.0,1549.0,1529.0,2388.0,2273.0,818.0,1060.0,1383.0,1532.0,1568.0,1662.0,1762.0,1767.0,1062.0,1017.5,503.5,658.0,793.0,905.0,821.0,850.0,878.5,816.0,311.0,290.0,695.0,806.0,806.0,880.0,639.0,678.0,646.0,537.0,352.0,290.0,382.0,612.0,581.0,819.0,763.0,772.0,723.0,689.0,539.0,420.0,323.0,550.0,446.0,767.0,1028.0,1073.0,1008.0,1032.0,1034.0,608.0,358.0,635.0,471.0,916.0,1707.0,1941.0,1818.0,1911.0,971.0,556.0,180.0,368.0,232.0,615.0,1669.0,2062.0,2083.0,2097.0,1203.5,583.5,77.0,282.5,85.0,530.5,2212.0,3102.0,3204.0,3209.5,1168.5,543.5,34.0,184.5,39.0,373.5,2214.5,3381.5,3440.0,3491.5,4032.5,3508.0,2235.5,2344.5,2625.5,2872.0,2923.0,2955.5,3038.5,3163.5,1185.5,541.0,16.5,164.5,4.5,367.5,2321.5,3773.5,3824.5,3900.5,1092.5,504.0,51.0,288.5,48.0,566.0,2595.0,3848.5,3975.0,4078.5,1161.0,537.0,437.0,738.0,502.0,1087.0,2751.0,3873.0,3977.0,4122.0,1249.0,653.0,588.0,959.0,728.0,1465.0,3022.0,3605.0,3796.0,3844.0,1266.0,700.0,473.0,902.0,728.0,1525.0,2762.0,3218.0,3430.0,3439.0,1598.0,929.0,439.0,941.0,902.0,1778.0,2782.0,3132.0,3334.0,3429.0,4322.0,3074.0,1144.5,1630.5,2331.0,2803.5,3179.0,3462.5,3762.5,3904.0,4323.0,3200.5,1176.5,1619.5,2375.5,2791.5,3009.0,3198.0,3535.5,3639.5,3838.0,2901.0,1133.0,1509.0,2109.0,2407.0,2615.0,2883.0,3181.0,3219.0,3803.5,2838.5,1034.5,1387.5,1949.0,2305.5,2422.0,2630.5,2812.0,2953.0,3292.0,2582.0,636.0,900.0,1284.0,1475.0,1541.0,1649.0,1878.0,1951.0,3608.5,2905.0,894.5,1165.0,1575.0,1850.0,2028.5,2162.0,2316.0,2469.0,4340.5,3623.5,2019.5,2240.5,2584.5,2863.5,3010.5,3148.0,3326.5,3364.0,3246.0,2767.0,855.5,1013.5,1253.5,1479.0,1632.0,1741.0,1890.5,1965.0,3097.0,2619.0,828.0,983.0,1197.5,1415.0,1575.5,1701.5,1832.0,1916.0,2209.0,1632.5,483.5,670.0,890.5,1107.0,1246.0,1342.0,1525.5,1559.5,0.0,0.0,0.0,0.0,0.0,0.0,0.0,0.0,0.0,0.0,3664.0,2816.0,816.0,1098.0,1551.0,1790.0,1814.0,1964.0,2123.0,2276.0,3813.0,3101.0,1098.0,1319.0,1577.0,1790.0,1814.0,1989.0,2468.0,2282.0,3498.0,2787.0,901.0,1196.0,1515.0,1715.0,1794.0,1924.0,2211.0,2245.0,2637.5,2222.0,761.0,904.0,1219.0,1358.0,1399.5,1501.0,1650.0,1693.5,1699.0,1493.0,521.0,655.0,918.0,1007.0,979.0,1028.0,1122.0,1142.0,1811.5,1669.0,530.5,697.5,967.5,1056.0,1063.5,1134.5,1229.0,1246.0,1903.5,1767.5,586.5,774.0,1044.5,1144.5,1179.0,1254.0,1359.0,1385.0,"{""type"":""MultiPoint"",""coordinates"":[]}"
27_0,3,1940.5,1578.5,645.0,786.0,1051.0,1149.5,1208.0,1291.5,1409.5,1391.5,2297.0,1901.5,789.5,1049.0,1299.5,1405.0,1461.0,1525.5,1666.0,1678.0,2753.5,2324.5,1064.0,1384.5,1710.5,1829.0,1820.0,1912.5,2044.0,2025.5,3016.0,2562.0,1199.5,1544.5,1881.5,2027.0,2018.5,2135.0,2268.5,2258.5,503.0,379.0,1025.0,1338.0,1377.0,1581.0,1168.0,1215.0,1152.0,944.0,450.0,360.0,1025.0,1338.0,1377.0,1581.0,1168.0,1215.0,1176.0,1150.0,488.0,371.0,525.0,875.0,810.0,1130.0,1096.0,1155.0,1176.0,1150.0,1029.0,726.0,542.0,848.0,732.0,1207.0,1679.0,1815.0,1636.0,1615.0,1672.0,890.0,313.0,647.0,350.0,987.0,2642.0,3248.0,3140.0,3091.0,1806.5,955.0,226.0,576.5,228.5,938.5,3135.0,4052.5,4025.5,4091.5,1582.5,786.0,64.0,308.5,99.5,633.0,2881.0,4201.5,4282.0,4397.0,2159.0,1781.0,721.0,902.0,1158.0,1277.0,1346.0,1404.0,1531.0,1559.0,1572.0,747.0,116.0,337.0,130.0,631.0,3024.0,4240.0,4401.0,4478.0,1654.0,781.0,36.0,414.0,116.0,866.0,3528.0,4756.0,4980.0,4993.0,1708.0,841.0,314.0,845.0,415.0,1474.0,3785.0,4812.0,4980.0,5069.0,1914.0,990.0,520.0,1106.0,793.0,2009.0,3756.0,4474.0,4626.0,4743.0,1988.5,1128.5,575.5,1178.5,967.0,2086.5,3500.5,3968.5,4338.5,4274.5,2568.5,1605.0,758.0,1379.5,1549.5,2488.0,3416.0,3751.5,4036.0,4180.0,3286.0,2130.5,1120.0,1734.5,2269.0,3182.0,3831.5,4121.5,4545.0,4625.5,4221.5,3012.0,1347.0,1838.0,2630.5,3173.5,3389.0,3737.0,3988.5,4124.0,3885.0,2851.0,1188.0,1633.0,2338.0,2692.0,2862.0,2995.0,3444.0,3508.0,3925.5,2800.0,1204.0,1669.5,2489.5,2813.5,2909.5,3104.5,3454.0,3616.0,2163.0,1803.5,694.0,869.0,1146.0,1246.0,1283.0,1392.5,1536.5,1548.5,3473.5,2552.0,984.5,1341.5,1917.0,2232.0,2350.0,2513.0,2726.0,2777.5,3265.5,2411.5,1002.0,1303.0,1813.5,1974.5,2122.0,2261.0,2606.0,2571.0,2988.0,2369.0,747.0,945.0,1292.5,1428.5,1561.0,1666.0,1912.5,1925.0,2987.5,2434.0,768.0,930.0,1247.5,1440.0,1515.0,1637.5,1822.5,1890.0,1790.0,1174.0,467.0,618.0,858.0,945.0,992.0,1039.0,1183.0,1160.0,0.0,0.0,0.0,0.0,0.0,0.0,0.0,0.0,0.0,0.0,1826.0,1421.0,609.0,777.0,1004.0,1088.0,1112.0,1202.0,1329.0,1324.0,1982.0,1642.0,715.0,828.0,1005.0,1091.0,1128.0,1231.0,1295.0,1318.0,2411.0,2028.0,829.0,1062.0,1291.0,1420.0,1448.0,1534.0,1629.0,1665.0,2599.0,2230.0,1039.0,1224.0,1459.0,1576.0,1664.0,1792.0,1954.0,1924.0,1994.5,1615.0,686.5,821.5,1044.5,1121.5,1120.5,1205.5,1321.0,1328.5,2420.0,2056.0,917.0,1090.0,1293.0,1401.0,1534.0,1581.0,1724.0,1743.0,2297.0,1888.5,867.5,1060.5,1266.0,1400.0,1561.5,1678.0,1831.0,1789.5,"{""type"":""MultiPoint"",""coordinates"":[]}"
28_0,3,1421.5,1159.5,497.0,631.5,778.5,930.5,998.0,1001.0,1105.5,1118.5,1935.0,1623.5,736.5,960.5,1132.0,1264.5,1516.0,1619.0,1683.5,1728.0,1244.5,1064.5,660.5,934.5,1070.5,1249.5,1180.5,1208.5,1221.5,1159.0,1507.0,1290.5,762.5,1028.0,1201.0,1386.5,1318.5,1464.5,1499.0,1396.0,1536.0,1254.0,787.0,1026.0,1147.0,1374.0,1393.0,1507.0,1544.0,1479.0,1638.0,1353.0,792.0,1045.0,1108.0,1455.0,1616.0,1678.0,1689.0,1693.0,1968.0,1460.0,804.0,1150.0,1105.0,1577.0,2403.0,2426.0,2558.0,2609.0,2012.0,1488.0,825.0,1207.0,1105.0,1703.0,2624.0,3204.0,3157.0,3255.0,1903.0,1339.0,717.0,1078.0,1041.0,1580.0,2912.0,3306.0,3382.0,3392.0,1915.5,1276.5,608.0,1016.0,869.0,1519.5,3131.5,3499.0,3633.5,3693.5,1968.0,1374.0,679.0,1051.5,1009.0,1531.5,2970.5,3466.0,3532.0,3419.0,1594.0,1310.0,586.0,779.0,913.0,1076.0,1144.0,1156.0,1268.0,1315.0,2092.0,1442.0,695.0,1070.0,1009.0,1608.0,2945.0,3329.0,3513.0,3472.0,2017.0,1424.0,694.0,1082.0,1025.0,1623.0,3061.0,3369.0,3550.0,3573.0,2111.0,1435.0,687.0,1062.0,1009.0,1582.0,2981.0,3326.0,3501.0,3705.0,2099.0,1353.0,676.0,1110.0,970.0,1701.0,2833.0,3117.0,3333.0,3373.0,2042.0,1365.0,706.0,1093.0,1048.0,1701.0,2604.0,2918.0,3044.0,3095.0,2166.5,1446.5,699.5,1129.5,1120.0,1747.5,2510.5,2784.5,3025.5,3103.5,2369.0,1601.0,1262.0,1449.0,1377.0,1944.0,2621.0,2942.0,3056.0,3203.0,3180.0,2342.0,1275.0,1664.5,2155.5,2482.0,2693.0,2969.0,3243.0,3290.0,3198.0,2434.0,1229.0,1607.0,2152.5,2481.5,2633.5,2876.0,3144.0,3179.0,1952.0,1522.0,685.0,897.0,1155.0,1424.0,1458.0,1571.0,1526.0,1637.0,1698.0,1248.0,652.0,829.0,994.0,1110.0,1231.0,1271.0,1337.0,1353.0,2090.0,1730.0,715.0,897.0,1155.0,1397.0,1458.0,1526.0,1529.0,1637.0,1926.5,1614.0,713.5,854.5,1068.0,1253.0,1300.0,1363.5,1407.5,1504.5,1887.5,1610.5,552.5,745.0,949.5,1088.5,1184.5,1210.0,1337.0,1358.5,2102.0,1814.0,706.0,864.0,1079.0,1261.0,1341.0,1424.0,1402.0,1500.0,1474.0,1241.0,433.0,538.0,717.0,820.0,851.0,920.0,1017.0,973.0,0.0,0.0,0.0,0.0,0.0,0.0,0.0,0.0,0.0,0.0,2316.0,2089.0,875.0,1089.0,1322.0,1449.0,1568.0,1578.0,1710.0,1674.0,2273.0,2038.0,937.0,1086.0,1217.0,1391.0,1545.0,1588.0,1683.0,1685.0,2003.0,1640.0,618.0,849.0,1006.0,1145.0,1271.0,1494.0,1551.0,1567.0,1829.0,1506.0,810.0,990.0,1160.0,1320.0,1438.0,1494.0,1671.0,1642.0,1621.5,1406.0,558.0,703.0,807.0,960.5,1158.0,1270.0,1282.0,1314.0,1780.0,1482.0,669.0,853.0,949.0,1082.0,1312.0,1407.0,1519.0,1504.0,1857.0,1519.0,705.5,908.5,1029.0,1154.5,1401.5,1512.5,1576.5,1590.5,"{""type"":""MultiPoint"",""coordinates"":[]}"
29_0,3,3037.0,2355.5,959.0,1075.5,1362.5,1562.0,1673.0,1763.5,1982.5,2013.5,2058.0,1894.0,626.0,851.0,1135.0,1267.0,1282.0,1364.0,1471.0,1504.0,2291.0,2189.0,795.0,995.0,1304.0,1452.0,1498.0,1586.0,1655.0,1671.0,1073.0,1036.5,444.0,598.0,723.0,836.5,743.0,796.0,811.0,779.0,474.0,421.0,777.0,880.0,893.0,1010.0,798.0,810.0,762.0,670.0,432.0,382.0,438.0,677.0,639.0,866.0,835.0,905.0,835.0,810.0,575.0,451.0,357.0,566.0,450.0,818.0,1015.0,1151.0,1082.0,1044.0,1234.0,720.0,286.0,596.0,390.0,903.0,1860.0,2266.0,2268.0,2119.0,1110.0,615.0,147.0,388.0,189.0,667.0,1906.0,2422.0,2446.0,2292.0,1324.5,660.5,71.5,308.0,79.5,603.0,2423.5,3390.0,3458.5,3403.0,1247.0,584.0,28.0,197.0,23.0,451.5,2430.5,3581.5,3736.0,3668.0,3098.5,2610.0,1498.5,1609.0,1846.0,2010.0,2024.0,2083.5,2272.0,2247.5,1236.0,574.5,26.5,188.5,10.0,441.5,2467.0,3974.5,3999.0,4097.5,1126.5,518.0,55.0,307.5,58.5,616.0,2676.0,3971.5,4113.5,4225.5,1201.0,547.0,446.0,737.0,503.0,1094.0,3030.0,3979.0,4169.0,4231.0,1257.0,664.0,597.0,942.0,740.0,1520.0,3043.0,3673.0,3875.0,3877.0,1258.0,675.0,466.0,908.0,740.0,1558.0,2804.0,3260.0,3471.0,3506.0,1575.0,907.0,436.0,936.0,928.0,1789.0,2784.0,3160.0,3378.0,3489.0,4318.0,3065.5,1199.5,1695.0,2390.5,2915.5,3166.0,3498.0,3805.5,3993.5,4358.5,3169.5,1225.0,1700.0,2424.0,2812.5,3031.5,3324.5,3621.5,3664.5,3562.0,2853.0,1044.0,1497.0,2024.0,2295.0,2501.0,2718.0,3048.0,3039.0,3506.5,2477.0,1006.5,1397.0,1967.5,2306.5,2417.5,2576.0,2786.0,2926.5,3290.5,2701.0,744.5,962.0,1319.0,1499.5,1566.0,1692.5,1888.5,1946.5,3685.0,2872.5,966.0,1287.5,1712.5,1982.0,2209.5,2334.0,2503.0,2612.5,4694.5,3992.0,2496.0,2711.5,3067.0,3358.5,3457.0,3627.5,3775.5,3802.0,3316.5,2756.5,922.5,1087.0,1347.0,1601.0,1727.5,1886.5,2038.5,2100.5,3150.5,2621.5,890.5,1055.5,1280.0,1527.5,1675.5,1826.5,1965.5,2018.5,2173.0,1599.0,510.5,688.5,939.5,1148.5,1298.0,1394.0,1571.0,1625.0,0.0,0.0,0.0,0.0,0.0,0.0,0.0,0.0,0.0,0.0,3538.0,2854.0,857.0,1176.0,1606.0,1904.0,1846.0,2049.0,2192.0,2290.0,2769.0,2154.0,962.0,1237.0,1638.0,1879.0,1941.0,2049.0,2192.0,2336.0,3431.0,2863.0,1013.0,1257.0,1653.0,1879.0,1910.0,2044.0,2278.0,2363.0,2633.0,2258.0,766.0,919.0,1225.5,1384.0,1421.0,1552.0,1654.0,1705.0,1814.0,1596.0,523.0,641.0,908.0,1033.0,985.0,1077.0,1118.0,1169.0,1785.5,1650.5,515.5,678.5,935.0,1008.0,1028.5,1101.0,1181.0,1205.5,1858.5,1727.5,566.0,742.5,1008.5,1096.5,1125.5,1195.5,1308.5,1318.0,"{""type"":""MultiPoint"",""coordinates"":[]}"
30_0,3,100.0,93.0,173.0,254.0,345.5,414.0,260.0,310.5,274.0,193.5,2244.0,1922.5,712.0,926.0,1166.0,1312.0,1371.0,1454.5,1587.5,1595.0,2424.0,2116.5,784.0,1029.0,1287.5,1437.0,1501.0,1595.5,1695.0,1738.0,2541.5,2249.5,899.5,1165.0,1429.5,1580.5,1629.5,1722.0,1789.5,1848.5,2638.0,2396.0,991.0,1246.0,1531.0,1679.0,1715.0,1821.0,1921.0,1945.0,1392.0,1319.0,1054.0,1277.0,1504.0,1632.0,1648.0,1727.0,1803.0,1823.0,274.0,243.0,687.0,985.0,957.0,1288.0,961.0,1001.0,915.0,779.0,912.0,578.0,810.0,1180.0,1233.0,1658.0,1780.0,1859.0,1867.0,1858.0,623.0,429.0,593.0,956.0,880.0,1362.0,1323.0,1592.0,1392.0,1256.0,975.0,583.5,269.0,599.5,356.0,996.0,2157.5,2532.0,2425.5,2265.0,1291.0,691.0,190.0,433.5,210.5,780.0,2649.0,3427.0,3434.5,3250.5,153.0,142.0,294.0,410.0,490.0,557.0,455.0,502.0,496.0,439.0,1518.0,760.0,209.0,446.0,223.0,790.0,2914.0,4124.0,4101.0,4051.0,1476.0,734.0,128.0,387.0,194.0,748.0,2832.0,3858.0,3967.0,3985.0,1524.0,760.0,151.0,416.0,209.0,776.0,3016.0,4283.0,4319.0,4446.0,1561.0,788.0,392.0,807.0,506.0,1387.0,3034.0,3818.0,3970.0,4006.0,1604.0,850.0,417.0,857.5,599.0,1487.0,2820.0,3317.5,3559.5,3557.0,1832.5,1037.5,460.5,861.0,891.5,1586.0,2523.0,2891.5,3138.0,3263.0,2180.0,1294.5,777.0,1228.5,1455.0,1943.5,2537.5,2838.5,3092.5,3211.0,3763.5,2608.5,1005.0,1438.5,1892.0,2445.0,2813.5,3096.0,3468.5,3491.5,4374.5,2902.5,1280.5,1815.5,2644.5,3102.5,3355.5,3633.5,4112.5,4158.0,3334.0,2403.0,1084.0,1406.0,1894.0,2182.0,2378.0,2443.0,2507.0,2786.0,153.0,135.0,294.0,375.0,483.0,549.0,455.0,502.0,470.0,390.0,3352.0,2545.0,1084.0,1406.0,1894.0,2182.0,2378.0,2443.0,2507.0,2786.0,3131.5,2369.5,997.0,1285.5,1674.0,1954.0,2020.0,2162.5,2281.0,2388.0,2821.5,2261.0,797.0,1024.5,1359.5,1526.5,1617.0,1741.0,1883.0,1942.0,613.0,469.0,388.0,519.0,707.0,845.0,783.0,848.0,888.0,876.0,98.0,84.0,143.0,243.0,312.0,359.0,278.0,305.0,289.0,252.0,0.0,0.0,0.0,0.0,0.0,0.0,0.0,0.0,0.0,0.0,101.0,106.0,156.0,293.0,411.0,502.0,334.0,368.0,360.0,274.0,672.0,427.0,397.0,512.0,674.0,870.0,893.0,1001.0,1054.0,1100.0,3078.0,2358.0,1111.0,1414.0,1799.0,2034.0,2119.0,2271.0,2476.0,2457.0,1980.0,1269.0,761.0,807.0,1158.0,1339.0,1433.0,1523.0,1700.0,1837.0,3004.0,2345.0,991.0,1273.0,1603.0,1916.0,1913.0,2034.0,2135.0,2254.0,3247.0,2721.0,1151.0,1384.0,1722.0,2022.0,2057.0,2235.0,2296.0,2386.0,3207.0,2672.5,1171.5,1422.0,1732.5,1939.5,2014.5,2147.0,2280.5,2354.0,"{""type"":""MultiPoint"",""coordinates"":[]}"
31_0,3,1738.5,1445.0,554.5,706.0,943.0,1065.5,1112.0,1170.5,1261.5,1281.0,2533.5,2155.5,1056.5,1378.0,1646.0,1791.5,1824.5,1899.0,2000.0,1986.5,2434.5,2041.0,915.0,1219.5,1492.5,1629.0,1651.0,1714.0,1822.5,1823.0,446.0,395.5,622.5,916.0,894.5,1152.0,871.0,929.0,843.5,746.0,466.0,390.5,691.5,985.5,978.0,1177.5,902.5,946.0,938.5,773.5,332.0,264.0,497.0,716.0,700.0,957.5,759.5,852.5,817.0,670.5,488.5,334.5,446.0,685.5,625.0,931.0,935.5,1023.0,1006.5,895.0,940.0,639.5,536.0,888.0,570.5,1218.0,1514.5,1614.5,1500.5,1460.0,1327.0,774.5,572.5,931.5,619.5,1414.5,2528.0,2737.0,2831.5,2793.0,1385.5,766.5,374.5,766.5,503.5,1228.0,2575.0,2900.0,2975.5,2924.0,1356.0,746.0,338.0,613.5,459.5,957.0,2224.5,2769.5,2940.5,2798.5,2012.0,1681.5,639.0,856.0,1084.5,1226.0,1248.5,1305.0,1372.0,1476.5,1369.0,736.5,321.5,597.5,385.0,916.5,2326.0,3023.5,3136.0,3191.5,1512.5,780.5,321.0,733.5,405.5,1108.0,3021.0,3752.5,3926.0,3881.5,1597.5,841.5,397.5,848.0,505.5,1334.5,3230.0,3968.5,4120.5,4016.0,1813.5,994.0,546.5,1030.5,774.5,1747.0,3297.0,3811.5,4039.5,4042.5,2088.0,1238.5,628.5,1113.0,1036.5,1951.5,2986.0,3437.0,3846.5,3655.0,2666.0,1686.0,802.0,1290.0,1613.0,2339.0,3001.0,3259.0,3597.0,3634.0,4182.5,2954.0,1234.5,1733.5,2447.5,2932.5,3163.0,3410.5,3882.0,3972.0,4179.5,2974.5,1213.5,1697.5,2484.0,2938.0,3163.0,3408.5,3783.5,3909.0,3829.5,2868.5,1156.0,1550.0,2198.0,2556.5,2714.5,2964.5,3298.0,3354.5,2329.5,1836.0,771.0,1019.0,1415.5,1635.0,1651.0,1767.5,1821.0,1934.5,1871.0,1561.0,539.5,743.0,996.0,1106.5,1145.0,1226.0,1335.0,1350.5,2381.5,1877.5,830.5,1082.0,1471.5,1664.5,1697.0,1804.0,1887.0,1994.0,2300.5,1819.0,931.5,1141.5,1461.0,1623.5,1663.5,1762.5,1872.0,1918.5,1995.0,1605.0,681.5,866.5,1133.5,1253.5,1290.0,1382.0,1516.0,1491.5,1858.0,1577.5,545.5,725.5,937.0,1054.0,1094.5,1202.5,1260.5,1305.0,765.5,488.5,297.5,425.0,569.5,660.5,666.5,712.0,754.5,750.0,0.0,0.0,0.0,0.0,0.0,0.0,0.0,0.0,0.0,0.0,1451.5,1054.5,446.5,615.0,794.5,893.5,934.0,1011.0,1080.0,1104.0,1800.0,1441.5,660.0,806.0,970.0,1051.5,1129.5,1186.0,1269.0,1284.5,2323.5,1908.5,884.0,1133.0,1370.0,1501.0,1549.5,1612.0,1727.5,1704.0,2238.0,1850.5,826.5,1054.5,1294.5,1381.0,1411.0,1490.5,1602.0,1578.0,1968.0,1626.0,632.5,809.0,1014.5,1110.5,1097.5,1163.0,1267.0,1283.5,2093.0,1780.0,756.0,953.0,1156.5,1278.0,1292.0,1381.0,1469.0,1460.0,2376.5,2056.0,836.5,1080.5,1317.5,1457.5,1497.5,1578.5,1717.0,1681.0,"{""type"":""MultiPoint"",""coordinates"":[]}"
32_0,3,2135.0,1746.5,850.0,938.0,1127.5,1290.0,1335.5,1438.5,1534.5,1538.0,2352.0,1976.0,665.0,933.0,1181.0,1430.0,1670.0,1789.0,1847.0,2012.0,2538.0,2191.0,767.0,976.0,1271.0,1549.0,1670.0,1789.0,1847.0,2050.0,2542.0,2244.5,822.0,1081.5,1408.5,1598.0,1725.5,1803.0,1874.0,1980.0,1483.0,1315.0,506.0,645.0,905.0,1133.0,1131.0,1167.0,1219.0,1356.0,1506.0,1280.0,574.0,775.0,920.0,1230.0,1145.0,1343.0,1169.0,1390.0,1383.0,1167.0,554.0,879.0,846.0,1312.0,1508.0,1623.0,1551.0,1645.0,2087.0,1365.0,554.0,891.0,846.0,1418.0,2229.0,2484.0,2493.0,2478.0,1867.0,1331.0,565.0,880.0,886.0,1459.0,2142.0,2459.0,2488.0,2478.0,2102.5,1411.5,369.5,716.5,664.0,1268.0,2620.5,3177.5,3345.0,3276.0,2080.5,1408.5,385.5,688.0,655.5,1233.5,2665.5,3521.0,3597.0,3632.5,3313.0,2927.5,1648.0,1870.5,2145.5,2398.0,2494.0,2576.5,2676.5,2686.5,2041.0,1367.5,329.5,602.5,578.5,1132.5,2559.0,3569.5,3693.5,3773.0,1990.5,1403.5,335.5,615.5,584.0,1117.0,2535.0,3630.5,3772.0,3853.0,1943.0,1364.0,540.0,736.0,680.0,1119.0,2515.0,3592.0,3737.0,3771.0,1861.0,1283.0,677.0,951.0,832.0,1418.0,2791.0,3544.0,3796.0,3810.0,1939.0,1264.0,547.0,898.0,802.0,1497.0,2733.0,3392.0,3845.0,3715.0,2003.0,1387.0,461.0,847.0,883.0,1558.0,2733.0,3269.0,3517.0,3674.0,2794.0,1974.5,942.0,1374.5,1812.0,2401.0,2890.5,3277.0,3558.5,3747.5,3135.0,2249.5,1180.5,1619.0,2093.5,2540.0,2885.5,3115.0,3441.0,3556.5,3831.5,2787.0,1330.0,1821.5,2663.0,3051.0,3330.0,3548.0,4083.5,4057.0,3542.0,2685.0,1277.0,1693.0,2340.0,2892.0,2923.0,3167.0,3417.0,3527.0,2818.5,2491.5,744.5,957.5,1235.5,1417.5,1539.0,1652.5,1807.5,1803.5,3336.5,2601.5,1011.0,1395.5,1878.0,2233.5,2314.0,2504.0,2655.0,2714.5,3929.5,3364.0,2208.0,2465.5,2825.5,3124.0,3232.5,3371.0,3495.0,3580.5,2852.0,2470.5,878.0,1136.5,1419.0,1680.0,1741.0,1900.5,1993.5,2032.5,2818.0,2516.0,940.5,1153.0,1423.0,1699.5,1752.0,1911.0,1960.5,2037.0,2473.0,1916.0,715.5,906.5,1179.0,1357.0,1517.0,1612.5,1806.5,1796.0,0.0,0.0,0.0,0.0,0.0,0.0,0.0,0.0,0.0,0.0,3120.0,2651.0,805.0,1072.0,1371.0,1665.0,1876.0,1931.0,2091.0,2178.0,3059.5,2612.5,842.5,1085.0,1317.0,1687.0,2051.0,2221.0,2302.5,2383.0,2980.5,2490.0,831.5,1072.0,1317.5,1620.0,1965.0,2140.0,2241.5,2287.0,2292.0,1920.0,659.0,829.5,1091.0,1302.5,1487.0,1549.5,1670.5,1780.0,2224.0,1834.0,570.0,749.0,1053.0,1258.0,1424.0,1418.0,1500.0,1703.0,2196.0,1933.0,656.0,854.0,1129.0,1368.0,1486.0,1713.0,1700.0,1870.0,2263.0,1984.0,637.0,862.0,1134.0,1346.0,1507.5,1726.0,1703.5,1815.5,"{""type"":""MultiPoint"",""coordinates"":[]}"
33_0,3,1990.5,1604.0,627.5,776.0,1043.5,1146.5,1189.0,1277.0,1424.0,1443.0,2165.5,1851.0,716.0,912.5,1177.0,1310.5,1370.5,1449.0,1586.5,1578.5,2327.5,1983.5,818.0,1047.5,1356.5,1471.0,1490.5,1563.0,1671.5,1676.0,2565.5,2217.5,974.0,1232.5,1578.0,1698.5,1737.0,1821.0,1919.5,1934.0,1445.0,1290.0,901.0,1110.0,1334.0,1430.0,1459.0,1537.0,1661.0,1637.0,514.0,462.0,598.0,825.0,897.0,1142.0,961.0,1067.0,1043.0,931.0,494.0,395.0,519.0,768.0,759.0,1045.0,1066.0,1144.0,1051.0,1018.0,693.0,552.0,519.0,753.0,696.0,1038.0,1286.0,1387.0,1291.0,1350.0,1151.0,724.0,392.0,684.0,466.0,1006.0,2119.0,2552.0,2584.0,2465.0,1781.0,879.0,228.5,569.5,258.0,897.0,3234.0,4190.0,4239.5,4349.0,1776.5,832.0,94.0,359.0,116.5,690.5,3248.5,4819.5,4870.0,5012.0,2215.0,1845.0,703.0,886.0,1141.0,1254.0,1294.0,1409.0,1528.0,1559.0,1767.0,826.0,137.0,394.0,151.0,761.0,3367.0,4956.0,4995.0,5104.0,1762.0,826.0,119.0,439.0,223.0,887.0,3441.0,5037.0,5172.0,5274.0,1844.0,896.0,212.0,595.0,374.0,1100.0,3649.0,5128.0,5197.0,5472.0,1893.0,927.0,423.0,840.0,588.0,1562.0,3704.0,4690.0,4929.0,5110.0,1890.0,1021.0,444.0,884.0,748.0,1629.0,3385.0,4152.0,4457.0,4539.0,2077.5,1207.0,490.0,975.5,1023.5,1872.0,3078.5,3631.0,3946.5,4089.5,2606.0,1560.5,821.0,1224.5,1475.5,2243.5,3067.5,3482.0,3800.0,3979.0,3059.5,1977.5,918.0,1371.0,1830.5,2618.0,3209.0,3519.5,3899.5,4048.5,4296.0,2872.0,1118.0,1608.0,2414.0,2968.0,3328.0,3577.0,3975.0,4109.0,4129.5,2806.5,1169.5,1630.5,2475.0,3100.0,3198.0,3621.0,3610.5,4043.5,2206.5,1823.5,655.0,834.5,1126.0,1220.0,1281.5,1364.5,1537.5,1515.5,3725.5,2646.5,1028.5,1437.5,2132.0,2631.0,2690.5,3008.0,3111.0,3355.5,3553.5,2550.5,994.0,1300.0,1874.0,2252.5,2401.0,2600.5,2738.5,3013.0,3175.5,2440.5,750.0,990.5,1352.0,1600.5,1728.0,1858.0,1970.5,2135.0,3190.5,2477.5,794.0,980.0,1314.0,1548.5,1666.5,1854.5,1936.5,2051.5,1743.0,1265.0,434.0,589.0,837.0,955.0,992.0,1089.0,1220.0,1229.0,0.0,0.0,0.0,0.0,0.0,0.0,0.0,0.0,0.0,0.0,1634.0,1255.0,525.0,674.0,846.0,964.0,977.0,1047.0,1196.0,1153.0,1874.0,1528.0,632.0,738.0,907.0,1062.0,1088.0,1171.0,1264.0,1313.0,2484.0,2073.0,850.0,1032.0,1265.0,1434.0,1515.0,1585.0,1703.0,1783.0,2396.0,1990.0,871.5,1002.5,1231.5,1382.5,1424.5,1514.0,1660.0,1660.0,2003.0,1650.0,625.5,749.5,954.0,1080.0,1091.5,1155.5,1288.5,1316.5,2395.0,2056.5,838.0,984.5,1198.5,1347.0,1454.0,1581.0,1683.5,1713.0,2380.5,2011.0,854.5,1020.0,1226.5,1362.0,1514.0,1599.0,1766.0,1757.5,"{""type"":""MultiPoint"",""coordinates"":[]}"
34_0,3,988.0,821.5,347.5,411.0,483.5,536.0,563.0,611.0,614.0,641.0,1530.5,1306.0,610.0,757.5,884.0,926.5,972.5,1036.5,1086.0,1086.0,1550.5,1335.5,673.5,829.0,968.5,1003.5,1038.0,1078.0,1149.5,1144.0,705.0,648.5,575.5,831.5,857.0,996.0,880.0,921.0,939.5,873.0,497.0,448.0,622.0,861.0,814.0,1060.0,977.0,1034.0,945.0,890.0,667.0,546.0,600.0,861.0,781.0,1083.0,977.0,1041.0,1035.0,923.0,1128.0,823.0,589.0,1035.0,690.0,1399.0,1761.0,1869.0,1776.0,1703.0,1498.0,989.0,578.0,1098.0,643.0,1612.0,2781.0,2885.0,2963.0,2779.0,1697.0,992.0,442.0,1054.0,493.0,1541.0,3469.0,3750.0,3745.0,3693.0,1667.0,878.0,344.5,932.5,404.0,1491.5,3902.5,4543.0,4452.5,4519.5,1603.5,835.0,228.5,728.5,268.5,1257.0,3823.0,4588.5,4537.5,4597.0,1254.0,1044.0,440.0,560.0,671.0,733.0,766.0,828.0,874.0,878.0,1578.0,828.0,261.0,689.0,292.0,1134.0,3709.0,4546.0,4562.0,4641.0,1543.0,783.0,185.0,617.0,215.0,1137.0,3825.0,4664.0,4720.0,4792.0,1667.0,855.0,280.0,756.0,357.0,1320.0,3912.0,4841.0,4922.0,5116.0,1787.0,922.0,433.0,990.0,516.0,1700.0,3988.0,4583.0,4695.0,4839.0,1793.5,959.5,488.0,1076.0,623.0,1804.5,3694.0,4132.0,4426.5,4439.5,1935.5,1086.5,549.5,1228.0,962.5,2174.0,3555.5,3875.0,4182.0,4297.0,2168.0,1247.5,859.5,1488.5,1408.5,2372.5,3380.5,3713.5,4037.5,4105.0,3684.0,2559.5,1284.0,1763.5,2182.5,3049.0,3484.0,3748.0,4080.5,4155.5,3939.0,2730.0,1436.0,1996.0,2776.0,3404.0,3585.0,3787.0,4183.0,4277.0,2824.0,2152.0,1052.5,1373.0,1836.0,2270.0,2294.0,2503.5,2384.0,2621.0,1282.0,1073.0,542.0,641.0,744.0,787.0,781.0,842.0,879.0,884.0,2089.0,1757.0,587.0,833.0,1094.0,1289.0,1282.0,1349.0,1397.0,1604.0,1980.5,1659.5,649.0,819.5,1036.5,1200.5,1249.5,1332.5,1386.5,1445.0,2250.0,1910.5,755.0,958.0,1255.5,1411.0,1483.0,1544.5,1652.5,1684.0,2346.0,2039.5,809.0,1035.5,1320.5,1499.5,1519.5,1596.5,1681.0,1688.0,1799.0,1402.0,540.0,667.0,953.0,1024.0,1108.0,1176.0,1332.0,1331.0,0.0,0.0,0.0,0.0,0.0,0.0,0.0,0.0,0.0,0.0,1769.0,1573.0,657.0,845.0,984.0,1077.0,1098.0,1131.0,1235.0,1224.0,1234.0,1092.0,552.0,607.0,678.0,735.0,748.0,803.0,839.0,859.0,1586.0,1314.0,674.0,851.0,952.0,1054.0,1198.0,1261.0,1344.0,1379.0,1259.0,1060.0,466.5,550.5,646.0,686.5,747.0,808.5,878.0,870.5,981.5,817.5,351.0,361.5,434.0,457.0,461.5,490.0,543.5,530.0,1389.5,1230.5,565.0,668.5,767.0,845.5,872.5,929.5,959.5,930.0,1410.0,1217.5,541.0,681.5,798.0,856.5,869.5,923.0,968.5,968.5,"{""type"":""MultiPoint"",""coordinates"":[]}"
35_0,3,3204.5,2875.0,2665.5,2531.0,2580.5,2699.0,2784.0,2858.5,2988.0,2919.5,2714.0,2408.0,854.0,1154.0,1490.0,1694.0,1785.0,1862.0,1947.0,2036.0,2434.0,2204.0,760.0,985.0,1314.0,1521.0,1571.0,1695.0,1714.0,1842.0,1172.0,1044.5,621.0,792.0,895.0,1138.0,1036.5,1116.0,1049.5,1147.5,1105.0,928.0,517.0,726.0,863.0,1134.0,1160.0,1234.0,1215.0,1281.0,1162.0,1019.0,565.0,758.0,905.0,1180.0,1234.0,1323.0,1271.0,1358.0,1254.0,964.0,384.0,569.0,586.0,1086.0,1284.0,1332.0,1244.0,1425.0,1983.0,1413.0,441.0,671.0,683.0,1091.0,1745.0,1919.0,1906.0,2051.0,1646.0,1194.0,310.0,504.0,490.0,1004.0,1931.0,2432.0,2448.0,2523.0,1793.0,1116.5,189.5,411.0,341.5,842.0,2310.0,3312.5,3375.5,3348.5,1831.5,1135.5,212.0,403.0,360.5,832.5,2458.0,3664.0,3858.0,3856.5,2410.0,2096.0,886.5,897.0,1006.5,1185.5,1380.0,1500.0,1579.0,1649.5,1879.0,1171.0,249.5,484.0,479.5,979.0,2660.5,3886.0,4034.5,4099.5,1963.0,1177.5,316.5,680.5,511.5,1341.5,3003.0,3977.5,4208.5,4199.5,1993.0,1208.0,587.0,900.0,784.0,1527.0,3115.0,3822.0,3918.0,3986.0,2094.0,1296.0,778.0,1146.0,1088.0,1807.0,2950.0,3392.0,3660.0,3677.0,2117.0,1435.0,662.0,1096.0,1088.0,1866.0,2824.0,3199.0,3527.0,3534.0,2501.0,1652.0,729.0,1165.0,1275.0,2062.0,2824.0,3199.0,3442.0,3499.0,4361.5,3166.5,1251.0,1688.0,2316.0,2699.0,2937.0,3247.0,3613.5,3569.5,4203.5,3185.0,1224.0,1668.5,2393.5,2675.0,2834.0,3099.5,3506.0,3467.5,4062.0,3111.0,1174.0,1598.0,2365.0,2651.0,2784.0,3046.0,3566.0,3520.0,3905.5,3185.0,1158.0,1505.5,2088.0,2416.0,2505.0,2774.0,2955.5,3101.0,2309.0,1847.0,436.0,680.0,930.0,1124.0,1304.0,1422.0,1468.0,1580.0,3470.5,2883.0,866.5,1141.5,1510.0,1760.5,1888.5,2054.5,2166.5,2328.0,3940.0,3589.0,2094.5,2193.0,2433.0,2711.0,2794.0,2846.5,2917.5,3037.5,3306.0,2991.5,893.0,1028.5,1271.0,1470.0,1588.0,1711.5,1887.0,1962.5,3007.5,2693.5,823.0,955.0,1154.5,1366.0,1493.5,1596.0,1732.5,1811.5,2029.0,1607.5,453.5,615.0,805.0,1009.5,1168.5,1270.5,1424.0,1484.0,0.0,0.0,0.0,0.0,0.0,0.0,0.0,0.0,0.0,0.0,2182.0,1697.0,349.0,586.0,836.0,1096.0,1456.0,1430.0,1508.0,1727.0,2324.0,1951.0,493.0,687.0,878.0,1203.0,1456.0,1660.0,1530.0,1727.0,2600.0,2078.0,576.0,819.0,992.0,1382.0,1885.0,2147.0,2083.0,2221.0,2196.0,1776.5,636.5,811.5,936.0,1274.0,1860.5,1932.0,2034.5,2269.5,1966.0,1544.0,550.0,725.0,842.5,1176.0,1672.0,1716.0,1816.5,2030.0,2273.0,1991.0,552.0,752.0,1041.0,1232.0,1308.0,1481.0,1514.0,1579.0,2339.0,2113.5,683.5,922.5,1203.0,1385.5,1513.5,1613.5,1675.5,1732.5,"{""type"":""MultiPoint"",""coordinates"":[]}"
36_0,3,1836.5,1530.0,470.5,616.0,859.5,994.5,1035.5,1144.0,1203.0,1252.0,2150.0,1878.5,896.5,1139.5,1361.0,1469.0,1507.5,1567.0,1663.0,1665.0,2248.0,1937.0,874.5,1110.5,1351.5,1472.0,1489.5,1566.0,1667.0,1662.0,2150.0,1892.5,879.0,1094.5,1323.0,1447.5,1461.0,1530.5,1607.0,1613.5,255.0,228.5,620.0,836.0,896.5,1021.5,883.0,1035.5,944.0,919.5,388.5,266.0,792.0,974.5,1062.5,1281.0,1202.0,1236.0,1275.5,1163.5,274.5,160.0,580.0,831.0,807.5,1102.0,1042.5,1143.5,1087.5,897.5,437.5,269.0,472.0,720.5,614.0,1071.0,1229.5,1336.0,1222.0,1056.0,732.0,473.0,363.0,590.0,410.0,919.0,1753.0,2025.5,1937.5,1692.0,1334.5,717.5,232.0,537.5,290.5,925.5,2652.0,3265.5,3197.0,3018.0,1406.0,689.0,198.0,416.5,220.0,733.0,2696.0,3674.5,3720.0,3658.0,2082.5,1762.5,561.0,737.5,978.0,1125.0,1179.5,1273.0,1303.0,1404.5,1457.5,703.5,211.0,438.0,210.0,780.5,2918.0,3894.5,3859.0,3960.5,1515.5,707.5,206.0,490.5,214.5,885.5,3287.0,4207.5,4300.5,4401.0,1607.5,766.0,347.5,777.5,440.5,1348.0,3447.0,4328.0,4366.0,4450.0,1778.5,945.0,573.5,1097.5,821.0,1893.0,3451.0,3970.5,4050.0,4218.5,1915.0,1066.5,613.5,1153.0,1020.5,2006.5,3138.5,3539.5,3852.0,3865.0,2355.0,1454.0,679.0,1170.0,1420.0,2165.0,2873.0,3215.0,3447.0,3602.0,3370.5,2210.5,1048.0,1541.5,1987.5,2577.0,3008.5,3292.0,3681.0,3750.0,4057.5,2848.0,1115.0,1545.5,2306.0,2789.0,3040.0,3340.0,3687.0,3798.5,4189.5,2854.0,1137.5,1613.0,2445.0,2934.0,3187.0,3461.0,3788.5,3959.0,2443.0,1879.5,751.5,1007.0,1444.0,1656.0,1724.5,1942.5,1897.0,2092.0,1927.5,1588.5,423.0,638.5,880.5,1000.5,1056.5,1155.0,1249.5,1291.5,2482.0,1924.0,779.5,1039.5,1460.0,1696.0,1743.5,1941.5,1906.0,2076.0,2385.5,1875.0,860.0,1084.5,1447.5,1675.5,1762.5,1850.5,1923.5,1989.0,2142.5,1734.5,660.5,839.0,1131.5,1291.0,1358.5,1458.0,1538.0,1591.5,2294.5,1899.5,755.0,932.0,1192.5,1351.0,1438.0,1580.0,1602.0,1715.5,1898.0,1521.0,540.0,678.0,933.5,1097.5,1125.5,1188.5,1347.5,1382.0,0.0,0.0,0.0,0.0,0.0,0.0,0.0,0.0,0.0,0.0,1577.0,1229.0,420.5,573.5,754.5,895.5,939.0,1008.5,1108.5,1121.0,1829.5,1506.0,561.0,679.5,858.5,996.0,1052.0,1124.0,1214.0,1239.5,2324.5,1919.5,766.5,978.0,1212.0,1366.5,1418.0,1509.5,1614.5,1635.0,2242.5,1859.0,737.5,908.0,1160.5,1317.5,1365.0,1433.0,1551.0,1565.0,1859.5,1519.0,634.0,711.5,884.5,995.0,1019.5,1091.5,1239.5,1221.0,1943.5,1748.5,668.0,840.0,1036.0,1149.5,1195.0,1265.5,1356.0,1360.5,1943.5,1741.5,639.0,840.0,1036.0,1149.5,1195.0,1265.5,1356.0,1360.5,"{""type"":""MultiPoint"",""coordinates"":[]}"
37_0,3,1940.5,1572.5,641.0,776.0,1029.0,1141.0,1164.0,1271.0,1390.0,1397.0,2271.0,1901.0,770.5,1009.0,1260.5,1365.0,1418.5,1505.0,1631.0,1633.5,2726.5,2338.0,1064.0,1388.0,1709.5,1831.5,1822.0,1900.5,2031.0,2041.5,2975.5,2523.5,1198.5,1524.0,1858.0,1976.0,1991.0,2093.5,2230.5,2218.0,552.0,474.0,999.0,1332.0,1338.0,1575.0,1170.0,1156.0,1138.0,954.0,538.0,423.0,999.0,1332.0,1338.0,1575.0,1170.0,1217.0,1202.0,1164.0,538.0,411.0,537.0,881.0,786.0,1215.0,1147.0,1217.0,1202.0,1164.0,1062.0,817.0,537.0,858.0,704.0,1228.0,1714.0,1826.0,1780.0,1719.0,1768.0,930.0,308.0,652.0,273.0,1027.0,2956.0,3515.0,3696.0,3416.0,1881.0,973.5,242.5,574.0,257.0,953.5,3307.5,4417.0,4610.0,4557.0,1656.5,812.5,58.0,303.5,100.0,678.5,3083.0,4561.0,4703.5,4765.5,2184.0,1789.0,699.0,903.0,1140.0,1250.0,1308.0,1410.0,1504.0,1540.0,1645.0,794.0,105.0,334.0,127.0,655.0,3140.0,4661.0,4828.0,4815.0,1706.0,804.0,42.0,359.0,87.0,775.0,3505.0,4989.0,5322.0,5279.0,1764.0,844.0,299.0,826.0,376.0,1420.0,3890.0,4987.0,5322.0,5331.0,1989.0,1009.0,529.0,1115.0,770.0,1954.0,3884.0,4621.0,4974.0,5042.0,2050.0,1183.0,580.5,1181.5,947.0,2070.0,3691.0,4242.0,4732.5,4584.0,2774.5,1750.5,870.0,1568.5,1765.5,2746.5,3806.0,4150.0,4639.0,4649.0,3619.0,2402.5,1295.5,2053.0,2841.5,3554.0,4149.5,4506.5,5044.5,5003.5,4351.0,3078.0,1456.5,1992.0,2916.0,3409.5,3691.0,3930.0,4306.5,4402.0,4014.0,2935.0,1281.0,1809.0,2623.0,2922.0,3072.0,3376.0,3780.0,3722.0,4092.5,2832.5,1370.5,1875.0,2750.0,2917.0,3267.0,3463.0,3722.5,3743.0,2165.0,1804.5,687.0,866.5,1127.5,1252.0,1287.0,1361.0,1523.5,1513.5,3653.0,2571.0,1064.5,1419.5,2014.5,2305.0,2532.0,2607.5,2811.5,2926.5,3360.0,2455.5,1090.5,1416.5,1974.0,2113.0,2212.5,2435.5,2747.0,2664.5,3037.0,2461.5,824.0,1027.0,1399.5,1559.5,1615.5,1730.5,1991.0,1957.5,3058.0,2444.0,826.0,993.5,1331.0,1469.5,1601.0,1715.0,1850.5,1917.0,1868.0,1174.0,536.0,686.0,969.0,1056.0,1085.0,1159.0,1304.0,1290.0,0.0,0.0,0.0,0.0,0.0,0.0,0.0,0.0,0.0,0.0,1818.0,1416.0,595.0,773.0,997.0,1070.0,1105.0,1172.0,1288.0,1327.0,1977.0,1641.0,704.0,804.0,983.0,1096.0,1093.0,1183.0,1258.0,1309.0,2436.0,2082.0,837.0,1045.0,1288.0,1434.0,1442.0,1533.0,1649.0,1649.0,2633.0,2241.0,1045.0,1221.0,1451.0,1584.0,1688.0,1814.0,1938.0,1955.0,2017.0,1623.5,669.5,803.0,1021.5,1111.5,1110.0,1185.0,1296.0,1309.0,2437.0,2059.0,903.0,1067.0,1293.0,1360.0,1480.0,1596.0,1729.0,1720.0,2268.5,1875.5,773.0,986.0,1250.0,1365.0,1431.0,1521.5,1640.5,1646.0,"{""type"":""MultiPoint"",""coordinates"":[]}"
38_0,3,3126.5,2427.0,852.5,1003.5,1308.0,1512.0,1596.0,1759.0,1895.5,2024.0,2086.0,1950.0,633.0,863.0,1143.0,1256.0,1304.0,1381.0,1487.0,1506.0,2189.0,2071.0,705.0,923.0,1206.0,1379.0,1371.0,1469.0,1541.0,1578.0,2124.0,2006.0,710.5,953.0,1233.0,1360.5,1406.0,1489.5,1556.5,1569.0,597.0,544.0,908.0,1001.0,1030.0,1117.0,965.0,995.0,965.0,878.0,378.0,300.0,356.0,598.0,570.0,752.0,687.0,726.0,651.0,607.0,504.0,373.0,312.0,541.0,461.0,785.0,904.0,946.0,928.0,944.0,1192.0,682.0,302.0,576.0,445.0,867.0,1760.0,2017.0,2032.0,1972.0,1029.0,537.0,158.0,361.0,213.0,582.0,1578.0,2017.0,2014.0,1972.0,1074.0,548.5,73.0,266.0,72.0,506.5,2089.5,2870.0,2914.0,2915.0,1212.0,561.0,35.5,205.5,36.0,390.0,2280.5,3470.0,3555.0,3587.5,3350.5,2739.0,1299.5,1317.0,1507.0,1693.5,1720.0,1830.5,2000.5,2008.0,1221.5,555.0,28.0,190.5,19.5,401.0,2363.5,3918.5,3955.0,3986.5,1090.0,508.5,39.5,245.0,37.5,517.0,2527.0,3947.5,4029.5,4099.0,1170.0,545.0,450.0,754.0,496.0,1087.0,2948.0,3937.0,4057.0,4138.0,1286.0,658.0,588.0,948.0,697.0,1476.0,3078.0,3783.0,3913.0,3956.0,1285.0,678.0,486.0,903.0,697.0,1514.0,2826.0,3346.0,3540.0,3551.0,1563.0,922.0,449.0,934.0,950.0,1784.0,2702.0,3091.0,3283.0,3399.0,4244.0,3024.5,1147.5,1622.0,2374.0,2800.0,3098.5,3400.0,3781.5,3878.5,4298.0,3154.0,1225.5,1664.5,2430.5,2767.0,3003.0,3240.5,3599.0,3652.5,3604.0,2939.0,1016.0,1465.0,2095.0,2367.0,2555.0,2777.0,3083.0,3089.0,3496.5,2570.0,1005.0,1372.0,1975.0,2268.5,2350.5,2558.0,2741.0,2901.5,3309.0,2662.0,668.0,888.0,1261.0,1420.0,1507.0,1669.0,1842.0,1947.0,3741.5,2936.5,964.0,1275.0,1721.0,1996.0,2115.0,2301.5,2446.5,2582.0,5017.0,4355.0,2908.5,3080.0,3435.5,3724.5,3771.0,3893.0,4095.0,4112.0,3384.0,2876.0,928.5,1059.0,1341.0,1540.0,1665.5,1769.5,1930.5,1999.5,3224.0,2730.5,877.0,1017.0,1270.0,1471.0,1584.5,1716.0,1861.0,1916.0,2129.5,1586.5,512.0,666.5,945.0,1111.5,1186.5,1300.5,1473.5,1534.5,0.0,0.0,0.0,0.0,0.0,0.0,0.0,0.0,0.0,0.0,3638.0,2869.0,832.0,1160.0,1642.0,1899.0,1915.0,2077.0,2292.0,2386.0,3916.0,2965.0,1126.0,1347.0,1741.0,1948.0,2041.0,2175.0,2487.0,2452.0,3613.0,2966.0,965.0,1254.0,1695.0,1918.0,1997.0,2127.0,2332.0,2492.0,2787.5,2295.0,951.0,1103.0,1361.5,1502.0,1577.5,1630.5,1955.5,1826.5,1946.0,1609.0,709.0,834.0,1074.0,1213.0,1246.0,1252.0,1415.0,1343.0,1844.0,1727.5,514.5,680.5,950.5,1056.0,1093.0,1137.0,1236.0,1257.0,1914.0,1778.5,557.0,751.5,1019.0,1124.0,1180.0,1250.5,1339.0,1351.5,"{""type"":""MultiPoint"",""coordinates"":[]}"
39_0,3,2147.0,1738.5,652.5,793.5,1072.0,1233.0,1276.0,1355.0,1440.5,1506.5,2149.5,1837.5,718.5,928.5,1192.5,1297.0,1363.5,1460.5,1566.5,1578.5,2320.0,2012.5,821.5,1057.5,1352.0,1462.0,1490.0,1578.5,1684.5,1683.5,2480.5,2153.0,868.0,1134.5,1450.0,1563.0,1610.0,1704.5,1798.0,1812.0,625.0,572.0,648.0,815.0,871.0,1019.0,949.0,969.0,957.0,902.0,338.0,286.0,579.0,714.0,791.0,966.0,877.0,969.0,957.0,876.0,474.0,323.0,531.0,714.0,714.0,921.0,1047.0,1120.0,1077.0,1038.0,990.0,753.0,492.0,902.0,548.0,1143.0,1696.0,1796.0,1720.0,1780.0,1784.0,835.0,383.0,823.0,383.0,1169.0,3881.0,4618.0,4658.0,4654.0,2047.5,1023.5,329.0,738.5,373.0,1232.0,3731.5,4761.5,4892.5,5052.0,1974.5,990.5,230.0,568.5,351.5,1088.0,3466.5,4608.5,4786.0,4959.5,2404.0,1960.0,731.0,910.0,1168.0,1357.0,1399.0,1509.0,1545.0,1637.0,1975.0,976.0,282.0,606.0,399.0,1068.0,3499.0,4550.0,4612.0,4988.0,1914.0,953.0,249.0,606.0,426.0,1082.0,3593.0,4732.0,4926.0,5178.0,1926.0,953.0,312.0,732.0,475.0,1291.0,3643.0,4757.0,4893.0,5178.0,1990.0,1069.0,463.0,937.0,703.0,1699.0,3685.0,4492.0,4655.0,4901.0,2076.0,1162.0,524.0,992.5,826.0,1761.0,3439.0,4083.0,4377.5,4431.0,2280.0,1350.5,582.0,1081.0,1114.0,2011.5,3298.5,3763.5,4050.0,4259.5,2646.0,1582.0,839.5,1292.0,1432.5,2345.0,3301.5,3677.0,3996.0,4178.0,3917.5,2708.5,1162.0,1642.0,2177.0,2882.0,3374.0,3704.5,3991.0,4126.5,3573.0,2585.0,1173.0,1615.0,2267.5,2734.0,2946.5,3205.5,3471.0,3585.0,3296.0,2338.0,1007.0,1408.0,2022.0,2554.0,2659.0,3042.0,2946.0,3326.0,2356.0,1946.0,700.0,876.5,1154.5,1291.5,1344.0,1456.5,1565.5,1611.5,3295.0,2389.0,969.5,1312.5,1847.0,2297.0,2452.0,2688.5,2645.0,2878.5,3069.5,2240.5,994.0,1250.0,1700.0,2113.5,2174.5,2379.0,2345.5,2568.0,2778.0,2182.0,777.0,982.0,1310.5,1556.0,1615.5,1765.0,1841.5,1906.0,2965.5,2327.5,841.0,1005.0,1321.5,1524.5,1631.5,1811.5,1817.5,1886.0,1859.0,1383.0,534.0,672.0,942.0,1099.0,1135.0,1235.0,1363.0,1399.0,0.0,0.0,0.0,0.0,0.0,0.0,0.0,0.0,0.0,0.0,2162.0,1773.0,628.0,794.0,1031.0,1135.0,1169.0,1238.0,1343.0,1385.0,2228.0,1904.0,670.0,758.0,978.0,1104.0,1124.0,1196.0,1280.0,1341.0,2322.0,1935.5,734.0,900.5,1135.5,1253.0,1277.5,1375.5,1485.5,1527.5,2413.0,1952.0,722.0,834.0,1079.0,1183.0,1151.0,1233.0,1311.0,1371.0,2468.0,1995.5,799.5,913.5,1127.0,1244.0,1262.5,1359.5,1449.5,1501.5,2508.0,2159.0,828.0,993.0,1175.0,1305.0,1402.0,1529.0,1626.0,1638.0,2270.0,1923.0,715.0,957.0,1227.0,1352.0,1383.0,1492.0,1602.0,1616.0,"{""type"":""MultiPoint"",""coordinates"":[]}"
40_0,3,1552.5,1308.0,347.5,456.0,667.0,736.5,784.0,879.5,985.0,1007.5,2070.0,1810.0,749.0,996.5,1261.5,1375.5,1416.0,1457.5,1566.5,1574.0,2189.5,1935.5,706.5,945.0,1229.5,1336.0,1386.5,1462.5,1554.0,1576.5,2091.5,1856.0,701.5,936.0,1206.5,1306.0,1363.5,1445.0,1511.0,1543.5,308.5,346.0,373.5,605.5,594.5,872.5,734.0,827.5,679.5,733.0,377.5,335.0,516.0,770.0,755.0,923.0,946.0,931.0,961.5,898.0,662.5,453.0,469.5,720.0,572.0,977.0,1346.0,1461.5,1331.5,1324.0,1124.5,655.5,339.5,614.0,322.5,913.5,2404.5,2712.0,2713.0,2563.0,1448.0,723.5,115.0,397.5,197.5,814.5,3268.5,4427.0,4691.5,4865.0,2006.5,1033.0,236.5,580.5,401.0,1052.5,3165.5,4190.0,4465.5,4759.5,2005.0,1008.5,200.0,465.0,304.5,847.0,2890.0,4005.0,4336.0,4477.0,1773.0,1518.0,427.0,581.5,815.5,889.0,952.0,1020.5,1137.5,1159.0,1821.0,908.0,201.0,397.5,268.5,748.0,2794.5,3948.0,4079.5,4321.5,1707.5,793.0,185.5,394.0,219.0,755.5,3007.0,4304.5,4564.0,4670.0,1713.5,821.5,327.0,719.0,381.5,1247.5,3479.0,4520.0,4675.0,4825.0,1963.0,1039.5,539.0,1030.0,704.5,1741.0,3792.5,4588.5,4858.5,4986.0,2074.0,1115.0,568.0,1122.5,881.0,1916.0,3717.5,4415.0,4784.0,4824.0,2331.0,1332.0,620.0,1179.0,1153.0,2048.0,3524.0,4075.0,4391.0,4548.0,3231.5,2029.0,950.0,1414.0,1671.0,2430.5,3147.0,3602.5,3901.5,4120.5,3752.5,2549.5,960.5,1394.5,2011.0,2462.0,2757.5,3053.0,3408.0,3564.0,3639.5,2524.0,889.0,1302.0,1916.0,2331.0,2618.5,2912.5,3339.0,3410.0,2675.0,2006.5,814.0,1105.5,1623.0,1914.5,2007.0,2192.5,2266.5,2443.0,1654.0,1376.5,322.5,479.0,716.0,802.0,880.5,917.5,1070.5,1121.0,2711.5,2045.0,861.5,1185.5,1662.5,1935.5,2021.0,2177.5,2285.0,2403.0,2614.0,1972.0,958.5,1203.0,1599.5,1847.5,1916.0,2064.5,2215.0,2278.5,2353.0,1867.5,685.0,884.0,1186.5,1383.5,1433.5,1565.0,1668.0,1748.5,2545.0,2046.5,763.5,924.5,1228.5,1424.5,1492.0,1654.0,1718.0,1791.0,2077.0,1441.5,539.0,700.5,960.5,1074.5,1185.0,1263.5,1421.5,1415.5,0.0,0.0,0.0,0.0,0.0,0.0,0.0,0.0,0.0,0.0,1460.0,1101.0,335.0,455.5,634.5,726.5,758.0,871.5,965.0,1005.0,1697.5,1376.0,472.0,579.5,704.5,838.5,950.5,1024.0,1100.5,1131.0,2129.5,1766.5,607.0,807.0,970.0,1170.0,1354.5,1453.5,1579.5,1575.5,2033.0,1658.0,527.0,680.0,874.0,1041.0,1193.0,1295.5,1438.0,1458.5,1788.5,1449.5,416.0,533.5,721.5,870.5,1033.0,1108.0,1210.5,1245.0,1769.5,1577.5,481.5,640.0,829.5,935.5,1002.0,1080.0,1171.5,1182.0,1812.0,1645.5,490.5,671.0,870.0,968.0,1034.5,1109.5,1205.5,1204.0,"{""type"":""MultiPoint"",""coordinates"":[]}"
41_0,3,1895.0,1581.5,557.0,722.5,964.5,1086.5,1117.0,1209.0,1291.5,1297.5,2569.5,2169.0,1030.0,1339.0,1649.0,1785.0,1819.5,1882.0,2000.5,1973.5,2589.5,2157.5,940.0,1239.5,1572.5,1725.5,1730.0,1800.5,1895.0,1941.0,2697.5,2300.5,1027.5,1337.5,1668.0,1832.0,1867.0,1948.0,2000.5,2065.5,333.5,299.5,770.5,1035.0,1116.5,1304.5,1108.5,1126.0,1118.0,1003.5,278.0,208.0,621.5,878.0,934.5,1215.0,1057.5,1091.0,1043.0,971.5,391.5,276.0,622.5,888.5,921.5,1215.0,1186.5,1274.0,1218.0,1129.0,786.0,589.0,604.5,885.5,850.0,1178.0,1557.5,1668.5,1491.5,1518.5,1238.0,738.5,398.5,719.5,489.5,1104.5,2331.0,2705.0,2653.0,2649.0,1709.0,962.5,325.5,705.5,542.5,1296.0,2939.0,3439.5,3598.0,3746.0,1733.0,965.0,342.0,708.5,564.0,1334.5,2756.5,3223.0,3405.0,3510.5,2183.5,1863.5,635.0,850.0,1101.0,1263.5,1314.0,1380.5,1440.0,1525.0,1747.5,972.5,339.5,733.0,550.5,1349.5,2792.5,3308.0,3427.5,3537.0,1608.5,856.0,332.0,712.5,528.5,1283.5,2826.0,3378.5,3501.0,3669.5,1547.5,832.0,355.0,684.0,489.5,1199.0,2716.0,3198.5,3267.0,3459.0,1702.5,907.5,454.0,912.5,549.0,1514.0,3035.0,3440.5,3599.5,3671.5,1725.5,954.0,458.5,964.5,651.5,1634.5,2872.0,3216.5,3448.0,3432.0,1887.0,1079.0,486.0,1048.0,862.0,1842.0,2693.0,2945.0,3117.0,3235.0,2179.0,1251.5,699.5,1270.5,1306.5,2149.0,2822.5,3058.0,3306.5,3429.5,2463.5,1522.0,730.0,1299.0,1479.5,2194.5,2741.5,3007.0,3231.0,3438.5,3546.0,2504.0,958.0,1395.0,1831.0,2265.0,2550.5,2775.5,3147.0,3233.0,1950.0,1490.0,523.5,771.5,1083.0,1297.5,1344.5,1445.5,1498.0,1583.5,2018.0,1704.5,513.5,733.0,1012.5,1130.0,1180.5,1262.5,1378.0,1402.5,2032.0,1603.0,557.0,793.0,1097.0,1287.0,1334.0,1414.5,1491.5,1570.0,2216.0,1800.0,769.5,962.0,1206.0,1364.0,1446.0,1489.5,1583.0,1661.0,1998.0,1677.0,601.0,759.5,984.5,1115.5,1149.5,1227.0,1352.5,1369.0,2200.5,1835.5,669.0,836.5,1085.0,1203.0,1208.5,1317.0,1406.5,1454.5,1769.0,1499.0,480.5,598.5,797.5,892.5,926.5,1024.0,1105.5,1147.5,0.0,0.0,0.0,0.0,0.0,0.0,0.0,0.0,0.0,0.0,1663.5,1325.5,484.0,681.0,883.0,981.5,1024.0,1084.5,1195.0,1196.5,1894.5,1600.0,619.5,759.0,952.5,1058.0,1085.0,1163.0,1236.5,1245.0,2320.0,1987.5,796.5,1013.0,1241.5,1374.0,1422.0,1474.0,1614.5,1618.5,2345.5,1978.0,801.5,989.5,1232.0,1362.0,1374.5,1441.0,1573.5,1576.0,2209.5,1812.5,793.0,929.5,1132.0,1253.5,1264.0,1331.5,1446.0,1449.5,2155.0,1808.5,685.5,876.5,1117.0,1249.0,1261.5,1356.5,1422.5,1482.5,2351.5,1980.0,859.5,1128.5,1409.0,1548.5,1571.5,1637.5,1740.0,1742.5,"{""type"":""MultiPoint"",""coordinates"":[]}"
42_0,3,1607.0,1348.5,569.0,700.5,869.5,973.5,1004.5,1070.5,1138.5,1187.5,2138.0,1840.0,796.0,998.0,1197.0,1319.0,1377.0,1478.0,1501.0,1577.0,2317.5,2020.5,962.5,1220.0,1456.5,1590.5,1640.0,1661.5,1723.0,1751.0,2654.5,2327.0,1255.5,1579.5,1849.5,2003.0,1980.0,2042.5,2084.5,2126.5,2285.0,2018.0,1235.0,1523.0,1684.0,1821.0,1617.0,1685.0,1757.0,1748.0,710.0,585.0,1149.0,1458.0,1538.0,1671.0,1331.0,1319.0,1282.0,1175.0,843.0,633.0,791.0,1097.0,1194.0,1393.0,1363.0,1486.0,1475.0,1330.0,843.0,633.0,747.0,1077.0,1115.0,1393.0,1363.0,1433.0,1402.0,1308.0,850.0,711.0,484.0,831.0,767.0,1132.0,1198.0,1313.0,1133.0,1059.0,1389.5,867.5,323.5,679.5,501.0,1067.5,1975.5,2517.0,2248.0,2345.0,1668.0,936.0,277.0,569.0,288.5,883.0,2711.5,3586.0,3631.5,3634.0,1803.0,1518.0,630.0,821.0,990.0,1112.0,1127.0,1161.0,1253.0,1294.0,1621.0,915.0,240.0,488.0,250.0,793.0,2858.0,3869.0,3776.0,3962.0,1593.0,924.0,136.0,454.0,215.0,955.0,3087.0,4081.0,4029.0,4037.0,1669.0,951.0,232.0,590.0,383.0,1152.0,3114.0,4248.0,4163.0,4330.0,1726.0,1007.0,464.0,917.0,633.0,1671.0,3234.0,3782.0,3923.0,3989.0,1757.5,1100.5,490.0,981.0,725.0,1750.5,3060.0,3484.0,3673.5,3740.0,1997.0,1291.5,524.0,1045.0,1034.0,1992.0,2925.0,3256.5,3464.5,3530.5,2315.0,1486.0,868.5,1407.0,1473.0,2257.5,2931.0,3187.0,3487.5,3519.0,2581.5,1798.0,919.5,1448.0,1729.5,2535.5,3063.5,3196.5,3542.0,3626.0,3421.5,2479.0,1144.0,1586.0,2159.0,2692.0,3009.5,3212.0,3608.0,3588.5,3312.0,2409.0,1228.0,1713.0,2396.0,2670.0,2799.0,2783.0,3385.0,3128.0,1679.0,1435.0,467.0,677.0,868.0,977.0,1034.0,1052.0,1153.0,1193.0,3506.0,2658.0,1153.0,1567.0,2158.0,2410.0,2708.0,2685.0,3014.0,3046.0,3335.0,2521.5,1182.0,1532.5,2025.5,2270.5,2374.0,2549.5,2829.0,2808.0,2926.0,2399.5,895.5,1119.0,1487.5,1663.0,1731.5,1862.5,2037.0,2047.0,3150.0,2589.0,968.0,1146.0,1490.0,1768.0,1794.0,1884.0,2054.0,2089.0,1478.0,1220.0,442.0,571.0,757.0,833.0,911.0,942.0,1034.0,998.0,943.0,814.0,690.5,726.0,755.0,810.0,865.0,882.0,952.5,917.0,1442.0,1146.0,465.0,622.0,749.0,866.0,899.0,955.0,1031.0,1069.0,438.0,385.0,197.0,190.0,208.0,254.0,260.0,324.0,258.0,307.0,2233.0,1904.0,820.0,1009.0,1204.0,1382.0,1384.0,1433.0,1495.0,1537.0,2241.0,1921.0,1004.0,1143.0,1305.0,1436.0,1476.0,1588.0,1626.0,1589.0,1729.0,1493.0,573.0,691.0,875.0,986.0,970.0,1036.0,1065.0,1116.0,2139.5,1842.0,806.5,973.5,1143.5,1284.5,1276.5,1382.5,1398.5,1470.0,2128.0,1838.5,815.0,1014.5,1188.0,1295.0,1353.0,1439.5,1471.5,1540.0,"{""type"":""MultiPoint"",""coordinates"":[]}"
43_0,3,1947.5,1617.0,532.5,699.0,960.0,1092.5,1136.0,1182.5,1288.0,1344.5,2533.0,2146.0,987.5,1306.0,1615.0,1744.0,1793.0,1855.5,1972.0,1974.5,2549.5,2156.0,914.0,1211.0,1541.0,1670.0,1703.0,1794.0,1889.5,1898.0,2427.0,2097.5,877.5,1139.0,1446.5,1572.0,1597.0,1703.0,1776.5,1782.0,324.0,294.5,554.5,812.5,863.5,1007.5,853.0,898.0,947.0,891.0,305.5,248.0,649.5,937.0,959.0,1229.0,1078.5,1110.5,1082.0,942.5,499.5,463.0,592.0,898.5,853.5,1233.0,1175.0,1244.5,1165.0,1097.0,1157.0,795.0,430.0,798.0,461.5,1152.0,2299.0,2489.5,2526.0,2399.5,1623.5,834.0,216.0,599.5,242.0,1020.5,3542.5,4436.0,4526.5,4491.0,1743.0,926.5,219.5,619.0,397.0,1231.5,3184.0,4040.5,4317.0,4542.0,1899.0,1022.0,258.5,594.5,471.0,1206.5,2937.5,3716.0,4019.0,4212.0,2275.0,1895.0,632.0,833.5,1104.5,1286.0,1310.5,1414.0,1471.5,1543.5,1833.5,964.5,241.0,558.0,413.0,1120.0,2771.5,3548.5,3768.0,3961.0,1645.5,826.5,157.0,484.5,321.0,1020.5,2747.5,3562.5,3768.0,3941.5,1547.0,785.5,221.5,534.5,286.0,957.5,2766.5,3446.5,3634.0,3721.0,1821.0,936.0,470.5,967.5,541.0,1559.5,3409.5,3899.5,4149.5,4163.5,1893.5,1058.5,475.0,1069.5,665.5,1802.5,3291.5,3686.5,4063.5,4007.5,2040.0,1160.0,526.0,1196.0,946.0,2122.0,3099.0,3394.0,3688.0,3756.0,2369.0,1360.5,850.5,1496.0,1427.0,2540.0,3159.0,3495.5,3840.0,3848.0,2542.5,1625.5,859.0,1504.5,1868.0,2615.5,3046.0,3350.0,3740.0,3820.0,3795.0,2565.5,1105.5,1579.5,2180.0,2657.0,2883.0,3172.5,3648.5,3694.0,2371.0,1715.5,790.0,1134.5,1631.5,1873.5,1965.0,2091.5,2266.5,2322.5,2120.5,1756.0,514.0,761.5,1020.5,1168.0,1219.5,1309.0,1428.0,1417.0,2438.0,1838.5,716.5,1041.5,1454.5,1664.0,1729.5,1854.0,2029.5,2026.5,2518.0,1966.0,870.0,1123.5,1483.5,1683.0,1762.5,1884.0,2009.0,2024.5,2299.0,1868.5,688.5,877.5,1142.5,1304.0,1363.5,1458.0,1558.5,1611.0,2155.0,1782.5,668.0,887.0,1186.5,1322.5,1353.0,1492.5,1593.0,1616.0,1766.5,1473.5,541.5,678.5,910.0,1007.0,1029.5,1161.5,1322.5,1267.5,0.0,0.0,0.0,0.0,0.0,0.0,0.0,0.0,0.0,0.0,1659.5,1241.5,467.5,630.0,860.5,982.0,1033.5,1103.5,1221.5,1247.5,1998.0,1621.0,652.5,807.0,998.5,1151.5,1214.0,1245.5,1359.0,1354.5,2523.5,2077.0,846.0,1101.0,1337.0,1509.0,1600.5,1694.0,1787.5,1807.5,2454.0,2036.0,844.0,1039.5,1312.0,1444.0,1513.0,1579.5,1710.5,1698.0,2270.0,1854.5,808.5,925.5,1152.5,1306.0,1361.0,1421.5,1517.5,1548.0,2196.5,1869.5,690.5,887.0,1153.0,1272.0,1329.5,1415.5,1488.0,1521.0,2306.5,1957.5,769.0,1038.5,1326.0,1474.0,1537.5,1599.0,1700.0,1721.5,"{""type"":""MultiPoint"",""coordinates"":[]}"
44_0,3,154.5,153.0,205.0,286.0,385.0,459.5,262.5,311.5,328.0,228.0,1931.5,1621.5,708.5,897.0,1070.0,1189.0,1250.5,1335.5,1436.5,1404.0,1945.0,1699.0,733.0,938.5,1117.5,1200.5,1227.5,1295.0,1376.5,1373.0,2154.0,1895.0,889.5,1128.5,1311.0,1410.0,1437.5,1512.5,1574.0,1581.0,2070.0,1859.0,996.0,1225.0,1393.0,1479.0,1498.0,1527.0,1588.0,1587.0,692.0,557.0,744.0,886.0,993.0,1064.0,1040.0,1073.0,1084.0,1026.0,209.0,192.0,620.0,854.0,845.0,936.0,582.0,672.0,606.0,502.0,414.0,322.0,621.0,917.0,882.0,1145.0,929.0,1010.0,947.0,845.0,410.0,329.0,451.0,720.0,592.0,1096.0,948.0,1037.0,967.0,818.0,439.0,327.0,328.0,540.5,407.0,1019.0,1530.0,1717.0,1587.5,1438.0,584.0,379.5,232.0,383.0,275.5,779.0,1584.5,1869.5,1748.0,1592.0,187.0,170.0,337.0,444.0,517.0,578.0,485.0,488.0,529.0,407.0,1021.0,567.0,192.0,383.0,239.0,659.0,2132.0,2739.0,2618.0,2569.0,1158.0,585.0,114.0,316.0,153.0,622.0,2364.0,3199.0,3133.0,3094.0,1243.0,616.0,149.0,400.0,197.0,710.0,2649.0,3564.0,3444.0,3588.0,1457.0,740.0,380.0,762.0,438.0,1239.0,3110.0,3750.0,3806.0,3832.0,1457.0,753.0,380.0,825.0,575.0,1460.0,2937.0,3478.0,3690.0,3630.0,1823.5,1067.0,498.0,974.5,936.0,1822.0,2799.0,3121.5,3363.0,3464.0,2277.0,1459.0,1117.0,1508.0,1506.0,2190.0,2821.0,3107.0,3310.0,3451.0,3546.5,2562.0,1077.5,1487.0,2031.5,2438.0,2714.5,2923.0,3251.0,3288.0,3591.5,2544.0,1059.5,1461.5,2080.0,2423.0,2671.0,2876.0,3183.0,3263.5,3508.0,2553.0,1034.0,1440.0,2118.0,2468.0,2593.0,2868.0,2980.0,3071.0,172.0,163.0,453.0,625.0,596.0,631.0,377.0,387.0,368.0,270.0,3568.0,2703.0,1017.0,1396.0,1974.0,2287.0,2400.0,2571.0,2725.0,2885.0,3456.0,2666.0,1002.5,1338.5,1832.0,2114.5,2208.0,2383.5,2623.0,2692.0,3019.0,2483.5,805.0,1029.0,1376.5,1559.0,1644.5,1748.0,1963.5,1984.5,403.0,319.0,404.0,546.0,666.0,798.0,593.0,664.0,665.0,573.0,152.0,132.0,128.0,192.0,235.0,298.0,191.0,198.0,243.0,181.0,0.0,0.0,0.0,0.0,0.0,0.0,0.0,0.0,0.0,0.0,132.0,124.0,144.0,230.0,297.0,382.0,207.0,234.0,214.0,151.0,114.0,110.0,170.0,230.0,313.0,371.0,215.0,252.0,285.0,190.0,597.0,423.0,369.0,529.0,657.0,785.0,826.0,895.0,971.0,1011.0,769.0,558.0,505.0,576.0,742.0,927.0,995.0,1058.0,1167.0,1169.0,1830.0,1148.0,622.0,832.0,1022.0,1285.0,1331.0,1480.0,1577.0,1608.0,3710.0,2998.0,1388.0,1759.0,2081.0,2325.0,2444.0,2560.0,2759.0,2756.0,3969.0,3252.5,1593.0,1932.5,2295.0,2493.5,2637.0,2757.0,2995.5,2960.5,"{""type"":""MultiPoint"",""coordinates"":[]}"
45_0,3,1678.0,1355.0,589.0,718.0,911.0,1037.0,1072.0,1122.5,1197.0,1233.0,2130.5,1804.0,804.5,1009.0,1219.0,1322.5,1373.5,1442.5,1541.5,1541.5,2226.5,1902.0,846.5,1089.5,1336.0,1443.5,1475.0,1523.5,1627.0,1636.0,2567.0,2200.0,1129.5,1438.0,1722.5,1832.0,1849.0,1932.0,2019.0,2009.0,2167.0,1879.0,1094.0,1399.0,1686.0,1787.0,1741.0,1835.0,1721.0,1760.0,374.0,344.0,1094.0,1376.0,1407.0,1490.0,1141.0,1131.0,1115.0,919.0,441.0,326.0,692.0,1019.0,1001.0,1372.0,1249.0,1347.0,1255.0,1160.0,520.0,392.0,615.0,901.0,873.0,1322.0,1259.0,1365.0,1280.0,1184.0,712.0,538.0,483.0,805.0,704.0,1158.0,1501.0,1642.0,1595.0,1508.0,1437.5,790.5,259.0,618.0,330.0,979.5,2638.5,3181.0,3091.5,3010.0,1691.0,831.0,138.0,443.0,156.0,814.0,3006.0,4150.5,4157.0,4179.5,1858.0,1547.0,667.0,838.0,1035.0,1183.0,1175.0,1282.0,1294.0,1345.0,1608.0,778.0,184.0,488.0,165.0,829.0,3262.0,4490.0,4403.0,4595.0,1554.0,778.0,122.0,463.0,195.0,958.0,3423.0,4507.0,4617.0,4703.0,1602.0,795.0,213.0,628.0,350.0,1142.0,3555.0,4636.0,4753.0,4922.0,1630.0,795.0,436.0,976.0,628.0,1758.0,3586.0,4343.0,4421.0,4543.0,1627.0,906.5,476.0,1041.5,772.0,1869.5,3281.0,3697.5,4017.0,4008.5,1888.5,1108.5,533.0,1079.5,1096.0,2057.5,2967.0,3341.0,3550.5,3685.0,2348.0,1403.5,924.5,1445.0,1628.5,2334.0,3024.5,3303.0,3572.5,3649.0,2666.0,1729.5,909.5,1418.5,1833.5,2609.0,3080.5,3347.0,3664.0,3733.5,3495.0,2416.0,1083.0,1567.0,2166.5,2753.5,3057.5,3270.5,3623.5,3757.5,2932.0,2015.0,913.0,1369.0,2080.0,2514.0,2756.0,2853.0,3174.0,3413.0,1758.0,1451.0,498.0,692.0,914.0,1006.0,1079.0,1106.0,1218.0,1223.0,3198.0,2325.0,887.0,1255.0,1811.0,2192.0,2252.0,2627.0,2717.0,2736.0,3060.5,2247.5,940.5,1260.5,1748.0,2019.5,2195.5,2337.5,2574.5,2650.0,2743.5,2114.5,732.5,941.5,1277.0,1517.0,1654.0,1788.0,1874.0,1995.0,2821.0,2279.0,840.0,993.0,1288.0,1573.0,1621.0,1789.0,1808.0,1952.0,1627.0,1326.0,508.0,659.0,900.0,1004.0,1076.0,1095.0,1223.0,1224.0,717.5,639.0,543.5,524.5,564.0,618.5,666.5,743.0,745.5,792.5,1453.0,1123.0,468.0,628.0,779.0,857.0,914.0,968.0,1049.0,1068.0,808.0,712.0,349.0,354.0,400.0,461.0,481.0,534.0,510.0,610.0,2166.0,1828.0,775.0,999.0,1173.0,1288.0,1343.0,1405.0,1496.0,1515.0,2330.0,1998.0,1001.0,1165.0,1354.0,1472.0,1525.0,1604.0,1738.0,1688.0,1676.5,1440.5,544.0,682.0,847.0,935.5,909.5,981.5,1046.0,1059.5,1995.5,1689.0,746.5,943.5,1108.0,1190.0,1231.5,1310.0,1412.0,1370.0,2109.0,1797.0,843.5,1028.5,1207.5,1273.5,1338.5,1404.5,1507.5,1482.5,"{""type"":""MultiPoint"",""coordinates"":[]}"
46_0,3,1757.5,1449.0,532.0,687.5,918.0,987.5,1048.0,1135.0,1245.5,1220.5,2301.0,1957.0,901.5,1193.5,1473.0,1567.0,1624.0,1706.5,1809.0,1794.5,2320.0,1969.5,813.0,1088.0,1372.5,1521.0,1546.0,1633.5,1696.0,1703.5,2278.0,1975.0,843.0,1096.5,1371.5,1528.0,1543.0,1611.0,1672.0,1692.0,617.0,534.5,960.5,1167.5,1127.0,1320.5,1049.0,1089.0,972.5,843.5,617.0,499.5,565.0,851.0,841.0,1195.5,1049.0,1089.0,972.5,913.0,1150.0,860.0,552.5,866.5,721.5,1296.0,1505.0,1619.0,1499.0,1430.0,1643.5,1026.5,411.0,836.0,485.0,1255.0,2814.5,3149.5,3360.0,3063.0,1910.0,1045.5,315.5,786.0,360.5,1206.5,3691.0,4826.5,5005.0,4853.0,1953.0,1075.0,285.5,655.5,480.0,1197.0,3037.0,3905.0,4250.5,4450.5,1902.5,1091.0,300.0,637.0,479.5,1133.5,2787.0,3560.0,3853.5,3846.0,2081.5,1692.5,590.5,804.5,1070.0,1253.5,1218.0,1273.0,1425.5,1472.0,1850.5,1078.5,295.0,609.5,457.0,1074.5,2713.5,3476.0,3703.0,3828.0,1689.0,976.5,287.5,583.0,425.0,1050.0,2683.0,3533.0,3732.5,3910.5,1733.5,978.0,330.5,662.5,502.0,1121.0,2810.0,3680.5,3783.0,3916.0,1979.0,1096.0,561.5,1020.0,697.5,1664.0,3405.0,3980.0,4253.5,4271.5,2030.0,1226.0,536.0,1106.5,757.5,1823.0,3463.5,3851.5,4190.5,4303.0,2208.0,1393.0,612.0,1274.0,1066.0,2202.0,3387.0,3792.0,4132.0,4088.0,2514.5,1569.0,924.0,1566.5,1510.0,2586.5,3426.5,3686.0,4125.0,4099.0,2836.5,1853.5,968.0,1593.0,1766.5,2731.5,3234.5,3492.5,3738.0,3705.0,3701.0,2613.0,1159.0,1592.5,2140.0,2700.5,2996.5,3254.5,3735.5,3575.5,3068.5,2221.0,1180.5,1643.0,2307.0,2526.5,2692.0,2965.5,3259.5,3419.5,1930.5,1598.5,497.5,707.0,983.0,1056.0,1183.0,1180.5,1359.5,1392.0,3145.0,2355.0,1093.5,1470.0,1997.0,2264.0,2386.5,2509.0,2783.0,2792.5,2496.5,1855.0,992.5,1240.0,1591.5,1786.5,1822.5,1958.5,2192.5,2160.5,2765.5,2169.0,811.5,1067.0,1386.5,1560.0,1689.0,1764.0,2008.0,2042.0,2651.0,2088.5,797.0,994.0,1280.5,1459.5,1521.5,1705.0,1831.5,1807.5,1586.5,1307.0,459.5,581.5,783.0,924.0,985.0,1002.5,1128.0,1172.5,0.0,0.0,0.0,0.0,0.0,0.0,0.0,0.0,0.0,0.0,1773.0,1358.5,450.5,641.5,831.5,1000.5,1001.0,1057.5,1185.0,1178.0,1849.0,1555.5,588.0,726.5,869.5,982.5,1056.0,1169.0,1213.0,1234.5,2272.0,1888.5,684.5,891.5,1116.5,1262.0,1355.0,1445.0,1534.0,1575.0,2222.5,1847.5,692.5,879.0,1107.5,1242.0,1273.5,1393.0,1550.0,1505.5,2089.0,1689.5,707.5,809.0,1008.5,1136.5,1165.0,1284.5,1385.0,1394.5,2093.0,1762.5,653.5,831.0,1077.5,1173.5,1270.0,1360.5,1432.0,1485.5,2168.5,1851.5,720.0,938.0,1210.5,1351.5,1408.0,1480.5,1568.5,1607.0,"{""type"":""MultiPoint"",""coordinates"":[]}"
47_0,3,1608.5,1370.5,346.0,450.0,650.5,791.5,824.0,897.5,990.0,1043.0,2064.5,1803.5,731.5,972.0,1212.0,1332.5,1394.5,1456.0,1527.0,1553.0,2171.0,1915.5,712.5,923.0,1178.0,1286.0,1339.5,1420.0,1512.5,1535.5,1240.0,1071.5,550.0,704.0,842.5,956.0,971.5,1022.5,1067.0,1075.0,171.5,138.5,440.5,614.0,669.5,861.0,788.5,853.5,805.5,775.5,350.5,282.0,681.5,834.0,899.0,1112.0,1072.5,1107.5,1142.0,1082.0,586.0,394.0,418.0,621.0,519.0,868.5,1268.5,1406.0,1243.0,1231.5,1009.0,645.5,306.5,572.0,328.5,861.0,2031.0,2311.5,2356.5,2219.0,1272.0,648.5,116.5,382.0,195.0,839.0,3104.0,4028.0,4287.0,4285.5,1756.5,940.5,254.5,575.5,493.5,1108.0,2916.5,3712.0,4003.5,4268.5,1882.5,988.5,259.5,530.0,449.5,1027.5,2803.5,3637.5,3904.5,4151.0,1837.0,1599.5,422.5,576.0,808.0,925.0,968.5,1060.5,1167.5,1187.0,1899.0,935.0,245.0,476.0,405.5,915.0,2625.0,3526.0,3646.0,3956.5,1848.0,890.5,234.5,497.0,313.0,906.5,2956.5,3953.0,4175.5,4314.0,1892.0,931.5,371.5,798.0,458.5,1394.0,3404.5,4114.5,4267.5,4491.5,2044.0,1088.5,567.5,1062.5,789.5,1848.5,3531.5,4096.5,4339.0,4489.0,2163.0,1181.0,616.0,1144.0,978.5,1958.5,3360.5,3838.0,4207.0,4291.0,2376.0,1385.0,617.0,1127.0,1160.0,2019.0,3134.0,3569.0,3843.0,3997.0,3166.0,1980.0,926.0,1321.5,1583.0,2311.0,2948.5,3326.0,3645.0,3859.0,3639.5,2448.0,913.5,1287.0,1847.5,2305.5,2666.5,3018.5,3383.0,3488.5,3473.0,2409.5,823.5,1231.0,1770.5,2227.0,2557.0,2909.5,3249.0,3331.0,2642.0,1986.5,804.5,1120.0,1597.0,1908.5,2033.5,2175.5,2274.5,2446.0,1714.5,1436.0,331.0,488.0,718.0,847.0,851.0,977.0,1092.0,1108.0,2549.0,1956.5,824.5,1141.0,1594.0,1881.5,1976.0,2112.0,2188.0,2346.5,2586.5,1957.0,942.0,1196.5,1580.5,1844.5,1937.5,2067.0,2222.0,2305.5,2306.5,1854.5,674.0,866.5,1155.5,1329.0,1424.5,1557.5,1649.5,1712.5,2638.0,2100.5,854.0,1060.0,1361.5,1545.0,1661.0,1780.5,1908.0,1990.5,2143.5,1562.5,1709.0,1768.5,1892.5,2024.0,2053.5,2110.0,2188.5,2179.0,0.0,0.0,0.0,0.0,0.0,0.0,0.0,0.0,0.0,0.0,1535.0,1195.5,352.5,457.5,645.5,779.0,835.0,925.0,1048.5,1064.5,1728.0,1427.5,466.0,576.5,729.5,895.5,1001.0,1080.5,1148.0,1195.0,2132.5,1769.0,603.5,799.0,944.0,1156.5,1270.0,1391.0,1531.0,1565.5,2103.0,1724.5,553.0,702.5,916.0,1107.0,1281.5,1370.0,1525.0,1554.0,1660.0,1317.0,398.0,537.5,685.0,861.0,1031.5,1117.5,1231.5,1248.5,1795.0,1602.0,485.5,636.0,814.5,947.0,1022.0,1105.5,1178.0,1208.5,1838.0,1665.0,490.0,682.5,866.5,987.5,1039.5,1138.5,1209.5,1235.5,"{""type"":""MultiPoint"",""coordinates"":[]}"
48_0,3,1665.5,1393.0,561.0,673.5,887.5,964.0,1040.5,1080.0,1192.5,1241.0,1823.5,1578.5,691.0,850.0,1045.0,1122.5,1159.0,1221.5,1309.5,1325.0,1973.0,1735.0,833.5,1037.0,1231.5,1322.0,1307.5,1356.5,1434.5,1434.5,2257.0,2009.5,1012.5,1223.5,1447.0,1547.5,1578.5,1628.0,1699.5,1694.5,1921.0,1724.0,993.0,1185.0,1429.0,1531.0,1579.0,1613.0,1665.0,1680.0,335.0,318.0,790.0,1028.0,941.0,1170.0,859.0,881.0,842.0,677.0,326.0,252.0,561.0,836.0,809.0,1051.0,936.0,979.0,961.0,857.0,326.0,252.0,519.0,780.0,795.0,1035.0,936.0,1030.0,931.0,882.0,368.0,277.0,446.0,668.0,665.0,913.0,778.0,871.0,806.0,746.0,677.0,415.0,297.0,513.0,415.5,785.5,1338.5,1464.0,1419.5,1392.0,1112.0,617.5,185.5,396.0,210.0,729.5,2085.0,2649.0,2696.5,2590.5,1843.0,1556.0,642.0,774.0,983.0,1084.0,1117.0,1183.0,1307.0,1320.0,1441.0,730.0,165.0,378.0,147.0,663.0,2644.0,3555.0,3495.0,3461.0,1441.0,715.0,92.0,324.0,101.0,676.0,2804.0,3872.0,3918.0,3831.0,1449.0,738.0,137.0,399.0,203.0,777.0,2873.0,4137.0,4144.0,4205.0,1535.0,771.0,397.0,794.0,497.0,1345.0,3039.0,3718.0,3915.0,3930.0,1560.5,842.5,428.5,861.0,596.0,1498.5,2874.5,3362.0,3660.5,3598.5,1907.0,1141.0,472.0,907.0,962.0,1747.5,2580.5,2957.0,3241.0,3289.0,2576.0,1623.0,873.5,1279.0,1658.5,2221.0,2680.5,2980.0,3320.5,3359.5,3087.5,2057.0,965.5,1430.0,2013.5,2561.0,2836.0,3168.0,3552.0,3560.5,4085.0,2855.0,1109.0,1516.0,2193.0,2646.0,2860.0,3194.0,3609.0,3633.0,3975.0,2730.0,1005.5,1446.5,2251.0,2640.5,2820.5,3168.5,3370.5,3547.5,1827.0,1541.5,596.0,732.5,952.0,1031.5,1085.0,1116.5,1273.5,1276.0,3523.5,2561.5,859.5,1225.0,1813.0,2147.0,2263.0,2503.5,2788.5,2852.0,3466.0,2528.5,937.0,1258.0,1791.5,2085.0,2209.5,2404.5,2719.5,2816.0,3095.0,2413.0,733.5,928.5,1293.5,1552.5,1578.5,1769.0,1926.5,2017.5,3033.0,2424.5,745.0,917.0,1255.0,1475.0,1554.0,1725.5,1828.5,1939.0,1307.0,1111.0,343.0,453.0,648.0,696.0,714.0,769.0,872.0,854.0,0.0,0.0,0.0,0.0,0.0,0.0,0.0,0.0,0.0,0.0,1450.0,1191.0,469.0,614.0,767.0,818.0,862.0,899.0,1008.0,1037.0,1597.0,1389.0,583.0,635.0,778.0,864.0,849.0,922.0,1004.0,992.0,2056.0,1794.0,749.0,922.0,1110.0,1225.0,1219.0,1271.0,1392.0,1397.0,1973.0,1705.0,770.5,886.0,1070.5,1145.0,1139.5,1221.0,1332.5,1304.5,1616.0,1375.5,534.5,615.5,782.5,847.5,808.5,873.5,969.0,986.5,1968.5,1747.5,761.0,897.5,1046.5,1144.0,1214.0,1294.0,1390.0,1392.0,2043.0,1784.0,803.0,976.0,1138.0,1217.0,1283.0,1362.0,1483.0,1489.0,"{""type"":""MultiPoint"",""coordinates"":[]}"
49_0,3,1706.5,1406.5,567.5,698.5,905.0,1024.0,1071.0,1124.0,1220.0,1221.5,2293.5,1995.5,881.5,1151.5,1396.0,1491.0,1549.5,1614.5,1698.0,1692.5,2343.0,2063.5,878.0,1146.0,1395.0,1514.5,1543.5,1618.0,1688.0,1704.0,2268.0,2014.0,864.5,1120.5,1356.5,1470.0,1494.5,1572.5,1621.5,1643.0,351.0,340.0,1043.0,1313.0,1329.0,1482.0,1027.0,1074.0,1039.0,789.0,732.0,533.0,935.0,1289.0,1329.0,1616.0,1525.0,1656.0,1657.0,1534.0,403.0,339.0,692.0,1035.0,964.0,1434.0,1342.0,1454.0,1326.0,1186.0,848.0,754.0,692.0,996.0,958.0,1443.0,1667.0,1820.0,1770.0,1601.0,589.0,457.0,596.0,842.0,751.0,1290.0,1522.0,1700.0,1606.0,1448.0,758.0,477.0,357.0,635.0,549.5,1091.0,1595.5,1818.0,1644.0,1559.0,1084.0,628.0,262.0,567.0,387.0,951.5,2110.0,2479.5,2336.0,2367.5,1911.0,1609.0,671.0,867.0,1059.0,1183.0,1205.0,1254.0,1317.0,1389.0,1142.0,637.0,245.0,534.0,324.0,902.0,2040.0,2417.0,2110.0,2243.0,1169.0,606.0,123.0,385.0,179.0,686.0,2227.0,2895.0,2690.0,2728.0,1193.0,605.0,92.0,335.0,131.0,637.0,2507.0,3379.0,3189.0,3324.0,1447.0,750.0,320.0,641.0,288.0,995.0,3081.0,3942.0,3852.0,3968.0,1592.0,798.5,351.0,798.0,383.0,1275.0,3396.5,4140.0,4333.5,4298.0,1616.0,869.0,361.5,852.5,467.0,1463.0,3133.5,3594.5,3705.5,3797.0,1909.0,1024.0,690.0,1297.0,1051.0,1957.0,3154.0,3522.0,3681.0,3778.0,2378.0,1512.0,838.5,1412.0,1627.5,2575.0,3237.5,3590.0,3834.5,3896.0,3545.0,2518.0,1086.0,1545.0,2125.0,2709.0,2980.0,3191.0,3573.0,3625.5,2769.0,2082.0,793.0,1115.0,1563.0,1843.0,1947.0,2075.0,2179.0,2321.0,1795.0,1483.0,481.0,692.0,945.0,1037.0,1093.0,1167.0,1263.0,1277.0,2691.0,2082.0,762.0,1077.0,1445.0,1671.0,1752.0,1884.0,2006.0,2084.0,2562.0,1964.0,804.5,1033.5,1385.0,1568.5,1643.5,1762.5,1894.0,1930.0,2312.5,1846.0,652.0,844.0,1119.5,1243.0,1337.0,1436.0,1537.5,1571.5,2420.0,1997.0,777.0,930.0,1178.0,1289.0,1400.0,1503.0,1582.0,1643.0,2040.0,1568.0,534.0,670.0,911.0,1031.0,1064.0,1183.0,1362.0,1330.0,0.0,0.0,0.0,0.0,0.0,0.0,0.0,0.0,0.0,0.0,1548.0,1226.0,489.0,702.0,882.0,940.0,1005.0,1047.0,1165.0,1140.0,1981.0,1803.0,673.0,837.0,1036.0,1179.0,1262.0,1365.0,1273.0,1500.0,2327.0,1967.0,841.0,1081.0,1324.0,1456.0,1479.0,1564.0,1674.0,1680.0,2463.0,2147.0,1020.0,1255.0,1471.0,1605.0,1610.0,1710.0,1888.0,1798.0,1920.0,1628.0,595.0,756.0,998.0,1099.0,1089.0,1182.0,1253.0,1244.0,2035.0,1754.0,711.0,921.0,1121.0,1220.0,1290.0,1334.0,1422.0,1452.0,2087.5,1787.5,786.5,979.0,1189.5,1277.0,1326.5,1394.0,1497.0,1482.5,"{""type"":""MultiPoint"",""coordinates"":[]}"
50_0,3,3244.5,2364.5,905.0,1058.0,1430.5,1591.0,1723.5,1873.0,2119.0,2237.5,2335.0,2153.0,669.0,901.0,1204.0,1331.0,1378.0,1453.0,1575.0,1613.0,2455.0,2344.0,773.0,971.0,1291.0,1455.0,1431.0,1570.0,1617.0,1687.0,2537.5,2402.0,839.5,1109.0,1465.5,1607.5,1635.0,1717.0,1828.0,1866.5,790.0,838.0,915.0,989.0,1027.0,1092.0,907.0,1074.0,883.0,1050.0,588.0,525.0,915.0,989.0,1027.0,1092.0,860.0,877.0,883.0,723.0,557.0,469.0,310.0,596.0,357.0,874.0,1144.0,1195.0,1138.0,1153.0,1474.0,825.0,293.0,643.0,392.0,1073.0,2330.0,2647.0,2760.0,2707.0,1310.0,665.0,189.0,431.0,228.0,751.0,2140.0,2626.0,2547.0,2513.0,1284.5,625.0,89.0,310.5,73.5,571.0,2444.0,3252.0,3281.0,3304.0,1268.0,595.0,72.5,272.0,59.0,544.0,2517.5,3744.0,3768.5,3744.0,3364.5,2721.0,1492.0,1667.5,1968.0,2137.0,2188.5,2312.5,2463.5,2535.5,1270.5,591.0,52.5,202.0,23.0,417.0,2452.5,3894.5,3966.0,4038.0,1125.0,510.5,33.0,187.5,5.0,416.5,2515.0,3960.5,4085.5,4171.0,1136.0,529.0,449.0,703.0,468.0,1003.0,2702.0,3927.0,3973.0,4131.0,1310.0,656.0,557.0,919.0,637.0,1394.0,3080.0,3901.0,4102.0,4168.0,1287.0,656.0,468.0,879.0,637.0,1394.0,2958.0,3634.0,3896.0,3892.0,1467.0,816.0,389.0,859.0,764.0,1589.0,2882.0,3314.0,3554.0,3660.0,2032.5,1125.0,692.0,1259.5,1263.0,2177.0,3091.0,3465.5,3781.5,3801.5,2482.0,1515.5,1023.5,1531.0,1782.0,2485.5,3173.0,3442.0,3845.0,3885.0,3785.0,2885.0,1031.0,1505.0,2229.0,2554.0,2801.0,2994.0,3408.0,3378.0,3742.5,2575.0,1087.0,1523.5,2296.5,2651.0,2744.5,3031.0,3252.5,3444.5,3649.5,2806.5,820.0,1094.5,1548.0,1764.5,1848.5,2018.5,2327.0,2384.5,4004.0,2882.0,986.5,1370.0,1985.0,2332.5,2463.0,2674.0,2878.5,3049.5,4393.5,3558.0,2288.0,2501.5,2898.0,3217.0,3296.5,3439.0,3645.0,3690.0,3553.0,2765.0,915.5,1127.0,1497.0,1757.5,1837.0,2032.5,2217.5,2317.5,3436.5,2649.5,919.0,1118.5,1455.5,1717.0,1808.0,2011.0,2167.0,2277.5,2906.5,2145.5,687.0,904.0,1258.5,1510.0,1622.0,1746.5,1976.0,2059.0,0.0,0.0,0.0,0.0,0.0,0.0,0.0,0.0,0.0,0.0,3796.0,2794.0,873.0,1222.0,1680.0,1955.0,2085.0,2250.0,2486.0,2615.0,3963.0,3079.0,1220.0,1481.0,1941.0,2239.0,2436.0,2676.0,2979.0,3086.0,3564.0,2686.0,967.0,1268.0,1666.0,1997.0,2180.0,2367.0,2582.0,2702.0,1980.5,1734.5,584.0,719.5,997.5,1127.5,1120.0,1216.0,1325.5,1355.5,2114.0,1826.0,616.0,757.0,1090.0,1229.0,1153.0,1260.0,1371.0,1399.0,2082.5,1953.5,567.0,746.0,1029.5,1140.5,1148.5,1229.5,1344.0,1358.0,2154.5,2002.0,612.5,803.0,1093.0,1205.5,1242.5,1326.5,1426.0,1445.0,"{""type"":""MultiPoint"",""coordinates"":[]}"
51_0,3,1881.0,1540.5,542.0,692.0,957.0,1088.5,1126.5,1198.5,1322.0,1358.5,2409.5,2046.5,913.5,1215.0,1494.5,1621.5,1691.5,1771.0,1872.5,1869.0,2437.0,2044.5,870.0,1147.5,1448.5,1572.5,1624.0,1701.0,1807.5,1810.0,2378.0,2056.5,848.0,1107.5,1388.5,1504.0,1564.0,1657.5,1731.0,1752.0,200.0,154.5,510.5,762.0,782.0,909.0,692.5,756.0,713.0,632.0,309.5,243.0,797.0,1011.5,1029.0,1155.0,927.0,982.0,955.5,839.0,693.5,527.5,539.5,790.5,678.5,1131.0,1377.0,1457.5,1298.5,1265.5,1324.0,849.5,370.0,753.0,416.5,1123.0,2558.0,2930.5,2884.0,2704.5,1547.0,796.5,219.0,614.0,219.5,1021.5,3578.5,4568.0,4676.0,4758.0,1809.0,969.5,236.0,607.5,395.5,1195.5,3179.0,3999.5,4235.0,4507.0,1932.5,1027.5,235.5,585.5,394.0,1129.5,3000.5,3759.0,4005.5,4204.5,2206.5,1835.0,615.0,837.0,1133.5,1270.0,1336.5,1415.5,1484.5,1561.0,1816.5,942.0,214.0,561.0,329.5,1028.5,2898.0,3664.5,3847.0,4023.5,1650.0,827.5,155.5,484.5,300.0,939.5,2848.5,3738.5,3860.0,4106.5,1596.0,811.5,223.0,535.0,276.5,972.0,2988.5,3790.5,3923.0,4093.5,1891.5,965.5,472.5,926.5,508.5,1531.5,3504.5,4167.0,4365.0,4444.5,1904.0,1006.0,452.0,1023.0,617.5,1699.5,3453.0,3969.0,4290.5,4307.5,2072.0,1178.0,510.0,1196.0,885.0,2113.0,3377.0,3728.0,4039.0,4092.0,2402.5,1367.5,826.5,1516.5,1418.0,2612.0,3476.5,3798.5,4156.0,4256.0,2681.0,1674.5,852.0,1491.5,1599.0,2629.0,3182.0,3484.0,3909.5,3939.5,3968.5,2614.0,1042.0,1517.0,2086.0,2629.0,2977.5,3269.5,3704.5,3845.0,2181.0,1652.0,735.5,972.5,1347.0,1582.5,1670.5,1803.5,2046.0,1987.0,2062.5,1691.5,501.5,754.0,1049.5,1196.5,1209.5,1307.5,1448.5,1463.5,2480.5,1969.0,765.5,1044.0,1445.5,1682.5,1759.5,1879.5,1958.0,2075.0,2267.5,1819.0,843.5,1054.5,1349.5,1531.5,1594.0,1712.5,1775.0,1878.5,2198.5,1779.0,651.0,860.5,1132.0,1309.0,1369.5,1482.0,1570.5,1617.0,2174.0,1750.5,715.5,890.5,1135.0,1299.5,1354.0,1423.0,1541.5,1526.5,1940.5,1559.5,539.5,677.0,915.0,1062.5,1191.0,1195.0,1389.5,1382.5,0.0,0.0,0.0,0.0,0.0,0.0,0.0,0.0,0.0,0.0,1736.0,1337.5,467.5,657.0,887.0,1004.5,1065.0,1141.5,1252.0,1255.5,1872.0,1560.0,599.5,753.5,907.5,1052.0,1097.0,1168.5,1275.5,1283.0,2332.5,1933.5,717.0,939.5,1159.5,1339.0,1467.5,1511.0,1662.5,1690.5,2333.0,1921.0,715.0,925.5,1169.5,1332.0,1414.5,1495.5,1662.0,1660.5,2228.0,1805.0,738.5,901.0,1098.5,1254.0,1336.5,1428.5,1559.0,1572.0,2085.0,1747.0,588.0,815.5,1048.0,1179.5,1241.5,1333.0,1445.0,1436.0,2166.5,1877.5,732.5,975.0,1245.5,1377.5,1421.5,1485.5,1601.5,1609.0,"{""type"":""MultiPoint"",""coordinates"":[]}"
52_0,3,4038.0,3703.5,3108.0,3042.5,3148.0,3369.0,3461.0,3498.5,3662.0,3590.5,2713.0,2390.0,884.0,1171.0,1527.0,1700.0,1789.0,1868.0,1980.0,2061.0,2465.0,2117.0,645.0,897.0,1244.0,1448.0,1491.0,1605.0,1701.0,1803.0,1153.5,912.0,486.5,653.0,769.0,1025.0,916.5,967.0,889.0,1010.0,1235.0,1027.0,576.0,786.0,959.0,1346.0,1291.0,1350.0,1184.0,1358.0,1186.0,1027.0,557.0,763.0,861.0,1170.0,1205.0,1276.0,1197.0,1271.0,1479.0,1207.0,471.0,695.0,762.0,1129.0,1415.0,1402.0,1365.0,1516.0,2021.0,1489.0,485.0,720.0,796.0,1183.0,1566.0,1691.0,1723.0,1824.0,1740.0,1355.0,401.0,604.0,660.0,1184.0,1860.0,2208.0,2154.0,2282.0,1841.0,1251.0,263.5,479.5,485.0,998.0,2154.0,2933.5,2987.5,2925.0,1896.5,1275.5,292.0,507.5,505.0,1058.5,2419.5,3448.0,3584.5,3638.5,2558.0,2228.5,1051.5,1056.0,1162.5,1344.5,1477.0,1610.0,1722.0,1827.0,2007.0,1308.0,364.5,604.5,661.5,1175.5,2638.0,3553.5,3759.5,3866.5,2113.5,1331.0,431.0,803.5,681.0,1376.0,2904.5,3769.5,4022.5,3962.5,2069.0,1302.0,631.0,984.0,847.0,1561.0,2987.0,3667.0,3871.0,3871.0,2037.0,1302.0,797.0,1160.0,1115.0,1760.0,2776.0,3252.0,3449.0,3428.0,2065.0,1410.0,726.0,1151.0,1128.0,1814.0,2735.0,3020.0,3307.0,3325.0,2426.0,1619.0,751.0,1171.0,1338.0,1943.0,2735.0,3020.0,3314.0,3349.0,4269.0,3064.5,1330.5,1763.0,2442.5,2842.0,3129.0,3417.5,3810.5,3850.0,4187.5,3116.5,1261.5,1731.0,2445.0,2691.5,3025.5,3223.5,3617.5,3632.0,3974.0,3000.0,1190.0,1663.0,2367.0,2618.0,2973.0,3179.0,3651.0,3651.0,4268.5,3265.0,1251.0,1658.0,2316.5,2635.0,2823.5,3082.5,3295.5,3487.5,2461.0,1983.0,466.0,712.0,969.0,1177.0,1394.0,1442.0,1563.0,1773.0,3504.0,2872.0,895.0,1215.5,1610.0,1866.5,2001.0,2147.5,2274.5,2438.5,2784.5,2669.0,1374.0,1433.0,1592.0,1766.5,1876.5,1953.0,1947.0,2086.0,2912.0,2904.5,698.0,783.0,1015.0,1178.0,1280.5,1398.5,1469.5,1609.5,2659.0,2621.0,659.0,765.0,972.0,1106.5,1225.5,1313.0,1372.0,1485.0,2432.0,1909.0,571.0,703.0,930.0,1113.0,1175.0,1248.0,1433.0,1474.0,0.0,0.0,0.0,0.0,0.0,0.0,0.0,0.0,0.0,0.0,2393.0,1865.0,456.0,721.0,994.0,1262.0,1557.0,1717.0,1696.0,1828.0,2533.0,2124.0,590.0,793.0,1032.0,1475.0,1557.0,1905.0,1698.0,1968.0,2794.0,2304.0,667.0,968.0,1192.0,1608.0,2024.0,2330.0,2261.0,2380.0,2650.0,2151.0,729.5,970.0,1161.0,1500.5,2099.5,2223.5,2297.0,2505.5,2373.0,1887.0,632.5,860.5,1039.0,1363.5,1862.0,1998.0,2045.5,2207.5,2109.0,1812.0,608.5,748.0,989.0,1175.5,1318.5,1402.0,1518.5,1614.0,2338.5,2088.5,741.5,961.0,1246.5,1406.5,1518.5,1679.0,1754.0,1787.0,"{""type"":""MultiPoint"",""coordinates"":[]}"
53_0,3,1660.5,1384.0,543.5,679.5,878.5,990.5,1036.5,1090.0,1155.5,1184.0,2269.5,1971.0,886.5,1157.5,1405.0,1513.5,1551.5,1618.0,1721.5,1714.0,2332.5,2043.0,907.0,1185.0,1419.0,1533.0,1576.0,1651.5,1717.0,1744.0,2352.5,2086.0,937.0,1204.5,1440.5,1552.0,1599.5,1677.5,1733.0,1767.5,299.0,265.0,902.0,1295.0,1272.0,1419.0,1009.0,1041.0,982.0,763.0,299.0,265.0,805.0,1170.0,1174.0,1419.0,1009.0,1041.0,982.0,763.0,534.0,403.0,636.0,1039.0,887.0,1344.0,1404.0,1495.0,1482.0,1286.0,692.0,555.0,564.0,874.0,743.0,1483.0,1636.0,1746.0,1640.0,1510.0,726.0,492.0,465.0,782.0,696.0,1219.0,1497.0,1674.0,1631.0,1446.0,879.5,557.5,326.5,589.5,462.0,1029.0,1712.0,2032.0,2006.0,1844.5,1327.0,731.0,290.5,576.5,377.0,966.0,2570.0,3242.0,3272.0,3194.0,1865.0,1572.0,633.0,790.0,991.0,1111.0,1137.0,1208.0,1268.0,1307.0,1358.0,702.0,289.0,564.0,354.0,866.0,2719.0,3480.0,3518.0,3474.0,1284.0,627.0,125.0,395.0,201.0,723.0,2694.0,3554.0,3643.0,3597.0,1254.0,620.0,125.0,346.0,132.0,659.0,2846.0,3965.0,3932.0,4099.0,1507.0,745.0,334.0,701.0,318.0,1073.0,3373.0,4362.0,4484.0,4507.0,1656.5,803.0,368.5,851.0,398.0,1356.0,3608.0,4496.0,4738.5,4606.5,1694.5,917.5,388.5,915.5,488.0,1586.5,3336.0,3897.5,4065.0,4037.0,1919.0,1020.0,767.0,1388.0,1130.0,2125.0,3308.0,3673.0,3954.0,3961.0,2376.0,1466.0,897.5,1481.0,1616.0,2569.0,3346.0,3638.5,3986.0,3969.5,3527.5,2464.0,1083.5,1548.5,2066.5,2565.0,2872.0,3110.0,3436.0,3486.0,3114.0,2347.0,992.0,1406.0,1972.0,2344.0,2488.0,2704.0,2712.0,2978.0,1727.0,1438.0,447.0,673.0,889.0,1005.0,1011.0,1082.0,1196.0,1191.0,2975.0,2284.0,854.0,1195.0,1623.0,1888.0,2041.0,2159.0,2390.0,2407.0,2875.5,2175.5,904.0,1192.0,1589.5,1799.5,1928.5,2070.0,2287.5,2327.0,2583.0,2043.5,695.5,917.5,1216.5,1384.5,1452.0,1597.0,1746.5,1762.5,2665.0,2188.0,808.0,960.0,1270.0,1444.0,1510.0,1656.0,1769.0,1831.0,2328.0,1477.0,613.0,768.0,1045.0,1169.0,1295.0,1411.0,1594.0,1556.0,0.0,0.0,0.0,0.0,0.0,0.0,0.0,0.0,0.0,0.0,1558.0,1241.0,478.0,660.0,850.0,973.0,978.0,1064.0,1116.0,1150.0,1803.5,1503.5,650.5,777.5,945.0,1058.0,1108.5,1165.5,1213.0,1242.0,2368.5,2027.0,880.5,1103.5,1328.0,1481.5,1514.5,1606.5,1689.0,1714.0,2454.0,2103.0,975.0,1188.0,1403.0,1548.0,1606.0,1661.0,1786.0,1792.0,1850.0,1575.0,587.0,696.0,912.0,1029.0,1064.0,1113.0,1178.0,1221.0,1995.0,1714.0,723.0,854.0,1068.0,1184.0,1199.0,1293.0,1379.0,1373.0,2105.5,1815.5,796.5,984.0,1199.5,1298.0,1339.5,1438.0,1513.0,1528.0,"{""type"":""MultiPoint"",""coordinates"":[]}"
54_0,3,2180.5,1806.0,670.0,897.5,1178.5,1354.5,1369.0,1460.0,1610.0,1642.0,2654.5,2220.0,1044.0,1368.5,1701.0,1857.5,1916.5,1986.5,2116.0,2116.0,2698.0,2246.5,1020.0,1319.0,1685.0,1842.5,1864.0,1969.5,2081.5,2087.5,2773.5,2353.5,1100.5,1406.0,1767.0,1935.0,1968.0,2072.5,2171.5,2195.0,463.0,453.5,907.0,1174.5,1193.0,1316.5,1020.0,1073.5,1080.0,975.5,222.5,188.0,609.5,858.5,888.0,1184.0,987.5,1044.0,1021.0,835.5,387.0,280.0,575.0,875.5,864.5,1184.0,1087.0,1198.5,1094.0,1007.5,738.0,602.5,467.0,788.5,592.0,1145.5,1530.5,1639.0,1570.0,1456.5,1318.0,718.0,286.5,627.5,337.5,989.0,2879.0,3380.5,3446.0,3310.5,1677.0,915.0,263.5,653.0,463.5,1235.5,2960.0,3639.5,3865.5,4019.0,1800.0,987.5,299.0,651.0,524.0,1249.0,2872.5,3592.5,3853.5,3963.0,2477.5,2080.5,747.5,992.5,1319.5,1508.5,1521.0,1636.0,1734.0,1800.5,1771.0,958.5,276.0,616.0,476.5,1175.0,2756.5,3404.5,3619.0,3752.0,1548.5,794.0,181.5,515.0,369.5,1036.5,2712.5,3463.5,3605.5,3690.0,1456.5,755.0,233.5,549.0,295.5,989.5,2843.5,3441.5,3531.5,3658.5,1720.5,874.0,466.0,936.0,508.5,1507.0,3314.0,3834.0,3968.5,4028.0,1748.0,927.5,452.0,1003.0,613.5,1692.0,3037.5,3471.5,3818.0,3684.5,1842.0,1032.0,520.0,1130.0,896.0,2001.0,2988.0,3227.0,3479.0,3534.0,2169.0,1225.5,762.5,1444.0,1298.0,2367.0,3097.5,3390.5,3701.5,3772.5,2551.5,1557.0,818.5,1473.5,1781.0,2563.0,2958.5,3225.5,3586.5,3718.5,3688.0,2495.0,1087.5,1522.5,2036.0,2457.0,2694.0,2970.0,3378.0,3439.5,1966.0,1485.0,585.5,848.5,1189.5,1387.5,1418.5,1536.5,1628.0,1685.0,2335.0,1985.0,657.5,917.5,1228.0,1343.5,1510.0,1531.0,1727.5,1710.5,2047.5,1596.5,587.5,854.0,1171.0,1346.5,1402.5,1510.5,1599.0,1619.0,2286.0,1821.5,858.5,1063.5,1358.0,1498.5,1572.5,1658.0,1778.5,1824.0,2013.0,1679.0,607.0,781.0,1006.5,1135.0,1195.5,1272.5,1370.0,1386.5,2148.0,1837.0,694.5,860.5,1065.5,1228.0,1254.5,1349.5,1432.0,1483.0,1797.5,1478.5,496.0,619.0,843.0,922.0,1021.0,1065.5,1211.5,1186.0,0.0,0.0,0.0,0.0,0.0,0.0,0.0,0.0,0.0,0.0,1812.0,1411.5,521.0,756.5,1010.0,1147.0,1205.0,1271.0,1409.5,1395.0,2170.0,1818.0,764.0,930.5,1164.0,1296.5,1355.0,1419.0,1569.0,1585.5,2586.0,2193.0,903.0,1146.5,1443.5,1574.5,1662.5,1809.5,1887.5,1917.5,2605.5,2165.5,1005.5,1179.0,1474.5,1629.0,1680.5,1800.5,1963.0,1909.5,2466.0,2034.5,942.0,1108.5,1336.0,1523.0,1592.0,1692.5,1816.5,1818.0,2184.5,1826.0,751.5,905.5,1147.5,1304.5,1343.5,1442.0,1571.0,1591.5,2453.0,2090.5,863.0,1123.5,1436.5,1582.0,1631.5,1703.5,1817.5,1821.5,"{""type"":""MultiPoint"",""coordinates"":[]}"
55_0,3,2422.5,1957.0,771.5,969.0,1332.0,1540.0,1574.0,1698.5,1807.0,1859.0,2698.0,2280.0,972.0,1281.0,1624.5,1802.5,1850.0,1957.0,2082.5,2078.0,1665.5,1406.0,621.0,824.0,1041.0,1198.5,1155.0,1257.0,1324.5,1364.5,448.5,340.0,427.0,580.0,631.0,786.0,601.5,705.5,687.0,622.0,295.0,193.5,456.5,628.5,675.5,810.5,659.5,747.0,697.0,637.5,508.5,397.5,506.0,775.0,720.0,953.0,1030.0,1079.0,994.0,956.5,934.0,676.0,410.0,736.0,470.5,1064.5,1469.5,1690.0,1554.0,1438.5,1548.0,828.0,360.0,811.0,386.5,1223.5,3186.0,3559.5,3643.5,3519.5,1796.0,917.5,328.0,727.0,400.5,1227.0,3220.5,3913.0,3982.5,4114.0,1724.5,914.0,269.0,602.0,357.5,1032.0,2963.5,3852.5,3879.5,4061.5,1666.5,840.5,197.0,424.5,263.5,783.5,2867.5,4033.5,4229.0,4238.5,2702.0,2239.5,830.0,1085.5,1423.0,1656.5,1733.5,1812.5,1866.5,2008.5,1718.0,845.0,227.0,456.0,280.5,821.0,3039.5,4503.0,4686.5,4724.0,1666.0,852.5,289.0,753.0,429.5,1265.5,3521.5,4663.0,4834.5,4920.0,1743.5,911.0,431.0,871.5,602.5,1451.0,3573.5,4513.0,4588.0,4805.5,2131.0,1161.5,675.5,1186.0,985.5,2039.0,3802.5,4507.0,4729.5,4765.5,2488.0,1464.0,778.0,1362.0,1321.0,2376.5,3767.5,4361.5,4660.0,4729.0,2975.0,1815.0,887.0,1492.0,1736.0,2586.0,3710.0,4121.0,4461.0,4554.0,4172.0,2898.5,1304.5,1755.5,2246.0,2854.5,3184.5,3511.0,3816.5,3957.5,3876.0,2759.5,1143.0,1585.0,2191.0,2693.0,3017.0,3227.0,3634.0,3680.5,2433.5,1873.0,813.5,1075.0,1471.5,1653.5,1794.5,1863.5,2029.5,2073.5,2126.0,1622.0,771.5,904.5,1261.0,1518.0,1501.0,1679.5,1692.0,1813.0,2546.0,2072.5,730.0,998.0,1367.0,1576.5,1651.0,1752.0,1843.0,1899.0,2383.5,1884.0,747.5,987.0,1345.5,1608.0,1646.5,1795.0,1790.0,1960.5,2326.0,1840.0,850.0,1037.5,1339.0,1548.5,1675.5,1757.0,1811.0,1914.5,2024.5,1644.0,602.0,741.0,982.5,1118.5,1230.5,1325.0,1404.5,1457.5,1531.5,1308.5,448.5,580.0,757.5,865.5,932.0,982.5,1062.0,1085.0,869.5,563.0,298.5,383.5,525.0,598.5,623.5,668.0,744.0,735.5,0.0,0.0,0.0,0.0,0.0,0.0,0.0,0.0,0.0,0.0,2592.5,2132.0,787.5,1024.5,1370.5,1561.5,1562.0,1715.0,1814.0,1887.5,2698.0,2223.0,929.5,1104.0,1388.0,1571.5,1679.5,1734.5,1882.0,1926.0,2671.0,2185.0,859.0,1116.0,1413.5,1578.5,1687.5,1770.0,1920.5,1917.5,2848.0,2304.0,958.5,1177.0,1471.0,1662.0,1806.0,1890.0,1992.0,2051.0,2824.5,2300.0,992.0,1191.0,1437.5,1646.0,1870.5,1951.5,2070.0,2105.5,2480.0,2111.0,721.0,945.0,1246.5,1434.5,1481.0,1597.0,1731.5,1718.0,2492.5,2121.0,800.5,1053.5,1363.5,1515.0,1569.0,1653.0,1790.0,1792.5,"{""type"":""MultiPoint"",""coordinates"":[]}"
56_0,3,1755.5,1448.0,657.0,816.5,1039.0,1113.0,1145.0,1236.5,1340.0,1324.0,2429.0,2131.0,1049.0,1330.0,1570.0,1697.5,1717.5,1799.0,1895.5,1855.5,2445.0,2120.5,934.0,1197.5,1436.5,1569.5,1623.5,1692.0,1757.0,1780.0,2549.0,2205.5,1011.0,1301.5,1544.5,1667.0,1709.5,1793.5,1849.0,1885.0,1199.0,1085.0,988.0,1293.0,1324.0,1482.0,1301.0,1362.0,1167.0,1173.0,919.0,821.0,988.0,1271.0,1324.0,1394.0,1085.0,1188.0,1067.0,1044.0,848.0,782.0,675.0,1050.0,1046.0,1509.0,1543.0,1540.0,1387.0,1364.0,1167.0,833.0,661.0,993.0,909.0,1441.0,1674.0,1785.0,1641.0,1618.0,1167.0,870.0,553.0,898.0,749.0,1410.0,1816.0,1889.0,1785.0,1718.0,1269.5,870.0,390.0,691.5,517.0,1105.0,1909.0,2115.5,2009.5,2040.5,1508.0,998.0,355.5,691.5,492.0,1200.5,2237.0,2686.0,2579.0,2677.0,1991.5,1686.0,783.0,957.0,1183.5,1299.0,1304.5,1366.0,1478.0,1482.0,1609.0,1019.0,356.0,611.0,513.0,1141.0,2360.0,2836.0,2823.0,2817.0,1525.0,1007.0,278.0,553.0,415.0,1091.0,2459.0,3043.0,3123.0,3075.0,1539.0,1035.0,272.0,552.0,402.0,1088.0,2590.0,3279.0,3334.0,3317.0,1659.0,982.0,411.0,767.0,446.0,1284.0,3003.0,3573.0,3651.0,3603.0,1770.0,1077.0,411.0,930.0,551.0,1559.0,3202.0,3655.0,3948.0,3798.0,1874.0,1081.5,469.5,1051.5,630.0,1738.5,3154.5,3440.5,3676.5,3582.5,2109.0,1274.0,797.0,1412.0,1295.0,2156.0,2958.0,3193.0,3520.0,3495.0,2375.5,1534.0,801.0,1416.0,1413.5,2284.5,2915.5,3123.0,3448.0,3444.5,3096.0,2215.5,1067.5,1544.5,2002.0,2401.5,2774.0,2998.0,3390.5,3287.0,2195.0,1498.0,857.0,1263.0,1723.0,1911.0,1936.0,2079.0,2398.0,2346.0,1780.0,1493.0,565.0,794.0,1035.0,1113.0,1159.0,1219.0,1362.0,1343.0,2994.0,2283.0,935.0,1292.0,1772.0,2050.0,2132.0,2353.0,2403.0,2490.0,2883.0,2200.0,1000.0,1285.5,1705.0,1830.5,1937.0,2035.5,2325.5,2286.5,2579.0,2061.5,747.5,959.5,1263.0,1330.5,1453.0,1565.5,1768.0,1751.5,2665.0,2188.0,851.0,1007.0,1300.0,1393.0,1529.0,1609.0,1798.0,1880.0,2017.0,1407.0,586.0,745.0,986.0,1035.0,1085.0,1204.0,1428.0,1335.0,723.0,472.0,680.0,620.0,613.0,602.0,610.0,636.0,845.0,697.0,1831.0,1498.0,579.0,784.0,986.0,1063.0,1116.0,1194.0,1277.0,1281.0,1302.0,1172.0,409.0,469.0,603.0,736.0,759.0,906.0,593.0,979.0,2327.0,2019.0,838.0,1086.0,1323.0,1441.0,1461.0,1563.0,1646.0,1631.0,1914.0,1597.0,1022.0,1236.0,1465.0,1568.0,1581.0,1541.0,1835.0,1571.0,1914.0,1597.0,600.0,754.0,967.0,1042.0,1041.0,1091.0,1204.0,1215.0,2052.0,1795.0,737.0,863.0,1063.0,1199.0,1195.0,1293.0,1374.0,1408.0,2183.0,1907.5,826.0,1029.5,1244.5,1360.0,1388.5,1480.5,1555.0,1566.0,"{""type"":""MultiPoint"",""coordinates"":[]}"
57_0,3,2620.0,2235.5,1649.0,1635.0,1748.0,1901.5,1942.0,2094.0,2172.0,2131.0,2540.0,2343.0,795.0,1063.0,1425.0,1559.0,1616.0,1692.0,1794.0,1853.0,2231.0,2056.0,556.0,819.0,1137.0,1267.0,1329.0,1409.0,1519.0,1554.0,224.0,219.5,277.0,388.5,358.0,464.0,295.5,372.0,337.0,252.0,206.0,178.5,293.0,439.0,412.5,550.0,474.0,504.0,485.5,411.5,348.5,270.0,286.0,488.0,434.5,655.5,665.5,760.5,740.0,667.0,647.0,516.0,325.0,552.0,402.0,867.0,1016.0,1167.0,1046.0,1012.0,756.0,531.0,262.0,486.0,354.0,758.0,1264.0,1523.0,1512.0,1436.0,1062.0,570.0,191.0,361.0,165.0,600.0,1735.0,2211.0,2149.0,2127.0,1144.0,575.5,66.5,240.5,52.0,463.0,2249.0,3381.0,3374.0,3371.0,1235.5,589.5,49.0,252.0,54.5,467.0,2423.5,3854.5,3869.0,3937.5,2788.0,2538.0,1678.5,1806.0,1979.5,2180.0,2146.0,2232.5,2229.0,2307.5,1336.5,635.0,66.0,292.0,68.0,541.5,2748.0,4305.0,4319.5,4446.0,1443.5,678.5,201.0,654.5,258.0,1131.0,3353.5,4513.0,4666.0,4815.5,1565.0,764.0,514.0,889.0,639.0,1410.0,3393.0,4310.0,4339.0,4575.0,1665.0,906.0,651.0,1078.0,932.0,1800.0,3219.0,3761.0,3921.0,4014.0,1763.0,992.0,611.0,1119.0,995.0,1883.0,3012.0,3387.0,3758.0,3744.0,2460.0,1521.0,688.0,1197.0,1276.0,2191.0,3012.0,3381.0,3635.0,3761.0,4666.0,3314.0,1222.5,1692.5,2410.0,2894.0,3150.0,3460.0,3826.0,3961.5,4565.5,3344.0,1186.5,1626.5,2380.0,2766.0,3038.0,3312.0,3639.5,3736.5,4011.0,2953.0,1050.0,1459.0,2150.0,2516.0,2738.0,2974.0,3293.0,3400.0,3501.0,2617.0,894.5,1238.0,1754.0,2090.0,2232.5,2439.5,2617.5,2787.5,2000.0,1762.0,457.0,655.5,873.0,1015.5,1092.0,1180.5,1294.0,1296.0,3398.5,2773.0,749.5,1025.5,1354.5,1635.0,1822.0,1953.0,2066.0,2243.0,2969.0,2595.0,1171.5,1289.0,1494.5,1756.0,1801.5,1943.0,1977.5,2081.5,3207.5,2969.5,759.0,877.5,1090.0,1324.5,1452.0,1551.5,1672.0,1795.5,2918.0,2642.5,702.5,821.5,995.0,1212.5,1318.0,1452.5,1523.5,1640.0,2574.0,1862.0,522.0,646.0,851.0,1065.0,1219.0,1272.0,1461.0,1559.0,0.0,0.0,0.0,0.0,0.0,0.0,0.0,0.0,0.0,0.0,1914.0,1622.0,371.0,583.0,839.0,1026.0,1066.0,1144.0,1281.0,1320.0,2205.0,1920.0,505.0,703.0,925.0,1111.0,1233.0,1331.0,1401.0,1464.0,2292.0,1972.0,571.0,772.0,994.0,1205.0,1375.0,1522.0,1648.0,1639.0,2250.0,1935.5,667.0,835.0,1023.0,1243.0,1492.0,1593.5,1764.5,1756.0,2113.0,1944.0,644.0,805.0,1039.0,1181.0,1265.0,1389.0,1467.0,1514.0,2113.0,1944.0,584.0,782.0,1056.0,1181.0,1198.0,1308.0,1439.0,1432.0,2153.5,2008.0,615.0,848.5,1135.5,1255.0,1307.0,1405.0,1515.0,1531.5,"{""type"":""MultiPoint"",""coordinates"":[]}"
58_0,3,3607.5,2685.0,1757.0,1840.5,2015.5,2154.5,2169.0,2316.0,2809.5,2537.0,2466.0,2268.0,707.0,921.0,1230.0,1365.0,1404.0,1495.0,1615.0,1662.0,2583.0,2440.0,785.0,1028.0,1369.0,1506.0,1518.0,1627.0,1767.0,1778.0,2810.0,2610.5,911.0,1180.5,1543.0,1696.5,1740.5,1849.0,1950.0,2018.0,732.0,623.0,807.0,891.0,959.0,1029.0,866.0,929.0,916.0,826.0,732.0,623.0,807.0,891.0,959.0,1029.0,866.0,929.0,916.0,826.0,612.0,482.0,326.0,662.0,392.0,877.0,1036.0,1124.0,1128.0,1044.0,2091.0,1235.0,331.0,722.0,422.0,1095.0,2620.0,2906.0,2893.0,2877.0,2414.0,1664.0,505.0,754.0,663.0,1160.0,2159.0,2634.0,2695.0,2874.0,1442.5,753.0,111.5,385.5,131.0,691.0,2609.5,3471.0,3495.5,3490.5,1453.5,702.0,106.5,343.0,109.0,590.0,2714.0,3910.0,3963.0,3957.5,3286.5,2630.0,1150.0,1322.0,1585.0,1721.5,1814.0,1958.0,2159.5,2162.5,1387.5,655.5,99.5,258.0,83.5,497.0,2597.0,4166.5,4256.0,4368.0,1217.0,577.0,65.0,229.0,60.0,444.5,2542.0,4076.5,4273.0,4319.5,1158.0,558.0,378.0,533.0,380.0,735.0,2421.0,3783.0,3841.0,4024.0,1297.0,638.0,540.0,824.0,542.0,1194.0,2920.0,3859.0,4032.0,4149.0,1317.0,655.0,421.0,792.0,542.0,1222.0,2955.0,3896.0,4158.0,4180.0,1384.0,769.0,331.0,757.0,575.0,1309.0,2856.0,3481.0,3742.0,3814.0,2664.5,1602.5,1037.5,1541.5,1910.5,2660.0,3320.5,3699.0,4117.5,4211.0,3322.0,2119.5,1193.0,1708.5,2342.0,2978.0,3433.5,3779.5,4245.5,4351.5,3594.0,2787.0,1218.0,1707.0,2247.0,2680.0,2935.0,3166.0,3358.0,3481.0,3923.0,2632.5,1267.5,1790.0,2675.0,3160.5,3300.0,3587.5,3843.5,4005.0,3356.0,2619.5,719.0,962.0,1314.0,1515.5,1672.0,1832.5,2086.0,2121.0,4235.0,2996.0,1143.5,1564.5,2280.0,2688.0,2829.5,3155.5,3269.0,3454.0,5491.5,4638.5,3218.0,3456.5,3940.0,4322.0,4395.5,4528.5,4794.0,4811.5,3518.5,2669.5,963.5,1170.0,1541.5,1824.0,1979.0,2168.5,2335.0,2465.0,3331.0,2515.0,935.5,1121.0,1433.5,1743.0,1928.0,2101.0,2255.0,2361.5,2520.0,1763.5,587.0,829.0,1046.5,1394.5,1740.0,1891.0,2072.0,2148.0,0.0,0.0,0.0,0.0,0.0,0.0,0.0,0.0,0.0,0.0,3601.0,2721.0,782.0,1118.0,1453.0,1820.0,1993.0,2133.0,2355.0,2469.0,3836.0,2931.5,920.5,1205.5,1498.5,1901.0,2194.0,2393.5,2571.5,2726.0,3210.5,2380.5,725.5,1037.5,1212.0,1614.0,2129.0,2319.0,2540.5,2594.0,2002.5,1766.0,541.5,692.0,929.5,1046.0,1117.5,1231.5,1358.5,1373.0,2246.0,1963.0,594.0,766.0,1056.0,1181.0,1195.0,1313.0,1441.0,1487.0,2192.5,2044.0,575.5,773.0,1043.0,1155.0,1199.5,1282.5,1431.0,1410.5,2273.0,2119.0,645.0,842.0,1121.5,1239.0,1285.5,1384.0,1514.5,1512.5,"{""type"":""MultiPoint"",""coordinates"":[]}"
59_0,3,1357.5,1143.5,618.5,677.5,767.0,912.5,1007.5,1075.5,1127.5,1145.0,2402.0,2252.0,955.0,1197.0,1488.0,1602.0,1558.0,1622.0,1758.0,1742.0,2363.0,2258.0,918.0,1135.0,1416.0,1530.0,1536.0,1635.0,1723.0,1739.0,1094.5,1046.5,483.5,649.0,755.0,897.0,895.5,920.0,941.5,901.5,395.0,385.0,445.0,614.0,636.5,780.0,719.5,771.0,664.0,642.5,701.0,527.5,379.0,668.5,492.5,915.0,1208.0,1321.0,1239.0,1172.5,917.0,637.0,360.0,673.0,450.0,944.0,1504.0,1582.0,1574.0,1560.0,1291.0,737.0,184.0,488.0,226.0,811.0,2074.0,2532.0,2417.0,2368.0,1251.0,681.0,73.0,311.0,102.0,613.0,2204.0,3106.0,2940.0,2999.0,1333.5,664.0,39.5,230.0,37.0,483.5,2615.5,4093.5,4100.0,4189.5,1334.0,650.0,30.0,235.5,37.0,487.0,2735.0,4475.5,4534.0,4669.5,2504.5,2112.5,1569.5,1621.5,1720.5,1901.0,2109.0,2141.5,2312.0,2206.0,1394.5,688.5,51.5,265.0,49.0,539.5,2900.5,4678.0,4731.5,4892.0,1416.5,710.5,194.5,548.0,207.0,1015.5,3311.5,4708.0,4854.0,4973.5,1488.0,738.0,538.0,916.0,637.0,1414.0,3444.0,4415.0,4515.0,4729.0,1634.0,898.0,727.0,1181.0,1023.0,1891.0,3255.0,3777.0,3973.0,4048.0,1697.0,949.0,661.0,1153.0,1050.0,1910.0,3010.0,3445.0,3735.0,3772.0,2092.0,1255.0,658.0,1180.0,1348.0,2188.0,2954.0,3268.0,3489.0,3648.0,4404.5,3076.5,1208.5,1745.0,2330.0,2910.0,3307.5,3590.5,3968.5,4041.0,4567.0,3334.0,1253.0,1754.0,2523.0,2879.0,3100.0,3303.0,3536.0,3581.0,4173.0,3149.0,1271.0,1550.0,2332.0,2679.0,2869.0,3125.0,3502.0,3525.0,3576.0,2596.0,1170.5,1431.5,1973.0,2325.5,2460.0,2695.5,2870.5,3068.5,1700.0,1410.0,398.0,635.0,799.0,1034.0,1191.0,1316.0,1420.0,1428.0,3881.5,3034.5,984.0,1293.0,1786.5,2062.5,2221.0,2406.0,2551.0,2685.5,2927.0,2607.5,889.0,1035.0,1299.5,1492.0,1598.0,1719.5,1869.5,1914.0,2941.5,2822.0,1449.0,1487.0,1614.0,1815.0,2032.0,2155.5,2244.5,2276.5,2301.0,2339.5,594.5,675.0,829.0,1002.5,1120.5,1229.5,1303.5,1367.0,1647.0,1397.5,332.5,482.0,655.0,835.5,1026.0,1113.0,1220.5,1289.5,0.0,0.0,0.0,0.0,0.0,0.0,0.0,0.0,0.0,0.0,1608.0,1240.0,295.0,527.0,683.0,974.0,1208.0,1289.0,1405.0,1440.0,3177.0,2930.0,1871.0,2150.5,2307.0,2734.0,3271.5,3464.0,3153.5,3513.5,1844.5,1420.0,465.0,731.0,801.0,1142.0,1568.5,1715.5,1868.5,1839.5,1887.0,1544.0,574.5,755.0,915.5,1133.5,1406.5,1494.0,1600.5,1631.0,1961.0,1688.0,568.0,740.0,985.0,1111.0,1202.0,1280.0,1370.0,1426.0,2004.0,1810.0,670.0,835.5,1077.0,1171.0,1263.5,1350.0,1471.5,1490.0,2408.5,2311.0,883.5,1137.5,1426.0,1543.0,1528.5,1610.5,1734.0,1720.5,"{""type"":""MultiPoint"",""coordinates"":[]}"
60_0,3,1109.0,953.0,455.0,522.0,630.0,713.5,717.5,751.5,796.0,804.5,1627.0,1426.5,664.5,830.0,990.5,1068.0,1108.0,1157.0,1227.0,1232.0,141.0,135.5,290.0,528.5,558.5,636.0,363.0,387.0,361.0,250.5,184.5,170.0,390.0,630.0,684.0,808.5,569.5,634.5,615.5,477.0,223.0,183.0,421.0,646.0,631.0,842.0,691.0,734.0,736.0,612.0,432.0,330.0,426.0,707.0,564.0,998.0,1002.0,1129.0,1053.0,853.0,1370.0,747.0,467.0,973.0,515.0,1522.0,3026.0,3573.0,3501.0,3078.0,1594.0,787.0,525.0,1096.0,538.0,1656.0,4154.0,4637.0,4372.0,4282.0,1520.0,700.0,340.0,893.0,348.0,1530.0,4256.0,5149.0,5300.0,5150.0,1480.0,674.5,255.0,761.5,302.5,1328.0,4076.5,4789.5,5090.5,4999.0,1512.5,687.5,206.5,699.0,252.0,1226.0,3886.5,4765.5,5057.5,5169.5,1364.0,1172.0,549.0,670.0,812.0,881.0,907.0,945.0,1017.0,1039.0,1608.0,732.0,245.0,721.0,281.0,1214.0,3777.0,4650.0,4947.0,4954.0,1645.0,776.0,206.0,746.0,299.0,1323.0,3721.0,4574.0,4776.0,4895.0,1696.0,815.0,304.0,793.0,387.0,1325.0,3738.0,4494.0,4747.0,4749.0,1846.0,934.0,473.0,1067.0,591.0,1794.0,3614.0,4228.0,4455.0,4596.0,1868.5,977.5,513.5,1132.5,752.0,1886.0,3425.0,3814.5,4166.0,4211.5,2082.5,1131.5,569.0,1198.0,986.0,2020.5,3265.0,3621.5,3880.0,3997.0,2442.0,1442.0,1364.0,1574.0,1465.0,2276.0,3257.0,3628.0,3865.0,4085.0,4587.0,2981.5,1480.5,2019.0,2852.0,3451.0,3862.0,4143.0,4666.0,4726.5,4486.5,3030.0,1473.5,2015.5,2926.5,3452.5,3783.5,4023.5,4585.5,4610.5,2711.0,2188.0,884.0,1158.0,1580.0,1816.0,1847.0,2031.0,2160.0,2198.0,1457.0,1246.0,644.0,740.0,886.0,942.0,956.0,1007.0,1092.0,1064.0,2711.0,2188.0,889.0,1159.0,1583.0,1816.0,1847.0,2006.0,2143.0,2195.0,2400.0,1940.0,823.5,1014.0,1337.5,1477.0,1559.0,1641.0,1805.0,1840.5,1998.5,1662.5,473.0,619.5,865.0,984.5,1064.0,1125.5,1259.0,1285.5,2308.0,1999.0,618.0,781.0,1066.0,1197.0,1261.0,1390.0,1498.0,1526.0,1862.0,1504.0,462.0,587.0,839.0,954.0,1021.0,1099.0,1233.0,1256.0,0.0,0.0,0.0,0.0,0.0,0.0,0.0,0.0,0.0,0.0,2459.0,2302.0,938.0,1168.0,1396.0,1519.0,1578.0,1653.0,1779.0,1770.0,2606.0,2342.0,1036.0,1262.0,1392.0,1610.0,1773.0,1856.0,1968.0,1980.0,1668.0,1458.0,639.0,748.0,887.0,979.0,1078.0,1161.0,1259.0,1233.0,1668.0,1458.0,639.0,748.0,887.0,979.0,1078.0,1161.0,1259.0,1233.0,1382.5,1190.0,481.5,551.5,687.5,756.0,794.5,842.5,913.5,919.5,1551.0,1347.0,589.0,716.0,850.0,918.0,953.0,998.0,1088.0,1070.0,1533.0,1330.0,614.5,756.0,891.0,963.0,1007.5,1057.5,1131.5,1116.0,"{""type"":""MultiPoint"",""coordinates"":[]}"
61_0,3,1510.5,1296.0,737.5,791.0,858.0,1006.0,1122.5,1167.5,1267.0,1262.0,2615.0,2485.0,933.0,1188.0,1534.0,1646.0,1671.0,1771.0,1878.0,1913.0,2639.0,2593.0,910.0,1147.0,1463.0,1613.0,1654.0,1749.0,1861.0,1873.0,1250.5,1226.0,474.5,642.0,817.0,920.0,916.5,979.0,999.0,962.0,227.0,202.0,249.5,365.0,387.5,529.5,469.0,516.0,508.0,470.5,580.5,420.5,366.0,540.5,469.5,766.0,927.0,1050.5,1013.5,1003.5,733.0,506.0,322.0,504.0,414.0,771.0,1163.0,1229.0,1185.0,1186.0,1151.0,706.0,210.0,485.0,317.0,764.0,1748.0,1931.0,1907.0,1943.0,1080.0,557.0,41.0,199.0,65.0,440.0,1992.0,2814.0,2765.0,2718.0,1312.0,624.5,20.5,159.0,0.0,371.5,2594.0,4389.5,4429.5,4502.5,1374.0,635.5,27.5,189.0,0.0,381.5,2696.5,4773.5,4926.5,4972.0,2348.5,2062.5,1447.0,1542.5,1629.5,1848.0,2009.0,2098.5,2097.0,2174.0,1420.0,656.0,28.5,187.5,8.5,418.0,2711.5,4946.0,5058.5,5222.0,1357.0,634.0,61.0,245.5,27.5,553.5,2913.0,4847.5,5057.0,5130.5,1403.0,672.0,502.0,818.0,547.0,1209.0,3050.0,4419.0,4544.0,4752.0,1581.0,809.0,604.0,988.0,720.0,1554.0,3239.0,4020.0,4232.0,4300.0,1547.0,812.0,507.0,958.0,748.0,1554.0,3038.0,3763.0,4088.0,4110.0,1872.0,1070.0,518.0,989.0,986.0,1842.0,3062.0,3569.0,3830.0,3892.0,4639.5,3223.5,1216.0,1712.0,2272.0,2908.0,3350.0,3659.5,4007.5,4107.0,4660.0,3451.0,1269.0,1755.0,2528.0,2836.0,3064.0,3242.0,3555.0,3593.0,4619.0,3460.0,1289.0,1755.0,2483.0,2812.0,3058.0,3244.0,3672.0,3672.0,4093.5,2925.5,1258.5,1599.5,2328.0,2686.0,2816.5,3047.5,3231.5,3430.0,1649.0,1317.0,470.0,650.0,781.0,1029.0,1363.0,1472.0,1603.0,1508.0,4086.5,3222.0,1068.5,1382.0,1875.0,2225.5,2343.0,2493.5,2701.5,2872.0,3347.0,2874.5,997.0,1158.5,1457.5,1689.5,1821.0,1941.0,2104.5,2165.5,2309.0,2229.0,587.0,690.0,823.5,1050.5,1291.0,1395.0,1438.0,1536.0,2364.5,2276.0,604.0,712.0,814.0,1056.5,1293.0,1349.5,1403.0,1561.0,1831.5,1429.0,366.5,558.5,664.0,965.0,1432.5,1502.5,1615.5,1692.5,0.0,0.0,0.0,0.0,0.0,0.0,0.0,0.0,0.0,0.0,1502.0,1062.0,253.0,503.0,528.0,949.0,1516.0,1614.0,1773.0,1744.0,1849.0,1418.5,1730.5,1438.5,1088.0,1404.5,1797.5,1870.0,2751.5,1907.5,1802.0,1316.0,373.0,694.0,681.5,1176.5,1925.0,2068.5,2209.5,2249.0,1864.0,1491.0,506.0,690.0,788.5,1116.5,1588.5,1741.5,1884.0,1844.5,1904.0,1693.0,512.0,677.0,886.0,1047.0,1198.0,1299.0,1388.0,1408.0,1959.0,1818.5,555.5,717.0,942.0,1059.0,1158.5,1251.0,1349.5,1359.5,2616.5,2527.5,853.5,1105.5,1443.5,1564.0,1608.5,1703.5,1801.5,1835.0,"{""type"":""MultiPoint"",""coordinates"":[]}"
62_0,3,2070.5,1722.5,614.0,783.0,1069.0,1194.5,1220.0,1334.0,1442.5,1476.5,2565.5,2197.5,963.5,1283.5,1592.0,1716.0,1754.5,1838.0,1956.5,1960.5,2560.0,2174.0,918.0,1204.0,1523.5,1640.5,1666.0,1745.5,1863.5,1874.0,2503.5,2172.0,904.5,1168.0,1460.0,1590.0,1592.0,1688.5,1778.0,1808.0,472.0,356.5,522.0,714.0,782.5,952.0,872.5,940.0,928.0,847.5,196.0,182.5,493.0,714.0,760.0,939.0,803.5,883.0,860.0,763.0,655.0,501.5,446.0,748.0,619.0,1072.5,1238.5,1370.5,1254.5,1190.5,1562.5,918.5,377.5,763.0,381.0,1092.5,2816.5,3154.0,3274.0,3137.0,1703.0,865.5,215.5,621.0,294.0,1049.5,3396.5,4283.0,4449.0,4425.0,1818.0,935.5,257.5,608.0,331.0,1129.0,3330.5,4249.5,4462.0,4498.5,1661.0,819.5,204.5,548.5,256.0,999.5,3270.0,4260.5,4448.5,4565.0,2369.0,2021.5,657.5,902.0,1193.5,1394.0,1418.5,1479.5,1552.5,1647.0,1583.5,777.0,160.0,475.5,213.0,933.0,3185.5,4263.0,4427.0,4570.0,1477.0,708.5,157.0,457.0,213.0,867.0,3160.0,4259.5,4414.0,4595.5,1523.0,715.5,219.0,604.5,257.0,1026.0,3464.5,4459.5,4619.5,4771.5,1899.5,917.0,468.0,988.5,518.5,1631.5,3873.5,4675.0,4915.5,4914.5,1906.0,996.0,483.0,1132.5,662.5,1862.0,3842.5,4495.5,4827.5,4788.0,2115.0,1184.0,614.0,1362.0,1077.0,2427.0,3744.0,4124.0,4543.0,4549.0,2481.0,1446.0,960.0,1709.0,1671.0,2821.5,3733.5,4106.0,4572.5,4559.5,2887.5,1757.5,1024.5,1721.0,1910.0,2880.5,3531.5,3866.5,4314.5,4270.5,4166.5,2867.5,1271.0,1803.0,2628.5,3062.0,3336.0,3658.0,4111.0,4141.0,2640.0,2033.0,935.0,1276.0,1746.0,1979.0,1997.5,2156.5,2319.5,2386.5,2218.5,1872.5,583.5,823.0,1106.5,1238.0,1285.0,1381.5,1522.0,1523.0,2574.5,1986.0,902.5,1234.0,1679.5,1860.0,1930.0,2028.0,2278.0,2263.0,2677.5,2092.5,994.0,1282.0,1662.0,1862.5,1854.0,1988.0,2197.5,2216.5,2436.5,1953.0,758.5,985.0,1307.5,1491.5,1519.5,1640.0,1783.5,1797.5,2596.5,2133.5,834.0,1037.0,1361.0,1552.5,1615.5,1691.5,1817.5,1900.0,2196.0,1478.0,632.5,809.5,1120.5,1260.5,1328.0,1382.5,1596.5,1584.0,0.0,0.0,0.0,0.0,0.0,0.0,0.0,0.0,0.0,0.0,1951.0,1671.0,542.5,751.0,979.5,1099.5,1174.0,1180.0,1305.5,1332.0,2045.5,1780.5,630.0,762.5,961.5,1067.5,1116.5,1183.0,1258.0,1279.5,2444.5,2132.5,720.0,932.0,1186.5,1323.0,1405.5,1454.5,1591.5,1613.0,2506.0,2156.5,787.0,950.5,1254.5,1386.5,1375.0,1474.0,1628.5,1631.0,2354.5,1964.0,808.0,940.5,1165.0,1274.5,1281.5,1357.0,1524.5,1507.0,2115.5,1821.5,598.5,830.5,1072.0,1178.0,1218.5,1281.5,1416.0,1413.5,2325.0,2023.5,823.5,1104.0,1384.5,1492.0,1544.5,1584.5,1730.5,1709.0,"{""type"":""MultiPoint"",""coordinates"":[]}"
63_0,3,3218.0,2556.5,948.0,1090.5,1414.0,1610.5,1667.0,1830.5,1999.0,2091.5,2070.0,1911.0,615.0,860.0,1140.0,1272.0,1291.0,1379.0,1472.0,1493.0,2171.0,2028.0,726.0,934.0,1214.0,1358.0,1373.0,1466.0,1529.0,1584.0,1296.5,1197.0,465.0,640.0,836.5,942.5,854.5,973.0,953.5,953.5,495.0,455.0,834.0,950.0,961.0,1051.0,847.0,879.0,855.0,744.0,437.0,366.0,394.0,635.0,600.0,802.0,750.0,817.0,734.0,709.0,691.0,524.0,334.0,606.0,497.0,925.0,1165.0,1218.0,1143.0,1175.0,1301.0,769.0,311.0,606.0,443.0,925.0,1891.0,2299.0,2222.0,2251.0,1127.0,614.0,193.0,401.0,254.0,706.0,1891.0,2299.0,2222.0,2251.0,1209.5,622.0,96.5,338.0,123.0,614.0,2235.5,3004.5,2924.5,3029.5,1248.0,582.5,58.5,241.0,53.0,454.5,2383.0,3453.0,3394.0,3457.5,3943.5,3452.0,2118.5,2250.0,2540.0,2781.0,2742.5,2785.5,2965.0,3057.0,1266.0,584.0,47.0,236.5,37.0,466.0,2521.0,3877.5,3863.0,4022.0,1177.5,555.0,95.0,382.0,101.0,722.5,2830.0,4034.0,4036.0,4151.5,1239.0,569.0,474.0,780.0,536.0,1164.0,3121.0,4134.0,4066.0,4225.0,1294.0,683.0,637.0,1006.0,846.0,1638.0,3092.0,3659.0,3835.0,3859.0,1337.0,737.0,533.0,980.0,846.0,1675.0,2826.0,3211.0,3469.0,3489.0,1654.0,960.0,504.0,992.0,1032.0,1915.0,2818.0,3135.0,3361.0,3468.0,4222.0,2978.5,1141.5,1624.5,2339.5,2796.0,3121.0,3439.5,3709.5,3861.0,4248.5,3089.5,1197.5,1666.0,2382.0,2786.0,3040.0,3265.0,3601.5,3697.0,3508.0,2836.0,983.0,1435.0,2024.0,2312.0,2484.0,2683.0,3025.0,2991.0,3423.0,2500.0,940.0,1290.5,1820.0,2139.0,2311.5,2512.5,2696.0,2831.5,3461.0,2839.0,833.0,1054.0,1461.0,1665.0,1700.0,1842.0,2067.0,2142.0,3521.5,2780.5,854.0,1147.5,1510.5,1838.5,2052.0,2201.0,2346.5,2493.5,4817.0,4136.0,2656.5,2829.5,3117.0,3400.0,3521.5,3643.5,3880.5,3816.5,3177.5,2636.5,817.0,957.5,1176.5,1416.5,1635.0,1776.0,1903.0,1989.0,3030.5,2480.5,782.5,926.5,1110.5,1370.0,1585.5,1725.0,1831.0,1916.5,2252.5,1675.0,489.0,669.0,865.5,1110.0,1283.5,1407.0,1586.0,1618.0,0.0,0.0,0.0,0.0,0.0,0.0,0.0,0.0,0.0,0.0,3834.0,3117.0,978.0,1322.0,1804.0,2016.0,2077.0,2183.0,2414.0,2516.0,3773.0,3070.0,1197.0,1380.0,1804.0,2007.0,2077.0,2214.0,2537.0,2534.0,3624.0,3018.0,1054.0,1327.0,1799.0,2007.0,2063.0,2182.0,2443.0,2469.0,2767.5,2374.5,853.5,1004.5,1351.5,1463.0,1510.5,1604.0,1783.5,1808.0,1835.0,1599.0,618.0,727.0,1022.0,1059.0,1081.0,1107.0,1229.0,1256.0,1815.0,1697.5,519.0,688.0,961.5,1049.5,1061.5,1121.5,1233.5,1243.0,1885.5,1755.0,559.0,761.0,1026.5,1135.0,1155.0,1231.0,1339.0,1338.0,"{""type"":""MultiPoint"",""coordinates"":[]}"
64_0,3,2088.0,1703.0,648.0,848.0,1140.5,1281.5,1280.5,1384.5,1556.5,1520.5,2488.0,2124.0,1013.5,1313.0,1600.5,1713.0,1738.0,1800.0,1946.0,1916.5,1485.0,1213.0,602.5,830.0,993.5,1120.5,1065.0,1142.0,1207.5,1212.5,270.0,230.5,429.5,611.5,644.5,783.5,618.0,685.5,670.5,587.0,190.0,153.5,452.0,636.5,697.0,807.5,636.5,721.0,670.0,602.0,261.0,238.0,473.5,682.0,701.0,882.5,708.0,768.0,729.5,637.0,647.5,440.5,461.0,678.0,597.0,924.0,1043.0,1199.0,1051.0,1010.5,958.0,625.0,473.0,741.0,497.0,995.5,1605.0,1725.5,1785.0,1654.5,1534.5,818.0,305.5,658.0,420.0,1114.0,2590.5,2977.0,3179.5,3119.0,1698.0,869.5,251.0,651.0,352.0,1107.5,3028.5,3610.0,3843.5,3726.5,1634.5,837.0,230.0,515.0,329.0,905.5,2783.0,3593.5,3861.0,3821.5,2376.5,2000.5,719.5,962.0,1274.0,1432.5,1468.5,1558.0,1639.5,1665.0,1679.5,854.0,241.0,544.0,295.0,932.0,3004.5,4081.5,4121.5,4170.5,1688.5,846.5,260.5,742.5,356.5,1265.0,3515.5,4394.0,4562.0,4570.5,1741.5,882.5,380.5,836.5,518.5,1415.5,3522.0,4243.5,4314.5,4480.0,1979.5,1059.0,575.5,1051.5,856.5,1879.0,3427.5,3927.5,4142.5,4241.5,2270.5,1315.0,627.0,1134.5,1052.5,2035.5,3224.5,3706.0,4044.5,4042.0,2543.0,1534.0,671.0,1188.0,1251.0,2116.0,3140.0,3453.0,3773.0,3910.0,4140.5,2806.0,1243.5,1677.5,2328.5,2750.0,3133.0,3434.5,3751.0,3885.5,4137.5,2841.5,1255.0,1796.0,2588.0,3052.5,3393.0,3575.0,4006.0,4082.5,2502.0,1930.0,826.5,1183.5,1610.5,1809.5,1875.0,1995.5,2214.5,2180.0,2179.5,1670.5,775.5,1042.0,1458.0,1690.5,1654.0,1821.0,1865.5,1950.0,2222.5,1844.0,615.5,864.0,1186.0,1293.0,1353.0,1431.0,1625.5,1631.5,2447.0,1929.5,898.5,1168.5,1579.5,1764.5,1779.0,1921.0,2001.5,2104.5,2348.0,1858.5,974.5,1186.5,1513.0,1648.5,1759.0,1868.0,1974.0,2001.0,2054.0,1665.5,685.0,864.0,1140.5,1212.0,1313.5,1362.5,1539.0,1517.5,1623.5,1375.5,489.0,629.5,822.5,882.0,959.5,1032.0,1099.0,1111.5,806.5,525.0,280.5,370.0,509.0,569.0,605.5,629.0,692.0,727.5,0.0,0.0,0.0,0.0,0.0,0.0,0.0,0.0,0.0,0.0,2153.5,1774.0,606.0,843.5,1114.5,1234.0,1286.0,1355.5,1519.0,1538.0,2282.5,1949.0,744.5,892.5,1147.5,1261.0,1343.0,1450.5,1510.5,1558.0,2321.5,1956.0,765.5,991.0,1269.0,1371.5,1440.0,1504.5,1673.5,1636.0,2456.5,2033.5,806.5,967.0,1259.5,1359.5,1385.0,1480.5,1619.0,1613.5,2506.5,2062.5,885.0,1037.0,1298.0,1411.5,1463.0,1579.0,1701.0,1707.0,2207.5,1900.0,643.0,868.5,1139.5,1262.5,1294.0,1365.0,1515.0,1491.0,2267.0,1935.0,746.0,988.5,1267.5,1395.0,1463.0,1520.5,1643.5,1654.0,"{""type"":""MultiPoint"",""coordinates"":[]}"
65_0,3,2002.5,1662.5,628.5,789.5,1074.5,1211.0,1221.5,1336.0,1471.5,1450.0,2303.0,2006.0,875.5,1154.5,1430.0,1535.5,1604.0,1641.0,1763.5,1761.0,2417.0,2092.0,883.5,1125.0,1419.5,1549.5,1579.0,1665.5,1771.0,1781.0,2337.5,2025.5,875.5,1105.5,1374.5,1505.0,1524.0,1620.5,1701.0,1730.0,238.5,215.5,423.5,647.0,640.0,824.0,631.5,707.0,624.0,587.0,325.0,251.0,517.5,800.0,810.5,984.5,851.0,908.0,884.5,781.5,680.5,457.0,466.0,696.0,609.0,1052.0,1285.0,1378.5,1165.5,1189.0,1058.0,749.5,345.5,689.5,415.0,1092.5,2205.0,2430.5,2464.5,2238.5,1504.5,779.5,286.0,642.0,331.5,1135.5,3222.5,3947.0,3973.5,3995.0,1708.0,900.5,245.0,616.0,418.0,1130.5,3018.5,3792.5,3870.0,4009.5,1626.5,822.5,188.0,440.0,309.0,810.0,2812.5,3828.0,3944.5,4044.0,2340.0,1966.0,692.5,914.5,1236.0,1362.0,1430.0,1530.0,1604.5,1694.0,1680.5,858.0,225.0,509.5,325.0,923.5,3057.0,4046.5,4128.0,4352.5,1751.0,878.5,260.5,667.5,423.5,1212.0,3381.5,4288.0,4488.5,4583.5,1840.5,951.0,402.5,868.5,599.5,1498.0,3489.5,4315.0,4383.0,4612.0,1942.5,1093.5,591.5,1078.5,948.5,1925.5,3374.0,3813.0,3986.0,4105.5,2066.5,1191.0,633.0,1147.0,1103.0,1991.5,3120.5,3533.5,3807.5,3873.5,2350.0,1418.0,645.0,1153.0,1266.0,2080.0,2972.0,3304.0,3578.0,3724.0,3245.5,2114.0,978.0,1417.5,1729.0,2382.5,3009.5,3399.5,3657.5,3850.0,3936.0,2687.0,994.0,1425.0,2031.5,2518.0,2842.5,3127.5,3488.5,3598.5,3591.0,2566.5,876.5,1276.5,1848.5,2258.5,2523.5,2766.0,3038.0,3246.0,2399.0,1842.0,718.5,1006.5,1443.5,1627.5,1717.5,1838.5,1915.0,2044.5,2138.0,1794.0,583.0,826.5,1116.0,1266.5,1274.0,1376.5,1546.5,1569.5,2430.5,1894.5,748.0,1026.0,1432.5,1645.0,1725.5,1841.0,1887.5,2044.5,1983.5,1539.5,810.5,999.5,1273.0,1424.0,1483.0,1577.0,1678.0,1719.5,2162.0,1722.5,678.0,860.5,1137.0,1298.5,1362.5,1455.0,1548.0,1586.0,2300.0,1896.5,794.0,931.5,1214.0,1380.0,1426.5,1546.5,1586.5,1658.5,1888.5,1517.0,540.0,685.5,957.0,1086.5,1103.0,1198.5,1382.0,1375.0,0.0,0.0,0.0,0.0,0.0,0.0,0.0,0.0,0.0,0.0,1820.5,1494.5,506.0,690.0,943.5,1063.5,1045.5,1171.0,1277.5,1279.0,1952.5,1648.0,662.0,790.5,973.5,1066.5,1118.0,1179.0,1276.0,1302.5,2413.0,2091.5,792.5,992.0,1273.5,1414.0,1430.5,1538.0,1649.0,1672.0,2383.5,2012.5,825.5,976.5,1273.0,1387.5,1440.5,1510.0,1639.5,1678.5,2161.5,1809.0,757.0,861.5,1099.5,1214.5,1209.5,1282.5,1393.0,1459.0,2062.0,1803.0,605.0,804.5,1045.5,1162.5,1204.5,1295.5,1414.5,1427.5,2081.5,1827.5,667.0,855.5,1080.0,1170.0,1242.0,1306.0,1433.5,1427.5,"{""type"":""MultiPoint"",""coordinates"":[]}"
66_0,3,1720.5,1423.0,566.0,702.0,938.0,1025.5,1109.5,1135.0,1220.5,1255.0,2274.0,1975.0,847.0,1098.5,1348.0,1467.5,1496.0,1569.0,1678.5,1666.0,2365.5,2072.0,878.0,1155.0,1399.0,1532.5,1564.0,1637.5,1716.5,1707.5,2288.0,2032.5,867.5,1125.5,1362.5,1479.0,1525.5,1587.5,1649.5,1656.0,281.0,259.0,887.0,1116.0,1154.0,1249.0,902.0,952.0,891.0,702.0,465.0,390.0,894.0,1163.0,1244.0,1477.0,1130.0,1253.0,1400.0,1097.0,368.0,324.0,785.0,1101.0,1050.0,1425.0,1260.0,1363.0,1238.0,1170.0,772.0,639.0,714.0,1012.0,975.0,1525.0,1639.0,1737.0,1811.0,1675.0,647.0,491.0,589.0,830.0,753.0,1284.0,1470.0,1787.0,1610.0,1507.0,741.0,523.0,314.5,589.0,494.5,1035.5,1539.5,1805.0,1611.5,1523.0,1171.0,665.0,258.0,567.0,396.5,967.5,2185.5,2671.0,2567.0,2568.0,1903.0,1621.0,704.0,860.0,1074.0,1198.0,1233.0,1298.0,1344.0,1391.0,1237.0,681.0,218.0,519.0,285.0,899.0,2099.0,2537.0,2418.0,2415.0,1256.0,646.0,123.0,379.0,178.0,730.0,2414.0,3102.0,3040.0,3120.0,1246.0,632.0,123.0,356.0,141.0,682.0,2668.0,3553.0,3508.0,3626.0,1545.0,790.0,338.0,694.0,354.0,1107.0,3307.0,4107.0,4148.0,4273.0,1653.0,823.5,396.5,869.5,439.5,1396.5,3543.5,4324.0,4568.0,4477.0,1648.5,902.0,393.0,922.5,543.0,1600.0,3237.0,3705.0,3909.0,3919.0,1873.5,1037.5,816.5,1376.0,1181.0,2148.0,3320.0,3662.5,3933.0,3993.0,2363.5,1463.0,912.5,1561.5,1695.0,2789.5,3458.0,3754.0,4078.5,4123.0,3649.0,2569.5,1176.0,1663.0,2263.0,2876.5,3224.0,3526.0,3907.5,3916.5,2658.0,2022.0,778.0,1082.0,1491.0,1752.0,1812.0,1978.0,2024.0,2133.0,1786.0,1523.0,476.0,693.0,931.0,1043.0,1092.0,1178.0,1293.0,1315.0,2616.0,2022.0,778.0,1082.0,1449.0,1693.0,1758.0,1846.0,1920.0,2062.0,2485.0,1937.0,813.5,1040.5,1353.0,1558.5,1598.5,1722.0,1811.0,1906.0,2226.0,1782.5,647.5,834.0,1076.5,1216.0,1286.0,1375.0,1454.5,1502.5,2348.0,1981.0,741.0,890.0,1134.0,1329.0,1356.0,1437.0,1497.0,1590.0,1932.0,1538.0,506.0,653.0,868.0,970.0,1045.0,1101.0,1235.0,1228.0,0.0,0.0,0.0,0.0,0.0,0.0,0.0,0.0,0.0,0.0,1643.0,1331.0,518.0,701.0,890.0,971.0,1017.0,1081.0,1190.0,1177.0,1792.0,1523.0,616.0,775.0,936.0,1028.0,1055.0,1096.0,1200.0,1207.0,2216.0,1923.0,741.0,973.0,1214.0,1321.0,1362.0,1419.0,1558.0,1542.0,2383.0,2095.0,937.0,1114.0,1347.0,1438.0,1489.0,1590.0,1739.0,1675.0,1916.0,1613.0,577.0,722.0,935.0,1049.0,1042.0,1118.0,1202.0,1225.0,2072.0,1772.0,683.0,899.0,1121.0,1214.0,1280.0,1349.0,1431.0,1472.0,2099.0,1806.0,761.0,952.0,1175.0,1272.0,1323.0,1395.0,1509.5,1482.0,"{""type"":""MultiPoint"",""coordinates"":[]}"
67_0,3,1875.0,1560.0,560.5,715.0,964.5,1087.0,1136.5,1197.0,1313.0,1318.0,2441.5,2104.0,1049.5,1354.5,1620.5,1755.5,1783.0,1851.0,1959.5,1947.5,2548.0,2171.0,1047.0,1326.5,1616.5,1777.5,1816.0,1873.0,1984.5,1981.0,2505.5,2150.0,1052.5,1328.0,1593.0,1735.0,1778.5,1829.5,1926.5,1937.5,128.5,112.0,518.5,798.0,910.0,1034.5,809.5,900.5,843.0,747.0,231.0,196.5,649.0,932.5,1055.0,1223.0,1112.5,1165.5,1179.5,1078.5,383.0,271.0,595.5,885.5,903.0,1223.0,1168.5,1296.0,1186.0,1072.0,717.5,459.5,563.0,844.0,786.0,1201.5,1546.0,1676.5,1561.5,1485.0,1060.0,685.0,406.0,707.0,527.5,1133.0,2136.0,2445.5,2410.5,2353.0,1311.5,706.5,278.5,584.5,362.5,1074.5,2547.0,3105.5,3012.0,2957.5,1410.0,702.0,203.5,457.5,267.5,826.5,2782.0,3747.0,3739.0,3729.0,2180.0,1844.0,639.0,863.0,1136.5,1261.0,1312.0,1405.0,1462.0,1539.5,1513.5,746.0,228.5,490.0,278.0,932.0,3045.0,3970.5,3919.0,4073.5,1611.0,755.5,222.5,564.0,286.5,1059.5,3381.5,4321.0,4386.5,4426.0,1671.5,830.0,363.5,789.0,494.0,1429.0,3466.0,4378.5,4365.5,4528.5,1796.5,977.0,535.5,948.0,795.5,1818.5,3314.5,3778.5,3958.5,4027.0,2051.0,1161.0,560.5,989.5,981.0,1877.5,2940.5,3353.0,3670.0,3701.5,2451.0,1509.0,611.0,1036.0,1303.0,2017.0,2685.0,2982.0,3241.0,3401.0,3527.0,2372.5,1066.0,1445.5,1915.0,2430.5,2879.5,3200.0,3510.5,3645.5,4342.0,2999.5,1046.0,1473.5,2255.5,2700.0,2980.5,3266.5,3661.5,3755.5,4192.0,2860.0,1045.0,1460.5,2185.5,2610.0,2870.5,3140.5,3562.5,3612.0,2257.0,1772.0,634.5,886.5,1241.0,1443.5,1520.5,1641.0,1687.0,1799.0,1943.5,1644.0,522.0,727.5,979.5,1096.0,1141.0,1230.5,1350.0,1358.0,2159.5,1688.0,639.5,879.0,1213.5,1396.5,1464.0,1567.0,1660.0,1712.5,2268.0,1787.0,826.5,1023.5,1332.5,1499.0,1533.5,1673.0,1752.5,1800.5,2052.0,1662.0,652.0,835.5,1087.5,1205.5,1273.5,1364.5,1479.0,1478.0,2190.5,1789.0,754.0,912.5,1159.5,1288.5,1345.0,1475.0,1525.5,1575.0,1764.5,1428.5,514.0,670.0,896.5,990.0,1061.0,1132.0,1283.5,1268.5,0.0,0.0,0.0,0.0,0.0,0.0,0.0,0.0,0.0,0.0,1542.0,1159.0,462.5,614.0,827.5,943.0,1002.5,1054.5,1180.5,1170.5,1822.5,1442.5,636.5,784.5,960.5,1091.5,1134.5,1199.5,1269.0,1279.5,2459.0,1990.0,892.0,1134.0,1381.5,1542.5,1587.5,1654.0,1772.0,1784.5,2326.5,1900.5,859.0,1050.0,1311.5,1419.5,1437.0,1510.0,1663.5,1655.5,1913.5,1550.5,719.5,819.5,1018.5,1126.5,1124.0,1188.5,1294.5,1334.5,2087.5,1803.5,813.0,1024.5,1134.5,1245.5,1322.0,1400.0,1635.5,1485.0,2232.0,1931.0,788.5,1024.5,1256.5,1365.0,1442.5,1515.5,1635.5,1596.0,"{""type"":""MultiPoint"",""coordinates"":[]}"
68_0,3,2303.0,2039.0,1060.0,1135.0,1231.0,1428.5,1614.0,1764.5,1859.0,1875.0,2667.0,2280.0,824.0,1144.0,1400.0,1710.0,2056.0,2298.0,2356.0,2351.0,2765.0,2484.0,909.0,1197.0,1535.0,1753.0,1998.0,2051.0,2290.0,2313.0,1342.5,1177.0,601.0,825.0,940.0,1154.0,1245.0,1350.0,1274.5,1270.0,1464.0,1219.0,730.0,1021.0,1173.0,1506.0,1371.0,1388.0,1371.0,1455.0,1780.0,1377.0,683.0,993.0,1176.0,1446.0,1676.0,1786.0,1967.0,1964.0,1814.0,1362.0,587.0,885.0,1021.0,1359.0,1846.0,1961.0,2016.0,2053.0,2097.0,1459.0,498.0,879.0,759.0,1309.0,2219.0,2398.0,2580.0,2602.0,1793.0,1436.0,507.0,818.0,923.0,1261.0,2104.0,2759.0,2856.0,2755.0,2119.5,1451.5,387.0,664.0,752.0,1225.5,2410.0,3653.0,3849.0,3753.0,2158.0,1476.0,446.5,724.5,824.5,1173.5,2439.5,3883.5,4213.0,4114.0,2238.5,1913.0,845.0,850.5,894.5,1101.5,1357.0,1474.0,1639.5,1623.5,2168.0,1466.5,412.0,696.5,805.5,1175.0,2496.0,4157.5,4359.5,4336.5,2077.5,1437.0,452.5,752.0,826.5,1218.0,2633.0,3948.5,4258.0,4240.0,2107.0,1430.0,567.0,857.0,839.0,1351.0,2841.0,3738.0,3881.0,3950.0,2129.0,1424.0,774.0,1104.0,1034.0,1663.0,2811.0,3533.0,3717.0,3732.0,2148.0,1461.0,665.0,1036.0,1091.0,1696.0,2718.0,3172.0,3421.0,3439.0,2452.0,1697.0,697.0,1072.0,1204.0,1840.0,2782.0,3125.0,3392.0,3462.0,3984.0,3077.0,1052.5,1505.5,2066.0,2426.0,2771.5,3055.0,3357.0,3452.5,4042.5,3144.5,1067.0,1462.5,2083.5,2399.5,2759.5,3000.0,3391.0,3359.0,3723.0,2951.0,1026.0,1399.0,2049.0,2302.0,2609.0,2875.0,3233.0,3264.0,3108.5,2440.5,846.5,1162.5,1641.0,1939.0,2106.0,2292.0,2567.0,2582.0,2145.0,1788.0,364.0,627.0,811.0,1071.0,1358.0,1493.0,1605.0,1631.0,3110.0,2624.5,761.5,1065.0,1362.5,1657.5,1846.0,2003.5,2177.5,2253.0,2263.5,1891.5,902.0,1048.5,1214.5,1388.5,1544.5,1627.5,1729.0,1772.5,2953.0,2693.0,771.5,959.5,1145.0,1404.5,1644.0,1781.5,1952.0,1975.5,2651.0,2368.0,714.5,880.5,1036.5,1286.0,1504.5,1633.0,1772.0,1795.5,1956.0,1544.5,418.0,611.0,756.5,1019.0,1369.5,1534.5,1732.0,1658.5,0.0,0.0,0.0,0.0,0.0,0.0,0.0,0.0,0.0,0.0,1848.0,1394.0,441.0,649.0,728.0,1026.0,1503.0,1536.0,1758.0,1752.0,2249.0,1683.0,443.0,694.0,741.0,1195.0,1726.0,1844.0,2021.0,2054.0,2414.0,1846.0,513.0,828.0,838.0,1335.0,2163.0,2262.0,2533.0,2469.0,2258.0,1622.0,1346.0,1352.5,1264.5,1535.0,1974.5,2099.5,2765.5,2092.5,1952.5,1372.0,1240.5,1260.0,1152.0,1408.0,1856.0,1959.0,2593.0,1930.0,2249.0,1884.0,525.0,781.0,932.0,1246.0,1660.0,1850.0,1985.0,2078.0,2275.5,1961.5,632.0,884.0,1056.0,1359.5,1825.0,2022.5,2173.5,2151.5,"{""type"":""MultiPoint"",""coordinates"":[]}"
69_0,3,2007.0,1636.5,616.0,760.5,1021.5,1133.0,1161.5,1249.0,1374.5,1422.0,2238.5,1904.5,764.5,974.5,1210.5,1309.0,1367.5,1476.0,1578.0,1584.5,2569.5,2190.0,947.5,1216.5,1481.0,1590.0,1615.0,1704.5,1777.0,1804.0,2906.5,2486.5,1156.5,1458.5,1770.0,1906.5,1924.5,2022.0,2106.0,2128.5,828.0,649.0,753.0,992.0,1025.0,1235.0,1167.0,1193.0,1115.0,1135.0,375.0,325.0,753.0,992.0,1025.0,1235.0,959.0,1032.0,1054.0,946.0,541.0,366.0,553.0,835.0,795.0,1095.0,1142.0,1273.0,1188.0,1126.0,786.0,608.0,566.0,852.0,759.0,1095.0,1422.0,1514.0,1403.0,1395.0,1382.0,873.0,452.0,784.0,504.0,1090.0,2337.0,2722.0,2789.0,2663.0,1706.5,868.5,244.0,562.0,273.5,945.5,2973.0,3625.5,3778.0,3768.5,1586.5,760.0,84.0,321.0,123.5,661.0,2919.5,4163.5,4299.5,4223.5,2253.0,1836.0,714.0,887.0,1132.0,1293.0,1323.0,1414.0,1480.0,1565.0,1599.0,765.0,122.0,352.0,154.0,650.0,3052.0,4522.0,4502.0,4582.0,1638.0,746.0,79.0,366.0,120.0,737.0,3377.0,4837.0,5091.0,5032.0,1701.0,803.0,279.0,764.0,391.0,1324.0,3722.0,4927.0,5168.0,5176.0,1919.0,952.0,517.0,1078.0,712.0,1847.0,3803.0,4560.0,4832.0,4886.0,1989.5,1099.0,551.0,1139.5,876.0,1986.5,3581.5,4147.5,4560.0,4507.5,2545.0,1550.0,750.5,1368.5,1503.0,2427.0,3551.0,3931.5,4281.5,4366.5,3355.5,2237.5,1224.0,1841.5,2461.0,3216.5,3936.0,4267.5,4731.5,4742.5,3774.0,2759.0,1291.0,1784.0,2501.0,3046.0,3201.0,3564.0,3860.0,3920.0,3934.0,2808.0,1245.0,1704.0,2465.0,2750.0,2827.0,3147.0,3440.0,3434.0,3943.0,2727.5,1315.5,1792.0,2584.5,2753.0,3051.0,3208.0,3478.0,3502.0,2254.0,1863.0,660.0,850.5,1139.0,1264.5,1304.0,1392.5,1532.5,1546.5,2460.5,1925.5,695.5,956.5,1330.0,1477.5,1553.5,1673.0,1755.0,1811.5,2501.5,1947.0,818.0,1052.0,1412.0,1525.5,1594.0,1760.0,1839.0,1878.5,2284.5,1829.0,663.5,878.0,1154.5,1296.5,1327.5,1425.5,1604.5,1610.5,2313.5,1871.0,722.5,887.0,1155.5,1282.0,1354.5,1424.0,1557.0,1553.0,1869.0,1328.0,528.0,681.0,927.0,1042.0,1014.0,1095.0,1293.0,1280.0,0.0,0.0,0.0,0.0,0.0,0.0,0.0,0.0,0.0,0.0,1857.0,1429.0,565.0,764.0,965.0,1084.0,1099.0,1196.0,1295.0,1338.0,2119.0,1730.0,724.0,855.0,1040.0,1173.0,1189.0,1268.0,1350.0,1367.0,2610.0,2181.0,909.0,1131.0,1367.0,1517.0,1534.0,1626.0,1732.0,1791.0,2211.0,1737.0,1106.0,1200.0,1289.0,1506.0,1718.0,1824.0,1538.0,1952.0,2057.0,1639.5,648.5,809.5,985.0,1141.0,1198.0,1267.5,1379.5,1383.5,2460.0,2024.0,899.0,1074.0,1213.0,1444.0,1711.0,1864.0,1991.0,1944.0,2359.0,1983.0,781.0,1021.0,1211.0,1394.0,1445.0,1545.0,1643.0,1655.0,"{""type"":""MultiPoint"",""coordinates"":[]}"
70_0,3,1920.0,1612.0,578.0,715.0,982.0,1092.5,1129.5,1187.5,1308.0,1314.5,2546.0,2190.0,966.0,1285.5,1600.0,1723.0,1739.0,1825.5,1954.5,1940.5,2567.5,2182.0,943.0,1226.5,1550.5,1672.0,1665.0,1750.5,1863.5,1879.0,2504.0,2159.0,919.5,1189.0,1486.0,1633.0,1603.0,1701.0,1789.5,1809.0,629.5,550.0,837.5,1060.0,1119.5,1306.0,1034.5,1078.5,1076.0,869.5,332.5,263.0,559.5,912.0,949.5,1146.5,955.0,1018.5,999.5,867.5,748.0,594.0,528.5,795.5,718.5,1187.0,1351.0,1469.5,1401.5,1302.0,1423.0,821.0,395.5,771.5,400.0,1148.5,2815.5,3100.5,3155.0,3041.0,1494.0,774.0,236.5,626.0,314.5,1078.0,3243.5,3970.5,4067.5,4051.5,1752.0,937.0,304.0,688.5,431.5,1266.5,3146.5,3856.0,3988.5,4148.5,1784.0,940.5,279.0,701.5,413.0,1277.0,3205.0,3903.0,4082.5,4200.0,2172.5,1868.0,637.0,843.5,1118.5,1249.0,1298.5,1341.5,1459.5,1490.0,1711.0,883.5,242.0,666.5,366.0,1245.0,3154.0,3858.5,4036.0,4179.0,1551.5,781.0,246.0,639.0,359.5,1172.5,3116.0,3807.0,3982.0,4102.0,1554.0,795.5,280.0,660.0,362.5,1197.5,3279.0,3938.5,4050.0,4210.5,1866.0,948.0,457.0,981.0,567.0,1674.0,3619.5,4151.0,4349.5,4435.0,1900.0,1021.0,489.5,1048.0,680.0,1788.5,3421.5,3860.0,4206.5,4165.5,2104.0,1180.0,560.0,1223.0,1055.0,2208.0,3247.0,3566.0,3842.0,3948.0,2390.0,1373.0,844.0,1499.0,1572.5,2532.5,3326.5,3600.5,3930.0,4046.5,2752.0,1674.5,892.0,1501.0,1703.5,2580.0,3069.0,3354.5,3694.0,3791.5,3726.5,2613.5,1074.0,1532.0,2128.5,2575.0,2824.0,3071.5,3527.0,3598.0,2428.5,1840.0,725.0,986.5,1394.5,1666.0,1699.0,1860.5,1865.5,2049.0,2056.0,1762.5,537.5,755.5,1009.0,1107.0,1181.0,1244.5,1376.0,1334.5,2316.0,1802.0,705.0,985.5,1354.5,1578.0,1634.0,1710.5,1860.0,1892.5,2503.0,1951.0,925.5,1135.0,1456.0,1648.0,1713.5,1805.0,1906.5,1968.0,2234.5,1829.5,660.0,848.5,1126.5,1278.5,1325.0,1413.0,1498.0,1587.0,2381.5,1897.5,726.0,916.0,1196.0,1363.0,1389.0,1493.0,1548.0,1695.0,2024.0,1517.0,548.0,679.0,939.5,1090.0,1149.0,1209.0,1365.5,1332.0,0.0,0.0,0.0,0.0,0.0,0.0,0.0,0.0,0.0,0.0,1910.5,1686.5,531.0,732.0,935.0,1029.0,1052.5,1135.0,1239.0,1231.0,1918.5,1715.0,578.0,683.5,882.0,954.5,1010.5,1059.5,1160.0,1176.5,2294.5,2057.0,682.0,882.5,1122.0,1234.0,1240.0,1335.5,1439.5,1441.0,2371.0,2075.5,722.5,886.0,1158.5,1250.0,1221.5,1333.5,1454.5,1443.5,2133.5,1857.0,670.5,795.5,1015.0,1129.0,1119.5,1213.0,1296.0,1335.5,1978.0,1728.0,642.0,805.5,1024.0,1134.5,1135.5,1215.0,1350.0,1334.5,2309.0,2015.0,819.0,1098.0,1387.0,1500.0,1511.5,1568.0,1698.0,1700.5,"{""type"":""MultiPoint"",""coordinates"":[]}"
71_0,3,1707.5,1434.5,559.5,694.0,922.0,1013.5,1084.0,1131.5,1203.0,1242.0,2300.5,1984.0,887.0,1150.0,1387.5,1509.0,1539.5,1619.5,1716.5,1701.5,2369.5,2074.0,898.5,1174.5,1419.5,1535.5,1582.5,1649.5,1725.0,1745.5,2284.0,2021.5,892.0,1135.0,1373.5,1485.0,1531.0,1591.5,1652.5,1675.5,330.0,295.0,887.0,1134.0,1152.0,1254.0,888.0,918.0,887.0,702.0,368.0,308.0,849.0,1134.0,1151.0,1254.0,888.0,984.0,890.0,752.0,565.0,427.0,618.0,949.0,924.0,1429.0,1350.0,1418.0,1367.0,1237.0,725.0,503.0,569.0,863.0,809.0,1264.0,1489.0,1589.0,1506.0,1443.0,688.0,528.0,451.0,705.0,649.0,1156.0,1440.0,1655.0,1567.0,1434.0,766.0,530.5,353.0,590.5,484.0,1007.0,1532.5,1794.5,1703.5,1528.5,1180.5,693.0,330.5,573.5,458.5,1065.5,2266.0,2712.5,2705.0,2611.0,1939.0,1663.0,672.0,855.0,1051.0,1202.0,1238.0,1288.0,1344.0,1361.0,1236.0,688.0,352.0,623.0,468.0,987.0,2277.0,2842.0,2783.0,2700.0,1180.0,616.0,169.0,428.0,254.0,805.0,2277.0,2842.0,2796.0,2710.0,1180.0,616.0,171.0,440.0,225.0,789.0,2610.0,3226.0,3210.0,3184.0,1437.0,742.0,395.0,757.0,419.0,1197.0,3199.0,3739.0,3853.0,3873.0,1561.5,806.5,419.5,896.0,492.0,1441.5,3307.5,3896.0,4087.5,4003.5,1634.0,910.0,434.5,959.0,627.0,1667.0,2992.0,3339.0,3488.5,3521.0,2083.0,1139.0,693.0,1240.0,1109.0,2044.0,2958.0,3246.0,3501.0,3576.0,2372.0,1486.0,690.0,1232.5,1333.0,2226.5,2894.0,3179.5,3438.5,3536.0,3310.5,2318.5,921.5,1390.5,1848.0,2326.0,2713.0,2959.5,3243.5,3301.5,2902.0,2109.0,830.0,1204.0,1738.0,2042.0,2220.0,2406.0,2541.0,2653.0,1810.0,1529.0,476.0,693.0,920.0,1039.0,1113.0,1180.0,1230.0,1305.0,2804.0,2109.0,746.0,1057.0,1444.0,1700.0,1820.0,1947.0,2170.0,2237.0,2722.5,2056.5,809.5,1053.5,1446.5,1668.5,1786.0,1931.5,2101.0,2167.0,2365.0,1909.5,626.0,805.5,1074.0,1242.0,1329.5,1433.5,1561.0,1607.5,2480.0,2023.0,728.0,863.0,1137.0,1304.0,1394.0,1506.0,1608.0,1695.0,2165.0,1528.0,492.0,632.0,914.0,1051.0,1145.0,1263.0,1425.0,1409.0,0.0,0.0,0.0,0.0,0.0,0.0,0.0,0.0,0.0,0.0,1564.0,1239.0,475.0,653.0,834.0,920.0,970.0,1018.0,1101.0,1141.0,1788.0,1503.0,598.0,741.0,925.0,1038.0,1082.0,1141.0,1188.0,1229.0,2276.0,1947.0,767.0,1008.0,1242.0,1375.0,1435.0,1491.0,1578.0,1652.0,2443.0,2126.0,958.0,1170.0,1386.0,1522.0,1574.0,1651.0,1766.0,1726.0,1899.0,1600.0,578.0,726.0,946.0,1062.0,1070.0,1135.0,1199.0,1224.0,2068.0,1794.0,704.0,917.0,1124.0,1265.0,1306.0,1387.0,1428.0,1473.0,2120.5,1823.0,791.0,983.0,1193.5,1308.5,1355.5,1411.0,1510.5,1507.5,"{""type"":""MultiPoint"",""coordinates"":[]}"
72_0,3,1833.5,1539.0,576.5,725.5,980.0,1135.0,1173.0,1249.5,1309.0,1370.5,2409.0,2038.5,1128.5,1398.5,1604.5,1700.5,1762.5,1804.0,1937.5,1883.0,2376.5,2029.5,1019.0,1274.5,1491.5,1577.5,1634.0,1706.5,1800.0,1797.5,2329.0,1999.5,1062.0,1304.0,1514.5,1593.5,1673.0,1726.0,1787.0,1780.0,807.5,758.0,651.5,972.5,984.0,1326.0,1042.5,1127.0,964.0,1057.0,829.0,758.0,914.0,1157.5,1254.5,1467.5,1246.0,1272.0,1273.5,1070.5,745.5,661.5,766.5,1079.5,1142.5,1391.5,1157.0,1267.5,1242.5,1109.0,813.0,646.5,711.0,1044.5,1009.0,1393.0,1347.0,1448.0,1344.0,1199.0,944.0,731.5,600.5,863.5,777.0,1228.5,1446.5,1524.5,1527.0,1386.5,1707.5,1052.0,455.0,725.0,658.0,1256.0,1904.5,2201.0,2194.5,2181.0,1534.5,918.0,358.0,563.0,464.5,910.0,1913.5,2326.0,2435.5,2249.5,2125.0,1786.0,662.0,889.0,1135.5,1250.5,1319.0,1432.0,1464.0,1522.5,1696.5,1055.0,342.0,587.0,461.0,879.0,2490.0,3154.0,3208.5,3076.5,1747.5,1004.5,335.0,590.5,474.5,983.5,2601.5,3420.5,3621.0,3560.5,1801.5,995.0,354.0,598.0,478.5,1042.5,2739.5,3420.5,3620.0,3709.0,1930.5,1102.5,563.0,961.0,772.0,1582.5,2951.0,3471.5,3733.0,3736.0,2056.5,1269.0,599.0,1054.5,930.0,1733.0,2805.0,3109.0,3502.5,3465.5,2515.0,1643.0,761.0,1197.0,1519.0,2085.0,2555.0,2935.0,3231.0,3171.0,3448.5,2405.5,1096.5,1618.0,2212.5,2708.0,3037.0,3236.5,3694.0,3589.0,3929.0,2811.0,1146.5,1604.5,2347.0,2755.5,3020.5,3287.0,3608.0,3558.0,3571.0,2680.5,1116.5,1535.0,2127.0,2506.5,2689.5,2893.0,3031.5,3138.0,1961.0,1555.0,640.5,869.0,1135.5,1299.5,1334.0,1442.0,1457.5,1547.0,1915.0,1581.0,518.5,740.0,991.0,1130.0,1138.5,1297.0,1315.0,1367.0,2053.0,1639.5,727.0,951.5,1224.5,1375.0,1421.0,1519.0,1550.0,1607.5,2053.0,1612.5,883.0,1054.0,1295.0,1438.0,1477.5,1540.5,1632.0,1632.5,1873.5,1484.0,651.0,857.5,1079.0,1176.0,1219.5,1298.5,1398.0,1388.5,1943.0,1614.5,781.5,939.0,1134.5,1204.5,1325.0,1374.5,1443.5,1500.5,1523.0,1259.5,505.5,642.0,838.0,935.5,966.0,1016.0,1123.5,1144.0,0.0,0.0,0.0,0.0,0.0,0.0,0.0,0.0,0.0,0.0,1827.0,1362.5,552.0,741.0,959.0,1123.0,1090.0,1230.0,1318.0,1346.0,1897.0,1479.5,679.5,842.5,990.0,1084.0,1188.5,1292.0,1309.5,1392.5,2660.5,2145.0,1264.5,1502.0,1676.0,1734.0,1819.0,1959.0,2094.5,2032.5,2453.0,2021.5,1057.0,1259.0,1469.5,1570.0,1628.5,1660.5,1830.0,1831.5,1993.5,1611.0,645.5,808.0,1011.5,1091.5,1131.0,1177.0,1305.5,1356.5,2102.5,1740.0,749.0,937.0,1124.5,1196.5,1264.5,1290.0,1457.5,1450.5,2267.5,1890.0,876.5,1132.5,1319.5,1395.5,1501.0,1502.0,1621.5,1733.5,"{""type"":""MultiPoint"",""coordinates"":[]}"
73_0,3,1713.5,1409.0,610.5,747.5,949.5,1050.0,1097.0,1149.0,1249.0,1276.5,2116.0,1789.5,779.0,986.5,1209.0,1314.5,1380.5,1473.5,1559.5,1565.5,2322.0,1971.5,899.0,1186.5,1462.0,1587.0,1624.0,1689.0,1766.5,1773.0,2660.0,2269.0,1159.5,1499.0,1820.0,1952.0,1957.0,2050.0,2099.5,2132.0,2250.0,1943.0,1157.0,1480.0,1786.0,1950.0,1870.0,1847.0,1778.0,1732.0,508.0,470.0,1138.0,1393.0,1401.0,1586.0,1304.0,1319.0,1300.0,1119.0,343.0,304.0,651.0,936.0,980.0,1208.0,1006.0,1051.0,1011.0,922.0,437.0,327.0,553.0,880.0,893.0,1239.0,1119.0,1241.0,1137.0,1020.0,635.0,507.0,392.0,705.0,598.0,954.0,1044.0,1163.0,1064.0,996.0,1310.0,695.0,215.5,490.5,262.5,790.0,2243.5,2872.5,2775.5,2797.0,1537.5,751.0,103.5,325.5,102.5,616.5,2730.0,4069.5,4093.0,4001.0,1907.0,1582.0,674.0,835.0,1052.0,1167.0,1183.0,1225.0,1366.0,1380.0,1490.0,712.0,111.0,320.0,88.0,539.0,2892.0,4380.0,4593.0,4483.0,1490.0,687.0,27.0,299.0,76.0,632.0,3154.0,4773.0,4908.0,4871.0,1541.0,725.0,186.0,563.0,280.0,1012.0,3431.0,4864.0,4898.0,5154.0,1678.0,771.0,447.0,940.0,564.0,1660.0,3797.0,4641.0,4862.0,4882.0,1741.0,932.5,481.5,1033.5,715.5,1851.0,3636.5,4289.5,4656.0,4560.5,2068.0,1213.5,572.0,1176.0,1091.0,2175.5,3530.5,3973.5,4348.5,4421.0,2580.5,1554.0,988.0,1569.0,1699.0,2582.0,3534.0,3911.0,4322.0,4388.0,2991.5,1922.0,1017.0,1621.0,1994.0,2808.0,3504.5,3793.0,4292.5,4314.5,3620.0,2544.0,1055.0,1507.5,2102.5,2581.0,2943.0,3190.5,3637.0,3657.5,3519.0,2466.0,1155.0,1614.0,2343.0,2733.0,2991.0,3130.0,3431.0,3597.0,1784.0,1495.0,515.0,694.0,922.0,1029.0,1060.0,1156.0,1257.0,1243.0,3681.0,2646.0,1083.0,1495.0,2085.0,2574.0,2703.0,2879.0,3056.0,3108.0,3511.0,2568.5,1137.0,1492.0,2047.5,2343.5,2484.0,2696.0,2919.5,2952.0,3138.5,2472.0,840.5,1079.5,1424.0,1639.0,1743.5,1864.5,2073.0,2136.5,3181.0,2518.0,887.0,1088.0,1418.0,1616.0,1771.0,1862.0,2018.0,2158.0,1614.0,1321.0,478.0,614.0,856.0,953.0,1007.0,1050.0,1193.0,1165.0,723.0,552.5,568.0,585.0,620.0,634.5,667.5,673.5,838.5,727.5,1305.0,996.0,417.0,588.0,725.0,803.0,843.0,896.0,978.0,980.0,300.0,236.0,188.0,134.0,132.0,148.0,168.0,176.0,175.0,184.0,2062.0,1750.0,762.0,949.0,1124.0,1288.0,1320.0,1380.0,1457.0,1452.0,1972.5,1668.5,793.0,936.5,1077.5,1170.5,1223.0,1284.0,1435.0,1390.5,1567.0,1297.0,595.0,699.0,834.0,879.0,911.0,986.0,1071.0,1047.0,2102.0,1787.0,824.0,985.0,1159.5,1242.0,1296.0,1383.5,1470.5,1463.5,2119.0,1777.5,841.5,1025.0,1209.5,1304.0,1364.0,1452.0,1558.0,1536.5,"{""type"":""MultiPoint"",""coordinates"":[]}"
74_0,3,1739.5,1449.5,599.5,739.5,990.0,1118.5,1130.5,1192.0,1279.5,1291.0,2376.5,2086.0,959.0,1225.5,1461.0,1585.0,1626.0,1705.0,1799.0,1776.5,2398.0,2084.5,859.0,1128.5,1359.5,1491.5,1548.5,1618.5,1697.0,1723.5,2489.0,2161.0,922.5,1204.0,1456.0,1598.5,1634.0,1713.5,1769.5,1802.5,745.0,727.0,975.0,1250.0,1242.0,1402.0,944.0,950.0,893.0,871.0,354.0,322.0,754.0,1004.0,1083.0,1214.0,883.0,907.0,843.0,696.0,358.0,297.0,631.0,944.0,910.0,1206.0,1017.0,1071.0,941.0,822.0,579.0,493.0,554.0,925.0,852.0,1295.0,1235.0,1298.0,1234.0,1122.0,841.0,617.0,462.0,825.0,667.0,1283.0,1667.0,1809.0,1746.0,1666.0,945.5,569.0,281.0,559.5,372.0,947.0,1826.0,2079.5,1964.0,1901.0,1185.0,655.5,236.5,530.5,320.0,937.0,2463.0,3017.0,3037.5,2982.5,1935.0,1624.0,678.0,857.0,1068.0,1211.0,1235.0,1285.0,1344.0,1402.0,1438.0,762.0,219.0,474.0,301.0,908.0,2663.0,3421.0,3431.0,3402.0,1281.0,621.0,135.0,424.0,237.0,854.0,2542.0,3261.0,3333.0,3248.0,1205.0,585.0,135.0,398.0,191.0,751.0,2600.0,3319.0,3334.0,3413.0,1395.0,694.0,336.0,687.0,334.0,1085.0,3104.0,3747.0,3924.0,3860.0,1536.0,781.0,349.0,844.0,441.0,1416.0,3322.0,3952.0,4168.0,4093.0,1616.0,876.0,387.5,941.5,516.0,1607.5,3200.0,3586.0,3769.5,3763.0,1907.0,1018.0,761.0,1382.0,1147.0,2203.0,3167.0,3420.0,3756.0,3761.0,2237.5,1358.0,788.5,1457.5,1369.5,2531.5,3323.0,3541.0,3853.5,3916.0,3031.0,2066.0,966.5,1550.5,1882.0,2621.5,3009.0,3271.0,3600.5,3611.5,3648.0,2477.0,1068.0,1498.0,2199.0,2607.0,2807.0,2995.0,3169.0,3369.0,1805.0,1507.0,515.0,722.0,976.0,1108.0,1149.0,1210.0,1297.0,1321.0,3491.0,2550.0,950.0,1339.0,1895.0,2265.0,2412.0,2588.0,2623.0,2846.0,3228.0,2401.0,928.0,1208.5,1680.0,1947.0,2071.5,2232.0,2425.5,2518.5,2837.5,2251.5,667.5,879.0,1196.5,1391.5,1494.0,1614.5,1748.0,1850.0,2943.0,2409.0,750.0,921.0,1229.0,1416.0,1511.0,1629.0,1752.0,1901.0,2520.0,1690.0,572.0,702.0,998.0,1142.0,1249.0,1329.0,1529.0,1552.0,1110.0,864.0,838.0,822.0,957.0,1038.0,1077.0,1024.0,1051.0,1052.0,1577.0,1271.0,483.0,653.0,808.0,919.0,931.0,1000.0,1103.0,1085.0,1728.0,1492.0,570.0,717.0,893.0,992.0,1009.0,1084.0,1132.0,1147.0,2076.0,1781.0,654.0,880.0,1105.0,1232.0,1258.0,1330.0,1393.0,1409.0,1835.0,1656.0,839.0,1018.0,1231.0,1332.0,1388.0,1464.0,1580.0,1578.0,1795.0,1521.0,546.0,658.0,869.0,960.0,989.0,1052.0,1097.0,1145.0,1972.0,1680.0,681.0,832.0,1040.0,1150.0,1157.0,1238.0,1305.0,1338.0,2124.0,1867.5,747.0,932.5,1162.0,1266.5,1303.0,1386.0,1468.0,1479.5,"{""type"":""MultiPoint"",""coordinates"":[]}"
75_0,3,2758.0,2154.0,822.0,918.0,1180.0,1347.0,1509.0,1775.0,1851.0,1934.0,2146.0,1932.0,652.0,876.0,1166.0,1262.0,1318.0,1426.0,1522.0,1538.0,2342.0,2216.0,772.0,1018.0,1295.0,1448.0,1476.0,1607.0,1667.0,1700.0,1378.5,1265.0,454.5,623.0,836.5,899.5,933.0,946.0,1005.0,1020.5,573.0,517.0,413.0,596.0,674.0,795.0,636.0,723.0,594.0,648.0,515.0,457.0,391.0,588.0,600.0,824.0,848.0,902.0,916.0,773.0,478.0,411.0,316.0,577.0,426.0,759.0,744.0,821.0,835.0,694.0,1396.0,859.0,319.0,637.0,417.0,964.0,2009.0,2282.0,2148.0,2215.0,1035.0,647.0,221.0,496.0,274.0,764.0,1657.0,1877.0,1839.0,1819.0,1132.0,590.0,138.0,384.5,168.0,700.5,1986.0,2474.5,2436.0,2448.5,1132.0,584.5,88.0,293.5,111.5,524.0,2088.5,2858.5,2839.5,2798.0,3370.0,2884.5,2175.5,2125.5,2196.5,2370.5,2546.5,2719.0,3038.0,2870.5,1259.5,610.0,67.0,295.5,66.5,520.5,2513.0,3510.5,3477.0,3547.5,1209.0,578.0,99.0,433.5,130.0,768.5,2766.0,3764.5,3740.0,3783.0,1230.0,598.0,461.0,767.0,547.0,1180.0,2949.0,3737.0,3774.0,3752.0,1326.0,741.0,648.0,1031.0,888.0,1687.0,2949.0,3370.0,3510.0,3596.0,1518.0,855.0,548.0,969.0,888.0,1687.0,2639.0,2998.0,3184.0,3274.0,1870.0,1111.0,507.0,996.0,1021.0,1849.0,2644.0,2994.0,3168.0,3294.0,4241.0,3112.5,1215.5,1676.5,2265.0,2954.0,3293.0,3607.5,3796.0,4084.5,4169.0,3096.5,1196.0,1644.0,2280.5,2713.5,3005.5,3225.0,3496.5,3623.0,3519.0,2741.0,1068.0,1476.0,2124.0,2548.0,2801.0,3000.0,3279.0,3314.0,3387.0,2537.0,938.5,1325.5,1825.5,2228.0,2412.0,2564.0,2738.5,2928.5,3325.5,2734.0,737.0,946.5,1303.0,1462.5,1578.5,1720.0,1965.5,2057.5,3511.5,2856.5,915.5,1214.5,1603.0,1921.0,2103.5,2292.5,2412.5,2543.5,4253.5,3657.0,2251.0,2422.0,2680.0,2998.0,3158.0,3330.5,3459.5,3492.5,3186.0,2676.5,847.0,1014.5,1191.5,1462.5,1693.0,1875.0,1982.0,2045.5,3065.5,2572.5,789.5,968.5,1135.5,1405.5,1654.5,1819.5,1925.5,2012.5,2253.5,1660.5,481.0,680.5,860.0,1134.0,1348.0,1477.5,1663.5,1735.5,0.0,0.0,0.0,0.0,0.0,0.0,0.0,0.0,0.0,0.0,3744.0,2979.0,1003.0,1290.0,1792.0,1983.0,2099.0,2311.0,2511.0,2584.0,2629.0,2019.0,1085.0,1346.0,1730.0,1905.0,2124.0,2311.0,2511.0,2666.0,3602.0,2935.0,1079.0,1376.0,1730.0,1905.0,2128.0,2293.0,2537.0,2655.0,2256.0,1838.0,716.0,800.0,1033.0,1136.0,1208.5,1335.5,1576.5,1480.0,1453.0,1222.0,445.0,585.0,779.0,861.0,950.0,1021.0,1138.0,1191.0,1905.0,1681.5,524.0,700.5,956.5,1018.0,1126.0,1188.0,1351.5,1380.5,1956.5,1751.0,587.5,774.5,1039.5,1092.5,1221.0,1317.5,1458.5,1457.5,"{""type"":""MultiPoint"",""coordinates"":[]}"
76_0,3,1755.0,1444.0,621.0,781.5,1014.0,1101.0,1152.0,1205.0,1315.5,1296.0,2333.0,2007.0,952.5,1221.0,1479.5,1582.0,1605.5,1671.5,1782.5,1765.0,2425.5,2087.0,951.0,1198.5,1491.5,1614.0,1590.5,1634.5,1771.5,1749.0,482.0,411.0,556.5,723.5,792.5,977.0,879.5,930.0,916.5,900.0,399.0,354.0,730.5,918.5,921.0,1143.5,1006.0,1031.0,1030.5,879.5,360.0,285.0,512.5,767.5,757.0,1031.0,1005.0,1079.5,1033.0,922.0,685.0,422.5,433.5,673.0,597.5,995.5,1656.0,1738.5,1591.5,1655.5,958.5,544.5,288.5,571.0,340.5,926.0,2376.0,2875.0,2878.5,2922.5,1215.0,623.5,200.5,501.0,357.5,1071.0,2936.5,3580.0,3597.5,3853.5,1820.5,1003.5,331.0,708.5,636.0,1588.5,2944.0,3485.5,3696.0,3953.0,2305.5,1286.5,361.5,804.0,687.5,1625.5,3317.5,4025.5,4266.0,4547.0,2062.0,1728.5,682.5,901.5,1160.0,1324.0,1303.5,1368.0,1450.5,1528.5,2321.0,1261.5,381.5,825.5,623.5,1485.5,3312.5,3941.0,4216.0,4498.0,2010.0,1063.5,306.0,778.5,491.0,1421.5,3109.0,3795.0,4011.5,4128.0,1928.5,1041.0,354.0,802.0,505.0,1421.5,2968.5,3511.0,3702.0,3910.0,2052.5,1109.5,525.0,975.0,787.0,1726.5,2940.0,3356.0,3618.0,3801.0,2250.5,1253.0,542.0,1015.5,935.0,1760.0,2678.0,3073.0,3532.5,3586.0,2553.0,1497.0,579.0,1032.0,1139.0,1847.0,2633.0,2987.0,3310.0,3496.0,4246.5,2899.5,1042.0,1491.5,2141.0,2641.5,2947.5,3245.0,3750.0,3870.0,4361.5,2917.0,985.5,1389.0,2121.0,2632.5,2934.5,3245.0,3708.0,3857.0,3583.0,2399.0,837.5,1178.5,1788.5,2203.0,2451.0,2773.5,3001.5,3106.0,2203.0,1989.5,744.5,965.5,1349.0,1547.5,1671.0,1846.0,1731.0,2066.5,1910.5,1594.5,591.5,816.5,1068.5,1140.5,1230.0,1233.0,1382.0,1348.0,2446.0,1896.5,756.0,983.0,1404.5,1605.0,1638.0,1788.0,1857.0,1957.5,2371.0,1845.5,886.5,1086.5,1439.0,1626.5,1679.5,1752.5,1895.0,1954.5,2032.5,1633.0,625.5,781.0,1078.0,1185.0,1271.0,1342.5,1457.0,1494.5,1727.5,1443.5,545.5,662.5,876.0,1008.5,1003.0,1086.0,1193.0,1184.5,1165.0,1024.5,293.0,392.5,549.5,613.0,662.0,674.0,754.0,786.5,0.0,0.0,0.0,0.0,0.0,0.0,0.0,0.0,0.0,0.0,1686.0,1376.5,493.0,667.5,873.0,961.5,1015.0,1037.5,1163.0,1157.0,1873.5,1613.5,651.5,774.5,960.5,1054.0,1095.5,1149.5,1222.0,1245.0,2023.0,1726.0,692.5,875.0,1077.0,1187.0,1199.5,1275.0,1382.0,1353.5,2046.0,1727.0,686.5,796.0,1036.5,1114.0,1049.0,1146.0,1264.0,1255.5,2046.0,1727.0,686.5,796.0,1036.5,1114.0,1049.0,1146.0,1264.0,1255.5,1943.5,1657.5,662.5,834.0,1064.5,1125.5,1140.0,1199.5,1333.5,1321.0,2179.0,1917.0,770.5,984.0,1215.0,1325.5,1351.5,1430.0,1550.5,1520.0,"{""type"":""MultiPoint"",""coordinates"":[]}"
77_0,3,3238.5,2354.5,884.5,1032.5,1401.0,1615.0,1713.0,1863.5,2115.5,2224.5,2323.0,2143.0,651.0,902.0,1200.0,1326.0,1376.0,1459.0,1578.0,1610.0,2424.0,2304.0,757.0,953.0,1257.0,1436.0,1433.0,1551.0,1604.0,1659.0,2513.0,2378.5,840.0,1103.0,1455.5,1591.0,1642.0,1718.0,1821.0,1850.5,562.0,555.0,896.0,968.0,1006.0,1074.0,831.0,855.0,858.0,714.0,562.0,505.0,903.0,968.0,1006.0,1074.0,831.0,855.0,858.0,714.0,611.0,486.0,291.0,572.0,347.0,858.0,1184.0,1276.0,1230.0,1204.0,1419.0,810.0,270.0,601.0,342.0,1008.0,2239.0,2749.0,2864.0,2813.0,1267.0,675.0,134.0,417.0,176.0,722.0,2234.0,2739.0,2791.0,2775.0,1263.0,618.0,79.5,291.0,67.5,549.5,2408.0,3374.0,3425.5,3394.0,1267.5,591.5,46.0,252.5,52.5,503.0,2507.0,3731.0,3836.5,3896.5,3424.0,2774.0,1431.5,1584.5,1888.5,2064.0,2106.0,2253.0,2384.0,2506.0,1265.5,578.5,45.5,179.5,20.5,391.0,2457.5,4071.0,4102.0,4190.0,1133.5,510.5,30.5,169.5,2.0,400.5,2549.5,4135.0,4253.5,4279.5,1141.0,525.0,437.0,714.0,469.0,1004.0,2733.0,3958.0,4124.0,4250.0,1308.0,652.0,572.0,924.0,628.0,1393.0,3120.0,3982.0,4170.0,4242.0,1289.0,652.0,462.0,886.0,628.0,1393.0,3018.0,3743.0,3974.0,3956.0,1447.0,793.0,393.0,856.0,774.0,1575.0,2887.0,3376.0,3617.0,3694.0,2061.0,1152.0,714.5,1303.5,1350.0,2226.5,3103.0,3487.0,3815.5,3848.0,2539.0,1572.0,1033.0,1551.0,1854.5,2542.5,3168.5,3505.0,3878.5,3913.0,3795.0,2918.0,991.0,1470.0,2227.0,2577.0,2808.0,3018.0,3420.0,3419.0,3745.5,2581.0,1077.0,1514.0,2276.5,2699.5,2760.0,3040.0,3241.0,3443.5,3628.0,2785.5,805.0,1065.5,1553.0,1720.5,1835.0,2019.0,2287.0,2369.5,3997.0,2890.5,1013.0,1386.0,2010.5,2342.5,2472.0,2678.5,2902.0,3080.5,4430.0,3615.5,2417.0,2615.5,3020.0,3325.5,3410.5,3534.5,3762.5,3782.5,3477.0,2701.5,921.5,1112.5,1496.5,1747.0,1818.5,2004.5,2183.0,2263.5,3434.0,2645.0,922.0,1119.5,1477.0,1731.5,1811.5,2007.0,2173.5,2242.5,2928.5,2139.5,671.0,891.5,1259.5,1478.0,1569.5,1721.0,1973.0,2010.5,0.0,0.0,0.0,0.0,0.0,0.0,0.0,0.0,0.0,0.0,3773.0,2788.0,857.0,1176.0,1687.0,1956.0,2019.0,2199.0,2433.0,2540.0,3966.0,3066.0,1214.0,1462.0,1943.0,2242.0,2405.0,2632.0,2955.0,3060.0,3583.0,2733.0,966.0,1251.0,1698.0,1952.0,2104.0,2276.0,2499.0,2607.0,1939.0,1706.5,570.0,710.0,977.5,1095.5,1097.5,1209.5,1300.0,1322.0,2063.0,1792.0,595.0,743.0,1053.0,1192.0,1121.0,1253.0,1327.0,1367.0,2052.0,1924.5,551.5,745.0,1031.5,1122.5,1139.5,1222.0,1335.5,1352.5,2115.5,1980.0,606.0,806.5,1093.5,1202.5,1237.0,1318.5,1427.0,1427.5,"{""type"":""MultiPoint"",""coordinates"":[]}"
78_0,3,2072.0,1702.5,628.0,792.0,1051.0,1189.0,1239.0,1317.5,1442.0,1504.5,2314.0,1922.0,773.0,999.5,1242.5,1353.0,1431.0,1535.0,1627.0,1659.5,2581.5,2205.5,932.5,1186.0,1476.0,1598.0,1625.0,1706.0,1780.5,1864.5,2954.0,2522.5,1147.0,1454.5,1778.0,1927.0,1931.5,2060.5,2155.0,2167.5,1276.0,1200.0,1144.0,1459.0,1779.0,1923.0,1871.0,1850.0,1665.0,1713.0,394.0,364.0,744.0,1002.0,1018.0,1139.0,862.0,927.0,852.0,800.0,592.0,418.0,553.0,881.0,750.0,1103.0,1148.0,1263.0,1219.0,1052.0,798.0,568.0,553.0,847.0,695.0,1129.0,1367.0,1463.0,1451.0,1285.0,1254.0,786.0,431.0,749.0,486.0,1042.0,2039.0,2427.0,2408.0,2216.0,1521.0,837.0,273.5,607.5,312.0,932.5,2722.5,3292.5,3304.5,3308.5,1522.5,748.5,130.0,366.5,158.0,647.5,2715.0,3798.0,3774.0,3791.5,2286.0,1919.0,714.0,910.0,1157.0,1321.0,1393.0,1468.0,1560.0,1635.0,1571.0,759.0,159.0,386.0,170.0,670.0,2946.0,4227.0,4159.0,4207.0,1642.0,772.0,88.0,458.0,148.0,826.0,3447.0,4725.0,4932.0,4992.0,1680.0,837.0,350.0,881.0,492.0,1472.0,3853.0,4821.0,4945.0,5091.0,1903.0,974.0,559.0,1165.0,814.0,2007.0,3794.0,4545.0,4683.0,4856.0,1991.0,1139.5,624.0,1233.5,1028.0,2130.0,3685.0,4077.5,4398.0,4449.5,2529.5,1564.0,777.0,1438.5,1540.0,2644.5,3518.5,3901.5,4154.5,4219.5,3082.0,2060.0,1129.0,1730.0,2108.5,3003.5,3737.0,4101.5,4341.5,4451.5,3791.5,2697.0,1200.5,1674.5,2303.0,2899.5,3164.0,3502.0,3689.0,3923.0,3844.0,2748.0,1229.0,1678.0,2367.0,2805.0,2865.0,3214.0,3492.0,3555.0,3767.5,2676.5,1198.0,1661.0,2372.0,2825.0,2983.0,3138.5,3287.0,3601.0,2361.5,1938.5,685.5,882.0,1188.0,1312.0,1373.5,1479.5,1612.0,1645.5,2929.0,2249.5,803.0,1099.5,1553.0,1816.0,1908.0,2099.0,2156.0,2310.0,2877.5,2245.5,895.5,1140.0,1566.0,1772.0,1868.0,2014.0,2130.0,2235.0,2621.0,2109.5,696.0,890.5,1185.0,1386.5,1447.5,1530.0,1650.5,1757.0,2633.5,2146.5,734.0,903.0,1170.5,1363.0,1444.5,1551.0,1622.0,1726.0,1911.0,1302.0,502.0,645.0,904.0,1019.0,1046.0,1152.0,1287.0,1265.0,0.0,0.0,0.0,0.0,0.0,0.0,0.0,0.0,0.0,0.0,1893.0,1506.0,591.0,760.0,970.0,1094.0,1135.0,1214.0,1333.0,1363.0,2148.0,1772.0,711.0,850.0,1029.0,1143.0,1199.0,1304.0,1373.0,1408.0,2605.0,2194.0,848.0,1051.0,1295.0,1439.0,1491.0,1554.0,1678.0,1723.0,2502.0,2366.0,1092.0,1236.0,1472.0,1592.0,1696.0,1806.0,1988.0,1945.0,2162.0,1723.5,680.5,827.5,1032.0,1149.5,1178.0,1251.5,1361.5,1413.0,2611.0,2181.0,925.0,1084.0,1306.0,1432.0,1566.0,1728.0,1813.0,1823.0,2441.0,2021.0,744.0,981.0,1247.0,1351.0,1422.0,1550.0,1630.0,1691.0,"{""type"":""MultiPoint"",""coordinates"":[]}"
79_0,3,2051.0,1724.0,619.5,796.0,1081.0,1210.0,1265.5,1331.5,1444.0,1456.0,2578.5,2188.5,1007.0,1341.5,1671.5,1798.5,1838.0,1909.5,2033.5,2014.0,2613.5,2180.0,976.5,1266.0,1615.0,1757.0,1764.0,1870.5,1979.0,1968.5,2486.5,2114.5,894.5,1180.5,1497.5,1631.0,1647.0,1758.0,1823.0,1843.0,243.0,220.0,571.0,861.0,867.0,1022.0,777.5,911.0,911.5,761.0,243.0,220.0,676.5,977.0,1001.0,1198.0,927.0,991.0,938.0,761.0,446.5,323.0,542.5,895.5,811.0,1184.5,1109.0,1187.0,961.5,935.5,760.5,607.0,436.0,801.0,539.5,1171.0,1678.5,1783.5,1776.5,1544.0,1434.0,788.5,286.5,662.5,306.0,1053.5,3218.5,3827.5,3897.5,3673.5,1709.0,909.5,237.5,640.0,394.5,1228.5,3128.5,3868.5,3972.0,4119.5,1747.0,943.5,250.0,596.5,425.0,1191.5,2926.5,3619.0,3867.0,3959.0,2379.5,1997.5,685.5,924.0,1215.5,1365.0,1402.5,1511.0,1572.0,1674.5,1690.5,893.5,214.0,556.0,374.0,1116.5,2841.0,3536.5,3701.0,3846.5,1501.5,752.5,160.0,495.0,309.0,1019.0,2797.5,3522.5,3700.5,3847.0,1437.0,752.5,208.0,533.5,273.0,946.0,2815.0,3419.0,3543.5,3635.5,1736.0,885.0,451.5,906.0,488.5,1511.5,3280.5,3747.5,3963.0,4021.5,1743.0,933.5,434.0,982.0,593.5,1640.0,3028.0,3428.5,3801.0,3679.5,1837.0,1048.0,485.0,1099.0,849.0,1970.0,2883.0,3189.0,3463.0,3492.0,2136.5,1201.0,736.5,1377.5,1232.5,2347.5,3008.5,3294.0,3653.5,3724.0,2369.5,1495.0,766.0,1368.0,1607.5,2412.0,2927.0,3198.5,3614.0,3688.5,3648.5,2472.0,1033.0,1511.0,2041.0,2492.0,2754.0,3086.5,3497.5,3576.0,2048.0,1565.5,641.5,932.0,1309.0,1502.0,1550.5,1662.5,1777.5,1843.0,2232.5,1877.5,590.0,850.0,1175.5,1275.0,1365.5,1419.5,1582.0,1525.0,2188.5,1715.0,651.0,951.5,1320.5,1477.5,1522.5,1635.0,1769.0,1818.0,2306.0,1853.0,818.0,1021.5,1339.5,1500.5,1538.5,1640.5,1763.5,1802.0,2059.5,1727.0,618.5,814.0,1054.5,1200.5,1232.0,1327.0,1426.0,1465.5,2180.5,1812.5,715.5,898.0,1125.5,1263.0,1313.5,1410.0,1467.5,1553.5,1856.5,1519.5,530.0,679.5,899.5,995.5,1065.0,1157.0,1284.5,1262.0,0.0,0.0,0.0,0.0,0.0,0.0,0.0,0.0,0.0,0.0,1706.5,1291.0,487.5,657.0,905.5,1054.5,1071.5,1172.5,1284.0,1284.0,2046.0,1684.5,709.5,882.5,1069.0,1196.5,1247.5,1306.5,1403.0,1422.5,2516.0,2104.0,881.5,1126.0,1386.0,1537.0,1597.0,1698.0,1816.0,1810.5,2489.5,2067.5,905.0,1120.5,1412.5,1521.0,1563.0,1665.5,1808.5,1809.0,2325.0,1919.0,884.0,1022.5,1260.0,1373.0,1399.0,1508.0,1615.5,1651.5,2208.5,1875.0,741.5,922.0,1188.5,1277.0,1376.5,1436.5,1568.0,1570.0,2368.5,1994.0,821.0,1070.0,1360.5,1501.0,1570.5,1657.0,1764.0,1757.0,"{""type"":""MultiPoint"",""coordinates"":[]}"
80_0,3,1669.5,1390.0,604.5,758.0,971.5,1086.0,1094.0,1146.5,1243.5,1255.5,2393.0,2084.5,1006.5,1287.0,1532.0,1647.5,1664.0,1737.0,1845.5,1799.5,2378.5,2077.5,906.0,1168.0,1419.0,1533.5,1562.5,1640.5,1716.0,1729.0,2473.5,2154.0,969.0,1261.0,1512.5,1635.5,1640.0,1743.5,1798.5,1820.5,539.0,528.0,909.0,1163.0,1214.0,1396.0,1048.0,1110.0,1047.0,920.0,421.0,382.0,909.0,1163.0,1214.0,1396.0,1035.0,1096.0,1047.0,868.0,416.0,326.0,675.0,1019.0,1029.0,1354.0,1171.0,1249.0,1198.0,1051.0,691.0,489.0,646.0,974.0,937.0,1303.0,1367.0,1473.0,1321.0,1282.0,775.0,490.0,597.0,912.0,788.0,1281.0,1527.0,1724.0,1668.0,1558.0,936.5,554.0,337.5,589.5,407.5,940.0,1777.0,1991.0,1888.0,1873.0,1269.0,678.5,295.0,574.0,343.0,949.5,2356.5,2841.5,2734.5,2790.0,1903.0,1604.0,734.5,918.0,1144.0,1231.5,1266.0,1315.0,1391.0,1425.5,1350.0,730.0,290.0,564.0,368.0,942.0,2515.0,3156.0,3043.0,3078.0,1285.0,652.0,175.0,489.0,286.0,843.0,2559.0,3156.0,3187.0,3157.0,1275.0,632.0,174.0,459.0,237.0,836.0,2693.0,3419.0,3369.0,3523.0,1425.0,710.0,351.0,713.0,369.0,1152.0,3102.0,3686.0,3711.0,3794.0,1615.0,808.0,359.0,891.0,458.0,1519.0,3339.0,3850.0,3943.0,3959.0,1690.5,925.5,430.0,990.5,581.5,1712.0,3108.5,3466.5,3582.5,3634.0,1963.0,1086.0,776.0,1334.0,1218.0,2231.0,2923.0,3209.0,3442.0,3536.0,2250.5,1399.5,718.0,1320.5,1328.5,2320.0,2892.0,3149.0,3410.0,3468.5,2968.5,2100.0,943.0,1371.5,1733.0,2330.5,2582.5,2757.0,3100.5,3110.0,2126.0,1420.0,775.0,1039.0,1498.0,1742.0,1825.0,2017.0,2178.0,2283.0,1716.0,1459.0,542.0,739.0,964.0,1076.0,1114.0,1166.0,1257.0,1264.0,2792.0,2044.0,833.0,1163.0,1566.0,1806.0,1894.0,2024.0,2064.0,2260.0,2690.5,2040.0,828.5,1083.5,1469.0,1673.0,1742.0,1884.5,2043.5,2084.5,2385.5,1924.0,640.0,823.5,1091.0,1257.5,1319.5,1414.5,1527.0,1593.5,2509.0,2094.0,753.0,911.0,1141.0,1315.0,1382.0,1496.0,1578.0,1651.0,1977.0,1428.0,507.0,630.0,861.0,969.0,1035.0,1145.0,1330.0,1277.0,672.0,453.0,743.0,581.0,555.0,575.0,576.0,613.0,859.0,649.0,1583.0,1271.0,487.0,674.0,880.0,966.0,999.0,1020.0,1122.0,1108.0,967.0,814.0,449.0,489.0,607.0,648.0,671.0,728.0,638.0,758.0,2124.0,1816.0,746.0,973.0,1196.0,1323.0,1339.0,1427.0,1499.0,1502.0,1778.0,1495.0,949.0,1165.0,1359.0,1452.0,1467.0,1398.0,1700.0,1419.0,1763.0,1495.0,549.0,696.0,898.0,959.0,969.0,1002.0,1110.0,1123.0,1892.0,1621.0,703.0,846.0,1033.0,1123.0,1133.0,1215.0,1308.0,1304.0,2097.0,1835.0,782.5,962.5,1184.5,1280.5,1318.0,1390.0,1499.0,1476.0,"{""type"":""MultiPoint"",""coordinates"":[]}"
81_0,3,1919.5,1570.5,586.0,705.0,954.5,1044.0,1107.0,1188.5,1317.0,1316.0,2191.5,1893.0,865.5,1111.0,1373.0,1484.0,1507.0,1583.5,1670.5,1653.0,2268.0,1966.0,831.0,1065.5,1338.5,1467.0,1474.0,1550.5,1634.5,1647.0,1383.5,1161.0,562.5,743.5,949.5,1030.0,1024.0,1098.0,1143.5,1148.0,206.0,164.0,527.0,713.0,747.0,881.0,645.0,721.0,653.0,561.0,334.0,292.0,486.0,693.0,713.0,937.0,930.0,1006.0,992.0,929.0,576.0,473.0,443.0,714.0,539.0,1044.0,1249.0,1373.0,1319.0,1208.0,1187.0,667.0,360.0,707.0,372.0,1044.0,2732.0,3214.0,3265.0,2939.0,1401.0,705.0,309.0,618.0,323.0,1098.0,3326.0,4164.0,4233.0,4168.0,1716.5,930.0,303.0,629.0,495.0,1229.0,2923.5,3477.0,3755.5,3943.5,1828.5,981.0,252.5,559.5,437.5,1075.5,2893.5,3693.5,3903.0,4062.5,2111.0,1767.0,663.0,805.0,1045.0,1171.0,1188.0,1285.0,1406.0,1466.0,1872.0,967.0,265.0,571.0,374.0,1022.0,3142.0,3850.0,3968.0,4157.0,1824.0,947.0,178.0,661.0,319.0,1209.0,3330.0,4116.0,4314.0,4351.0,1872.0,957.0,336.0,866.0,526.0,1525.0,3491.0,4124.0,4315.0,4420.0,2080.0,1099.0,547.0,1136.0,859.0,2028.0,3445.0,3924.0,4179.0,4244.0,2230.5,1270.5,588.5,1175.5,1031.5,2067.0,3236.5,3625.5,3995.5,3942.0,2457.0,1478.5,632.0,1194.0,1211.0,2114.5,3028.0,3361.5,3635.0,3753.5,3002.5,1835.5,890.5,1341.5,1559.0,2270.0,2862.0,3209.0,3491.0,3583.5,3850.5,2636.0,960.5,1344.5,1805.5,2295.0,2623.0,2922.0,3333.5,3370.5,3480.5,2482.0,853.0,1237.5,1838.0,2203.5,2503.5,2728.0,3164.0,3178.0,2637.0,2007.0,851.0,1144.0,1594.0,1871.0,1960.0,2065.0,2254.0,2380.0,2092.5,1762.5,606.5,773.5,1038.0,1151.5,1179.0,1273.5,1423.5,1425.0,2675.5,2031.0,855.5,1129.0,1599.0,1801.5,1941.0,2051.0,2165.0,2288.0,2594.0,1989.5,913.0,1123.5,1551.0,1690.0,1813.5,1970.5,2143.0,2158.0,2368.5,1877.5,664.5,857.5,1153.5,1293.5,1397.5,1484.5,1627.0,1675.0,2383.5,1893.5,719.0,865.5,1151.0,1299.5,1380.0,1494.0,1594.5,1672.0,2080.0,1353.0,585.0,719.0,982.0,1104.0,1162.0,1272.0,1459.0,1458.0,0.0,0.0,0.0,0.0,0.0,0.0,0.0,0.0,0.0,0.0,1843.0,1548.0,525.0,653.0,863.0,940.0,970.0,1061.0,1168.0,1182.0,1879.0,1592.0,588.0,667.0,850.0,930.0,945.0,1013.0,1119.0,1170.0,2090.0,1776.0,639.0,801.0,1012.0,1116.5,1146.0,1228.0,1362.0,1357.0,2146.0,1794.0,629.0,736.0,964.0,1088.0,1057.0,1141.0,1241.0,1260.0,2043.5,1655.5,712.5,772.5,969.0,1066.0,1063.5,1132.0,1309.0,1263.0,1995.0,1721.0,670.0,795.0,1019.0,1102.0,1157.0,1271.0,1351.0,1368.0,1965.0,1718.0,670.0,795.0,1019.0,1102.0,1157.0,1271.0,1351.0,1368.0,"{""type"":""MultiPoint"",""coordinates"":[]}"
82_0,3,1973.0,1620.5,585.0,749.5,979.5,1130.0,1186.0,1243.5,1381.5,1405.5,2458.5,2121.0,1035.5,1333.0,1588.0,1725.0,1743.0,1824.0,1937.5,1911.5,2567.5,2185.0,1022.5,1298.0,1578.5,1725.5,1763.0,1837.5,1949.0,1940.5,2502.5,2152.5,1012.0,1274.0,1540.0,1689.0,1706.0,1803.5,1878.5,1879.5,230.0,172.5,504.0,770.0,835.5,998.5,799.5,853.0,845.0,692.0,402.0,275.5,687.5,907.5,1007.5,1167.5,1083.5,1145.0,1190.0,1064.5,601.5,396.0,628.5,868.5,901.5,1175.0,1424.5,1563.5,1624.5,1437.5,1039.0,690.5,570.0,842.5,732.0,1208.5,1962.0,2073.5,1935.0,1938.0,1365.0,829.0,410.5,745.5,506.0,1211.5,2720.0,3102.0,3110.5,3035.5,1601.0,860.5,317.0,680.5,453.5,1207.0,3020.0,3679.0,3700.0,3632.0,1553.5,793.0,242.5,507.5,363.5,916.0,2933.5,3812.5,3920.5,3951.0,2309.5,1921.5,644.0,882.5,1180.5,1323.5,1378.0,1476.5,1533.5,1631.5,1589.5,818.0,258.0,567.0,405.0,1045.5,3012.0,3890.5,3988.0,4080.5,1673.5,854.0,266.0,630.5,457.5,1155.0,3281.0,4110.5,4256.5,4345.0,1743.5,906.5,408.5,801.0,615.5,1466.0,3432.5,4222.5,4262.0,4432.5,1830.5,1029.5,557.0,963.5,856.5,1794.0,3227.0,3670.5,3824.0,3956.0,2016.5,1172.0,572.0,1009.5,1008.5,1859.5,2842.0,3212.0,3522.5,3582.5,2489.0,1576.0,650.0,1070.0,1366.0,2021.0,2644.0,2917.0,3201.0,3326.0,3540.0,2343.5,1122.5,1536.0,2039.5,2628.0,3021.0,3330.0,3685.0,3774.0,4253.5,2919.0,1146.0,1625.0,2415.5,2861.0,3120.0,3400.0,3832.0,3881.5,3894.0,2746.0,998.5,1450.5,2077.5,2463.5,2656.5,2880.0,3136.5,3239.0,2234.0,1771.0,658.5,909.0,1247.0,1457.0,1562.0,1641.5,1678.5,1852.5,2065.0,1697.5,548.0,741.5,1054.0,1148.5,1233.5,1280.0,1430.0,1450.0,2334.5,1841.0,733.5,997.0,1345.5,1526.0,1647.5,1720.0,1792.0,1898.0,2320.0,1804.0,862.5,1080.0,1395.5,1560.0,1649.0,1744.0,1813.0,1866.5,2080.0,1681.5,675.5,872.0,1133.0,1253.5,1311.0,1413.5,1526.5,1554.0,2232.5,1855.5,780.0,971.5,1218.5,1352.0,1439.0,1526.0,1588.5,1676.0,1786.5,1444.0,548.5,663.0,906.5,998.0,1066.0,1170.5,1246.5,1253.0,0.0,0.0,0.0,0.0,0.0,0.0,0.0,0.0,0.0,0.0,1692.0,1332.0,491.0,654.0,864.5,1000.5,1050.5,1081.5,1224.5,1241.0,1940.5,1565.0,639.5,781.5,970.5,1087.5,1147.5,1205.5,1288.0,1299.5,2478.0,2069.0,839.0,1079.5,1335.0,1471.5,1512.0,1621.0,1704.0,1688.5,2391.0,1977.5,774.0,1009.5,1265.0,1388.5,1407.0,1489.5,1644.0,1631.0,2164.0,1762.0,743.5,874.0,1094.5,1197.0,1194.0,1275.5,1386.5,1391.0,2214.5,1821.0,762.5,932.0,1171.0,1303.0,1357.0,1462.5,1562.0,1544.5,2237.0,1949.0,763.0,956.0,1188.0,1306.5,1357.0,1462.5,1564.0,1544.5,"{""type"":""MultiPoint"",""coordinates"":[]}"
83_0,3,1849.5,1538.0,565.5,710.0,960.0,1081.0,1133.0,1179.5,1297.5,1304.0,2423.5,2104.0,1004.0,1294.5,1562.0,1667.5,1715.0,1798.0,1881.0,1848.0,2543.5,2177.5,1019.5,1291.0,1570.0,1727.0,1737.0,1835.0,1920.0,1921.0,2271.5,1972.0,969.0,1246.5,1502.0,1621.5,1604.5,1714.5,1783.0,1796.5,239.0,175.5,724.0,933.5,987.5,1098.5,864.5,898.5,887.0,768.0,244.5,185.5,574.5,875.0,914.0,1098.5,864.5,898.5,887.0,768.0,588.5,387.5,484.5,756.0,679.0,1054.0,1252.0,1384.5,1213.0,1159.0,875.0,549.5,433.5,730.5,512.5,1151.0,1715.5,1823.5,1747.0,1582.5,1190.5,737.5,364.5,681.5,432.0,1121.0,2356.5,2719.0,2568.5,2475.5,1260.0,696.5,245.5,564.5,314.0,1039.5,2515.0,3008.0,2948.5,2802.5,1331.0,685.5,173.0,397.5,187.5,717.5,2585.0,3465.0,3548.5,3471.0,2181.5,1820.0,634.5,860.0,1128.0,1288.0,1299.0,1379.5,1473.5,1548.5,1457.0,724.5,175.5,434.5,201.0,813.0,2985.5,3895.5,3949.0,4054.5,1543.5,737.5,205.5,549.5,256.0,1072.0,3332.5,4266.0,4394.5,4410.5,1627.5,814.0,382.0,861.5,534.0,1502.0,3564.5,4351.5,4432.5,4510.0,1701.0,964.5,582.5,1054.0,909.0,1962.5,3273.0,3728.5,3926.0,3934.0,1918.5,1126.5,624.5,1133.0,1097.5,2007.5,2999.0,3355.5,3651.5,3608.5,2341.0,1467.0,702.0,1176.0,1473.0,2155.0,2736.0,3027.0,3238.0,3359.0,3385.0,2232.0,1153.5,1530.0,2008.5,2505.0,2867.0,3170.5,3496.0,3548.5,4099.0,2865.5,1051.5,1515.5,2241.0,2615.0,2884.5,3122.5,3502.0,3542.0,3744.5,2693.0,993.5,1448.5,2098.0,2434.5,2596.0,2811.5,3182.0,3253.0,2363.5,1842.5,714.0,970.5,1365.5,1533.5,1614.0,1702.0,1818.0,1865.5,1946.0,1627.0,497.5,716.0,965.5,1095.5,1158.5,1214.0,1348.0,1358.0,2425.5,1902.5,761.0,1017.5,1386.0,1581.5,1646.0,1728.0,1805.5,1910.0,2387.0,1877.0,886.5,1100.5,1421.0,1576.5,1619.5,1749.5,1890.5,1922.5,2145.5,1734.0,674.5,866.5,1121.5,1270.0,1325.0,1397.5,1519.5,1534.5,2315.5,1921.0,758.0,937.5,1186.0,1373.0,1392.5,1491.5,1576.0,1601.0,1873.5,1476.0,527.0,702.5,926.5,1043.5,1118.0,1147.0,1334.5,1334.5,0.0,0.0,0.0,0.0,0.0,0.0,0.0,0.0,0.0,0.0,1660.0,1278.5,487.0,653.0,846.0,947.0,1005.0,1070.0,1182.0,1182.5,1871.0,1529.5,652.5,788.5,953.0,1067.5,1083.5,1162.0,1240.0,1296.5,2448.0,2040.0,881.5,1122.5,1368.0,1497.5,1548.5,1609.0,1746.0,1737.0,2332.0,1935.0,844.5,1036.5,1274.5,1386.0,1399.5,1504.5,1640.5,1618.5,2092.5,1718.0,753.5,871.0,1078.0,1174.0,1143.0,1239.0,1345.5,1357.5,2180.5,1864.0,758.0,944.5,1160.0,1268.5,1323.5,1427.5,1530.0,1534.5,2180.5,1884.0,741.0,962.0,1172.5,1279.0,1323.5,1427.5,1530.0,1534.5,"{""type"":""MultiPoint"",""coordinates"":[]}"
84_0,3,1503.0,1255.5,513.0,639.5,821.0,886.0,898.5,954.0,1026.0,1039.0,2363.0,2058.0,1007.5,1294.0,1509.0,1606.5,1650.0,1683.0,1813.5,1786.5,2447.0,2131.0,1089.0,1351.0,1578.0,1662.0,1697.5,1757.0,1852.5,1824.0,1197.5,1052.0,904.5,1221.0,1320.0,1457.5,1224.0,1304.5,1220.0,1228.0,1034.0,853.0,1103.0,1364.0,1433.0,1577.0,1144.0,1289.0,1165.0,1135.0,1056.0,846.0,1103.0,1364.0,1433.0,1583.0,1476.0,1378.0,1392.0,1445.0,862.0,767.0,730.0,981.0,1000.0,1366.0,1244.0,1279.0,1181.0,1154.0,923.0,806.0,639.0,937.0,938.0,1432.0,1427.0,1547.0,1341.0,1314.0,870.0,728.0,485.0,765.0,759.0,1232.0,1235.0,1309.0,1183.0,1065.0,819.5,642.5,334.5,569.5,500.0,1041.5,1223.5,1398.5,1235.5,1074.0,985.5,717.5,296.5,534.0,489.0,993.0,1278.0,1507.5,1335.5,1200.5,1762.0,1507.5,664.0,819.0,996.0,1074.0,1084.5,1140.0,1235.5,1212.5,1211.0,822.0,456.0,671.0,587.0,1126.0,1660.0,1839.0,1741.0,1636.0,1225.0,831.0,352.0,598.0,489.0,1116.0,1721.0,1984.0,1848.0,1757.0,1321.0,948.0,444.0,700.0,621.0,1220.0,1751.0,2034.0,2022.0,2055.0,1652.0,1000.0,600.0,939.0,848.0,1422.0,2215.0,2359.0,2721.0,2603.0,2699.0,1706.0,927.0,1312.0,1582.0,2056.0,2617.0,2784.0,3318.0,3230.0,2718.0,1882.5,871.0,1300.0,1530.0,1966.0,2457.5,2644.0,2947.0,2828.0,3182.0,2357.5,1144.0,1503.5,1823.5,2156.5,2444.5,2573.5,2855.5,2887.5,3077.5,2401.5,1059.0,1373.5,1717.0,2014.5,2268.5,2446.0,2635.5,2598.0,2437.0,1933.5,794.5,1071.5,1338.5,1524.0,1610.0,1764.5,1893.5,1899.5,1941.0,1516.0,625.0,807.0,1011.0,1164.0,1202.0,1317.0,1389.0,1394.0,1566.0,1316.0,475.0,664.0,819.0,905.0,939.0,1006.0,1065.0,1112.0,1941.0,1551.0,625.0,807.0,1011.0,1164.0,1202.0,1317.0,1389.0,1389.0,1880.0,1525.5,663.0,835.0,988.0,1122.5,1198.5,1288.5,1345.0,1329.5,1884.5,1576.0,601.5,807.0,996.5,1115.0,1173.5,1226.5,1344.5,1362.0,2286.0,2003.0,903.0,1110.0,1302.0,1422.0,1524.0,1590.0,1648.0,1693.0,1261.0,1037.0,325.0,415.0,533.0,601.0,649.0,643.0,723.0,762.0,973.0,754.0,835.0,797.0,795.0,841.0,865.0,829.0,968.0,836.0,1701.0,1428.0,571.0,758.0,939.0,1013.0,1059.0,1099.0,1173.0,1185.0,294.0,235.0,222.0,192.0,185.0,186.0,202.0,233.0,209.0,229.0,2150.0,1901.0,801.0,1081.0,1280.0,1396.0,1389.0,1460.0,1546.0,1590.0,2338.0,2060.0,1000.0,1217.0,1426.0,1519.0,1562.0,1602.0,1723.0,1640.0,1509.0,1265.0,428.0,547.0,694.0,762.0,779.0,800.0,863.0,900.0,1889.0,1668.0,745.0,889.0,1060.0,1122.0,1162.0,1252.0,1284.0,1301.0,2070.0,1820.5,793.5,989.0,1185.0,1277.5,1344.5,1405.5,1476.0,1486.0,"{""type"":""MultiPoint"",""coordinates"":[]}"
85_0,3,1769.0,1500.5,501.5,640.0,865.0,971.0,989.5,1073.5,1156.5,1186.0,2390.5,2046.0,964.5,1250.5,1509.0,1640.0,1687.5,1736.5,1841.5,1842.5,1963.0,1623.5,686.0,942.0,1168.5,1255.0,1297.5,1342.5,1414.0,1446.0,204.0,179.0,474.0,755.5,786.5,948.0,694.5,760.0,764.5,666.0,181.5,151.0,561.5,803.0,875.5,1004.0,822.0,903.0,882.5,794.5,313.5,256.5,602.5,855.5,890.5,1136.5,1065.5,1095.5,1097.5,952.0,625.0,484.5,403.0,688.0,562.0,993.0,1151.5,1291.0,1261.0,1192.5,1091.0,690.5,445.0,730.0,495.0,998.5,1802.0,1996.5,1916.0,1858.5,1604.0,802.0,294.0,587.5,329.5,980.5,2840.0,3479.0,3495.0,3649.0,1705.0,852.5,255.5,584.0,362.5,977.5,2926.5,3878.0,3850.5,3987.5,1675.5,832.5,222.5,493.5,331.5,894.0,2818.0,3952.5,4024.0,4107.5,2066.0,1719.0,595.5,781.0,1013.5,1180.0,1199.0,1266.0,1331.0,1401.5,1741.5,860.5,252.5,531.5,354.5,944.0,3130.0,4254.5,4311.0,4508.0,1692.5,856.5,302.5,786.0,447.5,1431.0,3558.0,4420.0,4548.5,4711.5,1769.5,888.5,424.0,902.5,646.0,1579.5,3488.5,4128.0,4194.0,4473.5,1998.0,1088.0,605.0,1068.0,979.0,1982.5,3326.5,3763.0,3930.5,4065.5,2292.5,1350.0,682.0,1203.0,1267.0,2210.0,3136.0,3504.5,3848.0,3900.5,2720.0,1680.0,761.0,1274.0,1542.0,2351.0,3065.0,3401.0,3625.0,3764.0,3996.5,2790.5,1139.0,1604.5,2262.5,2686.5,2950.5,3182.5,3537.0,3675.5,3956.5,2790.0,1011.5,1497.5,2225.0,2711.5,2934.5,3172.0,3428.0,3631.5,3500.5,2672.5,995.5,1449.0,2018.0,2383.0,2519.5,2776.0,3053.0,3157.5,2048.0,1576.0,674.0,928.0,1308.0,1491.0,1525.5,1640.5,1690.5,1755.0,1922.0,1627.0,469.0,686.5,946.0,1044.0,1116.5,1155.5,1276.5,1315.0,2342.0,1858.5,798.5,1055.0,1439.0,1639.5,1673.0,1816.0,1885.5,1932.0,2279.0,1805.0,871.0,1083.0,1388.0,1571.5,1621.0,1722.5,1815.5,1859.0,1996.5,1669.0,643.5,797.5,1049.5,1198.5,1217.5,1321.5,1401.5,1447.0,1689.5,1384.0,529.5,733.0,1000.0,1077.5,1142.5,1179.0,1316.5,1272.0,1367.5,1178.0,373.0,486.5,678.5,762.5,771.0,832.0,919.5,918.0,0.0,0.0,0.0,0.0,0.0,0.0,0.0,0.0,0.0,0.0,1478.0,1136.0,425.0,561.5,733.0,837.5,892.5,957.0,1039.0,1053.0,1792.0,1481.0,578.0,707.0,866.5,995.5,1026.0,1103.0,1168.5,1185.5,2259.0,1892.5,765.0,983.5,1189.0,1325.5,1392.5,1430.5,1532.5,1548.5,2240.5,1902.0,790.5,961.5,1180.5,1312.5,1289.0,1367.5,1512.0,1504.0,2100.0,1769.5,777.0,876.0,1080.0,1177.5,1204.5,1274.0,1354.5,1417.0,2129.5,1801.5,683.5,873.0,1087.5,1220.5,1264.0,1346.0,1419.0,1457.5,2177.5,1906.5,799.5,1059.5,1295.5,1419.5,1465.0,1501.5,1586.5,1612.0,"{""type"":""MultiPoint"",""coordinates"":[]}"
86_0,3,2657.0,2200.0,1713.5,1687.0,1751.5,1855.0,1988.5,2083.5,2292.5,2178.5,2525.0,2303.0,791.0,1085.0,1429.0,1593.0,1626.0,1702.0,1802.0,1851.0,2205.0,2007.0,567.0,823.0,1148.0,1284.0,1285.0,1397.0,1509.0,1524.0,530.5,526.0,479.0,655.5,724.5,889.0,719.5,807.5,771.0,681.5,300.5,252.5,425.0,634.5,600.5,770.5,624.5,696.5,684.0,560.0,589.0,468.0,407.0,616.5,617.0,857.0,963.5,1021.0,1032.0,999.0,673.0,558.0,327.0,528.0,431.0,798.0,1092.0,1189.0,1096.0,1113.0,1005.0,654.0,303.0,540.0,429.0,832.0,1263.0,1559.0,1509.0,1442.0,1164.0,652.0,217.0,422.0,223.0,657.0,1956.0,2399.0,2412.0,2352.0,1279.5,647.5,78.0,302.0,68.5,530.0,2453.0,3738.0,3656.0,3745.5,1335.5,624.5,78.0,302.0,85.0,523.0,2641.0,4097.0,4160.5,4215.0,2350.0,2094.5,1230.5,1270.0,1419.5,1576.5,1680.5,1765.0,1696.5,1835.5,1380.0,651.0,82.0,316.0,89.0,569.0,2810.0,4368.5,4409.0,4548.0,1435.0,671.0,179.0,574.5,239.5,963.0,3289.0,4456.0,4618.5,4769.5,1534.0,749.0,484.0,879.0,592.0,1327.0,3392.0,4273.0,4355.0,4568.0,1658.0,909.0,685.0,1079.0,939.0,1777.0,3158.0,3723.0,3893.0,3971.0,1813.0,1037.0,597.0,1043.0,971.0,1804.0,2813.0,3205.0,3478.0,3576.0,2332.0,1445.0,681.0,1101.0,1250.0,2053.0,2769.0,3061.0,3312.0,3472.0,4607.0,3331.5,1127.5,1602.0,2291.0,2759.5,3011.5,3239.0,3599.0,3743.0,4556.0,3361.0,1106.5,1551.5,2313.5,2708.5,2948.0,3145.0,3492.0,3589.0,4140.0,3022.0,1097.0,1491.0,2199.0,2524.0,2757.0,3024.0,3365.0,3493.0,3501.0,2611.5,1059.0,1302.5,1741.5,2034.5,2200.5,2376.0,2579.5,2751.0,1937.0,1633.0,576.0,734.0,991.0,1141.0,1261.0,1335.0,1462.0,1456.0,3497.0,2821.5,743.0,1032.5,1431.5,1701.0,1826.0,1971.0,2127.0,2307.5,1910.0,1789.5,693.5,748.5,879.0,948.0,1064.0,1100.5,1155.0,1219.0,2787.0,2781.5,655.5,727.0,958.0,1130.5,1180.5,1319.5,1397.0,1507.5,2568.5,2559.0,636.5,730.5,931.0,1099.0,1174.0,1269.0,1340.0,1433.5,2060.5,1757.0,404.0,541.0,763.0,948.5,995.0,1123.5,1231.5,1277.5,0.0,0.0,0.0,0.0,0.0,0.0,0.0,0.0,0.0,0.0,1606.0,1282.0,325.0,509.0,721.0,929.0,1030.0,1106.0,1239.0,1242.0,2031.0,1684.0,450.0,640.0,825.0,1068.0,1215.0,1314.0,1410.0,1456.0,2239.0,1902.0,567.0,772.0,966.0,1250.0,1490.0,1584.0,1721.0,1777.0,2302.5,1853.5,740.0,980.0,1160.0,1438.0,1819.5,1987.0,2054.5,2131.0,2268.0,1918.0,749.0,919.0,1086.0,1322.0,1606.0,1707.0,1798.0,1846.0,2124.0,1922.5,578.5,766.5,1057.0,1179.0,1233.0,1316.5,1454.5,1457.5,2126.5,1975.0,638.5,843.5,1137.0,1251.0,1302.5,1394.5,1526.5,1516.0,"{""type"":""MultiPoint"",""coordinates"":[]}"
87_0,3,1393.5,1177.5,655.5,706.0,784.0,904.0,980.0,1055.0,1115.0,1128.5,2552.0,2396.0,950.0,1190.0,1516.0,1645.0,1628.0,1679.0,1814.0,1836.0,2538.0,2477.0,917.0,1141.0,1456.0,1568.0,1591.0,1659.0,1778.0,1808.0,1163.0,1129.0,460.5,627.0,768.5,875.0,809.0,869.5,931.0,870.0,358.5,348.5,432.5,573.5,612.0,717.5,570.0,640.0,601.5,508.0,460.0,338.0,360.0,566.0,487.0,737.5,805.5,939.0,947.5,865.5,669.0,397.0,330.0,550.0,449.0,735.0,976.0,1133.0,1120.0,1021.0,1141.0,618.0,227.0,499.0,295.0,772.0,1768.0,2057.0,2047.0,2079.0,1106.0,621.0,82.0,258.0,94.0,424.0,2032.0,3006.0,2954.0,3005.0,1291.5,607.5,45.0,190.0,16.5,333.0,2428.0,3989.0,3999.5,4114.0,1255.5,577.0,33.5,199.0,19.0,312.5,2507.5,4408.5,4450.0,4568.5,2313.5,2065.0,1449.5,1439.0,1515.5,1731.0,1845.5,1898.5,2034.0,1999.0,1308.0,589.0,47.5,211.5,26.5,390.5,2648.5,4591.5,4640.5,4804.0,1356.0,639.0,135.0,397.0,127.5,667.5,3085.5,4698.5,4849.0,5063.0,1452.0,697.0,525.0,895.0,616.0,1378.0,3390.0,4619.0,4635.0,4918.0,1554.0,840.0,689.0,1105.0,893.0,1791.0,3341.0,3859.0,4090.0,4195.0,1554.0,856.0,601.0,1099.0,918.0,1803.0,3147.0,3647.0,3895.0,3944.0,1961.0,1178.0,599.0,1126.0,1234.0,2122.0,3052.0,3350.0,3605.0,3703.0,4636.0,3216.5,1286.5,1796.5,2389.0,3117.0,3408.5,3680.5,4004.5,4149.5,4750.0,3428.0,1276.0,1770.0,2620.0,2914.0,3121.0,3355.0,3615.0,3644.0,4256.0,3247.0,1276.0,1749.0,2429.0,2785.0,3002.0,3203.0,3549.0,3546.0,4013.5,3230.5,1198.0,1598.5,2315.5,2714.5,2851.5,3085.5,3247.0,3370.0,1688.0,1341.0,347.0,578.0,765.0,961.0,1144.0,1151.0,1303.0,1330.0,3893.5,3084.5,957.0,1256.0,1712.5,2050.5,2172.0,2354.0,2501.5,2642.5,3143.5,2792.5,906.5,1080.0,1351.5,1602.0,1685.0,1844.5,1977.5,2035.0,3205.0,3029.5,1360.5,1426.5,1535.5,1771.0,2053.0,2186.5,2279.5,2327.5,2380.0,2389.5,626.0,717.0,884.0,1082.0,1234.5,1363.0,1391.0,1515.5,1616.0,1354.5,365.5,529.0,676.0,873.5,1113.0,1223.5,1308.5,1357.0,0.0,0.0,0.0,0.0,0.0,0.0,0.0,0.0,0.0,0.0,1460.0,1060.0,246.0,447.0,579.0,818.0,1039.0,1120.0,1246.0,1179.0,1815.0,1497.0,377.0,584.0,704.0,1032.0,1257.0,1318.0,1441.0,1498.0,1877.0,1437.0,448.5,687.0,784.0,1113.0,1477.0,1577.0,1719.5,1720.5,1853.5,1525.5,526.0,686.0,842.0,1073.0,1300.5,1432.0,1531.0,1529.5,1875.0,1631.0,506.0,643.0,879.0,1054.0,1084.0,1206.0,1267.0,1285.0,1940.0,1758.5,576.5,732.5,946.0,1085.5,1149.5,1218.0,1344.5,1372.0,2513.0,2418.0,867.5,1113.5,1421.0,1555.5,1554.0,1609.5,1741.0,1756.0,"{""type"":""MultiPoint"",""coordinates"":[]}"
88_0,3,1875.5,1536.5,701.0,873.5,1161.5,1253.0,1303.0,1361.5,1482.0,1484.5,2454.0,2126.0,990.0,1302.5,1573.0,1701.0,1729.5,1803.0,1900.0,1884.5,2439.0,2107.5,905.5,1190.0,1470.0,1597.0,1619.5,1715.5,1799.5,1784.5,2538.5,2198.5,964.0,1282.0,1569.5,1697.0,1720.0,1810.0,1878.0,1879.0,1106.0,1053.0,1172.0,1477.0,1792.0,1931.0,1850.0,1912.0,1832.0,1790.0,192.0,160.0,646.0,864.0,971.0,1117.0,950.0,1088.0,1017.0,899.0,342.0,234.0,646.0,951.0,962.0,1184.0,1125.0,1172.0,1160.0,986.0,499.0,361.0,590.0,930.0,887.0,1244.0,1336.0,1442.0,1415.0,1270.0,652.0,432.0,461.0,756.0,625.0,1184.0,1406.0,1592.0,1430.0,1316.0,860.5,497.0,259.0,522.5,297.5,880.5,1824.0,2149.5,1978.0,1891.0,1233.5,647.5,192.0,506.0,244.0,884.5,2452.5,3041.0,3034.5,2995.5,2139.5,1778.0,822.0,1012.0,1298.0,1400.5,1426.0,1500.0,1609.5,1627.0,1367.0,722.0,211.0,455.0,271.0,836.0,2388.0,3067.0,3079.0,3233.0,1211.0,617.0,147.0,384.0,215.0,739.0,2240.0,2944.0,2994.0,3018.0,1210.0,595.0,147.0,384.0,199.0,722.0,2502.0,3165.0,3176.0,3260.0,1449.0,712.0,316.0,703.0,340.0,1116.0,3103.0,3768.0,3860.0,3863.0,1607.0,810.0,378.0,897.0,466.0,1511.0,3373.0,3950.0,4020.0,4134.0,1683.0,906.0,410.0,994.0,548.0,1693.0,3234.0,3592.5,3762.0,3831.0,1886.0,1022.0,861.0,1512.0,1364.5,2307.0,3138.5,3477.5,3677.0,3716.0,2251.5,1383.0,838.5,1480.0,1534.5,2590.5,3080.0,3357.0,3633.0,3682.0,3406.5,2375.0,1053.5,1500.5,2066.5,2652.5,2895.0,3143.5,3488.0,3585.5,2590.0,1700.0,757.0,1161.0,1801.0,2144.0,2295.0,2539.0,2781.0,2931.0,1921.0,1587.0,623.0,838.0,1133.0,1234.0,1319.0,1371.0,1486.0,1479.0,3482.0,2575.0,892.0,1258.0,1794.0,2191.0,2247.0,2476.0,2582.0,2814.0,3286.0,2480.5,924.5,1197.0,1667.0,1940.0,2050.5,2228.5,2452.5,2544.5,2974.0,2383.0,784.0,995.0,1351.0,1570.5,1642.0,1802.0,1963.5,2036.0,2173.0,1734.0,741.0,899.0,1135.0,1282.0,1365.0,1477.0,1574.0,1601.0,1954.0,1464.0,503.0,643.0,879.0,1004.0,1074.0,1174.0,1286.0,1317.0,555.0,370.0,492.0,428.0,434.0,444.0,501.0,571.0,606.0,631.0,1712.0,1399.0,574.0,770.0,997.0,1064.0,1091.0,1155.0,1290.0,1230.0,322.0,280.0,235.0,198.0,190.0,208.0,201.0,230.0,234.0,244.0,2213.0,1889.0,785.0,1031.0,1277.0,1376.0,1421.0,1476.0,1601.0,1559.0,2406.0,2090.0,973.0,1176.0,1420.0,1507.0,1520.0,1644.0,1777.0,1718.0,1987.0,1647.0,648.0,800.0,1047.0,1155.0,1103.0,1176.0,1278.0,1278.0,2030.0,1761.0,757.0,911.0,1138.0,1227.0,1257.0,1329.0,1453.0,1431.0,2162.5,1888.5,785.0,992.5,1235.0,1354.0,1395.0,1466.0,1578.0,1570.5,"{""type"":""MultiPoint"",""coordinates"":[]}"
89_0,3,1931.5,1567.5,592.5,737.5,998.0,1108.5,1136.0,1230.0,1323.0,1364.0,2207.5,1904.0,894.0,1148.5,1394.0,1492.0,1526.5,1594.5,1686.5,1687.5,2286.0,1966.0,864.0,1105.5,1369.5,1477.0,1501.0,1576.0,1672.0,1668.5,2232.0,1927.5,841.5,1086.0,1336.5,1457.0,1475.0,1548.5,1614.0,1641.5,203.0,175.0,486.0,696.0,727.0,847.0,607.0,682.0,662.0,576.0,298.0,240.0,607.0,825.0,906.0,1029.0,922.0,962.0,966.0,853.0,489.0,396.0,493.0,694.0,629.0,1009.0,1039.0,1162.0,1124.0,995.0,994.0,652.0,436.0,668.0,434.0,1023.0,2063.0,2346.0,2267.0,2121.0,1265.0,672.0,338.0,619.0,382.0,1023.0,2808.0,3441.0,3326.0,3326.0,1556.0,863.0,290.0,595.0,436.5,1110.5,2583.0,3112.0,3143.0,3329.5,1612.5,833.5,166.0,394.5,249.5,793.5,2542.0,3397.5,3550.5,3706.0,2160.0,1795.0,691.0,860.0,1096.0,1254.0,1257.0,1368.0,1458.0,1517.0,1703.0,851.0,194.0,434.0,225.0,833.0,2910.0,3745.0,3868.0,4006.0,1709.0,848.0,170.0,577.0,280.0,1088.0,3241.0,4124.0,4319.0,4384.0,1747.0,882.0,321.0,801.0,509.0,1464.0,3505.0,4180.0,4338.0,4491.0,1948.0,1038.0,537.0,1052.0,849.0,1960.0,3483.0,4034.0,4169.0,4353.0,2087.5,1173.5,569.5,1123.5,1003.5,2023.0,3282.0,3666.5,4002.0,4043.0,2391.0,1440.5,636.5,1177.0,1261.5,2124.0,3049.0,3409.0,3672.5,3828.5,3034.0,1859.5,883.5,1365.5,1612.0,2316.5,2967.5,3301.5,3586.0,3723.0,3848.0,2640.5,961.5,1328.0,1843.0,2353.5,2674.5,2958.5,3282.0,3416.0,3501.5,2500.0,840.0,1209.0,1836.5,2231.5,2465.0,2692.5,3011.5,3107.0,2507.0,1932.0,769.0,1043.0,1466.0,1743.0,1747.0,1952.0,2020.0,2137.0,2126.5,1775.0,653.0,825.0,1079.5,1181.0,1224.0,1322.5,1454.0,1449.0,2555.5,1968.5,788.5,1064.0,1481.0,1723.5,1778.0,1939.5,2058.0,2149.0,2501.0,1913.0,859.0,1101.0,1449.0,1651.0,1751.0,1888.0,1994.0,2073.0,2277.0,1793.0,677.0,855.5,1151.5,1306.0,1379.0,1465.5,1587.5,1657.5,2312.0,1866.5,732.5,886.5,1168.5,1321.5,1367.5,1495.0,1578.0,1662.0,1965.0,1380.0,565.0,670.0,953.0,1060.0,1144.0,1206.0,1374.0,1413.0,0.0,0.0,0.0,0.0,0.0,0.0,0.0,0.0,0.0,0.0,1772.0,1469.0,534.0,691.0,878.0,965.0,992.0,1036.0,1154.0,1171.0,1841.0,1565.0,592.0,676.0,844.0,933.0,939.0,995.0,1081.0,1126.0,2122.5,1805.0,701.0,880.5,1090.0,1198.0,1212.0,1270.0,1395.5,1420.0,2114.0,1755.0,647.0,767.0,998.0,1105.0,1062.0,1126.0,1223.0,1221.0,2159.5,1786.0,743.5,842.5,1059.5,1149.0,1148.0,1214.0,1336.0,1351.5,2007.0,1700.0,670.0,810.0,1029.0,1138.0,1157.0,1240.0,1358.0,1371.0,1894.0,1666.0,671.0,873.0,1071.0,1158.0,1199.0,1263.0,1368.0,1340.0,"{""type"":""MultiPoint"",""coordinates"":[]}"
90_0,3,1493.5,1310.5,751.5,784.0,850.0,998.0,1108.0,1157.0,1241.0,1262.5,2525.0,2389.0,959.0,1208.0,1511.0,1659.0,1621.0,1737.0,1845.0,1834.0,2538.0,2467.0,917.0,1124.0,1434.0,1554.0,1586.0,1665.0,1764.0,1785.0,705.5,709.5,628.5,784.0,929.0,1044.5,880.0,924.0,811.5,784.0,482.5,485.0,664.0,826.0,825.0,948.5,735.5,710.5,657.5,621.5,399.5,298.0,345.0,632.0,415.5,789.0,758.0,840.0,787.0,637.0,804.0,510.0,326.0,669.0,365.0,926.0,1324.0,1447.0,1352.0,1272.0,804.0,530.0,261.0,609.0,332.0,937.0,1397.0,1512.0,1501.0,1326.0,1010.0,632.0,129.0,375.0,98.0,683.0,1794.0,2274.0,2044.0,2048.0,1305.0,614.5,78.5,305.0,26.5,542.5,2562.5,3691.0,3610.5,3647.5,1270.0,565.0,53.0,249.5,15.5,445.5,2637.5,4111.0,4158.5,4169.0,1744.0,1459.0,741.5,774.0,807.5,989.0,1252.0,1323.5,1446.5,1426.0,1307.5,586.5,55.5,252.5,9.5,447.0,2778.5,4429.0,4503.5,4562.0,1334.0,609.0,169.0,563.0,187.5,992.0,3266.0,4526.0,4684.0,4830.0,1434.0,676.0,520.0,875.0,594.0,1292.0,3394.0,4337.0,4393.0,4597.0,1586.0,835.0,716.0,1114.0,982.0,1810.0,3218.0,3754.0,3921.0,3994.0,1699.0,976.0,623.0,1093.0,988.0,1810.0,2767.0,3160.0,3532.0,3502.0,2190.0,1333.0,637.0,1116.0,1293.0,2073.0,2700.0,3056.0,3315.0,3442.0,4627.0,3255.5,1180.0,1618.5,2241.5,2640.5,2977.0,3254.0,3568.0,3697.0,4823.0,3472.0,1224.0,1679.0,2462.0,2854.0,3103.0,3347.0,3614.0,3675.0,4344.0,3248.0,1224.0,1679.0,2369.0,2687.0,2928.0,3173.0,3565.0,3543.0,4182.0,3185.5,1171.0,1540.5,2210.5,2604.5,2781.0,3067.5,3251.0,3359.0,1609.0,1258.0,335.0,539.0,680.0,906.0,1190.0,1289.0,1380.0,1387.0,4140.0,3225.0,942.0,1258.0,1708.0,2019.0,2183.0,2386.0,2485.0,2783.0,3325.0,3001.0,1099.0,1203.0,1389.0,1627.0,1753.0,1948.0,2041.0,2164.0,2860.5,2599.5,677.5,776.0,948.0,1205.5,1429.5,1565.0,1731.0,1772.5,2888.5,2619.0,656.0,792.0,958.0,1222.0,1454.5,1623.5,1746.5,1816.0,2096.5,1535.0,372.0,599.5,710.5,1070.5,1588.0,1774.0,1972.5,1979.5,0.0,0.0,0.0,0.0,0.0,0.0,0.0,0.0,0.0,0.0,1476.0,1112.0,244.0,463.0,528.0,884.0,1264.0,1314.0,1439.0,1442.0,1677.5,1438.0,669.0,754.5,781.0,1119.5,1570.5,1729.0,1584.5,1764.5,1733.0,1289.0,397.0,671.5,681.0,1099.5,1727.5,1866.5,1994.5,1970.5,1761.5,1436.5,497.5,672.5,757.5,1052.0,1455.5,1557.5,1708.0,1685.5,1845.0,1601.0,482.0,648.0,821.0,1017.0,1143.0,1201.0,1328.0,1378.0,2191.0,2098.0,688.5,843.0,1093.0,1216.5,1289.0,1374.5,1506.5,1529.5,2399.0,2329.0,761.5,983.5,1274.0,1384.5,1432.0,1512.5,1663.0,1669.0,"{""type"":""MultiPoint"",""coordinates"":[]}"
91_0,3,2931.5,2369.5,1127.0,1194.5,1416.0,1612.0,1811.0,1961.0,2109.0,2205.0,2111.0,1944.0,611.0,875.0,1164.0,1285.0,1325.0,1397.0,1515.0,1529.0,2408.0,2295.0,806.0,1053.0,1384.0,1547.0,1567.0,1666.0,1771.0,1800.0,1095.5,1044.5,523.0,685.5,816.0,941.0,837.5,890.0,920.5,860.0,332.0,306.0,732.0,826.0,840.0,905.0,655.0,688.0,657.0,534.0,332.0,305.0,369.0,601.0,583.0,784.0,729.0,789.0,731.0,682.0,568.0,396.0,335.0,524.0,460.0,792.0,1032.0,1105.0,1046.0,1043.0,1164.0,688.0,309.0,597.0,427.0,885.0,1658.0,1910.0,1755.0,1907.0,1014.0,580.0,169.0,379.0,231.0,617.0,1644.0,2103.0,1954.0,2001.0,1271.0,620.5,82.0,312.0,86.0,545.5,2316.0,3225.0,3086.0,3218.0,1230.0,570.5,24.5,199.0,22.0,411.0,2332.5,3464.0,3465.0,3564.5,4817.0,4113.5,2709.5,2846.0,3157.0,3407.0,3403.0,3540.5,3669.5,3754.0,1209.0,560.0,28.5,190.5,12.0,406.5,2392.0,3870.0,3821.5,3950.5,1114.0,522.0,51.5,314.0,61.0,599.0,2648.0,3926.0,3960.5,4112.5,1192.0,562.0,444.0,741.0,505.0,1095.0,3000.0,3938.0,4048.0,4112.0,1283.0,676.0,612.0,975.0,786.0,1572.0,3028.0,3654.0,3778.0,3852.0,1309.0,725.0,510.0,944.0,786.0,1640.0,2773.0,3197.0,3360.0,3438.0,1655.0,955.0,470.0,976.0,975.0,1874.0,2766.0,3069.0,3270.0,3418.0,4354.0,3089.5,1213.5,1712.5,2413.5,2902.5,3246.0,3540.0,3819.0,3952.0,4350.5,3193.5,1226.5,1687.0,2467.0,2821.0,3050.5,3307.0,3643.5,3730.0,4068.0,2914.0,1173.0,1541.0,2160.0,2512.0,2675.0,2914.0,3280.0,3302.0,4052.0,3006.0,1107.5,1478.5,2116.0,2456.0,2617.5,2849.5,3057.0,3224.5,3231.0,2505.0,600.0,828.0,1173.0,1351.0,1440.0,1592.0,1774.0,1897.0,3606.5,2892.0,872.0,1161.5,1550.0,1844.0,2026.5,2211.5,2342.5,2471.0,4276.5,3572.5,1962.5,2184.0,2499.5,2784.0,2927.0,3112.5,3301.0,3342.5,3258.0,2731.5,846.0,989.0,1215.0,1473.0,1620.0,1819.0,1921.5,2012.0,3090.5,2605.0,785.5,938.5,1140.5,1409.0,1565.5,1737.5,1835.5,1919.0,2242.0,1671.0,474.0,659.5,875.5,1134.0,1271.0,1389.0,1567.5,1608.5,0.0,0.0,0.0,0.0,0.0,0.0,0.0,0.0,0.0,0.0,3538.0,2753.0,725.0,983.0,1437.0,1643.0,1691.0,1853.0,2011.0,2160.0,3765.0,3081.0,1019.0,1098.0,1457.0,1709.0,1691.0,1885.0,2011.0,2160.0,3426.0,2751.0,863.0,1084.0,1431.0,1613.0,1704.0,1826.0,2072.0,2110.0,2090.5,1713.0,568.0,651.5,882.5,957.0,954.0,1055.0,1213.5,1167.5,1306.0,1114.0,384.0,506.0,697.0,766.0,738.0,826.0,913.0,915.0,1830.5,1687.5,521.0,687.0,950.0,1052.5,1059.0,1124.0,1238.0,1226.5,1912.5,1775.0,573.0,759.5,1029.5,1133.0,1191.0,1262.0,1347.0,1373.5,"{""type"":""MultiPoint"",""coordinates"":[]}"
92_0,3,216.0,186.5,199.5,265.0,364.0,410.0,295.0,334.5,351.0,277.0,2157.0,1838.5,673.0,878.5,1105.5,1233.0,1308.5,1408.5,1516.0,1527.5,2313.5,2030.5,748.5,976.5,1225.5,1352.0,1415.0,1503.0,1619.5,1639.0,2462.5,2178.5,872.0,1126.5,1388.5,1518.5,1578.0,1665.5,1762.5,1785.5,2591.0,2336.0,1003.0,1255.0,1521.0,1641.0,1671.0,1810.0,1912.0,1909.0,2330.0,2101.0,1221.0,1461.0,1706.0,1854.0,1680.0,1749.0,1739.0,1742.0,308.0,265.0,701.0,1032.0,1017.0,1194.0,759.0,862.0,749.0,620.0,722.0,508.0,762.0,1060.0,1046.0,1443.0,1447.0,1524.0,1476.0,1471.0,840.0,669.0,596.0,947.0,860.0,1291.0,1637.0,1753.0,1616.0,1613.0,1404.0,812.0,330.5,673.5,438.5,1019.0,2344.0,2807.0,2690.0,2783.5,1493.0,792.0,209.0,460.0,282.5,816.5,2549.5,3443.0,3420.0,3504.5,325.0,276.0,305.0,428.0,516.0,592.0,501.0,588.0,604.0,525.0,1552.0,814.0,236.0,473.0,306.0,803.0,2611.0,3685.0,3758.0,3886.0,1501.0,781.0,163.0,381.0,250.0,710.0,2617.0,3768.0,4005.0,4058.0,1556.0,810.0,163.0,421.0,228.0,772.0,2914.0,4277.0,4366.0,4499.0,1648.0,849.0,424.0,797.0,522.0,1417.0,3197.0,4032.0,4152.0,4223.0,1674.5,905.0,452.0,902.5,617.0,1543.5,3035.5,3575.5,3880.0,3807.5,1824.0,1047.0,478.5,905.0,860.5,1651.0,2712.5,3091.0,3406.0,3484.0,2221.0,1301.0,822.0,1280.5,1451.0,2030.0,2705.5,2997.5,3327.5,3413.5,3590.5,2483.5,1020.0,1463.5,1838.0,2522.0,2965.5,3259.0,3539.5,3664.0,4317.5,2856.0,1343.5,1873.5,2702.5,3291.0,3549.0,3817.0,4241.5,4339.5,3539.0,2462.0,1249.0,1704.0,2407.0,2521.0,2911.0,2884.0,3346.0,3395.0,257.0,206.0,344.0,411.0,516.0,592.0,501.0,581.0,559.0,508.0,3471.0,2462.0,1053.0,1413.0,1951.0,2200.0,2363.0,2521.0,2813.0,2780.0,3261.5,2459.0,1088.5,1391.5,1869.0,2152.5,2213.0,2419.0,2662.0,2620.0,2851.5,2256.5,818.5,1046.5,1362.5,1570.5,1699.0,1813.0,1920.5,1953.0,1225.0,949.0,547.0,694.0,916.0,1077.0,1062.0,1150.0,1217.0,1216.0,172.0,143.0,149.0,217.0,298.0,374.0,305.0,326.0,329.0,276.0,0.0,0.0,0.0,0.0,0.0,0.0,0.0,0.0,0.0,0.0,195.0,200.0,171.0,302.0,420.0,508.0,362.0,424.0,433.0,343.0,778.0,511.0,342.0,427.0,604.0,754.0,787.0,877.0,949.0,981.0,2592.0,2005.0,814.0,1064.0,1377.0,1590.0,1679.0,1754.0,1913.0,1935.0,2474.0,1734.0,645.0,867.0,1206.0,1405.0,1521.0,1620.0,1761.0,1833.0,2716.0,2195.0,857.0,1111.0,1457.0,1645.0,1743.0,1801.0,2042.0,2060.0,2493.0,2069.0,691.0,916.0,1170.0,1344.0,1448.0,1558.0,1667.0,1742.0,2568.5,2115.5,780.5,979.5,1225.5,1386.0,1510.5,1597.0,1690.5,1768.0,"{""type"":""MultiPoint"",""coordinates"":[]}"
93_0,3,2042.5,1716.0,579.5,723.5,1016.5,1193.5,1219.0,1330.0,1422.0,1450.5,2290.5,1976.5,852.5,1116.5,1393.0,1522.0,1571.5,1632.5,1751.0,1737.5,2437.0,2097.5,816.0,1070.0,1396.5,1531.5,1584.0,1665.5,1761.0,1793.5,2318.5,2017.0,802.5,1038.5,1338.0,1470.5,1527.5,1612.0,1692.5,1728.5,273.0,226.5,412.0,588.5,650.0,798.0,672.5,721.5,706.0,634.5,306.5,249.5,514.5,718.5,784.5,927.5,835.0,894.0,893.5,786.0,760.5,513.5,475.5,690.5,580.5,967.0,1404.5,1559.5,1366.0,1365.0,1216.0,782.5,353.5,670.5,411.0,987.5,2240.5,2531.0,2500.0,2443.0,1520.0,776.5,234.5,556.5,267.0,974.0,3108.5,3933.0,3880.5,4134.5,1837.0,976.5,232.5,577.5,406.5,1079.0,3095.0,3919.5,4028.5,4244.0,1781.5,880.0,185.0,416.0,280.5,803.5,2799.0,3890.5,4053.5,4255.0,2353.5,1995.0,618.0,832.5,1141.5,1308.5,1380.5,1493.0,1550.5,1631.5,1822.0,894.5,238.0,460.0,311.0,837.5,2968.0,3928.0,4078.5,4349.0,1847.0,907.5,256.0,559.0,385.5,1033.0,3192.0,4224.0,4449.5,4637.5,1917.5,953.5,390.0,813.0,545.0,1417.0,3436.5,4431.0,4462.0,4713.0,2085.0,1133.5,576.5,1063.0,864.0,1870.5,3517.5,4151.0,4295.5,4495.5,2195.0,1231.5,607.0,1132.0,1020.5,1967.0,3351.0,3915.0,4135.0,4310.0,2429.0,1432.0,626.0,1141.0,1193.0,2067.0,3206.0,3677.0,3885.0,4095.0,3285.0,2093.5,1002.0,1411.5,1663.0,2382.0,3130.5,3541.5,3787.0,4060.5,3876.0,2654.0,970.5,1393.5,1967.0,2461.0,2820.5,3121.0,3471.5,3584.5,3375.5,2454.0,793.5,1152.0,1724.0,2162.0,2387.0,2661.5,2790.5,3059.0,2318.0,1825.0,661.5,931.0,1322.0,1567.0,1656.0,1780.0,1809.0,1938.0,2172.0,1831.0,520.0,756.0,1074.0,1273.5,1239.5,1364.0,1485.0,1517.5,2358.0,1863.5,700.5,968.5,1337.5,1581.5,1669.0,1747.5,1811.0,1939.5,2194.5,1735.0,800.0,1002.0,1301.5,1504.0,1598.0,1680.0,1754.0,1847.0,2096.0,1686.0,628.0,828.5,1067.5,1241.5,1322.5,1420.0,1498.0,1546.5,2233.5,1838.0,740.5,891.0,1133.0,1317.5,1367.0,1499.0,1556.5,1586.0,1871.5,1500.5,520.0,675.0,920.5,1040.0,1135.0,1183.0,1328.0,1363.0,0.0,0.0,0.0,0.0,0.0,0.0,0.0,0.0,0.0,0.0,1999.0,1653.0,498.0,686.0,937.0,1106.0,1103.5,1227.0,1339.0,1339.0,2099.5,1751.0,599.5,754.5,960.5,1088.5,1165.0,1259.0,1347.5,1381.5,2402.5,2015.5,685.5,893.5,1148.0,1357.0,1415.0,1519.0,1644.5,1693.5,2433.0,1998.5,696.5,891.0,1162.5,1344.0,1443.0,1530.5,1703.0,1739.5,2330.0,1868.0,707.5,845.5,1065.5,1250.5,1359.0,1435.0,1586.5,1655.0,2053.0,1772.5,563.5,719.0,985.0,1130.0,1196.0,1280.5,1377.0,1395.5,2123.0,1871.0,632.0,825.0,1081.0,1201.0,1243.0,1326.5,1436.0,1454.5,"{""type"":""MultiPoint"",""coordinates"":[]}"
94_0,3,1777.5,1496.5,553.5,681.5,911.5,1001.5,1067.5,1107.5,1202.5,1239.5,2545.5,2265.5,937.5,1213.0,1465.0,1591.5,1623.5,1684.0,1817.0,1811.5,2605.0,2350.5,973.0,1237.0,1475.0,1608.5,1649.5,1718.0,1796.0,1814.0,659.0,623.5,821.0,1095.5,1243.0,1385.0,1075.5,1133.5,1049.0,956.5,497.0,415.0,910.0,1115.0,1165.0,1341.0,1029.0,1074.0,1057.0,892.0,497.0,415.0,910.0,1115.0,1165.0,1341.0,1029.0,1103.0,1115.0,990.0,393.0,300.0,423.0,608.0,520.0,1057.0,1116.0,1212.0,1141.0,944.0,489.0,349.0,374.0,605.0,503.0,1214.0,1402.0,1604.0,1428.0,1235.0,425.0,299.0,355.0,559.0,482.0,1065.0,1301.0,1491.0,1373.0,1122.0,503.0,334.0,283.0,428.0,340.0,942.5,1426.0,1638.0,1507.5,1301.5,744.5,472.0,258.5,418.5,349.5,941.0,1625.0,1937.5,1979.0,1752.5,2019.5,1732.5,695.0,848.0,1070.5,1167.0,1203.5,1276.0,1371.0,1378.5,879.0,531.0,233.0,413.0,314.0,750.0,1763.0,2038.0,2020.0,1939.0,1029.0,568.0,201.0,430.0,245.0,773.0,1983.0,2429.0,2456.0,2343.0,1191.0,604.0,276.0,605.0,363.0,982.0,2366.0,2842.0,2871.0,2804.0,1302.0,701.0,460.0,827.0,626.0,1390.0,2588.0,2945.0,3048.0,3030.0,1776.0,1007.0,514.0,877.0,876.0,1607.0,2503.0,2847.0,3049.0,3077.0,2169.5,1312.0,564.5,972.5,1045.5,1710.0,2507.5,2812.0,3023.5,3118.0,3713.0,2568.0,1129.5,1510.0,1873.5,2344.0,2707.0,3001.5,3275.5,3359.0,3048.0,2327.5,998.0,1275.0,1655.0,1842.0,1967.0,2144.5,2393.0,2367.0,2594.0,2078.0,738.5,1011.5,1383.0,1511.0,1620.0,1719.0,1883.0,1919.5,2017.0,1680.0,631.0,828.0,1096.0,1250.0,1318.0,1406.0,1356.0,1484.0,1949.0,1670.5,594.5,774.0,1019.0,1096.0,1152.0,1218.5,1336.0,1336.5,1965.0,1735.0,540.0,679.0,927.0,1029.0,1066.0,1170.0,1239.0,1289.0,1860.0,1613.0,593.5,728.0,923.0,1030.5,1055.0,1141.5,1199.0,1227.5,1959.0,1715.5,532.0,736.0,964.5,1059.5,1078.5,1173.5,1282.5,1289.0,2390.0,2185.0,827.0,1048.0,1267.0,1387.0,1441.0,1536.0,1590.0,1649.0,1283.0,1133.0,305.0,399.0,541.0,598.0,633.0,680.0,767.0,750.0,637.0,554.0,562.0,498.0,474.0,485.0,531.0,606.0,609.0,654.0,1876.0,1616.0,597.0,775.0,972.0,1067.0,1076.0,1178.0,1270.0,1278.0,337.0,258.0,305.0,259.0,232.0,234.0,244.0,255.0,290.0,267.0,2365.0,2110.0,772.0,1004.0,1259.0,1358.0,1382.0,1450.0,1563.0,1614.0,1741.0,1471.0,450.0,562.0,769.0,854.0,836.0,921.0,1011.0,1047.0,1741.0,1471.0,450.0,564.0,769.0,854.0,836.0,921.0,1011.0,1047.0,2092.0,1856.0,719.0,881.0,1079.0,1166.0,1233.0,1277.0,1387.0,1394.0,2234.5,2028.0,756.0,941.0,1149.0,1241.5,1295.0,1363.0,1489.0,1493.0,"{""type"":""MultiPoint"",""coordinates"":[]}"
95_0,3,1598.0,1328.5,556.0,686.5,859.0,952.5,995.0,1040.0,1144.5,1167.0,2314.0,2001.5,935.0,1206.0,1451.0,1561.5,1565.5,1640.5,1739.0,1721.0,2393.0,2083.5,1019.0,1279.5,1495.0,1606.0,1624.0,1692.5,1769.5,1765.0,1068.5,964.5,682.5,1008.5,1052.5,1227.0,1023.0,1073.0,1072.0,1040.0,220.0,223.0,640.0,929.0,999.0,1086.0,754.0,820.0,785.0,673.0,762.0,461.0,843.0,1150.0,1195.0,1404.0,1402.0,1433.0,1561.0,1478.0,353.0,318.0,660.0,958.0,1000.0,1315.0,1191.0,1237.0,1220.0,1077.0,420.0,365.0,663.0,1006.0,1038.0,1439.0,1211.0,1333.0,1267.0,1131.0,341.0,288.0,528.0,823.0,787.0,1212.0,1211.0,1333.0,1213.0,1131.0,382.0,295.0,254.0,475.5,374.5,788.0,1152.0,1312.5,1184.0,1036.0,587.5,387.5,217.5,396.5,293.0,790.0,1387.5,1595.5,1491.0,1377.0,1776.0,1500.0,657.0,823.0,1008.0,1108.0,1124.0,1198.0,1262.0,1295.0,771.0,502.0,203.0,410.0,294.0,788.0,1757.0,2115.0,1873.0,1842.0,1025.0,561.0,197.0,432.0,248.0,843.0,2137.0,2557.0,2402.0,2417.0,1082.0,574.0,235.0,551.0,353.0,994.0,2146.0,2557.0,2402.0,2449.0,1226.0,687.0,459.0,796.0,639.0,1415.0,2461.0,2714.0,2665.0,2832.0,2118.0,1261.0,518.0,920.0,1018.0,1665.0,2408.0,2746.0,3017.0,3089.0,2331.0,1462.5,564.5,922.0,1169.5,1675.0,2289.0,2528.0,2701.0,2883.5,3616.0,2486.0,1055.5,1426.5,1845.0,2280.5,2589.0,2862.5,3173.5,3303.0,2974.5,2259.5,835.5,1121.0,1489.0,1726.5,1900.5,2102.0,2358.5,2391.0,2470.5,1952.5,679.0,929.5,1288.0,1442.5,1523.0,1657.0,1829.5,1815.0,1625.0,1367.0,537.0,664.0,851.0,977.0,1010.0,1103.0,1082.0,1165.0,1673.0,1397.0,504.0,673.0,880.0,964.0,1013.0,1078.0,1159.0,1159.0,1741.0,1494.0,507.0,676.0,861.0,962.0,958.0,1049.0,1116.0,1151.0,1609.5,1362.0,552.0,678.0,836.0,922.0,938.0,990.0,1045.0,1072.0,1748.5,1496.0,554.5,751.5,937.0,1029.5,1052.5,1112.0,1214.0,1201.0,2163.0,1931.0,875.0,1047.0,1240.0,1395.0,1398.0,1495.0,1499.0,1571.0,1029.0,889.0,263.0,351.0,431.0,493.0,519.0,570.0,624.0,623.0,718.0,489.0,755.0,690.0,630.0,584.0,573.0,602.0,848.0,604.0,1753.0,1441.0,591.0,777.0,965.0,1032.0,1069.0,1110.0,1237.0,1182.0,1906.0,1682.0,741.0,874.0,1029.0,1110.0,1136.0,1206.0,1269.0,1300.0,2317.0,2015.0,880.0,1118.0,1335.0,1421.0,1495.0,1495.0,1634.0,1614.0,1470.0,1222.0,1073.0,1087.0,932.0,926.0,867.0,822.0,1560.0,881.0,1470.0,1222.0,420.0,513.0,679.0,748.0,739.0,802.0,866.0,881.0,1834.0,1598.0,703.0,871.0,1028.0,1107.0,1138.0,1207.0,1261.0,1259.0,1998.5,1760.5,740.5,942.5,1127.5,1220.5,1257.0,1315.0,1426.5,1395.5,"{""type"":""MultiPoint"",""coordinates"":[]}"
96_0,3,112.0,101.5,120.0,165.5,257.0,347.5,230.0,286.0,263.0,194.5,2209.5,1821.5,653.5,849.5,1085.5,1205.0,1277.0,1370.5,1493.0,1522.0,2298.0,1970.0,752.5,956.0,1210.5,1330.5,1392.5,1472.5,1584.0,1622.5,2454.0,2162.5,971.5,1231.5,1480.0,1619.0,1628.5,1729.0,1783.5,1809.5,2557.0,2281.0,1203.0,1458.0,1687.0,1788.0,1817.0,1910.0,1999.0,1981.0,1488.0,1462.0,1260.0,1505.0,1734.0,1849.0,1888.0,1926.0,1816.0,1976.0,225.0,167.0,592.0,868.0,873.0,1049.0,909.0,983.0,893.0,822.0,407.0,315.0,686.0,954.0,914.0,1324.0,1261.0,1352.0,1355.0,1191.0,555.0,444.0,503.0,790.0,641.0,1177.0,1455.0,1610.0,1517.0,1266.0,820.5,483.0,237.0,529.0,303.0,981.0,1849.0,2271.5,2185.5,1937.5,971.5,528.0,186.5,446.5,210.0,806.0,2211.5,2754.5,2836.5,2494.5,294.5,257.5,211.5,300.5,393.5,508.5,444.5,489.5,525.5,455.5,1361.0,685.0,180.0,425.0,269.0,801.0,2352.0,3076.0,3124.0,3182.0,1368.0,727.0,151.0,396.0,229.0,823.0,2399.0,3076.0,3291.0,3216.0,1441.0,739.0,186.0,490.0,266.0,920.0,2705.0,3583.0,3589.0,3671.0,1528.0,809.0,427.0,896.0,549.0,1514.0,2978.0,3521.0,3588.0,3639.0,1524.0,833.0,444.0,940.0,750.0,1713.0,2731.0,3127.0,3445.0,3252.0,1959.5,1164.0,523.0,1022.0,1031.5,1895.5,2632.0,2947.5,3195.5,3220.5,2368.0,1392.0,858.0,1342.0,1507.0,2182.0,2691.0,3071.0,3262.0,3398.0,3172.0,2171.5,961.5,1427.5,1790.5,2397.0,2806.5,3087.0,3418.0,3442.5,4137.0,2789.5,1290.5,1816.0,2469.5,3036.5,3356.5,3611.0,4016.5,4065.5,4539.0,3175.0,1562.0,2119.0,2958.0,3410.0,3481.0,3799.0,4035.0,4039.0,172.0,143.0,216.0,253.0,328.0,444.0,366.0,410.0,414.0,365.0,4374.0,3183.0,1343.0,1830.0,2482.0,2847.0,2996.0,3170.0,3276.0,3554.0,4092.5,3077.0,1228.0,1606.0,2147.5,2415.0,2554.0,2745.0,2989.0,3021.5,1969.5,1568.5,613.0,773.0,1069.0,1229.0,1218.5,1303.0,1425.5,1408.0,190.0,145.0,303.0,365.0,497.0,566.0,423.0,474.0,435.0,380.0,134.0,116.0,108.0,147.0,230.0,290.0,206.0,257.0,254.0,167.0,0.0,0.0,0.0,0.0,0.0,0.0,0.0,0.0,0.0,0.0,121.0,109.0,92.0,143.0,230.0,350.0,244.0,324.0,307.0,268.0,712.0,424.0,278.0,363.0,580.0,750.0,811.0,924.0,1135.0,1116.0,3513.0,2659.0,927.0,1200.0,1594.0,1865.0,1947.0,2113.0,2382.0,2385.0,1782.0,1021.0,542.0,568.0,958.0,1141.0,1288.0,1469.0,1692.0,1718.0,2655.0,1835.5,668.0,892.0,1288.0,1517.5,1702.5,1879.0,2116.0,2119.0,4242.0,3323.5,1210.5,1489.0,1888.0,2153.5,2368.0,2561.0,2863.5,2914.0,4068.5,3237.5,1211.0,1470.0,1844.5,2073.5,2226.5,2397.5,2691.5,2704.5,"{""type"":""MultiPoint"",""coordinates"":[]}"
97_0,3,132.0,123.5,198.0,265.5,385.0,484.0,344.0,392.0,351.0,291.5,1973.5,1650.0,758.0,954.0,1148.5,1251.0,1325.5,1393.5,1474.0,1482.5,1933.5,1675.5,741.5,946.5,1126.0,1227.0,1237.5,1300.0,1371.5,1383.0,2142.5,1863.0,889.0,1122.5,1317.5,1427.5,1452.0,1514.5,1560.5,1586.5,2340.0,2050.0,1087.0,1344.0,1535.0,1648.0,1664.0,1724.0,1803.0,1783.0,1899.0,1791.0,1298.0,1542.0,1719.0,1820.0,1838.0,1886.0,1981.0,1927.0,210.0,181.0,799.0,1014.0,1014.0,1053.0,757.0,849.0,795.0,665.0,344.0,313.0,777.0,1058.0,1084.0,1337.0,1179.0,1226.0,1178.0,1114.0,255.0,222.0,568.0,867.0,820.0,1141.0,827.0,957.0,860.0,703.0,324.0,241.0,390.0,719.5,659.0,1144.5,1222.0,1393.0,1263.5,1185.0,331.5,243.0,231.5,500.5,412.5,890.5,1038.0,1204.5,1078.5,952.5,170.0,150.0,452.0,547.0,538.0,634.0,516.0,515.0,523.0,486.0,638.0,408.0,187.0,334.0,234.0,658.0,1480.0,1688.0,1552.0,1450.0,838.0,459.0,108.0,302.0,160.0,651.0,1791.0,2251.0,2112.0,1931.0,988.0,512.0,145.0,378.0,184.0,738.0,2191.0,2596.0,2582.0,2534.0,1144.0,623.0,324.0,628.0,332.0,1053.0,2442.0,3030.0,2993.0,2924.0,1320.0,708.0,375.0,789.0,539.0,1406.0,2626.0,3030.0,3215.0,3140.0,2048.0,1269.0,538.0,973.5,1062.0,1796.0,2563.0,2847.0,3150.5,3222.0,2890.5,1989.0,1175.5,1489.5,1719.0,2206.0,2683.5,2931.0,3251.5,3316.0,3636.5,2655.5,1113.0,1529.5,2058.0,2455.0,2768.0,2996.5,3357.5,3387.0,3660.0,2610.0,1068.0,1456.0,2084.5,2404.5,2670.0,2858.0,3294.0,3248.5,3635.0,2728.0,1066.0,1453.0,2050.0,2403.0,2563.0,2801.0,2930.0,3006.0,170.0,143.0,512.0,547.0,538.0,605.0,516.0,515.0,523.0,486.0,3635.0,2851.0,987.0,1331.0,1816.0,2128.0,2278.0,2446.0,2557.0,2829.0,3489.5,2787.5,1018.0,1299.5,1752.0,2006.5,2118.5,2262.5,2511.5,2559.0,3093.0,2626.0,814.5,1017.5,1307.5,1487.0,1571.5,1709.0,1861.5,1894.0,533.0,429.0,353.0,490.0,641.0,792.0,664.0,722.0,745.0,708.0,118.0,95.0,115.0,158.0,231.0,282.0,145.0,179.0,158.0,128.0,0.0,0.0,0.0,0.0,0.0,0.0,0.0,0.0,0.0,0.0,113.0,114.0,152.0,303.0,384.0,480.0,318.0,363.0,323.0,219.0,113.0,104.0,179.0,232.0,346.0,458.0,312.0,365.0,349.0,290.0,1107.0,700.0,467.0,668.0,865.0,1068.0,1162.0,1216.0,1390.0,1396.0,1129.0,587.0,481.0,636.0,896.0,1113.0,1142.0,1255.0,1402.0,1435.0,2388.0,1688.0,861.0,1152.0,1416.0,1643.0,1706.0,1791.0,2021.0,1997.0,3752.0,2989.0,1519.0,1803.0,2180.0,2360.0,2411.0,2554.0,2842.0,2807.0,3947.5,3170.5,1586.0,1883.0,2258.0,2456.0,2561.5,2734.0,2940.0,2926.5,"{""type"":""MultiPoint"",""coordinates"":[]}"
98_0,3,2020.0,1650.0,629.0,806.0,1086.5,1207.0,1263.5,1376.5,1463.0,1466.5,2574.0,2181.0,975.0,1259.0,1586.5,1716.5,1803.0,1877.0,1994.0,1998.0,2151.5,1795.5,736.5,994.0,1280.5,1401.0,1464.0,1566.5,1670.5,1669.5,255.0,188.5,382.5,538.0,604.0,755.0,660.5,735.0,764.0,705.0,241.5,172.0,548.5,731.0,727.5,946.0,988.5,1051.5,1060.5,992.0,440.5,303.0,548.5,731.0,727.5,971.0,1193.5,1306.5,1293.5,1228.5,857.0,510.0,425.5,666.5,507.5,956.0,1531.0,1652.5,1557.5,1563.0,1102.5,617.5,320.5,622.0,376.0,925.0,2095.0,2423.5,2454.0,2369.0,1331.0,694.5,227.0,526.5,363.0,980.5,2524.5,3067.5,3139.0,3231.5,1591.5,872.0,268.5,597.5,480.5,1073.0,2562.0,3125.0,3275.0,3549.0,1729.0,933.0,262.0,547.0,453.0,999.0,2588.5,3361.0,3579.5,3775.0,2328.5,1947.5,695.0,896.0,1197.0,1361.0,1388.0,1504.5,1537.0,1653.5,1824.5,951.5,278.5,579.5,409.5,1012.0,2820.5,3657.0,3784.0,4036.5,1744.5,901.5,316.5,813.5,488.5,1412.5,3286.5,3944.5,4098.0,4292.0,1756.5,936.0,424.0,900.5,674.0,1582.5,3256.5,3732.0,3786.0,4038.0,1931.0,1096.5,633.5,1097.0,1044.0,1960.5,3089.0,3483.5,3650.0,3826.5,2168.5,1258.0,657.0,1137.5,1153.0,2010.5,2889.5,3240.0,3505.0,3594.0,2332.0,1393.0,637.0,1115.0,1240.0,1997.0,2793.0,3102.0,3352.0,3504.0,3750.5,2470.5,977.5,1357.0,1788.0,2341.0,2731.5,3015.0,3319.0,3450.0,3683.0,2407.0,847.5,1282.5,1816.0,2335.5,2806.0,3057.5,3456.5,3585.5,3286.0,2139.0,727.5,1138.0,1656.5,2096.0,2493.0,2773.0,3051.0,3085.0,2125.5,1588.5,630.0,906.5,1268.0,1513.0,1599.5,1754.0,1814.0,1899.0,2180.5,1828.5,577.0,829.5,1114.5,1258.0,1310.5,1397.5,1517.0,1544.0,2409.0,1840.5,731.0,998.5,1368.0,1610.5,1695.5,1844.0,1937.0,2024.0,2374.5,1810.0,856.0,1073.5,1374.5,1597.0,1704.5,1822.5,1938.5,1972.5,1986.0,1642.5,586.0,719.5,934.5,1102.5,1172.0,1267.5,1362.0,1396.5,1737.5,1413.0,471.0,694.0,906.0,1053.0,1114.0,1155.5,1284.0,1247.5,1321.0,1131.5,314.5,428.0,604.0,676.5,736.0,764.5,839.0,847.0,0.0,0.0,0.0,0.0,0.0,0.0,0.0,0.0,0.0,0.0,2129.0,1787.0,582.0,786.0,1039.5,1181.0,1236.5,1306.5,1442.0,1452.0,2303.5,1998.0,689.5,841.0,1078.0,1226.5,1308.0,1459.0,1458.0,1578.0,2270.0,1900.0,710.0,901.0,1149.5,1282.5,1374.5,1466.5,1583.5,1603.0,2416.0,1984.0,747.5,923.5,1177.5,1339.5,1355.0,1485.0,1600.5,1649.5,2443.5,2018.0,812.5,972.5,1190.5,1349.5,1445.0,1573.0,1677.5,1718.0,2249.5,1904.0,660.5,879.0,1134.5,1269.0,1372.0,1450.5,1550.5,1592.0,2354.5,2003.0,784.5,1030.5,1298.0,1454.5,1506.5,1579.5,1707.0,1689.5,"{""type"":""MultiPoint"",""coordinates"":[]}"
99_0,3,2319.0,1906.5,759.0,921.5,1207.5,1373.0,1391.5,1453.5,1588.0,1624.5,2238.0,1926.5,778.0,990.5,1260.5,1383.0,1444.0,1523.5,1613.0,1636.5,2422.5,2107.0,873.5,1125.5,1428.5,1563.0,1585.5,1659.0,1738.5,1765.0,2540.0,2226.0,908.5,1176.0,1503.0,1659.5,1686.5,1792.5,1865.0,1871.5,399.0,320.0,765.0,952.0,976.0,1099.0,889.0,934.0,910.0,743.0,339.0,291.0,765.0,952.0,976.0,1099.0,889.0,934.0,910.0,866.0,443.0,378.0,463.0,726.0,611.0,998.0,970.0,1050.0,1019.0,899.0,962.0,704.0,463.0,726.0,450.0,993.0,1728.0,1931.0,1943.0,1837.0,1740.0,823.0,332.0,732.0,341.0,936.0,3529.0,4268.0,4429.0,4310.0,2013.0,1022.5,274.5,619.5,342.5,1034.5,3464.5,4673.5,4862.5,4913.0,1805.5,873.0,141.0,379.5,217.0,720.0,3067.0,4492.0,4736.5,4844.5,2555.0,2124.0,817.0,1019.0,1295.0,1483.0,1506.0,1578.0,1647.0,1769.0,1795.0,858.0,185.0,389.0,224.0,687.0,2984.0,4459.0,4665.0,4871.0,1645.0,757.0,99.0,331.0,156.0,737.0,3168.0,4667.0,4944.0,5036.0,1645.0,757.0,212.0,617.0,306.0,1090.0,3374.0,4771.0,4968.0,5080.0,1834.0,923.0,448.0,901.0,565.0,1607.0,3910.0,4924.0,5204.0,5245.0,1945.5,1046.0,513.5,1036.5,735.0,1807.0,3842.5,4674.5,5138.5,5103.0,2431.0,1407.5,639.5,1275.5,1209.0,2254.0,3889.0,4521.5,4867.0,4999.0,3068.5,1891.0,1028.5,1626.0,1812.0,2736.5,4020.0,4487.5,4958.0,4982.0,4281.0,2963.5,1261.0,1749.5,2420.0,3100.0,3676.0,4065.0,4443.5,4613.0,3971.5,2732.0,1304.0,1834.0,2624.5,3083.5,3404.5,3611.0,4075.5,4059.5,3733.0,2647.0,1319.0,1805.0,2620.0,3098.0,3260.0,3549.0,3803.0,3890.0,2530.0,2132.5,785.5,974.5,1284.0,1433.0,1460.5,1536.0,1689.0,1718.0,3636.0,2623.0,1158.0,1570.5,2205.0,2522.0,2688.5,2950.5,3188.0,3251.0,3397.5,2445.0,1185.0,1524.0,2068.5,2358.0,2503.5,2699.0,2956.0,3080.5,3044.0,2359.5,878.5,1051.0,1410.5,1642.0,1733.5,1872.0,2057.0,2088.5,2991.5,2419.0,860.0,1012.5,1333.0,1592.5,1658.0,1770.0,1888.5,2032.5,1900.0,1541.0,602.0,755.0,1050.0,1153.0,1224.0,1331.0,1445.0,1398.0,0.0,0.0,0.0,0.0,0.0,0.0,0.0,0.0,0.0,0.0,2350.0,2009.0,740.0,900.0,1156.0,1286.0,1292.0,1360.0,1454.0,1504.0,1859.0,1457.0,711.0,784.0,954.0,1046.0,1002.0,1030.0,1181.0,1132.0,2495.0,2123.0,814.0,988.0,1244.0,1371.5,1386.5,1438.0,1582.5,1606.0,2545.0,2142.0,806.0,919.0,1213.0,1355.0,1278.0,1355.0,1432.0,1473.0,2582.0,2167.0,879.0,997.5,1245.0,1376.5,1362.5,1439.0,1545.5,1583.5,2619.0,2305.0,912.0,1076.0,1277.0,1398.0,1481.0,1574.0,1674.0,1718.0,2320.0,1956.0,759.0,994.0,1289.0,1420.0,1454.0,1527.0,1623.0,1709.0,"{""type"":""MultiPoint"",""coordinates"":[]}"
100_0,3,1686.5,1392.5,565.5,687.0,923.0,1025.5,1062.5,1124.5,1193.0,1238.0,2455.5,2160.5,1017.0,1313.0,1561.0,1674.5,1708.0,1776.0,1873.0,1869.0,2439.0,2147.5,907.0,1170.5,1425.5,1550.0,1591.0,1668.0,1742.5,1746.0,2333.0,2049.5,868.5,1123.0,1364.0,1476.5,1508.0,1588.5,1658.0,1663.0,363.0,357.0,797.0,1069.0,1146.0,1355.0,1036.0,1056.0,1009.0,855.0,363.0,357.0,817.0,1069.0,1146.0,1355.0,1036.0,1159.0,1131.0,987.0,355.0,275.0,734.0,997.0,1033.0,1261.0,1092.0,1159.0,1161.0,987.0,378.0,312.0,700.0,1010.0,1031.0,1321.0,1128.0,1244.0,1168.0,969.0,506.0,388.0,545.0,868.0,819.0,1103.0,1143.0,1265.0,1227.0,1095.0,546.5,381.0,288.5,544.0,446.5,803.5,1125.0,1238.0,1239.5,1091.5,909.5,529.0,263.5,468.0,315.0,815.5,1663.5,2027.0,2119.5,1973.0,1925.5,1633.0,693.5,850.0,1081.5,1179.5,1211.0,1289.0,1349.0,1394.0,1134.0,629.0,247.0,469.0,348.0,834.0,2060.0,2616.0,2505.0,2440.0,1030.0,539.0,174.0,409.0,246.0,740.0,1957.0,2412.0,2530.0,2441.0,1068.0,541.0,174.0,407.0,225.0,733.0,2315.0,2961.0,2905.0,2878.0,1250.0,644.0,338.0,672.0,362.0,1090.0,2844.0,3407.0,3412.0,3418.0,1426.0,736.0,362.0,802.0,466.0,1337.0,2888.0,3429.0,3608.0,3487.0,1478.0,829.5,379.0,854.0,495.5,1496.5,2865.0,3223.0,3403.5,3303.0,2115.0,1143.0,732.0,1277.0,1200.0,2079.0,3006.0,3319.0,3479.0,3540.0,2345.5,1439.5,716.5,1265.5,1298.0,2162.5,2894.0,3158.5,3462.5,3526.0,3116.5,2125.5,937.0,1424.5,1810.5,2404.0,2848.0,3104.5,3483.5,3518.5,2566.0,1714.0,798.0,1103.0,1581.0,1838.0,2015.0,2255.0,2351.0,2605.0,1757.0,1487.0,479.0,676.0,933.0,1027.0,1085.0,1152.0,1225.0,1278.0,3306.0,2536.0,850.0,1193.0,1694.0,2051.0,2176.0,2426.0,2508.0,2668.0,3157.5,2457.0,906.5,1191.0,1608.5,1838.5,1985.0,2147.0,2370.0,2419.5,2913.0,2328.5,757.0,979.0,1313.5,1505.5,1660.5,1776.5,1996.0,2002.0,2604.0,2095.0,851.0,1019.0,1283.0,1454.0,1554.0,1671.0,1808.0,1857.0,1987.0,1517.0,506.0,623.0,861.0,985.0,1057.0,1158.0,1296.0,1305.0,962.0,892.0,848.0,802.0,795.0,820.0,900.0,952.0,1026.0,1040.0,1729.0,1433.0,531.0,737.0,941.0,1032.0,1063.0,1121.0,1207.0,1235.0,1667.0,1446.0,675.0,793.0,971.0,1038.0,1074.0,1154.0,1122.0,1234.0,2323.0,2018.0,810.0,1053.0,1296.0,1421.0,1479.0,1505.0,1599.0,1637.0,2504.0,2243.0,998.0,1211.0,1447.0,1590.0,1591.0,1722.0,1836.0,1784.0,1919.0,1618.0,583.0,736.0,949.0,1062.0,1058.0,1113.0,1166.0,1208.0,1887.0,1626.0,669.0,818.0,1020.0,1100.0,1122.0,1193.0,1255.0,1277.0,2145.5,1907.0,775.0,964.0,1182.5,1305.5,1343.5,1399.5,1503.5,1515.0,"{""type"":""MultiPoint"",""coordinates"":[]}"
101_0,3,1104.5,933.0,412.0,472.0,575.5,630.0,634.5,701.0,700.5,709.0,1699.0,1430.5,669.0,833.0,995.5,1060.5,1120.5,1189.0,1234.0,1248.0,1522.0,1267.0,650.5,802.5,950.5,1018.5,1036.5,1110.5,1160.0,1156.0,602.0,533.0,571.0,733.0,806.5,942.0,735.0,806.0,772.5,690.5,632.0,491.0,635.0,802.0,791.0,940.0,820.0,869.0,868.0,789.0,711.0,548.0,502.0,778.0,712.0,984.0,1078.0,1119.0,1125.0,1043.0,1094.0,755.0,538.0,905.0,560.0,1267.0,1610.0,1622.0,1695.0,1565.0,1578.0,968.0,538.0,1029.0,601.0,1568.0,2906.0,3007.0,3135.0,2905.0,1678.0,939.0,410.0,977.0,406.0,1403.0,3813.0,4391.0,4747.0,4264.0,1643.5,838.0,294.5,838.0,321.0,1291.5,4382.5,5006.5,5577.5,5384.5,1673.5,859.0,235.0,724.5,238.5,1231.0,4519.0,5620.0,5949.0,5695.0,1361.0,1160.0,531.0,629.0,759.0,811.0,845.0,881.0,965.0,940.0,1698.0,905.0,275.0,757.0,258.0,1229.0,4430.0,5674.0,5987.0,5887.0,1736.0,922.0,213.0,681.0,234.0,1228.0,4356.0,5604.0,5845.0,5741.0,1785.0,927.0,297.0,743.0,398.0,1317.0,4182.0,5222.0,5583.0,5532.0,1882.0,1002.0,469.0,934.0,577.0,1634.0,3994.0,4805.0,5074.0,5032.0,1947.0,1064.5,503.0,1055.0,660.5,1740.5,3797.0,4381.0,4778.5,4688.0,2119.5,1229.0,537.0,1089.5,898.5,1897.0,3318.5,3793.5,4092.0,4058.0,2384.0,1416.0,856.0,1333.5,1360.0,2041.0,3098.5,3439.5,3776.0,3741.5,3858.5,2659.0,1243.0,1672.0,2066.5,2709.0,3042.0,3510.0,3926.5,3850.5,4267.0,2916.0,1382.0,1906.0,2662.0,3065.0,3264.0,3936.0,4306.0,4159.0,3346.5,2556.5,1436.5,1872.0,2298.0,2570.0,2733.0,2907.0,2978.0,3100.0,1402.0,1017.0,531.0,673.0,806.0,855.0,895.0,923.0,996.0,985.0,2510.0,1864.0,703.0,988.0,1323.0,1589.0,1624.0,1787.0,1745.0,2104.0,2092.5,1730.0,657.0,830.0,1083.5,1182.5,1252.5,1345.0,1474.5,1463.0,2379.0,2003.0,691.0,937.5,1248.5,1447.0,1450.5,1568.5,1715.5,1728.5,2514.5,2163.0,813.0,1030.5,1365.0,1543.5,1556.0,1640.0,1789.0,1849.5,1887.0,1397.0,521.0,689.0,930.0,1024.0,1128.0,1154.0,1351.0,1334.0,0.0,0.0,0.0,0.0,0.0,0.0,0.0,0.0,0.0,0.0,1760.0,1543.0,609.0,788.0,948.0,1047.0,1072.0,1131.0,1196.0,1187.0,1382.0,1136.0,545.0,608.0,640.0,803.0,975.0,999.0,1028.0,1126.0,1623.0,1189.5,524.0,765.0,689.5,1019.5,1793.5,1850.5,2012.5,1996.5,1360.0,1035.0,419.5,551.5,561.0,778.0,1260.5,1299.5,1389.5,1371.5,1236.0,1006.0,431.0,460.0,557.0,651.0,727.0,815.5,783.0,801.0,1558.5,1357.0,609.0,717.5,852.0,928.5,962.0,1002.5,1090.0,1135.0,1575.0,1332.5,604.0,736.0,886.0,948.5,984.5,1063.0,1127.0,1140.5,"{""type"":""MultiPoint"",""coordinates"":[]}"
102_0,3,1854.5,1566.0,552.5,725.0,953.0,1063.5,1102.0,1185.0,1266.0,1287.5,2429.5,2078.0,1006.5,1290.0,1565.5,1673.5,1686.0,1773.0,1887.5,1869.5,2192.0,1867.5,831.0,1081.5,1353.0,1500.5,1478.5,1560.5,1649.5,1653.5,496.5,467.5,625.5,878.0,941.0,1187.5,956.0,1022.5,932.0,873.0,430.0,412.0,742.0,984.5,1084.5,1269.0,1052.5,1078.5,982.5,906.0,342.5,258.0,454.5,754.5,734.5,999.0,851.0,922.5,873.5,754.0,712.5,469.5,386.5,709.5,564.5,1011.0,1221.5,1394.5,1237.0,1164.0,1035.0,697.5,444.0,762.5,521.0,1038.0,1819.0,2067.5,2145.5,1877.0,1572.0,839.5,303.0,634.5,369.0,1041.0,2726.5,3432.5,3395.0,3411.0,1585.0,806.0,239.0,559.0,304.5,942.5,2780.0,3623.0,3678.0,3738.0,1534.0,751.5,156.0,362.0,198.0,669.5,2709.5,3827.0,3994.5,3991.0,2192.0,1875.0,646.5,852.5,1139.5,1254.5,1294.0,1375.0,1436.0,1509.0,1612.0,786.0,175.5,413.0,209.0,749.0,3003.0,4319.5,4469.5,4525.5,1625.5,776.5,250.0,741.5,366.0,1332.0,3595.0,4523.5,4678.5,4750.0,1701.0,866.0,423.5,906.5,619.0,1588.5,3541.5,4292.5,4362.5,4545.0,1973.0,1059.0,649.5,1159.5,1017.0,2082.5,3446.0,3912.5,4166.5,4261.0,2318.5,1354.5,733.0,1317.5,1325.5,2308.0,3292.0,3697.5,4121.0,4082.5,2804.0,1786.0,882.0,1403.0,1806.0,2471.0,3270.0,3613.0,3909.0,4038.0,4266.0,2970.5,1218.5,1656.0,2358.0,2826.5,3034.0,3300.5,3618.0,3775.0,4126.0,2975.5,1123.0,1527.0,2272.5,2695.0,2931.5,3188.5,3490.5,3665.0,2799.5,2178.5,1115.5,1518.0,2103.0,2165.0,2169.0,2171.0,3106.5,2321.0,2430.5,1845.5,792.0,1070.0,1495.0,1744.5,1793.0,1914.0,1930.0,2067.5,2060.0,1735.5,546.0,771.0,1038.0,1154.5,1195.5,1308.5,1420.5,1428.5,2423.0,1912.5,785.0,1054.5,1465.5,1724.5,1774.5,1879.0,1947.0,2028.5,2331.5,1839.5,878.5,1100.5,1444.0,1646.5,1696.0,1798.5,1887.5,1959.0,2045.0,1669.0,639.5,814.0,1106.0,1267.5,1315.5,1387.0,1529.0,1525.5,1810.0,1481.0,526.5,745.0,1016.5,1154.5,1205.5,1286.0,1309.5,1387.0,878.0,597.0,310.0,428.5,562.0,663.5,685.5,703.5,789.5,802.0,0.0,0.0,0.0,0.0,0.0,0.0,0.0,0.0,0.0,0.0,1357.5,967.0,380.0,537.0,717.0,823.5,857.0,941.0,1053.0,1049.0,1825.0,1462.5,609.5,760.0,919.5,1060.5,1110.5,1203.5,1256.5,1299.0,2227.0,1809.5,777.0,1014.5,1238.0,1365.0,1406.0,1482.0,1614.0,1562.5,2085.0,1746.0,672.0,834.0,1088.5,1164.5,1147.5,1239.0,1358.0,1375.5,2085.0,1746.0,672.0,834.0,1088.5,1164.5,1147.5,1239.0,1358.0,1375.5,2046.5,1751.0,675.5,867.5,1098.5,1194.0,1213.0,1267.5,1390.0,1380.0,2243.5,1910.0,796.0,1027.5,1277.5,1400.0,1445.0,1516.5,1629.0,1619.5,"{""type"":""MultiPoint"",""coordinates"":[]}"
103_0,3,2078.5,1706.0,1242.5,1223.5,1297.0,1402.5,1566.0,1670.0,1801.0,1751.0,2553.0,2322.0,791.0,1099.0,1443.0,1584.0,1640.0,1726.0,1833.0,1862.0,2253.0,2026.0,599.0,832.0,1172.0,1290.0,1357.0,1429.0,1540.0,1555.0,502.5,485.5,479.0,657.5,657.0,849.5,664.0,691.5,624.0,559.0,290.0,235.0,373.0,625.0,605.0,752.0,729.0,731.0,696.0,640.0,475.0,359.0,385.0,592.0,558.0,800.0,888.0,976.0,924.0,892.0,656.0,446.0,270.0,472.0,345.0,700.0,1009.0,1194.0,1041.0,994.0,889.0,637.0,270.0,507.0,362.0,810.0,1269.0,1390.0,1354.0,1366.0,1005.0,569.0,106.0,277.0,158.0,491.0,1617.0,2001.0,2010.0,1962.0,1197.5,605.0,45.5,233.0,48.0,435.5,2253.5,3498.5,3561.5,3571.5,1339.5,627.5,60.0,253.0,65.0,469.5,2563.5,4092.5,4185.0,4166.0,2086.5,1802.0,880.5,869.0,951.0,1095.0,1209.5,1303.0,1456.5,1439.5,1443.0,682.0,75.5,297.0,78.0,557.0,2862.5,4539.5,4595.5,4726.5,1511.5,715.5,213.0,667.5,290.5,1156.5,3402.0,4593.0,4769.0,4880.0,1630.0,799.0,527.0,924.0,653.0,1453.0,3396.0,4268.0,4339.0,4575.0,1717.0,945.0,741.0,1162.0,1041.0,1846.0,3184.0,3696.0,3877.0,3960.0,1812.0,1032.0,623.0,1110.0,1062.0,1894.0,2915.0,3280.0,3606.0,3594.0,2245.0,1366.0,703.0,1162.0,1277.0,2129.0,2936.0,3241.0,3474.0,3594.0,4645.5,3374.5,1167.5,1645.0,2304.5,2721.0,3018.0,3297.5,3612.0,3786.0,4567.5,3407.0,1068.0,1487.0,2228.5,2604.5,2827.5,3096.5,3444.0,3524.0,4219.0,3167.0,1034.0,1415.0,2054.0,2332.0,2586.0,2816.0,3212.0,3246.0,3617.5,2730.0,947.0,1200.5,1732.5,2067.0,2201.0,2401.0,2605.5,2731.0,1987.0,1684.0,590.0,737.0,896.0,1071.0,1242.0,1347.0,1374.0,1489.0,3601.5,2928.5,766.0,1067.0,1448.0,1697.0,1865.0,2015.5,2149.0,2311.5,2181.0,2081.0,931.0,992.0,1120.5,1272.5,1326.5,1419.5,1406.0,1524.5,2836.0,2878.5,635.5,700.5,901.5,1112.5,1155.0,1264.5,1351.0,1441.0,2626.5,2615.0,622.0,701.5,879.5,1048.5,1085.5,1224.0,1267.0,1384.5,2011.0,1743.0,351.5,487.5,705.0,871.5,964.5,1012.0,1147.5,1268.0,0.0,0.0,0.0,0.0,0.0,0.0,0.0,0.0,0.0,0.0,1556.0,1205.0,280.0,427.0,635.0,815.0,933.0,1048.0,1137.0,1154.0,1951.0,1639.0,402.0,579.0,763.0,1016.0,1168.0,1277.0,1363.0,1396.0,2292.0,1899.0,528.0,743.0,941.0,1228.0,1508.0,1600.0,1739.0,1758.0,1724.5,1378.5,631.5,759.0,851.5,1034.0,1232.0,1357.5,1571.0,1419.0,1538.5,1207.5,555.0,695.5,785.5,965.5,1134.0,1226.0,1447.5,1297.0,2124.0,1946.0,566.0,754.0,1067.0,1204.0,1235.0,1333.0,1469.0,1458.0,2160.5,1998.0,658.5,868.5,1135.5,1262.0,1344.5,1413.5,1575.0,1538.5,"{""type"":""MultiPoint"",""coordinates"":[]}"
104_0,3,1653.0,1346.5,478.0,652.5,826.5,965.5,1037.0,1119.5,1220.0,1236.0,2249.5,1888.0,903.5,1173.0,1364.5,1540.5,1637.5,1734.5,1818.0,1808.0,2280.0,1899.5,919.5,1184.5,1390.5,1599.5,1650.5,1761.0,1811.0,1850.0,1888.0,1580.0,972.0,1260.0,1408.5,1646.5,1639.0,1747.5,1800.5,1678.0,1768.5,1451.5,938.5,1222.5,1347.0,1668.0,1585.0,1795.0,1784.0,1632.5,1803.0,1521.0,984.0,1301.5,1404.0,1658.5,1781.0,1795.0,1926.0,1888.5,1852.5,1399.5,950.0,1282.5,1357.0,1636.0,1863.5,2044.0,2102.5,1960.0,1836.5,1392.5,812.5,1110.5,1132.5,1529.5,1946.0,2088.0,2063.0,2125.5,1970.0,1410.5,853.0,1200.5,1210.0,1599.5,2246.5,2527.0,2529.5,2580.0,2220.0,1497.0,854.5,1190.0,1202.5,1609.5,2384.5,2801.5,2719.5,2898.0,2149.0,1451.5,785.0,1124.5,1175.5,1556.0,2528.5,2940.5,2978.0,3126.5,1885.5,1593.0,589.0,799.5,963.5,1134.0,1171.0,1260.0,1355.0,1368.5,2158.0,1445.5,784.5,1111.5,1161.0,1564.0,2556.0,3059.5,3047.5,3247.5,2153.0,1460.5,759.0,1119.0,1233.0,1641.5,2461.5,3009.0,3059.0,3243.0,2184.5,1425.0,746.5,1060.5,1209.5,1671.5,2437.5,3004.0,3037.5,3232.0,2135.5,1387.0,798.5,1144.0,1191.5,1730.0,2520.5,2907.0,2993.0,3097.0,2356.5,1614.0,821.5,1209.5,1300.0,1819.5,2500.5,2809.0,2931.0,3085.0,2535.0,1795.0,875.0,1228.0,1423.0,1976.0,2485.0,2736.0,2720.0,3060.0,2851.0,1977.0,1065.5,1375.5,1646.0,2116.5,2561.0,2738.0,2853.5,2995.0,2931.5,2142.5,971.5,1329.5,1697.5,2098.5,2467.0,2707.0,2815.5,2899.0,2954.0,2117.5,938.0,1318.0,1689.0,2010.0,2327.0,2503.5,2689.5,2772.0,2192.0,1610.5,671.0,971.5,1269.0,1552.5,1847.0,2025.0,2124.5,2156.0,1760.5,1423.0,490.0,666.0,868.5,1016.0,1109.0,1164.0,1253.0,1249.0,2214.0,1653.5,717.5,1000.0,1271.0,1549.5,1831.0,2001.5,2130.0,2119.5,2097.0,1588.0,782.0,994.0,1193.0,1439.5,1679.5,1814.0,1942.0,1918.5,1923.5,1486.5,585.0,792.0,940.0,1147.0,1342.0,1455.5,1605.5,1567.0,1818.5,1482.0,595.5,782.5,970.5,1119.5,1314.0,1426.5,1526.5,1516.5,1515.5,1198.0,456.5,595.0,764.0,919.0,1062.0,1128.5,1298.5,1268.5,0.0,0.0,0.0,0.0,0.0,0.0,0.0,0.0,0.0,0.0,1910.0,1592.5,567.0,790.0,981.5,1168.5,1193.5,1278.5,1367.5,1403.0,2057.0,1731.5,693.5,893.5,1067.5,1211.5,1281.5,1360.5,1467.5,1473.5,2159.5,1799.0,752.0,990.5,1170.5,1377.0,1462.5,1539.5,1628.5,1639.0,1980.0,1566.0,596.0,767.5,944.0,1100.0,1246.5,1250.0,1438.0,1440.0,1980.0,1566.0,596.0,767.5,944.0,1100.0,1246.5,1260.5,1438.0,1440.0,1910.0,1595.5,695.5,835.0,975.0,1148.0,1304.0,1422.0,1478.0,1468.5,2193.0,1853.0,793.5,993.0,1176.5,1344.0,1456.0,1570.5,1632.5,1603.5,"{""type"":""MultiPoint"",""coordinates"":[]}"
105_0,3,1790.5,1490.5,512.0,665.5,911.5,999.0,1044.0,1128.5,1251.0,1263.0,2378.5,2028.0,882.5,1183.5,1474.0,1592.5,1662.0,1755.0,1857.5,1827.5,2429.0,2061.0,851.5,1140.5,1435.5,1575.5,1616.0,1703.0,1802.5,1814.0,2393.5,2063.5,842.5,1106.0,1397.0,1530.5,1568.5,1658.5,1752.0,1761.5,272.0,240.0,604.5,875.0,891.5,1039.0,776.5,841.0,838.5,746.0,366.5,314.0,945.5,1150.5,1152.5,1280.0,954.5,997.5,974.5,760.5,686.5,510.5,541.0,793.5,685.5,1126.5,1472.5,1527.0,1446.0,1389.5,1334.5,833.5,375.0,750.5,406.5,1107.0,2606.5,2845.0,2917.0,2726.5,1563.5,783.5,200.5,573.0,184.5,1002.0,3557.5,4514.5,4549.5,4592.0,1802.0,963.0,240.5,605.0,489.0,1279.0,3092.0,3824.5,4173.0,4307.0,1956.0,1084.5,297.5,685.5,556.5,1309.0,2934.0,3674.0,3937.5,4032.0,2048.5,1707.0,548.0,776.5,1023.0,1146.0,1194.5,1281.0,1373.5,1407.5,1923.5,1068.0,301.5,723.5,483.0,1268.5,2936.5,3565.5,3810.5,3947.5,1728.5,906.5,234.0,652.0,411.5,1181.0,2885.5,3581.0,3781.0,3930.5,1664.5,901.5,279.0,645.5,372.5,1118.5,2913.5,3484.0,3604.5,3840.0,1896.5,1003.0,501.0,1019.5,589.5,1658.5,3386.0,3856.5,4048.0,4128.5,1925.0,1045.0,497.5,1092.0,724.5,1788.0,3249.0,3612.0,3995.5,3944.0,2054.0,1178.0,558.0,1215.0,1018.0,2153.0,3118.0,3403.0,3684.0,3808.0,2397.0,1391.5,822.5,1444.5,1417.0,2442.0,3182.5,3490.5,3837.0,3893.0,2684.0,1655.0,777.5,1468.5,1566.5,2589.5,3137.5,3438.5,3831.0,3853.0,3934.0,2692.0,1134.5,1575.0,2229.5,2707.5,3026.0,3364.0,3743.5,3791.5,3345.5,2363.5,974.5,1365.0,1986.0,2330.0,2485.0,2744.5,2926.0,3102.5,1883.5,1572.5,455.5,677.5,927.0,1023.0,1138.0,1172.5,1309.5,1295.0,2772.0,2155.5,870.5,1176.5,1619.0,1874.0,1967.5,2122.5,2269.5,2304.0,2565.5,2043.0,900.0,1146.5,1471.5,1690.5,1773.5,1858.5,2021.5,2046.0,2394.0,1948.0,730.5,941.0,1240.0,1411.0,1474.5,1603.5,1751.5,1771.0,2381.0,1912.0,790.5,987.0,1244.0,1416.5,1468.0,1525.0,1693.5,1727.5,2176.0,1578.0,596.5,765.5,1026.0,1190.5,1248.5,1317.5,1491.0,1519.5,0.0,0.0,0.0,0.0,0.0,0.0,0.0,0.0,0.0,0.0,1781.5,1424.5,452.5,663.0,890.5,961.5,1036.5,1094.5,1259.5,1188.0,1817.0,1520.5,588.5,719.0,874.0,965.0,1017.0,1085.5,1198.0,1178.0,2273.5,1925.5,691.5,904.5,1147.0,1255.0,1391.0,1446.0,1585.5,1556.0,2282.5,1917.5,687.5,882.5,1113.5,1231.0,1312.0,1428.5,1591.5,1560.5,2161.0,1779.0,704.0,836.0,1026.5,1150.5,1254.5,1363.0,1488.0,1481.0,2102.5,1782.0,611.5,827.0,1053.0,1180.0,1241.5,1369.5,1448.5,1474.5,2200.5,1899.0,730.5,966.0,1237.0,1346.5,1433.5,1495.0,1615.0,1597.0,"{""type"":""MultiPoint"",""coordinates"":[]}"
106_0,3,1728.0,1430.5,589.5,747.0,982.5,1089.0,1088.0,1183.0,1272.5,1275.5,2456.5,2095.5,1003.0,1310.0,1572.0,1708.5,1740.0,1808.0,1906.0,1889.5,2378.0,1997.0,854.0,1147.0,1427.0,1549.5,1574.5,1656.5,1751.0,1739.0,484.5,490.5,518.5,766.0,812.5,1080.0,873.0,911.0,927.0,840.5,476.0,436.5,622.5,904.0,911.5,1322.5,995.0,1136.5,938.5,969.0,293.0,253.0,583.5,851.0,837.0,1117.0,915.5,1073.5,972.5,827.5,576.5,356.5,435.0,657.5,558.5,971.5,1301.5,1447.0,1344.0,1297.0,1167.5,675.0,554.5,960.0,553.0,1355.5,2043.0,2199.0,2073.5,2076.5,1407.0,764.0,563.0,948.0,634.0,1483.0,2773.5,3286.5,3230.0,3267.0,1352.0,711.0,298.5,630.0,407.5,1121.0,2714.5,3278.5,3161.0,3285.5,1451.5,734.0,263.0,583.5,311.0,969.0,2901.5,3709.5,3652.5,3627.5,2058.5,1693.0,652.5,884.5,1130.0,1270.0,1309.0,1371.5,1427.0,1468.0,1582.0,773.5,247.5,598.0,277.5,1028.5,3203.0,3976.0,3999.5,4292.0,1638.5,779.5,237.5,683.5,288.5,1224.5,3648.5,4460.5,4696.5,4775.0,1727.0,848.0,339.0,785.0,436.5,1377.5,3650.0,4469.0,4596.5,4804.0,1991.5,1011.0,505.5,939.0,702.0,1782.0,3505.5,4067.5,4424.5,4514.5,2226.5,1251.5,568.5,1033.0,947.0,1925.0,3167.5,3670.5,4122.5,4161.5,2664.0,1633.0,706.0,1146.0,1416.0,2211.0,3106.0,3511.0,3863.0,4076.0,4406.5,2993.0,1104.5,1589.0,2281.5,2925.5,3266.0,3647.5,4097.5,4233.5,4489.0,3070.0,1164.0,1641.0,2467.0,2960.5,3271.5,3599.0,4073.0,4225.0,3959.0,2861.5,1060.0,1491.5,2138.5,2521.0,2723.5,3001.5,3238.0,3455.5,2504.5,1896.0,809.0,1110.5,1550.0,1723.5,1769.5,1945.5,2051.5,2069.5,1914.5,1583.0,544.5,765.5,1048.0,1165.5,1206.5,1260.5,1371.5,1363.5,2543.0,1945.5,875.0,1177.5,1618.5,1785.0,1842.0,2008.0,2147.0,2115.0,2443.0,1881.5,990.0,1243.5,1616.5,1754.0,1826.5,1939.5,2118.5,2076.0,2119.5,1715.5,726.0,915.0,1218.5,1329.0,1391.5,1479.5,1667.5,1623.0,1996.5,1605.5,586.0,775.0,1062.0,1197.5,1240.5,1340.0,1443.5,1498.5,965.5,659.5,338.5,446.5,598.0,648.5,692.5,750.5,836.0,797.5,0.0,0.0,0.0,0.0,0.0,0.0,0.0,0.0,0.0,0.0,1549.5,1169.5,472.5,636.5,841.0,920.0,973.5,1056.5,1130.0,1142.0,1949.0,1609.0,780.5,918.5,1053.5,1134.0,1186.5,1241.5,1423.0,1343.0,2286.5,1914.0,834.5,1077.0,1296.0,1411.0,1455.0,1543.5,1630.0,1626.5,2227.0,1852.5,832.5,997.5,1256.0,1344.0,1359.0,1421.5,1554.0,1559.0,2002.5,1632.5,654.0,804.0,1020.0,1097.5,1085.5,1145.5,1236.5,1292.0,1936.0,1633.5,595.5,797.0,1027.5,1125.5,1182.0,1258.5,1325.5,1356.5,2267.5,1976.5,767.0,994.5,1222.5,1361.0,1394.0,1489.0,1568.5,1577.5,"{""type"":""MultiPoint"",""coordinates"":[]}"
107_0,3,2165.5,1793.0,644.5,822.0,1125.5,1271.5,1280.5,1421.5,1511.5,1544.5,2591.5,2192.0,980.5,1312.0,1638.0,1790.0,1837.5,1914.5,2015.0,2017.0,2642.0,2204.5,948.5,1248.0,1609.5,1743.0,1802.0,1878.5,1974.5,2010.0,2501.0,2136.0,887.5,1165.0,1490.5,1624.5,1682.0,1763.5,1840.5,1863.5,210.0,196.0,658.5,928.5,939.0,1086.0,892.0,955.5,954.0,751.5,210.0,196.0,890.0,1149.0,1164.5,1259.5,946.5,1003.5,964.5,802.0,321.5,285.0,544.0,890.5,818.0,1144.5,943.5,1034.5,946.5,839.0,801.5,598.5,428.5,800.0,551.0,1152.0,1672.0,1790.0,1692.5,1583.5,1489.5,784.5,255.0,627.5,265.5,1017.0,3374.0,3968.5,4003.5,4008.5,1728.0,910.5,205.0,600.5,378.0,1190.0,3185.0,3971.0,4168.5,4353.0,1844.0,989.5,252.0,617.0,458.0,1227.5,2962.5,3709.0,3939.5,4169.0,2432.0,2088.5,710.0,943.5,1243.0,1400.5,1477.0,1584.0,1646.0,1686.0,1754.5,930.5,231.0,559.0,392.0,1139.0,2820.0,3503.5,3689.0,3944.5,1526.0,767.5,155.0,479.5,304.5,996.0,2784.5,3490.5,3660.0,3805.5,1465.5,751.0,219.5,532.0,256.0,947.5,2798.0,3388.0,3523.0,3667.5,1749.0,892.5,461.0,935.0,490.0,1555.5,3363.5,3862.5,4000.0,4099.0,1781.5,943.5,437.0,1015.0,611.0,1710.5,3135.5,3537.5,3874.0,3804.0,1890.0,1051.0,503.0,1139.0,897.0,2089.0,3000.0,3331.0,3497.0,3636.0,2194.5,1234.5,731.5,1424.0,1315.5,2461.5,3125.5,3419.5,3717.0,3808.5,2445.5,1525.0,791.0,1441.0,1530.0,2555.5,3030.0,3335.5,3730.0,3786.5,3643.5,2488.5,1072.5,1551.5,2072.0,2514.5,2804.0,3079.5,3527.0,3640.5,2146.5,1609.5,663.5,969.5,1388.0,1610.5,1685.5,1789.5,1916.0,1979.0,2291.5,1892.0,591.5,855.0,1175.0,1342.5,1382.5,1503.5,1614.0,1697.0,2278.5,1765.0,680.0,961.5,1363.5,1543.5,1609.0,1721.5,1909.0,1958.5,2371.5,1904.5,822.5,1069.0,1379.5,1544.0,1585.0,1701.0,1864.0,1905.0,2150.0,1772.5,648.0,839.5,1101.5,1279.0,1292.5,1407.0,1535.5,1552.5,2307.5,1849.5,743.0,914.5,1172.5,1366.0,1381.5,1497.0,1580.5,1644.5,1919.0,1497.5,521.5,677.5,892.0,1030.0,1113.0,1187.5,1344.0,1321.0,0.0,0.0,0.0,0.0,0.0,0.0,0.0,0.0,0.0,0.0,1824.5,1462.0,543.5,765.5,1015.0,1105.5,1218.5,1283.0,1420.0,1420.5,2126.0,1750.0,751.0,911.5,1109.0,1279.5,1298.0,1360.5,1474.0,1422.5,2544.5,2125.5,844.0,1092.0,1377.5,1566.5,1637.5,1676.0,1812.0,1853.0,2572.0,2135.5,875.5,1102.0,1392.0,1551.0,1621.5,1698.5,1829.0,1846.5,2429.5,1999.5,875.0,1061.5,1298.5,1455.5,1503.5,1590.0,1708.0,1751.5,2194.5,1838.5,722.0,884.0,1141.5,1305.0,1317.0,1389.0,1492.0,1503.0,2331.5,2008.0,786.0,1038.0,1318.5,1452.5,1537.5,1639.5,1725.5,1723.0,"{""type"":""MultiPoint"",""coordinates"":[]}"
108_0,3,1628.0,1357.5,578.0,709.0,897.5,998.5,1018.0,1090.5,1162.0,1176.5,2409.5,2117.0,1028.5,1291.0,1527.0,1643.5,1668.0,1725.0,1831.0,1817.5,2411.5,2120.0,914.5,1174.0,1412.0,1534.0,1574.5,1644.0,1726.0,1728.5,2489.0,2196.0,981.0,1253.0,1503.5,1629.5,1654.5,1734.0,1800.5,1815.5,292.0,250.0,765.0,1035.0,1037.0,1147.0,809.0,826.0,791.0,621.0,292.0,250.0,765.0,1035.0,1037.0,1147.0,809.0,844.0,791.0,665.0,317.0,239.0,588.0,870.0,894.0,1139.0,903.0,973.0,889.0,802.0,528.0,367.0,536.0,829.0,714.0,1266.0,1223.0,1328.0,1266.0,1089.0,559.0,435.0,473.0,750.0,669.0,1198.0,1549.0,1734.0,1602.0,1505.0,670.5,445.0,371.0,597.0,488.5,988.5,1459.5,1708.0,1561.5,1409.0,1062.0,626.0,322.0,546.0,374.5,994.5,2113.0,2517.0,2408.0,2338.5,1872.0,1608.0,697.5,853.5,1069.0,1162.0,1182.0,1264.0,1327.0,1338.0,1318.0,704.0,317.0,571.0,398.0,1006.0,2361.0,2932.0,2810.0,2808.0,1186.0,617.0,229.0,464.0,291.0,856.0,2279.0,2904.0,2663.0,2689.0,1177.0,607.0,229.0,467.0,271.0,835.0,2480.0,3031.0,3008.0,3093.0,1319.0,656.0,329.0,700.0,372.0,1123.0,2848.0,3378.0,3447.0,3466.0,1575.0,801.0,393.0,906.0,497.0,1505.0,3231.0,3672.0,3770.0,3833.0,1655.0,901.5,423.0,959.5,594.5,1631.0,2999.0,3332.0,3431.5,3504.0,1955.0,1078.0,723.0,1258.0,1157.0,2104.0,2845.0,3057.0,3239.0,3353.0,2241.5,1400.5,659.0,1206.5,1213.5,2111.0,2754.0,3007.0,3218.0,3325.5,2975.5,2040.5,891.0,1360.0,1702.5,2313.5,2716.5,2950.5,3250.5,3280.0,3015.0,2099.0,888.0,1206.0,1746.0,2147.0,2274.0,2481.0,2545.0,2723.0,1711.0,1441.0,491.0,706.0,922.0,1028.0,1069.0,1148.0,1194.0,1196.0,3353.0,2571.0,867.0,1228.0,1729.0,2077.0,2220.0,2431.0,2427.0,2650.0,3258.0,2464.5,870.5,1167.0,1609.5,1921.5,2037.0,2194.0,2342.5,2445.5,2950.5,2334.5,679.0,904.0,1244.5,1467.5,1585.5,1711.5,1860.0,1941.5,3106.0,2554.0,780.0,971.0,1297.0,1545.0,1647.0,1751.0,1902.0,2010.0,2536.0,1615.0,550.0,700.0,957.0,1135.0,1291.0,1377.0,1556.0,1582.0,992.0,831.0,887.0,807.0,808.0,871.0,973.0,973.0,1050.0,1023.0,1615.0,1338.0,508.0,685.0,846.0,962.0,980.0,1034.0,1108.0,1126.0,1804.0,1548.0,646.0,791.0,965.0,1056.0,1091.0,1128.0,1220.0,1204.0,2160.0,1916.0,745.0,953.0,1187.0,1292.0,1362.0,1392.0,1463.0,1473.0,2353.0,2090.0,939.0,1131.0,1353.0,1449.0,1487.0,1566.0,1684.0,1678.0,1795.0,1537.0,549.0,674.0,871.0,973.0,972.0,1018.0,1092.0,1106.0,1877.0,1628.0,694.0,828.0,999.0,1104.0,1144.0,1211.0,1268.0,1268.0,2151.5,1913.0,801.0,999.0,1210.0,1313.0,1350.0,1428.5,1526.0,1517.5,"{""type"":""MultiPoint"",""coordinates"":[]}"
109_0,3,2197.5,1768.5,709.5,872.0,1140.5,1283.0,1265.0,1444.0,1517.0,1574.0,2078.5,1729.0,742.5,952.0,1190.5,1320.0,1518.5,1582.5,1631.5,1700.5,2251.0,1912.0,876.0,1154.0,1356.0,1527.5,1716.5,1716.0,1799.5,1845.5,2379.5,2027.0,992.5,1281.0,1490.5,1674.5,1870.0,2057.5,2020.0,2042.5,1671.0,1454.0,920.0,1165.0,1357.0,1625.0,1752.0,1837.0,1736.0,1741.0,1079.0,918.0,858.0,1130.0,1237.0,1437.0,1555.0,1709.0,1613.0,1553.0,1063.0,829.0,681.0,964.0,971.0,1372.0,1555.0,1649.0,1619.0,1586.0,1315.0,926.0,681.0,961.0,879.0,1273.0,1765.0,1944.0,1840.0,1803.0,1680.0,1010.0,633.0,961.0,784.0,1273.0,2531.0,2877.0,2902.0,2989.0,2034.0,1293.0,647.5,1019.5,959.5,1589.0,2870.5,3331.0,3327.0,3515.0,1916.0,1170.0,452.0,750.5,726.5,1298.5,2862.0,3685.5,3914.0,3895.5,2322.0,1974.0,777.0,972.0,1215.0,1374.0,1427.0,1546.0,1656.0,1616.0,1939.0,1202.0,544.0,801.0,756.0,1321.0,2910.0,3749.0,3850.0,4002.0,1970.0,1179.0,499.0,831.0,783.0,1362.0,2976.0,3749.0,3983.0,4084.0,1996.0,1240.0,502.0,898.0,839.0,1506.0,3129.0,3894.0,4040.0,4220.0,2135.0,1307.0,631.0,1100.0,1067.0,1839.0,3186.0,3733.0,3950.0,4000.0,2172.0,1360.0,713.5,1157.5,1176.5,1970.5,3061.5,3495.5,3883.5,3887.0,2336.0,1540.0,733.0,1189.5,1353.5,2053.5,2863.0,3241.5,3421.0,3491.0,2646.0,1715.5,989.5,1416.0,1626.5,2332.0,3016.5,3336.0,3535.0,3558.0,3665.5,2562.0,1207.0,1654.0,2281.0,2741.0,3015.5,3413.0,3715.5,3678.0,3429.5,2457.0,1221.0,1685.5,2340.0,2622.0,2908.5,3150.5,3526.0,3457.0,3285.0,2322.0,1172.0,1629.0,2274.0,2676.0,2919.0,3051.0,3278.0,3566.0,2366.0,1955.0,734.5,930.5,1194.5,1351.5,1346.0,1451.5,1593.0,1642.5,3264.0,2319.5,1093.0,1520.0,2129.0,2491.0,2643.0,2893.5,2939.5,3105.0,3012.5,2148.5,1095.5,1432.5,1906.0,2229.0,2393.5,2544.5,2703.0,2724.5,2760.0,2167.0,809.0,1053.5,1369.5,1564.5,1669.5,1825.0,1945.0,2003.5,2793.5,2220.0,811.0,1011.5,1332.5,1519.0,1637.5,1755.0,1852.0,1998.5,1625.0,1333.0,507.0,636.0,850.0,950.0,1010.0,1116.0,1158.0,1178.0,0.0,0.0,0.0,0.0,0.0,0.0,0.0,0.0,0.0,0.0,2239.0,1934.0,738.0,934.0,1179.0,1282.0,1321.0,1378.0,1510.0,1512.0,2317.0,1992.0,767.0,917.0,1117.0,1232.0,1212.0,1304.0,1405.0,1469.0,2327.0,1996.5,814.5,1023.5,1255.5,1412.0,1422.5,1521.5,1624.5,1653.5,2363.0,1919.0,713.0,867.0,1106.0,1240.0,1261.0,1318.0,1472.0,1550.0,2470.5,2039.5,822.0,965.0,1176.5,1327.0,1441.0,1504.0,1658.0,1678.5,2516.0,2128.0,931.0,1063.0,1266.0,1414.0,1649.0,1759.0,1844.0,1883.0,2134.0,1782.0,744.0,963.0,1167.0,1306.0,1465.0,1583.0,1647.0,1733.0,"{""type"":""MultiPoint"",""coordinates"":[]}"
110_0,3,1996.0,1687.0,569.0,746.0,995.0,1138.5,1170.0,1254.5,1325.0,1357.0,2595.5,2210.5,1000.0,1324.0,1636.5,1768.0,1797.0,1885.0,1979.0,1980.5,2614.5,2215.0,953.0,1244.5,1572.5,1705.5,1688.0,1764.5,1898.0,1893.5,2548.5,2217.0,924.0,1210.5,1507.0,1660.5,1643.5,1731.5,1811.5,1841.0,253.5,223.5,477.5,750.0,765.0,1021.5,825.0,904.5,855.0,761.0,237.5,211.0,608.0,857.5,956.5,1153.0,950.5,1043.0,1002.5,893.5,436.5,356.0,584.5,829.0,838.5,1153.0,1124.5,1193.0,1133.5,1065.0,1286.0,846.0,499.0,824.0,550.0,1123.0,2238.5,2347.5,2222.5,2253.5,1569.0,846.0,368.0,730.5,392.0,1128.0,3022.0,3505.0,3541.0,3495.5,1735.5,928.0,315.0,742.5,442.5,1284.5,3092.0,3700.5,3748.0,3806.0,1659.0,844.5,280.5,705.5,389.0,1230.0,3115.5,3725.5,3810.5,3921.5,2272.0,1933.0,638.0,843.0,1123.5,1312.0,1318.5,1429.0,1474.5,1542.0,1627.0,820.5,224.5,644.0,330.5,1178.5,3176.5,3917.5,4043.5,4128.5,1532.0,756.0,216.0,612.0,308.5,1090.5,3232.0,3964.0,4123.0,4221.0,1537.0,762.0,272.5,648.5,344.5,1091.5,3439.0,4197.5,4378.5,4467.0,1821.5,932.0,431.5,892.5,504.5,1494.0,3646.0,4348.0,4545.0,4603.5,1823.0,939.0,427.0,945.5,592.5,1618.0,3465.0,4005.5,4344.5,4353.0,1962.0,1086.0,472.0,1050.0,829.0,1905.0,3309.0,3650.0,3952.0,3924.0,2257.0,1300.0,787.0,1354.5,1434.0,2367.0,3262.5,3567.5,3908.5,3976.0,2662.5,1630.0,869.5,1414.5,1642.0,2461.0,3015.0,3262.5,3692.0,3743.0,3788.0,2595.0,1036.0,1473.0,2024.5,2533.5,2794.0,3053.0,3460.5,3537.0,2326.5,1718.0,672.5,959.5,1370.0,1595.5,1659.0,1796.5,1900.0,1994.0,2142.5,1803.0,533.0,772.0,1014.0,1183.0,1220.0,1308.0,1387.5,1413.0,2471.5,1894.5,723.5,1011.5,1435.5,1611.5,1642.5,1825.0,1961.5,2008.0,2659.0,2079.0,942.5,1181.0,1539.5,1729.0,1807.5,1915.5,2059.5,2113.5,2384.5,1929.5,683.5,867.0,1155.5,1319.0,1340.5,1477.5,1576.5,1643.0,2522.5,1954.5,719.0,919.5,1218.5,1374.5,1410.0,1554.0,1617.0,1713.0,2179.0,1541.5,566.5,734.0,1023.5,1164.0,1211.0,1322.0,1493.5,1466.5,0.0,0.0,0.0,0.0,0.0,0.0,0.0,0.0,0.0,0.0,1766.5,1431.0,493.0,691.5,884.0,1019.5,1050.0,1079.5,1204.5,1201.0,2022.0,1740.5,627.5,769.5,963.0,1087.0,1155.0,1192.5,1252.0,1252.0,2402.0,2058.5,766.5,991.5,1232.5,1352.0,1384.0,1486.5,1566.0,1575.0,2394.0,2035.0,775.5,972.5,1235.0,1357.5,1336.0,1437.5,1531.0,1553.5,2120.0,1787.5,665.0,813.0,1029.5,1152.0,1141.5,1235.5,1299.0,1349.5,1973.5,1698.5,586.5,789.5,1012.5,1091.0,1148.0,1217.0,1315.0,1324.5,2349.5,2004.5,848.0,1135.5,1419.5,1547.0,1569.5,1640.0,1750.5,1743.0,"{""type"":""MultiPoint"",""coordinates"":[]}"
111_0,3,977.5,813.0,308.5,391.5,475.0,524.0,541.0,581.5,638.5,640.0,1828.0,1573.5,728.0,937.5,1082.5,1162.0,1205.0,1263.0,1332.5,1332.5,1985.5,1711.5,774.5,1007.0,1158.5,1263.5,1291.0,1366.0,1414.0,1418.5,2400.0,2091.0,1104.5,1377.5,1551.0,1678.0,1695.5,1756.5,1811.5,1842.0,2580.0,2237.0,1295.0,1530.0,1744.0,1844.0,1904.0,1960.0,2005.0,2031.0,2419.0,2065.0,1116.0,1344.0,1508.0,1688.0,1750.0,1789.0,1777.0,1887.0,1005.0,919.0,1110.0,1344.0,1448.0,1688.0,1463.0,1536.0,1351.0,1488.0,374.0,356.0,874.0,1107.0,1130.0,1269.0,866.0,953.0,868.0,703.0,345.0,289.0,691.0,1009.0,1001.0,1277.0,865.0,934.0,806.0,744.0,331.5,267.5,637.0,1014.5,996.0,1273.5,829.5,918.5,778.0,679.5,372.5,269.5,467.0,778.5,693.0,986.0,743.5,866.0,713.0,603.0,1192.0,1007.0,425.0,539.0,655.0,696.0,719.0,771.0,863.0,834.0,960.0,559.0,361.0,649.0,463.0,914.0,1738.0,2037.0,1805.0,1980.0,1066.0,584.0,184.0,407.0,243.0,747.0,1874.0,2407.0,2112.0,2156.0,1161.0,593.0,184.0,385.0,218.0,684.0,2232.0,2899.0,2715.0,2969.0,1403.0,717.0,347.0,593.0,333.0,959.0,2605.0,3453.0,3212.0,3257.0,1401.0,717.0,347.0,661.0,421.0,1183.0,2599.0,3084.0,3091.0,3103.0,1441.0,802.5,382.5,776.0,585.0,1424.0,2485.0,2812.0,2858.5,3043.5,1795.0,1117.0,783.0,1195.0,1234.0,1871.0,2619.0,2913.0,3004.0,3130.0,2395.0,1589.5,743.5,1160.5,1428.5,2067.5,2612.0,2932.5,3150.0,3216.0,2675.0,1774.0,747.0,1250.5,1693.5,2287.0,2662.5,2943.0,3277.0,3314.0,3769.0,2684.0,1111.0,1593.0,2272.0,2792.0,2929.0,3173.0,3241.0,3467.0,1282.0,1103.0,521.0,610.0,706.0,747.0,756.0,810.0,884.0,890.0,3662.0,2684.0,1060.0,1481.0,2051.0,2424.0,2609.0,2746.0,2890.0,3098.0,3500.5,2606.0,1133.0,1463.5,1963.0,2284.5,2447.0,2618.5,2793.5,2875.5,3083.5,2427.5,882.5,1125.5,1492.5,1735.0,1818.5,1957.5,2108.5,2214.5,3210.0,2588.0,955.0,1148.0,1504.0,1767.0,1845.0,1993.0,2109.0,2244.0,2581.0,1641.0,774.0,982.0,1304.0,1481.0,1600.0,1729.0,1925.0,1922.0,887.0,694.0,761.0,721.0,732.0,819.0,890.0,940.0,987.0,952.0,2055.0,1796.0,731.0,963.0,1163.0,1266.0,1294.0,1360.0,1464.0,1451.0,1759.0,1481.0,757.0,893.0,1015.0,1106.0,1100.0,1140.0,1274.0,1187.0,2235.0,1971.0,858.0,1132.0,1326.0,1419.0,1462.0,1529.0,1600.0,1611.0,2416.0,2169.0,1005.0,1271.0,1462.0,1561.0,1608.0,1658.0,1820.0,1734.0,1570.0,1233.0,642.5,790.5,938.5,1013.5,1026.0,1029.5,1155.0,989.5,1648.0,1407.0,646.0,802.0,923.0,1008.0,1027.0,1085.0,1153.0,1145.0,1702.0,1471.0,662.0,842.5,967.0,1049.5,1073.5,1132.0,1206.5,1168.0,"{""type"":""MultiPoint"",""coordinates"":[]}"
112_0,3,1732.0,1435.0,577.5,737.5,965.5,1079.0,1131.0,1184.0,1275.5,1295.5,2470.0,2109.0,1049.0,1343.0,1630.5,1743.5,1773.0,1832.5,1942.0,1912.0,2369.0,1986.5,874.0,1163.0,1444.0,1627.0,1600.0,1652.0,1748.0,1729.5,582.5,557.5,677.0,936.0,1049.5,1306.5,1167.0,1229.0,1180.0,1130.0,434.5,385.5,784.0,983.0,1011.0,1277.0,1119.0,1142.0,1096.0,1003.0,538.5,387.0,644.0,983.0,975.5,1277.0,1273.0,1386.0,1255.5,1248.5,792.5,519.5,501.0,815.0,660.0,1187.5,1504.0,1642.0,1544.0,1510.5,1184.0,737.0,363.0,701.0,433.0,1062.0,2461.0,2695.5,2723.0,2570.5,1432.0,754.5,272.0,632.0,381.0,1122.0,2965.5,3652.5,3682.0,3756.0,1574.0,859.0,270.5,639.5,462.5,1199.0,2852.5,3555.5,3629.0,3847.0,1715.0,938.0,275.0,600.5,465.0,1103.5,2844.5,3673.0,3868.0,3925.5,2021.5,1687.0,639.5,866.5,1122.0,1268.0,1267.0,1377.5,1423.0,1469.5,1887.0,1006.5,301.0,642.5,463.0,1148.5,3078.5,3878.0,4162.0,4335.5,1852.5,982.0,327.0,820.0,506.0,1475.0,3471.5,4207.0,4348.0,4538.0,1920.5,1027.0,412.5,911.5,613.0,1570.5,3399.0,3967.0,4147.5,4343.0,2106.5,1157.5,586.0,1050.5,912.5,1930.5,3240.0,3739.5,3912.0,4103.0,2296.0,1315.0,621.5,1103.5,1133.0,2027.0,2968.0,3364.0,3819.0,3819.0,2639.0,1596.0,698.0,1160.0,1424.0,2132.0,2899.0,3252.0,3546.0,3729.0,4069.0,2774.5,1103.5,1598.5,2283.0,2787.5,3050.5,3344.0,3782.0,3932.5,4319.0,2884.0,1124.0,1591.5,2354.0,2904.5,3157.0,3503.0,3782.0,4039.5,4130.5,2830.5,1108.5,1597.5,2340.5,2772.0,3134.5,3345.5,3444.5,3911.0,2611.5,2052.0,858.0,1148.0,1599.5,1844.0,1902.0,1997.5,2058.0,2233.0,1879.0,1582.5,545.0,763.5,1032.0,1137.5,1194.0,1252.5,1344.0,1363.5,2500.5,1945.0,849.0,1141.5,1557.0,1823.5,1856.5,1952.0,2042.5,2169.5,2447.5,1876.0,979.0,1203.5,1567.5,1812.5,1820.0,1908.5,2001.5,2091.5,2130.0,1677.0,730.0,918.0,1222.5,1386.5,1441.5,1511.0,1636.5,1661.0,1839.0,1537.0,576.5,727.5,986.0,1098.0,1157.5,1191.0,1277.5,1293.0,806.5,541.0,288.0,397.0,552.5,615.0,638.0,684.0,748.5,750.0,0.0,0.0,0.0,0.0,0.0,0.0,0.0,0.0,0.0,0.0,1557.5,1188.0,479.0,642.5,854.5,978.0,987.5,1078.0,1161.0,1171.0,1801.0,1511.5,674.0,809.5,968.0,1057.0,1081.5,1171.5,1255.0,1228.0,2081.5,1735.0,741.5,979.0,1193.0,1291.5,1318.5,1404.0,1503.0,1493.0,1985.5,1663.5,646.5,788.5,1026.5,1117.5,1067.5,1150.5,1270.0,1267.5,1985.5,1663.5,646.5,788.5,1026.5,1117.5,1067.5,1150.5,1270.0,1267.5,1989.0,1669.5,631.5,848.5,1090.5,1185.5,1229.0,1310.5,1395.0,1397.0,2266.5,1961.0,766.0,990.5,1224.5,1379.0,1393.0,1493.0,1574.5,1556.5,"{""type"":""MultiPoint"",""coordinates"":[]}"
113_0,3,2007.5,1657.5,607.0,778.0,1048.5,1198.0,1237.0,1357.5,1430.5,1470.5,2430.0,2119.5,972.5,1270.0,1543.5,1671.5,1695.0,1768.5,1879.5,1856.0,2496.0,2144.0,979.0,1257.0,1546.5,1680.0,1707.5,1801.0,1903.0,1902.5,2460.0,2124.0,977.0,1244.5,1518.0,1650.0,1679.5,1762.5,1838.5,1863.5,224.0,163.5,693.5,925.5,993.0,1115.0,897.5,973.5,964.5,794.5,327.0,253.0,693.5,925.5,993.0,1130.5,1068.0,1176.0,1133.0,1044.0,443.5,305.0,614.0,853.5,835.0,1179.5,1415.5,1488.5,1511.0,1367.5,829.0,600.0,558.0,823.0,766.5,1229.0,1808.5,2013.0,1821.0,1827.5,1294.0,792.5,380.0,696.5,476.0,1184.5,2776.0,3253.0,3245.5,3264.0,1570.0,831.5,281.5,613.5,392.5,1144.0,3030.5,3713.0,3777.5,3748.0,1534.5,757.5,175.0,422.5,233.0,791.5,2964.0,4037.5,4182.0,4166.5,2276.5,1901.5,667.0,898.0,1192.0,1355.5,1407.0,1498.5,1568.5,1629.0,1539.5,762.5,184.5,431.0,222.0,832.0,3064.5,4205.0,4290.5,4359.0,1596.5,765.0,180.5,505.5,258.5,981.5,3366.0,4371.0,4622.5,4620.0,1670.5,814.5,342.5,789.5,478.0,1411.5,3492.5,4398.0,4536.5,4682.5,1788.5,970.5,535.0,1017.0,788.5,1832.0,3406.0,3900.5,4161.0,4234.0,1952.5,1117.0,585.5,1108.0,992.5,1931.5,3157.0,3582.0,3981.0,3990.5,2541.0,1592.0,741.0,1225.0,1501.0,2237.0,3004.0,3325.0,3706.0,3782.0,3525.0,2310.5,1118.5,1541.0,2023.5,2644.5,3191.5,3532.0,3897.0,3990.0,4241.0,2892.0,1102.5,1591.5,2308.0,2804.0,3050.0,3374.0,3855.0,3879.5,3922.5,2724.0,1090.0,1564.5,2322.0,2630.5,2905.0,3167.0,3591.0,3614.0,2355.0,1832.0,727.0,1002.5,1395.5,1663.0,1680.0,1803.5,1840.5,1960.0,2062.0,1719.0,574.0,785.0,1061.0,1204.0,1242.0,1320.0,1474.0,1476.0,2431.5,1904.0,789.5,1060.0,1452.0,1674.0,1724.5,1853.0,1925.0,2017.0,2369.0,1852.0,887.0,1111.0,1444.5,1626.0,1705.0,1820.5,1906.0,1974.5,2138.0,1713.5,696.0,884.0,1162.0,1324.5,1373.0,1463.5,1587.0,1616.5,2285.0,1816.0,790.5,965.5,1238.5,1418.0,1442.5,1554.5,1655.5,1710.5,1823.0,1415.0,541.0,682.5,939.0,1069.0,1131.5,1202.5,1322.0,1337.0,0.0,0.0,0.0,0.0,0.0,0.0,0.0,0.0,0.0,0.0,1694.5,1333.0,503.0,671.5,891.5,1007.0,1056.0,1110.0,1231.0,1221.5,1910.0,1606.5,691.0,800.5,985.5,1101.5,1114.0,1195.0,1289.5,1301.5,2451.5,2087.5,877.0,1104.5,1364.0,1491.5,1546.5,1609.0,1729.0,1725.5,2365.0,1982.0,850.5,1063.0,1295.0,1400.0,1411.0,1493.5,1649.0,1640.0,2069.0,1664.5,771.5,892.5,1086.5,1174.5,1149.5,1229.0,1395.5,1338.5,2151.0,1886.5,732.0,924.0,1160.5,1267.5,1338.5,1411.5,1527.5,1500.5,2151.0,1886.5,694.0,925.0,1160.5,1267.5,1338.5,1411.5,1525.0,1482.5,"{""type"":""MultiPoint"",""coordinates"":[]}"
114_0,3,1996.0,1575.5,631.5,785.5,1047.0,1183.5,1242.0,1365.0,1437.5,1499.0,2354.0,1949.5,731.0,987.5,1260.0,1402.5,1459.5,1552.0,1646.0,1699.5,2722.5,2318.0,943.5,1266.5,1587.0,1760.5,1766.0,1865.0,1916.5,1981.5,3011.5,2557.5,1147.5,1468.5,1826.5,1998.5,2010.0,2120.5,2181.5,2242.0,946.0,828.0,968.0,1236.0,1243.0,1386.0,1116.0,1267.0,1121.0,1230.0,565.0,440.0,968.0,1236.0,1243.0,1386.0,1084.0,1109.0,1118.0,922.0,542.0,448.0,571.0,897.0,819.0,1137.0,964.0,1083.0,1074.0,901.0,876.0,670.0,538.0,844.0,681.0,1140.0,1479.0,1637.0,1537.0,1417.0,1734.0,935.0,308.0,659.0,334.0,992.0,2714.0,3575.0,3252.0,3238.0,1935.0,971.5,235.5,596.0,238.5,931.5,3394.0,4594.5,4596.5,4622.5,1705.0,818.0,90.5,326.5,127.0,649.5,3169.0,4673.0,4769.5,4969.5,2193.0,1780.0,704.0,888.0,1135.0,1278.0,1352.0,1459.0,1541.0,1574.0,1671.0,787.0,142.0,351.0,166.0,634.0,3121.0,4895.0,4897.0,5010.0,1671.0,803.0,70.0,359.0,152.0,742.0,3415.0,5047.0,5160.0,5269.0,1697.0,858.0,289.0,736.0,389.0,1339.0,3757.0,5065.0,5160.0,5325.0,1996.0,1012.0,519.0,1020.0,743.0,1839.0,3975.0,4928.0,4941.0,5097.0,2086.5,1192.0,548.5,1090.5,892.5,2027.5,3885.5,4505.5,4711.0,4821.5,3025.0,1959.5,938.5,1664.5,1950.0,3146.5,4222.5,4553.0,4797.0,5138.0,3832.5,2617.0,1348.5,2074.5,2898.0,3737.5,4325.0,4719.0,5023.5,5214.5,4576.0,3214.5,1491.5,2105.0,3013.0,3776.0,4000.5,4345.5,4552.5,4800.5,4206.0,2976.0,1387.0,1937.0,2778.0,3386.0,3528.0,3629.0,3896.0,4077.0,4275.5,3021.5,1434.5,1960.0,2813.0,3443.5,3411.5,3516.0,3712.0,4074.5,2200.0,1770.5,666.0,867.5,1128.5,1282.0,1334.5,1438.5,1561.5,1613.0,3843.0,2722.5,1188.0,1626.0,2278.5,2618.5,2763.0,2942.0,3122.0,3238.0,3547.0,2617.5,1109.0,1438.0,1962.5,2256.0,2402.0,2619.0,2702.0,2817.5,3274.5,2597.0,870.0,1115.0,1463.5,1660.5,1784.0,1903.0,2060.5,2137.5,3305.0,2659.5,917.5,1117.0,1491.0,1669.5,1773.0,1878.0,2086.0,2132.0,1920.0,1169.0,543.0,708.0,974.0,1087.0,1224.0,1342.0,1386.0,1398.0,0.0,0.0,0.0,0.0,0.0,0.0,0.0,0.0,0.0,0.0,2014.0,1615.0,628.0,837.0,1044.0,1177.0,1219.0,1300.0,1415.0,1432.0,2131.0,1762.0,712.0,855.0,1046.0,1160.0,1210.0,1286.0,1395.0,1394.0,2462.0,2064.0,814.0,1036.0,1265.0,1424.0,1466.0,1546.0,1681.0,1696.0,2551.0,2217.0,1041.0,1210.0,1444.0,1582.0,1718.0,1813.0,1917.0,2019.0,2054.0,1650.5,653.0,804.0,995.5,1131.0,1190.0,1259.5,1345.5,1390.5,2433.0,2041.0,852.0,1028.0,1218.0,1376.0,1532.0,1636.0,1713.0,1789.0,2327.0,1890.5,843.0,1051.0,1218.5,1393.5,1704.0,1806.5,1866.0,1941.0,"{""type"":""MultiPoint"",""coordinates"":[]}"
115_0,3,1615.5,1328.0,538.5,650.0,859.0,956.5,982.5,1054.0,1158.5,1156.5,2204.0,1938.0,857.5,1122.5,1345.0,1470.5,1493.5,1562.5,1659.0,1651.0,2271.5,2017.5,897.5,1148.0,1356.5,1471.5,1512.5,1583.5,1647.0,1658.5,2338.0,2105.0,959.0,1190.5,1416.0,1537.5,1569.5,1648.0,1705.5,1708.0,320.0,302.0,860.0,1231.0,1197.0,1427.0,1071.0,1042.0,1012.0,809.0,320.0,302.0,944.0,1247.0,1363.0,1427.0,1223.0,1327.0,1133.0,1173.0,347.0,311.0,691.0,1018.0,922.0,1386.0,1223.0,1327.0,1250.0,1173.0,612.0,434.0,542.0,894.0,761.0,1445.0,1631.0,1738.0,1586.0,1517.0,825.0,597.0,453.0,759.0,578.0,1215.0,1873.0,2114.0,1952.0,1833.0,937.0,606.5,280.5,536.5,317.0,911.0,2059.5,2405.0,2293.0,2088.0,1317.0,669.5,167.5,462.5,219.5,837.5,2658.5,3451.0,3444.0,3462.0,1822.0,1529.0,634.0,776.0,988.0,1097.0,1113.0,1200.0,1252.0,1297.0,1363.0,689.0,193.0,429.0,206.0,804.0,2533.0,3456.0,3384.0,3445.0,1300.0,588.0,91.0,320.0,135.0,615.0,2601.0,3628.0,3714.0,3671.0,1277.0,588.0,91.0,336.0,108.0,629.0,2861.0,4018.0,4052.0,4123.0,1612.0,775.0,341.0,705.0,334.0,1123.0,3556.0,4500.0,4641.0,4730.0,1690.0,831.5,376.5,866.5,411.0,1370.0,3638.5,4485.5,4788.0,4644.5,1706.0,884.0,391.0,931.5,502.5,1594.5,3490.5,3967.0,4148.0,4210.0,1974.0,1026.0,774.0,1389.0,1087.0,2243.0,3459.0,3881.0,4107.0,4132.0,2425.0,1448.0,832.0,1434.0,1511.5,2449.0,3555.5,3887.0,4256.5,4224.0,3591.0,2512.0,1029.5,1464.0,2024.5,2418.0,2749.0,2953.5,3300.0,3341.0,3434.0,2464.0,1155.0,1595.0,2266.0,2571.0,2692.0,2874.0,2985.0,3073.0,1695.0,1389.0,435.0,636.0,864.0,970.0,1014.0,1074.0,1199.0,1202.0,3317.0,2443.0,881.0,1270.0,1772.0,2198.0,2288.0,2471.0,2534.0,2734.0,3152.5,2363.0,959.0,1211.5,1592.5,1903.0,1995.5,2168.0,2308.5,2414.0,2823.5,2230.0,681.5,900.0,1214.5,1414.0,1543.5,1670.5,1807.0,1880.0,3009.0,2376.0,749.0,928.0,1248.0,1472.0,1590.0,1686.0,1802.0,1927.0,2396.0,1542.0,591.0,742.0,1021.0,1184.0,1255.0,1401.0,1578.0,1562.0,0.0,0.0,0.0,0.0,0.0,0.0,0.0,0.0,0.0,0.0,1579.0,1246.0,493.0,681.0,865.0,948.0,1028.0,1042.0,1163.0,1131.0,1842.0,1549.0,703.0,835.0,1002.0,1094.0,1140.0,1199.0,1297.0,1307.0,2335.0,1955.0,823.0,1075.0,1313.0,1441.0,1505.0,1591.0,1673.0,1680.0,2477.0,2113.0,1014.0,1217.0,1449.0,1550.0,1618.0,1718.0,1851.0,1798.0,1863.0,1577.0,568.0,725.0,945.0,1030.0,1085.0,1105.0,1210.0,1225.0,1987.0,1689.0,739.0,876.0,1071.0,1140.0,1174.0,1255.0,1349.0,1352.0,2035.0,1751.0,773.5,965.5,1161.5,1244.5,1299.5,1364.5,1462.0,1438.0,"{""type"":""MultiPoint"",""coordinates"":[]}"
116_0,3,1999.0,1668.5,602.5,764.5,1018.0,1159.5,1182.5,1265.5,1366.5,1384.5,2519.5,2178.0,933.5,1246.5,1553.0,1683.5,1722.5,1798.5,1909.0,1903.0,2512.5,2150.5,890.0,1166.5,1490.5,1604.5,1618.5,1690.5,1803.0,1812.5,2452.5,2139.5,882.5,1141.0,1439.5,1569.5,1569.5,1643.0,1733.5,1759.0,332.5,286.0,844.5,1053.5,1118.0,1222.0,986.0,1033.0,1020.0,838.5,375.5,286.0,634.0,908.0,933.0,1157.5,986.0,1045.0,964.0,855.0,884.5,709.5,507.0,899.0,657.5,1356.0,1642.0,1738.0,1616.5,1516.5,1749.5,1019.0,406.0,877.0,441.0,1322.5,3288.0,3663.0,3654.0,3575.5,1841.5,973.0,271.5,709.0,307.5,1197.5,3594.0,4351.0,4396.5,4462.0,1957.0,998.0,303.5,744.5,371.0,1316.5,3629.5,4481.0,4571.5,4706.0,1852.0,929.5,275.5,732.0,359.0,1303.5,3691.5,4613.0,4720.5,4813.0,2318.0,1960.5,671.5,875.0,1187.5,1354.0,1404.5,1415.0,1562.0,1607.5,1796.5,899.0,238.5,707.0,351.5,1268.0,3672.0,4621.0,4774.0,4888.5,1647.0,842.5,236.5,666.0,361.5,1244.5,3535.0,4533.5,4765.0,4838.5,1687.5,861.0,300.5,675.5,391.5,1257.0,3614.5,4520.0,4686.5,4866.0,2001.5,1039.0,497.0,996.5,620.5,1773.0,3914.0,4587.5,4798.5,4871.0,2050.0,1115.0,512.0,1072.5,759.0,1889.5,3692.0,4227.0,4577.5,4525.5,2219.0,1305.0,582.0,1248.0,1117.0,2344.0,3527.0,3843.0,4162.0,4269.0,2546.5,1519.5,889.5,1566.5,1629.5,2724.5,3531.0,3828.0,4210.5,4293.5,2944.5,1852.0,951.0,1570.0,1882.0,2816.0,3290.0,3577.0,3908.5,4001.5,4039.5,2833.5,1186.5,1655.5,2471.0,2919.5,3174.5,3383.0,3855.5,3875.0,2749.5,2136.0,952.5,1288.5,1775.5,2031.0,2063.5,2242.0,2329.5,2447.5,2149.5,1825.5,556.5,808.5,1091.0,1216.0,1283.5,1353.5,1457.5,1462.0,2588.0,2000.5,894.5,1219.0,1657.0,1877.5,1961.0,2044.5,2233.0,2240.0,2697.5,2151.0,991.0,1272.0,1648.5,1811.0,1917.0,2020.0,2181.0,2193.0,2472.5,2024.0,775.5,995.0,1327.0,1500.5,1564.0,1644.0,1776.5,1806.0,2665.0,2180.0,860.0,1057.5,1396.0,1596.0,1612.5,1703.5,1828.0,1896.0,2215.0,1524.5,630.0,805.5,1127.5,1236.0,1357.0,1378.0,1596.5,1598.0,0.0,0.0,0.0,0.0,0.0,0.0,0.0,0.0,0.0,0.0,1970.0,1642.5,567.5,772.0,1001.5,1124.5,1176.0,1257.0,1331.0,1349.0,2074.0,1803.5,645.0,771.5,972.0,1083.0,1132.0,1197.5,1268.5,1304.0,2473.0,2171.0,769.5,988.5,1247.0,1390.0,1442.0,1496.5,1622.5,1657.5,2492.0,2117.0,781.0,969.5,1258.0,1375.0,1379.0,1467.0,1610.5,1611.5,2230.0,1850.5,802.0,892.5,1124.0,1224.0,1218.5,1306.5,1431.5,1451.0,2087.5,1802.0,598.0,815.5,1070.0,1180.5,1199.5,1273.0,1391.5,1374.0,2302.5,1988.0,786.5,1080.0,1357.0,1454.0,1493.5,1555.5,1697.5,1681.5,"{""type"":""MultiPoint"",""coordinates"":[]}"
117_0,3,1713.0,1442.5,468.0,594.5,819.5,926.5,966.5,1019.0,1136.5,1171.0,2237.0,1963.5,833.5,1091.0,1360.5,1483.5,1511.0,1570.5,1674.0,1677.5,2345.5,2038.0,827.0,1065.5,1330.5,1457.0,1500.5,1583.5,1667.5,1676.5,1476.0,1249.0,652.5,854.0,1017.5,1104.5,1088.5,1175.5,1177.0,1192.5,246.5,200.5,396.0,625.0,578.0,840.0,687.5,739.5,674.0,609.0,282.0,213.5,462.0,653.0,641.5,863.0,800.0,862.5,840.5,743.0,662.0,465.0,439.5,660.0,545.0,956.0,1255.0,1344.0,1197.0,1185.0,1095.0,708.5,316.5,655.0,348.0,1020.0,2234.5,2546.0,2386.5,2277.5,1456.0,748.0,251.5,630.0,305.0,1066.5,3216.0,3943.5,3975.5,4064.5,1663.5,885.0,212.5,583.5,365.0,1089.0,2954.5,3616.5,3766.5,3823.0,1644.5,836.5,194.0,472.5,275.5,866.0,2869.0,3701.5,3898.5,3995.5,1963.5,1657.0,519.0,727.5,963.5,1091.5,1113.0,1169.5,1252.0,1312.0,1665.0,848.5,217.0,487.0,278.5,908.5,3008.5,3891.0,3979.0,4185.0,1669.5,848.5,216.5,555.5,331.0,1083.0,3191.0,4095.5,4329.5,4424.5,1760.5,877.5,353.5,763.0,495.0,1337.5,3354.5,4165.0,4290.0,4458.5,1866.5,1026.5,531.5,996.0,825.5,1798.5,3367.0,3836.5,4054.0,4122.0,2011.5,1135.5,584.0,1096.5,999.5,1917.0,3144.5,3587.5,3914.0,3952.5,2270.0,1347.0,595.0,1096.0,1169.0,2020.0,2984.0,3342.0,3640.0,3748.0,3137.5,2040.0,912.0,1375.5,1624.0,2267.5,2924.0,3332.5,3571.5,3795.0,3806.5,2614.0,953.5,1368.0,1933.5,2377.5,2707.0,2970.0,3356.5,3467.0,3545.0,2542.5,835.5,1213.0,1792.5,2193.5,2440.5,2688.5,2925.5,3111.5,2564.0,1987.5,747.5,1012.0,1450.0,1723.0,1812.0,2006.5,1999.5,2116.5,1808.0,1526.0,443.0,630.0,871.0,997.0,1005.0,1092.0,1185.0,1243.0,2583.0,2004.0,759.0,1047.5,1470.5,1707.5,1794.5,1945.5,2081.5,2116.5,2109.0,1648.0,830.0,1026.0,1337.5,1518.5,1569.5,1676.5,1807.0,1847.0,2310.5,1830.0,672.5,873.0,1153.0,1337.5,1386.0,1514.0,1619.5,1670.0,2336.0,1886.0,722.5,885.5,1157.0,1348.5,1393.0,1513.0,1584.5,1679.0,2071.5,1471.0,560.5,717.0,1009.5,1147.5,1242.0,1315.5,1488.0,1476.5,0.0,0.0,0.0,0.0,0.0,0.0,0.0,0.0,0.0,0.0,1707.5,1427.0,464.5,600.0,810.0,917.5,909.5,982.5,1080.0,1133.0,1830.0,1555.0,554.0,673.5,865.0,954.0,968.0,1018.5,1127.5,1152.0,2118.0,1820.0,670.0,844.0,1056.0,1163.0,1225.0,1313.0,1403.0,1433.0,2012.0,1660.0,546.0,676.0,910.0,1001.0,998.0,1041.0,1171.0,1183.0,2029.0,1681.5,652.0,740.5,940.5,1040.5,1061.5,1119.5,1249.0,1257.0,1865.0,1623.0,514.0,683.5,894.5,997.0,1040.5,1116.5,1192.5,1207.5,2031.0,1809.5,607.5,825.5,1024.0,1127.5,1186.0,1254.5,1341.0,1332.0,"{""type"":""MultiPoint"",""coordinates"":[]}"
118_0,3,1905.0,1546.5,582.5,710.5,970.5,1085.5,1135.5,1198.0,1320.5,1352.0,2224.0,1868.0,749.5,928.5,1184.5,1318.5,1430.5,1509.5,1599.0,1606.0,2238.0,1935.0,782.0,1016.5,1298.5,1417.5,1429.0,1490.5,1558.0,1579.5,2484.5,2168.0,919.5,1184.0,1493.5,1633.5,1654.5,1750.5,1823.0,1854.5,2121.0,1894.0,930.0,1182.0,1399.0,1626.0,1522.0,1627.0,1591.0,1585.0,460.0,428.0,661.0,896.0,968.0,1168.0,947.0,984.0,896.0,805.0,463.0,363.0,608.0,827.0,860.0,1085.0,995.0,1036.0,1076.0,902.0,463.0,382.0,520.0,764.0,766.0,1008.0,995.0,1074.0,1076.0,942.0,709.0,460.0,395.0,651.0,553.0,900.0,1543.0,1847.0,1934.0,1663.0,1431.0,747.5,235.5,545.5,265.5,853.5,2741.5,3395.0,3545.0,3413.0,1624.5,788.0,129.5,399.5,134.0,688.5,3097.5,4316.5,4535.0,4420.0,2091.0,1729.0,667.0,782.0,1048.0,1194.0,1231.0,1291.0,1406.0,1431.0,1660.0,799.0,165.0,427.0,160.0,812.0,3350.0,4749.0,4903.0,4906.0,1667.0,813.0,148.0,505.0,281.0,989.0,3405.0,4830.0,4995.0,5049.0,1762.0,872.0,237.0,624.0,419.0,1076.0,3603.0,4937.0,5104.0,5176.0,1859.0,908.0,423.0,865.0,616.0,1559.0,3580.0,4524.0,4712.0,4925.0,1911.5,1042.5,448.0,904.0,727.5,1638.0,3371.0,4054.0,4379.0,4475.0,2104.0,1207.5,491.5,958.5,1006.0,1863.0,3151.0,3653.0,3929.5,4123.0,2584.5,1556.5,771.5,1217.0,1414.5,2231.0,3167.0,3596.0,3933.5,4099.0,3045.5,1962.5,890.5,1374.5,1771.0,2603.5,3230.0,3572.5,3974.0,4119.0,4283.0,2945.0,1186.0,1641.0,2385.0,2924.0,3265.0,3558.0,3992.0,4123.0,4014.0,2768.5,1078.5,1523.0,2263.5,2874.5,2938.5,3341.0,3369.0,3868.0,2088.5,1716.0,604.5,773.5,1033.0,1138.5,1175.5,1269.5,1408.5,1426.5,3591.5,2615.5,943.0,1326.0,1918.5,2328.0,2355.5,2668.0,2862.5,3023.0,3458.0,2530.5,959.5,1247.0,1728.5,2113.5,2226.5,2381.0,2534.5,2798.5,3019.0,2364.5,732.5,948.5,1297.5,1510.0,1605.0,1764.5,1908.0,2020.5,3043.5,2390.5,764.5,960.5,1288.5,1509.5,1552.0,1753.0,1893.5,1966.0,1700.0,1259.0,422.0,539.0,777.0,898.0,942.0,989.0,1125.0,1131.0,0.0,0.0,0.0,0.0,0.0,0.0,0.0,0.0,0.0,0.0,1520.0,1168.0,488.0,615.0,789.0,894.0,891.0,956.0,1082.0,1064.0,1739.0,1396.0,571.0,693.0,852.0,970.0,990.0,1064.0,1114.0,1150.0,2324.0,1905.0,777.0,958.0,1166.0,1317.0,1361.0,1438.0,1553.0,1617.0,2004.0,1655.0,1033.0,1109.0,1226.0,1216.0,1274.0,1337.0,1787.0,1466.0,1881.0,1549.0,567.0,688.0,889.5,1006.5,1008.0,1080.0,1167.0,1209.0,2243.0,1915.5,774.0,904.0,1105.5,1256.5,1371.5,1446.0,1544.0,1595.5,2228.5,1865.0,797.0,957.5,1158.0,1283.5,1414.0,1508.0,1630.5,1664.5,"{""type"":""MultiPoint"",""coordinates"":[]}"
119_0,3,3184.5,2416.5,967.0,1097.5,1395.0,1594.5,1696.0,1851.5,2107.5,2130.0,2402.0,2225.0,690.0,895.0,1199.0,1312.0,1367.0,1474.0,1600.0,1655.0,2518.0,2370.0,750.0,982.0,1339.0,1466.0,1486.0,1567.0,1715.0,1716.0,2752.5,2567.5,887.0,1157.5,1501.5,1651.0,1694.5,1822.0,1930.5,1967.0,666.0,579.0,790.0,904.0,973.0,1018.0,868.0,911.0,932.0,784.0,666.0,579.0,824.0,904.0,973.0,1018.0,868.0,911.0,932.0,784.0,545.0,448.0,289.0,585.0,392.0,799.0,961.0,1017.0,1086.0,964.0,2032.0,1276.0,382.0,724.0,445.0,1072.0,2251.0,2447.0,2565.0,2585.0,2362.0,1704.0,591.0,842.0,817.0,1256.0,2092.0,2512.0,2577.0,2667.0,1281.0,704.0,102.0,349.5,122.0,585.0,2290.0,3034.5,3067.0,3111.5,1376.5,674.5,96.5,318.5,95.0,567.0,2562.5,3633.5,3625.5,3627.0,3419.5,2746.0,879.5,1066.5,1350.5,1570.5,1675.0,1810.0,2106.5,2144.0,1385.5,658.0,85.5,267.5,68.5,480.5,2596.5,4095.0,4139.5,4281.0,1214.0,584.0,50.0,248.5,48.5,451.5,2583.0,4085.0,4250.5,4345.5,1171.0,563.0,362.0,513.0,358.0,682.0,2463.0,3743.0,3804.0,3995.0,1251.0,628.0,529.0,818.0,519.0,1173.0,2893.0,3829.0,3901.0,4068.0,1283.0,633.0,443.0,816.0,519.0,1216.0,2917.0,3882.0,4087.0,4150.0,1362.0,728.0,335.0,761.0,591.0,1366.0,2858.0,3475.0,3708.0,3816.0,2363.5,1358.0,890.0,1401.0,1633.5,2364.5,3098.0,3474.5,3798.0,3900.5,3025.0,1894.5,1134.0,1615.0,2169.5,2716.5,3224.5,3553.5,3959.5,4048.0,3630.0,2812.0,1141.0,1608.0,2215.0,2542.0,2774.0,3007.0,3334.0,3366.0,3819.5,2585.5,1216.5,1705.5,2562.5,3046.0,3202.5,3450.5,3668.0,3938.0,3499.0,2777.0,786.0,1033.0,1421.0,1629.5,1738.5,1890.0,2200.5,2253.0,4155.5,2917.5,1074.0,1512.0,2188.5,2629.5,2756.0,3009.0,3179.0,3427.0,4954.5,4057.0,2632.0,2892.0,3347.5,3757.5,3876.5,4030.0,4215.5,4289.5,3433.5,2585.0,942.0,1143.0,1493.5,1797.5,1963.0,2112.0,2284.5,2386.0,3323.5,2517.0,905.5,1133.5,1436.5,1734.0,1917.5,2109.5,2229.5,2354.5,2572.5,1818.0,597.0,850.5,1083.5,1392.0,1722.5,1851.0,2055.0,2062.5,0.0,0.0,0.0,0.0,0.0,0.0,0.0,0.0,0.0,0.0,3734.0,2851.0,835.0,1165.0,1556.0,1853.0,2006.0,2148.0,2376.0,2483.0,3835.5,2992.5,961.0,1196.5,1534.0,1853.5,2092.0,2263.5,2432.0,2639.0,3432.0,2625.0,829.0,1116.5,1376.0,1705.5,2094.5,2247.0,2510.5,2564.5,1993.0,1760.0,545.0,680.0,930.5,1051.5,1096.0,1188.5,1313.0,1314.5,2220.0,1948.0,594.0,743.0,1045.0,1180.0,1161.0,1280.0,1397.0,1421.0,2141.0,2024.5,579.5,759.0,1021.0,1114.5,1162.5,1257.5,1381.5,1384.0,2228.0,2080.0,627.0,821.5,1090.5,1204.0,1234.5,1350.0,1461.0,1487.0,"{""type"":""MultiPoint"",""coordinates"":[]}"
120_0,3,1788.0,1454.5,631.0,790.5,1025.5,1146.0,1143.5,1239.5,1332.0,1337.0,2371.0,2075.5,959.5,1233.5,1479.5,1586.0,1629.0,1681.5,1807.0,1773.0,2390.5,2082.5,870.5,1123.5,1371.0,1496.5,1530.0,1621.0,1704.5,1706.5,2486.0,2157.0,926.0,1201.5,1462.0,1599.5,1617.0,1707.0,1781.5,1790.0,443.0,413.0,1015.0,1286.0,1290.0,1400.0,980.0,952.0,944.0,858.0,380.0,366.0,777.0,1038.0,1125.0,1257.0,878.0,925.0,908.0,751.0,366.0,277.0,649.0,952.0,932.0,1220.0,1009.0,1072.0,982.0,814.0,588.0,472.0,625.0,952.0,892.0,1303.0,1251.0,1317.0,1247.0,1123.0,787.0,584.0,504.0,844.0,720.0,1242.0,1611.0,1697.0,1726.0,1609.0,901.5,561.0,290.0,562.0,398.5,917.5,1707.5,1920.5,1795.5,1789.0,1196.5,654.0,248.0,528.0,315.0,919.0,2422.5,2967.5,2938.5,2883.5,1943.0,1622.0,696.0,888.0,1124.0,1217.0,1295.0,1318.0,1385.0,1443.0,1440.0,746.0,241.0,498.0,321.0,893.0,2620.0,3440.0,3340.0,3466.0,1270.0,616.0,134.0,434.0,254.0,820.0,2535.0,3247.0,3275.0,3237.0,1205.0,579.0,134.0,391.0,184.0,735.0,2656.0,3333.0,3367.0,3438.0,1383.0,671.0,325.0,684.0,322.0,1070.0,3146.0,3776.0,3902.0,3900.0,1541.0,780.0,347.0,824.0,454.0,1407.0,3311.0,4003.0,4209.0,4146.0,1614.0,874.0,390.0,925.0,513.0,1606.5,3213.5,3572.0,3725.0,3812.5,1893.0,1006.0,765.0,1416.0,1156.0,2194.0,3185.0,3470.0,3674.0,3751.0,2234.5,1369.0,786.5,1473.5,1390.5,2519.5,3297.5,3587.5,3847.5,3918.5,3074.5,2093.0,985.5,1571.0,1890.5,2705.0,3097.0,3359.0,3688.5,3689.0,3501.0,2456.0,1101.0,1515.0,2171.0,2544.0,2664.0,2884.0,3083.0,3207.0,1842.0,1515.0,553.0,736.0,1021.0,1122.0,1168.0,1229.0,1352.0,1368.0,3383.0,2456.0,1003.0,1390.0,1958.0,2243.0,2388.0,2532.0,2687.0,2862.0,3110.5,2323.0,911.5,1217.5,1668.5,1918.0,2035.0,2234.0,2397.5,2456.5,2741.5,2187.5,681.5,892.0,1226.5,1400.5,1480.0,1616.0,1779.5,1835.5,2900.0,2335.0,746.0,933.0,1249.0,1409.0,1497.0,1639.0,1774.0,1860.0,2444.0,1694.0,527.0,690.0,967.0,1115.0,1216.0,1301.0,1502.0,1542.0,1117.0,844.0,943.0,1017.0,1039.0,1051.0,1025.0,985.0,1226.0,999.0,1625.0,1342.0,498.0,674.0,871.0,940.0,991.0,1022.0,1144.0,1120.0,1743.0,1506.0,589.0,742.0,903.0,1002.0,1037.0,1069.0,1161.0,1158.0,2078.0,1782.0,666.0,887.0,1112.0,1206.0,1253.0,1335.0,1422.0,1411.0,1957.0,1686.0,866.0,1034.0,1249.0,1347.0,1390.0,1461.0,1612.0,1592.0,1835.0,1541.0,567.0,690.0,905.0,963.0,1007.0,1046.0,1150.0,1160.0,1968.0,1694.0,701.0,863.0,1075.0,1141.0,1179.0,1288.0,1368.0,1316.0,2113.0,1861.5,760.0,933.5,1169.5,1247.0,1316.5,1370.5,1482.5,1469.5,"{""type"":""MultiPoint"",""coordinates"":[]}"
121_0,3,1882.0,1556.0,648.0,835.0,1097.0,1229.5,1250.5,1340.5,1460.5,1414.0,2641.0,2280.0,1010.5,1333.0,1649.5,1769.5,1858.0,1908.0,2072.5,2039.0,2577.5,2239.0,936.0,1236.0,1554.5,1643.5,1674.0,1799.5,1939.5,1882.0,2522.5,2224.5,934.5,1207.5,1502.5,1616.5,1633.5,1742.0,1853.5,1841.5,467.0,382.0,728.5,994.5,1084.0,1203.5,1042.0,1114.5,1102.5,966.0,473.5,412.5,802.0,994.5,1084.0,1203.5,1042.0,1124.0,1137.0,969.5,833.0,694.5,552.5,855.0,724.0,1203.0,1424.0,1559.0,1512.5,1461.5,1739.0,967.5,454.5,903.5,506.5,1389.5,3259.0,3669.5,3915.0,3636.5,1867.5,967.5,394.5,913.0,458.5,1423.5,3897.0,4633.0,4822.5,4870.0,1976.5,1107.5,334.5,738.5,459.5,1385.5,3422.5,3953.0,4025.5,4278.5,1858.0,1020.5,299.5,685.0,397.0,1241.5,3310.5,3952.0,3995.0,4141.5,2129.0,1833.0,704.0,962.0,1235.0,1406.5,1439.5,1482.0,1600.0,1598.5,1792.5,981.0,270.0,630.0,348.0,1166.5,3275.5,4099.5,4044.0,4329.5,1723.5,901.0,248.5,595.0,318.0,1080.5,3357.0,4323.5,4253.5,4419.5,1729.0,909.5,315.0,700.0,373.0,1210.5,3621.0,4618.5,4683.5,4784.0,1896.0,1022.0,482.5,925.0,541.0,1500.5,3714.0,4442.5,4653.0,4760.0,1896.0,1057.0,475.5,965.5,628.0,1593.0,3702.0,4270.0,4586.5,4579.5,2149.0,1235.0,539.0,1172.0,906.0,2064.0,3711.0,4127.0,4458.0,4535.0,2477.5,1502.5,950.5,1604.0,1528.5,2556.5,3689.0,4021.0,4470.5,4463.5,3233.5,2179.0,1072.0,1778.5,2115.5,2962.5,3667.5,3970.0,4483.5,4445.0,4279.5,2991.5,1554.0,2144.5,2900.5,3427.0,3606.0,3942.0,4234.5,4320.5,2496.5,1949.0,928.5,1243.5,1683.5,1869.5,1921.5,2058.0,2158.0,2248.0,2011.0,1716.0,602.0,875.0,1158.5,1286.0,1281.5,1392.0,1551.5,1452.0,2497.0,1986.5,964.5,1276.5,1693.0,1920.5,1928.0,2061.5,2153.5,2218.5,2481.0,2009.5,1067.0,1302.0,1652.5,1839.0,1873.5,1960.0,2134.5,2137.0,2251.5,1816.0,784.0,1016.0,1322.0,1473.0,1526.0,1616.5,1768.5,1770.5,2312.0,1745.0,864.5,1071.0,1358.0,1533.5,1555.5,1676.0,1758.5,1822.0,1950.0,1523.5,636.5,831.0,1091.5,1162.5,1285.5,1328.0,1537.5,1472.0,0.0,0.0,0.0,0.0,0.0,0.0,0.0,0.0,0.0,0.0,2071.0,1747.5,677.0,900.0,1149.5,1244.0,1297.5,1365.5,1524.5,1467.5,2109.0,1807.5,786.0,938.0,1144.5,1250.5,1309.0,1382.0,1473.5,1465.0,2619.0,2269.0,900.5,1167.0,1442.5,1588.0,1655.5,1745.5,1865.5,1843.0,2572.0,2194.5,898.0,1144.0,1417.0,1550.5,1588.5,1660.0,1833.0,1808.5,2405.0,2018.0,882.0,1052.0,1296.5,1414.0,1422.5,1498.0,1673.5,1656.0,2120.5,1840.0,635.0,867.5,1128.0,1201.5,1270.5,1314.5,1479.0,1459.5,2442.0,2089.5,858.5,1177.0,1455.5,1595.5,1628.0,1701.5,1855.0,1830.0,"{""type"":""MultiPoint"",""coordinates"":[]}"
122_0,3,2472.5,1941.5,761.0,818.0,1043.5,1197.0,1283.0,1387.0,1513.5,1591.5,2008.0,1865.0,585.0,836.0,1100.0,1223.0,1241.0,1333.0,1436.0,1435.0,2244.0,2152.0,778.0,986.0,1287.0,1419.0,1463.0,1545.0,1640.0,1648.0,280.0,269.0,356.0,459.5,495.5,539.5,404.0,421.0,420.0,318.0,348.0,301.0,667.0,759.0,795.0,835.0,633.0,667.0,602.0,523.0,348.0,296.0,363.0,615.0,571.0,782.0,633.0,692.0,679.0,585.0,524.0,405.0,332.0,535.0,454.0,767.0,965.0,1049.0,994.0,879.0,1280.0,778.0,325.0,680.0,441.0,1018.0,1753.0,1972.0,1955.0,2059.0,963.0,540.0,164.0,382.0,228.0,626.0,1616.0,1892.0,1895.0,1944.0,1126.5,556.0,63.5,297.5,91.5,553.5,2101.0,2930.0,2864.5,2858.0,1150.5,538.5,27.5,200.5,22.0,392.0,2143.5,3177.0,3237.5,3185.0,3272.5,2735.5,1612.5,1562.5,1694.5,1873.0,1948.0,2064.0,2210.5,2178.5,1183.0,550.0,27.5,198.5,13.0,409.5,2318.0,3669.0,3708.5,3693.5,1150.5,539.5,57.5,351.0,80.0,651.0,2590.0,3881.5,3859.0,3842.5,1186.0,554.0,445.0,777.0,530.0,1121.0,2965.0,3922.0,3909.0,3869.0,1292.0,696.0,627.0,1009.0,851.0,1644.0,2971.0,3542.0,3655.0,3752.0,1375.0,770.0,528.0,980.0,856.0,1696.0,2716.0,3077.0,3292.0,3349.0,1715.0,987.0,512.0,995.0,1035.0,1842.0,2716.0,3037.0,3240.0,3331.0,4355.5,3058.0,1224.0,1726.0,2382.0,2923.0,3175.0,3489.5,3786.0,3959.5,4270.5,3146.0,1203.0,1657.0,2382.5,2741.0,2982.5,3212.5,3536.5,3598.5,3571.0,2850.0,1060.0,1456.0,2042.0,2306.0,2588.0,2738.0,3021.0,3026.0,3190.0,2277.0,914.0,1265.0,1760.5,2055.0,2198.0,2390.5,2587.0,2682.0,3324.5,2734.5,641.0,851.0,1203.5,1379.5,1455.0,1599.5,1801.0,1841.5,3562.0,2832.5,882.0,1179.0,1570.0,1833.5,2010.5,2186.0,2295.5,2422.0,3884.5,3218.5,1932.0,2129.5,2391.0,2691.0,2878.0,2983.5,3099.5,3127.5,3218.0,2719.5,858.5,1009.5,1243.0,1460.5,1604.0,1762.5,1877.5,1957.0,3097.0,2609.0,825.5,983.0,1203.0,1430.0,1579.5,1713.5,1827.5,1906.0,2177.5,1617.5,457.5,662.0,829.5,1086.0,1236.5,1405.5,1553.0,1574.0,0.0,0.0,0.0,0.0,0.0,0.0,0.0,0.0,0.0,0.0,3641.0,2916.0,824.0,1063.0,1482.0,1810.0,1766.0,1926.0,2138.0,2226.0,3816.0,3235.0,1122.0,1342.0,1656.0,1898.0,2155.0,2378.0,2605.0,2577.0,3574.0,2962.0,948.0,1181.0,1563.0,1796.0,1860.0,2001.0,2233.0,2283.0,2625.0,2250.0,699.0,846.0,1135.5,1286.0,1329.0,1424.0,1567.0,1659.5,1720.0,1524.0,465.0,580.0,831.0,921.0,870.0,919.0,1014.0,1094.0,1734.5,1589.0,499.5,655.5,884.5,994.0,997.5,1076.0,1161.0,1176.5,1833.0,1701.5,577.0,751.0,973.0,1069.0,1101.5,1175.5,1303.5,1270.5,"{""type"":""MultiPoint"",""coordinates"":[]}"
123_0,3,1645.0,1365.0,535.5,656.0,872.0,967.0,972.0,1066.0,1163.5,1163.0,1934.0,1672.5,721.5,928.0,1125.5,1221.0,1253.5,1315.0,1405.0,1408.5,2140.0,1871.0,891.5,1103.5,1335.5,1443.5,1411.0,1488.0,1552.0,1574.5,2435.5,2148.5,1070.0,1324.0,1567.5,1685.0,1702.5,1764.0,1840.0,1841.0,2077.0,1852.0,1057.0,1309.0,1553.0,1674.0,1695.0,1709.0,1768.0,1818.0,392.0,364.0,917.0,1202.0,1130.0,1324.0,1005.0,1010.0,960.0,766.0,373.0,306.0,614.0,899.0,914.0,1216.0,1062.0,1123.0,1067.0,948.0,407.0,348.0,558.0,887.0,878.0,1188.0,1031.0,1163.0,1046.0,948.0,392.0,299.0,544.0,824.0,810.0,1049.0,884.0,999.0,893.0,775.0,629.0,400.0,310.5,582.5,464.5,893.0,1369.5,1528.5,1366.5,1389.5,1017.0,559.5,231.5,450.0,277.0,831.0,2051.5,2519.0,2368.5,2420.0,1833.0,1524.0,642.0,791.0,976.0,1076.0,1115.0,1214.0,1283.0,1273.0,1241.0,635.0,174.0,383.0,205.0,704.0,2498.0,3155.0,2913.0,3010.0,1303.0,649.0,102.0,332.0,153.0,668.0,2542.0,3338.0,3256.0,3361.0,1313.0,651.0,162.0,431.0,275.0,820.0,2707.0,3599.0,3485.0,3680.0,1441.0,740.0,397.0,748.0,497.0,1270.0,2710.0,3267.0,3264.0,3325.0,1544.5,868.0,410.0,793.5,581.5,1397.0,2628.5,3050.0,3241.0,3254.5,2064.0,1284.5,479.0,858.5,991.5,1672.5,2385.5,2729.5,2905.0,3040.5,2652.0,1681.0,797.5,1178.0,1549.5,2046.0,2505.0,2802.5,3070.5,3164.0,3122.0,2056.5,904.5,1321.5,1830.5,2341.5,2718.0,3082.0,3310.5,3503.5,4369.0,2974.0,1154.0,1559.0,2295.0,2786.0,3097.0,3333.0,3761.0,3861.0,4279.0,2982.5,1112.0,1531.0,2326.0,2733.5,2903.0,3214.0,3419.0,3652.0,1794.0,1527.0,584.5,725.5,942.5,1024.0,1054.0,1137.5,1259.5,1271.5,3709.5,2684.0,977.0,1323.5,1877.0,2154.0,2253.0,2458.0,2779.0,2816.5,3652.5,2722.0,1051.0,1374.0,1868.0,2143.0,2238.0,2441.5,2735.0,2766.5,3313.0,2636.0,829.0,1063.0,1447.0,1660.5,1721.0,1882.5,2108.0,2132.5,3448.5,2743.0,849.5,1045.0,1412.5,1621.0,1694.0,1843.0,2066.0,2124.0,1416.0,1185.0,386.0,503.0,679.0,737.0,772.0,820.0,926.0,926.0,1447.0,1343.0,1085.0,1062.0,1094.0,1204.0,1410.0,1558.0,1349.0,1575.0,1443.0,1157.0,496.0,653.0,796.0,879.0,897.0,959.0,1053.0,1056.0,1679.0,1443.0,619.0,738.0,881.0,950.0,973.0,1000.0,1127.0,1148.0,2131.0,1828.0,829.0,1006.0,1214.0,1296.0,1330.0,1371.0,1490.0,1521.0,2074.0,1756.5,811.0,943.5,1125.0,1218.5,1203.5,1251.0,1390.5,1378.0,1634.0,1381.0,538.0,638.0,803.5,884.0,851.5,901.5,989.0,1018.0,2002.0,1762.5,799.0,935.5,1088.0,1188.0,1237.5,1350.0,1429.5,1431.0,1995.0,1727.5,803.5,951.0,1105.5,1198.5,1267.0,1362.5,1474.0,1454.5,"{""type"":""MultiPoint"",""coordinates"":[]}"
124_0,3,155.0,138.0,134.5,202.0,256.5,384.0,306.5,346.0,334.5,276.5,2200.0,1899.5,639.0,816.0,1033.0,1143.0,1197.0,1291.0,1406.5,1432.5,2469.5,2203.5,743.0,974.5,1236.5,1369.0,1436.5,1524.5,1634.0,1686.5,2658.5,2388.5,933.5,1190.0,1450.5,1606.5,1644.5,1748.5,1820.0,1857.0,2738.0,2490.0,1014.0,1274.0,1542.0,1683.0,1716.0,1812.0,1927.0,1936.0,432.0,411.0,671.0,909.0,975.0,1102.0,857.0,928.0,764.0,739.0,372.0,290.0,619.0,877.0,842.0,1098.0,946.0,1029.0,991.0,806.0,574.0,427.0,621.0,896.0,842.0,1174.0,1210.0,1282.0,1158.0,1078.0,836.0,604.0,443.0,778.0,517.0,1110.0,1491.0,1634.0,1574.0,1440.0,1561.5,851.0,289.0,651.0,301.0,1007.0,2782.5,3300.5,3240.5,3223.5,1287.5,651.0,164.5,414.0,193.0,697.0,2498.0,3424.0,3362.5,3347.5,375.0,315.0,258.5,342.5,450.5,602.5,609.0,684.5,734.5,713.5,1458.0,731.0,180.0,416.0,201.0,699.0,2349.0,3328.0,3361.0,3496.0,1514.0,746.0,125.0,334.0,180.0,635.0,2631.0,3779.0,3929.0,3969.0,1563.0,756.0,125.0,404.0,199.0,750.0,2827.0,4155.0,4247.0,4420.0,1588.0,782.0,436.0,868.0,545.0,1491.0,3456.0,4184.0,4372.0,4393.0,1634.0,872.0,449.0,945.0,734.0,1675.0,3424.0,4002.0,4284.0,4318.0,1973.5,1104.0,544.0,1110.0,1015.5,2010.0,3417.0,3896.0,4103.5,4167.5,2567.5,1538.5,1057.0,1636.5,1690.5,2530.0,3611.5,3937.5,4324.0,4434.0,3792.0,2624.0,1095.5,1611.0,2026.0,2753.5,3011.5,3293.5,3626.5,3769.0,4310.0,2924.5,1466.0,2020.0,2723.5,3337.5,3671.0,3980.0,4458.5,4454.5,4648.0,3155.0,1639.0,2247.0,3192.0,3792.0,3949.0,4258.0,4432.0,4694.0,274.0,228.0,297.0,315.0,392.0,515.0,546.0,615.0,666.0,660.0,4329.0,3084.0,1280.0,1738.0,2425.0,2839.0,2980.0,3215.0,3491.0,3619.0,4135.0,2986.5,1289.0,1674.5,2286.0,2697.0,2805.0,3020.0,3230.0,3350.5,2017.5,1589.5,696.0,844.0,1152.5,1310.5,1305.5,1388.0,1505.0,1487.0,389.0,371.0,340.0,442.0,531.0,690.0,578.0,640.0,522.0,597.0,111.0,97.0,120.0,196.0,157.0,304.0,207.0,207.0,188.0,139.0,497.0,461.0,471.0,493.0,451.0,556.0,524.0,558.0,500.0,517.0,208.0,194.0,104.0,192.0,276.0,396.0,357.0,413.0,433.0,396.0,633.0,366.0,371.0,456.0,595.0,763.0,859.0,941.0,985.0,1007.0,3672.0,2771.0,1244.0,1554.0,1948.0,2252.0,2345.0,2564.0,2739.0,2778.0,2905.0,1935.0,1229.0,1191.0,1506.0,1754.0,1861.0,2005.0,2296.0,2383.0,3489.5,2571.5,1066.0,1351.5,1739.5,2048.0,2155.5,2318.5,2607.0,2689.5,4568.5,3763.0,1544.5,1853.0,2264.5,2549.5,2686.0,2889.0,3219.5,3196.0,4344.0,3624.0,1530.0,1800.5,2171.5,2405.0,2566.0,2732.5,3064.0,3039.0,"{""type"":""MultiPoint"",""coordinates"":[]}"
125_0,3,182.5,147.0,172.0,233.5,315.0,376.0,220.5,233.5,196.0,150.0,1775.0,1484.0,652.5,849.5,995.5,1094.0,1135.5,1208.5,1263.5,1295.0,1893.5,1617.0,720.5,917.5,1072.5,1181.5,1199.0,1245.0,1299.5,1330.5,2152.0,1875.5,929.5,1157.0,1328.5,1421.0,1431.5,1496.0,1544.5,1568.0,2016.0,1793.0,994.0,1220.0,1371.0,1462.0,1445.0,1484.0,1552.0,1539.0,497.0,452.0,909.0,1114.0,1178.0,1229.0,961.0,1011.0,983.0,842.0,366.0,300.0,666.0,970.0,977.0,1180.0,919.0,1006.0,901.0,780.0,477.0,347.0,698.0,995.0,985.0,1301.0,1188.0,1298.0,1175.0,1139.0,488.0,399.0,609.0,920.0,877.0,1268.0,1197.0,1327.0,1246.0,1139.0,684.0,467.5,264.5,518.0,383.5,916.0,1716.0,1994.0,1817.5,1750.5,834.0,503.5,195.5,391.5,225.0,733.5,1877.5,2261.5,2166.0,2069.0,338.0,292.5,339.0,447.5,509.0,588.5,433.5,449.5,435.0,366.0,1413.0,721.5,236.5,440.0,252.0,770.5,2516.5,3498.5,3496.0,3541.5,1439.0,724.0,104.0,301.0,127.0,585.0,2670.0,3909.0,3890.0,3955.0,1525.0,724.0,119.0,346.0,156.0,675.0,2865.0,4200.0,4336.0,4309.0,1651.0,811.0,381.0,766.0,453.0,1284.0,3353.0,4319.0,4522.0,4529.0,1669.0,836.0,397.0,868.0,573.0,1502.0,3378.0,4051.0,4451.0,4221.0,1857.5,1022.0,476.0,984.0,822.0,1826.5,3318.0,3742.5,4132.0,4151.0,2798.0,1918.0,1137.0,1535.0,1467.0,2176.0,2906.0,3231.0,3507.0,3657.0,3608.0,2585.0,1106.0,1526.5,2155.5,2537.5,2860.0,3108.0,3403.0,3474.5,3715.0,2645.0,1075.0,1518.0,2215.0,2599.0,2877.0,3123.0,3454.0,3470.0,3954.5,2777.5,1123.0,1566.0,2298.5,2765.5,2964.5,3210.0,3389.0,3600.0,223.0,178.0,499.0,674.0,667.0,725.0,461.0,451.0,438.0,352.0,3638.0,2638.0,1005.0,1374.0,1936.0,2298.0,2500.0,2635.0,2729.0,3001.0,3519.5,2667.5,969.0,1294.5,1792.0,2140.5,2203.5,2419.5,2606.0,2728.0,2081.0,1655.0,590.0,744.5,1050.5,1215.5,1251.0,1370.0,1503.0,1504.0,513.0,463.0,342.0,469.0,567.0,691.0,581.0,636.0,545.0,579.0,170.0,128.0,99.0,146.0,191.0,259.0,170.0,201.0,154.0,129.0,0.0,0.0,0.0,0.0,0.0,0.0,0.0,0.0,0.0,0.0,171.0,159.0,410.0,531.0,545.0,559.0,347.0,365.0,332.0,253.0,193.0,159.0,326.0,404.0,443.0,488.0,312.0,353.0,313.0,254.0,977.0,641.0,474.0,657.0,785.0,934.0,1002.0,1086.0,1198.0,1195.0,795.0,481.0,481.0,643.0,809.0,965.0,1014.0,1084.0,1218.0,1212.0,2190.0,1498.0,859.0,1112.0,1337.0,1520.0,1550.0,1621.0,1872.0,1829.0,3504.0,2784.0,1405.0,1709.0,1996.0,2176.0,2255.0,2388.0,2575.0,2553.0,3645.5,2958.0,1480.0,1769.5,2086.5,2326.0,2422.0,2528.0,2693.5,2670.0,"{""type"":""MultiPoint"",""coordinates"":[]}"
126_0,3,1771.5,1500.0,518.0,672.0,908.5,996.0,1025.5,1081.0,1183.5,1204.5,2558.5,2206.5,965.5,1295.0,1600.5,1733.5,1749.5,1822.0,1958.0,1925.5,2525.5,2189.0,868.0,1164.0,1483.5,1618.5,1612.5,1667.5,1790.5,1759.0,2505.5,2209.0,875.5,1154.5,1446.5,1592.5,1558.5,1641.0,1744.5,1725.5,308.5,322.0,741.5,980.0,1054.5,1185.5,930.5,962.0,930.0,782.5,320.5,322.0,741.5,980.0,1054.5,1185.5,930.5,962.0,930.0,782.5,495.5,400.5,495.5,839.0,724.0,1094.0,959.0,1045.5,1005.5,843.0,1052.0,743.5,489.0,812.0,585.0,1163.0,1781.5,1912.5,1906.5,1771.0,1436.5,811.0,375.5,748.0,443.5,1164.0,2813.5,3250.0,3235.0,3061.0,1539.5,875.5,350.5,716.0,499.0,1262.5,2835.0,3292.0,3386.5,3278.0,1396.0,776.5,304.5,645.0,436.0,1154.5,2718.5,3247.0,3348.0,3225.5,2034.5,1751.5,583.0,781.0,1021.5,1147.5,1164.5,1263.0,1314.0,1358.0,1371.5,722.5,259.5,572.0,363.5,1051.5,2698.5,3279.0,3362.0,3413.5,1372.0,690.5,238.5,544.0,331.0,1024.5,2846.5,3483.0,3630.5,3656.5,1420.5,739.5,291.0,656.5,372.0,1089.0,3096.5,3751.5,3815.5,3950.5,1685.0,905.5,473.0,963.0,541.5,1567.5,3393.0,3894.5,3977.0,4015.5,1703.0,915.0,447.5,1025.5,625.5,1644.5,3158.0,3559.5,3763.0,3683.0,1782.0,1008.0,518.0,1131.0,901.0,1974.0,3079.0,3287.0,3531.0,3544.0,2130.5,1215.5,847.5,1483.0,1506.5,2438.5,3149.5,3449.5,3726.5,3814.5,2532.5,1527.0,977.5,1569.0,1759.0,2586.5,3141.0,3383.5,3776.5,3868.5,4032.5,2752.5,1306.5,1863.5,2682.5,3064.5,3284.5,3487.0,4020.0,3967.0,3434.5,2480.0,1105.5,1511.5,2179.0,2492.5,2642.5,2823.5,3072.5,3135.0,1875.0,1622.0,482.5,683.0,940.0,1047.5,1072.0,1146.0,1238.5,1246.0,2333.0,1811.0,749.0,1027.0,1413.5,1559.0,1626.5,1750.5,1892.0,1893.5,2622.5,2091.5,979.0,1201.0,1550.5,1702.0,1763.0,1891.5,2035.5,2071.0,2287.5,1893.0,692.0,896.0,1187.0,1322.5,1379.5,1475.0,1623.0,1621.5,2411.5,1913.0,734.0,957.5,1252.5,1418.5,1413.5,1541.5,1672.5,1729.0,2089.0,1517.0,541.5,694.5,950.0,1028.5,1106.5,1218.0,1384.0,1311.5,1767.5,1396.5,649.0,857.5,1046.0,1148.0,1175.0,1362.5,1326.0,1412.5,1783.0,1485.0,483.5,653.0,865.0,934.0,978.5,1030.0,1139.0,1106.5,1810.5,1582.0,555.0,688.0,839.5,898.0,918.0,981.0,1080.5,1066.5,2177.5,1900.5,654.5,865.5,1090.0,1184.0,1212.0,1302.0,1387.5,1403.5,2221.0,1940.5,666.5,865.5,1102.5,1181.5,1138.5,1218.5,1379.5,1331.0,2147.5,1833.0,707.0,856.0,1042.0,1132.5,1123.0,1185.5,1323.5,1319.0,2070.0,1781.5,664.0,816.0,1069.0,1139.0,1182.0,1285.0,1358.0,1349.5,2305.5,2009.5,819.5,1123.5,1402.5,1497.5,1539.5,1590.0,1725.0,1671.0,"{""type"":""MultiPoint"",""coordinates"":[]}"
127_0,3,2067.0,1695.5,625.5,790.5,1060.5,1203.5,1261.0,1317.0,1409.5,1449.0,2431.5,2037.5,819.0,1043.0,1302.0,1442.5,1519.0,1611.5,1675.5,1744.5,2765.5,2385.0,1008.0,1320.5,1633.0,1786.0,1816.0,1897.5,1982.5,2033.0,3057.0,2609.5,1149.5,1455.5,1789.0,1968.0,1993.5,2115.5,2188.5,2209.5,1519.0,1392.0,908.0,1211.0,1303.0,1477.0,1350.0,1487.0,1406.0,1436.0,454.0,367.0,682.0,947.0,1079.0,1314.0,901.0,971.0,908.0,839.0,563.0,493.0,537.0,853.0,741.0,1038.0,1004.0,1090.0,957.0,839.0,991.0,672.0,581.0,858.0,704.0,1135.0,1536.0,1642.0,1652.0,1556.0,1431.0,840.0,443.0,753.0,517.0,1060.0,2134.0,2511.0,2343.0,2375.0,1628.0,886.0,299.5,625.0,354.0,873.0,2849.5,3646.0,3429.5,3548.0,1584.0,758.0,133.5,365.5,178.0,637.5,2842.0,3927.5,3948.0,4182.5,2290.0,1912.0,728.0,905.0,1154.0,1323.0,1366.0,1440.0,1531.0,1618.0,1599.0,756.0,166.0,384.0,192.0,664.0,3067.0,4410.0,4374.0,4620.0,1651.0,779.0,92.0,454.0,207.0,848.0,3534.0,4833.0,4933.0,5126.0,1722.0,837.0,356.0,858.0,507.0,1549.0,3885.0,4888.0,4974.0,5168.0,1944.0,998.0,566.0,1163.0,843.0,2058.0,3870.0,4591.0,4678.0,4925.0,2068.5,1188.5,628.5,1236.5,1049.5,2181.0,3725.5,4200.0,4399.0,4600.5,2605.5,1597.5,775.0,1424.0,1546.0,2647.0,3759.5,4179.0,4204.0,4547.5,3222.5,2140.5,1106.5,1726.5,2116.0,3063.0,3935.0,4329.5,4440.0,4603.5,4147.0,2952.5,1243.5,1793.5,2343.5,3133.5,3446.0,3756.0,3884.5,4148.0,3966.0,2893.0,1258.0,1728.0,2494.0,3180.0,3409.0,3440.0,3585.0,3918.0,4080.0,2914.5,1242.5,1702.5,2470.5,3275.0,3166.0,3488.5,3323.0,3957.5,2291.0,1920.0,684.0,878.0,1140.5,1282.0,1334.0,1443.5,1543.0,1576.0,3038.0,2342.0,873.0,1182.5,1650.5,2017.5,1998.5,2248.0,2217.5,2477.5,3024.5,2361.5,956.5,1243.5,1670.5,1957.0,2089.5,2205.0,2263.5,2435.5,2734.0,2170.5,740.5,959.5,1264.5,1491.0,1544.5,1715.5,1746.5,1843.5,2747.0,2272.5,783.5,959.5,1261.0,1518.5,1527.5,1673.0,1715.5,1849.5,2125.0,1333.0,620.0,788.0,1094.0,1217.0,1286.0,1388.0,1536.0,1524.0,0.0,0.0,0.0,0.0,0.0,0.0,0.0,0.0,0.0,0.0,1892.0,1471.0,611.0,791.0,1002.0,1115.0,1163.0,1226.0,1339.0,1355.0,2126.0,1783.0,739.0,864.0,1045.0,1159.0,1218.0,1290.0,1356.0,1380.0,2612.0,2225.0,882.0,1101.0,1349.0,1489.0,1517.0,1599.0,1710.0,1734.0,2309.0,1838.0,1124.0,1165.0,1149.0,1287.0,1363.0,1568.0,1610.0,1622.0,2172.0,1773.0,697.5,847.0,1061.0,1186.5,1208.0,1287.0,1373.5,1427.0,2653.0,2287.0,944.0,1104.0,1313.0,1470.0,1614.0,1747.0,1785.0,1859.0,2448.0,2010.0,768.0,999.0,1247.0,1386.0,1475.0,1551.0,1673.0,1743.0,"{""type"":""MultiPoint"",""coordinates"":[]}"
128_0,3,1719.5,1378.5,637.5,769.5,976.0,1054.5,1161.5,1193.5,1284.5,1329.5,2097.5,1696.5,860.5,1081.0,1284.0,1379.5,1480.5,1570.5,1680.5,1691.5,2243.0,1845.0,999.5,1283.0,1514.0,1600.5,1688.0,1748.5,1877.5,1869.5,2489.0,2038.0,1195.0,1513.0,1770.5,1867.0,1915.0,2010.5,2146.0,2107.5,2299.0,1926.0,1112.0,1483.0,1573.0,1697.0,1704.0,1755.0,1858.0,1823.0,1171.0,1006.0,1112.0,1483.0,1480.0,1616.0,1353.0,1414.0,1351.0,1178.0,1023.0,815.0,800.0,1094.0,1107.0,1303.0,1247.0,1333.0,1219.0,1151.0,1136.0,902.0,786.0,1121.0,1099.0,1347.0,1403.0,1493.0,1416.0,1421.0,1229.0,987.0,544.0,877.0,798.0,1177.0,1295.0,1429.0,1340.0,1285.0,1621.5,1071.0,466.0,799.0,659.5,1112.5,1986.5,2591.5,2635.5,2460.0,1709.5,1013.5,310.0,575.5,434.0,949.5,2397.0,3474.0,3719.0,3482.5,1938.0,1572.0,690.0,879.0,1063.0,1202.0,1258.0,1326.0,1410.0,1412.0,1746.0,1021.0,298.0,535.0,369.0,929.0,2712.0,3805.0,4202.0,3948.0,1729.0,1021.0,240.0,502.0,352.0,992.0,2825.0,3881.0,4333.0,4152.0,1730.0,998.0,327.0,668.0,481.0,1166.0,2952.0,3881.0,4321.0,4250.0,1717.0,1019.0,493.0,958.0,694.0,1630.0,3055.0,3780.0,4175.0,3917.0,1896.0,1196.5,581.0,1076.0,855.0,1727.0,3071.0,3458.5,4018.5,3863.0,2095.0,1334.5,642.0,1181.5,1149.0,1997.5,2944.5,3399.5,3800.0,3593.5,2353.5,1507.5,1003.5,1493.5,1615.5,2247.0,3000.5,3330.0,3766.0,3555.0,2683.0,1823.5,1087.5,1601.0,1905.5,2595.0,3008.0,3289.5,3789.0,3632.5,3361.0,2418.5,1184.0,1623.0,2196.0,2575.5,2839.5,3102.0,3591.5,3562.0,2704.0,1886.0,1006.0,1439.0,2036.0,2096.0,2265.0,2623.0,2858.0,2866.0,1850.0,1475.0,537.0,735.0,957.0,1049.0,1142.0,1117.0,1289.0,1331.0,2600.0,1911.0,820.0,1098.0,1375.0,1692.0,1854.0,2079.0,1981.0,2247.0,2805.0,2157.0,1024.5,1301.0,1729.5,1867.5,2002.5,2136.5,2406.0,2422.5,2284.0,1912.5,766.0,957.0,1197.5,1361.5,1472.0,1550.5,1685.5,1718.5,2216.0,1905.0,785.0,943.0,1141.0,1342.0,1436.0,1562.0,1604.0,1680.0,1333.0,1088.0,399.0,508.0,661.0,755.0,808.0,892.0,952.0,988.0,987.0,882.0,927.0,771.0,721.0,792.0,938.0,1035.0,1091.0,1075.0,1274.0,967.0,422.0,591.0,709.0,870.0,884.0,973.0,1008.0,1022.0,323.0,221.0,164.0,162.0,131.0,176.0,199.0,223.0,233.0,266.0,2145.0,1739.0,839.0,1055.0,1242.0,1398.0,1440.0,1518.0,1650.0,1695.0,1951.0,1569.5,881.0,1008.0,1162.5,1290.0,1300.0,1457.0,1596.5,1478.0,1607.0,1245.0,595.0,744.0,881.0,941.0,952.0,1121.0,1204.0,1156.0,2174.5,1754.5,915.0,1088.0,1259.0,1353.5,1476.0,1575.5,1683.0,1671.5,2184.5,1756.0,927.5,1113.0,1296.5,1401.5,1526.5,1600.5,1730.5,1697.0,"{""type"":""MultiPoint"",""coordinates"":[]}"
129_0,3,1820.5,1581.0,828.5,867.5,993.0,1116.0,1161.5,1255.0,1331.5,1311.0,2632.0,2487.0,773.0,1035.0,1391.0,1518.0,1552.0,1618.0,1787.0,1775.0,2434.0,2342.0,722.0,945.0,1234.0,1375.0,1436.0,1526.0,1623.0,1663.0,775.5,743.0,448.0,639.5,776.0,910.5,859.5,939.5,910.5,855.0,249.5,219.0,225.0,395.0,376.0,508.5,307.5,375.0,312.0,297.0,382.5,310.5,188.0,383.0,349.0,557.0,583.0,693.5,612.0,597.5,621.0,462.0,203.0,471.0,221.0,656.0,888.0,1046.0,977.0,866.0,1226.0,701.0,203.0,488.0,221.0,822.0,2013.0,2338.0,2339.0,2182.0,1288.0,661.0,92.0,259.0,77.0,516.0,2379.0,3484.0,3470.0,3520.0,1415.0,667.5,36.0,243.5,7.0,449.5,2749.0,4411.5,4363.5,4452.5,1398.0,657.0,49.0,251.0,15.0,455.5,2831.0,4608.5,4648.0,4786.0,2710.5,2510.5,1410.0,1467.5,1617.5,1776.0,1852.5,1956.0,2023.5,2050.5,1470.5,690.5,67.5,290.5,38.0,533.5,3009.5,4700.0,4783.5,4980.5,1552.0,723.5,230.5,811.0,324.5,1359.0,3606.5,4695.0,4838.5,4956.0,1631.0,801.0,534.0,919.0,697.0,1478.0,3438.0,4277.0,4278.0,4541.0,1741.0,965.0,717.0,1153.0,1068.0,1860.0,3134.0,3627.0,3774.0,3922.0,1857.0,1053.0,652.0,1128.0,1068.0,1906.0,2883.0,3283.0,3550.0,3624.0,4054.0,2806.0,1014.0,1456.0,1952.0,2510.0,2883.0,3214.0,3429.0,3617.0,4440.5,3252.5,1093.0,1493.0,2062.0,2493.5,2781.0,3069.5,3317.0,3494.5,4251.0,3219.0,968.0,1322.0,1973.0,2359.0,2613.0,2866.0,3195.0,3269.0,4013.0,2945.0,913.0,1222.0,1828.0,2141.0,2353.0,2640.0,2939.0,3102.0,3268.5,2387.0,784.0,1121.5,1609.5,1938.5,2144.0,2294.5,2480.5,2660.0,2259.0,1905.0,619.0,796.0,1060.0,1242.0,1343.0,1466.0,1592.0,1638.0,3591.0,2832.0,792.5,1048.0,1412.0,1731.0,1885.0,2033.5,2166.5,2350.5,2905.5,2548.0,963.0,1107.5,1340.0,1521.0,1627.0,1779.0,1931.0,1946.5,2638.0,2595.0,670.5,758.0,962.5,1079.5,1143.5,1287.5,1442.5,1432.5,2504.5,2464.0,649.0,760.5,931.0,1062.0,1146.5,1253.5,1422.5,1437.5,1740.0,1466.5,344.5,489.5,692.0,840.5,937.0,1036.5,1203.5,1235.0,0.0,0.0,0.0,0.0,0.0,0.0,0.0,0.0,0.0,0.0,1827.0,1430.0,338.0,535.0,781.0,988.0,1096.0,1169.0,1359.0,1413.0,2158.0,1819.0,1376.0,1405.5,1415.5,1608.0,1824.5,1815.0,2128.0,1825.5,2481.0,2085.0,622.0,875.5,1065.5,1367.0,1686.5,1807.5,1959.5,1996.0,2560.0,2169.0,728.0,929.5,1129.5,1445.0,1770.5,1914.0,2065.0,2103.5,2205.0,2031.0,662.0,847.0,1067.0,1218.0,1350.0,1463.0,1566.0,1626.0,2180.0,2055.5,567.0,772.5,1035.0,1163.0,1244.0,1355.0,1485.0,1479.5,2305.5,2199.0,611.5,869.0,1143.5,1274.0,1351.5,1426.0,1570.5,1570.0,"{""type"":""MultiPoint"",""coordinates"":[]}"
130_0,3,1915.5,1577.5,616.5,768.5,1032.0,1145.0,1228.0,1287.5,1388.5,1425.5,2221.0,1912.0,885.5,1154.0,1419.5,1539.5,1573.5,1650.5,1748.5,1746.0,2280.5,1951.0,821.0,1062.0,1352.5,1484.0,1520.0,1579.0,1662.5,1692.0,1557.5,1282.0,581.5,799.0,1014.0,1153.0,1100.0,1180.0,1182.5,1211.0,514.0,365.0,525.0,736.0,791.0,947.0,754.0,785.0,740.0,688.0,659.0,441.0,524.0,748.0,815.0,1025.0,964.0,1034.0,1015.0,958.0,896.0,712.0,492.0,809.0,618.0,1128.0,1332.0,1443.0,1467.0,1366.0,1528.0,933.0,480.0,809.0,528.0,1153.0,2758.0,3048.0,3136.0,2948.0,1528.0,829.0,285.0,590.0,361.0,1093.0,3066.0,3772.0,3941.0,3869.0,1824.0,1028.5,277.0,608.0,469.5,1251.5,2845.5,3500.5,3694.5,3837.0,1938.0,1066.5,226.5,510.0,386.5,1021.0,2869.0,3846.5,4125.0,4210.0,2107.0,1759.0,690.0,868.0,1096.0,1267.0,1355.0,1387.0,1528.0,1568.0,1987.0,1092.0,256.0,522.0,383.0,971.0,3026.0,4163.0,4433.0,4447.0,1849.0,979.0,192.0,563.0,356.0,1077.0,3127.0,4212.0,4433.0,4499.0,1837.0,988.0,330.0,786.0,507.0,1404.0,3369.0,4314.0,4465.0,4505.0,2154.0,1174.0,539.0,1044.0,808.0,1838.0,3360.0,4068.0,4443.0,4460.0,2239.0,1304.0,579.5,1119.5,971.5,1930.5,3298.5,3786.5,4273.0,4246.0,2663.0,1651.0,684.0,1249.5,1363.0,2237.0,3248.0,3645.5,4042.5,4065.0,3284.5,2094.0,1046.0,1483.5,1848.5,2561.0,3118.0,3579.5,3923.0,3943.0,4062.5,2865.5,1093.0,1501.5,2134.5,2597.5,2943.0,3223.5,3585.0,3703.0,3549.0,2574.0,1046.5,1467.0,2083.0,2438.5,2649.5,2819.5,3186.5,3196.5,2431.0,1867.0,763.0,991.0,1366.0,1696.0,1732.0,1825.0,1834.0,2060.0,2080.0,1730.5,663.5,833.5,1103.0,1236.5,1276.0,1405.0,1500.5,1532.5,2481.0,1919.5,774.5,1023.5,1405.5,1665.0,1756.0,1842.5,1893.5,2064.0,2408.5,1873.0,838.5,1068.0,1392.0,1596.5,1703.0,1793.0,1873.0,1987.0,2199.5,1762.5,662.0,846.5,1106.0,1290.0,1364.0,1427.0,1529.0,1613.5,2281.5,1859.5,705.5,866.5,1139.0,1295.5,1377.5,1470.0,1547.0,1672.5,1883.0,1302.0,535.0,663.0,893.0,1032.0,1090.0,1164.0,1294.0,1322.0,0.0,0.0,0.0,0.0,0.0,0.0,0.0,0.0,0.0,0.0,1669.0,1283.0,515.0,670.0,857.0,944.0,1046.0,1090.0,1184.0,1232.0,1856.0,1542.0,625.0,703.0,892.0,979.0,1025.0,1113.0,1199.0,1212.0,2207.0,1859.0,730.0,924.0,1166.0,1254.0,1325.0,1418.0,1525.0,1559.0,2194.0,1835.5,789.5,924.5,1155.5,1272.5,1321.5,1396.0,1515.0,1526.5,2155.5,1767.5,761.0,877.0,1097.0,1205.0,1233.0,1316.0,1450.0,1463.5,1936.0,1666.0,589.0,769.0,988.0,1095.0,1150.0,1266.0,1356.0,1394.0,1936.0,1679.0,646.0,839.0,1059.0,1181.0,1227.0,1292.0,1380.0,1417.0,"{""type"":""MultiPoint"",""coordinates"":[]}"
131_0,3,2041.5,1652.5,625.0,778.0,1032.0,1158.5,1214.0,1295.5,1414.5,1452.5,2251.5,1865.0,736.5,927.5,1173.0,1292.0,1350.5,1454.0,1539.0,1593.0,2592.0,2196.5,942.5,1208.5,1483.0,1597.5,1628.5,1696.0,1797.5,1832.0,2938.5,2508.0,1139.0,1447.5,1763.0,1911.0,1919.0,2046.5,2128.5,2139.5,1043.0,885.0,1131.0,1435.0,1664.0,1746.0,1559.0,1646.0,1495.0,1412.0,391.0,319.0,751.0,1004.0,1024.0,1180.0,880.0,963.0,895.0,830.0,603.0,434.0,559.0,888.0,816.0,1135.0,1127.0,1229.0,1197.0,1065.0,807.0,614.0,559.0,863.0,731.0,1135.0,1381.0,1436.0,1444.0,1338.0,1394.0,831.0,436.0,779.0,509.0,1092.0,2230.0,2690.0,2530.0,2430.0,1713.5,902.5,271.0,611.0,321.5,940.0,2916.0,3820.0,3748.5,3709.5,1609.5,797.5,148.5,406.0,177.0,697.5,2895.0,4032.0,4165.0,4344.5,2269.0,1870.0,724.0,911.0,1150.0,1301.0,1348.0,1464.0,1539.0,1616.0,1616.0,791.0,194.0,421.0,207.0,674.0,3104.0,4413.0,4448.0,4753.0,1654.0,772.0,90.0,418.0,165.0,825.0,3467.0,4814.0,5025.0,5072.0,1718.0,823.0,312.0,815.0,449.0,1400.0,3681.0,4866.0,5070.0,5139.0,1943.0,972.0,512.0,1101.0,741.0,1913.0,3743.0,4506.0,4658.0,4857.0,2000.0,1131.5,563.5,1150.0,917.5,2004.5,3638.5,4107.5,4447.5,4462.0,2546.0,1575.0,773.0,1396.5,1509.5,2552.5,3604.0,4009.5,4240.5,4372.0,3214.0,2152.0,1145.5,1781.5,2310.0,3198.0,3883.0,4227.5,4540.0,4604.0,3673.0,2613.0,1263.0,1749.0,2412.0,3015.0,3264.0,3527.0,3740.0,3847.0,3798.0,2775.0,1221.0,1643.0,2343.0,2756.0,2910.0,3077.0,3283.0,3378.0,3839.5,2685.5,1122.0,1573.0,2235.0,2732.5,2806.5,3067.5,3032.5,3443.5,2290.5,1903.0,683.0,868.0,1170.5,1292.5,1366.5,1446.0,1596.0,1617.5,2864.0,2236.5,835.0,1118.0,1560.0,1824.5,1913.5,2004.0,2057.5,2226.5,2835.5,2202.0,884.0,1131.5,1515.5,1754.5,1863.0,1961.0,2027.5,2173.0,2562.5,2068.0,691.5,895.0,1204.5,1381.5,1472.0,1524.5,1644.0,1736.0,2641.5,2133.5,747.0,922.0,1225.5,1382.0,1472.0,1554.0,1648.0,1710.5,1862.0,1316.0,500.0,632.0,868.0,1008.0,1000.0,1082.0,1184.0,1245.0,0.0,0.0,0.0,0.0,0.0,0.0,0.0,0.0,0.0,0.0,1898.0,1436.0,579.0,771.0,991.0,1102.0,1131.0,1207.0,1337.0,1368.0,2149.0,1760.0,732.0,892.0,1072.0,1170.0,1212.0,1273.0,1394.0,1415.0,2615.0,2190.0,882.0,1109.0,1349.0,1495.0,1558.0,1613.0,1738.0,1773.0,2252.0,2216.0,1120.0,1288.0,1529.0,1680.0,1759.0,1829.0,2018.0,1979.0,2110.5,1669.0,669.5,828.0,1036.5,1147.0,1184.5,1251.0,1374.5,1391.5,2561.0,2127.0,937.0,1096.0,1295.0,1471.0,1653.0,1759.0,1869.0,1890.0,2370.0,1957.0,757.0,974.0,1231.0,1362.0,1417.0,1501.0,1605.0,1649.0,"{""type"":""MultiPoint"",""coordinates"":[]}"
132_0,3,3245.0,2519.5,1024.5,1144.5,1447.5,1635.0,1797.0,1922.0,2188.5,2201.5,2212.0,2014.0,645.0,904.0,1207.0,1348.0,1415.0,1494.0,1586.0,1603.0,2446.0,2321.0,793.0,1059.0,1396.0,1544.0,1582.0,1699.0,1791.0,1797.0,1740.5,1640.0,589.0,812.0,1065.0,1201.5,1149.0,1252.5,1281.5,1301.5,412.0,381.0,503.0,685.0,780.0,897.0,741.0,797.0,778.0,641.0,412.0,381.0,431.0,657.0,640.0,871.0,741.0,797.0,778.0,641.0,551.0,444.0,284.0,548.0,406.0,823.0,863.0,964.0,910.0,837.0,1613.0,947.0,284.0,631.0,380.0,952.0,1933.0,2136.0,2135.0,2213.0,1110.0,640.0,238.0,489.0,239.0,769.0,1787.0,2134.0,2135.0,1963.0,1135.5,586.5,118.0,367.0,148.0,644.0,2096.0,2671.5,2571.5,2661.0,1136.0,564.5,72.5,250.5,78.5,471.5,2163.5,3024.5,3019.5,3033.5,3425.5,2913.5,1844.0,1986.5,2169.0,2348.0,2456.5,2550.5,2673.5,2724.5,1303.0,602.0,51.5,241.5,39.0,485.5,2595.5,3776.0,3771.0,3857.5,1280.5,613.5,118.0,486.5,149.0,866.0,3009.0,4079.0,4089.5,4210.0,1297.0,632.0,499.0,813.0,593.0,1271.0,3154.0,3960.0,3956.0,4128.0,1413.0,788.0,685.0,1091.0,988.0,1826.0,3104.0,3522.0,3650.0,3711.0,1647.0,959.0,607.0,1079.0,988.0,1848.0,2896.0,3190.0,3456.0,3495.0,1999.0,1195.0,556.0,1104.0,1139.0,2009.0,2889.0,3190.0,3374.0,3495.0,4311.5,3052.5,1115.0,1554.5,2147.0,2632.5,2983.5,3296.5,3575.5,3755.5,4060.5,3021.0,1060.0,1448.0,2068.5,2475.5,2734.0,2978.0,3262.5,3341.5,3784.0,2798.0,1055.0,1435.0,1910.0,2190.0,2442.0,2632.0,3028.0,3073.0,3231.0,2369.5,832.5,1166.5,1603.0,1872.0,2157.0,2350.0,2561.5,2633.5,3265.0,2572.0,652.0,893.0,1297.0,1451.0,1526.0,1648.0,1913.0,1957.0,3325.0,2646.0,738.5,1008.5,1340.0,1594.5,1872.5,2043.5,2188.5,2298.0,4340.0,3763.0,2231.5,2417.0,2651.5,2903.5,3206.5,3361.0,3565.0,3546.5,3011.5,2451.0,746.5,861.5,1051.0,1280.5,1567.0,1714.5,1847.5,1909.0,2884.0,2338.5,725.0,857.0,1018.5,1268.0,1553.5,1704.5,1810.0,1878.0,2312.5,1705.0,424.5,620.0,814.5,1088.0,1304.0,1421.5,1611.5,1671.0,0.0,0.0,0.0,0.0,0.0,0.0,0.0,0.0,0.0,0.0,3766.0,2906.0,908.0,1235.0,1759.0,1976.0,2020.0,2181.0,2440.0,2532.0,3048.0,2676.0,1008.0,1297.0,1788.0,2059.0,2020.0,2225.0,2440.0,2532.0,3637.0,2854.0,1032.0,1314.0,1790.0,2059.0,2077.0,2290.0,2544.0,2553.0,1982.5,1607.5,580.5,673.5,886.5,965.5,1021.0,1128.5,1259.5,1270.0,1494.0,1294.0,465.0,600.0,831.0,910.0,948.0,1017.0,1124.0,1130.0,1964.0,1753.5,542.5,723.5,1016.5,1106.0,1167.0,1229.0,1359.5,1364.5,2034.0,1857.0,600.0,805.5,1094.0,1182.5,1241.0,1314.5,1434.5,1454.5,"{""type"":""MultiPoint"",""coordinates"":[]}"
133_0,3,1853.0,1546.0,535.0,668.0,904.5,1033.0,1064.0,1131.0,1251.5,1260.5,2414.0,2072.5,956.0,1269.0,1553.0,1645.0,1689.5,1764.5,1885.0,1843.0,2285.0,1963.5,839.0,1110.0,1380.0,1482.0,1510.5,1588.0,1705.5,1639.0,477.5,470.5,673.5,930.5,945.0,1230.0,1091.0,1178.0,1098.5,1045.0,280.5,219.0,554.0,794.5,886.5,1157.0,1065.5,1092.0,1116.5,1094.0,284.0,219.5,546.5,852.5,855.0,1184.5,1148.5,1180.0,1230.5,1126.5,828.0,598.5,484.0,761.5,651.5,1130.0,1694.5,1866.0,1689.0,1682.0,1414.5,849.0,482.5,817.5,568.5,1160.5,2485.0,2934.5,2772.5,2892.0,1665.5,849.0,306.0,632.5,356.0,1077.0,3005.5,3792.5,3833.5,3852.5,1738.0,864.5,223.0,589.5,325.5,1067.5,3146.0,4112.5,4187.0,4298.0,1698.5,853.0,189.0,452.0,264.0,912.0,2969.5,4140.5,4279.0,4353.0,2108.5,1779.0,582.0,796.0,1058.0,1193.0,1220.5,1300.0,1396.5,1431.5,1727.0,848.0,208.0,507.0,271.0,964.5,3170.0,4363.5,4494.0,4650.5,1678.0,825.0,241.0,724.5,359.0,1321.0,3550.0,4428.5,4649.0,4732.0,1713.5,852.5,367.0,828.0,550.5,1472.0,3472.5,4181.5,4312.5,4473.5,1861.0,1002.0,556.5,965.5,916.5,1852.5,3190.0,3655.0,3891.5,4033.0,2129.5,1247.0,622.0,1077.5,1189.5,2000.0,2907.0,3285.5,3691.5,3728.5,2645.0,1662.0,754.0,1262.0,1590.0,2334.0,2909.0,3237.0,3542.0,3733.0,3986.0,2730.0,1138.0,1588.5,2330.0,2730.0,2999.0,3267.5,3606.0,3713.5,3965.0,2740.0,1035.0,1469.0,2174.0,2714.0,2905.5,3257.0,3606.0,3698.5,3483.5,2625.0,1054.0,1509.0,2097.0,2363.0,2622.5,2801.0,3231.5,3119.0,2184.5,1648.5,743.5,1041.5,1456.0,1664.0,1718.5,1813.5,1917.0,1950.0,2013.0,1674.0,484.5,714.0,984.5,1127.0,1143.5,1252.0,1366.5,1387.5,2514.5,1958.0,869.5,1173.0,1602.0,1802.0,1861.0,2016.5,2156.0,2118.0,2402.0,1891.5,919.0,1161.0,1501.5,1675.5,1729.0,1855.5,1986.0,1961.0,2124.5,1734.0,692.0,859.5,1169.5,1289.0,1362.0,1446.0,1636.5,1594.0,1818.0,1530.0,553.5,771.0,1000.0,1168.0,1181.0,1250.0,1310.5,1396.0,1454.0,1234.0,376.0,517.0,716.5,787.5,845.0,917.5,1004.5,1006.5,0.0,0.0,0.0,0.0,0.0,0.0,0.0,0.0,0.0,0.0,1545.0,1160.0,419.5,595.0,806.0,909.5,965.0,1051.5,1136.0,1179.5,1874.0,1521.0,614.0,747.5,927.5,1065.0,1081.0,1153.5,1253.0,1252.5,2436.0,1982.5,848.5,1070.0,1318.5,1478.0,1512.0,1607.5,1737.5,1729.0,2403.5,2004.0,813.0,1007.0,1282.5,1407.5,1417.0,1515.0,1660.5,1655.5,2193.0,1816.0,803.5,906.5,1123.0,1231.5,1241.5,1329.0,1464.0,1450.5,2173.5,1862.5,716.5,925.5,1186.5,1291.5,1351.5,1402.5,1550.0,1506.5,2197.5,1910.5,777.0,1003.5,1279.5,1396.0,1453.0,1531.5,1606.0,1611.0,"{""type"":""MultiPoint"",""coordinates"":[]}"
134_0,3,1995.5,1632.0,740.5,901.5,1158.0,1286.5,1325.5,1377.0,1506.0,1516.5,2561.5,2182.0,974.5,1261.5,1579.0,1703.0,1705.5,1808.5,1928.0,1928.0,2668.5,2278.5,971.0,1243.5,1591.5,1723.0,1677.5,1786.0,1908.5,1918.0,461.5,386.5,533.0,683.5,780.5,909.0,891.5,927.5,903.5,933.5,289.0,210.5,459.0,632.0,706.5,843.0,772.0,853.0,841.5,816.5,306.5,295.5,519.5,713.0,711.5,996.0,936.0,1028.5,1001.5,907.5,755.5,581.0,464.0,735.5,567.5,1052.0,1637.0,1748.0,1650.0,1605.5,1446.5,736.5,326.0,702.5,313.0,1026.0,3384.0,3993.5,4054.5,3921.0,1536.0,763.0,159.0,514.0,243.5,959.0,3529.0,4598.0,4745.5,4697.0,1679.5,868.0,196.5,550.0,314.5,992.0,3202.5,4168.0,4383.5,4585.5,1743.5,889.5,194.0,491.0,265.5,902.5,3032.5,4258.5,4497.5,4726.0,2313.0,1920.5,790.0,1014.5,1318.5,1468.0,1495.0,1551.5,1613.5,1718.0,1845.5,922.0,199.0,512.5,260.0,912.5,3131.5,4331.5,4584.5,4777.0,1816.5,901.0,232.5,686.5,320.0,1237.5,3459.0,4456.5,4718.5,4920.5,1899.5,975.0,395.0,850.0,538.5,1422.0,3481.0,4343.5,4530.0,4787.5,2098.0,1152.5,598.5,1090.5,909.5,1860.5,3371.0,3961.5,4267.0,4475.0,2379.5,1361.0,653.0,1164.5,1186.0,2048.5,3243.0,3781.5,4217.5,4287.5,2939.0,1784.0,814.0,1347.0,1646.0,2411.0,3267.0,3723.0,4068.0,4227.0,4249.0,2967.5,1262.5,1696.0,2403.5,2922.0,3367.5,3733.0,4108.0,4349.5,4348.5,2980.5,1191.0,1668.0,2474.0,2922.0,3228.0,3544.5,3965.5,4049.5,3568.5,2694.0,1121.5,1509.0,2145.5,2427.0,2676.5,2899.0,3347.0,3333.5,2148.5,1643.0,799.5,965.5,1347.0,1569.5,1629.5,1699.5,1770.0,1906.5,2138.0,1803.5,702.5,924.5,1196.0,1332.0,1376.0,1445.5,1578.0,1601.0,2437.5,1896.5,852.0,1095.0,1498.0,1717.0,1769.5,1878.0,1956.0,2035.0,2157.5,1701.5,910.0,1088.5,1388.0,1580.5,1607.0,1678.5,1758.5,1836.0,2107.5,1716.0,732.0,906.5,1171.5,1318.5,1362.0,1433.5,1561.0,1586.5,1690.0,1411.0,554.0,688.0,894.5,1013.0,1005.0,1091.5,1205.5,1173.0,1212.5,1053.5,329.5,407.5,601.0,680.0,708.0,738.0,805.0,820.5,0.0,0.0,0.0,0.0,0.0,0.0,0.0,0.0,0.0,0.0,2253.5,1900.5,722.0,934.0,1196.0,1309.0,1357.5,1406.0,1525.5,1530.0,2340.5,1970.5,843.5,973.0,1195.0,1330.0,1364.0,1429.5,1529.0,1562.5,2316.5,1950.5,785.5,1011.5,1257.0,1393.0,1430.0,1517.5,1625.0,1638.0,2391.0,1948.0,825.5,978.5,1210.0,1363.0,1415.5,1482.0,1612.5,1632.5,2391.0,1948.0,825.5,978.5,1210.0,1363.0,1415.5,1482.0,1612.5,1632.5,2109.5,1778.5,683.5,860.5,1109.5,1212.5,1258.5,1340.5,1455.5,1447.5,2381.5,2074.5,771.0,996.0,1272.5,1406.0,1424.5,1544.0,1669.0,1645.5,"{""type"":""MultiPoint"",""coordinates"":[]}"
135_0,3,1625.0,1419.0,808.5,867.5,922.0,1074.0,1223.0,1269.5,1320.0,1379.0,2568.0,2411.0,975.0,1226.0,1535.0,1686.0,1721.0,1779.0,1889.0,1913.0,2566.0,2488.0,960.0,1163.0,1472.0,1621.0,1663.0,1755.0,1845.0,1882.0,560.0,530.5,573.0,722.0,715.5,853.5,681.5,736.0,639.5,687.0,294.0,256.5,310.0,486.5,450.0,610.5,452.5,516.0,447.0,399.5,393.5,295.0,349.0,578.5,428.5,738.0,807.0,887.0,866.5,721.0,762.0,506.0,292.0,580.0,334.0,822.0,1334.0,1408.0,1357.0,1293.0,1075.0,650.0,258.0,580.0,292.0,879.0,1789.0,2008.0,1999.0,1906.0,1273.0,647.0,107.0,344.0,127.0,665.0,2370.0,2924.0,3022.0,2894.0,1421.0,663.0,62.5,273.0,51.5,551.0,2684.0,4061.5,4147.0,4211.0,1340.0,623.0,46.5,261.0,52.5,491.0,2709.0,4342.0,4458.0,4445.5,1814.0,1509.0,767.0,804.0,830.0,1038.5,1313.0,1407.0,1538.0,1541.0,1389.5,648.0,56.0,272.0,57.5,509.0,2793.5,4591.0,4693.0,4858.0,1402.5,655.5,179.5,587.0,229.0,1054.0,3257.0,4587.5,4782.0,4870.0,1499.0,709.0,527.0,867.0,617.0,1352.0,3371.0,4452.0,4515.0,4716.0,1607.0,860.0,698.0,1089.0,925.0,1742.0,3267.0,3862.0,4084.0,4127.0,1682.0,913.0,595.0,1041.0,925.0,1742.0,2987.0,3534.0,3866.0,3855.0,2147.0,1256.0,619.0,1107.0,1199.0,2046.0,3021.0,3393.0,3656.0,3779.0,4388.0,3139.5,1218.5,1648.5,2223.5,2684.5,3142.5,3411.0,3789.0,3860.5,4604.0,3407.0,1245.0,1701.0,2411.0,2836.0,3116.0,3389.0,3641.0,3660.0,4196.0,3174.0,1284.0,1721.0,2425.0,2726.0,2945.0,3204.0,3566.0,3548.0,4086.5,3002.5,1212.0,1599.5,2306.0,2687.0,2865.5,3029.0,3271.5,3289.5,1649.0,1350.0,378.0,586.0,739.0,992.0,1298.0,1357.0,1479.0,1474.0,3998.0,3176.0,976.0,1285.0,1739.0,2039.0,2204.0,2393.0,2463.0,2706.0,3304.0,2964.0,1530.0,1596.0,1746.0,1982.0,2095.0,2198.0,2322.0,2337.0,2580.5,2431.5,583.5,692.5,877.5,1093.5,1240.0,1340.5,1464.5,1539.5,2650.0,2526.0,667.5,760.0,927.0,1130.0,1314.5,1398.0,1486.0,1588.0,2173.5,1739.0,460.0,660.0,883.5,1097.5,1376.5,1501.0,1654.0,1699.0,0.0,0.0,0.0,0.0,0.0,0.0,0.0,0.0,0.0,0.0,1598.0,1235.0,299.0,554.0,646.0,989.0,1419.0,1555.0,1646.0,1639.0,1738.0,1457.5,754.5,870.0,868.0,1166.0,1605.5,1743.0,1779.0,1783.0,1766.0,1324.5,416.0,716.5,698.0,1147.5,1898.5,2013.5,2197.0,2153.5,1815.0,1453.5,543.0,706.0,797.0,1129.0,1567.5,1669.0,1849.0,1823.5,1904.0,1632.0,555.0,693.0,874.0,1099.0,1239.0,1290.0,1423.0,1451.0,2304.5,2152.5,783.5,1011.0,1281.0,1420.5,1484.0,1552.0,1702.0,1699.5,2550.5,2442.5,866.5,1124.0,1424.0,1580.0,1626.0,1710.0,1811.5,1845.5,"{""type"":""MultiPoint"",""coordinates"":[]}"
136_0,3,1591.5,1334.0,543.5,646.5,841.0,928.5,987.5,1054.5,1116.0,1139.5,2231.5,1947.0,877.0,1134.0,1363.0,1474.0,1512.5,1571.5,1677.5,1647.0,2282.5,2020.0,907.5,1155.5,1370.5,1494.5,1531.5,1592.0,1673.0,1670.0,2234.0,1996.5,909.5,1142.5,1351.5,1461.0,1493.5,1556.0,1625.0,1637.5,423.0,407.0,1094.0,1458.0,1505.0,1631.0,1189.0,1203.0,1157.0,936.0,309.0,277.0,795.0,1097.0,1133.0,1304.0,1108.0,1203.0,1115.0,936.0,445.0,351.0,625.0,978.0,854.0,1304.0,1312.0,1392.0,1261.0,1145.0,669.0,507.0,520.0,815.0,677.0,1325.0,1598.0,1758.0,1676.0,1453.0,733.0,501.0,486.0,756.0,640.0,1242.0,1598.0,1854.0,1723.0,1584.0,921.0,580.5,326.5,570.0,410.5,986.0,1872.0,2141.0,2071.5,1949.5,1244.5,694.0,282.5,566.5,376.5,954.5,2523.0,3084.0,3099.0,3029.0,1818.0,1514.0,644.0,803.0,989.0,1117.0,1138.0,1160.0,1241.0,1321.0,1346.0,684.0,282.0,547.0,334.0,891.0,2670.0,3357.0,3368.0,3356.0,1279.0,629.0,137.0,416.0,204.0,737.0,2765.0,3538.0,3501.0,3509.0,1271.0,629.0,137.0,397.0,157.0,716.0,2911.0,3879.0,3801.0,3917.0,1523.0,747.0,362.0,745.0,370.0,1183.0,3428.0,4204.0,4278.0,4274.0,1630.5,813.5,397.0,886.5,431.5,1418.5,3512.5,4177.0,4406.0,4304.5,1662.5,895.5,408.5,964.5,559.0,1704.0,3222.5,3561.5,3752.5,3792.5,2008.0,1049.0,715.0,1313.0,1081.0,2176.0,3167.0,3452.0,3718.0,3768.0,2313.5,1396.5,717.5,1354.5,1251.5,2317.5,3154.0,3438.0,3755.5,3798.5,3441.0,2386.5,1062.0,1539.0,2014.5,2578.5,2972.0,3222.0,3468.0,3525.0,3831.0,2756.0,1246.0,1725.0,2484.0,3017.0,3183.0,3465.0,3509.0,3785.0,1687.0,1412.0,451.0,669.0,858.0,975.0,1022.0,1082.0,1180.0,1167.0,3360.0,2441.0,899.0,1322.0,1882.0,2205.0,2404.0,2554.0,2618.0,2827.0,3232.0,2367.5,940.0,1253.5,1706.5,2007.5,2126.5,2356.5,2508.5,2597.0,2883.5,2250.0,675.0,875.0,1218.5,1424.5,1547.5,1672.5,1834.0,1909.5,2967.0,2372.0,725.0,895.0,1241.0,1443.0,1569.0,1660.0,1826.0,1959.0,2338.0,1526.0,556.0,735.0,1016.0,1185.0,1280.0,1392.0,1630.0,1601.0,0.0,0.0,0.0,0.0,0.0,0.0,0.0,0.0,0.0,0.0,1565.0,1228.0,481.0,667.0,850.0,975.0,994.0,1053.0,1115.0,1118.0,1988.0,1731.0,859.0,979.0,1110.0,1237.0,1283.0,1338.0,1452.0,1420.0,2339.0,1953.0,814.0,1065.0,1297.0,1426.0,1491.0,1564.0,1649.0,1652.0,2493.0,2173.0,1018.0,1229.0,1455.0,1559.0,1641.0,1685.0,1840.0,1827.0,1831.0,1563.0,583.0,703.0,922.0,998.0,1032.0,1097.0,1163.0,1203.0,1938.0,1659.0,676.0,869.0,1064.0,1153.0,1208.0,1287.0,1341.0,1365.0,2022.5,1755.0,782.5,965.5,1161.0,1253.5,1300.0,1372.5,1447.0,1433.5,"{""type"":""MultiPoint"",""coordinates"":[]}"
137_0,3,1637.0,1395.5,472.5,606.0,813.5,921.0,960.5,1019.5,1104.5,1118.5,2262.0,1950.5,943.5,1193.5,1424.0,1530.5,1574.5,1646.0,1701.0,1716.5,2027.0,1713.5,686.5,931.0,1148.0,1251.0,1250.5,1313.0,1397.0,1411.5,227.5,197.5,440.5,674.0,693.0,853.5,624.0,696.5,694.5,586.5,148.0,147.5,537.0,772.0,815.5,956.0,743.0,830.5,753.0,692.0,281.5,230.0,543.0,862.5,866.5,1126.0,914.0,973.5,884.0,751.5,502.5,381.5,421.5,783.5,646.5,1029.0,1039.0,1183.5,1063.5,976.5,904.0,544.5,434.5,752.0,589.0,1041.0,1533.5,1800.0,1631.0,1609.5,1675.0,810.5,274.5,579.0,290.5,923.5,3035.0,3857.0,3795.5,3874.0,1721.0,820.5,207.0,565.0,237.0,898.5,3141.5,4283.0,4207.5,4347.5,1574.5,736.0,158.5,384.0,172.5,689.0,2970.0,4307.0,4332.5,4451.0,1851.0,1614.0,522.5,695.5,952.5,1039.5,1085.0,1182.0,1256.5,1266.5,1626.0,761.5,183.0,416.5,180.0,752.0,3134.5,4601.5,4653.5,4751.5,1632.0,764.5,252.0,751.5,356.5,1366.0,3675.5,4776.5,4889.0,5001.0,1727.0,850.0,441.5,950.5,636.0,1668.5,3721.5,4476.5,4606.5,4745.5,2040.0,1095.5,666.0,1226.0,1073.0,2217.0,3551.0,4069.5,4270.0,4422.0,2428.0,1422.5,778.5,1380.5,1400.0,2487.5,3492.5,3856.0,4284.5,4312.0,2904.0,1818.0,939.0,1502.0,1870.0,2681.0,3455.0,3799.0,4086.0,4253.0,4055.5,2850.5,1220.0,1733.5,2427.5,2839.5,3070.0,3365.5,3664.5,3760.5,3998.5,2859.5,1143.0,1637.5,2427.5,2827.5,3004.0,3242.5,3624.0,3681.0,3609.5,2714.5,1120.5,1537.5,2152.0,2450.5,2689.5,2928.5,3271.0,3294.5,2145.0,1630.5,732.5,1036.0,1424.5,1637.0,1692.5,1771.0,1841.0,1935.5,1785.0,1524.5,440.0,636.5,876.0,985.0,1048.0,1127.5,1236.5,1257.5,2456.5,1922.0,849.0,1151.5,1552.0,1751.5,1814.5,1910.5,1976.5,2063.5,2386.0,1870.0,910.0,1165.0,1504.0,1693.0,1717.0,1826.5,1938.0,1985.5,2085.0,1723.0,669.0,838.5,1094.5,1246.5,1299.5,1388.0,1433.0,1488.0,1664.0,1436.5,520.5,703.0,942.0,1073.0,1094.5,1179.5,1193.5,1280.5,1341.5,1147.0,388.5,498.0,689.0,754.5,787.5,830.5,911.0,911.0,0.0,0.0,0.0,0.0,0.0,0.0,0.0,0.0,0.0,0.0,1241.5,891.5,342.5,483.5,649.0,765.0,820.0,879.5,974.0,996.5,1558.0,1159.5,528.5,635.0,767.5,911.0,944.0,998.0,1113.5,1087.0,2199.0,1811.5,750.5,978.0,1212.0,1348.0,1380.0,1451.0,1533.5,1531.0,2171.5,1806.0,762.5,927.0,1185.0,1288.5,1294.5,1378.5,1505.5,1518.0,2114.0,1786.0,766.0,900.5,1116.5,1231.0,1243.5,1338.5,1425.5,1435.0,1864.5,1610.0,597.0,782.0,978.5,1098.0,1119.5,1173.5,1262.5,1279.0,1944.0,1699.5,706.5,882.5,1083.0,1167.0,1229.5,1283.5,1359.5,1389.5,"{""type"":""MultiPoint"",""coordinates"":[]}"
138_0,3,1642.0,1350.0,506.0,608.5,829.0,901.0,907.0,1009.0,1110.5,1096.5,1890.0,1626.0,687.0,874.0,1077.0,1163.5,1182.5,1253.0,1347.0,1345.0,2101.5,1813.5,839.5,1066.0,1283.0,1368.5,1361.0,1418.0,1498.5,1496.5,2374.5,2081.0,1004.0,1262.5,1518.0,1614.5,1617.5,1685.0,1777.0,1775.5,1997.0,1761.0,998.0,1237.0,1494.0,1591.0,1577.0,1655.0,1694.0,1645.0,421.0,342.0,820.0,1030.0,1097.0,1216.0,1063.0,1073.0,1106.0,991.0,433.0,386.0,863.0,1093.0,1152.0,1298.0,1126.0,1160.0,1170.0,995.0,435.0,386.0,735.0,988.0,1056.0,1298.0,1135.0,1179.0,1144.0,1078.0,475.0,343.0,537.0,763.0,815.0,989.0,1013.0,1075.0,942.0,974.0,700.0,421.0,305.5,596.5,525.5,915.0,1378.0,1611.0,1359.5,1609.5,967.0,539.0,218.0,453.5,307.0,747.5,1554.5,2333.5,1799.5,2061.5,1838.0,1523.0,630.0,748.0,955.0,1030.0,1082.0,1130.0,1245.0,1293.0,1055.0,542.0,169.0,416.0,242.0,668.0,2134.0,2725.0,2345.0,2765.0,1169.0,575.0,58.0,285.0,91.0,708.0,2535.0,3298.0,3013.0,3169.0,1248.0,634.0,132.0,428.0,222.0,846.0,2686.0,3608.0,3456.0,3597.0,1463.0,726.0,315.0,697.0,410.0,1282.0,2903.0,3554.0,3681.0,3734.0,1618.0,872.5,363.5,797.0,529.0,1414.0,2918.5,3401.5,3729.0,3708.5,1963.0,1155.0,444.0,894.5,795.0,1643.0,2811.0,3204.0,3564.5,3655.0,2308.5,1387.0,656.5,1127.0,1115.5,1878.5,2814.5,3176.0,3559.5,3590.5,2676.5,1728.5,749.0,1210.5,1397.5,2051.0,2906.5,3226.0,3625.0,3670.0,3861.0,2615.0,992.0,1494.0,1930.0,2586.0,2986.0,3298.0,3847.0,3842.0,3863.5,2610.0,1004.5,1481.5,2126.0,2594.5,2865.5,3062.5,3492.5,3724.5,1806.0,1529.5,548.5,700.5,920.0,1017.0,1019.5,1102.5,1228.0,1248.5,3567.5,2509.0,873.0,1212.0,1732.0,2084.0,2339.0,2469.0,2825.5,2875.0,3372.5,2464.0,938.0,1239.0,1690.5,1958.5,2146.5,2350.5,2697.0,2671.0,3094.0,2393.5,710.5,903.0,1220.0,1420.0,1556.0,1686.0,1887.0,1956.0,3086.5,2417.5,737.0,893.0,1203.0,1417.0,1502.0,1626.5,1785.5,1928.0,1689.0,1368.0,447.0,567.0,810.0,884.0,918.0,998.0,1185.0,1145.0,0.0,0.0,0.0,0.0,0.0,0.0,0.0,0.0,0.0,0.0,1409.0,1091.0,441.0,579.0,727.0,824.0,807.0,871.0,976.0,1005.0,1634.0,1346.0,558.0,667.0,781.0,896.0,915.0,981.0,1023.0,1044.0,2089.0,1768.0,795.0,983.0,1176.0,1269.0,1248.0,1355.0,1462.0,1439.0,2012.5,1708.0,799.5,942.5,1092.0,1174.0,1173.5,1214.5,1364.0,1347.5,1609.5,1345.0,517.5,615.0,779.0,857.5,839.5,872.0,963.5,985.5,1977.0,1709.5,759.0,888.5,1057.0,1132.5,1211.5,1293.5,1387.0,1398.5,2086.0,1769.0,804.0,1000.0,1168.0,1265.0,1285.0,1380.0,1491.0,1456.0,"{""type"":""MultiPoint"",""coordinates"":[]}"
139_0,3,1686.5,1382.5,539.0,635.0,864.5,964.5,987.5,1074.0,1122.0,1163.0,1904.0,1625.0,655.0,831.0,1046.0,1156.5,1168.0,1251.5,1327.5,1354.0,2095.0,1817.0,809.0,1013.5,1248.5,1368.5,1343.0,1422.0,1461.0,1501.5,2373.0,2096.0,961.5,1209.0,1473.5,1605.0,1596.0,1699.5,1762.0,1766.0,2009.0,1790.0,959.0,1181.0,1429.0,1576.0,1512.0,1615.0,1480.0,1479.0,460.0,345.0,768.0,998.0,1004.0,1246.0,1054.0,1079.0,1099.0,978.0,355.0,286.0,612.0,796.0,840.0,1038.0,959.0,1061.0,1120.0,961.0,540.0,361.0,574.0,812.0,778.0,1095.0,1225.0,1250.0,1312.0,1259.0,756.0,499.0,433.0,679.0,588.0,959.0,1630.0,1599.0,1848.0,1634.0,1391.5,781.0,268.0,582.5,321.5,945.5,2601.0,3329.0,3452.5,3301.5,1703.5,855.5,167.5,440.5,191.0,810.5,3033.0,4285.0,4362.5,4224.0,1886.0,1564.0,606.0,774.0,972.0,1070.0,1131.0,1160.0,1265.0,1323.0,1731.0,831.0,199.0,474.0,216.0,803.0,3330.0,4560.0,4596.0,4715.0,1717.0,822.0,142.0,497.0,267.0,891.0,3425.0,4695.0,4755.0,4888.0,1750.0,845.0,239.0,603.0,382.0,1028.0,3469.0,4737.0,4855.0,5035.0,1770.0,886.0,433.0,893.0,640.0,1631.0,3430.0,4246.0,4346.0,4491.0,1821.0,993.5,466.5,936.0,736.5,1682.5,3132.5,3700.5,3977.0,3959.5,2037.5,1220.5,519.0,1008.5,1023.0,1907.0,2998.0,3398.0,3677.5,3829.5,2552.0,1550.0,796.0,1274.5,1483.5,2252.5,3066.0,3375.5,3746.0,3850.0,2934.0,1919.5,899.5,1403.0,1781.0,2491.5,3099.5,3369.0,3765.0,3851.0,3996.0,2789.0,1148.0,1554.0,2167.0,2699.0,2972.0,3248.0,3630.0,3783.0,3959.0,2683.0,1025.0,1481.5,2232.5,2641.5,2962.5,3137.5,3388.0,3776.5,1860.5,1559.5,583.0,705.5,949.5,1059.5,1062.0,1143.5,1252.5,1273.0,3634.0,2543.0,923.5,1311.5,1913.5,2230.5,2459.5,2562.5,2856.0,2987.5,3319.5,2401.0,896.0,1199.5,1679.0,1973.5,2122.0,2361.5,2497.0,2617.0,3029.0,2380.0,719.5,947.5,1283.0,1471.0,1599.0,1712.5,1914.0,2005.0,3097.0,2386.5,779.5,934.5,1271.5,1439.0,1559.0,1685.5,1922.5,1941.5,1533.0,1262.0,413.0,499.0,712.0,800.0,849.0,907.0,997.0,1029.0,0.0,0.0,0.0,0.0,0.0,0.0,0.0,0.0,0.0,0.0,1492.0,1209.0,510.0,628.0,809.0,892.0,908.0,947.0,1051.0,1059.0,1678.0,1410.0,616.0,690.0,851.0,949.0,967.0,1001.0,1099.0,1089.0,2145.0,1821.0,765.0,957.0,1159.0,1302.0,1293.0,1383.0,1456.0,1464.0,2069.0,1757.5,801.0,951.0,1118.5,1246.5,1222.0,1244.0,1410.5,1380.0,1671.0,1405.5,516.0,630.5,806.0,905.0,876.0,921.5,994.5,1039.5,2040.5,1770.5,742.0,871.0,1042.5,1160.5,1264.0,1334.5,1391.5,1448.5,2149.0,1814.0,771.0,979.0,1159.0,1275.0,1322.0,1426.0,1516.0,1525.0,"{""type"":""MultiPoint"",""coordinates"":[]}"
140_0,3,3744.5,3266.5,2577.0,2520.0,2669.5,2909.0,2936.5,3013.5,3193.0,3196.5,2878.0,2644.0,867.0,1157.0,1517.0,1697.0,1738.0,1885.0,1989.0,2032.0,2802.0,2676.0,856.0,1080.0,1436.0,1589.0,1647.0,1754.0,1887.0,1915.0,1877.5,1656.0,547.0,710.5,925.5,1090.0,1094.5,1208.0,1308.5,1308.5,1323.0,995.0,738.0,863.0,860.0,1070.0,948.0,976.0,1040.0,938.0,531.0,437.0,377.0,644.0,550.0,902.0,948.0,976.0,1012.0,805.0,694.0,531.0,255.0,499.0,343.0,733.0,927.0,977.0,933.0,834.0,2196.0,1262.0,253.0,705.0,286.0,1136.0,2878.0,3373.0,3370.0,3435.0,1602.0,907.0,273.0,555.0,271.0,858.0,2263.0,2720.0,2587.0,2722.0,1261.5,652.5,103.5,316.5,116.5,561.5,2064.5,2847.5,2712.0,2858.5,1330.5,649.0,65.0,313.5,117.0,554.5,2416.5,3570.5,3513.0,3704.5,3355.5,2931.5,1941.5,1904.5,2098.5,2224.0,2267.5,2358.0,2493.5,2513.5,1398.5,671.0,80.0,316.5,92.5,589.5,2586.0,3667.0,3570.0,3731.0,1591.0,749.0,171.0,554.0,184.5,943.5,3303.5,4266.0,4359.5,4500.5,1667.0,825.0,562.0,930.0,648.0,1446.0,3436.0,4259.0,4293.0,4469.0,1793.0,969.0,725.0,1200.0,1027.0,1955.0,3305.0,3774.0,3896.0,4010.0,1959.0,1115.0,715.0,1275.0,1109.0,2083.0,2989.0,3350.0,3600.0,3648.0,4668.0,3160.0,1333.0,1857.0,2471.0,3204.0,3486.0,3737.0,4129.0,4281.0,5101.5,3568.0,1454.5,1945.5,2842.5,3451.5,3653.5,4009.5,4344.5,4506.5,4905.0,3553.5,1341.0,1849.0,2506.5,2951.0,3230.0,3535.0,3938.0,4064.5,4582.5,3270.5,1158.0,1631.5,2398.0,2819.0,3104.5,3395.0,3852.0,3979.5,4110.0,3157.0,1010.0,1322.0,1779.0,2230.0,2367.0,2613.0,2786.0,2977.0,3516.5,2981.5,726.0,968.5,1390.0,1592.0,1707.5,1878.0,2102.0,2180.5,3632.0,2913.0,769.0,1043.0,1369.5,1653.5,1861.5,2042.0,2203.0,2363.0,2718.0,2266.0,1129.5,1235.0,1402.5,1626.0,1754.0,1905.5,1968.0,2086.0,3445.5,3077.0,795.0,910.0,1157.0,1410.5,1560.0,1719.5,1881.0,1979.0,3114.5,2777.5,732.5,857.0,1057.5,1293.5,1419.0,1559.5,1720.0,1805.5,2838.0,1965.0,547.0,699.0,933.0,1162.0,1344.0,1530.0,1665.0,1729.0,0.0,0.0,0.0,0.0,0.0,0.0,0.0,0.0,0.0,0.0,3485.0,2772.0,731.0,1098.0,1562.0,1835.0,1950.0,2131.0,2305.0,2447.0,3780.0,3121.0,852.0,1150.0,1566.0,1924.0,1970.0,2189.0,2305.0,2486.0,3858.0,3195.0,902.0,1227.0,1581.0,1941.0,2124.0,2276.0,2497.0,2631.0,3905.0,3213.5,1027.5,1281.5,1622.0,1961.0,2217.5,2392.5,2678.5,2709.0,2928.5,2414.5,749.0,960.0,1243.0,1476.5,1651.0,1760.5,1994.0,2025.0,2274.5,2099.5,605.0,787.0,1066.0,1169.0,1251.5,1354.5,1493.0,1494.0,2224.0,2078.5,599.5,793.5,1068.0,1153.0,1248.0,1358.0,1474.0,1501.0,"{""type"":""MultiPoint"",""coordinates"":[]}"
141_0,3,3042.0,2277.5,846.0,993.0,1281.0,1519.5,1590.5,1729.0,1911.0,2066.0,2160.0,1970.0,635.0,896.0,1201.0,1315.0,1375.0,1444.0,1562.0,1604.0,2390.0,2262.0,785.0,1045.0,1366.0,1520.0,1564.0,1664.0,1753.0,1756.0,1155.5,1079.5,413.0,588.0,801.0,900.5,874.0,959.5,984.0,1002.5,336.0,311.0,634.0,735.0,750.0,880.0,732.0,770.0,761.0,615.0,336.0,311.0,381.0,633.0,556.0,880.0,732.0,770.0,761.0,615.0,590.0,460.0,264.0,539.0,338.0,821.0,1034.0,1128.0,1013.0,975.0,1599.0,861.0,232.0,538.0,295.0,821.0,2087.0,2551.0,2575.0,2530.0,1176.0,624.0,126.0,365.0,166.0,659.0,2087.0,2551.0,2513.0,2499.0,1257.5,607.5,73.0,313.0,74.0,587.0,2379.0,3237.0,3141.5,3212.0,1222.0,575.5,24.5,216.5,26.0,442.0,2409.5,3452.0,3465.0,3541.5,3514.5,2987.0,1520.0,1689.0,1969.5,2242.0,2300.5,2423.5,2493.0,2646.5,1340.5,615.0,20.5,222.0,5.0,490.0,2729.5,4149.5,4098.0,4311.5,1342.0,630.5,131.0,560.0,172.0,985.0,3304.0,4399.0,4473.5,4616.5,1376.0,652.0,490.0,891.0,610.0,1376.0,3387.0,4317.0,4329.0,4473.0,1557.0,811.0,752.0,1263.0,1069.0,2042.0,3365.0,3778.0,3947.0,3966.0,1939.0,1112.0,694.0,1263.0,1075.0,2180.0,3351.0,3724.0,3921.0,4078.0,2232.0,1348.0,702.0,1344.0,1299.0,2387.0,3351.0,3694.0,3884.0,4078.0,4586.0,3120.0,1222.0,1678.0,2367.5,2890.0,3221.0,3516.0,3763.5,3997.5,4160.5,3048.5,1068.5,1475.0,2123.5,2510.0,2751.0,2990.0,3286.5,3425.5,3820.0,2708.0,1034.0,1407.0,1896.0,2201.0,2434.0,2664.0,3005.0,3071.0,3317.5,2426.5,826.5,1129.0,1592.5,1914.5,2100.5,2304.5,2482.0,2614.0,3302.0,2651.0,690.0,883.0,1254.0,1467.0,1585.0,1695.0,1909.0,1998.0,3397.5,2703.0,728.0,992.0,1325.0,1583.0,1790.0,1974.0,2116.5,2268.0,4657.0,4076.5,2388.0,2582.5,2834.0,3135.5,3357.5,3496.0,3674.0,3753.5,3028.0,2546.0,742.0,872.5,1035.5,1289.0,1474.5,1633.5,1769.5,1859.0,2904.0,2433.0,719.5,855.5,1004.5,1251.0,1450.5,1618.0,1721.5,1825.0,2304.0,1721.5,412.0,581.5,779.0,1033.0,1216.0,1365.5,1508.5,1552.5,0.0,0.0,0.0,0.0,0.0,0.0,0.0,0.0,0.0,0.0,3773.0,2923.0,858.0,1127.0,1633.0,1895.0,1926.0,2101.0,2290.0,2408.0,2728.0,2286.0,939.0,1182.0,1639.0,1860.0,1952.0,2128.0,2268.0,2428.0,3639.0,2897.0,966.0,1218.0,1639.0,1860.0,1964.0,2122.0,2367.0,2460.0,1995.0,1614.0,557.5,632.5,834.5,935.5,994.0,1095.5,1233.5,1235.0,1406.0,1169.0,405.0,546.0,749.0,839.0,885.0,935.0,1013.0,1073.0,1921.5,1748.5,600.5,783.0,1036.0,1132.5,1188.5,1289.5,1400.0,1400.5,1956.5,1802.5,582.0,778.5,1052.5,1138.5,1186.0,1266.0,1399.0,1383.0,"{""type"":""MultiPoint"",""coordinates"":[]}"
142_0,3,3252.5,2579.5,1232.0,1361.5,1611.5,1807.0,2127.5,2299.5,2460.5,2530.0,2145.0,1976.0,635.0,890.0,1199.0,1301.0,1331.0,1453.0,1537.0,1557.0,2425.0,2316.0,812.0,1060.0,1378.0,1547.0,1582.0,1670.0,1758.0,1804.0,1133.5,1080.0,533.5,689.5,829.5,941.5,847.5,892.5,923.0,886.0,423.0,386.0,716.0,810.0,810.0,903.0,699.0,726.0,697.0,597.0,427.0,351.0,341.0,571.0,556.0,754.0,706.0,766.0,730.0,684.0,690.0,515.0,312.0,571.0,441.0,846.0,1107.0,1177.0,1129.0,1106.0,1316.0,781.0,297.0,604.0,392.0,915.0,1764.0,2065.0,2157.0,2017.0,1194.0,637.0,133.0,373.0,186.0,673.0,1976.0,2441.0,2497.0,2467.0,1380.0,666.0,62.0,294.5,76.0,581.0,2511.5,3555.0,3534.5,3561.0,1288.0,594.5,15.0,197.0,34.5,427.0,2450.5,3719.5,3821.0,3829.5,4474.0,4035.0,2704.0,2714.5,2924.0,3189.5,3320.5,3430.5,3515.5,3577.5,1277.5,592.0,11.5,184.5,18.5,442.5,2494.5,4063.0,4129.0,4227.5,1172.5,558.0,77.0,329.0,69.5,652.5,2749.0,4079.5,4221.0,4297.5,1252.0,597.0,466.0,747.0,520.0,1128.0,3064.0,4144.0,4208.0,4331.0,1336.0,717.0,606.0,955.0,766.0,1560.0,3077.0,3681.0,3912.0,3926.0,1340.0,742.0,489.0,901.0,766.0,1583.0,2838.0,3335.0,3558.0,3580.0,1628.0,941.0,438.0,945.0,929.0,1777.0,2816.0,3182.0,3430.0,3512.0,4239.5,3025.5,1159.0,1648.0,2342.5,2817.5,3163.0,3499.0,3768.0,3916.0,4272.0,3150.0,1206.5,1657.0,2372.0,2732.5,3006.5,3238.0,3556.5,3650.5,3984.0,2893.0,1186.0,1545.0,2106.0,2425.0,2702.0,2910.0,3246.0,3320.0,4057.5,3030.0,1126.5,1498.0,2112.5,2494.0,2700.5,2946.5,3071.0,3323.5,3272.0,2578.0,688.0,958.0,1287.0,1453.0,1558.0,1715.0,1936.0,1958.0,3618.0,2862.0,875.0,1166.0,1558.5,1874.0,2077.5,2267.0,2370.0,2543.0,4085.0,3417.5,1885.0,2069.5,2378.0,2646.5,2870.5,2989.0,3141.5,3224.5,3212.0,2671.5,886.5,1021.0,1231.0,1476.0,1699.5,1847.5,1979.5,2080.5,3075.5,2550.5,804.5,958.0,1144.0,1385.5,1594.5,1755.0,1868.0,1989.5,2286.5,1693.0,494.5,693.0,890.0,1145.5,1360.5,1468.0,1664.5,1711.5,0.0,0.0,0.0,0.0,0.0,0.0,0.0,0.0,0.0,0.0,3511.0,2710.0,851.0,1188.0,1640.0,1878.0,1947.0,2100.0,2359.0,2362.0,3944.0,3241.0,1210.0,1294.0,1737.0,1992.0,2052.0,2225.0,2390.0,2529.0,3587.0,2915.0,1028.0,1293.0,1676.0,1885.0,1983.0,2124.0,2378.0,2345.0,2399.5,1965.5,721.5,863.5,1165.0,1257.5,1306.5,1400.5,1570.0,1612.0,1392.0,1157.0,403.0,550.0,744.0,838.0,858.0,913.0,987.0,1010.0,1881.0,1762.5,523.5,711.0,973.5,1073.5,1091.5,1170.5,1267.5,1288.5,1967.5,1824.0,579.5,781.5,1051.0,1155.5,1196.5,1293.0,1372.5,1385.5,"{""type"":""MultiPoint"",""coordinates"":[]}"
143_0,3,1902.5,1586.0,569.0,719.5,988.5,1092.0,1142.0,1209.0,1342.0,1334.0,2320.5,2025.0,839.0,1130.0,1428.5,1537.5,1585.5,1656.0,1764.5,1751.0,2412.5,2087.0,847.0,1098.5,1409.5,1536.0,1585.5,1681.0,1769.5,1779.5,2341.0,2026.5,838.5,1082.0,1366.5,1489.5,1547.0,1631.0,1708.0,1730.5,268.0,231.5,733.5,886.5,942.0,1032.0,846.5,910.5,905.0,749.5,294.0,240.5,495.0,734.0,749.0,956.5,856.5,931.0,891.5,857.0,664.5,446.0,480.5,694.0,586.5,1020.0,1518.0,1615.0,1439.5,1465.5,1098.5,611.0,324.5,624.0,325.5,922.5,2547.5,2963.0,2940.5,2865.0,1332.0,645.5,133.0,426.5,180.5,870.0,3256.5,4235.0,4442.0,4509.0,1870.0,995.0,243.5,568.0,475.0,1169.5,3008.5,3837.0,4076.0,4323.5,1914.5,994.5,195.0,448.5,360.0,930.0,2791.0,3721.5,3995.0,4239.0,2160.0,1806.0,609.5,809.5,1087.0,1278.5,1281.5,1330.5,1438.0,1541.5,1887.0,961.0,195.0,425.5,284.0,810.0,2849.0,3733.0,3901.0,4173.5,1836.0,866.0,178.0,474.5,239.5,931.0,3106.5,4080.0,4365.0,4450.0,1852.0,910.5,325.0,771.0,433.5,1338.5,3430.0,4253.0,4449.0,4554.0,1979.5,1056.0,534.5,1036.5,769.0,1805.0,3575.0,4183.0,4476.0,4556.5,2097.5,1155.0,582.0,1160.5,968.0,1958.5,3437.5,3958.0,4352.0,4377.0,2340.0,1367.0,612.0,1166.0,1166.0,2073.0,3268.0,3700.0,4042.0,4167.0,3069.0,1905.5,880.0,1297.5,1509.0,2257.5,3006.0,3370.0,3703.5,3900.5,3570.0,2412.0,891.0,1295.0,1780.5,2298.0,2669.0,2949.0,3410.0,3476.0,3467.0,2450.5,836.5,1295.0,1908.0,2297.0,2576.5,2892.5,3335.0,3373.0,2783.0,2082.5,933.0,1262.0,1822.5,2110.5,2210.0,2390.0,2516.0,2616.5,1981.0,1657.0,527.0,728.0,995.0,1088.0,1155.0,1224.0,1371.0,1380.0,2818.5,2131.5,981.5,1317.5,1855.0,2106.0,2209.0,2345.5,2542.0,2595.0,2763.5,2123.0,1072.5,1368.0,1832.0,2026.0,2152.5,2277.5,2521.0,2511.0,2447.5,1935.0,772.5,1002.5,1348.5,1509.0,1575.0,1688.0,1862.5,1877.0,2500.0,1998.5,801.5,997.5,1346.0,1489.0,1576.5,1687.5,1819.5,1876.0,2171.5,1451.5,650.5,825.5,1131.0,1261.5,1332.0,1423.5,1641.0,1608.0,0.0,0.0,0.0,0.0,0.0,0.0,0.0,0.0,0.0,0.0,1947.5,1685.0,524.5,690.5,931.0,1031.5,1067.0,1137.0,1236.0,1238.5,1916.5,1648.5,615.0,731.0,917.5,981.0,1027.5,1071.0,1207.5,1231.5,2251.0,1913.0,689.0,886.0,1088.0,1241.0,1256.0,1324.0,1463.0,1482.0,2167.0,1816.0,647.0,766.0,1018.0,1122.0,1105.0,1192.0,1310.0,1314.0,2204.5,1832.5,730.0,828.5,1049.5,1173.5,1171.5,1272.5,1397.5,1411.0,2005.0,1720.0,559.0,748.0,986.0,1101.5,1153.0,1207.5,1344.0,1347.5,2120.0,1868.5,630.0,850.5,1096.5,1195.5,1268.5,1340.5,1472.0,1445.0,"{""type"":""MultiPoint"",""coordinates"":[]}"
144_0,3,2545.0,2022.0,730.5,893.5,1236.0,1388.5,1416.5,1529.0,1712.0,1749.0,2156.5,1867.0,684.5,884.0,1135.5,1264.5,1305.0,1390.0,1492.5,1504.0,2327.0,2032.0,780.5,1004.5,1296.5,1436.0,1443.5,1529.5,1606.0,1639.0,2474.5,2193.0,852.5,1101.5,1415.5,1546.5,1598.5,1673.0,1752.5,1786.5,1235.0,1164.0,983.0,1235.0,1284.0,1405.0,1408.0,1493.0,1577.0,1551.0,331.0,289.0,723.0,920.0,952.0,1118.0,869.0,961.0,965.0,795.0,418.0,304.0,477.0,701.0,654.0,889.0,1001.0,1114.0,1051.0,978.0,848.0,637.0,506.0,724.0,524.0,954.0,1532.0,1598.0,1633.0,1562.0,1640.0,796.0,323.0,662.0,283.0,922.0,2851.0,3479.0,3462.0,3369.0,1864.0,913.0,257.5,609.0,267.5,988.0,3359.0,4450.5,4427.0,4607.5,1739.0,815.5,116.5,338.5,154.5,731.0,3087.5,4704.5,4762.0,4951.0,2735.0,2240.0,759.0,964.0,1265.0,1441.0,1475.0,1619.0,1698.0,1818.0,1725.0,808.0,169.0,366.0,169.0,716.0,3079.0,4730.0,4813.0,5013.0,1600.0,720.0,103.0,329.0,122.0,687.0,3286.0,4825.0,5032.0,5155.0,1567.0,754.0,253.0,668.0,357.0,1209.0,3501.0,4827.0,5042.0,5299.0,1853.0,886.0,460.0,936.0,636.0,1655.0,3927.0,4827.0,5221.0,5251.0,1930.0,1044.0,516.0,1038.5,780.0,1845.0,3786.0,4585.5,5035.0,4940.5,2441.0,1415.0,666.0,1309.5,1301.5,2347.0,3814.5,4357.0,4803.5,4858.0,3214.5,2012.5,1121.5,1689.5,2073.5,3006.0,4044.5,4501.5,4963.5,5019.5,4300.5,2932.0,1240.0,1821.5,2437.5,3235.5,3729.5,4077.5,4414.5,4600.0,3853.0,2720.0,1289.0,1788.5,2499.5,2938.5,3206.5,3451.5,3916.0,3869.5,4078.0,2716.0,1427.0,1957.0,2846.0,3378.0,3523.0,3853.0,4079.0,4271.0,2731.5,2253.0,763.5,953.0,1293.5,1437.5,1487.0,1592.0,1791.0,1780.5,3905.5,2719.5,1320.0,1832.5,2554.0,2961.0,3128.0,3394.0,3632.0,3715.5,3622.5,2537.0,1228.0,1626.5,2296.5,2675.0,2814.0,3068.5,3359.5,3381.0,3314.0,2493.5,924.0,1178.0,1625.5,1899.0,1948.0,2164.0,2405.5,2385.5,3391.5,2574.0,925.0,1149.5,1586.5,1848.0,1922.0,2104.0,2298.5,2355.0,2133.0,1429.0,657.0,847.0,1199.0,1327.0,1372.0,1466.0,1698.0,1592.0,0.0,0.0,0.0,0.0,0.0,0.0,0.0,0.0,0.0,0.0,2455.0,2081.0,667.0,849.0,1129.0,1237.0,1285.0,1306.0,1524.0,1557.0,2644.0,2238.0,768.0,903.0,1155.0,1277.0,1287.0,1367.0,1510.0,1566.0,2627.5,2220.5,788.0,968.5,1245.0,1372.5,1399.0,1486.0,1649.5,1655.0,2801.0,2287.0,807.0,923.0,1246.0,1337.0,1335.0,1378.0,1570.0,1576.0,2815.5,2317.5,863.5,976.5,1261.5,1371.5,1401.0,1456.0,1659.5,1663.0,2773.0,2408.0,867.0,1030.0,1277.0,1406.0,1465.0,1597.0,1744.0,1709.0,2092.0,1799.0,618.0,802.0,1047.0,1148.0,1180.0,1276.0,1378.0,1411.0,"{""type"":""MultiPoint"",""coordinates"":[]}"
145_0,3,1632.0,1366.5,547.5,694.5,886.0,982.0,1018.5,1083.0,1161.5,1176.5,2244.5,1935.5,884.5,1157.5,1379.5,1491.5,1518.0,1591.5,1683.0,1665.5,2313.5,2029.5,900.0,1163.0,1391.0,1505.5,1536.5,1608.0,1677.0,1694.5,2236.0,1984.0,881.5,1133.5,1347.0,1454.5,1487.5,1548.0,1606.5,1627.0,296.0,264.0,706.0,1089.0,1020.0,1336.0,897.0,950.0,891.0,691.0,593.0,458.0,954.0,1216.0,1234.0,1534.0,1360.0,1467.0,1454.0,1287.0,521.0,457.0,618.0,975.0,915.0,1420.0,1360.0,1457.0,1454.0,1287.0,826.0,604.0,572.0,888.0,790.0,1259.0,1570.0,1729.0,1600.0,1537.0,614.0,461.0,464.0,751.0,660.0,1163.0,1356.0,1610.0,1512.0,1365.0,709.0,473.0,342.5,541.5,454.0,967.5,1461.0,1639.5,1535.0,1430.0,1093.5,661.0,314.5,533.5,412.0,1020.0,2149.5,2511.5,2430.0,2422.0,1814.0,1558.0,674.0,847.0,1030.0,1143.0,1136.0,1209.0,1283.0,1302.0,1119.0,620.0,324.0,598.0,457.0,997.0,2130.0,2593.0,2538.0,2388.0,1107.0,566.0,153.0,387.0,225.0,727.0,2130.0,2678.0,2597.0,2534.0,1107.0,566.0,144.0,392.0,190.0,692.0,2444.0,3173.0,3130.0,3122.0,1359.0,687.0,337.0,661.0,309.0,1031.0,2975.0,3599.0,3649.0,3619.0,1500.0,753.5,357.5,773.0,389.0,1254.0,3145.5,3793.5,3983.5,3890.5,1581.5,854.0,367.5,840.5,496.0,1461.5,2922.5,3302.5,3451.0,3484.0,2023.0,1138.0,692.0,1185.0,1056.0,1925.0,2861.0,3163.0,3454.0,3537.0,2385.5,1489.5,694.0,1190.0,1328.0,2152.5,2790.0,3090.5,3404.0,3472.0,3135.5,2169.5,873.5,1315.5,1758.0,2249.0,2537.5,2724.0,3045.5,3068.0,2773.0,2022.0,802.0,1146.0,1578.0,1820.0,1980.0,2112.0,2283.0,2371.0,1719.0,1437.0,480.0,674.0,907.0,991.0,1068.0,1124.0,1219.0,1224.0,2694.0,2030.0,752.0,1046.0,1435.0,1689.0,1803.0,1943.0,2018.0,2115.0,2517.5,1932.0,774.5,995.5,1332.0,1519.0,1599.5,1751.0,1898.5,1947.5,2302.0,1809.0,620.5,819.5,1079.0,1222.0,1311.0,1403.5,1531.0,1589.5,2482.0,1994.0,739.0,877.0,1139.0,1299.0,1384.0,1475.0,1586.0,1659.0,2011.0,1426.0,517.0,657.0,898.0,1007.0,1065.0,1170.0,1331.0,1353.0,0.0,0.0,0.0,0.0,0.0,0.0,0.0,0.0,0.0,0.0,1493.0,1164.0,471.0,657.0,830.0,926.0,970.0,1025.0,1118.0,1130.0,2632.0,2472.0,1265.0,1494.0,1706.0,1885.0,2041.0,2130.0,1921.0,2191.0,2410.5,2029.0,933.5,1171.0,1392.5,1507.5,1571.5,1640.5,1752.0,1726.5,2517.0,2139.0,1039.0,1246.0,1461.0,1584.0,1630.0,1730.0,1858.0,1806.0,1842.0,1561.0,592.0,722.0,948.0,1032.0,1031.0,1092.0,1173.0,1196.0,1972.0,1712.0,702.0,911.0,1101.0,1228.0,1244.0,1321.0,1396.0,1395.0,2045.5,1764.0,777.0,968.5,1170.5,1280.5,1316.5,1371.5,1467.0,1452.0,"{""type"":""MultiPoint"",""coordinates"":[]}"
146_0,3,1749.5,1438.0,687.0,846.5,1064.0,1163.5,1178.0,1252.0,1382.0,1367.5,2338.0,1998.5,902.5,1144.0,1420.5,1514.0,1532.0,1616.0,1756.5,1710.0,2431.5,2103.0,884.0,1112.5,1400.5,1522.0,1495.5,1561.5,1704.0,1660.0,587.0,489.5,437.5,563.5,644.5,730.5,710.0,760.0,773.0,766.0,568.5,518.0,597.0,758.5,808.5,948.0,817.0,875.5,844.0,789.5,510.0,463.5,503.0,695.5,695.5,904.5,913.5,1002.0,997.5,881.5,977.0,647.5,441.5,702.5,515.0,1013.0,1595.5,1682.0,1638.0,1597.5,1313.0,744.5,336.5,722.0,375.5,1092.5,2379.5,2884.0,2774.0,2638.5,1358.0,778.0,259.0,629.5,396.5,1097.0,2560.5,3107.5,3164.0,3091.5,1606.5,925.5,275.5,619.5,491.5,1154.0,2571.0,3128.5,3358.0,3412.5,1839.0,1040.5,248.0,540.0,468.5,992.5,2616.5,3350.0,3643.5,3687.5,2038.0,1673.5,739.5,947.5,1175.5,1334.5,1301.0,1388.0,1472.5,1550.0,1977.0,1121.0,295.5,652.5,416.5,1129.0,3089.5,3924.5,4007.0,4173.0,1898.0,1045.0,318.0,809.5,494.5,1389.0,3198.0,3990.5,4175.0,4376.0,1914.0,1074.0,451.5,893.0,692.5,1536.0,3194.0,3899.5,3990.5,4282.5,2117.5,1213.0,642.5,1114.0,1032.5,1898.0,3175.5,3626.5,3915.5,4004.0,2245.0,1312.0,665.0,1142.0,1183.5,1946.5,2835.0,3252.0,3748.0,3763.5,2556.0,1573.0,730.0,1171.0,1480.0,2109.0,2710.0,3097.0,3403.0,3616.0,3830.5,2608.5,1182.0,1632.0,2242.5,2709.0,2956.5,3323.0,3802.5,3773.5,3978.0,2738.5,1139.5,1573.5,2337.5,2764.5,3017.0,3386.0,3843.5,3875.0,3327.0,2510.5,1139.5,1558.0,2236.0,2538.0,2740.0,2873.5,3193.5,3258.5,2568.5,2028.5,923.0,1214.5,1718.5,1878.0,1982.5,2109.5,2234.0,2325.5,1865.0,1560.0,648.0,826.5,1097.5,1163.0,1229.0,1240.0,1418.0,1377.0,2510.5,1936.5,898.5,1185.0,1625.0,1779.0,1863.0,1969.5,2162.0,2161.5,2365.5,1876.5,1003.5,1207.5,1528.5,1709.5,1715.5,1831.0,2004.5,1980.5,2141.0,1766.0,718.5,910.0,1175.0,1308.5,1343.5,1458.5,1579.0,1579.5,1706.0,1447.0,549.5,680.5,878.0,983.0,1006.0,1094.5,1158.0,1150.0,1232.0,1058.5,342.5,423.5,588.0,650.5,675.0,701.5,802.0,785.5,0.0,0.0,0.0,0.0,0.0,0.0,0.0,0.0,0.0,0.0,2135.0,1831.0,725.5,913.5,1170.5,1281.5,1285.0,1315.5,1481.0,1446.5,2238.0,1851.5,821.5,950.5,1194.5,1243.5,1269.0,1386.0,1487.5,1476.5,2164.0,1860.0,767.5,986.5,1224.0,1309.0,1328.0,1397.0,1535.5,1517.0,2151.5,1795.5,783.0,919.5,1134.0,1217.0,1185.0,1218.0,1377.5,1350.5,2151.5,1795.5,783.0,919.5,1134.0,1217.0,1185.0,1218.0,1377.5,1350.5,2079.5,1778.0,673.0,841.0,1077.5,1197.0,1221.0,1323.0,1415.5,1381.0,2143.0,1873.5,694.5,877.5,1109.5,1238.5,1249.5,1356.5,1454.0,1405.0,"{""type"":""MultiPoint"",""coordinates"":[]}"
147_0,3,2388.0,2206.0,486.0,659.0,930.0,1065.0,1133.0,1275.0,1376.0,1413.0,3004.5,2488.0,1135.0,1421.5,1701.5,2021.0,2475.0,2651.5,2547.0,2907.0,2946.0,2659.0,1022.0,1188.0,1483.0,1760.0,2095.0,2288.0,2419.0,2538.0,3461.0,2689.0,783.0,1104.0,1597.0,1903.0,2128.0,2308.0,2472.0,2599.0,3630.0,2902.0,923.0,1219.0,1782.0,2084.0,2210.0,2431.0,2650.0,2800.0,3715.0,2945.0,923.0,1246.0,1837.0,2135.0,2311.0,2485.0,2698.0,2851.0,3811.0,3020.0,956.0,1305.0,1971.0,2290.0,2380.0,2558.0,2732.0,2917.0,3857.0,3054.0,986.0,1361.0,2028.0,2326.0,2393.0,2626.0,2783.0,2935.0,3869.0,3135.0,961.0,1367.0,2028.0,2326.0,2389.0,2621.0,2783.0,2935.0,3844.0,3721.0,961.0,1297.0,1833.0,2080.0,2101.0,2241.0,2312.0,2421.0,3787.0,3632.0,965.0,1297.0,1826.0,2052.0,2100.0,2241.0,2298.0,2415.0,2590.5,2412.5,578.0,777.5,1042.5,1181.0,1303.0,1410.0,1506.0,1547.0,3700.0,3632.0,965.0,1281.0,1803.0,2016.0,2070.0,2224.0,2274.0,2415.0,3764.5,3602.0,961.0,1310.0,1826.5,2072.5,2116.5,2251.5,2300.0,2462.0,3787.0,3702.0,994.0,1335.0,1843.0,2102.0,2136.0,2284.0,2322.0,2463.0,3711.0,3622.0,998.0,1334.0,1868.0,2088.0,2145.0,2228.0,2330.0,2417.0,3580.0,3548.0,945.0,1305.0,1820.0,2069.0,2086.0,2231.0,2291.0,2375.0,3400.5,3286.5,807.0,1116.0,1583.0,1769.0,1860.5,1992.5,2089.5,2194.0,3431.0,3348.0,883.0,1157.0,1600.0,1791.0,1895.0,2027.0,2133.0,2237.0,3711.0,3362.0,3688.5,3867.5,3870.5,3993.0,4166.5,4247.5,4288.5,4255.0,3459.0,3323.5,802.5,1144.0,1644.5,1839.0,1904.0,2023.0,2179.5,2180.5,3322.5,3215.0,798.5,1098.5,1588.5,1792.5,1838.5,1965.0,2084.0,2114.5,4307.5,3942.5,2597.0,2894.5,3211.0,3341.5,3538.5,3620.0,3612.5,3688.5,3294.5,3071.5,779.0,1145.5,1560.0,1864.0,2013.0,2066.5,2130.5,2207.5,2695.0,2110.0,656.0,1132.0,1051.0,1765.0,2739.0,2847.0,2918.0,2938.0,2539.5,1813.5,557.5,965.5,846.0,1640.5,3008.5,3292.5,3391.0,3370.5,2541.0,1820.0,557.0,967.0,850.0,1641.0,3017.0,3306.0,3413.0,3385.0,2303.0,1727.0,1853.0,1826.0,1847.0,2191.0,2740.0,2884.0,2936.0,2968.0,0.0,0.0,0.0,0.0,0.0,0.0,0.0,0.0,0.0,0.0,2639.5,2478.0,689.5,918.0,1090.5,1350.0,1609.5,1708.0,1825.5,1816.0,2616.5,2353.5,726.5,941.0,1072.5,1401.0,1818.5,1978.0,2043.0,2059.5,2514.0,2182.0,517.0,838.0,941.0,1322.0,2026.0,2162.0,2266.0,2259.0,2514.0,2239.0,502.0,799.0,896.0,1322.0,2048.0,2329.0,2477.0,2447.0,1828.0,1369.5,411.0,670.0,607.5,1124.0,2370.5,2639.5,2546.0,2715.5,1947.0,1443.0,425.0,751.0,619.0,1196.0,2611.0,2931.0,2919.0,3038.0,2300.5,1718.0,515.5,871.5,891.0,1415.0,2267.0,2536.0,2649.0,2691.0,"{""type"":""MultiPoint"",""coordinates"":[]}"
148_0,3,118.5,113.0,169.0,230.0,320.0,372.5,255.0,277.5,245.0,221.5,2137.0,1845.0,646.0,819.0,1034.5,1154.0,1196.0,1292.5,1406.0,1436.5,2271.0,2020.0,688.5,900.0,1130.5,1259.5,1297.0,1389.5,1484.5,1517.0,2427.0,2181.5,797.0,1043.0,1290.5,1410.0,1452.0,1540.0,1606.5,1657.5,2546.0,2332.0,912.0,1132.0,1394.0,1541.0,1576.0,1661.0,1752.0,1778.0,878.0,898.0,1167.0,1344.0,1486.0,1604.0,1327.0,1393.0,1354.0,1462.0,382.0,305.0,690.0,972.0,934.0,1242.0,995.0,1132.0,1046.0,980.0,463.0,335.0,692.0,972.0,934.0,1328.0,1329.0,1423.0,1293.0,1220.0,584.0,488.0,455.0,755.0,566.0,1135.0,1329.0,1445.0,1387.0,1220.0,1424.5,775.0,266.5,567.5,270.0,885.5,2633.5,3250.5,3054.0,3069.5,1335.5,692.0,132.5,355.5,138.5,648.0,2654.5,3655.5,3705.0,3703.5,324.0,270.0,314.5,411.0,519.0,607.0,509.5,546.5,567.0,516.0,1569.0,757.0,176.0,389.0,192.0,657.0,2888.0,4177.0,4443.0,4595.0,1571.0,773.0,128.0,342.0,181.0,670.0,2739.0,4022.0,4293.0,4358.0,1614.0,776.0,134.0,381.0,195.0,745.0,2956.0,4346.0,4527.0,4713.0,1627.0,801.0,429.0,857.0,544.0,1510.0,3467.0,4230.0,4454.0,4621.0,1667.0,881.0,455.0,926.0,717.0,1622.0,3296.0,3935.0,4282.0,4313.0,1930.0,1080.0,527.0,1005.5,960.5,1891.0,3230.0,3710.0,3996.5,4123.5,2445.5,1456.5,948.5,1445.5,1541.5,2273.5,3346.5,3682.5,4024.5,4162.0,3814.5,2631.5,1014.5,1484.0,1896.0,2592.5,3012.5,3339.0,3690.0,3883.5,4265.0,2790.0,1307.0,1841.0,2599.0,3192.5,3461.0,3775.5,4259.5,4331.0,3385.0,2357.0,1157.0,1566.0,2172.0,2504.0,2661.0,2803.0,2936.0,3188.0,210.0,166.0,297.0,329.0,420.0,492.0,449.0,486.0,506.0,473.0,3296.0,2357.0,1018.0,1383.0,1880.0,2178.0,2263.0,2411.0,2619.0,2725.0,3071.5,2292.0,1018.0,1325.0,1767.0,2037.5,2133.5,2272.5,2419.0,2509.5,2221.5,1720.5,696.5,923.0,1254.0,1398.0,1502.0,1549.5,1699.0,1720.0,345.0,278.0,350.0,463.0,572.0,666.0,530.0,574.0,577.0,531.0,101.0,100.0,124.0,202.0,286.0,312.0,236.0,228.0,230.0,182.0,537.0,513.0,627.0,621.0,598.0,606.0,585.0,602.0,599.0,548.0,150.0,119.0,147.0,264.0,356.0,457.0,342.0,418.0,399.0,318.0,825.0,511.0,378.0,468.0,661.0,844.0,876.0,978.0,1117.0,1143.0,2982.0,2281.0,872.0,1133.0,1517.0,1690.0,1813.0,1911.0,2206.0,2174.0,2392.0,1626.0,634.0,842.0,1227.0,1480.0,1539.0,1618.0,1900.0,1938.0,2785.5,2063.0,786.0,1024.0,1390.5,1619.0,1687.0,1801.0,2038.5,2088.0,3633.0,3003.0,1166.0,1442.0,1810.5,1961.0,2108.5,2243.0,2499.0,2530.0,3477.0,2900.0,1173.0,1409.5,1751.5,1870.5,2024.5,2140.5,2417.5,2409.0,"{""type"":""MultiPoint"",""coordinates"":[]}"
149_0,3,1647.5,1404.0,424.0,551.0,754.5,833.5,900.5,955.5,1027.0,1066.0,2344.5,2018.0,1050.5,1331.0,1560.5,1654.0,1682.0,1727.0,1842.0,1824.5,2085.0,1775.0,698.0,951.0,1179.5,1276.5,1276.5,1351.0,1426.0,1452.5,136.5,116.0,471.5,734.0,747.0,919.5,643.5,722.5,710.5,602.5,105.5,96.0,590.0,838.5,889.0,1013.0,802.0,897.0,830.5,744.0,261.5,212.0,562.5,921.0,898.0,1182.5,961.0,1057.5,975.0,847.0,504.0,377.5,417.0,773.5,603.5,1076.5,1186.5,1336.0,1246.0,1127.0,974.0,601.5,386.0,731.0,490.5,1011.5,1838.0,1958.5,1941.5,1819.0,1615.0,790.5,248.5,569.0,263.5,924.0,3000.0,3753.0,3752.5,3858.0,1681.0,826.5,218.5,567.0,274.5,932.0,3043.5,4099.0,3964.0,4133.5,1613.5,777.0,160.0,421.0,201.5,736.5,2932.0,4102.0,4141.0,4291.0,1859.0,1567.5,507.5,684.5,898.5,1023.0,1074.0,1133.0,1199.0,1251.0,1683.0,802.0,191.5,461.5,215.0,812.5,3157.5,4413.5,4503.5,4622.0,1668.5,808.0,273.5,850.5,403.0,1466.5,3693.0,4585.5,4692.0,4888.0,1757.5,878.5,447.5,976.0,698.5,1707.0,3608.5,4243.0,4289.5,4513.0,2037.0,1107.0,654.0,1216.5,1131.0,2181.5,3362.0,3763.5,3921.0,4084.0,2394.5,1427.5,752.5,1318.0,1407.0,2380.5,3232.5,3590.0,3864.5,3953.5,2776.0,1762.0,849.0,1381.0,1727.0,2512.0,3155.0,3486.0,3710.0,3889.0,4075.5,2826.5,1111.0,1576.0,2302.0,2745.5,2963.0,3248.5,3585.5,3706.5,4075.0,2894.0,994.0,1463.0,2268.0,2745.5,2952.5,3239.5,3589.5,3689.0,3604.5,2696.5,1025.5,1461.0,2085.5,2430.0,2618.5,2886.5,3263.0,3278.0,2155.0,1654.5,723.5,1015.0,1451.5,1642.0,1697.5,1787.0,1895.5,1945.0,1787.0,1507.0,421.5,602.5,847.5,960.0,985.5,1077.5,1173.5,1210.5,2462.0,1945.0,833.0,1126.0,1561.0,1763.5,1802.5,1923.0,2021.5,2085.0,2379.5,1872.0,905.0,1140.5,1495.5,1684.0,1725.5,1825.0,1959.5,1982.5,2056.5,1713.5,673.0,833.5,1098.0,1243.0,1275.5,1364.5,1469.0,1493.5,1698.0,1430.0,540.5,716.5,969.0,1064.0,1095.0,1152.5,1241.5,1263.0,1351.0,1185.0,373.5,489.0,671.0,789.5,808.5,850.0,913.5,929.0,0.0,0.0,0.0,0.0,0.0,0.0,0.0,0.0,0.0,0.0,1229.5,875.5,330.5,462.5,621.0,721.0,774.5,843.0,931.5,915.5,1615.0,1294.5,510.0,638.0,768.5,900.5,980.5,1060.0,1078.5,1140.5,2212.5,1810.5,780.0,1001.5,1213.5,1359.5,1375.5,1474.0,1568.5,1566.0,2140.0,1774.5,747.5,938.0,1178.5,1298.5,1288.0,1378.0,1485.0,1475.5,2058.0,1723.0,745.0,900.0,1097.5,1205.5,1224.0,1295.5,1382.5,1401.5,1916.5,1654.0,593.0,789.5,984.5,1083.5,1111.5,1162.5,1256.0,1284.5,2009.5,1751.5,718.0,905.5,1108.5,1203.5,1256.5,1315.0,1376.0,1404.5,"{""type"":""MultiPoint"",""coordinates"":[]}"
150_0,3,2042.5,1646.5,599.0,796.5,1073.0,1241.5,1283.0,1333.5,1461.5,1519.0,2506.5,2125.0,969.0,1282.5,1599.0,1733.5,1773.5,1835.0,1977.0,1958.0,2542.0,2138.0,928.0,1220.0,1541.5,1690.0,1717.5,1800.0,1894.5,1900.5,2410.5,2072.5,874.5,1144.0,1428.5,1579.5,1608.0,1674.5,1765.5,1771.5,285.0,224.5,505.0,733.5,797.5,950.0,781.0,860.5,808.5,758.5,285.0,229.0,598.0,836.0,847.5,1074.0,992.0,1074.0,1063.0,989.5,609.5,435.0,563.5,815.0,754.0,1146.0,1254.0,1356.5,1187.5,1200.5,1046.0,715.5,383.0,716.0,395.0,1037.5,2268.0,2573.0,2546.0,2342.0,1361.0,678.5,180.5,503.0,183.0,892.0,3451.0,4380.5,4474.5,4469.5,1770.0,944.5,251.5,620.5,546.5,1356.0,3160.5,3871.0,4222.0,4489.0,2155.5,1200.0,323.5,726.5,651.0,1449.5,3001.0,3690.0,4054.0,4332.5,2326.5,1944.5,682.5,928.0,1219.0,1411.0,1453.0,1564.0,1598.0,1734.5,2176.5,1200.5,317.0,724.5,547.5,1321.0,2920.5,3519.5,3719.0,3973.0,1873.5,990.5,256.5,653.0,431.0,1186.5,2842.0,3508.5,3663.5,3851.0,1716.5,888.5,251.0,631.0,364.0,1085.5,2776.5,3217.0,3396.5,3533.0,1830.0,952.5,468.0,964.0,526.0,1535.0,3265.0,3721.5,3892.0,3972.5,1880.0,1009.0,484.5,1077.5,652.0,1820.0,3199.5,3564.0,3816.5,3813.5,2017.0,1146.0,499.0,1166.0,888.0,2031.0,3039.0,3343.0,3544.0,3653.0,2335.5,1323.0,760.5,1412.5,1356.5,2405.5,3065.0,3383.0,3709.5,3760.5,2513.5,1580.0,777.0,1391.5,1467.0,2447.0,2874.0,3173.5,3554.5,3687.5,3715.0,2479.5,984.0,1490.0,1961.0,2502.0,2874.0,3173.5,3554.5,3687.5,2158.0,1593.0,706.5,1023.5,1426.0,1636.5,1716.0,1796.0,1916.5,1993.5,2189.5,1821.5,590.5,829.5,1148.5,1306.5,1386.0,1442.5,1572.5,1601.5,2304.5,1772.5,723.0,1030.5,1411.5,1581.0,1661.0,1784.0,1930.0,1998.5,2398.0,1895.0,860.0,1095.0,1432.0,1625.5,1661.0,1797.5,1931.0,1993.0,2171.0,1757.0,680.5,878.5,1116.5,1282.5,1344.0,1437.0,1547.5,1592.5,2135.0,1691.0,720.0,922.5,1192.5,1361.0,1418.5,1493.5,1599.5,1663.5,1949.5,1500.5,540.5,706.5,951.0,1092.0,1189.0,1237.5,1387.5,1369.0,0.0,0.0,0.0,0.0,0.0,0.0,0.0,0.0,0.0,0.0,1808.5,1387.0,515.0,720.0,945.0,1108.0,1142.5,1228.0,1343.5,1330.5,2015.5,1678.0,683.5,854.0,1023.5,1167.0,1230.5,1318.0,1377.0,1428.0,2452.0,2038.0,778.5,1029.5,1279.0,1450.0,1554.5,1649.5,1754.0,1768.5,2461.0,2043.0,819.0,1028.0,1314.5,1469.5,1509.5,1619.0,1759.0,1762.0,2336.0,1901.5,832.5,988.5,1220.5,1358.5,1417.5,1499.0,1640.0,1631.0,2198.0,1877.5,705.0,887.0,1157.0,1281.0,1341.0,1432.0,1527.5,1535.0,2281.0,1930.0,781.5,1035.5,1323.0,1465.0,1518.0,1589.5,1701.0,1710.0,"{""type"":""MultiPoint"",""coordinates"":[]}"
151_0,3,2945.5,2224.0,895.0,1003.5,1336.0,1531.0,1600.0,1741.5,1930.0,2008.5,2010.0,1871.0,648.0,830.0,1107.0,1232.0,1241.0,1349.0,1410.0,1432.0,2178.0,2016.0,719.0,928.0,1214.0,1333.0,1385.0,1486.0,1536.0,1532.0,2107.5,1949.5,703.5,934.5,1222.5,1340.0,1366.5,1449.0,1523.5,1564.5,514.0,458.0,573.0,777.0,944.0,1133.0,1011.0,1094.0,938.0,987.0,378.0,311.0,393.0,625.0,605.0,797.0,703.0,776.0,729.0,627.0,480.0,372.0,334.0,581.0,524.0,846.0,938.0,981.0,997.0,1003.0,1685.0,1016.0,334.0,615.0,524.0,939.0,1888.0,2039.0,2259.0,2262.0,936.0,517.0,206.0,401.0,285.0,631.0,1602.0,1911.0,1807.0,1994.0,991.0,511.0,91.0,304.0,113.0,525.0,1855.0,2531.0,2564.5,2413.5,1146.0,558.0,52.0,228.0,39.0,437.5,2168.0,3048.5,3162.0,3138.0,3818.0,3246.0,2008.0,2134.0,2462.5,2664.0,2637.5,2749.5,2917.5,2952.5,1196.5,560.5,43.0,222.5,29.5,430.0,2361.0,3683.0,3765.5,3779.0,1070.5,497.0,44.5,274.5,41.5,529.5,2549.5,3807.0,3853.0,3864.5,1142.0,541.0,456.0,776.0,503.0,1121.0,2899.0,3832.0,3864.0,3850.0,1235.0,644.0,589.0,962.0,754.0,1537.0,3027.0,3667.0,3840.0,3847.0,1251.0,694.0,517.0,947.0,771.0,1611.0,2732.0,3139.0,3371.0,3396.0,1603.0,936.0,477.0,965.0,1046.0,1875.0,2644.0,2985.0,3176.0,3273.0,4274.5,3000.5,1191.0,1697.5,2429.0,2878.0,3146.5,3422.5,3744.0,3855.5,4343.0,3165.0,1249.5,1731.0,2457.5,2851.0,3104.0,3328.0,3678.5,3777.5,3678.0,2928.0,1107.0,1536.0,2138.0,2419.0,2601.0,2794.0,3180.0,3140.0,3508.0,2568.5,1064.0,1468.0,2074.5,2389.0,2507.0,2658.0,2855.0,2968.5,3467.5,2779.0,840.5,1090.5,1525.5,1718.5,1758.5,1909.5,2152.0,2204.0,3725.5,2901.0,1001.0,1328.0,1784.5,2075.0,2192.5,2350.0,2508.5,2667.0,4147.0,3436.5,2220.0,2412.5,2712.5,2986.0,3070.5,3176.5,3355.5,3386.5,3372.0,2874.0,956.5,1096.0,1393.0,1598.0,1696.5,1832.0,1963.0,2044.5,3234.0,2731.5,920.0,1071.5,1340.5,1542.0,1639.5,1774.0,1905.0,1977.0,2119.0,1614.0,527.0,713.5,969.0,1154.0,1250.0,1396.5,1541.0,1563.5,0.0,0.0,0.0,0.0,0.0,0.0,0.0,0.0,0.0,0.0,3750.0,3024.0,1012.0,1328.0,1819.0,2065.0,2073.0,2214.0,2360.0,2526.0,3935.0,3332.0,1321.0,1553.0,1876.0,2120.0,2311.0,2476.0,2728.0,2653.0,3548.0,2939.0,1075.0,1378.0,1830.0,2073.0,2140.0,2211.0,2448.0,2517.0,2717.5,2333.0,842.5,1018.5,1350.0,1476.0,1507.5,1636.0,1777.5,1810.0,1812.0,1588.0,579.0,712.0,999.0,1046.0,1018.0,1118.0,1197.0,1250.0,1836.0,1692.5,520.0,701.5,970.5,1071.5,1087.5,1119.5,1239.0,1247.0,1899.5,1754.0,562.5,767.0,1026.0,1147.5,1159.5,1215.5,1333.0,1328.5,"{""type"":""MultiPoint"",""coordinates"":[]}"
152_0,3,2483.5,1682.5,739.0,846.0,1104.0,1299.5,1357.5,1497.0,1679.5,1766.5,2324.0,2168.0,684.0,914.0,1226.0,1355.0,1373.0,1471.0,1579.0,1633.0,2431.0,2289.0,746.0,977.0,1325.0,1441.0,1423.0,1515.0,1632.0,1676.0,2636.5,2453.5,872.5,1146.5,1523.5,1664.5,1703.0,1779.0,1882.5,1924.5,644.0,580.0,807.0,993.0,1061.0,1158.0,972.0,990.0,985.0,879.0,644.0,580.0,934.0,993.0,1061.0,1158.0,972.0,990.0,985.0,879.0,421.0,341.0,273.0,515.0,366.0,723.0,793.0,900.0,809.0,760.0,1540.0,883.0,273.0,623.0,338.0,953.0,2119.0,2355.0,2435.0,2409.0,1514.0,829.0,163.0,494.0,228.0,825.0,2433.0,3102.0,3136.0,3165.0,1375.5,653.5,77.5,316.5,67.0,597.5,2599.5,3609.0,3636.5,3599.0,1310.5,617.5,70.0,278.5,60.5,537.5,2672.0,4001.5,4014.0,4073.0,3186.5,2387.5,1266.0,1437.0,1670.0,1860.5,1940.0,2084.0,2262.0,2288.5,1285.0,576.0,49.0,185.0,27.0,379.5,2503.5,4150.5,4158.5,4278.5,1127.5,523.0,31.0,168.0,4.5,359.0,2529.0,4125.5,4230.0,4280.5,1108.0,492.0,429.0,680.0,445.0,927.0,2692.0,4052.0,4117.0,4207.0,1282.0,637.0,550.0,917.0,595.0,1330.0,3079.0,4022.0,4261.0,4268.0,1276.0,637.0,460.0,852.0,595.0,1359.0,3042.0,3818.0,4053.0,4112.0,1397.0,761.0,377.0,847.0,746.0,1498.0,2889.0,3410.0,3683.0,3716.0,2192.0,1258.5,862.0,1430.0,1599.0,2433.0,3274.0,3661.5,4033.5,4090.0,2868.0,1844.5,1229.0,1757.0,2186.5,2840.5,3366.0,3728.0,4180.5,4191.0,3838.0,2944.0,1135.0,1550.0,2358.0,2736.0,2950.0,3180.0,3582.0,3555.0,3721.0,2563.0,1132.5,1591.5,2373.0,2756.0,2863.0,3083.5,3343.0,3514.0,3473.5,2596.0,759.0,1009.5,1448.5,1709.5,1816.0,1988.0,2230.0,2323.5,4003.5,2852.0,1063.5,1472.5,2091.5,2416.0,2575.0,2778.5,2994.0,3168.5,5065.5,4295.5,3073.5,3292.0,3681.0,3998.0,4039.5,4186.0,4442.0,4455.0,3252.0,2453.0,846.0,1093.5,1464.5,1710.5,1830.0,1996.5,2207.0,2286.5,3399.0,2622.0,957.5,1151.0,1497.0,1770.0,1886.5,2063.0,2216.5,2341.5,2907.5,2137.5,687.5,901.5,1263.5,1481.5,1620.0,1797.5,1979.5,2016.0,0.0,0.0,0.0,0.0,0.0,0.0,0.0,0.0,0.0,0.0,3643.0,2700.0,835.0,1169.0,1597.0,1923.0,2015.0,2165.0,2376.0,2525.0,2820.5,2102.5,764.0,932.5,1210.5,1453.0,1598.0,1750.0,1847.5,2028.5,3462.5,2583.0,877.0,1157.5,1473.5,1777.0,2057.5,2249.0,2465.0,2546.0,1899.5,1687.5,552.5,701.0,947.0,1084.0,1069.0,1157.5,1277.5,1299.0,2093.0,1855.0,591.0,750.0,1059.0,1210.0,1134.0,1204.0,1347.0,1369.0,2031.0,1875.0,582.0,696.0,990.0,1086.0,1097.0,1168.0,1267.0,1296.0,2139.5,1983.5,616.0,827.5,1096.5,1210.0,1244.5,1325.0,1438.5,1461.0,"{""type"":""MultiPoint"",""coordinates"":[]}"
153_0,3,2730.0,2102.0,856.0,974.0,1250.0,1479.0,1587.0,1735.0,1900.0,1939.0,2189.0,1953.0,657.0,880.0,1170.0,1271.0,1336.0,1438.0,1531.0,1571.0,2407.0,2273.0,780.0,1028.0,1370.0,1499.0,1535.0,1633.0,1707.0,1735.0,1997.0,1877.5,700.5,925.5,1205.5,1328.0,1298.0,1405.0,1476.5,1476.5,501.0,403.0,411.0,579.0,676.0,734.0,701.0,776.0,847.0,779.0,431.0,382.0,402.0,607.0,622.0,801.0,775.0,884.0,856.0,806.0,467.0,387.0,328.0,597.0,457.0,777.0,693.0,805.0,761.0,669.0,1653.0,979.0,299.0,660.0,416.0,1044.0,2147.0,2340.0,2351.0,2487.0,1152.0,708.0,222.0,491.0,299.0,805.0,1860.0,2271.0,2210.0,2110.0,1180.5,625.5,98.5,380.5,172.0,730.0,2134.5,2750.5,2776.0,2747.0,1149.5,590.5,65.5,259.0,86.5,501.0,2099.0,2947.5,3069.0,2905.5,3290.5,2773.5,1374.0,1349.5,1441.0,1560.0,1692.0,1873.5,2091.5,1995.0,1232.0,584.0,44.5,241.5,49.0,496.0,2423.5,3569.5,3540.5,3497.5,1200.5,596.0,86.5,387.0,102.0,668.0,2729.0,3757.5,3907.0,3942.5,1262.0,620.0,444.0,764.0,532.0,1114.0,3004.0,3735.0,3974.0,3967.0,1324.0,695.0,630.0,999.0,860.0,1646.0,2955.0,3541.0,3653.0,3733.0,1462.0,803.0,545.0,980.0,860.0,1646.0,2712.0,3104.0,3270.0,3340.0,1755.0,1038.0,500.0,985.0,1019.0,1837.0,2704.0,3011.0,3225.0,3303.0,4104.0,2978.5,1282.0,1744.0,2363.5,2919.0,3242.5,3524.5,3823.5,3928.0,4068.0,3031.0,1281.0,1757.0,2404.5,2815.0,3077.0,3254.5,3601.5,3666.0,3418.0,2744.0,1121.0,1497.0,2049.0,2300.0,2567.0,2738.0,3054.0,3059.0,3269.5,2401.5,1038.5,1420.0,1930.5,2308.0,2477.0,2672.0,2797.5,2926.0,3315.5,2752.5,805.5,1016.5,1360.0,1526.5,1625.5,1781.5,2037.5,2039.0,3465.5,2796.5,953.0,1268.5,1644.0,1931.0,2137.5,2326.5,2422.5,2551.0,3585.5,3029.5,1862.5,2044.5,2251.0,2563.5,2718.0,2879.5,2956.5,2992.0,3130.5,2625.0,886.0,1060.0,1243.0,1500.0,1738.0,1893.0,1996.5,2052.0,3025.5,2523.5,836.5,1016.5,1185.5,1457.5,1696.5,1850.0,1951.0,2026.5,2250.5,1661.0,512.0,721.5,916.5,1143.5,1338.5,1532.0,1689.5,1713.5,0.0,0.0,0.0,0.0,0.0,0.0,0.0,0.0,0.0,0.0,3734.0,2975.0,1004.0,1302.0,1739.0,2036.0,2103.0,2277.0,2510.0,2546.0,3249.0,2189.0,1410.0,1517.0,1764.0,1942.0,2107.0,2341.0,2805.0,2587.0,3666.0,3043.0,1082.0,1352.0,1707.0,2002.0,2124.0,2352.0,2540.0,2538.0,2810.0,2370.0,822.5,1009.5,1346.0,1464.0,1595.5,1694.5,1920.5,1939.0,1891.0,1625.0,533.0,675.0,971.0,1010.0,1061.0,1077.0,1318.0,1305.0,1863.5,1636.0,519.0,684.5,944.0,1021.5,1063.0,1203.5,1316.0,1322.5,1937.0,1729.5,562.0,760.5,1013.5,1104.0,1157.5,1299.5,1423.5,1409.0,"{""type"":""MultiPoint"",""coordinates"":[]}"
154_0,3,1809.0,1498.5,618.0,770.0,984.0,1102.0,1152.5,1226.5,1308.5,1317.0,2230.5,1898.0,846.0,1053.0,1276.5,1388.5,1434.0,1496.0,1608.0,1581.5,2335.0,1994.0,907.5,1182.5,1438.0,1566.5,1561.0,1657.0,1743.5,1726.0,2653.5,2275.5,1209.0,1543.0,1832.0,1982.0,1948.5,2047.0,2096.0,2087.0,2269.0,1959.0,1131.0,1423.0,1516.0,1703.0,1674.0,1716.0,1783.0,1762.0,400.0,352.0,1131.0,1423.0,1466.0,1620.0,1209.0,1198.0,1175.0,942.0,229.0,207.0,735.0,1020.0,1069.0,1249.0,1110.0,1192.0,1195.0,970.0,390.0,275.0,630.0,902.0,951.0,1249.0,1030.0,1192.0,1086.0,970.0,429.0,335.0,528.0,840.0,803.0,1111.0,1091.0,1198.0,1148.0,964.0,757.5,442.5,284.0,643.5,463.0,980.0,1493.0,1741.0,1726.0,1601.0,1138.5,574.0,206.0,506.5,237.5,801.5,2189.0,2685.5,2655.5,2544.0,1952.0,1685.0,713.0,882.0,1075.0,1220.0,1237.0,1297.0,1374.0,1427.0,1172.0,589.0,200.0,499.0,213.0,799.0,2541.0,3088.0,3036.0,3016.0,1208.0,583.0,116.0,519.0,191.0,989.0,2788.0,3306.0,3182.0,3171.0,1276.0,612.0,187.0,627.0,327.0,1168.0,3099.0,3773.0,3658.0,3774.0,1328.0,687.0,435.0,939.0,651.0,1751.0,3064.0,3562.0,3521.0,3615.0,1391.0,787.0,462.0,971.0,927.0,1813.0,2726.0,2964.0,3206.0,3227.0,1913.5,1145.0,511.0,980.5,1132.5,1936.5,2587.0,2857.5,3025.0,3194.5,2166.0,1289.0,750.5,1218.0,1468.0,2096.5,2613.5,2851.0,3086.5,3198.0,2402.5,1546.5,754.0,1184.0,1619.0,2212.0,2662.0,2834.0,3158.0,3232.0,3375.5,2412.5,1025.0,1473.5,2041.5,2494.0,2753.0,2976.5,3313.5,3374.5,3296.0,2408.0,1042.0,1528.0,2223.0,2714.0,2914.0,3102.0,3344.0,3460.0,1838.0,1593.0,523.0,736.0,959.0,1088.0,1121.0,1208.0,1271.0,1280.0,3460.0,2633.0,1014.0,1472.0,2028.0,2423.0,2541.0,2697.0,2826.0,2920.0,3297.5,2497.0,983.0,1311.0,1767.5,2147.5,2332.0,2492.0,2656.0,2781.0,2906.0,2372.0,722.5,938.5,1249.0,1487.0,1612.0,1756.0,1897.5,1960.5,3022.0,2546.0,796.0,979.0,1270.0,1487.0,1599.0,1732.0,1861.0,1954.0,1417.0,1184.0,419.0,557.0,734.0,817.0,876.0,914.0,1032.0,977.0,659.0,525.0,496.5,544.0,544.5,557.0,587.5,605.5,720.0,633.5,1621.0,1336.0,541.0,725.0,891.0,988.0,1004.0,1054.0,1181.0,1160.0,1087.0,769.0,611.0,670.0,713.0,753.0,713.0,704.0,1001.0,687.0,2259.0,1974.0,799.0,1029.0,1215.0,1336.0,1380.0,1449.0,1546.0,1585.0,2409.0,2102.0,1046.0,1201.0,1385.0,1494.0,1555.0,1672.0,1787.0,1754.0,1787.5,1527.5,566.0,718.0,883.5,981.0,963.5,1011.0,1107.0,1124.0,2085.5,1815.5,786.5,969.0,1151.5,1256.5,1277.5,1346.5,1453.5,1440.5,2218.5,1905.0,871.0,1036.5,1234.5,1323.0,1367.5,1426.0,1533.0,1520.0,"{""type"":""MultiPoint"",""coordinates"":[]}"
155_0,3,1623.0,1343.5,578.0,710.0,916.5,1038.0,1064.0,1127.0,1206.5,1196.0,2344.5,2056.0,1008.5,1281.5,1503.5,1622.0,1647.5,1732.5,1836.5,1811.0,2368.0,2087.5,890.5,1140.0,1372.5,1518.0,1544.5,1639.0,1714.5,1712.0,2305.5,2025.5,869.5,1102.0,1320.5,1445.5,1515.5,1595.5,1645.5,1666.5,1188.0,1029.0,722.0,1028.0,1117.0,1282.0,1189.0,1323.0,1266.0,1177.0,1185.0,1025.0,838.0,1120.0,1250.0,1425.0,1346.0,1379.0,1299.0,1292.0,1051.0,892.0,781.0,1053.0,1125.0,1470.0,1346.0,1528.0,1429.0,1404.0,1074.0,924.0,760.0,1042.0,1019.0,1514.0,1567.0,1733.0,1586.0,1579.0,1207.0,924.0,705.0,1000.0,883.0,1384.0,1778.0,1910.0,1869.0,1838.0,1205.5,855.5,481.5,793.5,681.0,1319.0,1814.0,1988.0,1830.5,1875.0,1427.5,1052.0,491.0,846.5,746.0,1423.0,2065.0,2341.5,2437.0,2388.5,1875.5,1586.5,695.0,879.5,1083.5,1192.5,1220.5,1296.0,1380.0,1381.5,1663.0,1148.0,485.0,780.0,731.0,1282.0,1991.0,2330.0,2415.0,2355.0,1483.0,981.0,446.0,699.0,665.0,1278.0,2030.0,2330.0,2415.0,2424.0,1602.0,989.0,419.0,777.0,670.0,1278.0,2167.0,2528.0,2611.0,2633.0,1612.0,996.0,497.0,865.0,632.0,1323.0,2548.0,3025.0,3151.0,3041.0,1674.0,1069.0,497.0,953.0,700.0,1469.0,2714.0,3077.0,3252.0,3219.0,1731.0,1120.5,527.5,989.5,736.0,1590.0,2606.0,2887.5,3077.0,3037.0,2064.0,1304.0,787.0,1263.0,1235.0,1951.0,2593.0,2825.0,3039.0,3017.0,2267.5,1513.0,741.5,1235.0,1291.0,2003.5,2576.5,2798.0,3056.5,3053.5,2918.5,2103.0,975.0,1386.0,1749.5,2106.0,2512.5,2761.5,3099.5,3015.5,2020.0,1436.0,814.0,1089.0,1510.0,1735.0,2039.0,2110.0,2369.0,2348.0,1703.0,1425.0,522.0,695.0,944.0,1018.0,1074.0,1128.0,1252.0,1220.0,3041.0,2323.0,868.0,1217.0,1617.0,2023.0,2051.0,2187.0,2395.0,2455.0,2953.5,2333.0,969.0,1248.5,1634.0,1811.0,1994.0,2178.0,2343.5,2333.5,2623.5,2100.5,684.0,925.0,1203.0,1353.5,1481.5,1579.5,1780.5,1794.5,2507.0,2031.0,788.0,953.0,1228.0,1398.0,1513.0,1616.0,1758.0,1825.0,1791.0,1513.0,484.0,619.0,826.0,893.0,1026.0,1065.0,1262.0,1239.0,932.0,865.0,779.0,665.0,697.0,778.0,873.0,958.0,927.0,1062.0,1928.0,1628.0,622.0,833.0,1010.0,1144.0,1139.0,1257.0,1327.0,1298.0,1381.0,1038.0,709.0,780.0,891.0,898.0,881.0,873.0,1181.0,887.0,2260.0,2007.0,774.0,1054.0,1262.0,1445.0,1418.0,1538.0,1604.0,1617.0,1842.0,1531.0,791.0,858.0,1041.0,1165.0,1202.0,1252.0,1270.0,1343.0,1842.0,1531.0,553.0,693.0,889.0,971.0,988.0,1043.0,1135.0,1141.0,2028.0,1769.0,727.0,860.0,1068.0,1235.0,1216.0,1292.0,1385.0,1416.0,2141.5,1896.0,781.5,985.5,1191.0,1338.5,1349.5,1407.0,1520.5,1481.5,"{""type"":""MultiPoint"",""coordinates"":[]}"
156_0,3,1741.0,1472.5,533.5,667.5,898.5,1015.0,1033.5,1118.5,1194.5,1224.0,2493.5,2085.5,1012.0,1317.5,1598.0,1732.5,1769.5,1848.5,1945.0,1933.0,2512.5,2095.5,948.5,1235.5,1537.5,1662.0,1663.5,1744.0,1856.0,1862.5,2424.0,2058.5,934.0,1210.5,1482.5,1609.0,1626.5,1698.5,1791.0,1818.5,745.5,625.5,883.5,1146.0,1200.0,1462.5,1215.5,1259.0,1253.5,1082.0,296.5,239.5,678.5,1019.0,1111.0,1359.0,1065.5,1140.0,1131.0,980.0,409.5,302.0,592.5,906.0,929.0,1245.0,1099.5,1155.5,1067.0,996.0,852.0,550.5,565.0,894.5,787.5,1262.5,1685.0,1804.5,1673.5,1661.0,1237.0,810.0,426.0,789.5,495.0,1178.0,2506.5,2814.5,2821.0,2721.5,1774.5,981.0,378.5,771.0,497.0,1291.0,3010.0,3613.0,3684.0,3719.0,1666.5,902.5,327.5,708.5,463.0,1227.0,2963.0,3579.5,3699.5,3696.0,2111.5,1789.5,627.5,832.5,1084.5,1218.0,1245.5,1340.0,1420.0,1475.0,1610.5,836.5,267.5,651.0,416.0,1137.5,2849.0,3508.5,3566.0,3725.0,1436.5,711.0,243.0,574.0,343.0,1020.5,2808.0,3538.0,3566.0,3725.5,1449.0,701.0,289.0,591.5,325.5,1002.5,3021.5,3715.0,3736.5,3845.5,1727.0,877.0,465.5,943.0,502.0,1519.5,3449.0,4026.0,4157.5,4225.5,1756.5,920.0,457.5,1048.0,614.5,1718.0,3326.0,3781.5,4030.0,3997.5,1891.0,1076.0,546.0,1223.0,918.0,2101.0,3234.0,3559.0,3780.0,3835.0,2222.5,1278.5,866.0,1563.0,1479.5,2573.5,3332.5,3630.0,3936.5,3966.0,2642.5,1658.0,991.0,1589.0,1882.5,2715.0,3152.0,3446.0,3790.5,3936.5,4104.0,2774.0,1148.5,1587.5,2325.0,2751.5,2946.5,3211.0,3667.5,3724.0,1829.0,1383.5,538.5,752.0,1050.0,1188.5,1236.0,1340.5,1409.5,1456.0,1953.5,1620.5,513.5,724.0,988.0,1095.5,1152.0,1196.5,1307.0,1355.0,1903.0,1479.0,562.0,776.0,1054.5,1174.5,1227.0,1319.5,1390.5,1453.0,2171.5,1741.0,834.0,1008.5,1240.5,1405.5,1412.0,1516.5,1609.5,1652.0,1945.5,1589.0,594.5,773.0,967.0,1103.0,1118.0,1214.0,1294.5,1328.5,2087.5,1731.0,646.5,839.5,1036.5,1181.5,1194.0,1316.0,1345.0,1419.0,1691.0,1416.5,480.5,608.5,818.0,905.5,948.0,1012.5,1124.0,1101.0,1510.5,1198.5,684.0,793.5,934.0,1080.5,1055.0,1132.0,1187.5,1252.5,1552.0,1171.0,478.5,662.5,848.0,925.5,1004.5,1024.5,1166.0,1158.0,1881.5,1543.0,651.0,797.5,986.5,1094.5,1142.5,1229.5,1280.5,1308.0,2308.0,1904.5,847.0,1082.0,1309.5,1439.0,1494.5,1587.0,1672.0,1688.5,2323.5,1889.0,922.5,1111.0,1333.5,1440.5,1504.5,1598.0,1714.0,1685.5,2143.5,1717.0,866.0,982.0,1171.0,1291.5,1343.0,1441.0,1517.5,1544.5,2108.5,1762.5,704.5,909.5,1140.5,1239.5,1273.5,1340.0,1429.0,1476.0,2258.5,1890.0,842.0,1117.0,1363.0,1476.0,1508.0,1578.0,1685.0,1679.0,"{""type"":""MultiPoint"",""coordinates"":[]}"
157_0,3,2341.5,1997.0,1332.5,1323.0,1448.0,1568.5,1622.5,1659.0,1834.5,1812.0,2624.0,2434.0,796.0,1118.0,1481.0,1617.0,1657.0,1767.0,1866.0,1896.0,2326.0,2129.0,565.0,849.0,1183.0,1330.0,1356.0,1433.0,1553.0,1558.0,215.5,217.5,286.5,421.0,404.0,470.5,231.0,263.0,230.0,151.5,201.0,185.5,288.0,429.0,429.5,533.0,321.0,434.0,338.0,307.0,338.0,266.5,289.0,474.0,417.5,646.0,666.5,721.5,656.0,612.0,935.0,705.0,269.0,493.0,353.0,815.0,1393.0,1455.0,1362.0,1373.0,1088.0,597.0,217.0,418.0,266.0,711.0,1538.0,1773.0,1892.0,1849.0,1310.0,659.0,109.0,352.0,100.0,613.0,2567.0,3237.0,3258.0,3256.0,1364.5,641.5,50.5,282.0,25.5,513.0,2717.0,4014.0,4133.5,4171.5,1331.0,603.5,42.0,281.5,29.0,498.5,2812.5,4368.5,4366.0,4439.0,2867.5,2614.0,1781.0,1855.0,2062.0,2227.5,2201.5,2262.0,2282.0,2366.5,1379.0,621.0,62.0,298.0,38.0,574.0,2963.0,4414.5,4473.5,4630.0,1473.0,676.0,183.5,694.5,243.5,1211.0,3557.0,4571.5,4722.5,4819.0,1571.0,759.0,501.0,881.0,615.0,1403.0,3492.0,4197.0,4260.0,4492.0,1698.0,927.0,665.0,1092.0,981.0,1846.0,3142.0,3647.0,3741.0,3950.0,1853.0,1074.0,600.0,1070.0,1032.0,1904.0,2763.0,3088.0,3408.0,3465.0,3067.0,2002.0,687.0,1161.0,1370.0,2092.0,2763.0,3088.0,3269.0,3465.0,4686.0,3343.5,1183.0,1642.0,2322.0,2757.0,3024.5,3341.0,3682.0,3883.5,4564.0,3343.0,1099.0,1535.0,2278.0,2665.0,2914.5,3200.0,3539.0,3601.5,4075.0,2994.0,1015.0,1390.0,1999.0,2349.0,2573.0,2823.0,3208.0,3309.0,3525.5,2662.5,875.0,1212.0,1711.0,2019.0,2201.0,2420.0,2610.0,2789.0,2101.5,1877.5,479.5,652.0,924.0,1046.5,1103.5,1210.0,1344.0,1376.0,3473.5,2802.5,763.0,1023.5,1388.0,1655.0,1824.5,2017.5,2137.5,2292.5,2756.0,2458.0,1183.5,1263.0,1439.0,1633.5,1739.0,1862.0,1888.5,1968.0,3198.0,2875.0,708.5,821.0,1026.0,1253.0,1370.5,1570.5,1675.5,1731.0,2858.5,2597.5,664.5,770.0,949.0,1172.5,1286.0,1454.0,1535.5,1604.0,2588.0,1850.0,524.0,640.0,864.0,1072.0,1207.0,1317.0,1515.0,1552.0,0.0,0.0,0.0,0.0,0.0,0.0,0.0,0.0,0.0,0.0,2036.0,1712.0,410.0,576.0,869.0,1017.0,1076.0,1175.0,1301.0,1322.0,2280.0,2012.0,509.0,702.0,942.0,1170.0,1243.0,1329.0,1415.0,1478.0,2386.0,2097.0,570.0,794.0,1055.0,1273.0,1385.0,1482.0,1611.0,1690.0,2371.0,2044.0,683.5,836.0,1077.0,1274.5,1431.5,1573.0,1688.0,1716.0,2139.0,1978.0,629.0,801.0,1034.0,1170.0,1282.0,1376.0,1447.0,1515.0,2139.0,1978.0,594.0,776.0,1034.0,1170.0,1221.0,1325.0,1441.0,1439.0,2210.5,2085.0,640.5,878.5,1162.0,1285.0,1357.5,1427.5,1574.5,1575.5,"{""type"":""MultiPoint"",""coordinates"":[]}"
158_0,3,1307.5,1115.0,520.5,591.0,729.0,791.0,810.0,860.0,926.0,923.5,1736.5,1521.0,675.5,810.0,965.5,1069.0,1114.5,1182.5,1252.0,1274.0,765.0,616.0,515.5,698.0,741.5,865.0,774.0,816.0,844.5,825.0,349.0,278.5,504.0,701.0,720.5,837.5,732.0,789.5,784.5,726.0,360.0,246.0,441.0,644.0,594.0,845.0,827.0,877.0,844.0,813.0,644.0,487.0,474.0,777.0,583.0,1065.0,1259.0,1328.0,1299.0,1227.0,1228.0,790.0,486.0,963.0,509.0,1421.0,2643.0,2754.0,2822.0,2659.0,1485.0,797.0,436.0,943.0,495.0,1481.0,3317.0,3741.0,3831.0,3550.0,1499.0,743.0,335.0,796.0,336.0,1313.0,4020.0,4894.0,4981.0,5009.0,1411.0,699.5,200.0,664.5,266.0,1161.5,3838.5,4660.0,4897.0,4856.0,1419.0,693.5,151.0,557.5,186.5,1057.0,3696.0,4701.0,4968.5,4966.5,1548.0,1331.0,609.0,731.0,868.0,946.0,978.0,1002.0,1128.0,1099.0,1557.0,734.0,178.0,620.0,215.0,1089.0,3651.0,4668.0,4887.0,5007.0,1640.0,834.0,163.0,670.0,244.0,1207.0,3780.0,4728.0,4916.0,4905.0,1730.0,847.0,256.0,752.0,344.0,1266.0,3868.0,4623.0,4746.0,4899.0,1870.0,945.0,446.0,1021.0,550.0,1755.0,3725.0,4366.0,4568.0,4710.0,1896.5,1003.0,498.0,1138.5,719.0,1918.0,3654.0,4111.5,4440.5,4407.0,2097.0,1151.5,539.5,1218.5,910.0,2057.5,3483.5,3861.5,4198.5,4285.0,2355.5,1280.0,994.0,1505.0,1419.0,2416.0,3614.5,3942.0,4333.5,4396.0,4556.0,2973.5,1434.5,1980.5,2594.0,3424.0,3861.0,4249.5,4743.0,4745.5,4498.5,2912.0,1459.0,2044.0,2895.5,3476.0,3805.0,4006.0,4674.5,4625.5,3692.0,2574.0,1292.0,1700.0,2374.0,2434.0,2884.0,2731.0,3283.0,3455.0,1608.0,1200.0,639.0,785.0,943.0,970.0,1019.0,1063.0,1150.0,1142.0,3611.0,2563.0,1142.0,1523.0,2124.0,2335.0,2538.0,2621.0,2973.0,2981.0,2710.5,2024.5,926.5,1160.5,1565.5,1734.5,1845.5,1927.5,2142.5,2164.0,2055.5,1774.0,522.5,681.0,917.0,1055.0,1106.0,1188.0,1291.5,1318.0,2237.0,1917.0,625.0,745.0,985.0,1124.0,1194.0,1268.0,1350.0,1411.0,1862.0,1352.0,481.0,637.0,862.0,964.0,1027.0,1103.0,1288.0,1228.0,0.0,0.0,0.0,0.0,0.0,0.0,0.0,0.0,0.0,0.0,2026.0,1823.0,720.0,903.0,1025.0,1172.0,1216.0,1267.0,1375.0,1363.0,1947.5,1698.0,698.0,869.0,914.5,1146.0,1380.5,1448.5,1501.0,1539.0,1698.0,1459.0,622.0,734.0,819.0,956.0,1139.0,1207.0,1313.0,1300.0,1507.0,1291.5,480.5,568.5,693.0,789.5,891.0,947.5,1047.5,1040.0,1316.0,1124.0,348.0,446.0,567.0,623.0,644.0,708.0,782.0,780.0,1645.0,1462.0,639.0,766.0,924.0,1020.0,1048.0,1101.0,1183.0,1186.0,1631.0,1415.0,644.0,800.0,931.0,1020.0,1053.0,1117.0,1185.0,1174.5,"{""type"":""MultiPoint"",""coordinates"":[]}"
159_0,3,1869.0,1508.0,613.0,748.5,981.5,1128.0,1138.5,1256.0,1319.5,1361.5,2298.5,1940.5,909.0,1163.5,1393.0,1527.0,1619.5,1687.5,1765.0,1807.5,2369.0,2014.0,868.0,1119.0,1383.0,1511.5,1550.5,1687.0,1740.5,1753.5,2187.0,1861.0,846.0,1097.5,1329.5,1505.5,1548.5,1625.0,1640.5,1715.5,888.0,755.0,543.0,801.0,836.0,1069.0,904.0,1031.0,886.0,998.0,917.0,738.0,832.0,1030.0,1059.0,1260.0,1257.0,1340.0,1198.0,1157.0,1081.0,789.0,622.0,850.0,780.0,1241.0,1431.0,1547.0,1322.0,1260.0,1428.0,880.0,553.0,810.0,655.0,1275.0,2135.0,2370.0,2345.0,2425.0,1561.0,971.0,491.0,814.0,640.0,1316.0,2648.0,3293.0,3146.0,3220.0,1694.5,1032.5,365.0,683.5,567.5,1184.5,2476.0,2849.5,3024.0,3226.5,1745.0,1018.5,332.5,604.0,501.0,1046.5,2437.0,3046.5,3161.5,3233.0,2085.0,1732.0,667.0,856.0,1091.0,1253.0,1336.0,1386.0,1457.0,1478.0,1802.0,1011.0,315.0,586.0,464.0,1060.0,2692.0,3458.0,3495.0,3511.0,1861.0,1084.0,349.0,708.0,593.0,1296.0,2769.0,3607.0,3710.0,3775.0,1958.0,1152.0,460.0,863.0,782.0,1449.0,3007.0,3607.0,3802.0,3938.0,2097.0,1297.0,602.0,1037.0,978.0,1868.0,3154.0,3591.0,3936.0,3841.0,2318.5,1435.5,637.0,1127.0,1115.0,1924.5,2989.5,3317.5,3733.5,3707.0,2526.0,1639.0,773.0,1254.5,1436.0,2153.5,2822.5,3146.0,3484.0,3470.5,3132.5,2055.5,1065.0,1424.5,1760.5,2368.0,2918.5,3151.5,3489.0,3528.0,3777.5,2634.0,1171.5,1578.0,2180.5,2591.0,2845.5,3236.5,3544.5,3597.0,3406.5,2492.0,1172.0,1577.0,2160.5,2467.5,2709.0,2932.0,3216.5,3291.5,2370.0,1795.0,758.0,1026.0,1402.0,1601.0,1866.0,1890.0,1986.0,2117.0,2087.0,1740.5,642.5,830.5,1097.0,1252.5,1264.0,1378.5,1463.0,1484.5,2418.0,1832.5,788.5,1045.5,1439.5,1668.0,1868.0,1974.5,2020.0,2152.5,2377.0,1786.0,891.0,1112.5,1456.0,1690.5,1781.0,1923.0,1972.5,2106.5,2134.0,1675.0,656.0,869.0,1136.0,1302.0,1380.5,1484.5,1576.0,1626.5,2121.0,1707.5,711.0,860.0,1096.0,1283.5,1368.0,1479.0,1508.0,1631.0,1679.0,1355.0,523.0,669.0,859.0,939.0,1012.0,1132.0,1235.0,1220.0,0.0,0.0,0.0,0.0,0.0,0.0,0.0,0.0,0.0,0.0,1947.0,1634.0,579.0,778.0,977.0,1051.0,1117.0,1263.0,1274.0,1284.0,1939.0,1618.0,650.0,755.0,909.0,1008.0,1028.0,1085.0,1180.0,1267.0,2163.5,1814.0,717.0,915.0,1116.0,1293.0,1266.5,1330.0,1468.5,1483.5,2085.0,1678.0,654.0,768.0,981.0,1131.0,1129.0,1225.0,1265.0,1348.0,2111.5,1705.5,744.5,838.0,1027.0,1170.5,1238.5,1278.5,1378.5,1455.5,2188.0,1800.0,745.0,892.0,1120.0,1234.0,1317.0,1451.0,1484.0,1569.0,2188.0,1859.0,745.0,892.0,1127.0,1234.0,1317.0,1451.0,1484.0,1569.0,"{""type"":""MultiPoint"",""coordinates"":[]}"
160_0,3,1650.0,1365.0,537.5,671.5,879.0,989.0,1009.5,1087.5,1149.5,1189.5,2257.5,1954.5,882.0,1156.5,1385.5,1507.5,1547.5,1617.5,1705.5,1692.0,2327.5,2033.5,906.5,1170.0,1403.5,1527.0,1561.5,1627.5,1707.0,1726.5,2346.0,2086.5,948.0,1196.0,1423.0,1556.0,1586.5,1660.5,1713.5,1737.0,305.0,262.0,934.0,1230.0,1249.0,1347.0,979.0,1003.0,966.0,782.0,305.0,262.0,924.0,1226.0,1249.0,1347.0,979.0,1003.0,966.0,782.0,457.0,338.0,651.0,1030.0,916.0,1320.0,1408.0,1480.0,1505.0,1285.0,598.0,516.0,574.0,854.0,748.0,1441.0,1613.0,1744.0,1584.0,1470.0,625.0,456.0,459.0,752.0,720.0,1209.0,1380.0,1612.0,1471.0,1325.0,774.5,504.5,357.0,632.5,517.0,1059.0,1626.5,1862.0,1801.5,1613.5,1259.5,720.0,328.0,622.0,433.0,1038.5,2444.0,3027.5,2993.5,2984.0,1830.0,1548.0,633.0,819.0,1020.0,1149.0,1130.0,1230.0,1256.0,1334.0,1347.0,693.0,323.0,623.0,424.0,978.0,2510.0,3183.0,3156.0,3126.0,1255.0,614.0,150.0,455.0,242.0,759.0,2571.0,3237.0,3309.0,3298.0,1239.0,614.0,148.0,410.0,185.0,731.0,2831.0,3785.0,3705.0,3718.0,1508.0,760.0,353.0,712.0,360.0,1103.0,3266.0,4085.0,4116.0,4147.0,1620.0,809.5,386.0,863.5,428.5,1356.0,3423.5,4187.0,4367.0,4308.5,1697.0,908.5,410.5,959.0,525.0,1634.5,3221.0,3621.0,3777.0,3854.0,1867.5,1017.5,794.5,1389.0,1189.0,2111.5,3153.5,3451.5,3673.5,3748.5,2338.0,1456.0,848.0,1424.0,1451.5,2479.5,3090.0,3326.5,3633.0,3671.5,3542.0,2470.0,1070.5,1541.0,2050.5,2589.5,2873.5,3128.5,3434.5,3456.5,3404.0,2558.0,1278.0,1795.0,2424.0,2835.0,2953.0,3103.0,3109.0,3327.0,1708.0,1438.0,455.0,655.0,874.0,985.0,1033.0,1104.0,1200.0,1177.0,2908.0,2239.0,835.0,1146.0,1572.0,1827.0,1939.0,2053.0,2278.0,2336.0,2788.5,2139.5,886.5,1136.0,1537.0,1738.5,1827.5,1959.0,2177.0,2217.0,2499.0,2027.0,689.5,893.0,1172.0,1351.0,1444.5,1511.5,1680.5,1724.0,2587.0,2147.0,792.0,951.0,1215.0,1390.0,1528.0,1599.0,1690.0,1778.0,2277.0,1567.0,583.0,764.0,1032.0,1129.0,1228.0,1340.0,1566.0,1576.0,0.0,0.0,0.0,0.0,0.0,0.0,0.0,0.0,0.0,0.0,1574.0,1259.0,506.0,672.0,856.0,974.0,1004.0,1037.0,1123.0,1149.0,1825.0,1511.0,624.0,784.0,954.0,1067.0,1109.0,1200.0,1221.0,1249.0,2270.0,1914.0,794.0,1047.0,1278.0,1399.0,1449.0,1515.0,1584.0,1625.0,2459.0,2096.0,972.0,1180.0,1409.0,1512.0,1591.0,1694.0,1782.0,1733.0,1820.0,1572.0,589.0,710.0,933.0,1037.0,1041.0,1111.0,1170.0,1215.0,1972.0,1662.0,701.0,841.0,1041.0,1136.0,1185.0,1252.0,1336.0,1355.0,2093.0,1780.5,793.5,988.5,1196.0,1287.0,1349.0,1416.5,1495.5,1494.0,"{""type"":""MultiPoint"",""coordinates"":[]}"
161_0,3,1556.5,1302.5,520.0,637.0,827.0,912.5,939.5,1014.0,1067.5,1093.5,2242.0,1949.0,894.0,1150.0,1381.0,1494.5,1518.5,1597.0,1677.5,1658.5,2274.0,2003.5,903.5,1163.5,1360.5,1483.0,1521.5,1559.5,1646.0,1654.5,2191.5,1968.0,896.0,1132.5,1318.5,1425.5,1461.0,1528.0,1580.5,1574.5,342.0,313.0,1142.0,1484.0,1488.0,1544.0,1143.0,1128.0,1127.0,870.0,342.0,313.0,1175.0,1484.0,1488.0,1544.0,1143.0,1226.0,1183.0,1036.0,403.0,280.0,614.0,983.0,917.0,1309.0,1309.0,1416.0,1256.0,1134.0,548.0,427.0,536.0,847.0,766.0,1301.0,1481.0,1617.0,1499.0,1343.0,628.0,465.0,453.0,721.0,657.0,1205.0,1481.0,1654.0,1526.0,1378.0,768.0,504.5,275.0,505.5,387.0,995.5,1602.0,1912.0,1797.5,1645.5,1140.0,662.5,287.5,524.0,361.0,1053.5,2465.5,2917.0,2975.5,2802.0,1784.0,1485.0,644.0,787.0,982.0,1098.0,1101.0,1154.0,1220.0,1272.0,1331.0,699.0,307.0,603.0,381.0,996.0,2530.0,3318.0,3196.0,3123.0,1239.0,630.0,125.0,404.0,191.0,779.0,2558.0,3318.0,3243.0,3123.0,1233.0,624.0,121.0,392.0,170.0,752.0,2739.0,3712.0,3562.0,3602.0,1458.0,729.0,321.0,700.0,317.0,1114.0,3205.0,4043.0,3986.0,3944.0,1579.0,780.5,371.0,860.5,409.5,1399.5,3413.5,4021.5,4279.0,4185.5,1630.5,887.5,406.5,976.0,545.0,1663.5,3172.5,3467.5,3706.0,3732.0,1964.0,1071.0,748.0,1342.0,1169.0,2105.0,3082.0,3297.0,3661.0,3616.0,2320.0,1425.5,767.0,1405.0,1398.0,2322.5,3113.0,3363.5,3700.5,3645.5,3342.5,2342.5,1095.0,1545.0,2079.0,2599.0,2858.0,3117.0,3417.5,3462.0,3424.0,2416.0,1218.0,1665.0,2309.0,2636.0,2822.0,3063.0,3173.0,3341.0,1624.0,1356.0,447.0,626.0,837.0,941.0,981.0,1041.0,1099.0,1141.0,3306.0,2387.0,854.0,1241.0,1757.0,2116.0,2273.0,2404.0,2580.0,2682.0,3178.0,2293.5,890.5,1211.5,1700.5,1970.5,2119.0,2292.5,2495.5,2577.0,2820.5,2195.5,665.5,890.5,1233.0,1444.0,1523.0,1689.0,1855.0,1919.5,2936.0,2306.0,738.0,916.0,1245.0,1467.0,1541.0,1687.0,1847.0,1910.0,2362.0,1530.0,561.0,723.0,1016.0,1186.0,1284.0,1433.0,1638.0,1638.0,0.0,0.0,0.0,0.0,0.0,0.0,0.0,0.0,0.0,0.0,1569.0,1239.0,525.0,721.0,895.0,964.0,1019.0,1055.0,1175.0,1150.0,1986.0,1735.0,793.0,929.0,1099.0,1181.0,1274.0,1361.0,1384.0,1437.0,2356.0,2010.0,892.0,1137.0,1376.0,1477.0,1551.0,1591.0,1688.0,1702.0,2527.0,2196.0,1067.0,1298.0,1532.0,1606.0,1666.0,1753.0,1912.0,1844.0,1825.0,1557.0,570.0,718.0,923.0,1002.0,1030.0,1087.0,1168.0,1172.0,1923.0,1666.0,691.0,895.0,1079.0,1188.0,1215.0,1293.0,1363.0,1377.0,2040.5,1756.0,808.0,1000.5,1198.5,1284.0,1323.5,1387.0,1492.0,1455.5,"{""type"":""MultiPoint"",""coordinates"":[]}"
162_0,3,1677.5,1390.5,543.0,658.0,882.0,1007.0,1018.0,1090.5,1150.5,1215.0,2435.5,2154.5,931.5,1191.5,1434.5,1564.5,1617.0,1674.5,1768.0,1769.0,2492.5,2218.0,940.5,1216.5,1456.5,1583.0,1614.0,1678.0,1763.5,1770.0,536.5,523.5,798.0,1083.0,1204.5,1323.0,974.0,1031.5,943.5,861.5,318.0,265.0,809.0,1082.0,1171.0,1331.0,932.0,1030.0,842.0,822.0,1378.0,986.0,925.0,1165.0,1272.0,1417.0,1430.0,1491.0,1543.0,1575.0,318.0,282.0,618.0,929.0,936.0,1275.0,1060.0,1168.0,1092.0,952.0,532.0,426.0,630.0,932.0,988.0,1345.0,1232.0,1405.0,1165.0,1110.0,375.0,279.0,531.0,847.0,878.0,1085.0,898.0,1020.0,862.0,796.0,408.5,293.5,364.5,642.5,624.0,995.5,1115.0,1281.5,1117.5,1056.0,506.0,323.5,278.5,475.5,456.0,866.0,1087.0,1306.0,1100.5,1133.0,1901.0,1612.0,662.5,826.0,1049.0,1179.5,1168.0,1257.0,1309.5,1352.0,699.0,408.0,254.0,499.0,414.0,829.0,1202.0,1420.0,1172.0,1285.0,792.0,425.0,183.0,364.0,226.0,646.0,1294.0,1587.0,1391.0,1602.0,1018.0,525.0,228.0,470.0,303.0,880.0,1940.0,2359.0,2124.0,2217.0,1197.0,611.0,391.0,683.0,480.0,1172.0,2389.0,2822.0,2817.0,2923.0,1953.0,1105.0,533.0,899.0,854.0,1455.0,2513.0,2878.0,3075.0,3145.0,2218.5,1371.0,554.5,920.5,999.5,1580.5,2336.5,2681.0,2846.5,2957.0,3437.5,2401.0,1196.5,1524.0,1801.5,2151.0,2569.0,2796.0,3095.5,3149.5,3528.5,2530.0,987.5,1350.0,1813.0,2175.5,2523.0,2751.5,3040.0,3145.5,3426.5,2451.0,908.5,1303.0,1749.0,2099.5,2420.0,2649.0,3017.5,3055.0,1628.0,1305.0,549.0,665.0,866.0,1003.0,1109.0,1195.0,1134.0,1353.0,1714.0,1425.0,487.0,642.0,876.0,971.0,1036.0,1084.0,1153.0,1189.0,1880.0,1624.0,496.0,662.0,865.0,982.0,1021.0,1091.0,1150.0,1201.0,1780.5,1525.5,552.5,690.0,862.0,973.5,990.5,1072.5,1110.5,1164.0,1728.0,1490.0,454.5,628.5,819.5,910.5,927.5,997.5,1085.5,1098.5,2128.0,1915.0,722.0,900.0,1113.0,1225.0,1285.0,1312.0,1426.0,1454.0,1370.0,1217.0,353.0,469.0,627.0,681.0,714.0,747.0,824.0,845.0,0.0,0.0,0.0,0.0,0.0,0.0,0.0,0.0,0.0,0.0,1914.0,1662.0,592.0,809.0,1022.0,1128.0,1160.0,1191.0,1296.0,1325.0,226.0,189.0,207.0,155.0,136.0,141.0,147.0,151.0,152.0,159.0,2213.0,1955.0,757.0,962.0,1194.0,1296.0,1328.0,1387.0,1498.0,1515.0,1637.0,1388.0,432.0,535.0,741.0,836.0,807.0,888.0,942.0,947.0,1513.0,1267.5,505.0,536.0,716.5,804.0,796.0,857.5,922.5,916.5,1943.0,1726.0,679.0,841.0,1020.0,1122.0,1169.0,1255.0,1292.0,1335.0,2107.0,1879.0,708.5,901.5,1124.0,1218.0,1250.0,1319.0,1422.0,1444.0,"{""type"":""MultiPoint"",""coordinates"":[]}"
163_0,3,1778.0,1501.0,425.5,583.0,834.5,936.5,972.0,1071.0,1170.5,1207.5,2252.5,1953.0,804.0,1070.0,1381.5,1498.0,1532.0,1601.0,1719.5,1698.0,2385.5,2074.0,742.5,1007.0,1341.5,1486.0,1512.0,1540.5,1722.5,1712.5,1379.0,1156.5,584.0,783.0,1000.5,1116.5,1098.0,1150.0,1231.5,1196.5,557.0,428.5,475.5,733.0,703.5,1026.0,891.0,980.5,945.5,917.0,557.0,428.5,559.5,805.0,761.0,1081.5,1024.0,1083.0,1091.0,995.5,799.5,563.5,460.5,681.0,518.5,985.5,1537.0,1569.5,1610.5,1442.0,1373.0,829.5,404.0,769.0,440.0,1134.5,2550.0,2869.0,2832.5,2683.0,1641.5,912.0,300.0,645.0,304.5,1049.0,3463.0,4189.0,4352.5,4400.5,1836.5,974.5,204.5,523.0,280.0,997.5,3110.5,4189.5,4290.0,4281.0,1804.0,928.5,202.5,446.0,261.0,844.5,2977.5,4212.0,4410.0,4412.0,2046.5,1744.5,497.5,689.5,943.0,1093.5,1122.5,1201.0,1296.0,1341.5,1808.5,953.0,211.5,422.0,277.0,819.5,2898.5,4253.0,4503.5,4554.0,1674.0,871.5,196.5,439.0,272.0,890.5,3081.0,4305.0,4653.0,4614.5,1677.5,898.5,358.5,725.0,461.0,1267.5,3175.5,4263.5,4503.0,4530.5,1994.0,1067.5,556.0,1051.5,752.5,1767.5,3664.5,4498.0,4831.0,4790.0,2174.5,1249.0,613.0,1163.0,942.5,2023.0,3696.5,4453.5,4813.5,4711.0,2531.0,1484.0,716.0,1315.0,1303.0,2241.0,3736.0,4334.0,4745.0,4715.0,3311.0,2181.5,1116.0,1567.0,1832.0,2630.5,3257.0,3578.0,3965.5,4174.5,3871.0,2759.5,1162.0,1610.5,2228.0,2710.5,2933.5,3271.0,3655.5,3750.0,3873.0,2718.5,1171.0,1656.5,2378.5,2790.5,3087.0,3293.5,3708.5,3809.5,2500.0,1936.5,851.0,1120.0,1601.0,1853.0,1936.0,2039.5,2110.5,2136.0,1902.5,1614.5,429.5,601.5,876.5,1025.5,1039.0,1118.0,1244.5,1264.0,2523.0,1962.0,867.5,1152.0,1581.5,1787.5,1904.0,2011.0,2140.5,2183.5,2452.0,1937.5,990.0,1223.5,1587.5,1766.5,1919.0,2006.5,2158.0,2192.0,2254.5,1793.5,704.0,898.0,1187.0,1347.5,1422.5,1522.0,1664.5,1696.0,2391.0,1936.5,791.0,948.0,1240.0,1433.0,1472.0,1565.0,1701.5,1720.0,1896.5,1428.0,608.0,754.0,1004.5,1107.0,1260.0,1195.5,1473.5,1460.5,0.0,0.0,0.0,0.0,0.0,0.0,0.0,0.0,0.0,0.0,1733.0,1368.5,407.5,546.0,745.5,888.0,930.0,994.5,1095.0,1146.0,1839.0,1517.5,510.0,631.0,805.5,944.0,1046.0,1133.0,1208.0,1255.0,2213.5,1819.0,642.0,822.0,1011.0,1233.5,1386.5,1462.0,1627.5,1615.5,2193.5,1789.5,607.0,753.5,984.5,1198.0,1416.0,1469.0,1649.0,1667.0,2067.0,1629.5,600.5,708.5,880.0,1108.0,1363.0,1491.5,1627.5,1618.5,2033.0,1670.5,564.5,725.0,919.0,1090.5,1186.5,1257.5,1355.0,1343.5,2033.0,1802.5,525.0,733.0,984.5,1092.0,1186.5,1257.5,1355.0,1343.5,"{""type"":""MultiPoint"",""coordinates"":[]}"
164_0,3,1839.5,1569.0,538.5,686.0,920.5,1053.5,1100.0,1161.0,1242.5,1291.5,2431.0,2086.0,990.0,1297.5,1565.0,1702.5,1753.5,1816.5,1916.5,1919.0,2196.5,1878.5,797.5,1078.0,1354.5,1471.0,1513.5,1561.0,1683.0,1672.0,423.0,250.0,521.5,726.0,805.5,948.5,877.0,962.0,1004.0,945.5,800.5,472.0,672.0,995.0,1060.5,1366.0,1409.0,1462.0,1502.5,1505.5,618.0,411.5,602.5,969.5,961.5,1372.5,1415.0,1478.5,1534.0,1456.5,810.5,529.0,500.5,807.5,682.5,1146.0,1712.5,1863.0,1846.0,1899.0,1190.5,709.0,412.0,775.0,539.0,1120.0,2291.0,2564.5,2721.5,2566.0,1644.0,851.5,328.0,687.0,435.0,1206.0,3025.0,3703.5,3761.0,3719.0,1749.0,931.0,314.5,673.5,419.5,1203.5,3068.5,3892.5,4076.5,4125.0,1789.5,929.0,263.0,584.5,397.0,1064.0,3091.5,4150.5,4382.5,4409.5,2097.5,1819.0,616.5,804.0,1053.5,1211.5,1255.5,1288.0,1406.0,1461.5,1824.5,911.5,280.0,596.5,370.0,1101.5,3257.0,4277.5,4528.5,4507.5,1719.0,878.5,283.0,663.0,389.5,1237.0,3445.0,4384.5,4637.5,4564.0,1736.5,884.5,348.0,738.5,510.0,1368.5,3466.0,4212.0,4395.5,4443.5,1899.0,1022.0,525.0,901.5,848.0,1704.5,3010.5,3559.5,3847.5,3889.0,2145.5,1285.5,614.5,1019.5,1152.0,1870.5,2700.5,3019.0,3447.5,3463.5,2726.0,1727.0,791.0,1270.0,1750.0,2359.0,2837.0,3227.0,3567.0,3622.0,4284.5,2880.0,1286.5,1782.5,2620.0,3082.0,3333.5,3648.5,3950.5,4148.0,4137.0,2882.0,1269.0,1777.0,2641.5,3180.5,3408.0,3676.0,4005.5,4227.0,4065.5,2924.5,1300.0,1794.5,2592.0,2923.0,3182.0,3414.5,3849.5,3861.5,2418.5,1885.0,903.0,1188.5,1623.0,1879.0,1924.0,2006.5,2081.0,2188.5,1956.5,1691.5,499.5,713.5,958.5,1068.0,1149.0,1236.0,1335.0,1309.0,2491.5,1959.5,931.0,1229.0,1645.5,1867.0,1933.5,2018.0,2146.0,2218.0,1760.5,1391.5,887.5,1068.5,1310.5,1446.0,1486.0,1555.0,1639.0,1658.0,2126.0,1738.5,716.0,921.5,1207.5,1348.0,1351.5,1494.0,1636.0,1616.0,1818.0,1511.5,556.0,741.5,964.0,1064.0,1085.0,1195.5,1260.0,1272.0,1437.0,1217.5,400.0,523.5,730.5,810.0,855.0,870.0,997.5,960.5,0.0,0.0,0.0,0.0,0.0,0.0,0.0,0.0,0.0,0.0,1689.0,1304.0,490.0,695.0,914.0,1005.0,1087.0,1083.5,1270.5,1234.5,2009.5,1663.5,726.0,860.0,1017.5,1146.5,1190.5,1265.5,1365.0,1365.0,2539.0,2132.0,872.5,1133.5,1392.0,1526.5,1610.0,1691.0,1791.5,1811.0,2435.5,2057.0,828.5,1060.5,1304.5,1420.0,1473.0,1557.0,1679.0,1671.0,2198.0,1834.0,788.5,915.0,1121.0,1213.5,1245.5,1345.0,1453.0,1444.5,2217.5,1914.0,734.0,957.0,1199.5,1329.5,1407.5,1482.5,1577.0,1589.5,2283.0,1928.0,819.0,1065.0,1326.0,1465.0,1486.0,1567.5,1664.5,1665.5,"{""type"":""MultiPoint"",""coordinates"":[]}"
165_0,3,1925.5,1630.0,583.0,746.5,992.0,1114.5,1146.5,1236.5,1345.5,1363.5,2581.0,2193.5,1000.0,1326.0,1657.5,1795.5,1822.5,1911.5,2028.5,1994.5,2598.0,2188.0,948.0,1244.5,1593.0,1763.0,1740.0,1843.0,1937.0,1918.0,2700.0,2315.0,1019.0,1347.5,1700.0,1867.5,1863.5,1983.0,2050.5,2057.5,1196.0,1177.0,1114.0,1416.0,1779.0,1994.0,1817.5,1881.0,1809.5,1803.5,216.5,201.5,641.5,925.0,967.5,1165.0,945.5,998.5,960.0,802.0,431.5,302.0,599.0,878.0,890.0,1197.5,1309.5,1431.5,1374.5,1239.5,838.5,668.0,478.5,819.0,619.0,1197.5,1676.0,1825.0,1732.0,1610.0,1432.0,771.0,314.0,670.5,337.0,1081.0,3008.0,3510.0,3530.0,3582.0,1655.0,880.0,275.0,671.5,422.0,1254.5,3071.5,3697.0,3857.5,4036.0,1760.0,956.0,306.5,699.5,526.5,1325.0,2882.0,3483.0,3700.5,3862.0,2222.5,1906.5,634.5,866.5,1139.5,1338.0,1323.5,1417.5,1486.0,1575.0,1733.0,946.5,284.0,658.0,518.5,1292.5,2795.0,3371.0,3508.5,3733.5,1534.0,792.5,269.5,606.5,432.5,1133.0,2720.0,3366.5,3491.0,3679.5,1479.5,790.5,287.5,600.0,371.0,1083.5,2698.0,3210.5,3287.0,3501.5,1739.5,906.5,452.0,955.5,545.5,1609.0,3182.5,3644.0,3759.0,3854.5,1775.5,944.0,474.0,1025.5,672.5,1723.5,2954.5,3362.5,3562.0,3567.5,1946.0,1125.0,530.0,1128.0,983.0,2044.0,2799.0,3093.0,3264.0,3438.0,2232.0,1297.5,789.5,1394.0,1463.5,2341.5,2921.0,3206.0,3467.0,3620.0,2483.0,1584.0,789.0,1362.0,1546.0,2389.5,2782.5,3049.5,3389.5,3505.0,3754.5,2513.0,945.5,1391.0,1948.0,2392.0,2679.0,2948.5,3411.5,3499.0,2047.0,1550.5,600.0,855.5,1201.0,1425.0,1502.0,1624.5,1698.5,1801.5,2064.0,1772.0,561.0,777.5,1065.0,1168.0,1262.5,1291.5,1443.0,1435.0,2186.5,1727.5,626.5,890.5,1227.0,1445.0,1515.5,1597.5,1715.0,1808.5,2383.0,1916.0,825.5,1033.0,1335.5,1546.5,1572.5,1697.0,1789.5,1890.0,2117.0,1776.5,630.0,806.5,1060.0,1232.0,1272.0,1358.0,1478.0,1513.0,2329.0,1949.5,732.5,871.5,1165.0,1328.0,1383.0,1476.5,1522.5,1631.5,1880.0,1539.0,479.5,627.5,872.0,986.5,1014.0,1110.0,1271.5,1240.0,0.0,0.0,0.0,0.0,0.0,0.0,0.0,0.0,0.0,0.0,1636.0,1273.0,502.5,671.5,908.5,1002.5,1044.5,1070.0,1207.5,1198.5,1870.0,1562.5,640.0,758.0,945.0,1063.5,1113.0,1174.5,1235.5,1255.5,2341.0,2002.0,798.5,1029.0,1264.0,1382.0,1439.5,1536.5,1622.0,1636.0,2334.5,1961.0,785.0,979.0,1239.0,1365.5,1382.0,1466.0,1602.5,1608.5,2183.5,1821.5,787.0,922.5,1135.0,1253.0,1235.0,1328.0,1459.0,1464.0,2203.5,1891.5,672.0,916.5,1192.0,1292.5,1334.0,1401.5,1526.5,1540.5,2370.5,2027.5,803.0,1057.5,1375.5,1514.5,1555.0,1647.0,1724.0,1757.0,"{""type"":""MultiPoint"",""coordinates"":[]}"
166_0,3,1660.0,1371.5,546.5,685.0,886.0,1005.0,1023.5,1085.0,1169.0,1200.0,2245.0,1963.5,896.0,1157.0,1392.0,1507.0,1537.0,1604.0,1697.0,1690.0,2330.5,2039.5,907.5,1159.0,1396.5,1501.5,1539.5,1618.5,1679.5,1694.5,2250.0,1983.0,883.5,1124.5,1347.5,1450.5,1488.5,1560.5,1608.5,1629.0,285.0,242.0,623.0,1008.0,936.0,1327.0,907.0,893.0,866.0,662.0,430.0,327.0,811.0,1095.0,1128.0,1327.0,907.0,996.0,866.0,829.0,430.0,327.0,607.0,973.0,881.0,1387.0,1273.0,1398.0,1388.0,1193.0,749.0,465.0,527.0,815.0,680.0,1251.0,1528.0,1668.0,1551.0,1475.0,661.0,451.0,471.0,749.0,612.0,1145.0,1344.0,1602.0,1481.0,1378.0,725.5,483.0,327.0,517.5,436.0,914.5,1405.5,1657.5,1505.5,1451.5,1058.5,640.0,301.0,508.5,391.0,963.0,2102.5,2476.0,2331.0,2272.0,1852.0,1563.0,672.0,846.0,1034.0,1155.0,1162.0,1252.0,1290.0,1308.0,1147.0,617.0,313.0,584.0,420.0,1035.0,2233.0,2611.0,2494.0,2378.0,1113.0,572.0,163.0,416.0,239.0,807.0,2260.0,2780.0,2748.0,2604.0,1113.0,567.0,151.0,411.0,214.0,758.0,2521.0,3253.0,3086.0,3114.0,1338.0,685.0,322.0,662.0,327.0,1048.0,3014.0,3586.0,3637.0,3622.0,1494.5,753.5,352.0,808.0,404.5,1284.5,3163.0,3753.0,3970.5,3800.0,1575.5,849.0,378.0,881.5,521.0,1531.5,2923.0,3280.0,3444.5,3481.0,2024.0,1102.0,688.0,1193.0,1054.0,1908.0,2882.0,3131.0,3431.0,3488.0,2365.0,1484.0,685.5,1198.0,1292.5,2116.0,2855.5,3063.5,3402.5,3471.5,3044.0,2098.0,836.0,1262.5,1646.0,2140.0,2433.0,2628.5,2831.5,2895.5,2711.0,1986.0,778.0,1121.0,1535.0,1802.0,1858.0,2108.0,2215.0,2229.0,1729.0,1435.0,477.0,684.0,883.0,1002.0,1061.0,1124.0,1211.0,1253.0,2677.0,2008.0,734.0,1038.0,1393.0,1681.0,1713.0,1894.0,2007.0,2062.0,2515.0,1934.0,767.5,1006.5,1324.0,1516.5,1591.0,1725.5,1892.0,1943.5,2278.5,1795.5,606.5,796.5,1062.0,1213.0,1272.0,1390.5,1500.0,1545.0,2447.0,2007.0,728.0,881.0,1138.0,1281.0,1340.0,1478.0,1563.0,1626.0,1980.0,1486.0,511.0,661.0,893.0,973.0,1087.0,1139.0,1326.0,1280.0,0.0,0.0,0.0,0.0,0.0,0.0,0.0,0.0,0.0,0.0,1516.0,1187.0,469.0,678.0,844.0,961.0,981.0,1054.0,1129.0,1134.0,2743.0,2460.0,1807.0,1916.0,2040.0,2188.0,2233.0,2250.0,2361.0,2261.0,2432.0,2068.0,945.0,1178.0,1407.5,1530.0,1595.0,1671.0,1778.0,1766.5,2533.0,2150.0,1040.0,1266.0,1483.0,1587.0,1688.0,1744.0,1879.0,1847.0,1862.0,1583.0,579.0,741.0,938.0,1037.0,1056.0,1102.0,1184.0,1229.0,1972.0,1709.0,704.0,911.0,1096.0,1213.0,1214.0,1325.0,1396.0,1427.0,2056.0,1780.5,783.0,979.0,1174.0,1284.0,1315.5,1395.5,1466.0,1460.5,"{""type"":""MultiPoint"",""coordinates"":[]}"
167_0,3,1622.0,1351.5,528.0,657.5,852.0,956.5,1026.0,1056.5,1153.0,1164.5,2082.5,1858.5,743.5,968.5,1212.0,1313.0,1354.5,1408.5,1500.0,1510.5,2167.5,1971.0,770.0,999.5,1223.0,1335.5,1360.5,1437.5,1505.5,1518.5,2083.0,1910.5,775.0,978.0,1187.5,1292.0,1324.0,1393.0,1447.5,1457.0,452.0,393.0,657.0,884.0,929.0,1083.0,916.0,984.0,807.0,828.0,452.0,393.0,953.0,1167.0,1187.0,1283.0,996.0,1043.0,1033.0,1011.0,442.0,345.0,658.0,891.0,868.0,1130.0,1077.0,1182.0,1150.0,1011.0,750.0,569.0,529.0,913.0,731.0,1289.0,1592.0,1711.0,1571.0,1524.0,881.0,629.0,462.0,761.0,629.0,1073.0,1439.0,1639.0,1601.0,1436.0,1160.0,682.5,276.5,563.5,376.5,925.0,2262.5,2722.5,2622.0,2600.5,1437.0,750.0,207.5,504.0,275.0,861.5,2849.5,3689.0,3722.0,3819.5,1785.0,1522.0,616.0,780.0,977.0,1119.0,1119.0,1160.0,1253.0,1308.0,1489.0,754.0,223.0,478.0,292.0,779.0,2749.0,3995.0,3901.0,4124.0,1323.0,640.0,85.0,334.0,147.0,623.0,2734.0,4001.0,3957.0,4110.0,1323.0,616.0,102.0,356.0,125.0,611.0,2926.0,4264.0,4225.0,4406.0,1631.0,770.0,368.0,753.0,368.0,1235.0,3587.0,4692.0,4758.0,4849.0,1730.0,869.5,390.0,850.5,433.0,1364.5,3617.0,4447.5,4628.5,4685.0,1781.5,990.0,398.5,920.5,530.0,1600.0,3621.5,4236.0,4294.5,4347.5,2139.0,1187.0,836.0,1389.0,1126.0,2368.0,3687.0,4220.0,4347.0,4442.0,2559.0,1566.0,884.5,1570.0,1554.0,2851.0,3840.0,4112.0,4438.0,4539.5,3608.5,2543.5,1028.0,1581.0,2006.5,2687.5,2943.5,3272.0,3500.5,3663.0,3182.0,2277.0,806.0,1168.0,1696.0,2059.0,2260.0,2421.0,2444.0,2776.0,1672.0,1405.0,443.0,633.0,878.0,988.0,1044.0,1094.0,1185.0,1199.0,3114.0,2277.0,806.0,1168.0,1696.0,2059.0,2260.0,2421.0,2444.0,2665.0,2797.0,2122.5,822.0,1049.0,1414.5,1690.0,1807.5,1937.5,2069.0,2148.5,2337.5,1916.5,657.5,819.5,1090.0,1276.0,1321.0,1466.5,1563.5,1640.5,2210.0,1864.0,668.0,812.0,1065.0,1228.0,1265.0,1434.0,1492.0,1545.0,1921.0,1488.0,489.0,632.0,864.0,975.0,1075.0,1134.0,1361.0,1320.0,0.0,0.0,0.0,0.0,0.0,0.0,0.0,0.0,0.0,0.0,1639.0,1381.0,494.0,667.0,857.0,967.0,961.0,1048.0,1150.0,1148.0,1671.0,1429.0,592.0,688.0,835.0,971.0,977.0,1010.0,1110.0,1135.0,2052.5,1833.0,735.0,922.5,1140.0,1253.0,1292.0,1368.0,1468.0,1463.0,1895.0,1600.0,828.0,997.0,1205.0,1309.0,1367.0,1445.0,1569.0,1523.0,1863.5,1628.5,667.0,776.0,967.0,1060.0,1105.5,1182.5,1262.0,1285.0,1898.0,1677.0,595.0,794.0,985.0,1100.0,1170.0,1222.0,1306.0,1332.0,1903.5,1673.0,652.5,830.0,1036.5,1129.0,1157.5,1231.0,1321.5,1314.0,"{""type"":""MultiPoint"",""coordinates"":[]}"
168_0,3,1689.5,1384.0,602.0,747.0,989.0,1082.5,1112.0,1175.5,1266.5,1273.5,2386.5,2089.0,1017.5,1304.0,1540.5,1668.0,1684.5,1752.0,1850.5,1810.5,2361.5,2070.0,892.0,1153.0,1388.0,1524.0,1551.0,1624.5,1690.5,1705.5,2465.0,2151.0,954.0,1242.0,1493.5,1625.5,1635.5,1722.5,1778.0,1785.5,549.0,526.0,972.0,1236.0,1302.0,1441.0,1075.0,1178.0,1060.0,1040.0,426.0,389.0,972.0,1236.0,1302.0,1441.0,1075.0,1104.0,1060.0,905.0,444.0,334.0,690.0,1032.0,1002.0,1368.0,1175.0,1284.0,1183.0,1060.0,699.0,502.0,663.0,1032.0,937.0,1349.0,1440.0,1552.0,1402.0,1293.0,787.0,513.0,487.0,805.0,675.0,1271.0,1498.0,1756.0,1541.0,1528.0,970.5,550.0,288.5,554.5,356.5,921.0,1852.5,2114.5,1943.0,1913.5,1272.0,680.5,253.5,537.5,300.5,903.0,2483.5,2972.5,2889.0,2919.5,1927.0,1623.5,731.5,900.5,1132.5,1253.0,1268.5,1330.0,1407.0,1427.5,1377.0,734.0,264.0,504.0,298.0,905.0,2580.0,3301.0,3241.0,3257.0,1305.0,643.0,160.0,447.0,242.0,864.0,2649.0,3318.0,3369.0,3395.0,1285.0,639.0,160.0,429.0,204.0,793.0,2810.0,3509.0,3545.0,3757.0,1449.0,729.0,327.0,697.0,330.0,1132.0,3157.0,3786.0,3859.0,3927.0,1629.0,828.0,345.0,894.0,444.0,1525.0,3410.0,3953.0,4095.0,4116.0,1715.5,928.0,424.5,1008.0,569.5,1762.5,3234.0,3611.5,3749.0,3786.5,1964.0,1079.0,767.0,1352.0,1258.0,2235.0,3058.0,3289.0,3481.0,3604.0,2254.5,1373.0,712.5,1353.0,1322.0,2350.5,3019.5,3232.5,3470.0,3602.0,3063.5,2144.0,957.5,1381.5,1776.5,2381.5,2632.5,2845.0,3128.5,3182.0,2243.0,1494.0,783.0,1026.0,1465.0,1721.0,1835.0,2011.0,2080.0,2238.0,1751.0,1444.0,517.0,715.0,959.0,1084.0,1146.0,1187.0,1282.0,1286.0,2911.0,2172.0,849.0,1191.0,1670.0,1936.0,2025.0,2210.0,2259.0,2393.0,2763.0,2129.5,868.0,1112.0,1479.0,1713.5,1788.0,1919.0,2017.0,2113.0,2463.5,1991.0,683.0,851.5,1139.5,1300.5,1374.0,1488.5,1584.5,1655.5,2660.0,2192.0,766.0,903.0,1202.0,1387.0,1452.0,1547.0,1635.0,1758.0,2106.0,1448.0,533.0,667.0,900.0,1024.0,1073.0,1188.0,1326.0,1314.0,718.0,501.0,739.0,661.0,597.0,603.0,645.0,659.0,929.0,681.0,1646.0,1334.0,552.0,730.0,932.0,1006.0,1034.0,1082.0,1181.0,1206.0,1057.0,907.0,435.0,477.0,618.0,684.0,723.0,778.0,662.0,852.0,2177.0,1866.0,777.0,1021.0,1244.0,1370.0,1384.0,1440.0,1573.0,1554.0,1796.0,1510.0,983.0,1181.0,1202.0,1252.0,1245.0,1275.0,1766.0,1350.0,1796.0,1510.0,593.0,698.0,920.0,983.0,997.0,1040.0,1127.0,1143.0,1890.0,1611.0,717.0,858.0,1045.0,1131.0,1147.0,1216.0,1311.0,1319.0,2109.0,1858.5,768.5,957.0,1185.0,1284.5,1319.0,1403.0,1495.5,1493.0,"{""type"":""MultiPoint"",""coordinates"":[]}"
169_0,3,1730.5,1414.0,579.5,707.5,938.5,1040.5,1090.5,1128.0,1191.0,1239.5,2412.0,2107.5,971.5,1259.5,1506.0,1635.0,1656.5,1713.5,1810.5,1816.0,2444.5,2134.0,879.0,1165.5,1423.0,1550.0,1581.5,1678.5,1745.5,1759.0,2337.5,2036.0,851.5,1118.5,1369.0,1483.0,1508.5,1597.5,1656.5,1670.0,588.0,612.0,770.0,1078.0,1092.0,1345.0,979.0,1002.0,929.0,927.0,201.0,202.0,628.0,867.0,923.0,1043.0,722.0,822.0,771.0,619.0,390.0,332.0,710.0,973.0,955.0,1262.0,1100.0,1121.0,1073.0,932.0,422.0,332.0,577.0,800.0,753.0,1262.0,1172.0,1286.0,1225.0,1021.0,343.0,270.0,415.0,684.0,578.0,1098.0,1190.0,1303.0,1272.0,1052.0,465.0,300.0,334.0,521.5,384.5,873.0,1300.5,1561.5,1443.0,1192.0,925.5,568.5,285.0,484.5,331.5,916.0,2065.5,2489.0,2419.5,2276.0,1954.5,1661.0,706.5,865.5,1077.5,1219.0,1222.0,1294.0,1348.0,1411.0,1125.0,604.0,249.0,482.0,329.0,854.0,2273.0,2867.0,2740.0,2678.0,1067.0,565.0,173.0,380.0,235.0,716.0,2160.0,2708.0,2665.0,2614.0,1111.0,565.0,173.0,380.0,216.0,698.0,2355.0,3099.0,3036.0,3135.0,1246.0,632.0,317.0,579.0,315.0,950.0,2703.0,3429.0,3474.0,3480.0,1510.0,746.0,350.0,793.0,397.0,1291.0,3271.0,3828.0,3940.0,3948.0,1577.5,842.0,369.5,893.0,479.5,1470.5,3122.5,3552.5,3708.5,3682.5,1744.5,951.0,744.5,1314.5,1135.0,2029.5,2969.0,3252.5,3526.0,3536.0,2114.5,1306.5,697.0,1247.0,1295.5,2168.0,2832.0,3080.0,3365.5,3453.0,3125.5,2190.5,973.0,1391.0,1837.0,2301.5,2700.5,2919.5,3229.0,3333.0,2847.0,2060.0,832.0,1177.0,1703.0,2012.0,2114.0,2319.0,2446.0,2592.0,1785.0,1500.0,489.0,689.0,934.0,1038.0,1081.0,1139.0,1212.0,1219.0,2947.0,2180.0,832.0,1154.0,1601.0,1849.0,1961.0,2108.0,2280.0,2314.0,2985.0,2311.5,875.5,1143.5,1558.0,1811.0,1912.0,2059.5,2204.5,2298.0,2652.5,2178.5,693.5,882.5,1182.0,1399.0,1451.0,1581.5,1681.0,1756.5,2602.0,2090.0,806.0,931.0,1220.0,1449.0,1484.0,1622.0,1708.0,1817.0,2112.0,1511.0,551.0,657.0,912.0,1062.0,1085.0,1182.0,1371.0,1342.0,632.0,513.0,479.0,421.0,470.0,512.0,578.0,671.0,633.0,725.0,1656.0,1373.0,502.0,672.0,861.0,957.0,977.0,1027.0,1103.0,1143.0,429.0,332.0,304.0,270.0,276.0,300.0,287.0,334.0,333.0,332.0,2113.0,1809.0,663.0,888.0,1114.0,1209.0,1263.0,1323.0,1389.0,1430.0,2256.0,2010.0,882.0,1035.0,1262.0,1360.0,1361.0,1481.0,1593.0,1574.0,1856.0,1579.0,542.0,678.0,871.0,995.0,959.0,1048.0,1083.0,1121.0,1966.0,1708.0,680.0,815.0,1009.0,1118.0,1157.0,1232.0,1307.0,1326.0,2107.0,1856.0,754.0,934.0,1164.5,1291.5,1330.5,1369.0,1484.0,1479.5,"{""type"":""MultiPoint"",""coordinates"":[]}"
170_0,3,1815.0,1509.0,644.0,811.5,1058.0,1162.0,1192.0,1260.5,1372.0,1359.0,2464.5,2135.0,996.5,1298.5,1569.0,1681.0,1709.0,1762.0,1879.0,1865.5,2522.5,2188.0,941.0,1237.0,1523.0,1645.5,1688.0,1746.5,1857.0,1839.0,2384.0,2075.0,912.5,1190.0,1460.0,1566.0,1601.0,1668.0,1752.0,1749.5,475.0,393.0,771.0,1080.0,1102.0,1304.0,970.0,1051.0,988.0,853.0,437.0,382.0,1025.0,1245.0,1299.0,1404.0,1052.0,1080.0,1090.0,853.0,445.0,386.0,787.0,1083.0,1116.0,1370.0,1155.0,1216.0,1207.0,980.0,460.0,386.0,676.0,972.0,971.0,1358.0,1176.0,1257.0,1207.0,1036.0,402.0,295.0,424.0,698.0,643.0,1053.0,1051.0,1215.0,1104.0,981.0,531.5,334.0,286.5,458.0,330.5,784.5,1312.5,1544.0,1272.0,1175.5,917.0,529.0,243.5,436.0,281.0,872.5,1962.5,2293.0,2156.0,2093.0,2058.5,1758.5,759.0,945.0,1197.0,1303.0,1338.5,1407.0,1505.0,1511.0,1140.0,611.0,282.0,554.0,395.0,954.0,2269.0,2734.0,2725.0,2784.0,1057.0,554.0,198.0,448.0,272.0,805.0,2153.0,2639.0,2673.0,2556.0,1105.0,561.0,200.0,454.0,272.0,861.0,2445.0,3049.0,3051.0,3094.0,1329.0,666.0,339.0,677.0,371.0,1098.0,2860.0,3307.0,3456.0,3487.0,1531.0,778.0,379.0,857.0,461.0,1390.0,3113.0,3634.0,3716.0,3723.0,1601.0,850.0,394.5,921.0,524.5,1574.5,2951.0,3345.5,3457.0,3542.0,1856.5,1023.0,829.5,1362.0,1251.0,2122.5,2862.5,3142.0,3356.0,3451.5,2242.5,1391.5,715.0,1250.0,1355.5,2256.5,2687.5,2941.0,3148.5,3328.0,3129.5,2191.5,910.5,1331.5,1763.5,2310.0,2568.5,2799.0,3085.0,3164.0,2837.0,2153.0,835.0,1123.0,1558.0,1849.0,1883.0,2043.0,2153.0,2289.0,1865.0,1586.0,554.0,777.0,1068.0,1148.0,1225.0,1248.0,1378.0,1360.0,2837.0,2215.0,809.0,1103.0,1532.0,1800.0,1843.0,1990.0,2015.0,2223.0,2749.5,2146.5,840.0,1067.0,1419.0,1616.5,1671.5,1810.5,1939.5,1967.0,2492.5,2040.0,649.0,850.5,1117.5,1246.0,1298.5,1418.0,1530.0,1592.0,2650.0,2231.0,785.0,936.0,1182.0,1319.0,1370.0,1522.0,1599.0,1674.0,2099.0,1554.0,555.0,676.0,907.0,1036.0,1080.0,1175.0,1324.0,1326.0,732.0,537.0,572.0,567.0,566.0,574.0,650.0,683.0,747.0,695.0,1700.0,1441.0,550.0,756.0,972.0,1035.0,1052.0,1137.0,1223.0,1200.0,767.0,573.0,453.0,507.0,556.0,557.0,547.0,596.0,638.0,583.0,2228.0,1958.0,767.0,1016.0,1258.0,1371.0,1366.0,1439.0,1551.0,1547.0,2387.0,2142.0,970.0,1169.0,1408.0,1515.0,1531.0,1636.0,1772.0,1712.0,1977.0,1684.0,641.0,774.0,1022.0,1122.0,1085.0,1157.0,1239.0,1235.0,2034.0,1774.0,729.0,881.0,1103.0,1196.0,1253.0,1311.0,1403.0,1388.0,2201.5,1941.5,821.5,1022.5,1268.5,1369.5,1426.5,1490.0,1610.5,1605.0,"{""type"":""MultiPoint"",""coordinates"":[]}"
171_0,3,1863.0,1564.0,512.0,665.5,918.5,1038.0,1092.5,1133.5,1234.0,1264.0,2404.0,2073.5,935.0,1217.0,1488.5,1606.0,1649.0,1713.5,1832.5,1823.5,2389.5,2064.0,822.0,1091.5,1380.0,1493.5,1526.5,1607.0,1681.5,1709.0,346.0,311.5,526.0,765.5,769.0,998.0,889.5,962.5,931.0,845.5,327.5,261.0,540.0,766.0,869.0,1098.0,1032.5,1086.5,1096.0,1037.0,327.5,261.0,491.5,786.5,790.0,1079.5,1075.0,1163.5,1155.5,1045.5,741.5,534.0,480.5,754.0,629.0,1126.5,1626.0,1710.5,1641.5,1664.5,1379.0,829.0,454.0,798.0,557.5,1147.5,2694.5,2920.0,3039.0,3003.5,1722.0,862.5,298.0,607.0,342.0,1054.5,3067.5,3878.0,3889.0,3962.5,1788.0,887.5,226.5,564.5,336.5,1023.5,3205.5,4206.0,4296.0,4423.0,1720.5,840.5,194.0,443.5,296.5,830.0,3038.5,4199.5,4391.5,4487.0,2194.5,1847.5,600.5,802.0,1063.5,1215.5,1243.5,1298.0,1411.0,1463.5,1737.5,846.5,233.0,506.5,308.0,960.5,3227.0,4507.5,4611.0,4793.5,1714.5,838.0,257.5,661.5,368.5,1302.5,3628.0,4687.0,4849.5,4981.0,1735.5,864.5,383.0,817.5,560.0,1553.5,3649.5,4428.5,4529.0,4755.0,1974.5,1064.0,569.0,1046.0,922.5,1984.0,3442.5,3987.5,4181.5,4329.0,2266.5,1326.5,644.5,1150.0,1202.0,2134.5,3242.0,3675.5,4027.5,4072.5,2865.0,1829.0,844.0,1413.0,1787.0,2591.0,3235.0,3622.0,3906.0,4077.0,4210.5,2906.5,1236.0,1750.5,2538.0,2976.5,3232.5,3476.5,3821.0,3967.0,4080.5,2824.5,1091.5,1529.0,2336.0,2738.0,3012.0,3232.0,3602.5,3682.5,3446.5,2635.0,1063.0,1461.0,2026.5,2360.0,2513.0,2690.0,3047.0,3066.0,2125.5,1619.5,682.0,956.0,1344.0,1556.0,1580.5,1721.0,1762.5,1858.0,2050.0,1728.0,503.5,726.5,994.5,1113.0,1175.0,1248.5,1365.5,1378.5,2435.5,1905.0,821.5,1087.5,1506.5,1715.0,1792.0,1867.0,1986.0,2052.0,2397.0,1864.0,925.0,1143.0,1499.5,1656.0,1749.0,1821.0,1934.5,1972.5,2100.0,1739.0,676.0,833.5,1121.5,1251.0,1309.0,1359.5,1486.5,1550.0,1821.0,1578.5,535.5,739.0,1000.0,1156.5,1162.0,1265.5,1298.0,1342.5,1411.5,1215.5,361.5,493.0,682.5,770.5,785.5,877.5,935.0,931.0,0.0,0.0,0.0,0.0,0.0,0.0,0.0,0.0,0.0,0.0,1491.5,1126.0,413.5,582.5,779.0,898.0,951.5,1003.5,1120.0,1133.5,1865.5,1515.5,596.5,742.0,907.0,1059.0,1089.5,1163.5,1238.0,1241.5,2421.0,2008.5,823.5,1063.5,1303.5,1429.5,1476.0,1556.5,1697.0,1688.5,2383.0,1998.5,793.0,997.5,1256.0,1377.5,1402.5,1471.5,1632.5,1624.5,2222.5,1844.0,792.0,909.5,1134.5,1231.0,1262.5,1345.0,1464.5,1478.0,2137.0,1858.5,668.0,871.5,1120.0,1223.5,1265.0,1366.5,1460.0,1440.5,2200.5,1880.0,746.0,992.5,1265.0,1377.5,1412.5,1473.0,1596.5,1583.0,"{""type"":""MultiPoint"",""coordinates"":[]}"
172_0,3,374.0,328.5,178.0,288.0,309.0,541.5,344.5,327.5,331.0,289.0,2005.5,1645.0,713.5,894.0,1063.0,1220.0,1387.0,1472.5,1471.0,1550.0,2038.0,1718.0,751.0,942.0,1133.5,1239.5,1304.5,1353.5,1419.0,1463.0,2234.0,1926.5,905.5,1136.0,1330.5,1450.5,1510.5,1583.5,1624.5,1671.0,2101.0,1854.0,1055.0,1299.0,1462.0,1526.0,1557.0,1583.0,1650.0,1652.0,1078.0,995.0,865.0,1080.0,1166.0,1239.0,1071.0,1268.0,1108.0,1028.0,546.0,510.0,651.0,1005.0,985.0,1319.0,1026.0,1101.0,947.0,947.0,694.0,510.0,665.0,1005.0,985.0,1351.0,1248.0,1343.0,1194.0,1187.0,791.0,612.0,497.0,739.0,657.0,1163.0,1227.0,1266.0,1159.0,1072.0,1057.5,714.5,308.0,575.5,428.5,1055.5,1968.5,2241.5,2161.0,2120.0,1235.0,784.5,214.0,393.5,275.0,800.0,1988.0,2440.0,2422.5,2377.0,401.0,415.0,375.0,526.0,534.0,713.0,519.0,541.0,457.0,417.0,1549.0,874.0,174.0,346.0,226.0,790.0,2583.0,3639.0,3820.0,3689.0,1551.0,874.0,101.0,287.0,174.0,764.0,2702.0,3813.0,4103.0,4048.0,1569.0,878.0,143.0,393.0,223.0,795.0,2812.0,4201.0,4416.0,4540.0,1688.0,883.0,408.0,826.0,526.0,1377.0,3329.0,4232.0,4649.0,4356.0,1776.0,1005.0,408.0,893.0,615.0,1547.0,3329.0,3968.0,4515.0,4288.0,2079.0,1203.0,543.0,1149.0,940.0,2009.0,3473.0,3952.0,4402.5,4209.0,2883.0,1936.0,1193.5,1647.0,1901.5,2379.0,3020.5,3260.5,3678.0,3763.5,3570.0,2575.0,1199.0,1640.5,2240.5,2568.0,2808.5,2975.0,3426.5,3435.5,3679.5,2611.0,1196.0,1686.0,2398.0,2723.0,2926.5,3063.0,3561.5,3469.5,3579.0,2474.0,1200.0,1615.0,2358.0,2636.0,2719.0,3005.0,3261.0,3344.0,356.0,301.0,618.0,771.0,753.0,750.0,588.0,541.0,453.0,395.0,3634.0,2702.0,1081.0,1496.0,2079.0,2383.0,2560.0,2793.0,2865.0,3042.0,3499.5,2644.5,1102.5,1426.0,1933.0,2133.5,2242.5,2400.0,2717.0,2747.0,2584.5,2116.0,735.0,901.0,1225.0,1388.0,1478.0,1621.0,1778.0,1789.0,667.0,556.0,392.0,510.0,631.0,786.0,765.0,840.0,706.0,785.0,343.0,362.0,138.0,176.0,227.0,415.0,358.0,291.0,272.0,344.0,0.0,0.0,0.0,0.0,0.0,0.0,0.0,0.0,0.0,0.0,348.0,284.0,138.0,208.0,281.0,406.0,376.0,369.0,287.0,362.0,445.0,399.0,176.0,201.0,309.0,449.0,376.0,412.0,295.0,289.0,940.0,672.0,396.0,552.0,671.0,834.0,924.0,993.0,1063.0,1122.0,1178.0,813.0,595.0,633.0,790.0,1016.0,1087.0,1186.0,1280.0,1314.0,2271.0,1644.0,823.0,1104.0,1339.0,1469.0,1692.0,1741.0,1964.0,1817.0,3594.0,2863.0,1578.0,1896.0,2261.0,2359.0,2559.0,2611.0,3015.0,2864.0,3946.0,3103.0,1692.0,2018.0,2375.5,2498.0,2715.5,2845.0,3128.5,3076.5,"{""type"":""MultiPoint"",""coordinates"":[]}"
173_0,3,202.5,188.0,174.5,240.0,301.5,402.0,234.5,298.5,240.0,238.5,1898.5,1594.0,669.5,857.5,1016.5,1136.5,1234.0,1300.0,1371.0,1414.0,1935.5,1678.0,711.5,912.5,1085.5,1186.0,1205.0,1283.5,1344.5,1343.0,2133.5,1856.5,864.0,1091.5,1278.5,1382.5,1400.0,1483.5,1525.5,1544.5,2061.0,1829.0,984.0,1225.0,1388.0,1493.0,1479.0,1521.0,1580.0,1589.0,567.0,490.0,841.0,1034.0,1096.0,1182.0,926.0,1017.0,1010.0,858.0,257.0,231.0,594.0,859.0,852.0,981.0,696.0,770.0,744.0,584.0,491.0,379.0,654.0,959.0,905.0,1239.0,1086.0,1192.0,1153.0,968.0,530.0,435.0,462.0,729.0,576.0,1064.0,1016.0,1108.0,1025.0,903.0,627.5,433.0,299.0,518.5,361.5,1005.5,1610.0,1812.0,1669.0,1567.5,731.0,483.5,217.0,376.0,246.5,765.0,1585.5,1871.5,1729.0,1640.0,229.0,206.0,367.0,504.0,500.0,586.0,439.0,463.0,452.0,416.0,1123.0,613.0,184.0,320.0,195.0,665.0,2185.0,2771.0,2719.0,2666.0,1230.0,644.0,95.0,306.0,140.0,621.0,2457.0,3234.0,3310.0,3269.0,1299.0,660.0,145.0,407.0,194.0,736.0,2648.0,3589.0,3597.0,3679.0,1534.0,763.0,386.0,790.0,439.0,1269.0,3190.0,3829.0,3992.0,3912.0,1543.0,810.0,393.0,853.0,592.0,1442.0,3024.0,3489.0,3791.0,3686.0,1774.5,1007.5,486.5,980.5,900.0,1811.5,2890.0,3243.0,3466.0,3536.0,2275.0,1449.0,1017.0,1393.0,1517.0,2169.0,2805.0,3113.0,3350.0,3413.0,3329.0,2414.0,997.5,1381.0,1901.0,2234.5,2458.0,2679.5,2947.5,3009.5,3359.0,2450.0,1024.5,1419.5,1985.0,2292.0,2482.5,2722.5,3043.5,3066.0,3304.0,2374.0,977.0,1387.0,2011.0,2385.0,2472.0,2700.0,2893.0,3042.0,195.0,175.0,319.0,503.0,500.0,616.0,379.0,358.0,332.0,302.0,3583.0,2735.0,1013.0,1387.0,2011.0,2385.0,2472.0,2700.0,2789.0,3042.0,3410.5,2596.5,1066.0,1373.0,1886.5,2096.5,2253.0,2408.5,2667.5,2703.5,2938.0,2330.5,805.5,1042.5,1398.0,1568.0,1643.5,1779.0,2023.5,2010.5,429.0,350.0,347.0,490.0,574.0,765.0,595.0,638.0,610.0,580.0,186.0,142.0,115.0,166.0,219.0,297.0,215.0,229.0,231.0,196.0,0.0,0.0,0.0,0.0,0.0,0.0,0.0,0.0,0.0,0.0,173.0,160.0,104.0,218.0,271.0,340.0,186.0,203.0,201.0,160.0,162.0,150.0,171.0,220.0,254.0,315.0,155.0,204.0,179.0,146.0,667.0,486.0,332.0,473.0,579.0,712.0,749.0,799.0,873.0,914.0,796.0,486.0,423.0,552.0,694.0,892.0,942.0,996.0,1087.0,1150.0,1915.0,1205.0,645.0,864.0,1032.0,1243.0,1333.0,1445.0,1576.0,1581.0,3644.0,2937.0,1379.0,1727.0,2021.0,2215.0,2356.0,2465.0,2670.0,2655.0,3916.0,3209.5,1563.0,1873.0,2203.5,2405.0,2556.0,2695.0,2884.5,2883.5,"{""type"":""MultiPoint"",""coordinates"":[]}"
174_0,3,1711.5,1410.5,586.5,728.0,954.5,1071.5,1102.0,1168.5,1224.0,1248.0,2425.0,2100.5,1002.5,1298.0,1539.0,1669.0,1691.0,1766.5,1844.0,1867.0,2391.0,2064.0,892.0,1172.0,1410.0,1544.0,1565.0,1633.5,1709.0,1735.0,2297.0,2003.5,947.0,1212.5,1438.0,1534.0,1507.0,1578.5,1650.0,1645.5,805.0,804.0,943.0,1187.0,1319.0,1491.0,1211.0,1258.0,1059.0,1145.0,283.0,255.0,676.0,920.0,999.0,1116.0,811.0,903.0,830.0,689.0,420.0,304.0,659.0,934.0,972.0,1207.0,1102.0,1163.0,1076.0,952.0,552.0,372.0,603.0,934.0,841.0,1233.0,1334.0,1433.0,1347.0,1216.0,643.0,447.0,429.0,741.0,618.0,1191.0,1413.0,1555.0,1449.0,1324.0,769.0,479.0,310.0,523.5,373.0,884.5,1499.5,1710.5,1530.0,1464.5,1127.5,638.0,285.0,531.0,328.5,930.5,2125.0,2646.0,2423.5,2448.5,1976.0,1652.0,711.0,885.0,1111.5,1254.0,1263.5,1314.0,1412.0,1434.5,1234.0,681.0,280.0,520.0,330.0,871.0,2307.0,2963.0,2763.0,2870.0,1188.0,611.0,180.0,453.0,249.0,806.0,2413.0,2924.0,2860.0,2954.0,1209.0,606.0,178.0,453.0,226.0,789.0,2550.0,3273.0,3144.0,3349.0,1391.0,706.0,341.0,700.0,365.0,1109.0,2999.0,3681.0,3655.0,3730.0,1579.0,797.0,388.0,873.0,439.0,1471.0,3323.0,3842.0,3878.0,4005.0,1670.0,889.0,407.0,957.5,523.0,1647.0,3114.5,3546.5,3619.0,3708.0,1905.0,1046.0,720.0,1286.0,1148.0,2102.0,3058.0,3324.0,3524.0,3599.0,2206.0,1346.5,702.5,1284.0,1266.0,2273.0,2954.0,3251.5,3444.5,3592.5,3158.5,2218.5,954.0,1379.5,1823.5,2372.5,2729.0,2946.0,3236.5,3327.5,1877.0,1200.0,635.0,1003.0,1564.0,1921.0,2055.0,2268.0,2373.0,2588.0,1800.0,1504.0,513.0,728.0,978.0,1077.0,1138.0,1181.0,1273.0,1306.0,3156.0,2339.0,792.0,1106.0,1668.0,2028.0,2147.0,2311.0,2393.0,2626.0,3136.5,2412.5,888.0,1157.5,1606.5,1909.5,2036.5,2197.0,2329.5,2498.5,2898.0,2335.0,733.5,939.0,1280.5,1499.5,1591.5,1725.0,1844.5,1949.0,2373.0,1849.0,796.0,964.0,1235.0,1405.0,1449.0,1548.0,1743.0,1741.0,1937.0,1440.0,494.0,634.0,894.0,1013.0,1089.0,1182.0,1316.0,1290.0,678.0,466.0,510.0,503.0,564.0,578.0,617.0,669.0,708.0,731.0,1606.0,1272.0,501.0,671.0,869.0,983.0,1019.0,1034.0,1125.0,1160.0,451.0,335.0,390.0,346.0,327.0,342.0,279.0,325.0,478.0,303.0,2225.0,1870.0,777.0,1011.0,1242.0,1361.0,1382.0,1476.0,1531.0,1577.0,2309.0,1977.0,979.0,1172.0,1405.0,1540.0,1561.0,1649.0,1754.0,1741.0,1855.0,1565.0,567.0,718.0,927.0,1045.0,1024.0,1066.0,1152.0,1185.0,1926.0,1653.0,697.0,837.0,1029.0,1137.0,1161.0,1226.0,1300.0,1333.0,2068.0,1801.0,756.5,961.0,1156.0,1263.0,1318.5,1384.5,1481.5,1476.0,"{""type"":""MultiPoint"",""coordinates"":[]}"
175_0,3,1527.0,1259.5,684.5,741.0,836.5,982.0,1077.5,1184.0,1219.0,1249.0,2543.0,2310.0,979.0,1224.0,1554.0,1684.0,1686.0,1768.0,1842.0,1891.0,2420.0,2274.0,909.0,1151.0,1441.0,1559.0,1595.0,1749.0,1789.0,1807.0,1404.0,1286.0,504.5,706.0,824.5,982.0,950.0,1020.0,1034.0,1006.5,883.5,798.5,583.0,736.5,816.0,979.0,863.5,913.5,797.0,784.5,1111.5,770.5,412.0,678.5,592.5,973.5,1142.5,1266.5,1151.0,1212.0,1188.0,867.0,384.0,675.0,566.0,983.0,1406.0,1619.0,1491.0,1502.0,1752.0,1061.0,262.0,564.0,353.0,887.0,2284.0,2591.0,2668.0,2708.0,1663.0,1043.0,235.0,404.0,271.0,718.0,2370.0,3424.0,3531.0,3509.0,1641.0,973.5,87.5,262.0,116.0,479.5,2523.5,4135.0,4348.0,4407.0,1634.0,942.0,88.0,271.0,129.0,504.0,2551.5,4356.5,4573.5,4611.5,2107.0,1777.5,1002.5,1055.5,1156.5,1335.5,1546.0,1642.0,1651.0,1745.5,1648.0,953.0,103.0,285.5,159.5,666.0,2621.5,4440.0,4627.5,4743.5,1645.5,969.5,200.5,447.0,257.5,846.0,2893.5,4484.5,4657.0,4710.0,1730.0,1062.0,530.0,857.0,608.0,1353.0,3229.0,4272.0,4471.0,4656.0,1740.0,1105.0,713.0,1058.0,890.0,1742.0,3133.0,3747.0,3963.0,3961.0,1733.0,1093.0,591.0,1023.0,890.0,1742.0,3010.0,3584.0,3747.0,3748.0,2064.0,1296.0,564.0,1069.0,1133.0,1937.0,2936.0,3253.0,3519.0,3642.0,4242.5,3015.5,1228.0,1708.5,2288.0,2879.5,3193.0,3604.0,3822.0,3926.0,4382.0,3191.0,1233.0,1702.0,2470.0,2852.0,3103.0,3284.0,3559.0,3621.0,3987.0,3044.0,1092.0,1589.0,2326.0,2600.0,2913.0,3118.0,3403.0,3430.0,2730.5,1955.5,861.5,1099.5,1681.5,2055.0,2198.5,2492.0,2580.5,2787.5,1990.0,1592.0,500.0,734.0,971.0,1136.0,1389.0,1519.0,1614.0,1692.0,3427.0,2766.0,950.5,1261.5,1728.0,2026.0,2194.0,2371.0,2541.0,2624.0,2967.5,2592.0,1019.5,1191.0,1466.5,1699.5,1866.5,2015.5,2218.0,2207.5,3118.0,2843.0,1322.5,1464.0,1607.5,1888.5,2229.5,2401.0,2439.0,2505.5,2604.5,2402.0,728.0,883.5,1057.5,1316.5,1525.0,1659.0,1810.0,1820.5,1671.0,1317.5,375.5,588.0,730.5,987.0,1250.5,1454.5,1673.0,1545.0,0.0,0.0,0.0,0.0,0.0,0.0,0.0,0.0,0.0,0.0,1780.0,1322.0,349.0,575.0,722.0,992.0,1392.0,1495.0,1551.0,1649.0,2149.0,1704.0,461.0,687.0,844.0,1179.0,1460.0,1604.0,1608.0,1874.0,2172.0,1666.0,555.5,817.5,955.0,1282.5,1766.0,1899.0,1997.5,2095.0,2190.5,1735.0,656.0,834.5,1036.5,1273.5,1495.5,1670.5,1770.5,1809.5,2172.0,1832.0,634.0,812.0,1033.0,1193.0,1398.0,1588.0,1670.0,1699.0,2177.0,1935.0,688.0,878.0,1136.0,1266.0,1456.5,1585.0,1647.5,1644.5,2478.5,2294.0,853.0,1088.5,1400.5,1566.5,1591.0,1650.5,1743.5,1799.5,"{""type"":""MultiPoint"",""coordinates"":[]}"
176_0,3,328.0,282.5,207.5,309.5,405.5,549.5,385.5,387.5,396.5,386.0,2157.5,1849.0,719.5,925.5,1137.5,1264.5,1355.5,1459.0,1544.5,1540.0,2399.5,2103.5,846.5,1099.0,1321.0,1469.0,1554.0,1641.5,1742.5,1767.0,2592.0,2279.0,1014.0,1280.5,1510.0,1675.5,1746.0,1861.5,1908.5,1953.0,2724.0,2419.0,1154.0,1390.0,1645.0,1809.0,1874.0,1912.0,2060.0,2098.0,1165.0,1195.0,1231.0,1535.0,1659.0,1828.0,1465.0,1588.0,1395.0,1575.0,612.0,519.0,802.0,1059.0,1118.0,1331.0,1172.0,1256.0,1140.0,1079.0,801.0,627.0,816.0,1103.0,1118.0,1473.0,1378.0,1420.0,1323.0,1315.0,801.0,637.0,575.0,889.0,783.0,1299.0,1403.0,1474.0,1409.0,1416.0,1192.5,773.0,402.0,690.0,568.0,1094.5,1705.5,1998.0,1831.0,1876.5,1144.5,714.0,283.5,528.5,406.0,897.5,1797.0,2222.5,2193.5,2124.0,534.0,461.0,360.5,449.5,558.5,727.5,675.0,727.0,722.0,659.5,1434.0,811.0,316.0,558.0,446.0,950.0,2112.0,2835.0,2749.0,2873.0,1415.0,811.0,256.0,482.0,402.0,857.0,2142.0,2831.0,3013.0,3067.0,1502.0,860.0,271.0,506.0,396.0,884.0,2450.0,3276.0,3371.0,3475.0,1520.0,842.0,432.0,833.0,565.0,1390.0,2745.0,3250.0,3405.0,3392.0,1559.0,892.0,462.0,897.0,665.0,1476.0,2694.0,2994.0,3306.0,3282.0,1901.5,1146.5,524.0,973.0,962.0,1736.0,2553.5,2880.5,3080.0,3170.5,2348.0,1407.0,897.0,1334.0,1445.0,2064.0,2594.0,2831.0,3060.0,3242.0,3514.5,2423.0,1074.0,1503.5,1970.0,2481.0,2846.5,3034.5,3439.0,3483.0,3928.5,2691.0,1366.5,1895.5,2633.5,3098.5,3386.0,3595.0,4043.5,4030.5,3300.0,2356.0,1262.0,1630.0,2261.0,2487.0,2837.0,2981.0,3236.0,3355.0,421.0,339.0,360.0,405.0,530.0,674.0,687.0,694.0,648.0,613.0,3300.0,2398.0,1073.0,1458.0,1987.0,2263.0,2396.0,2640.0,2759.0,2867.0,3176.5,2335.0,1060.0,1361.0,1814.0,2019.5,2216.5,2359.0,2596.5,2610.0,1707.0,1334.5,618.5,769.0,1029.5,1188.5,1239.0,1334.5,1463.0,1403.5,518.0,456.0,408.0,513.0,630.0,759.0,741.0,795.0,742.0,669.0,261.0,252.0,159.0,225.0,274.0,418.0,339.0,353.0,320.0,337.0,563.0,429.0,742.0,658.0,584.0,603.0,553.0,567.0,750.0,467.0,358.0,322.0,245.0,348.0,478.0,631.0,546.0,561.0,569.0,516.0,873.0,563.0,336.0,449.0,655.0,808.0,905.0,991.0,1041.0,1101.0,2885.0,2196.0,924.0,1210.0,1506.0,1713.0,1846.0,1993.0,2202.0,2191.0,2103.0,1356.0,855.0,814.0,1134.0,1358.0,1471.0,1569.0,1791.0,1776.0,2662.5,1918.5,797.5,1063.0,1424.5,1600.0,1769.0,1874.5,2111.0,2066.0,3684.0,2910.0,1210.5,1547.0,1891.5,2096.0,2300.0,2422.0,2743.0,2689.5,2803.0,2294.5,899.0,1091.5,1343.5,1519.5,1667.5,1787.5,1889.5,1933.5,"{""type"":""MultiPoint"",""coordinates"":[]}"
177_0,3,1691.5,1396.0,578.0,725.5,959.5,1060.0,1100.0,1164.0,1250.0,1262.5,2395.5,2108.0,968.0,1244.5,1498.0,1610.0,1644.5,1706.0,1802.0,1779.5,2378.5,2098.0,869.0,1132.5,1376.0,1509.0,1530.5,1608.5,1681.5,1688.0,2277.5,2007.5,842.5,1091.5,1326.5,1433.0,1457.0,1524.0,1599.0,1601.5,329.0,305.0,589.0,829.0,895.0,1052.0,857.0,927.0,946.0,890.0,567.0,386.0,858.0,1104.0,1202.0,1406.0,1272.0,1372.0,1410.0,1287.0,430.0,385.0,754.0,1037.0,1112.0,1406.0,1272.0,1372.0,1410.0,1277.0,485.0,354.0,670.0,947.0,970.0,1327.0,1395.0,1461.0,1525.0,1426.0,634.0,449.0,629.0,865.0,781.0,1137.0,1405.0,1660.0,1460.0,1398.0,716.5,446.0,287.5,544.5,394.0,881.5,1464.5,1726.5,1574.5,1516.5,1092.5,590.0,205.5,443.5,270.5,864.0,2150.5,2672.0,2730.5,2598.0,1922.0,1634.5,697.5,878.5,1105.0,1231.5,1243.0,1309.5,1389.0,1395.0,1375.0,750.0,233.0,450.0,293.0,885.0,2334.0,2916.0,3039.0,3040.0,1286.0,667.0,154.0,403.0,243.0,827.0,2324.0,2894.0,3066.0,3040.0,1286.0,648.0,154.0,364.0,201.0,756.0,2502.0,3168.0,3241.0,3367.0,1456.0,738.0,314.0,657.0,325.0,1076.0,2993.0,3650.0,3739.0,3788.0,1584.0,813.0,357.0,854.0,453.0,1449.0,3180.0,3706.0,3929.0,3906.0,1653.0,893.5,391.0,921.0,527.0,1575.5,3047.0,3411.5,3605.0,3588.5,1935.0,1052.0,764.0,1309.0,1304.0,2149.0,2947.0,3165.0,3460.0,3454.0,2226.0,1379.5,763.0,1319.5,1431.5,2284.5,2827.5,3054.0,3429.0,3462.5,3144.5,2164.0,981.5,1481.0,1969.0,2446.0,2776.0,3047.0,3465.5,3503.5,3098.0,2126.0,901.0,1245.0,1873.0,2276.0,2467.0,2711.0,2740.0,3080.0,1762.0,1470.0,505.0,721.0,985.0,1078.0,1110.0,1164.0,1282.0,1250.0,3446.0,2552.0,879.0,1217.0,1758.0,2137.0,2218.0,2438.0,2619.0,2796.0,3356.0,2619.5,959.0,1264.0,1750.0,2020.0,2150.0,2325.0,2545.5,2589.0,3037.5,2457.0,770.5,1000.0,1352.5,1578.5,1651.5,1812.5,2010.5,2070.0,2524.0,2036.0,821.0,993.0,1267.0,1437.0,1507.0,1619.0,1768.0,1804.0,1958.0,1507.0,516.0,638.0,854.0,985.0,1051.0,1133.0,1290.0,1298.0,922.0,728.0,742.0,715.0,735.0,774.0,828.0,833.0,937.0,885.0,1806.0,1519.0,602.0,804.0,1016.0,1072.0,1146.0,1171.0,1317.0,1298.0,1545.0,1368.0,570.0,668.0,848.0,926.0,961.0,1046.0,1001.0,1140.0,2269.0,1987.0,809.0,1043.0,1291.0,1361.0,1434.0,1478.0,1610.0,1614.0,2418.0,2178.0,986.0,1191.0,1432.0,1531.0,1568.0,1661.0,1818.0,1718.0,1902.0,1603.0,615.0,752.0,978.0,1075.0,1066.0,1111.0,1208.0,1208.0,1868.0,1597.0,678.0,817.0,1008.0,1103.0,1120.0,1203.0,1287.0,1268.0,2089.0,1872.0,747.0,932.5,1166.0,1259.5,1301.0,1363.0,1476.0,1457.5,"{""type"":""MultiPoint"",""coordinates"":[]}"
178_0,3,1655.5,1415.0,839.0,866.0,937.5,1109.5,1222.5,1262.0,1347.0,1356.0,2572.0,2440.0,955.0,1209.0,1530.0,1675.0,1677.0,1770.0,1877.0,1921.0,2489.0,2405.0,936.0,1132.0,1426.0,1603.0,1625.0,1665.0,1796.0,1851.0,914.0,871.0,659.5,814.0,975.5,1112.5,977.0,1016.5,889.0,890.5,475.0,438.5,397.0,544.0,550.0,670.0,526.0,525.0,493.0,455.0,596.0,504.5,406.5,649.5,538.0,844.0,781.5,941.0,826.0,804.0,1003.0,707.0,363.0,597.0,412.0,915.0,1307.0,1397.0,1324.0,1323.0,1354.0,846.0,282.0,597.0,355.0,962.0,1959.0,2304.0,2197.0,2217.0,1575.0,905.0,102.0,400.0,133.0,705.0,2799.0,3839.0,3925.0,3917.0,1620.5,845.5,82.0,298.0,84.0,598.5,2891.0,4660.0,4742.5,4807.0,1493.5,774.5,77.5,235.5,76.5,486.5,2598.0,4573.0,4746.0,4787.0,1856.5,1551.0,798.0,836.0,837.0,1067.0,1364.0,1466.5,1584.5,1552.0,1478.0,761.5,85.0,220.0,83.0,464.5,2603.0,4466.5,4592.5,4793.5,1447.0,767.5,150.0,457.0,152.5,839.5,2994.5,4438.5,4604.5,4705.0,1609.0,893.0,529.0,856.0,601.0,1287.0,3124.0,4171.0,4341.0,4419.0,1715.0,963.0,671.0,1032.0,867.0,1613.0,3103.0,3727.0,3962.0,4016.0,1752.0,1072.0,543.0,978.0,867.0,1613.0,2839.0,3368.0,3660.0,3637.0,2446.0,1589.0,656.0,1219.0,1428.0,2294.0,3181.0,3430.0,3837.0,3837.0,4552.5,3215.0,1282.0,1694.5,2382.5,2823.0,3245.5,3509.5,3878.5,4050.0,4627.0,3388.0,1281.0,1772.0,2605.0,2967.0,3213.0,3401.0,3720.0,3663.0,4247.0,3209.0,1295.0,1768.0,2551.0,2934.0,3170.0,3457.0,3685.0,3880.0,4165.0,2998.0,1183.0,1649.0,2341.0,2750.5,2874.5,3152.5,3393.5,3486.0,1644.0,1322.0,481.0,595.0,700.0,970.0,1283.0,1414.0,1507.0,1559.0,4167.0,3295.0,1030.0,1399.0,1905.0,2296.0,2422.0,2641.0,2695.0,2930.0,3106.0,2906.0,1068.0,1186.0,1360.0,1591.0,1711.0,1787.0,1938.0,2053.0,2854.5,2544.5,670.5,811.0,1021.5,1283.5,1536.5,1649.0,1832.5,1905.5,2869.5,2578.5,687.5,855.5,1025.0,1289.0,1581.0,1692.0,1832.0,1904.0,2133.5,1639.0,452.5,666.5,885.0,1187.0,1497.0,1649.0,1863.0,1868.5,0.0,0.0,0.0,0.0,0.0,0.0,0.0,0.0,0.0,0.0,1601.0,1199.0,250.0,505.0,518.0,1043.0,1446.0,1551.0,1663.0,1732.0,1595.0,1402.0,785.0,858.0,694.5,1122.0,1523.5,1706.5,1808.5,1751.0,1836.5,1351.0,371.5,689.5,675.0,1225.0,1981.5,2167.5,2317.0,2256.5,1931.5,1595.0,521.0,721.5,809.0,1160.5,1601.5,1709.0,1876.5,1864.0,1963.0,1695.0,523.0,682.0,857.0,1080.0,1258.0,1283.0,1432.0,1464.0,2387.5,2245.5,784.5,1047.5,1344.5,1472.0,1577.5,1671.0,1781.5,1772.5,2545.5,2454.0,861.0,1113.5,1420.0,1574.5,1595.0,1718.0,1781.0,1813.0,"{""type"":""MultiPoint"",""coordinates"":[]}"
179_0,3,1969.5,1673.5,622.0,771.5,1013.0,1135.0,1141.0,1251.5,1342.0,1367.5,2635.0,2241.5,1035.5,1357.5,1682.5,1827.0,1854.5,1928.5,2056.5,2020.5,2675.5,2271.0,964.0,1245.0,1605.0,1746.5,1727.0,1801.5,1939.5,1953.5,2604.0,2263.0,946.0,1212.5,1538.5,1678.0,1672.0,1758.0,1846.0,1879.0,459.0,408.5,712.0,977.0,1068.0,1237.0,1015.0,1079.0,903.5,903.0,310.5,231.0,638.0,965.5,1053.0,1174.0,983.5,1088.5,1016.0,885.0,664.0,523.5,538.0,888.0,786.0,1296.0,1377.5,1399.5,1265.0,1275.5,1280.0,868.5,464.0,839.0,468.5,1230.5,2468.5,2640.0,2688.0,2539.5,1681.0,916.0,327.0,729.0,386.0,1161.0,3181.5,3701.5,3804.5,3646.5,1688.5,910.0,321.5,726.0,427.5,1205.0,3064.5,3712.0,3806.5,3808.5,1563.0,787.5,277.0,651.5,372.5,1120.0,3023.5,3755.0,3877.0,3879.5,2262.0,1955.5,662.0,875.5,1159.5,1298.0,1361.0,1401.5,1513.0,1560.0,1529.5,770.0,224.0,599.0,322.0,1085.5,3068.0,3869.5,4039.5,4110.0,1425.0,692.0,211.5,580.5,289.5,1027.5,3132.0,3873.5,4059.5,4130.5,1438.0,693.0,275.0,630.0,338.5,1050.0,3270.0,4019.5,4181.5,4253.0,1796.5,903.0,489.0,1000.0,546.5,1626.5,3678.5,4270.0,4453.5,4516.5,1814.0,949.5,454.5,1055.5,622.0,1716.0,3442.5,3893.0,4182.5,4155.0,1875.0,1048.0,529.0,1172.0,941.0,2104.0,3239.0,3491.0,3747.0,3811.0,2217.5,1254.5,830.0,1480.5,1513.0,2490.0,3239.0,3478.5,3799.5,3892.5,2597.5,1582.0,911.5,1499.5,1786.5,2614.0,3048.0,3318.0,3617.5,3781.0,3528.5,2513.0,1067.0,1525.5,2130.5,2540.0,2730.0,2977.0,3423.5,3444.0,2262.5,1680.0,686.0,996.0,1416.5,1649.5,1696.5,1815.5,1903.5,1979.0,2121.5,1789.0,564.5,789.5,1058.5,1177.5,1223.0,1312.5,1441.5,1458.5,2575.5,1999.0,792.0,1064.0,1492.5,1703.0,1761.0,1865.0,1943.5,2062.5,2645.0,2082.0,1163.0,1355.5,1676.5,1841.5,1910.0,1992.0,2149.5,2157.5,2315.0,1890.5,676.0,867.0,1142.5,1291.5,1313.0,1426.5,1525.0,1581.5,2479.5,2048.0,734.5,919.0,1208.0,1362.5,1382.5,1529.0,1571.5,1664.5,2062.5,1547.5,551.0,674.5,947.5,1045.5,1108.0,1198.5,1348.5,1333.5,1560.0,1256.5,636.5,811.5,990.0,1048.5,1128.0,1143.5,1221.0,1232.0,1912.5,1622.5,581.0,783.5,1013.5,1090.5,1159.0,1232.5,1332.5,1314.0,2025.5,1744.5,668.5,797.0,998.0,1113.0,1160.5,1200.0,1297.5,1291.5,2379.5,2050.5,771.5,995.5,1265.0,1405.0,1401.0,1474.5,1581.5,1615.0,2413.0,2061.0,824.0,1009.0,1281.5,1397.5,1379.0,1476.0,1614.0,1607.5,2149.0,1839.0,701.0,853.5,1100.0,1200.0,1202.5,1311.5,1397.0,1438.5,2075.0,1770.0,659.0,843.5,1089.0,1189.5,1205.0,1275.0,1398.0,1405.0,2398.5,2035.0,868.5,1152.5,1463.5,1565.0,1619.0,1687.0,1815.5,1793.5,"{""type"":""MultiPoint"",""coordinates"":[]}"
180_0,3,2010.0,1697.5,615.5,766.0,1025.5,1167.0,1213.5,1251.5,1385.5,1401.0,2490.0,2130.5,1058.0,1347.0,1615.5,1718.0,1775.0,1841.0,1943.0,1937.5,2082.0,1768.5,726.5,986.5,1253.0,1365.0,1387.0,1462.5,1556.0,1546.5,785.0,705.5,487.5,687.0,785.5,978.5,809.5,856.5,869.5,802.0,213.5,153.5,447.5,633.5,684.0,815.5,643.5,714.5,671.5,593.5,362.0,275.5,522.5,749.5,716.5,931.5,832.5,877.0,843.5,709.5,782.0,589.5,427.0,707.5,508.5,982.5,1374.5,1409.0,1393.0,1331.0,1183.5,731.5,477.5,748.5,484.5,991.0,1847.0,2032.0,1868.5,1894.5,1507.5,792.0,296.5,568.0,342.0,947.5,2559.5,2968.0,3159.0,3110.5,1602.0,809.5,219.0,544.5,299.5,891.5,2878.0,3808.5,3770.0,3817.5,1568.0,790.0,192.0,405.5,241.0,721.0,2806.0,3885.5,3944.0,3994.0,2318.0,1954.5,640.0,864.5,1134.5,1309.5,1357.5,1446.0,1479.5,1555.5,1675.0,821.5,237.5,496.5,273.5,818.0,3125.5,4366.0,4450.0,4601.0,1707.0,839.0,318.5,856.0,449.0,1457.5,3648.5,4613.0,4727.5,4766.0,1753.0,893.5,445.0,957.0,651.5,1609.5,3588.5,4313.0,4279.5,4499.0,2034.5,1122.0,653.5,1195.0,1044.0,2110.0,3473.5,3948.5,4118.5,4296.5,2330.5,1352.5,735.5,1302.0,1287.0,2278.5,3475.0,3822.5,4144.0,4220.0,2640.0,1620.0,808.0,1392.0,1558.0,2444.0,3247.0,3651.0,3847.0,4070.0,4056.5,2779.0,1174.5,1637.5,2282.5,2722.5,2992.0,3288.0,3586.5,3685.5,3995.5,2773.5,1123.5,1577.5,2286.5,2624.5,2871.5,3158.0,3619.0,3645.5,2436.0,1866.0,757.5,1064.0,1455.0,1669.0,1696.0,1880.0,1984.0,2011.0,2111.5,1622.5,680.5,939.5,1322.5,1536.0,1607.0,1697.0,1713.0,1814.0,2186.0,1847.5,538.5,779.5,1058.0,1208.0,1285.0,1320.5,1460.0,1480.0,2406.0,1889.5,800.0,1062.5,1454.0,1650.0,1727.5,1854.0,1898.0,2003.5,2335.5,1836.5,903.5,1117.5,1440.0,1629.5,1664.5,1792.5,1855.0,1925.5,2026.0,1673.0,641.0,814.5,1068.0,1221.5,1246.5,1345.0,1444.5,1470.5,1659.5,1406.0,510.5,648.0,855.5,948.5,968.5,1045.5,1135.0,1144.0,812.0,543.0,270.5,368.5,508.0,579.5,621.0,649.5,724.5,717.0,0.0,0.0,0.0,0.0,0.0,0.0,0.0,0.0,0.0,0.0,1700.5,1328.5,421.0,619.5,841.5,997.0,1039.0,1091.5,1215.5,1254.0,2468.0,2231.5,866.0,1011.5,1230.0,1413.5,1597.0,1736.0,1619.5,1897.0,2313.5,1958.5,783.5,996.0,1240.5,1372.0,1425.5,1516.0,1637.0,1637.5,2349.0,1971.5,746.0,914.5,1177.5,1334.5,1279.0,1348.5,1493.5,1509.5,2358.5,1936.5,844.0,1000.0,1236.5,1399.0,1405.5,1485.5,1619.5,1634.5,2186.0,1882.0,633.0,836.0,1088.5,1202.0,1290.5,1361.0,1422.5,1470.5,2295.0,1943.5,776.0,990.5,1273.5,1382.0,1458.0,1529.5,1631.5,1641.0,"{""type"":""MultiPoint"",""coordinates"":[]}"
181_0,3,1766.0,1479.0,629.0,796.0,1024.0,1142.0,1141.0,1221.0,1318.5,1279.5,2465.0,2118.0,1086.5,1379.5,1619.0,1744.5,1766.5,1829.5,1945.0,1932.0,2480.5,2134.0,992.5,1265.5,1504.5,1635.0,1673.0,1759.0,1852.0,1853.5,2595.5,2229.0,1082.0,1381.5,1627.0,1742.5,1784.5,1864.5,1961.5,1944.5,1066.0,936.0,1033.0,1296.0,1535.0,1648.0,1526.0,1523.0,1427.0,1326.0,349.0,286.0,651.0,931.0,985.0,1111.0,731.0,777.0,696.0,540.0,753.0,560.0,651.0,1066.0,967.0,1404.0,1329.0,1425.0,1385.0,1198.0,1161.0,914.0,634.0,1039.0,785.0,1501.0,1727.0,1923.0,1854.0,1705.0,1433.0,965.0,506.0,928.0,701.0,1501.0,2358.0,2452.0,2562.0,2343.0,1405.0,928.5,425.5,722.0,649.0,1295.5,2003.0,2250.0,2270.5,2085.5,1401.0,887.0,356.5,655.5,552.0,1211.0,2146.5,2438.5,2597.5,2499.0,1930.0,1644.0,732.0,920.0,1136.0,1268.0,1279.0,1314.0,1398.0,1478.0,1572.0,914.0,362.0,673.0,530.0,1093.0,2533.0,3419.0,3411.0,3394.0,1479.0,738.0,201.0,524.0,401.0,957.0,2652.0,3467.0,3619.0,3462.0,1464.0,716.0,201.0,477.0,305.0,957.0,2796.0,3662.0,3695.0,3601.0,1551.0,807.0,379.0,719.0,385.0,1124.0,2992.0,3749.0,3884.0,3890.0,1748.0,939.0,442.0,968.0,539.0,1547.0,3399.0,3948.0,4163.0,4171.0,1921.0,1046.0,472.0,1075.5,630.5,1644.5,3262.5,3644.5,3920.0,3925.5,2171.0,1237.0,823.0,1419.0,1246.0,2225.0,3096.0,3449.0,3686.0,3603.0,2499.0,1596.5,900.5,1470.0,1590.5,2378.5,3048.5,3284.0,3560.5,3484.0,3031.5,2241.5,1014.5,1518.5,2050.0,2573.0,2716.0,2916.0,3258.5,3227.5,3760.0,2550.0,1307.0,1824.0,2591.0,3003.0,3028.0,3170.0,3693.0,3387.0,1799.0,1524.0,544.0,770.0,1032.0,1128.0,1155.0,1194.0,1359.0,1277.0,3638.0,2630.0,1024.0,1440.0,2004.0,2480.0,2525.0,2670.0,2859.0,2905.0,3429.5,2638.0,1035.5,1386.5,1918.5,2170.5,2326.5,2513.5,2691.5,2698.5,3073.0,2534.5,790.5,1060.0,1435.0,1660.0,1700.5,1843.0,2070.0,2132.0,3296.0,2681.0,892.0,1105.0,1465.0,1713.0,1797.0,1883.0,2089.0,2142.0,2261.0,1423.0,677.0,889.0,1210.0,1354.0,1445.0,1623.0,1838.0,1826.0,0.0,0.0,0.0,0.0,0.0,0.0,0.0,0.0,0.0,0.0,1643.0,1275.0,555.0,756.0,934.0,1048.0,1055.0,1143.0,1267.0,1199.0,1871.0,1480.0,697.0,841.0,1036.0,1137.0,1163.0,1212.0,1314.0,1340.0,2476.0,2120.0,960.0,1231.0,1498.0,1611.0,1638.0,1733.0,1848.0,1824.0,1889.0,1591.0,669.0,791.0,1004.0,1098.0,1120.0,1164.0,1273.0,1261.0,1889.0,1591.0,631.0,791.0,1004.0,1092.0,1120.0,1164.0,1273.0,1261.0,1926.0,1641.0,719.0,860.0,1035.0,1106.0,1125.0,1233.0,1325.0,1347.0,2169.0,1894.5,834.0,1035.0,1247.0,1354.5,1389.5,1475.0,1586.5,1549.0,"{""type"":""MultiPoint"",""coordinates"":[]}"
182_0,3,240.0,207.0,125.0,195.0,282.0,428.5,234.0,253.5,244.0,221.5,2189.5,1788.0,735.0,966.5,1196.0,1335.5,1448.0,1539.0,1625.0,1660.5,2151.0,1819.0,777.0,989.0,1209.0,1329.0,1383.5,1437.0,1520.0,1584.0,2309.0,1980.0,926.5,1169.0,1386.0,1511.5,1566.0,1631.0,1686.0,1746.5,2331.0,2078.0,1132.0,1382.0,1579.0,1712.0,1774.0,1796.0,1875.0,1890.0,1425.0,1355.0,1337.0,1582.0,1758.0,1904.0,1829.0,1880.0,1641.0,1689.0,407.0,355.0,687.0,1092.0,975.0,1306.0,903.0,968.0,785.0,758.0,602.0,441.0,713.0,1106.0,1011.0,1422.0,1269.0,1303.0,1118.0,1001.0,651.0,461.0,486.0,773.0,652.0,1225.0,1142.0,1171.0,1092.0,956.0,660.0,493.0,230.0,515.5,375.0,1020.5,1523.0,1694.5,1575.5,1369.0,759.0,522.5,179.5,354.0,208.0,650.5,1431.5,1795.0,1682.5,1492.0,312.0,272.0,272.0,382.0,474.0,589.0,483.0,475.0,504.0,382.0,1202.0,688.0,131.0,282.0,210.0,715.0,2024.0,2452.0,2509.0,2401.0,1366.0,742.0,87.0,306.0,165.0,576.0,2492.0,3341.0,3424.0,3390.0,1476.0,792.0,150.0,418.0,231.0,814.0,2728.0,3778.0,3806.0,3735.0,1606.0,833.0,381.0,778.0,485.0,1277.0,3114.0,3837.0,3933.0,3907.0,1626.0,901.0,381.0,860.0,616.0,1479.0,2887.0,3342.0,3730.0,3497.0,1954.5,1154.0,492.0,977.5,945.5,1784.5,2710.0,3063.0,3311.5,3281.5,2742.0,1850.5,1054.5,1419.0,1708.0,2123.5,2587.5,2815.0,3114.5,3219.5,3410.5,2498.5,958.0,1349.5,1937.0,2228.0,2462.5,2685.0,2976.5,3048.5,3408.0,2550.0,937.5,1363.0,1947.0,2200.5,2449.0,2646.5,2991.0,2994.0,3351.0,2296.0,925.0,1311.0,1935.0,2223.0,2406.0,2660.0,2723.0,2943.0,267.0,198.0,374.0,528.0,524.0,589.0,465.0,459.0,371.0,322.0,3344.0,2490.0,901.0,1282.0,1829.0,2045.0,2310.0,2489.0,2560.0,2793.0,3178.5,2382.0,834.5,1110.5,1573.5,1791.0,1917.0,2076.5,2319.5,2393.0,2725.0,2248.5,624.0,848.5,1156.0,1327.0,1433.0,1563.5,1759.5,1818.5,728.0,587.0,375.0,493.0,641.0,715.0,668.0,703.0,695.0,658.0,277.0,257.0,104.0,128.0,192.0,313.0,230.0,181.0,171.0,207.0,0.0,0.0,0.0,0.0,0.0,0.0,0.0,0.0,0.0,0.0,220.0,168.0,104.0,188.0,293.0,388.0,227.0,252.0,218.0,161.0,290.0,252.0,137.0,183.0,293.0,383.0,305.0,313.0,246.0,191.0,961.0,627.0,369.0,540.0,734.0,899.0,969.0,1052.0,1192.0,1217.0,1059.0,577.0,410.0,489.0,728.0,942.0,1025.0,1081.0,1242.0,1354.0,2672.0,1949.0,882.0,1144.0,1493.0,1686.0,1865.0,1979.0,2171.0,2172.0,3830.0,3096.0,1522.0,1835.0,2290.0,2403.0,2576.0,2651.0,3046.0,2997.0,3947.5,3213.5,1531.5,1845.0,2263.5,2390.5,2555.5,2675.0,3041.5,2955.0,"{""type"":""MultiPoint"",""coordinates"":[]}"
183_0,3,1673.5,1393.5,617.0,767.0,995.0,1111.5,1089.5,1156.5,1265.0,1253.0,2394.0,2087.5,1020.0,1297.5,1540.0,1680.0,1688.5,1766.0,1849.0,1836.5,2353.0,2044.5,905.5,1161.0,1405.5,1523.0,1534.0,1607.5,1698.0,1708.0,2462.5,2131.5,966.5,1255.0,1503.5,1623.0,1622.0,1708.0,1772.0,1775.5,697.0,656.0,922.0,1212.0,1290.0,1442.0,1247.0,1330.0,1241.0,1176.0,419.0,399.0,922.0,1182.0,1251.0,1336.0,1056.0,1100.0,1091.0,904.0,457.0,376.0,696.0,1027.0,997.0,1387.0,1310.0,1384.0,1339.0,1179.0,872.0,623.0,651.0,978.0,909.0,1340.0,1581.0,1688.0,1562.0,1528.0,996.0,639.0,518.0,834.0,683.0,1317.0,1895.0,2115.0,2056.0,1953.0,1174.5,680.0,296.0,615.0,383.0,1028.5,2263.5,2652.0,2710.0,2535.0,1400.0,732.5,244.0,578.0,314.5,966.5,2681.0,3427.0,3471.0,3320.5,1906.5,1619.0,743.5,928.0,1152.0,1263.0,1273.0,1321.0,1424.0,1414.0,1463.0,749.0,269.0,556.0,327.0,972.0,2759.0,3577.0,3596.0,3695.0,1381.0,691.0,168.0,448.0,249.0,870.0,2759.0,3504.0,3647.0,3695.0,1325.0,657.0,168.0,405.0,200.0,780.0,2821.0,3638.0,3706.0,3825.0,1477.0,737.0,349.0,723.0,352.0,1126.0,3237.0,3984.0,4116.0,4159.0,1686.0,855.0,375.0,940.0,485.0,1552.0,3539.0,4133.0,4334.0,4256.0,1771.5,959.5,438.0,1043.0,581.5,1764.5,3326.5,3710.0,3936.5,3949.5,2048.0,1128.0,793.0,1464.0,1312.0,2328.0,3140.0,3446.0,3728.0,3705.0,2330.5,1456.0,816.0,1511.5,1438.0,2509.5,3135.5,3406.5,3742.5,3774.0,3101.0,2172.0,1032.5,1557.0,1870.0,2576.5,2805.0,3002.5,3282.5,3318.0,2369.0,1571.0,851.0,1157.0,1656.0,1944.0,1999.0,2210.0,2231.0,2457.0,1714.0,1422.0,540.0,760.0,1004.0,1123.0,1121.0,1181.0,1295.0,1306.0,2882.0,2178.0,875.0,1194.0,1645.0,1920.0,2010.0,2147.0,2163.0,2329.0,2789.5,2145.5,924.5,1176.5,1555.0,1759.0,1840.0,1935.5,2118.5,2156.0,2468.0,2009.0,683.0,877.5,1172.0,1313.5,1366.0,1502.0,1616.0,1651.0,2638.0,2206.0,798.0,944.0,1231.0,1382.0,1433.0,1577.0,1683.0,1722.0,2135.0,1455.0,545.0,675.0,931.0,1058.0,1109.0,1208.0,1352.0,1355.0,754.0,510.0,779.0,708.0,628.0,629.0,647.0,666.0,954.0,708.0,1621.0,1321.0,539.0,730.0,915.0,992.0,1012.0,1046.0,1175.0,1153.0,1251.0,1070.0,524.0,618.0,735.0,806.0,836.0,866.0,870.0,934.0,2150.0,1837.0,764.0,1000.0,1245.0,1322.0,1386.0,1424.0,1513.0,1524.0,1771.0,1505.0,971.0,1106.0,1134.0,1213.0,1225.0,1272.0,1625.0,1430.0,1771.0,1505.0,565.0,700.0,926.0,1005.0,981.0,1014.0,1117.0,1137.0,1892.0,1618.0,717.0,853.0,1045.0,1115.0,1134.0,1217.0,1309.0,1306.0,2094.5,1852.5,793.0,976.5,1198.5,1292.0,1344.0,1404.5,1506.0,1502.5,"{""type"":""MultiPoint"",""coordinates"":[]}"
184_0,3,1803.0,1493.5,523.0,660.0,915.5,1037.5,1078.0,1161.5,1248.0,1290.0,2365.5,2026.0,901.0,1195.0,1482.5,1622.5,1651.0,1719.0,1828.0,1829.5,2400.0,2035.0,837.0,1131.5,1416.5,1531.5,1591.0,1663.0,1742.5,1766.0,2306.5,2003.5,810.5,1076.0,1334.5,1452.5,1508.5,1598.0,1649.5,1676.0,194.5,181.0,673.0,928.0,989.5,1160.5,931.5,1019.0,976.0,852.0,266.5,244.0,666.0,931.0,993.0,1242.5,1045.5,1101.0,1064.0,954.0,584.5,484.0,539.5,835.5,711.5,1221.0,1312.0,1417.5,1421.0,1275.5,1371.0,807.5,383.0,761.5,378.5,1091.0,2887.5,3285.5,3232.0,3104.0,1619.0,805.0,154.5,497.0,133.0,909.5,3851.5,5025.5,5129.5,5132.0,1780.0,927.0,184.5,543.0,363.5,1131.5,3297.5,4273.5,4567.5,4838.5,1873.5,987.0,211.0,518.5,369.0,1065.5,2986.0,3839.0,4197.0,4455.0,2115.0,1765.5,592.0,801.5,1051.0,1175.5,1238.0,1349.5,1404.0,1465.0,1825.5,933.5,182.5,482.5,304.5,948.0,2781.0,3563.0,3780.0,4063.0,1662.5,784.0,131.0,435.5,218.0,845.5,2756.5,3615.0,3789.5,4096.0,1519.0,745.0,194.0,506.5,221.0,916.5,2966.5,3871.5,4025.0,4164.0,1894.5,936.5,490.0,987.5,506.5,1573.0,3742.5,4447.0,4625.5,4721.5,1954.0,1026.5,475.0,1082.0,632.5,1795.5,3781.0,4300.5,4592.5,4624.5,2131.0,1169.0,555.0,1292.0,924.0,2282.0,3634.0,3988.0,4269.0,4329.0,2510.0,1427.0,905.0,1650.0,1555.0,2851.5,3697.0,4042.0,4425.5,4517.0,2777.0,1747.5,904.0,1599.0,1720.0,2853.0,3409.5,3725.0,4108.0,4163.0,3904.5,2617.5,1083.5,1607.0,2166.0,2819.5,3065.0,3416.5,3904.0,3979.5,2357.5,1771.5,809.5,1156.5,1637.0,1881.5,1946.0,2059.5,2189.5,2271.0,1985.5,1647.0,508.0,699.5,976.5,1113.5,1170.5,1257.5,1353.5,1427.5,2660.5,2072.0,878.0,1188.0,1632.5,1844.0,1941.5,2047.5,2196.0,2290.5,2459.5,1933.5,913.5,1185.0,1537.5,1752.5,1791.0,1916.0,2060.5,2079.5,2347.0,1893.5,750.5,951.0,1249.5,1433.5,1500.5,1591.0,1725.0,1758.5,2290.5,1846.0,773.5,1002.5,1287.0,1429.0,1521.5,1592.0,1761.5,1744.0,2111.5,1584.0,609.5,781.5,1055.0,1165.5,1264.0,1343.0,1529.0,1517.5,0.0,0.0,0.0,0.0,0.0,0.0,0.0,0.0,0.0,0.0,1682.5,1307.5,434.5,617.5,817.0,952.0,997.0,1074.0,1191.5,1202.5,1889.5,1538.0,662.0,772.5,938.0,1068.5,1077.0,1153.5,1324.5,1256.0,2227.0,1854.0,672.5,891.0,1100.5,1283.5,1367.0,1437.0,1567.0,1598.5,2234.5,1866.0,676.0,861.0,1122.0,1263.5,1345.5,1413.5,1555.0,1548.5,2107.0,1715.5,717.0,836.5,1046.5,1155.5,1238.5,1333.5,1469.0,1423.5,2053.5,1733.5,604.0,818.5,1063.5,1183.0,1245.0,1310.0,1396.0,1394.0,2142.0,1831.5,722.0,930.5,1180.5,1296.5,1344.5,1425.0,1521.5,1532.5,"{""type"":""MultiPoint"",""coordinates"":[]}"
185_0,3,1388.5,1160.0,621.5,675.5,757.0,881.0,983.5,1049.0,1120.0,1138.5,2606.0,2473.0,950.0,1190.0,1532.0,1660.0,1658.0,1723.0,1862.0,1864.0,2640.0,2597.0,930.0,1153.0,1463.0,1609.0,1630.0,1732.0,1832.0,1859.0,1266.5,1233.0,505.0,678.5,828.0,904.5,855.0,946.0,976.5,936.0,236.0,232.0,322.0,454.5,498.5,536.5,396.0,461.5,496.0,395.0,459.5,306.0,343.0,522.0,476.5,692.0,721.0,835.5,861.0,756.0,584.0,386.0,309.0,507.0,432.0,721.0,865.0,1037.0,1035.0,951.0,1133.0,669.0,207.0,486.0,315.0,716.0,1682.0,1823.0,1903.0,1873.0,1082.0,577.0,48.0,217.0,71.0,377.0,1872.0,2843.0,2844.0,2806.0,1297.0,597.5,6.0,167.5,0.0,258.5,2423.5,4195.5,4148.0,4251.5,1305.5,606.5,28.0,172.0,3.5,270.5,2510.0,4577.0,4617.5,4736.5,2245.0,1940.0,1305.0,1440.5,1522.5,1706.5,1888.5,1920.5,1988.5,2001.0,1334.5,614.5,33.0,178.5,5.0,304.5,2542.0,4761.0,4775.0,5000.5,1307.5,616.0,74.5,260.5,41.5,460.5,2794.5,4750.5,4859.5,5037.0,1394.0,665.0,491.0,824.0,553.0,1268.0,3053.0,4506.0,4553.0,4831.0,1511.0,808.0,624.0,1004.0,737.0,1557.0,3216.0,3996.0,4188.0,4304.0,1511.0,805.0,490.0,968.0,748.0,1599.0,3091.0,3769.0,3997.0,4093.0,1835.0,1047.0,513.0,977.0,997.0,1855.0,2998.0,3489.0,3748.0,3844.0,4722.5,3331.5,1224.0,1721.5,2304.0,3006.0,3380.5,3699.5,3987.0,4114.0,4787.0,3579.0,1272.0,1746.0,2538.0,2910.0,3111.0,3277.0,3549.0,3641.0,4439.0,3365.0,1288.0,1714.0,2440.0,2866.0,3038.0,3277.0,3608.0,3698.0,4094.0,2963.5,1246.0,1618.0,2283.5,2720.5,2859.0,3031.0,3243.0,3450.0,1711.0,1354.0,471.0,666.0,718.0,967.0,1240.0,1306.0,1471.0,1479.0,4076.0,3260.5,1053.5,1370.5,1859.5,2270.0,2363.5,2534.0,2688.5,2882.0,3655.0,3035.0,1191.0,1400.5,1746.0,2044.5,2209.5,2368.0,2567.5,2629.0,2792.0,2433.5,805.0,942.5,1052.5,1342.5,1784.5,1836.0,2072.0,2067.5,2844.5,2394.5,754.5,936.0,1042.0,1364.5,1797.5,1851.5,2119.0,2142.0,1744.5,1214.0,353.0,628.0,611.5,1037.5,1818.5,1896.5,2195.5,2171.0,0.0,0.0,0.0,0.0,0.0,0.0,0.0,0.0,0.0,0.0,1458.0,1021.0,261.0,492.0,536.0,901.0,1293.0,1408.0,1573.0,1528.0,3307.5,2824.5,3086.0,3033.5,2919.0,3279.0,3574.0,3630.5,4086.5,3559.5,1886.5,1380.5,413.5,711.0,718.5,1205.0,1867.0,1960.5,2120.0,2144.5,1882.5,1526.0,517.0,694.0,814.0,1094.5,1463.5,1619.0,1748.5,1698.5,1855.0,1671.0,516.0,665.0,863.0,1013.0,1145.0,1258.0,1347.0,1333.0,1914.5,1784.0,555.0,716.0,924.5,1024.5,1123.0,1212.5,1318.5,1297.0,2583.0,2514.5,866.0,1115.5,1433.5,1570.5,1576.5,1650.5,1779.0,1815.5,"{""type"":""MultiPoint"",""coordinates"":[]}"
186_0,3,2039.0,1671.5,626.0,770.5,1042.5,1183.5,1224.5,1307.5,1407.5,1448.5,2407.5,2022.5,822.0,1045.5,1320.0,1436.5,1503.5,1579.0,1701.0,1724.0,2783.0,2405.0,1001.0,1314.0,1632.5,1784.5,1788.0,1895.5,1969.0,2011.5,3048.5,2615.0,1143.0,1462.5,1800.0,1964.5,1994.5,2098.0,2194.5,2221.0,1368.0,1256.0,876.0,1164.0,1396.0,1471.0,1498.0,1568.0,1676.0,1626.0,379.0,303.0,876.0,1164.0,1164.0,1332.0,979.0,1033.0,1000.0,921.0,562.0,447.0,519.0,778.0,757.0,1063.0,1028.0,1157.0,1026.0,984.0,877.0,699.0,588.0,801.0,720.0,1114.0,1434.0,1557.0,1468.0,1454.0,1551.0,871.0,453.0,762.0,524.0,1082.0,2391.0,2838.0,2658.0,2730.0,1789.0,914.0,274.0,592.0,304.5,924.0,3032.0,3946.5,3862.5,3966.0,1631.0,785.0,115.0,345.5,142.0,645.0,2944.5,4281.5,4338.5,4506.5,2267.0,1882.0,728.0,895.0,1146.0,1301.0,1351.0,1428.0,1488.0,1554.0,1630.0,780.0,152.0,374.0,176.0,637.0,3095.0,4527.0,4506.0,4784.0,1652.0,780.0,83.0,398.0,154.0,796.0,3456.0,4893.0,5025.0,5158.0,1709.0,828.0,294.0,759.0,403.0,1375.0,3750.0,4932.0,5111.0,5211.0,1951.0,978.0,510.0,1049.0,722.0,1911.0,3832.0,4618.0,4743.0,4910.0,2034.5,1126.0,571.5,1139.5,893.5,2014.0,3610.0,4158.5,4465.0,4478.5,2551.0,1589.0,761.5,1373.0,1509.5,2547.0,3555.5,3991.0,4234.0,4412.5,3436.0,2306.0,1182.0,1813.0,2471.5,3358.5,3972.0,4295.5,4699.0,4795.0,4223.5,3017.0,1355.5,1882.5,2656.5,3251.5,3531.5,3695.5,3998.0,4144.5,4053.0,2926.0,1323.0,1835.0,2650.0,3113.0,3272.0,3336.0,3705.0,3844.0,4084.0,2962.5,1435.0,1973.0,2796.0,3259.0,3377.5,3626.5,3666.5,4066.0,2257.5,1881.0,678.5,849.5,1124.0,1240.5,1291.0,1384.0,1502.5,1527.0,2826.0,2234.5,837.0,1171.0,1615.5,1844.5,1931.0,1988.5,2154.0,2231.5,2814.0,2202.0,909.0,1219.0,1617.0,1872.0,1921.0,2034.0,2153.5,2240.5,2543.5,2043.5,736.0,970.5,1304.0,1458.5,1538.5,1610.0,1781.0,1826.5,2595.0,2157.5,795.0,985.0,1317.5,1500.0,1535.0,1653.0,1774.0,1822.5,2136.0,1331.0,602.0,782.0,1075.0,1199.0,1264.0,1331.0,1482.0,1483.0,0.0,0.0,0.0,0.0,0.0,0.0,0.0,0.0,0.0,0.0,1852.0,1454.0,581.0,757.0,976.0,1075.0,1101.0,1203.0,1299.0,1309.0,2118.0,1765.0,718.0,825.0,1027.0,1139.0,1164.0,1250.0,1345.0,1375.0,2598.0,2225.0,882.0,1097.0,1347.0,1496.0,1519.0,1576.0,1714.0,1763.0,2267.0,1821.0,756.0,863.0,1122.0,1220.0,1185.0,1257.0,1359.0,1405.0,2124.5,1736.0,672.5,816.5,1037.5,1148.5,1153.0,1233.0,1325.0,1367.0,2608.0,2257.0,929.0,1097.0,1302.0,1456.0,1578.0,1673.0,1834.0,1816.0,2449.0,2044.0,765.0,1012.0,1266.0,1392.0,1483.0,1563.0,1663.0,1728.0,"{""type"":""MultiPoint"",""coordinates"":[]}"
187_0,3,177.0,151.5,134.5,191.5,241.5,360.0,223.5,235.0,191.0,219.5,2255.0,1859.0,756.5,962.0,1194.5,1314.5,1396.0,1484.5,1606.0,1606.0,2376.5,2024.5,826.5,1050.0,1284.5,1422.5,1489.0,1595.5,1669.0,1715.5,2577.0,2260.5,1077.0,1351.0,1578.5,1728.5,1739.5,1849.5,1893.5,1928.0,2747.0,2404.0,1369.0,1651.0,1875.0,2003.0,2036.0,2100.0,2207.0,2216.0,1176.0,1145.0,1204.0,1534.0,1576.0,1745.0,1446.0,1543.0,1250.0,1370.0,343.0,299.0,690.0,926.0,908.0,1109.0,810.0,861.0,821.0,656.0,523.0,420.0,657.0,938.0,901.0,1251.0,1077.0,1173.0,986.0,931.0,663.0,455.0,430.0,705.0,509.0,1144.0,1205.0,1289.0,1154.0,1057.0,848.5,524.0,256.5,517.5,314.0,966.5,1739.5,1966.0,1840.5,1719.0,996.5,610.5,211.0,421.0,233.5,806.0,1956.5,2443.5,2281.5,2119.0,214.0,197.0,237.0,352.0,403.0,508.0,369.0,405.0,341.0,335.0,1149.0,605.0,210.0,400.0,204.0,680.0,2100.0,2826.0,2681.0,2646.0,1195.0,594.0,82.0,279.0,68.0,609.0,2350.0,3116.0,3107.0,3042.0,1318.0,675.0,148.0,464.0,219.0,888.0,2755.0,3796.0,3803.0,3877.0,1515.0,789.0,424.0,891.0,541.0,1547.0,3267.0,3877.0,3992.0,3906.0,1558.0,841.0,432.0,979.0,722.0,1675.0,3073.0,3392.0,3778.0,3766.0,1940.0,1123.5,552.5,1093.5,1000.0,1917.0,2873.5,3277.0,3427.5,3526.0,2330.5,1408.0,902.0,1466.0,1548.5,2240.5,2942.5,3307.0,3505.0,3544.5,3263.5,2205.5,1037.0,1528.0,1887.5,2591.5,2963.5,3248.5,3538.5,3575.0,4156.5,2775.0,1386.5,1947.0,2661.5,3232.0,3440.0,3721.5,4034.0,4086.0,4425.0,3069.0,1658.0,2224.0,3085.0,3488.0,3646.0,3881.0,4111.0,4269.0,214.0,195.0,233.0,283.0,361.0,447.0,369.0,405.0,341.0,329.0,4297.0,3105.0,1344.0,1815.0,2506.0,3034.0,3020.0,3264.0,3282.0,3519.0,4053.0,3031.5,1255.5,1657.0,2219.5,2512.0,2629.5,2806.5,3043.0,3113.5,3258.0,2603.5,856.0,1090.5,1490.5,1683.5,1732.5,1877.5,2081.0,2097.0,339.0,264.0,237.0,351.0,444.0,557.0,419.0,470.0,408.0,468.0,170.0,158.0,76.0,89.0,153.0,264.0,158.0,160.0,125.0,191.0,642.0,736.0,660.0,655.0,621.0,629.0,636.0,715.0,688.0,714.0,178.0,146.0,111.0,172.0,273.0,368.0,271.0,331.0,244.0,253.0,509.0,365.0,227.0,315.0,458.0,669.0,730.0,857.0,845.0,907.0,3340.0,2584.0,1071.0,1394.0,1773.0,1948.0,2077.0,2244.0,2536.0,2538.0,1668.0,976.0,520.0,673.0,1058.0,1222.0,1255.0,1505.0,1690.0,1715.0,2508.0,1726.0,796.5,1035.5,1433.0,1617.5,1703.5,1910.0,2134.5,2157.5,4213.5,3376.0,1499.0,1813.0,2258.5,2435.0,2611.5,2760.5,3084.5,3040.0,3702.0,3018.0,1303.0,1589.0,1982.0,2132.0,2282.0,2394.5,2695.5,2649.5,"{""type"":""MultiPoint"",""coordinates"":[]}"
188_0,3,1265.5,1044.5,489.0,592.0,734.5,791.0,817.5,841.5,901.5,897.5,1765.5,1522.5,677.5,871.0,1041.0,1143.5,1194.5,1267.0,1323.0,1333.0,287.0,273.5,384.5,682.0,733.0,865.0,557.0,605.0,559.0,389.0,447.5,380.0,465.0,729.5,758.5,945.0,698.5,810.5,739.5,629.0,514.0,386.0,472.0,756.0,723.0,952.0,823.0,859.0,829.0,789.0,1176.0,814.0,612.0,997.0,753.0,1351.0,1689.0,1833.0,1790.0,1637.0,1746.0,1016.0,554.0,1111.0,589.0,1607.0,3369.0,3518.0,3838.0,3624.0,1820.0,980.0,541.0,1158.0,595.0,1741.0,4300.0,4587.0,5156.0,4875.0,1687.0,904.0,477.0,1050.0,521.0,1607.0,4405.0,5079.0,5360.0,5193.0,1647.0,827.0,354.5,905.0,435.0,1470.0,4319.0,5088.5,5220.0,5379.5,1641.0,834.5,259.0,787.0,320.0,1324.0,4207.0,5164.5,5440.5,5154.5,1481.0,1230.0,610.0,740.0,893.0,956.0,972.0,1035.0,1124.0,1105.0,1685.0,874.0,246.0,688.0,311.0,1245.0,4073.0,5131.0,5381.0,5207.0,1692.0,874.0,242.0,690.0,289.0,1223.0,4039.0,4850.0,5262.0,5223.0,1752.0,903.0,308.0,755.0,367.0,1308.0,4034.0,4700.0,5015.0,5165.0,1908.0,1001.0,469.0,994.0,550.0,1705.0,3791.0,4579.0,4816.0,4655.0,1908.0,1034.0,515.0,1060.0,708.0,1765.0,3483.0,3928.0,4422.0,4244.0,2094.0,1192.0,553.0,1162.5,914.0,1954.5,3288.0,3732.0,4111.5,4083.5,2437.0,1493.0,1319.0,1519.0,1363.0,2277.0,3308.0,3653.0,4077.0,4112.0,4035.0,2756.0,1448.5,1958.5,2668.5,3243.5,3479.5,3832.0,4260.0,4306.5,4018.5,2850.5,1436.0,1974.0,2795.5,3213.0,3457.0,3744.5,4250.5,4209.0,2275.0,1792.0,757.0,973.0,1296.0,1534.0,1476.0,1588.0,1745.0,1765.0,1575.0,1309.0,702.0,830.0,970.0,1043.0,1070.0,1136.0,1196.0,1132.0,2321.0,1862.0,757.0,973.0,1296.0,1513.0,1492.0,1653.0,1745.0,1765.0,2157.0,1781.5,738.0,920.0,1184.5,1341.0,1335.0,1443.5,1558.5,1556.0,1970.5,1689.0,487.0,674.5,911.5,1069.0,1098.0,1151.0,1285.5,1302.5,2363.0,2099.0,669.0,867.0,1187.0,1353.0,1373.0,1448.0,1588.0,1653.0,1739.0,1472.0,445.0,601.0,824.0,927.0,985.0,1069.0,1169.0,1203.0,0.0,0.0,0.0,0.0,0.0,0.0,0.0,0.0,0.0,0.0,2323.0,2064.0,859.0,1108.0,1331.0,1448.0,1503.0,1558.0,1674.0,1671.0,2274.0,1961.0,887.0,1103.0,1185.0,1396.0,1619.0,1702.0,1745.0,1745.0,1806.0,1528.0,601.0,792.0,912.0,1062.0,1119.0,1188.0,1343.0,1282.0,1806.0,1578.0,685.0,792.0,939.0,1062.0,1119.0,1188.0,1343.0,1282.0,1397.0,1234.5,509.0,603.0,729.0,808.0,865.5,933.5,1005.0,995.5,1663.0,1431.0,610.0,753.0,903.0,970.0,1005.0,1071.0,1172.0,1167.0,1667.5,1418.5,635.5,796.5,944.0,1035.0,1078.5,1141.0,1222.5,1228.0,"{""type"":""MultiPoint"",""coordinates"":[]}"
189_0,3,1484.5,1274.5,320.5,427.5,609.0,691.5,715.0,805.0,898.0,949.5,1992.5,1732.5,720.0,956.0,1198.5,1293.0,1340.0,1385.5,1487.0,1487.0,2095.0,1842.5,692.0,906.0,1161.5,1260.5,1302.5,1367.0,1471.5,1477.5,1079.0,951.0,651.0,819.0,960.0,1030.5,959.5,1025.0,1047.0,1013.0,113.5,93.5,663.0,802.5,852.0,927.5,729.5,785.0,792.0,678.0,369.5,316.0,804.0,926.5,999.5,1172.5,1119.5,1152.5,1184.0,1127.5,454.5,353.5,434.5,627.0,508.0,841.0,1065.5,1139.0,1016.0,991.5,974.0,629.0,305.0,579.5,334.5,847.5,2104.5,2356.0,2248.5,2171.0,1358.0,651.5,141.0,424.0,196.0,834.0,3164.5,4233.0,4274.0,4393.0,1785.5,936.0,209.0,529.0,374.5,1034.5,3025.0,3871.5,4077.0,4362.5,1796.5,895.5,195.0,453.0,319.5,879.5,2836.0,3821.0,3984.0,4237.5,1699.5,1462.0,414.5,567.5,776.0,849.0,900.0,973.5,1111.0,1083.0,1780.0,889.0,204.5,421.0,293.5,804.0,2734.5,3675.0,3825.0,4072.0,1741.0,829.0,202.5,451.5,249.0,853.5,2984.0,4058.5,4320.0,4460.0,1760.0,848.5,340.5,766.5,428.5,1329.5,3410.0,4241.0,4366.0,4543.0,1974.0,1051.5,561.0,1064.0,768.0,1832.0,3605.5,4252.0,4453.0,4602.0,2089.0,1148.0,597.0,1154.5,979.0,1986.5,3469.0,4057.0,4364.5,4441.5,2315.0,1339.0,606.0,1150.0,1152.0,2070.0,3297.0,3771.0,4015.0,4219.0,3108.5,1904.0,926.5,1357.0,1589.5,2298.5,3013.5,3419.5,3693.5,3866.5,3634.0,2424.5,923.0,1307.0,1855.5,2319.5,2700.5,3038.5,3416.5,3491.5,3510.5,2442.5,888.5,1315.0,1888.0,2300.0,2660.0,2990.5,3329.5,3440.5,2727.5,2066.0,865.5,1173.0,1700.0,2042.0,2160.0,2344.5,2400.5,2591.0,1567.0,1314.5,341.5,446.5,667.0,749.5,781.0,854.0,967.0,994.5,2730.5,2070.5,885.0,1215.5,1677.0,1966.5,2094.5,2209.0,2324.5,2506.0,2663.0,2036.0,989.5,1260.0,1663.5,1934.0,2032.5,2164.5,2292.0,2406.0,2388.0,1909.0,709.0,910.5,1212.0,1418.0,1495.5,1596.0,1708.5,1756.5,2642.0,2091.5,814.0,1066.5,1384.5,1617.0,1685.0,1785.0,1921.5,1949.5,2137.5,1586.0,1676.5,1704.5,1839.5,1973.5,2033.5,2082.0,2155.5,2207.5,0.0,0.0,0.0,0.0,0.0,0.0,0.0,0.0,0.0,0.0,1534.5,1210.0,332.5,453.5,645.0,748.0,795.5,885.0,1001.5,1039.0,1624.5,1330.0,426.0,543.0,690.0,799.0,898.0,996.0,1076.5,1098.0,1968.5,1594.0,555.0,734.5,867.5,1047.5,1222.5,1293.0,1404.5,1466.5,1952.5,1589.0,498.0,664.0,831.0,1017.5,1205.0,1271.0,1446.0,1472.5,1678.5,1338.0,391.0,526.5,674.0,854.5,1109.5,1221.0,1314.0,1329.5,1711.5,1523.0,477.5,622.0,804.0,897.5,975.0,1056.5,1158.0,1156.0,1749.5,1584.0,488.5,668.5,853.0,935.5,1001.0,1088.0,1182.5,1177.0,"{""type"":""MultiPoint"",""coordinates"":[]}"
190_0,3,1784.0,1488.5,596.5,745.5,976.0,1090.5,1142.5,1186.5,1282.5,1317.5,2444.5,2090.0,1001.0,1299.0,1589.0,1698.0,1737.5,1797.0,1909.0,1874.0,2372.5,1994.0,878.0,1149.0,1430.5,1545.0,1561.0,1630.0,1735.5,1770.0,452.5,403.5,553.5,821.5,768.0,1037.0,884.0,950.0,878.0,826.0,438.5,391.5,668.0,978.5,964.0,1235.0,1119.0,1118.0,986.5,1005.0,339.0,271.0,522.0,823.0,796.0,1081.0,979.5,993.0,949.5,898.5,665.5,413.0,466.5,691.0,605.0,966.0,1393.0,1465.5,1397.0,1372.0,1254.5,676.5,494.0,877.5,522.0,1248.5,2040.5,2232.5,2269.0,2159.5,1370.5,746.5,373.0,766.5,452.5,1239.5,3106.0,3583.5,3540.0,3530.5,1400.0,762.5,250.0,599.5,364.0,1100.0,2873.5,3452.0,3583.5,3637.0,1596.5,805.5,245.0,590.5,308.5,1085.5,3219.0,4165.5,4418.0,4580.0,2091.5,1749.0,655.0,885.0,1113.0,1285.5,1280.0,1398.0,1437.5,1509.0,1797.0,889.0,264.0,679.5,328.5,1195.5,3590.5,4563.0,4719.5,4878.0,1805.0,886.0,264.5,778.0,371.5,1447.5,3788.0,4632.0,4849.0,5077.5,1909.0,917.5,353.5,836.0,485.0,1496.0,3667.0,4430.5,4552.0,4929.0,2055.0,1074.5,543.5,1058.5,785.0,1920.5,3607.0,4206.5,4486.0,4706.0,2314.5,1312.5,637.5,1156.0,1057.5,2084.5,3358.0,3825.5,4306.0,4364.5,2786.0,1678.0,768.0,1278.0,1541.0,2394.0,3366.0,3732.0,4155.0,4332.0,4526.0,3079.0,1195.0,1690.5,2429.0,3038.0,3409.5,3759.0,4287.0,4380.0,4526.0,3144.0,1223.5,1678.0,2581.5,3076.5,3371.0,3721.0,4239.5,4354.5,3902.0,2837.5,1063.5,1524.0,2200.5,2602.5,2802.5,2990.0,3334.0,3465.0,2550.0,1971.0,788.0,1080.5,1515.5,1837.0,1859.0,2020.0,2012.0,2152.5,1953.0,1625.5,551.0,770.0,1063.5,1167.5,1210.5,1267.0,1392.0,1387.5,2575.0,2010.0,850.0,1144.0,1562.0,1832.5,1913.5,2044.5,2068.5,2229.0,2491.5,1949.5,986.0,1224.0,1584.0,1809.5,1889.5,1994.0,2063.0,2195.5,2167.0,1693.5,699.0,883.5,1182.0,1357.0,1361.5,1492.0,1628.0,1665.5,1884.5,1560.5,574.0,710.0,969.0,1100.5,1174.0,1255.5,1314.0,1360.0,851.0,619.5,304.5,395.0,544.0,604.0,636.5,665.0,738.0,744.5,0.0,0.0,0.0,0.0,0.0,0.0,0.0,0.0,0.0,0.0,1633.0,1232.0,471.0,640.5,851.5,953.5,965.5,1056.5,1134.5,1167.5,2273.5,2063.0,697.5,849.0,1065.0,1222.5,1376.5,1549.0,1301.5,1739.0,2274.0,1928.0,796.0,1013.5,1251.5,1379.0,1401.5,1463.0,1580.0,1567.5,2269.0,1910.5,814.5,974.5,1237.5,1328.0,1339.0,1410.0,1555.5,1533.5,2083.0,1717.0,659.0,810.0,1056.0,1116.0,1119.5,1174.5,1286.5,1303.0,1972.5,1677.5,643.0,820.5,1068.0,1153.5,1201.0,1266.0,1365.0,1367.5,2247.0,1962.5,767.0,990.0,1218.5,1336.5,1387.0,1473.5,1570.5,1575.0,"{""type"":""MultiPoint"",""coordinates"":[]}"
191_0,3,1836.0,1543.5,560.0,694.5,931.0,1045.5,1111.5,1160.0,1264.0,1299.5,2446.0,2099.5,939.5,1241.0,1528.0,1655.5,1694.0,1778.0,1885.5,1884.5,2282.0,1934.0,763.5,1038.5,1312.0,1458.0,1482.5,1568.0,1647.0,1664.0,198.5,174.0,499.5,744.0,805.0,943.5,705.0,791.5,775.5,684.0,394.5,350.5,886.5,1104.0,1134.5,1407.5,1224.5,1260.5,1246.5,1061.5,280.0,219.0,477.5,817.0,767.0,1116.5,1015.0,1064.5,1018.0,887.5,639.5,492.0,339.5,693.0,466.0,1028.0,1353.0,1495.0,1457.0,1347.5,1345.0,744.0,316.0,694.5,376.0,1044.0,2680.0,3061.5,3133.0,2890.5,1622.0,808.0,251.0,633.0,301.5,1074.5,3211.0,3981.0,3987.5,3981.0,1665.5,849.0,208.0,595.5,352.0,1070.0,3069.5,3890.5,3892.0,4081.0,1645.5,843.0,194.5,439.5,306.5,789.5,2775.0,3852.0,3924.0,4098.0,2135.5,1799.0,606.0,815.0,1092.5,1219.5,1266.0,1327.5,1399.0,1462.5,1709.0,852.5,209.5,481.5,296.0,837.5,2945.5,3999.5,4043.0,4278.5,1668.5,830.5,279.0,797.0,417.5,1436.0,3527.5,4315.0,4338.0,4540.5,1718.0,890.5,418.5,889.0,639.0,1580.0,3484.5,4138.5,4133.0,4360.5,1984.5,1097.0,630.5,1113.5,1028.0,2029.5,3307.0,3768.5,3917.5,4105.0,2250.5,1331.0,700.5,1206.5,1266.0,2169.5,3106.5,3504.0,3790.5,3953.0,2584.0,1585.0,746.0,1248.0,1494.0,2302.0,3112.0,3414.0,3656.0,3872.0,4137.0,2756.5,1184.5,1672.5,2378.0,2923.5,3155.5,3498.0,3831.0,4065.0,3972.5,2756.5,1061.5,1522.5,2342.0,2803.0,3026.5,3282.5,3724.0,3818.0,3255.5,2491.5,919.5,1359.0,1918.5,2260.5,2418.0,2613.0,2880.5,2950.0,2464.5,1912.0,821.0,1102.5,1559.5,1849.0,1915.5,1992.0,2055.5,2174.5,1996.5,1663.5,502.0,718.5,987.0,1126.5,1177.5,1245.0,1345.0,1360.0,2526.5,1959.5,858.0,1141.0,1578.0,1834.5,1920.5,2012.5,2127.5,2209.5,2291.0,1801.0,930.0,1152.5,1492.5,1699.5,1750.0,1859.0,1962.0,2024.5,2168.0,1760.5,694.5,862.0,1151.5,1316.0,1369.0,1448.0,1562.5,1576.5,2147.5,1693.0,604.0,840.5,1129.0,1286.0,1325.0,1411.0,1491.5,1548.0,951.0,692.5,344.0,448.5,625.0,696.0,750.5,780.0,838.0,838.0,0.0,0.0,0.0,0.0,0.0,0.0,0.0,0.0,0.0,0.0,1444.0,1047.5,402.5,539.5,751.5,854.0,886.5,960.0,1066.5,1082.5,1773.5,1421.0,590.0,724.5,883.5,1025.0,1056.0,1109.5,1195.5,1201.5,2320.0,1940.0,775.5,1003.5,1257.0,1394.0,1436.0,1505.0,1606.5,1648.5,2277.5,1911.0,780.0,958.0,1216.5,1335.5,1342.5,1425.0,1575.0,1555.5,2108.0,1768.5,761.5,876.0,1078.5,1185.5,1191.0,1266.5,1388.5,1367.0,2183.5,1877.0,705.5,901.0,1147.0,1274.0,1342.5,1396.5,1490.0,1522.0,2231.5,1925.0,768.5,1001.0,1246.0,1372.5,1425.0,1509.0,1595.5,1632.0,"{""type"":""MultiPoint"",""coordinates"":[]}"
192_0,3,1992.0,1700.5,624.5,769.0,1028.5,1166.5,1177.0,1260.5,1363.0,1378.0,2569.5,2201.5,983.0,1299.0,1619.5,1741.0,1773.0,1854.5,1978.5,1949.5,2592.0,2202.5,964.0,1256.0,1592.0,1729.5,1697.5,1798.0,1915.5,1895.5,2566.5,2219.5,1031.5,1346.0,1672.5,1845.0,1827.5,1896.5,2008.0,1985.5,823.0,817.5,897.0,1108.0,1170.0,1372.5,1304.0,1341.0,1252.0,1271.0,305.5,262.0,565.0,765.5,834.0,1100.0,1000.5,1069.5,1071.0,1000.0,887.5,583.0,565.0,771.5,759.5,1136.5,1771.5,1895.5,1802.5,1861.0,1450.5,799.5,428.5,738.5,467.0,1100.0,2422.5,2669.0,2668.5,2626.5,1449.5,762.5,254.0,575.0,279.0,1006.0,3007.5,3689.0,3727.5,3752.0,1652.5,887.5,264.5,589.5,411.0,1132.5,2877.5,3584.0,3684.0,3891.5,1676.0,894.5,267.0,615.5,436.5,1167.0,2876.0,3604.0,3724.0,3932.5,2271.0,1978.0,681.0,867.0,1150.0,1308.0,1308.0,1417.0,1471.0,1515.0,1607.5,831.0,222.0,556.5,358.0,1070.5,2890.0,3583.5,3700.0,3933.5,1440.5,713.0,206.5,528.5,292.5,970.0,2884.5,3601.0,3703.5,3918.0,1476.0,713.0,234.5,613.5,273.5,1091.5,3142.5,3782.5,3862.0,4079.5,1819.0,908.0,480.0,1026.0,533.5,1714.0,3605.5,4151.0,4320.5,4424.0,1857.5,988.0,480.5,1097.0,645.0,1804.0,3436.0,3876.0,4158.5,4178.0,1994.0,1118.0,574.0,1248.0,1075.0,2238.0,3339.0,3665.0,3946.0,4071.0,2372.0,1348.0,902.5,1611.0,1608.0,2671.5,3411.0,3712.5,4039.0,4159.5,2767.0,1643.5,902.5,1477.5,1840.0,2605.0,3080.0,3408.0,3788.0,3881.5,3809.5,2610.5,1087.0,1562.0,2067.5,2604.5,2894.5,3164.0,3587.5,3659.0,2988.5,2138.5,902.0,1263.5,1838.0,2214.0,2314.5,2538.5,2689.0,2850.0,2127.0,1835.5,566.0,789.5,1068.5,1157.5,1252.5,1297.0,1426.5,1425.5,2425.0,1866.0,791.0,1090.5,1515.0,1722.0,1785.5,1896.0,2117.5,2080.0,2582.5,2006.5,951.5,1203.5,1587.0,1790.5,1844.0,1951.0,2132.0,2139.5,2309.5,1860.0,708.0,917.5,1229.5,1391.5,1455.5,1561.5,1699.0,1705.0,2409.5,1884.0,797.0,993.0,1298.0,1472.5,1535.5,1657.5,1749.5,1868.5,2060.0,1529.0,577.5,726.0,1020.0,1140.5,1185.5,1297.0,1480.5,1452.0,0.0,0.0,0.0,0.0,0.0,0.0,0.0,0.0,0.0,0.0,1945.0,1758.0,544.0,741.5,973.5,1088.5,1122.5,1181.0,1271.5,1275.0,1989.0,1794.5,628.5,734.5,931.5,1023.0,1040.0,1115.0,1200.0,1203.0,2338.5,2090.5,707.5,909.0,1123.5,1254.0,1293.0,1361.0,1468.0,1462.5,2450.5,2176.5,746.0,932.5,1200.5,1304.0,1285.5,1390.5,1484.5,1509.0,2226.5,1936.0,690.5,840.5,1074.0,1181.0,1180.5,1282.0,1352.0,1403.0,2097.0,1822.5,647.0,827.5,1068.5,1154.0,1188.0,1272.5,1374.0,1380.0,2358.0,2068.0,837.5,1108.5,1409.0,1512.0,1558.5,1628.0,1764.0,1744.0,"{""type"":""MultiPoint"",""coordinates"":[]}"
193_0,3,2886.5,2608.0,1893.5,1915.5,2042.5,2205.5,2330.0,2437.0,2517.5,2542.5,2561.0,2319.0,848.0,1110.0,1504.0,1628.0,1640.0,1766.0,1876.0,1895.0,2200.0,1997.0,569.0,824.0,1161.0,1282.0,1315.0,1386.0,1504.0,1557.0,575.0,530.5,419.0,536.5,590.5,720.0,572.0,666.5,627.0,603.0,305.0,266.5,444.5,607.5,577.5,723.5,562.5,600.0,559.5,452.0,505.0,411.0,376.5,577.5,605.5,810.5,896.0,929.0,901.5,889.5,604.0,447.0,244.0,406.0,381.0,627.0,825.0,932.0,958.0,908.0,697.0,510.0,253.0,499.0,418.0,696.0,862.0,952.0,958.0,909.0,1022.0,608.0,147.0,307.0,187.0,547.0,1450.0,1750.0,1643.0,1729.0,1144.5,597.0,83.5,232.0,78.5,421.5,1966.0,2999.0,2909.0,3015.0,1268.0,633.5,71.0,256.5,63.5,458.0,2335.0,3645.0,3587.5,3653.0,1987.0,1706.5,1179.0,1181.5,1282.5,1402.0,1447.0,1531.5,1615.5,1635.5,1354.0,669.0,71.5,276.0,60.0,521.5,2720.5,4052.5,4094.0,4216.0,1484.0,726.0,219.0,658.0,263.0,1114.5,3390.5,4481.0,4630.0,4695.0,1576.0,817.0,518.0,960.0,666.0,1485.0,3450.0,4282.0,4295.0,4527.0,1717.0,982.0,772.0,1203.0,1103.0,1915.0,3204.0,3701.0,3860.0,3926.0,1823.0,1054.0,673.0,1181.0,1132.0,1976.0,2925.0,3260.0,3601.0,3573.0,2248.0,1386.0,747.0,1218.0,1365.0,2213.0,2933.0,3245.0,3457.0,3573.0,4611.5,3366.5,1277.0,1742.5,2498.0,2922.0,3209.0,3472.0,3815.0,3960.5,4505.0,3356.5,1191.5,1655.0,2393.5,2766.0,3011.0,3280.0,3601.5,3692.5,4181.0,3097.0,1137.0,1528.0,2183.0,2539.0,2796.0,2990.0,3384.0,3434.0,3454.5,2615.0,882.5,1205.5,1696.5,2024.0,2170.0,2400.0,2556.5,2682.0,2121.0,1831.0,572.0,748.0,971.0,1131.0,1244.0,1315.0,1468.0,1488.0,3454.0,2809.0,777.5,1074.5,1410.5,1681.0,1860.5,2024.0,2151.5,2282.0,1906.0,1786.0,683.0,746.0,887.5,976.5,1031.5,1142.0,1227.0,1268.5,2579.5,2611.0,633.5,716.5,926.5,1069.5,1174.0,1277.5,1379.5,1434.0,2535.0,2541.0,655.0,746.5,944.0,1097.5,1193.5,1257.5,1396.0,1441.5,2018.0,1704.5,388.5,526.0,758.5,929.0,1002.0,1120.0,1261.0,1301.0,0.0,0.0,0.0,0.0,0.0,0.0,0.0,0.0,0.0,0.0,1565.0,1203.0,256.0,446.0,631.0,840.0,922.0,1028.0,1110.0,1169.0,2748.0,2427.0,1759.5,1819.0,1868.5,2170.5,2470.0,2620.5,2703.0,2709.5,2209.0,1825.0,547.0,749.0,947.0,1202.0,1438.0,1520.0,1649.0,1697.0,2212.5,1794.0,690.0,873.5,1034.0,1294.0,1589.5,1726.5,1822.0,1849.0,2223.0,1854.0,760.0,948.0,1064.0,1363.0,1732.0,1868.0,1961.0,2005.0,2134.5,1896.5,589.0,786.0,1064.0,1200.5,1252.0,1337.5,1455.0,1445.0,2150.5,1984.5,672.0,888.5,1164.5,1279.0,1321.5,1383.0,1578.0,1518.5,"{""type"":""MultiPoint"",""coordinates"":[]}"
194_0,3,170.0,156.5,186.5,260.0,371.5,420.5,281.0,318.5,355.5,250.0,2168.5,1878.0,643.5,845.5,1063.0,1187.0,1253.0,1351.0,1453.5,1456.0,2334.0,2087.5,716.0,936.5,1181.5,1301.5,1359.5,1451.0,1555.0,1589.5,2518.0,2266.5,850.0,1110.0,1365.0,1484.5,1520.0,1633.0,1721.5,1752.5,2651.0,2431.0,992.0,1237.0,1502.0,1629.0,1656.0,1749.0,1887.0,1855.0,450.0,457.0,553.0,723.0,767.0,870.0,731.0,777.0,700.0,737.0,383.0,312.0,680.0,923.0,928.0,1143.0,972.0,1013.0,1031.0,876.0,593.0,436.0,745.0,1005.0,951.0,1322.0,1286.0,1387.0,1352.0,1159.0,824.0,639.0,531.0,837.0,665.0,1179.0,1556.0,1696.0,1576.0,1477.0,1572.5,866.5,343.0,680.5,418.5,1051.5,2781.0,3383.0,3302.5,3474.0,1328.5,729.0,214.0,467.0,272.5,783.0,2315.5,3052.5,3004.5,2957.0,247.0,206.0,322.0,423.0,510.0,551.0,457.0,492.0,559.0,417.0,1489.0,768.0,235.0,465.0,273.0,745.0,2589.0,3644.0,3773.0,3889.0,1482.0,748.0,177.0,395.0,247.0,704.0,2543.0,3570.0,3616.0,3756.0,1527.0,773.0,177.0,407.0,235.0,734.0,2798.0,4022.0,4093.0,4313.0,1588.0,808.0,414.0,812.0,527.0,1350.0,3193.0,3895.0,4027.0,4145.0,1585.0,854.0,436.0,892.0,677.0,1564.0,2949.0,3593.0,3813.0,3801.0,1758.5,1008.0,477.0,906.0,915.0,1691.0,2771.5,3167.5,3406.0,3571.5,2110.5,1249.0,843.0,1286.5,1412.5,1966.0,2747.5,3087.5,3320.0,3476.5,3768.5,2624.5,1026.5,1449.5,1919.5,2545.5,2929.5,3246.5,3510.5,3666.5,4210.0,2789.5,1319.0,1857.0,2669.5,3317.5,3547.0,3843.0,4217.5,4326.5,3332.0,2386.0,1228.0,1686.0,2370.0,2535.0,2800.0,2815.0,3306.0,3451.0,241.0,175.0,333.0,374.0,480.0,547.0,422.0,492.0,559.0,417.0,3289.0,2400.0,1012.0,1376.0,1900.0,2210.0,2358.0,2509.0,2720.0,2736.0,3089.5,2306.5,1048.0,1355.0,1825.0,2033.0,2154.5,2301.5,2563.0,2514.5,2630.0,2053.0,720.0,952.5,1273.5,1445.0,1493.5,1636.0,1813.0,1823.0,322.0,267.0,334.0,472.0,598.0,700.0,537.0,645.0,635.0,518.0,174.0,138.0,164.0,207.0,295.0,355.0,265.0,278.0,292.0,249.0,464.0,517.0,649.0,555.0,523.0,540.0,488.0,563.0,639.0,572.0,175.0,178.0,166.0,281.0,394.0,475.0,350.0,384.0,434.0,342.0,905.0,565.0,350.0,461.0,641.0,786.0,838.0,900.0,1045.0,1074.0,3008.0,2359.0,947.0,1225.0,1579.0,1743.0,1841.0,1963.0,2214.0,2184.0,2314.0,1594.0,593.0,781.0,1167.0,1350.0,1457.0,1519.0,1793.0,1831.0,2694.0,1992.0,747.5,978.5,1350.0,1545.0,1623.0,1718.0,1994.0,1977.0,3487.0,2846.5,1095.5,1364.0,1741.5,1919.0,2051.5,2206.0,2488.5,2426.0,3224.0,2678.5,1023.0,1250.5,1570.0,1743.0,1832.0,1947.0,2159.5,2197.0,"{""type"":""MultiPoint"",""coordinates"":[]}"
195_0,3,2204.0,1780.0,720.5,901.0,1202.0,1355.5,1412.5,1489.5,1630.5,1719.5,2509.0,2051.5,859.5,1102.0,1397.5,1520.5,1570.5,1694.0,1787.0,1813.0,2828.0,2390.5,1037.5,1376.5,1736.5,1870.5,1883.0,1997.0,2100.5,2117.0,3100.5,2605.0,1196.0,1558.5,1943.5,2086.5,2119.0,2212.0,2319.0,2351.5,987.0,767.0,915.0,1203.0,1269.0,1473.0,1215.0,1322.0,1439.0,1391.0,466.0,397.0,915.0,1203.0,1269.0,1473.0,1215.0,1250.0,1273.0,1055.0,513.0,411.0,551.0,901.0,842.0,1165.0,1082.0,1250.0,1241.0,1055.0,995.0,705.0,545.0,882.0,717.0,1154.0,1670.0,1836.0,1757.0,1628.0,1486.0,825.0,320.0,655.0,351.0,1026.0,2477.0,2872.0,2854.0,2837.0,1643.5,862.5,251.0,593.0,299.0,969.5,2813.5,3596.5,3512.0,3620.0,1549.5,768.0,96.5,328.0,115.0,628.5,2779.5,4011.0,3963.5,4094.0,2409.0,1965.0,796.0,994.0,1277.0,1459.0,1501.0,1613.0,1703.0,1773.0,1585.0,788.0,138.0,356.0,146.0,631.0,3024.0,4401.0,4405.0,4441.0,1650.0,795.0,79.0,474.0,154.0,893.0,3580.0,4850.0,4937.0,5070.0,1698.0,847.0,352.0,915.0,472.0,1602.0,4026.0,4904.0,5067.0,5299.0,1939.0,983.0,580.0,1188.0,908.0,2149.0,3932.0,4622.0,4692.0,4828.0,2062.0,1184.0,658.5,1288.0,1127.0,2289.5,3637.0,4076.5,4387.5,4465.0,2635.5,1602.5,804.0,1476.5,1641.0,2656.5,3586.5,3990.0,4174.5,4340.5,3134.5,2098.5,1105.5,1700.0,2114.5,3147.0,3802.5,3995.5,4429.0,4579.5,4234.0,2994.5,1266.5,1855.0,2399.5,3297.5,3725.0,3844.0,4099.0,4439.5,4085.0,2936.0,1290.0,1853.0,2712.0,3289.0,3413.0,3780.0,3985.0,4116.0,4330.5,2981.5,1439.0,2015.0,2934.0,3430.5,3629.5,3851.0,4039.0,4132.0,2419.5,2006.5,775.0,964.5,1272.5,1414.5,1464.0,1590.0,1742.0,1745.5,2327.5,1832.0,713.5,986.5,1358.5,1537.0,1575.5,1700.5,1845.0,1834.5,2540.0,2009.0,868.5,1119.0,1483.5,1680.5,1724.0,1837.5,1971.5,1981.0,2280.0,1869.5,678.0,891.0,1193.5,1352.0,1376.0,1488.5,1640.0,1617.5,2383.0,1935.0,734.5,928.0,1226.0,1343.0,1410.0,1541.5,1647.0,1651.0,2009.0,1222.0,571.0,706.0,980.0,1095.0,1102.0,1238.0,1360.0,1356.0,0.0,0.0,0.0,0.0,0.0,0.0,0.0,0.0,0.0,0.0,2097.0,1688.0,670.0,850.0,1109.0,1173.0,1247.0,1377.0,1462.0,1434.0,2218.0,1836.0,755.0,883.0,1102.0,1187.0,1236.0,1354.0,1436.0,1460.0,2587.0,2157.0,861.0,1080.0,1329.0,1458.0,1511.0,1603.0,1738.0,1765.0,2467.0,1955.0,1035.0,1231.0,1253.0,1340.0,1473.0,1546.0,1971.0,1570.0,2249.5,1806.0,762.5,893.0,1125.0,1236.0,1252.5,1349.0,1452.0,1475.0,2634.0,2225.0,939.0,1126.0,1359.0,1495.0,1585.0,1716.0,1832.0,1875.0,2334.0,1897.5,752.0,982.0,1263.5,1382.0,1464.5,1582.0,1721.0,1717.5,"{""type"":""MultiPoint"",""coordinates"":[]}"
196_0,3,121.5,115.0,224.0,322.0,387.0,446.5,304.5,337.0,291.0,253.5,2054.5,1756.0,712.5,901.0,1108.5,1222.0,1272.0,1348.5,1440.5,1462.0,2258.0,1990.0,787.5,1003.0,1228.5,1360.0,1391.0,1485.5,1562.0,1590.5,2427.0,2160.5,892.0,1152.0,1381.5,1522.5,1559.0,1623.0,1696.0,1751.5,2592.0,2325.0,1029.0,1266.0,1492.0,1648.0,1693.0,1798.0,1845.0,1853.0,1322.0,1230.0,1028.0,1254.0,1465.0,1599.0,1584.0,1649.0,1699.0,1683.0,276.0,254.0,687.0,1003.0,988.0,1283.0,919.0,973.0,903.0,752.0,527.0,413.0,834.0,1149.0,1136.0,1539.0,1473.0,1517.0,1538.0,1394.0,829.0,636.0,636.0,994.0,816.0,1449.0,1861.0,1963.0,1935.0,1872.0,1778.5,977.5,409.0,739.5,533.0,1191.0,2741.0,3192.0,3278.5,3371.0,1331.5,698.5,222.5,480.5,311.0,903.5,2524.0,3238.0,3222.5,3148.5,159.0,129.0,434.0,642.0,697.0,801.0,587.0,634.0,621.0,491.0,1538.0,752.0,201.0,438.0,259.0,798.0,2646.0,3624.0,3622.0,3742.0,1401.0,723.0,128.0,387.0,220.0,759.0,2645.0,3547.0,3624.0,3652.0,1462.0,730.0,146.0,418.0,223.0,804.0,2807.0,3911.0,3775.0,3972.0,1547.0,800.0,373.0,766.0,464.0,1306.0,2981.0,3611.0,3696.0,3830.0,1548.0,811.0,381.0,832.0,630.0,1483.0,2798.0,3253.0,3508.0,3494.0,1790.0,1046.0,464.0,901.0,935.5,1728.0,2579.0,2909.0,3107.0,3233.5,2187.5,1319.0,854.0,1300.5,1557.5,2056.5,2563.5,2847.0,3148.5,3218.0,3843.0,2642.0,1091.0,1552.5,2076.5,2627.0,2972.0,3246.0,3637.0,3698.0,4332.0,2863.0,1399.0,1955.0,2873.5,3369.5,3595.5,3894.5,4350.0,4365.0,3086.0,2313.0,1012.0,1297.0,1730.0,2166.0,2263.0,2501.0,2286.0,2779.0,159.0,129.0,472.0,600.0,697.0,758.0,546.0,581.0,574.0,428.0,3192.0,2430.0,1012.0,1297.0,1730.0,2166.0,2263.0,2501.0,2286.0,2727.0,3058.5,2307.0,986.5,1257.0,1586.0,1863.5,1909.5,2027.0,2080.5,2307.0,2615.0,2065.5,763.5,922.5,1196.5,1383.0,1488.5,1536.5,1651.0,1721.5,327.0,261.0,344.0,469.0,565.0,657.0,491.0,556.0,508.0,506.0,135.0,105.0,134.0,205.0,275.0,319.0,201.0,242.0,218.0,175.0,436.0,565.0,598.0,557.0,510.0,518.0,504.0,628.0,552.0,622.0,103.0,91.0,287.0,450.0,572.0,655.0,419.0,449.0,442.0,308.0,845.0,543.0,570.0,731.0,877.0,1050.0,1074.0,1177.0,1248.0,1249.0,2623.0,1980.0,963.0,1235.0,1503.0,1699.0,1783.0,1832.0,1988.0,2029.0,1699.0,1093.0,585.0,757.0,1037.0,1192.0,1202.0,1355.0,1420.0,1465.0,2178.0,1560.5,759.5,984.0,1280.0,1457.5,1495.0,1599.5,1698.0,1759.5,3233.5,2637.0,1270.5,1557.5,1848.5,2032.0,2087.5,2239.5,2358.0,2418.0,3046.5,2481.0,1230.5,1491.5,1775.0,1911.0,1985.0,2070.0,2239.0,2250.5,"{""type"":""MultiPoint"",""coordinates"":[]}"
197_0,3,1698.0,1400.0,559.0,708.5,924.0,1026.5,1027.5,1132.5,1224.5,1199.5,2412.0,2055.5,1057.0,1350.0,1608.0,1670.0,1734.0,1796.0,1921.0,1866.5,2321.5,1943.0,950.5,1218.5,1486.5,1581.5,1583.5,1673.5,1750.0,1751.5,610.0,583.5,718.5,975.0,1070.5,1243.0,1058.5,1124.5,1077.0,982.5,429.0,403.0,801.5,987.5,993.5,1223.0,999.0,1031.5,1042.0,881.5,496.0,403.0,588.0,923.5,901.0,1223.0,1173.5,1234.5,1170.5,1075.5,819.0,554.0,488.5,807.5,640.0,1128.0,1509.5,1666.0,1536.0,1402.5,1247.5,734.5,357.0,710.5,415.5,1098.5,2352.5,2848.0,2846.0,2637.0,1464.5,774.5,269.0,653.0,379.5,1117.0,3093.5,3778.5,3915.0,3733.0,1578.5,859.0,260.5,616.5,447.0,1173.5,2774.5,3400.0,3532.0,3631.0,1641.0,898.5,229.5,532.0,402.0,1009.0,2652.5,3514.0,3796.5,3829.0,1981.0,1642.5,621.5,838.0,1085.0,1186.0,1221.0,1294.0,1356.5,1385.0,1817.0,949.5,258.5,588.0,403.0,1066.5,2957.0,3959.0,4125.5,4089.0,1810.0,946.5,309.0,866.0,477.0,1520.5,3345.5,4082.5,4338.5,4468.0,1884.0,983.5,433.0,934.0,649.0,1663.0,3358.0,3960.5,4109.0,4353.5,2046.5,1142.5,621.5,1126.5,1005.0,2004.5,3279.5,3658.0,3949.5,4088.5,2263.5,1332.0,660.5,1156.5,1179.0,2070.5,3033.5,3361.5,3809.0,3822.0,2571.0,1552.0,707.0,1198.0,1411.0,2184.0,2867.0,3232.0,3575.0,3657.0,4014.0,2721.0,1129.5,1593.0,2259.0,2725.0,3045.0,3306.0,3737.5,3763.5,4039.0,2805.0,1153.5,1600.0,2350.0,2988.5,3254.0,3607.0,3918.0,3761.0,4016.5,2841.5,1186.5,1664.5,2515.5,3031.5,3384.0,3694.0,3864.5,3668.5,2500.5,1966.5,867.5,1164.5,1620.0,1778.5,1810.0,1981.0,2029.0,2104.5,1858.0,1499.5,513.5,752.5,998.5,1123.0,1112.0,1214.5,1311.5,1343.0,2418.5,1871.0,871.5,1178.0,1610.5,1790.5,1762.5,1933.5,2000.5,2011.0,2342.5,1799.5,971.0,1224.5,1565.5,1756.5,1782.0,1827.5,1962.0,1979.5,2033.5,1643.5,707.0,916.5,1209.0,1304.0,1388.0,1447.5,1573.5,1598.5,1784.0,1516.5,572.0,718.5,935.5,1037.5,1111.0,1168.5,1258.0,1287.0,797.5,537.0,244.5,396.0,507.0,584.0,608.5,657.0,699.5,681.5,0.0,0.0,0.0,0.0,0.0,0.0,0.0,0.0,0.0,0.0,1397.5,1064.5,393.0,559.5,736.5,832.5,891.5,938.5,1026.0,1042.5,1697.5,1374.0,579.5,732.0,865.0,971.5,1020.0,1041.5,1139.5,1133.0,2015.5,1672.5,720.5,935.5,1140.5,1259.0,1303.0,1341.0,1447.5,1433.0,1926.0,1604.0,620.5,757.5,965.0,1061.0,1056.0,1113.5,1196.0,1232.0,1926.0,1604.0,620.5,757.5,965.0,1061.0,1056.0,1113.5,1196.0,1232.0,1886.5,1588.0,618.5,826.0,1039.5,1108.5,1131.5,1175.5,1319.5,1286.5,2134.0,1885.0,757.5,973.0,1198.5,1271.5,1370.0,1377.5,1531.5,1533.0,"{""type"":""MultiPoint"",""coordinates"":[]}"
198_0,3,1831.0,1528.0,587.0,705.0,919.0,1052.0,1066.5,1164.5,1240.0,1284.0,2395.5,2121.0,884.5,1145.5,1389.0,1490.0,1526.0,1603.0,1706.5,1713.5,2478.5,2225.0,912.0,1156.0,1409.0,1514.0,1551.0,1612.0,1713.5,1722.5,562.0,539.0,781.5,1037.5,1193.0,1316.5,1032.0,1095.5,995.0,945.0,381.0,360.0,795.0,992.0,1068.0,1244.0,985.0,1026.0,973.0,862.0,681.0,531.0,785.0,992.0,1055.0,1261.0,1237.0,1277.0,1325.0,1309.0,462.0,371.0,511.0,742.0,691.0,1074.0,1116.0,1234.0,1206.0,1060.0,563.0,444.0,484.0,739.0,653.0,1198.0,1409.0,1565.0,1486.0,1364.0,422.0,311.0,390.0,662.0,586.0,1048.0,1187.0,1382.0,1301.0,1094.0,521.5,341.5,303.5,515.0,398.0,894.5,1312.5,1523.5,1416.5,1241.0,887.5,531.5,270.5,451.0,353.0,863.0,1703.0,2023.5,2144.5,1942.5,2065.0,1752.0,702.0,867.5,1086.0,1191.0,1241.0,1302.5,1402.0,1419.5,1105.0,618.0,258.0,472.0,298.0,757.0,2160.0,2610.0,2631.0,2524.0,1248.0,647.0,258.0,515.0,283.0,859.0,2442.0,2962.0,3019.0,2939.0,1345.0,682.0,327.0,710.0,437.0,1153.0,2776.0,3322.0,3348.0,3343.0,1457.0,789.0,501.0,932.0,716.0,1552.0,2806.0,3199.0,3314.0,3382.0,1903.0,1094.0,550.0,971.0,885.0,1631.0,2601.0,2926.0,3217.0,3151.0,2133.0,1308.0,556.0,965.5,999.5,1668.5,2400.0,2668.0,2887.0,2975.5,3574.5,2484.5,1055.5,1411.5,1710.0,2138.5,2478.5,2695.0,2942.5,3030.5,3014.5,2300.0,926.0,1195.0,1533.0,1801.5,1914.0,2056.0,2247.0,2349.0,2538.5,2027.0,686.5,949.5,1295.0,1503.5,1570.5,1684.5,1785.0,1864.5,1938.0,1586.0,623.0,775.0,981.0,1082.0,1162.0,1226.0,1309.0,1298.0,1875.0,1569.0,499.0,696.0,932.0,1032.0,1070.0,1149.0,1282.0,1246.0,1894.0,1613.0,500.0,664.0,882.0,1013.0,1015.0,1073.0,1176.0,1212.0,1803.0,1549.5,562.0,706.0,888.5,1002.0,1006.0,1072.5,1152.5,1172.0,1894.0,1672.0,519.5,737.5,938.5,1053.0,1079.0,1152.0,1256.0,1239.0,2289.0,2063.0,807.0,973.0,1189.0,1324.0,1361.0,1453.0,1500.0,1570.0,1206.0,1061.0,286.0,370.0,504.0,566.0,592.0,639.0,702.0,724.0,657.0,517.0,603.0,510.0,516.0,499.0,524.0,571.0,634.0,577.0,1928.0,1672.0,575.0,762.0,977.0,1073.0,1098.0,1167.0,1252.0,1262.0,249.0,206.0,218.0,161.0,144.0,147.0,155.0,167.0,177.0,159.0,2265.0,2012.0,707.0,948.0,1166.0,1288.0,1296.0,1383.0,1478.0,1478.0,1715.0,1462.0,449.0,551.0,759.0,854.0,831.0,877.0,975.0,1010.0,1715.0,1462.0,449.0,551.0,759.0,854.0,831.0,877.0,975.0,1010.0,2033.0,1796.0,690.0,844.0,1035.0,1148.0,1172.0,1252.0,1336.0,1354.0,2145.5,1929.0,699.0,873.5,1090.5,1190.0,1243.0,1317.5,1401.5,1416.0,"{""type"":""MultiPoint"",""coordinates"":[]}"
199_0,3,1683.5,1369.0,599.0,727.5,919.0,1030.5,1065.5,1134.5,1206.0,1231.0,2133.0,1800.5,794.5,1006.5,1215.0,1322.5,1381.0,1438.5,1514.5,1542.0,2278.5,1940.0,859.0,1108.0,1358.5,1469.0,1492.0,1567.5,1632.0,1648.0,2598.0,2232.5,1176.5,1501.0,1777.0,1903.5,1893.0,1958.0,2012.5,2038.5,2210.0,1904.0,1136.0,1424.0,1523.0,1653.0,1546.0,1610.0,1668.0,1648.0,551.0,457.0,1136.0,1424.0,1448.0,1618.0,1336.0,1352.0,1339.0,1185.0,470.0,365.0,681.0,1019.0,1030.0,1325.0,1282.0,1352.0,1315.0,1200.0,483.0,352.0,598.0,927.0,871.0,1316.0,1232.0,1342.0,1301.0,1173.0,662.0,491.0,449.0,751.0,644.0,1048.0,1452.0,1598.0,1582.0,1463.0,1375.0,758.0,284.5,624.5,337.0,1007.0,2522.5,3149.5,3164.0,3007.0,1559.5,765.0,146.5,436.5,151.5,778.5,2957.0,4136.5,4127.5,4069.5,1857.0,1526.0,690.0,853.0,1052.0,1164.0,1180.0,1246.0,1301.0,1328.0,1478.0,715.0,179.0,450.0,163.0,789.0,3089.0,4289.0,4323.0,4275.0,1470.0,705.0,88.0,452.0,215.0,924.0,3326.0,4372.0,4531.0,4476.0,1564.0,776.0,216.0,615.0,381.0,1181.0,3497.0,4550.0,4685.0,4800.0,1637.0,814.0,430.0,949.0,647.0,1774.0,3425.0,4214.0,4358.0,4372.0,1649.0,956.0,451.0,969.0,850.0,1819.0,3090.0,3512.0,3948.0,3899.0,1992.0,1184.5,520.0,1039.5,1092.5,2036.5,2930.0,3293.5,3544.0,3577.0,2378.5,1444.5,851.0,1348.5,1565.0,2273.0,2906.5,3191.0,3484.0,3575.5,2665.0,1732.5,866.5,1353.0,1782.5,2522.0,2961.0,3193.5,3592.0,3676.5,3490.0,2447.5,1082.5,1534.0,2140.0,2659.0,2966.5,3227.0,3602.5,3718.0,2938.0,1993.0,950.0,1384.0,2039.0,2523.0,2613.0,2965.0,2966.0,3226.0,1741.0,1456.0,508.0,681.0,915.0,1010.0,1066.0,1091.0,1186.0,1182.0,3268.0,2448.0,924.0,1256.0,1761.0,2182.0,2229.0,2429.0,2619.0,2770.0,3090.0,2303.0,968.0,1249.5,1704.5,2034.5,2153.5,2291.0,2440.5,2640.0,2807.5,2197.5,751.0,969.0,1290.0,1524.5,1615.5,1739.5,1849.5,1964.0,2883.0,2431.5,858.0,1065.5,1387.0,1617.5,1716.0,1846.0,1965.0,2100.0,1847.0,1300.5,1735.0,1715.5,1743.5,1882.5,1924.5,1964.5,2069.5,1999.5,775.5,620.5,580.0,585.5,590.5,634.0,684.5,700.5,800.0,725.0,1363.0,1046.0,464.0,619.0,754.0,857.0,892.0,930.0,1012.0,1001.0,491.0,351.0,337.0,316.0,306.0,329.0,321.0,343.0,435.0,352.0,2082.0,1773.0,797.0,991.0,1195.0,1314.0,1341.0,1383.0,1480.0,1495.0,2027.5,1718.0,793.0,945.0,1111.5,1226.0,1212.5,1286.0,1393.5,1360.0,1534.0,1273.0,502.0,644.0,788.0,866.0,872.0,891.0,975.0,973.0,2003.0,1703.5,806.5,953.5,1120.0,1203.5,1232.0,1301.5,1387.0,1375.5,2086.5,1773.5,838.0,1020.5,1202.5,1288.5,1317.5,1388.0,1472.5,1469.5,"{""type"":""MultiPoint"",""coordinates"":[]}"
200_0,3,1651.5,1353.5,574.0,691.5,896.0,1014.0,1047.0,1119.0,1167.5,1188.5,2106.5,1795.5,796.5,992.5,1196.0,1316.0,1365.5,1435.0,1512.0,1515.5,2242.0,1915.5,840.5,1082.5,1320.5,1448.0,1460.0,1534.0,1583.0,1615.5,2582.5,2213.5,1163.5,1475.5,1737.0,1860.0,1867.5,1927.0,1993.0,2005.0,2173.0,1883.0,1149.0,1462.0,1659.0,1864.0,1724.0,1721.0,1657.0,1650.0,603.0,426.0,843.0,1242.0,1298.0,1638.0,1263.0,1289.0,1217.0,1178.0,450.0,372.0,660.0,1013.0,1012.0,1310.0,1224.0,1292.0,1230.0,1137.0,512.0,360.0,595.0,936.0,868.0,1310.0,1218.0,1292.0,1215.0,1116.0,663.0,506.0,448.0,748.0,638.0,1023.0,1268.0,1386.0,1387.0,1279.0,1278.0,712.0,241.0,557.5,287.0,893.0,2183.0,2613.5,2507.0,2514.0,1523.0,753.5,148.5,417.5,158.5,727.0,2689.5,3608.0,3554.0,3610.0,1843.0,1530.0,679.0,836.0,1005.0,1156.0,1162.0,1194.0,1294.0,1321.0,1459.0,716.0,152.0,415.0,146.0,700.0,2919.0,3910.0,3754.0,3867.0,1478.0,716.0,108.0,472.0,219.0,869.0,3138.0,4204.0,4166.0,4208.0,1604.0,799.0,247.0,675.0,394.0,1216.0,3439.0,4449.0,4435.0,4588.0,1689.0,851.0,465.0,1011.0,695.0,1838.0,3471.0,4091.0,4143.0,4300.0,1709.0,988.0,497.0,1043.0,930.0,1908.0,3042.0,3450.0,3686.0,3754.0,1982.0,1204.5,569.5,1097.5,1172.5,2066.0,2859.0,3126.0,3298.5,3511.0,2347.5,1415.5,835.0,1361.5,1565.5,2265.5,2834.5,3113.0,3355.5,3490.0,2622.5,1713.0,872.0,1352.0,1798.0,2433.0,2847.0,3104.0,3371.5,3489.0,3510.5,2411.0,1049.0,1541.0,2153.5,2603.0,2873.5,3131.5,3428.5,3559.0,2707.0,1759.0,846.0,1286.0,1915.0,2376.0,2516.0,2749.0,2806.0,2992.0,1728.0,1445.0,505.0,675.0,901.0,1001.0,1062.0,1111.0,1194.0,1199.0,3213.0,2334.0,872.0,1221.0,1694.0,1962.0,2167.0,2314.0,2440.0,2619.0,3045.5,2238.5,931.0,1225.5,1643.0,1951.0,2084.0,2251.0,2326.5,2493.0,2765.5,2171.0,753.5,997.0,1280.0,1487.0,1547.0,1700.0,1833.5,1904.5,2810.0,2266.0,854.0,1037.0,1327.0,1485.0,1550.0,1661.0,1826.0,1873.0,1608.0,1320.0,454.0,584.0,792.0,919.0,989.0,1041.0,1112.0,1141.0,755.5,614.5,548.0,593.0,626.0,646.5,661.5,694.0,788.0,745.0,1340.0,1054.0,450.0,601.0,741.0,842.0,847.0,923.0,981.0,984.0,391.0,311.0,235.0,207.0,204.0,225.0,236.0,247.0,272.0,264.0,2072.0,1757.0,762.0,979.0,1164.0,1288.0,1318.0,1368.0,1446.0,1439.0,2213.0,1901.0,988.0,1149.0,1332.0,1415.0,1468.0,1563.0,1693.0,1631.0,1636.5,1375.5,540.0,664.5,818.0,898.0,901.0,957.0,1017.0,1022.5,1958.5,1668.5,744.0,927.5,1091.0,1202.0,1230.5,1290.0,1383.5,1390.0,2079.0,1765.5,828.5,1013.0,1181.0,1289.0,1321.5,1386.0,1471.5,1464.5,"{""type"":""MultiPoint"",""coordinates"":[]}"
201_0,3,3039.0,2278.0,861.0,988.0,1310.5,1512.0,1552.5,1695.0,1909.5,1977.5,2228.0,2045.0,663.0,883.0,1163.0,1295.0,1291.0,1410.0,1476.0,1520.0,2241.0,2108.0,706.0,910.0,1164.0,1328.0,1291.0,1410.0,1476.0,1520.0,2427.5,2286.5,805.5,1059.5,1385.0,1516.5,1532.0,1639.5,1709.0,1762.5,584.0,527.0,666.0,774.0,778.0,960.0,810.0,858.0,760.0,722.0,584.0,527.0,819.0,913.0,954.0,1056.0,810.0,858.0,835.0,722.0,536.0,434.0,346.0,702.0,396.0,970.0,1068.0,1105.0,1054.0,1040.0,1345.0,806.0,317.0,713.0,412.0,1168.0,2269.0,2368.0,2339.0,2359.0,1245.0,645.0,224.0,481.0,263.0,748.0,1996.0,2352.0,2336.0,2299.0,1249.0,622.5,118.0,389.5,110.5,664.5,2502.5,3217.0,3197.5,3196.0,1254.0,593.5,101.0,372.0,109.0,656.5,2547.5,3509.5,3531.5,3635.5,2685.5,2108.0,987.0,1140.0,1435.0,1555.5,1611.5,1700.5,1818.0,1865.5,1260.0,584.0,77.5,265.5,76.5,468.0,2435.0,3679.5,3725.0,3853.0,1125.5,523.0,53.0,238.0,35.0,455.5,2493.0,3905.5,4020.0,4061.5,1130.0,526.0,450.0,702.0,477.0,1005.0,2662.0,3871.0,3926.0,3976.0,1301.0,651.0,552.0,906.0,625.0,1370.0,2990.0,3753.0,3916.0,4009.0,1291.0,660.0,464.0,858.0,625.0,1370.0,2893.0,3486.0,3728.0,3753.0,1487.0,827.0,393.0,860.0,817.0,1591.0,2802.0,3229.0,3444.0,3547.0,2103.5,1189.5,701.5,1269.5,1373.5,2212.0,2974.0,3316.5,3592.0,3683.0,2602.0,1617.5,1005.5,1478.5,1856.5,2500.5,3072.0,3331.5,3694.5,3787.0,3791.0,2893.0,1130.0,1504.0,2233.0,2580.0,2828.0,3054.0,3407.0,3419.0,3778.5,2597.5,1100.5,1552.5,2311.5,2672.0,2802.0,3058.5,3310.5,3526.0,3458.0,2745.5,740.5,981.5,1376.5,1569.5,1632.0,1806.0,2042.0,2080.0,4078.5,2944.5,1031.0,1420.0,2062.0,2395.0,2508.0,2741.5,2948.5,3161.5,4601.0,3720.0,2363.5,2597.0,3011.0,3325.5,3454.0,3568.0,3743.0,3884.5,3308.0,2594.0,904.5,1075.5,1456.0,1666.5,1779.0,1919.0,2144.5,2213.5,3446.5,2672.5,935.5,1098.0,1462.5,1684.0,1784.0,1948.0,2112.5,2235.0,2876.5,2134.5,654.0,859.5,1219.0,1449.0,1545.5,1647.0,1887.5,1940.0,0.0,0.0,0.0,0.0,0.0,0.0,0.0,0.0,0.0,0.0,3614.0,2770.0,757.0,1097.0,1550.0,1794.0,1795.0,1984.0,2195.0,2284.0,3967.5,3109.5,976.0,1210.5,1629.5,1890.0,1996.0,2153.0,2354.5,2483.5,3584.5,2826.5,884.5,1138.5,1503.0,1707.0,1849.0,1974.0,2240.0,2277.5,1857.0,1652.0,537.0,656.0,900.0,1012.5,1062.5,1120.0,1223.0,1228.0,2007.0,1783.0,561.0,692.0,995.0,1114.0,1110.0,1177.0,1275.0,1289.0,2012.0,1896.0,607.0,770.0,1026.0,1138.0,1144.0,1212.0,1312.0,1336.0,2027.0,1882.5,585.0,770.0,1031.5,1146.5,1159.5,1238.5,1333.5,1377.0,"{""type"":""MultiPoint"",""coordinates"":[]}"
202_0,3,1681.0,1383.0,587.0,718.5,933.5,1010.0,1078.0,1115.0,1237.0,1239.5,2100.0,1784.0,770.0,978.0,1192.5,1287.0,1357.0,1429.0,1528.5,1507.5,2229.5,1930.0,809.5,1079.0,1347.5,1463.0,1467.5,1523.0,1615.5,1631.0,2602.0,2248.0,1159.0,1487.0,1786.0,1922.0,1903.5,1967.0,2035.5,2028.5,2189.0,1846.0,1100.0,1399.0,1630.0,1718.0,1625.0,1646.0,1691.0,1671.0,1115.0,733.0,1055.0,1337.0,1325.0,1596.0,1523.0,1627.0,1655.0,1548.0,391.0,288.0,626.0,960.0,967.0,1271.0,1276.0,1297.0,1312.0,1190.0,418.0,309.0,626.0,918.0,884.0,1267.0,1276.0,1325.0,1294.0,1190.0,797.0,658.0,463.0,761.0,620.0,997.0,1413.0,1626.0,1502.0,1408.0,1569.5,822.5,224.5,567.0,251.5,943.5,2793.0,3491.0,3456.5,3384.0,1666.5,803.5,107.5,407.5,111.5,730.0,3062.5,4464.0,4462.5,4380.5,1856.0,1566.0,645.0,834.0,1039.0,1144.0,1186.0,1256.0,1315.0,1328.0,1554.0,724.0,135.0,423.0,121.0,700.0,3193.0,4533.0,4608.0,4688.0,1524.0,720.0,48.0,374.0,85.0,812.0,3373.0,4703.0,4920.0,4898.0,1588.0,752.0,195.0,571.0,269.0,1114.0,3550.0,4740.0,4927.0,5068.0,1658.0,795.0,444.0,973.0,593.0,1706.0,3642.0,4481.0,4770.0,4773.0,1674.0,926.0,482.0,1018.0,802.0,1865.0,3407.0,3964.0,4419.0,4348.0,2012.0,1171.5,545.0,1162.5,1117.0,2182.0,3283.0,3751.0,4085.5,4058.5,2443.5,1480.5,949.5,1540.5,1723.0,2526.0,3297.5,3613.0,4043.5,3982.0,2788.5,1798.5,1021.0,1626.0,2002.0,2832.0,3329.5,3588.5,4097.0,4115.0,3501.0,2350.0,1171.0,1693.0,2206.0,2765.0,2990.0,3326.0,3767.0,3797.0,3418.5,2374.5,1178.5,1692.0,2418.5,2701.5,2749.5,3218.0,3521.5,3387.5,1739.0,1463.0,483.0,665.0,905.0,992.0,1076.0,1123.0,1234.0,1208.0,3481.0,2560.0,985.0,1373.0,1966.0,2283.0,2426.0,2622.0,2998.0,3003.0,3286.5,2391.0,1015.5,1356.5,1891.0,2131.0,2287.5,2460.5,2811.0,2777.5,2904.5,2264.5,772.0,982.5,1328.5,1529.0,1606.0,1764.5,1989.5,2005.5,2918.0,2418.0,819.0,986.0,1304.0,1522.0,1601.0,1802.0,1914.0,1961.0,1613.0,1323.0,472.0,625.0,857.0,925.0,980.0,1033.0,1202.0,1152.0,879.0,683.0,653.0,663.5,725.0,747.5,799.0,831.5,904.0,867.5,1382.0,1070.0,437.0,591.0,739.0,820.0,864.0,911.0,997.0,982.0,359.0,288.0,185.0,169.0,166.0,215.0,203.0,210.0,222.0,245.0,2098.0,1778.0,747.0,958.0,1155.0,1269.0,1291.0,1342.0,1468.0,1458.0,2157.0,1859.0,944.0,1073.0,1249.0,1360.0,1376.0,1453.0,1592.0,1529.0,1660.5,1412.5,528.5,663.5,821.0,894.0,895.5,956.0,1038.5,1028.0,2089.5,1808.0,819.0,981.5,1148.0,1215.5,1238.5,1321.0,1415.0,1410.5,2097.0,1783.0,824.5,1005.0,1193.0,1260.0,1330.5,1378.0,1491.5,1482.5,"{""type"":""MultiPoint"",""coordinates"":[]}"
203_0,3,1884.5,1617.0,625.5,769.5,1022.5,1146.0,1200.5,1234.5,1360.5,1379.5,2531.5,2168.0,1032.0,1328.0,1614.5,1745.5,1838.0,1927.5,2040.0,2029.0,2291.0,1916.0,793.5,1050.0,1328.0,1440.5,1516.5,1601.5,1713.0,1716.5,696.0,536.5,465.5,639.0,727.5,870.5,728.5,856.5,814.0,826.0,494.5,331.0,546.5,740.0,815.0,915.5,802.5,901.0,845.5,809.5,457.5,358.0,567.5,759.0,791.5,920.5,814.0,911.0,881.0,810.0,674.0,493.0,455.0,730.5,693.0,976.5,998.0,1017.5,1062.5,947.0,831.0,559.0,384.5,647.5,553.0,904.0,1112.0,1346.5,1307.0,1250.0,1239.0,714.5,426.5,674.5,539.5,963.0,1727.0,2067.0,1975.0,2019.5,1333.5,756.5,334.0,623.0,467.5,997.5,1981.0,2376.0,2384.5,2382.5,1405.5,838.5,266.5,485.0,321.0,825.5,2251.5,3043.5,3112.0,2986.0,2167.5,1899.5,654.5,885.0,1141.5,1292.5,1312.5,1426.5,1462.5,1534.0,1657.0,881.5,278.0,544.5,331.5,899.5,2833.5,3662.5,3892.0,3866.5,1653.0,900.0,326.0,786.5,473.5,1211.0,3165.5,3807.0,4036.0,4028.5,1653.0,928.5,446.5,886.0,680.0,1499.0,3176.5,3769.0,3894.0,3883.5,1834.5,1033.0,641.0,1096.0,1011.0,1879.0,3080.5,3552.5,3736.5,3803.5,2086.5,1285.0,692.5,1156.0,1231.0,1985.0,2987.0,3327.5,3586.0,3566.0,2360.0,1517.0,762.0,1231.0,1406.0,2095.0,2857.0,3086.0,3376.0,3475.0,3836.5,2589.5,1189.0,1661.0,2263.0,2692.0,3093.0,3381.0,3672.5,3686.0,3609.5,2607.0,1012.5,1559.5,2262.5,2677.0,2940.0,3149.5,3498.0,3617.0,3258.5,2440.5,939.0,1381.0,1921.5,2248.0,2451.0,2710.5,2915.5,3019.0,1907.5,1455.0,571.0,816.5,1119.0,1333.5,1395.0,1483.0,1536.5,1665.5,2016.0,1769.0,562.5,801.0,1080.0,1184.0,1244.5,1284.0,1451.0,1402.5,2100.5,1667.5,690.0,923.0,1207.5,1440.5,1514.5,1610.5,1628.0,1755.5,2241.0,1766.0,954.5,1134.5,1385.5,1573.0,1699.5,1796.0,1879.5,1934.5,1830.0,1539.5,554.5,710.5,910.0,1069.0,1107.0,1200.5,1244.5,1288.0,1846.5,1593.0,545.0,714.0,913.0,1073.0,1127.5,1198.0,1225.0,1309.5,1330.0,1110.0,329.0,475.5,640.5,686.0,725.0,811.0,883.5,833.0,0.0,0.0,0.0,0.0,0.0,0.0,0.0,0.0,0.0,0.0,1770.5,1519.5,494.5,686.5,922.5,1001.0,1072.5,1102.5,1254.5,1236.5,2007.0,1746.0,666.0,806.0,1001.0,1068.5,1133.5,1252.5,1319.5,1309.5,2270.5,1963.0,739.5,948.0,1196.0,1319.0,1375.0,1489.5,1576.0,1574.5,2346.0,1982.5,861.0,1032.5,1266.5,1377.5,1437.5,1576.5,1719.0,1676.0,2295.0,1957.5,817.5,955.0,1177.0,1296.0,1374.0,1447.5,1574.0,1565.5,2265.0,1935.5,706.0,948.5,1208.0,1299.0,1418.5,1503.5,1610.5,1643.5,2406.0,2065.0,857.5,1135.0,1365.0,1490.5,1554.5,1617.5,1743.5,1720.5,"{""type"":""MultiPoint"",""coordinates"":[]}"
204_0,3,1753.0,1478.5,508.5,668.5,902.0,984.0,1040.5,1080.0,1203.0,1215.0,2491.5,2122.0,1012.0,1331.0,1606.5,1724.0,1733.5,1805.0,1928.0,1920.0,2477.0,2102.0,910.5,1199.0,1489.5,1615.5,1591.5,1673.5,1793.5,1761.0,2390.0,2082.0,899.5,1175.5,1453.5,1556.0,1541.5,1630.0,1710.5,1739.0,361.5,359.5,701.0,918.0,1104.5,1220.5,1149.0,1223.0,1252.0,1079.5,301.0,235.0,719.5,1039.5,1119.0,1363.5,1048.5,1108.5,1176.5,996.5,465.5,340.5,615.5,927.5,929.0,1236.0,1337.0,1451.5,1412.0,1329.5,900.0,557.5,596.5,927.5,884.5,1236.0,1811.5,1967.5,1807.0,1860.5,1252.0,743.0,413.5,794.5,495.0,1179.0,2472.5,2843.5,2772.0,2759.5,1682.0,964.5,371.0,756.5,548.0,1363.0,2784.5,3289.5,3428.5,3473.0,1604.5,938.0,348.5,725.0,567.5,1326.0,2673.5,3135.0,3302.5,3255.5,2040.5,1759.5,583.5,795.0,1040.0,1164.0,1204.0,1283.5,1346.0,1420.5,1514.5,866.0,320.0,684.5,516.0,1231.0,2522.0,2973.0,3081.5,3113.0,1349.0,729.0,278.0,625.5,405.0,1065.5,2503.5,3007.5,3066.5,3140.0,1321.0,719.5,310.5,627.0,367.0,1057.0,2699.0,3133.5,3192.5,3277.5,1612.0,853.5,444.0,924.0,522.0,1500.0,3130.5,3545.5,3685.0,3703.0,1661.5,915.0,449.5,986.0,623.5,1633.0,3019.0,3386.5,3626.0,3569.5,1847.0,1053.0,498.0,1107.0,874.0,1966.0,2974.0,3220.0,3415.0,3489.0,2155.0,1237.5,768.0,1376.5,1391.5,2320.5,3001.5,3291.5,3526.0,3667.0,2454.5,1511.0,842.0,1400.5,1598.5,2414.0,2959.0,3229.0,3536.5,3677.5,3876.5,2614.5,1021.5,1496.5,2000.5,2577.0,2893.5,3147.0,3586.5,3660.5,1933.5,1471.5,579.0,818.0,1149.5,1315.0,1354.5,1459.0,1559.5,1631.0,1896.5,1619.5,483.0,702.0,970.5,1068.0,1093.5,1174.5,1300.5,1295.5,2000.0,1578.5,599.0,835.0,1137.5,1297.0,1327.0,1435.0,1549.0,1583.0,2247.0,1820.5,844.0,1024.0,1309.0,1460.0,1472.5,1570.0,1706.5,1735.5,1997.0,1679.0,628.5,802.0,1022.5,1140.0,1172.0,1263.5,1362.5,1390.5,2058.0,1651.0,659.0,862.5,1085.0,1226.0,1234.5,1362.5,1415.5,1482.0,1745.0,1477.5,487.0,630.5,815.5,905.0,974.5,1027.0,1157.5,1141.0,0.0,0.0,0.0,0.0,0.0,0.0,0.0,0.0,0.0,0.0,1604.0,1254.5,508.0,682.0,864.0,984.0,963.0,1039.5,1157.5,1127.5,1789.0,1516.5,629.5,756.0,916.5,1006.5,1055.5,1119.5,1200.0,1199.5,2248.0,1927.5,785.5,1018.5,1241.0,1332.5,1390.5,1471.5,1573.0,1555.5,2213.5,1881.5,787.0,977.5,1216.5,1295.5,1304.5,1383.0,1535.5,1486.5,2052.5,1706.5,757.5,871.0,1060.5,1127.0,1152.5,1231.0,1347.0,1320.0,2067.0,1780.5,666.0,880.0,1116.0,1191.5,1269.5,1341.0,1427.0,1436.5,2273.0,1934.0,860.0,1153.0,1404.5,1474.5,1519.5,1607.0,1712.0,1676.5,"{""type"":""MultiPoint"",""coordinates"":[]}"
205_0,3,2828.5,2314.0,818.5,887.5,1155.0,1311.0,1391.0,1495.0,1661.0,1728.0,2052.0,1900.0,612.0,857.0,1129.0,1242.0,1289.0,1382.0,1491.0,1507.0,2268.0,2175.0,775.0,996.0,1308.0,1428.0,1469.0,1576.0,1644.0,1675.0,414.5,388.0,377.0,484.0,537.5,622.5,484.5,520.5,500.5,434.5,368.0,339.0,596.0,728.0,746.0,831.0,666.0,722.0,600.0,594.0,368.0,339.0,420.0,656.0,628.0,831.0,666.0,722.0,714.0,598.0,610.0,472.0,353.0,573.0,452.0,800.0,1023.0,1103.0,1047.0,981.0,1231.0,765.0,319.0,665.0,455.0,994.0,1680.0,1854.0,1844.0,1917.0,1049.0,586.0,153.0,386.0,196.0,647.0,1741.0,2283.0,2147.0,2107.0,1268.0,610.5,74.0,320.0,84.0,569.5,2316.0,3148.5,3184.5,3194.5,1241.0,587.0,42.0,237.5,42.0,446.0,2380.0,3495.0,3514.0,3483.0,3639.5,3083.0,1888.5,1987.5,2193.5,2402.5,2403.0,2493.0,2617.5,2669.5,1254.0,589.5,34.5,233.5,36.0,457.5,2546.5,3917.5,3920.0,4055.0,1199.5,563.0,85.5,398.5,104.5,735.5,2839.5,4064.0,4135.0,4248.0,1247.0,572.0,460.0,769.0,537.0,1155.0,3141.0,4062.0,4097.0,4231.0,1344.0,718.0,624.0,1007.0,840.0,1636.0,3029.0,3567.0,3728.0,3819.0,1411.0,783.0,537.0,986.0,840.0,1696.0,2755.0,3165.0,3393.0,3432.0,1715.0,1002.0,502.0,986.0,1013.0,1883.0,2765.0,3092.0,3311.0,3371.0,4185.5,2991.5,1094.0,1548.0,2162.0,2736.5,2993.5,3292.5,3534.5,3747.5,4167.0,3103.0,1120.0,1543.5,2236.0,2617.5,2820.0,3074.0,3358.0,3442.0,3570.0,2823.0,1001.0,1409.0,2033.0,2303.0,2532.0,2722.0,3032.0,3044.0,3272.0,2350.5,920.0,1266.5,1821.0,2137.0,2300.5,2495.5,2661.0,2802.0,3452.5,2821.0,678.5,899.0,1266.0,1440.5,1543.0,1676.0,1894.0,1978.0,3628.5,2848.0,873.5,1187.5,1605.5,1883.5,2063.5,2238.5,2380.0,2497.0,4176.0,3453.0,2085.0,2264.0,2560.5,2847.5,2992.5,3174.0,3302.5,3336.5,3315.5,2757.5,857.0,1015.5,1266.5,1529.0,1665.5,1814.0,1948.0,2040.5,3168.5,2637.0,818.0,976.5,1214.0,1448.0,1618.5,1768.5,1876.5,1973.0,2188.5,1648.5,489.5,688.0,900.5,1118.0,1320.0,1407.0,1601.0,1656.0,0.0,0.0,0.0,0.0,0.0,0.0,0.0,0.0,0.0,0.0,3745.0,3075.0,915.0,1261.0,1738.0,2000.0,2096.0,2203.0,2354.0,2479.0,3999.0,3377.0,1241.0,1508.0,1813.0,2033.0,2455.0,2669.0,2761.0,2932.0,3585.0,2979.0,986.0,1311.0,1776.0,2000.0,2044.0,2190.0,2409.0,2541.0,2772.5,2388.0,818.5,991.0,1330.5,1474.0,1503.5,1612.0,1813.5,1828.0,1815.0,1615.0,543.0,674.0,956.0,1028.0,994.0,1026.0,1189.0,1225.0,1777.0,1646.5,513.0,669.5,918.0,1011.0,1041.5,1093.5,1196.0,1188.5,1847.0,1716.0,584.0,740.5,993.5,1088.0,1136.0,1202.0,1327.0,1296.5,"{""type"":""MultiPoint"",""coordinates"":[]}"
206_0,3,2005.5,1643.0,701.0,867.5,1122.0,1290.0,1348.0,1436.0,1503.5,1540.0,2445.0,2076.5,908.0,1153.0,1435.0,1559.0,1635.5,1737.0,1801.5,1834.5,2366.5,1981.5,747.5,998.5,1281.5,1410.5,1457.0,1528.0,1637.0,1707.0,581.5,542.0,551.0,713.5,835.0,1005.0,975.0,1054.5,992.5,980.0,356.0,269.5,437.5,611.0,656.0,810.5,738.5,793.0,755.5,734.0,454.5,345.5,501.5,741.0,700.0,951.5,902.5,940.0,895.5,839.0,664.0,541.0,459.0,771.5,570.5,974.0,1185.5,1260.0,1141.0,1158.0,1470.5,834.5,365.0,749.5,408.5,1045.0,2483.5,2789.0,2714.5,2607.0,1736.5,917.0,287.0,669.0,336.0,1037.0,3122.5,3958.0,3967.5,4026.5,1731.5,927.0,282.5,591.0,344.5,927.0,2986.0,3926.0,3994.5,4118.5,1677.5,852.5,195.0,425.0,246.5,697.5,2875.5,4098.0,4240.0,4358.5,2234.0,1882.5,749.5,959.0,1249.5,1403.5,1509.0,1579.5,1569.0,1680.0,1702.0,875.5,228.5,492.0,286.0,782.0,3041.0,4418.0,4510.5,4697.5,1704.0,878.5,331.5,851.5,489.0,1430.0,3500.5,4534.0,4659.5,4799.0,1780.5,962.5,479.5,966.0,702.0,1597.5,3540.0,4322.0,4425.5,4664.0,2162.0,1211.0,722.5,1258.5,1147.0,2184.0,3498.5,4029.0,4267.0,4447.0,2550.0,1506.0,844.5,1392.5,1484.5,2379.0,3565.5,4030.5,4357.5,4432.5,3152.0,1997.0,1046.0,1597.0,2071.0,2781.0,3628.0,3983.0,4315.0,4429.0,4145.5,2895.0,1277.0,1737.5,2406.0,2800.0,3073.0,3316.0,3646.0,3825.5,3976.5,2846.0,1189.5,1649.0,2370.0,2770.0,2993.5,3227.5,3558.5,3669.5,3144.5,2216.0,973.5,1363.0,1827.5,2230.0,2380.0,2536.0,2589.0,2769.5,2087.0,1595.0,639.5,893.0,1230.5,1465.0,1516.5,1575.5,1660.5,1785.5,2121.5,1737.5,650.0,873.5,1128.0,1342.0,1310.5,1462.0,1526.5,1567.0,2368.5,1850.5,780.5,1024.5,1359.0,1621.0,1653.0,1739.0,1816.0,1922.5,2336.5,1819.5,908.0,1110.5,1362.5,1603.0,1703.0,1761.0,1839.0,1934.0,2123.0,1691.0,659.5,834.5,1095.5,1255.0,1298.5,1400.5,1482.5,1557.0,1641.5,1377.5,526.0,652.0,815.0,953.0,986.0,1077.0,1148.5,1184.0,1282.0,1098.5,352.0,443.5,597.0,645.5,714.0,777.0,867.0,820.5,0.0,0.0,0.0,0.0,0.0,0.0,0.0,0.0,0.0,0.0,2263.5,1900.0,701.0,902.0,1181.0,1329.0,1363.5,1472.0,1553.0,1597.0,2456.0,2289.5,955.5,1039.0,1224.5,1392.5,1526.0,1730.0,1740.0,1881.5,2303.0,1903.5,769.0,990.0,1207.5,1395.0,1525.0,1590.5,1722.0,1716.0,2289.5,1847.5,764.5,938.0,1103.5,1337.5,1597.5,1675.5,1754.5,1837.5,2270.0,1819.0,806.0,996.0,1093.5,1369.0,1827.5,1947.0,2042.5,2084.0,2221.5,1790.5,653.0,850.0,1075.0,1234.0,1283.5,1387.5,1519.0,1541.5,2239.5,1943.0,733.0,930.0,1178.0,1305.5,1393.0,1446.0,1570.5,1582.5,"{""type"":""MultiPoint"",""coordinates"":[]}"
207_0,3,1753.5,1433.5,576.0,720.5,971.0,1103.0,1112.5,1234.5,1276.0,1280.0,2572.5,2187.5,1014.0,1341.5,1638.5,1785.5,1842.5,1932.0,2001.5,2025.5,2484.0,2077.5,896.5,1208.0,1519.0,1672.5,1702.0,1788.5,1860.5,1878.5,504.0,485.5,607.0,900.5,957.0,1300.5,1075.5,1133.0,1031.5,1000.0,488.0,425.0,635.0,925.5,935.0,1215.0,1005.0,1039.5,977.0,869.0,488.0,425.0,667.5,942.0,910.5,1215.0,1005.0,1039.5,998.5,869.0,544.0,346.0,478.5,699.5,631.0,995.5,1243.5,1315.0,1257.5,1233.0,970.5,635.0,513.0,762.0,554.0,1100.5,1674.0,1774.0,1630.0,1596.5,1308.0,747.5,467.0,776.5,534.0,1235.0,2413.0,2857.0,2796.0,2857.5,1320.5,732.5,297.5,611.0,426.0,1096.5,2580.0,3062.5,3087.5,3081.0,1422.5,746.5,251.0,522.5,355.5,914.5,2561.0,3401.0,3436.0,3405.5,2004.5,1663.5,626.0,854.0,1104.0,1281.0,1258.5,1350.5,1405.5,1477.0,1518.5,784.5,240.5,522.5,310.0,915.0,2809.0,3601.0,3713.5,3880.0,1564.0,787.0,240.5,619.5,323.5,1117.0,3161.0,4046.5,4167.0,4292.5,1634.0,841.5,361.5,800.5,477.0,1357.5,3395.5,4228.0,4172.0,4351.5,1849.0,999.0,532.0,1000.5,764.5,1813.5,3446.5,3932.5,4165.0,4274.0,2116.0,1192.0,598.5,1091.5,1013.5,2009.5,3167.0,3690.0,4044.5,4028.5,2613.0,1613.0,745.0,1198.0,1496.0,2291.0,3093.0,3461.0,3707.0,3953.0,4218.0,2941.0,1203.5,1679.0,2425.0,2852.0,3179.5,3571.0,3890.0,4050.5,4228.0,2919.0,1159.5,1582.5,2366.0,2829.0,3082.0,3380.5,3774.0,3873.0,3875.5,2803.0,1065.0,1510.5,2138.5,2499.5,2705.0,2929.0,3223.5,3457.5,2337.0,1857.0,750.5,982.0,1355.0,1605.5,1677.0,1744.0,1840.5,1996.5,1890.0,1575.5,501.0,769.0,1014.0,1118.5,1205.0,1272.0,1344.0,1377.0,2406.0,1893.0,795.0,1046.5,1411.0,1636.5,1721.0,1791.5,1889.5,2009.0,2362.5,1835.0,897.5,1108.5,1432.5,1624.5,1688.0,1786.0,1873.5,1921.5,2046.0,1616.5,655.5,833.0,1104.0,1254.5,1340.5,1401.5,1536.0,1563.0,1868.5,1561.5,533.5,730.0,977.5,1088.5,1135.0,1219.5,1274.0,1322.5,880.5,573.0,291.0,427.0,590.5,677.5,707.5,728.0,798.5,805.5,0.0,0.0,0.0,0.0,0.0,0.0,0.0,0.0,0.0,0.0,1469.5,1100.0,420.0,611.5,820.5,909.0,964.5,1005.0,1120.0,1132.5,1800.0,1490.5,662.0,803.0,937.5,1082.0,1118.5,1188.0,1242.5,1290.5,2261.5,1870.0,804.5,1059.0,1275.5,1432.5,1455.5,1544.5,1630.5,1657.0,2209.5,1842.5,780.0,980.5,1243.5,1362.5,1367.5,1451.0,1555.0,1556.0,1984.0,1652.5,618.0,789.0,1004.0,1130.0,1105.5,1169.5,1252.5,1297.5,2054.0,1748.0,705.0,888.0,1117.0,1235.0,1261.5,1347.0,1425.0,1453.5,2387.5,2096.0,828.0,1070.0,1319.0,1468.0,1519.5,1623.5,1702.5,1725.0,"{""type"":""MultiPoint"",""coordinates"":[]}"
208_0,3,1810.0,1487.5,592.0,711.5,951.5,1081.0,1085.5,1172.5,1255.0,1287.5,2080.0,1757.5,713.5,898.5,1132.0,1253.5,1305.5,1391.5,1472.0,1519.0,2243.5,1932.0,828.5,1037.5,1313.5,1428.0,1435.5,1494.5,1546.5,1601.5,2482.0,2174.0,971.0,1243.0,1526.5,1668.5,1677.5,1762.5,1839.0,1845.5,1185.0,1100.0,934.0,1183.0,1288.0,1406.0,1416.0,1487.0,1560.0,1573.0,394.0,359.0,809.0,1048.0,1145.0,1273.0,1062.0,1072.0,970.0,868.0,404.0,306.0,533.0,811.0,829.0,1007.0,974.0,1082.0,1005.0,904.0,548.0,375.0,533.0,750.0,735.0,1061.0,1191.0,1309.0,1304.0,1232.0,769.0,496.0,392.0,633.0,499.0,870.0,1623.0,1745.0,1788.0,1699.0,1567.0,841.0,251.5,526.0,266.5,934.0,2931.5,3624.0,3616.5,3659.5,1702.5,834.0,132.0,403.5,164.5,757.5,3039.0,4299.0,4307.0,4387.0,2040.0,1696.0,667.0,819.0,1065.0,1223.0,1222.0,1265.0,1356.0,1439.0,1696.0,817.0,168.0,434.0,189.0,787.0,3271.0,4479.0,4595.0,4675.0,1696.0,813.0,96.0,451.0,242.0,925.0,3423.0,4631.0,4741.0,4899.0,1745.0,862.0,224.0,621.0,384.0,1152.0,3526.0,4754.0,4876.0,5015.0,1823.0,897.0,418.0,885.0,634.0,1673.0,3589.0,4421.0,4491.0,4653.0,1907.0,1049.5,459.0,927.0,773.0,1767.0,3364.5,3953.0,4229.0,4275.5,2141.0,1263.5,519.0,1039.0,1063.5,2027.5,3175.5,3608.5,3839.0,4000.0,2559.5,1530.0,788.0,1279.5,1449.0,2323.5,3202.0,3528.5,3867.5,4018.0,2879.0,1858.0,884.5,1395.0,1754.5,2534.5,3172.5,3473.5,3855.0,3972.0,4016.0,2743.0,1124.0,1525.0,2072.0,2596.0,2993.0,3173.0,3606.0,3689.0,3796.0,2614.0,997.0,1395.5,2143.0,2566.0,2722.5,2946.0,3187.0,3504.5,2029.0,1692.0,628.5,789.0,1049.0,1172.5,1187.5,1258.5,1398.0,1404.5,3491.0,2488.5,904.0,1247.5,1853.5,2169.0,2349.5,2511.5,2750.0,2867.0,3298.5,2405.0,912.0,1198.0,1667.5,1948.0,2106.0,2290.5,2471.0,2625.5,2995.0,2281.5,686.5,909.5,1260.0,1416.5,1566.0,1681.0,1885.0,1938.5,3011.5,2359.0,750.0,915.0,1246.0,1439.0,1500.5,1629.0,1844.5,1906.5,1694.0,1304.0,414.0,506.0,764.0,890.0,939.0,981.0,1090.0,1097.0,0.0,0.0,0.0,0.0,0.0,0.0,0.0,0.0,0.0,0.0,1543.0,1226.0,502.0,645.0,832.0,937.0,914.0,977.0,1077.0,1099.0,1796.0,1484.0,626.0,734.0,914.0,989.0,1007.0,1060.0,1138.0,1160.0,2240.0,1882.0,775.0,962.0,1187.0,1328.0,1326.0,1401.0,1504.0,1496.0,2190.5,1825.5,865.5,963.0,1167.0,1291.0,1253.0,1328.0,1462.5,1462.5,1803.0,1493.0,567.5,683.5,873.0,980.5,952.0,984.0,1067.5,1102.0,2167.5,1856.0,761.0,917.5,1105.5,1219.5,1313.5,1392.0,1472.0,1511.5,2295.0,1927.0,809.0,1023.0,1217.0,1356.0,1410.0,1524.0,1608.0,1626.0,"{""type"":""MultiPoint"",""coordinates"":[]}"
209_0,3,1757.5,1458.0,607.5,765.5,1007.5,1119.5,1156.5,1209.5,1301.5,1300.0,2411.0,2121.0,989.5,1278.5,1534.0,1637.5,1675.0,1740.5,1847.0,1826.5,2432.5,2132.5,903.0,1168.5,1433.5,1572.5,1575.0,1668.5,1751.5,1759.5,2523.0,2204.0,968.0,1250.5,1532.0,1660.5,1666.0,1772.5,1834.0,1856.0,294.0,270.0,864.0,1081.0,1130.0,1233.0,926.0,981.0,968.0,776.0,294.0,270.0,864.0,1081.0,1130.0,1233.0,953.0,1056.0,1050.0,952.0,237.0,182.0,593.0,857.0,928.0,1095.0,953.0,1056.0,1048.0,848.0,432.0,376.0,604.0,899.0,880.0,1239.0,1145.0,1238.0,1187.0,1067.0,617.0,439.0,598.0,891.0,821.0,1232.0,1502.0,1676.0,1673.0,1560.0,776.5,456.0,274.0,550.0,410.5,932.0,1668.0,1869.5,1855.0,1788.5,1120.0,613.5,222.0,478.5,289.5,904.0,2349.5,2944.5,3058.0,2888.5,1993.0,1683.0,733.0,909.0,1147.5,1269.0,1311.5,1361.5,1446.5,1498.0,1428.0,765.0,275.0,546.0,392.0,998.0,2515.0,3067.0,3254.0,3176.0,1296.0,661.0,187.0,461.0,328.0,889.0,2443.0,3067.0,3193.0,3134.0,1256.0,631.0,187.0,422.0,262.0,836.0,2623.0,3437.0,3485.0,3504.0,1382.0,699.0,323.0,684.0,337.0,1062.0,2989.0,3618.0,3714.0,3786.0,1535.0,809.0,370.0,857.0,467.0,1384.0,3145.0,3768.0,3963.0,3910.0,1604.5,867.0,399.0,918.5,542.0,1590.0,2983.0,3339.0,3481.5,3520.0,1938.0,1059.0,734.0,1291.0,1223.0,2078.0,2867.0,3154.0,3418.0,3442.0,2227.5,1379.5,732.0,1298.0,1367.0,2251.0,2877.0,3148.5,3415.0,3472.0,3074.0,2102.0,966.5,1455.5,1897.5,2481.5,2843.5,3080.5,3433.0,3457.5,2663.0,2007.0,801.0,1078.0,1501.0,1687.0,1787.0,1940.0,2039.0,2172.0,1811.0,1527.0,540.0,749.0,1003.0,1123.0,1170.0,1213.0,1334.0,1326.0,2659.0,2034.0,752.0,1048.0,1416.0,1652.0,1692.0,1853.0,1921.0,2019.0,2567.0,2000.5,802.5,1029.5,1361.0,1510.0,1591.5,1694.0,1868.5,1888.0,2278.0,1864.5,639.0,814.0,1071.0,1193.0,1246.5,1364.5,1481.5,1530.5,2464.0,2048.0,762.0,896.0,1155.0,1263.0,1358.0,1434.0,1543.0,1644.0,1976.0,1585.0,526.0,639.0,867.0,948.0,1029.0,1123.0,1274.0,1293.0,1010.0,841.0,911.0,816.0,833.0,922.0,929.0,950.0,1083.0,990.0,1708.0,1442.0,564.0,748.0,931.0,1062.0,1062.0,1108.0,1224.0,1207.0,1900.0,1647.0,680.0,842.0,1035.0,1145.0,1183.0,1219.0,1310.0,1291.0,2166.0,1937.0,742.0,969.0,1215.0,1349.0,1359.0,1443.0,1529.0,1557.0,2383.0,2131.0,966.0,1156.0,1377.0,1474.0,1543.0,1620.0,1742.0,1709.0,1896.0,1621.0,601.0,738.0,970.0,1045.0,1050.0,1108.0,1182.0,1214.0,1937.0,1665.0,719.0,845.0,1052.0,1153.0,1198.0,1243.0,1330.0,1345.0,2169.0,1925.5,784.5,985.5,1219.5,1318.5,1357.5,1425.0,1542.0,1527.0,"{""type"":""MultiPoint"",""coordinates"":[]}"
210_0,3,2079.0,1725.5,629.5,821.5,1114.5,1237.5,1272.0,1359.5,1467.0,1512.0,2529.0,2183.0,947.5,1250.0,1553.0,1682.0,1716.0,1781.0,1910.5,1911.5,2513.0,2151.0,895.0,1168.5,1480.0,1602.0,1611.5,1692.5,1801.5,1813.0,2442.0,2130.0,869.5,1131.0,1422.0,1553.0,1561.0,1644.0,1725.0,1772.5,282.0,238.0,410.0,624.0,624.0,829.0,698.0,762.0,775.0,728.0,304.0,254.5,517.0,715.0,761.5,945.0,826.0,904.0,886.0,787.0,703.5,553.5,513.5,746.0,682.5,1075.0,1262.5,1355.5,1252.5,1222.0,1469.0,884.5,408.5,773.5,427.0,1104.0,2624.0,2839.0,2804.0,2713.0,1664.0,850.5,267.0,687.5,365.0,1112.5,3197.5,3901.0,4000.0,4071.0,1847.5,988.5,297.5,742.5,427.0,1287.0,3307.5,4062.0,4265.5,4402.5,1821.0,926.0,280.0,766.0,370.0,1269.5,3420.0,4285.0,4494.0,4540.0,2379.5,1995.5,699.5,937.0,1218.5,1407.0,1456.0,1540.5,1613.0,1658.5,1749.5,878.0,277.0,755.0,360.5,1290.0,3492.5,4351.5,4610.0,4633.5,1628.5,822.5,277.0,727.0,397.0,1219.5,3370.0,4208.0,4475.0,4555.5,1643.0,827.0,298.0,701.0,427.0,1206.5,3455.0,4349.0,4542.5,4642.0,1954.0,997.5,492.0,980.0,631.5,1679.5,3747.5,4409.5,4628.5,4709.5,1972.5,1060.5,497.0,1032.0,755.0,1830.5,3536.5,4134.0,4376.5,4451.5,2165.0,1241.0,569.0,1167.0,1062.0,2207.0,3365.0,3707.0,3939.0,4136.0,2515.0,1486.0,825.5,1456.5,1570.0,2572.0,3348.5,3683.5,3943.0,4140.5,2841.5,1768.0,915.0,1466.0,1706.0,2674.5,3197.5,3468.0,3853.0,3972.0,4123.5,2835.0,1182.5,1670.5,2330.0,2881.0,3198.5,3435.0,3822.5,3972.0,2575.0,1979.0,827.0,1111.5,1543.0,1832.0,1929.0,2067.5,2055.5,2206.5,2215.0,1861.5,618.5,826.5,1125.0,1267.0,1290.5,1382.0,1503.0,1547.0,2512.5,1923.5,795.5,1093.0,1499.5,1722.5,1800.0,1941.5,2023.0,2130.0,2558.0,2052.0,908.0,1155.5,1503.0,1714.5,1797.0,1904.5,1970.5,2061.0,2376.5,1920.0,716.0,931.5,1243.5,1436.5,1481.5,1567.0,1684.0,1741.5,2582.5,2114.0,815.0,1005.5,1312.5,1545.5,1539.0,1674.5,1727.5,1824.0,2192.5,1471.0,600.0,754.0,1060.0,1174.0,1273.0,1354.0,1473.0,1466.0,0.0,0.0,0.0,0.0,0.0,0.0,0.0,0.0,0.0,0.0,1938.5,1644.5,572.5,786.0,990.5,1121.5,1147.0,1240.0,1345.5,1304.5,2038.0,1769.0,660.0,791.0,999.0,1105.0,1141.5,1210.5,1277.0,1293.5,2427.5,2115.5,756.0,952.5,1224.0,1342.0,1398.0,1460.0,1598.5,1613.0,2484.5,2141.0,789.5,971.0,1258.5,1380.0,1382.5,1477.5,1600.5,1602.5,2324.0,1959.5,752.5,892.0,1132.0,1255.0,1257.5,1361.0,1454.0,1477.5,2077.5,1785.5,586.0,786.5,1034.5,1140.0,1197.0,1266.0,1367.0,1385.5,2307.5,1984.5,801.5,1062.5,1349.5,1474.5,1491.5,1569.5,1681.5,1694.0,"{""type"":""MultiPoint"",""coordinates"":[]}"
211_0,3,1639.0,1350.0,561.0,690.5,877.0,991.0,1012.5,1103.5,1138.0,1197.5,2137.0,1843.0,782.5,984.0,1191.0,1326.0,1384.0,1489.5,1516.5,1542.0,2256.5,1961.5,830.0,1063.0,1296.5,1447.5,1496.0,1545.5,1580.5,1624.5,2628.0,2299.0,1176.0,1482.5,1741.0,1892.5,1896.5,1984.0,1990.0,2040.0,2258.0,2014.0,1180.0,1486.0,1622.0,1710.0,1576.0,1665.0,1712.0,1706.0,616.0,502.0,935.0,1310.0,1366.0,1710.0,1289.0,1288.0,1157.0,1066.0,702.0,550.0,676.0,980.0,1040.0,1248.0,1175.0,1261.0,1188.0,1029.0,820.0,653.0,608.0,932.0,809.0,1228.0,1261.0,1368.0,1259.0,1178.0,1089.0,829.0,461.0,768.0,588.0,1086.0,1672.0,1882.0,1775.0,1695.0,1708.5,991.0,285.5,616.0,333.0,1005.0,2816.5,3495.5,3400.5,3398.5,1714.0,911.0,178.0,410.5,184.5,741.5,2866.0,4080.5,4003.5,4052.5,1827.0,1547.0,638.0,814.0,1002.0,1101.0,1111.0,1196.0,1297.0,1328.0,1629.0,861.0,197.0,423.0,181.0,689.0,2965.0,4138.0,4074.0,4319.0,1655.0,866.0,109.0,460.0,242.0,885.0,3325.0,4542.0,4635.0,4642.0,1765.0,950.0,288.0,712.0,446.0,1293.0,3524.0,4658.0,4717.0,4795.0,1825.0,1011.0,479.0,1027.0,704.0,1835.0,3613.0,4293.0,4410.0,4605.0,1905.5,1150.5,564.5,1107.5,892.0,1986.0,3509.5,4065.5,4237.0,4327.5,2260.5,1430.5,633.0,1278.5,1264.0,2375.5,3470.5,3837.5,4005.5,4222.0,2577.0,1636.0,942.0,1570.0,1614.5,2648.5,3441.0,3779.5,4011.5,4152.5,2856.0,1938.5,1057.5,1663.5,2007.0,2920.0,3522.0,3750.0,4028.0,4088.0,3490.0,2550.0,1186.0,1709.0,2301.0,2918.0,3007.0,3355.0,3621.0,3622.0,2783.5,1877.0,921.5,1303.0,1883.0,2288.5,2451.5,2552.0,2622.5,2900.5,1714.0,1431.0,477.0,685.0,889.0,1007.0,1014.0,1113.0,1174.0,1231.0,3443.0,2586.0,994.0,1330.0,1887.0,2210.0,2410.0,2491.0,2603.0,2842.0,3259.0,2511.0,1046.5,1320.5,1743.0,2091.0,2176.5,2357.5,2372.0,2525.0,2940.5,2414.5,852.0,1088.0,1442.5,1689.5,1710.0,1857.5,1942.0,2069.5,3152.0,2586.0,935.0,1140.0,1464.0,1720.0,1753.0,1871.0,1950.0,2061.0,1531.0,1267.0,445.0,545.0,757.0,854.0,884.0,956.0,1041.0,1020.0,602.0,500.0,253.0,422.0,483.0,521.0,519.0,552.0,605.0,589.0,1461.0,1129.0,468.0,632.0,778.0,855.0,904.0,957.0,1027.0,1042.0,746.0,653.0,282.0,296.0,347.0,410.0,409.0,505.0,418.0,556.0,2236.0,1916.0,798.0,1023.0,1206.0,1382.0,1348.0,1482.0,1511.0,1542.0,2269.0,1955.0,1004.0,1125.0,1282.0,1429.0,1472.0,1547.0,1670.0,1635.0,1702.5,1439.5,543.0,669.5,838.0,927.0,965.5,998.5,1037.0,1092.5,2145.0,1857.0,816.0,973.0,1146.5,1255.0,1290.5,1395.0,1419.5,1476.5,2135.0,1850.0,831.5,1004.0,1190.5,1303.0,1347.5,1454.5,1484.0,1527.5,"{""type"":""MultiPoint"",""coordinates"":[]}"
212_0,3,1623.5,1355.0,558.0,694.0,906.0,1020.5,1021.5,1098.5,1190.5,1161.0,2356.0,2069.0,973.0,1231.5,1464.0,1593.5,1627.5,1667.5,1767.0,1751.5,2360.5,2068.0,875.0,1137.0,1366.0,1481.5,1527.0,1605.0,1674.0,1682.0,2446.0,2150.0,943.5,1217.0,1467.5,1589.0,1613.5,1681.5,1741.0,1760.0,314.0,290.0,864.0,1126.0,1135.0,1249.0,897.0,946.0,914.0,715.0,314.0,290.0,864.0,1126.0,1135.0,1249.0,897.0,946.0,914.0,715.0,309.0,245.0,657.0,968.0,951.0,1292.0,1060.0,1128.0,1006.0,888.0,501.0,358.0,642.0,968.0,943.0,1332.0,1201.0,1297.0,1232.0,1087.0,597.0,422.0,501.0,829.0,743.0,1213.0,1588.0,1714.0,1683.0,1540.0,730.0,445.0,227.0,478.0,323.5,906.0,1674.0,1925.0,1828.5,1665.0,1175.0,628.5,226.5,472.5,269.0,922.5,2591.5,3190.0,3172.0,2996.0,1858.0,1578.5,701.0,857.5,1059.5,1167.5,1167.5,1242.5,1343.5,1313.0,1469.0,739.0,249.0,548.0,330.0,992.0,2828.0,3456.0,3531.0,3443.0,1297.0,645.0,165.0,473.0,281.0,919.0,2723.0,3451.0,3438.0,3397.0,1242.0,623.0,165.0,436.0,230.0,849.0,2818.0,3523.0,3549.0,3640.0,1349.0,678.0,334.0,685.0,344.0,1100.0,3020.0,3663.0,3817.0,3776.0,1613.0,811.0,390.0,927.0,485.0,1537.0,3306.0,3909.0,4119.0,4064.0,1684.5,916.0,425.0,1004.5,572.0,1720.0,3121.0,3503.5,3674.0,3689.0,1999.0,1095.0,728.0,1289.0,1178.0,2158.0,2923.0,3146.0,3439.0,3445.0,2252.0,1413.5,701.5,1287.5,1317.0,2236.0,2870.0,3090.5,3404.5,3425.0,2993.0,2044.5,914.5,1414.5,1789.0,2362.5,2822.0,3048.5,3378.5,3397.5,2872.0,1937.0,910.0,1221.0,1822.0,2170.0,2283.0,2492.0,2643.0,2772.0,1686.0,1413.0,479.0,671.0,915.0,1023.0,1064.0,1091.0,1203.0,1202.0,3313.0,2383.0,910.0,1312.0,1839.0,2232.0,2313.0,2518.0,2529.0,2722.0,3199.5,2369.5,914.5,1181.5,1661.0,1928.0,2026.5,2206.0,2368.0,2475.5,2814.5,2207.5,659.0,881.5,1218.0,1405.5,1512.0,1636.0,1787.5,1863.5,2956.0,2372.0,765.0,930.0,1236.0,1429.0,1552.0,1666.0,1805.0,1899.0,2425.0,1598.0,510.0,677.0,958.0,1107.0,1189.0,1306.0,1482.0,1503.0,967.0,848.0,764.0,728.0,783.0,837.0,912.0,976.0,973.0,1015.0,1672.0,1452.0,542.0,744.0,941.0,1000.0,1047.0,1100.0,1206.0,1177.0,1813.0,1600.0,658.0,801.0,965.0,1060.0,1067.0,1131.0,1215.0,1217.0,2144.0,1914.0,746.0,960.0,1210.0,1299.0,1341.0,1405.0,1501.0,1503.0,2323.0,2075.0,931.0,1133.0,1338.0,1424.0,1484.0,1555.0,1678.0,1633.0,1788.0,1548.0,552.0,685.0,888.0,978.0,968.0,1033.0,1117.0,1091.0,1858.0,1610.0,683.0,810.0,978.0,1082.0,1081.0,1192.0,1251.0,1249.0,2117.5,1891.5,797.0,986.5,1211.5,1299.0,1328.0,1413.0,1509.5,1492.0,"{""type"":""MultiPoint"",""coordinates"":[]}"
213_0,3,3214.0,2577.0,1557.5,1613.5,1835.0,2027.5,2280.0,2374.5,2592.5,2604.0,2268.0,2050.0,650.0,908.0,1251.0,1382.0,1463.0,1550.0,1606.0,1654.0,2556.0,2385.0,812.0,1101.0,1460.0,1639.0,1672.0,1783.0,1869.0,1916.0,1267.0,1173.5,540.0,721.5,903.0,1027.5,918.0,998.5,1024.0,993.0,299.0,263.0,308.0,481.0,559.0,698.0,702.0,697.0,730.0,661.0,443.0,401.0,335.0,606.0,545.0,880.0,746.0,791.0,765.0,661.0,737.0,574.0,244.0,561.0,330.0,857.0,1141.0,1251.0,1184.0,1082.0,1292.0,807.0,244.0,576.0,299.0,969.0,2105.0,2449.0,2395.0,2428.0,1143.0,636.0,171.0,435.0,168.0,768.0,1951.0,2406.0,2290.0,2290.0,1170.0,612.0,116.0,370.0,143.0,687.0,2170.0,2770.5,2660.0,2692.0,1163.5,581.0,72.0,263.5,80.0,502.5,2247.0,3127.0,3180.0,3152.0,3237.0,2560.0,688.0,885.0,1240.0,1455.0,1506.0,1636.0,1910.0,1956.0,1360.0,657.0,60.5,274.5,48.0,567.5,2728.5,3927.0,3862.5,3958.5,1374.0,668.0,146.0,623.0,230.0,1069.5,3231.0,4215.0,4231.0,4292.0,1416.0,692.0,518.0,881.0,639.0,1344.0,3327.0,4129.0,4155.0,4293.0,1467.0,827.0,728.0,1165.0,1087.0,1913.0,3160.0,3588.0,3750.0,3818.0,1694.0,976.0,657.0,1158.0,1087.0,2006.0,3012.0,3339.0,3572.0,3665.0,2074.0,1242.0,650.0,1212.0,1290.0,2165.0,3043.0,3382.0,3508.0,3665.0,4412.5,3133.0,1216.5,1685.5,2266.5,2788.0,3143.5,3460.5,3781.0,3961.0,4171.0,3092.0,1109.5,1506.5,2111.5,2507.0,2822.5,3097.0,3397.5,3448.0,3886.0,2749.0,1091.0,1451.0,1923.0,2248.0,2487.0,2699.0,3405.0,3150.0,3478.0,2327.5,933.5,1251.0,1679.0,2022.0,2392.5,2601.5,2757.0,2900.0,3009.0,2311.0,619.0,830.0,1201.0,1361.0,1443.0,1607.0,1841.0,1914.0,3380.5,2694.0,737.5,1005.5,1283.0,1598.5,1932.5,2108.0,2237.0,2370.0,3786.0,3245.0,2028.5,2151.5,2287.0,2577.5,3028.5,3154.5,3379.5,3345.5,3043.0,2477.0,741.0,875.5,1014.0,1309.5,1657.0,1830.5,1938.0,1997.5,2928.0,2395.5,718.0,860.5,992.0,1299.5,1650.5,1828.5,1917.0,1979.5,2303.5,1664.5,433.5,637.0,765.0,1114.0,1399.5,1560.0,1698.0,1750.0,0.0,0.0,0.0,0.0,0.0,0.0,0.0,0.0,0.0,0.0,3450.0,2627.0,769.0,1074.0,1542.0,1749.0,1842.0,1981.0,2208.0,2330.0,2526.0,1970.0,873.0,1116.0,1567.0,1762.0,1866.0,2017.0,2208.0,2330.0,3391.0,2646.0,923.0,1175.0,1593.0,1826.0,1939.0,2081.0,2351.0,2421.0,1935.5,1558.0,545.5,638.0,822.0,939.0,1028.5,1117.5,1257.0,1268.0,928.5,780.5,270.5,329.0,461.5,522.5,549.0,602.0,634.5,662.0,2076.0,1862.0,613.0,803.0,1094.0,1233.0,1256.0,1323.0,1451.0,1476.0,2094.5,1909.0,607.0,825.5,1125.5,1262.5,1298.5,1373.5,1477.0,1511.0,"{""type"":""MultiPoint"",""coordinates"":[]}"
214_0,3,1869.0,1623.0,926.0,946.5,1071.5,1209.0,1265.0,1339.0,1415.5,1448.0,2692.0,2531.0,802.0,1093.0,1479.0,1631.0,1681.0,1759.0,1896.0,1903.0,2403.0,2234.0,721.0,943.0,1278.0,1387.0,1458.0,1588.0,1663.0,1652.0,505.0,486.5,423.5,555.0,604.5,733.5,647.5,703.0,644.0,622.5,223.0,198.5,222.5,380.0,366.0,514.5,482.5,513.0,466.5,441.5,410.5,328.5,290.0,486.0,452.5,668.5,733.5,797.5,779.5,737.0,809.0,620.0,242.0,486.0,327.0,826.0,1206.0,1352.0,1215.0,1183.0,1084.0,620.0,212.0,442.0,262.0,767.0,1725.0,1958.0,1859.0,1920.0,1267.0,639.0,98.0,284.0,97.0,524.0,2385.0,3319.0,3255.0,3227.0,1372.0,646.0,52.5,231.5,0.0,500.5,2793.5,4184.0,4268.5,4313.5,1388.0,624.5,33.0,250.5,0.0,501.5,2915.0,4535.5,4648.5,4664.5,2289.5,2015.0,959.5,984.5,1136.0,1243.5,1311.0,1378.5,1555.0,1542.5,1440.5,658.5,41.5,262.0,11.5,554.5,3131.5,4751.5,4819.0,4974.5,1536.0,711.5,183.5,734.0,265.5,1332.0,3647.0,4729.5,4851.0,4986.0,1619.0,801.0,507.0,910.0,654.0,1469.0,3473.0,4282.0,4340.0,4601.0,1734.0,967.0,726.0,1171.0,1060.0,1893.0,3171.0,3718.0,3833.0,3932.0,1888.0,1090.0,649.0,1143.0,1075.0,1956.0,2880.0,3257.0,3594.0,3590.0,4181.0,2860.0,991.0,1440.0,2005.0,2499.0,2860.0,3177.0,3377.0,3555.0,4521.5,3263.5,1109.0,1505.0,2109.5,2540.5,2838.5,3171.0,3409.0,3658.5,4300.0,3221.0,978.0,1353.0,2038.0,2456.0,2683.0,3018.0,3328.0,3407.0,4049.0,2938.0,978.0,1353.0,2024.0,2178.0,2408.0,2641.0,2981.0,3090.0,3461.0,2493.0,932.5,1229.5,1727.5,2055.0,2277.0,2461.0,2564.0,2748.0,2453.0,1833.0,626.0,806.0,1103.0,1258.0,1363.0,1434.0,1627.0,1615.0,3517.5,2757.5,779.5,1022.0,1365.5,1627.5,1871.5,2045.5,2176.5,2341.5,2469.5,2004.0,859.5,968.5,1156.0,1365.5,1493.0,1606.5,1732.0,1788.0,2845.5,2686.5,689.5,777.0,994.5,1223.0,1321.0,1450.5,1579.5,1657.0,2643.5,2465.0,658.5,770.5,958.0,1156.0,1287.5,1407.5,1523.5,1602.0,2106.0,1744.5,413.0,581.5,803.0,981.0,1153.0,1229.0,1429.0,1481.0,0.0,0.0,0.0,0.0,0.0,0.0,0.0,0.0,0.0,0.0,2130.0,1803.0,408.0,654.0,950.0,1161.0,1308.0,1334.0,1516.0,1574.0,1798.0,1616.5,886.0,897.0,935.0,1098.5,1280.0,1339.0,1565.0,1444.5,2407.5,2059.5,623.0,874.0,1113.5,1326.0,1534.5,1642.5,1803.5,1811.0,2485.5,2104.0,735.0,927.5,1158.5,1383.0,1670.0,1787.0,1948.0,2003.0,2261.0,2070.0,693.0,875.0,1105.0,1250.0,1368.0,1487.0,1612.0,1614.0,2248.0,2083.0,580.5,786.5,1078.5,1220.5,1313.0,1400.5,1556.5,1547.0,2380.5,2263.0,618.0,894.0,1205.0,1349.0,1428.5,1528.5,1652.5,1668.5,"{""type"":""MultiPoint"",""coordinates"":[]}"
215_0,3,717.0,740.0,153.0,200.0,227.0,240.0,252.0,285.0,298.0,319.0,819.0,736.5,221.5,236.0,264.5,277.5,283.5,333.5,348.0,376.5,1075.0,1078.0,344.0,352.0,385.0,408.0,411.0,445.0,483.0,495.0,1156.0,1191.0,403.0,409.0,442.0,463.0,465.0,516.0,524.0,547.0,1245.5,1230.0,522.0,489.5,505.0,515.5,500.0,553.5,570.0,590.0,1142.0,1123.5,390.0,399.5,406.5,442.5,459.0,491.0,514.0,560.0,1419.5,1314.5,537.0,555.5,574.0,653.0,762.0,804.5,894.0,850.0,1250.5,1213.5,364.0,417.5,408.5,532.0,715.0,758.5,758.0,830.0,1218.0,1101.5,395.0,480.0,430.0,611.0,1134.0,1220.0,1220.0,1256.5,1022.0,848.0,277.0,437.0,287.0,623.0,1773.0,2054.0,1977.0,1994.0,905.0,699.0,203.0,362.0,190.0,590.0,1941.0,2253.0,2237.0,2317.0,850.0,861.5,236.0,252.5,302.5,329.5,336.0,348.0,392.5,390.0,905.0,630.0,259.0,446.0,246.0,686.0,2347.0,2899.0,2847.0,2874.0,993.5,622.5,751.0,872.0,690.5,1083.5,2534.0,3084.0,3166.0,3158.5,928.5,615.0,342.5,558.0,399.5,872.5,2652.0,3216.5,3213.0,3341.5,1442.0,1063.0,789.0,982.5,828.0,1281.5,2843.5,3320.0,3452.0,3425.0,1128.0,707.0,501.0,808.0,607.0,1306.0,2989.0,3472.0,3660.0,3661.0,1905.5,1252.5,773.5,1187.5,1262.0,2032.5,3031.0,3319.5,3559.0,3697.5,2761.5,1804.0,1094.0,1469.5,1862.0,2450.5,3007.0,3361.0,3541.5,3768.0,2935.0,1996.0,945.0,1293.0,1837.0,2237.0,2784.0,3070.0,3357.0,3469.0,2460.5,1815.5,785.5,1065.0,1526.5,1754.5,1901.5,2018.5,2238.5,2297.0,2087.5,1616.5,708.0,902.0,1271.5,1502.0,1533.5,1680.0,1709.0,1893.5,716.0,647.0,164.0,172.0,205.0,237.0,234.0,246.0,271.0,313.0,761.0,754.0,139.0,194.0,259.0,295.0,314.0,353.0,395.0,406.0,644.0,632.0,179.0,178.0,221.0,262.0,250.0,285.0,322.0,303.0,663.5,676.0,139.0,157.0,196.5,231.0,256.5,273.0,292.5,297.5,780.0,824.0,184.0,193.0,238.0,259.0,259.0,289.0,306.0,325.0,520.5,511.5,109.5,109.5,141.5,158.0,172.0,210.0,217.5,227.5,0.0,0.0,0.0,0.0,0.0,0.0,0.0,0.0,0.0,0.0,561.0,573.0,155.0,155.0,180.0,186.0,192.0,219.0,236.0,216.0,0.0,0.0,0.0,0.0,0.0,0.0,0.0,0.0,0.0,0.0,1005.0,1033.0,227.0,282.0,329.0,353.0,412.0,431.0,451.0,471.0,1021.0,1011.0,265.0,288.0,343.0,365.0,392.0,430.0,482.0,499.0,639.0,660.0,203.0,186.0,201.0,220.0,194.0,207.0,234.0,257.0,1031.0,1050.0,330.0,357.0,387.0,410.0,422.0,456.0,504.0,503.0,1086.5,1106.0,375.0,388.0,430.5,447.5,473.0,499.5,538.5,558.0,"{""type"":""MultiPoint"",""coordinates"":[]}"
216_0,3,1538.0,1261.0,548.5,658.0,847.5,936.0,946.5,1006.0,1095.0,1094.0,2354.5,2030.5,1013.0,1302.5,1531.0,1639.5,1664.5,1731.0,1820.0,1819.0,2447.0,2107.5,1104.5,1388.0,1602.5,1719.5,1744.0,1808.5,1881.0,1883.5,2388.5,2100.5,1107.5,1385.0,1596.5,1701.5,1738.0,1798.0,1862.0,1844.5,344.0,314.0,963.0,1346.0,1393.0,1462.0,1015.0,1038.0,976.0,774.0,344.0,314.0,926.0,1266.0,1393.0,1567.0,1296.0,1453.0,1351.0,1196.0,284.0,267.0,662.0,1028.0,1041.0,1318.0,1033.0,1130.0,1041.0,870.0,420.0,308.0,537.0,842.0,826.0,1167.0,1055.0,1180.0,1088.0,874.0,437.0,343.0,447.0,719.0,677.0,1069.0,1018.0,1139.0,1036.0,891.0,427.5,302.0,249.0,487.0,441.5,860.5,883.5,1018.0,918.5,791.0,466.5,313.5,228.0,414.5,341.0,833.0,1032.0,1147.0,1072.5,962.0,1722.0,1446.0,636.0,807.0,983.0,1076.0,1086.0,1164.0,1219.0,1242.0,668.0,422.0,228.0,445.0,309.0,804.0,1349.0,1641.0,1401.0,1221.0,764.0,464.0,228.0,466.0,289.0,869.0,1558.0,1970.0,1726.0,1674.0,966.0,547.0,297.0,577.0,423.0,1045.0,2112.0,2400.0,2122.0,2090.0,1028.0,604.0,462.0,732.0,601.0,1236.0,2192.0,2445.0,2367.0,2450.0,2624.0,1523.0,871.0,1278.0,1543.0,2107.0,2729.0,2993.0,3286.0,3274.0,2866.0,1847.0,846.5,1240.0,1638.0,2090.5,2501.0,2776.5,3035.5,3093.5,3547.0,2509.0,1108.0,1478.0,1948.0,2278.0,2546.0,2802.0,2984.0,3151.0,3392.5,2513.0,933.5,1256.5,1715.0,1994.5,2213.5,2415.0,2712.0,2749.0,3214.0,2424.5,841.0,1203.0,1689.5,1968.0,2143.5,2365.0,2685.0,2634.5,1328.0,1015.0,508.0,579.0,734.0,876.0,909.0,963.0,994.0,1033.0,1602.0,1347.0,449.0,654.0,862.0,958.0,979.0,1059.0,1129.0,1154.0,1726.0,1426.0,538.0,668.0,851.0,999.0,1012.0,1096.0,1092.0,1182.0,1731.5,1437.0,584.5,726.5,890.0,1013.5,1031.0,1094.5,1138.5,1182.0,1699.5,1445.5,520.0,721.0,906.5,990.5,1030.5,1063.0,1173.0,1200.0,2155.0,1901.0,842.0,1047.0,1232.0,1351.0,1372.0,1464.0,1509.0,1537.0,1031.0,850.0,283.0,352.0,456.0,528.0,554.0,585.0,624.0,633.0,1055.0,1047.0,947.0,814.0,838.0,894.0,975.0,1084.0,1028.0,1190.0,1580.0,1233.0,523.0,730.0,893.0,964.0,1017.0,1063.0,1136.0,1125.0,1810.0,1505.0,701.0,850.0,982.0,1082.0,1116.0,1166.0,1211.0,1263.0,2305.0,1959.0,886.0,1141.0,1334.0,1450.0,1524.0,1556.0,1665.0,1659.0,2249.0,2013.0,1080.0,1307.0,1497.0,1615.0,1617.0,1733.0,1857.0,1825.0,1409.0,1158.0,391.0,519.0,676.0,737.0,739.0,798.0,852.0,866.0,1818.0,1561.0,751.0,931.0,1067.0,1144.0,1169.0,1232.0,1325.0,1306.0,2060.5,1784.0,824.0,1040.0,1227.0,1310.5,1342.0,1419.0,1528.0,1494.0,"{""type"":""MultiPoint"",""coordinates"":[]}"
217_0,3,1151.5,1009.0,338.5,422.5,510.0,569.0,570.5,627.5,681.0,683.0,1938.0,1748.0,676.0,862.0,1033.0,1111.0,1140.5,1218.5,1286.5,1298.0,2090.0,1911.0,729.0,925.5,1104.5,1202.5,1226.5,1288.0,1351.5,1374.5,2608.0,2375.0,1099.5,1371.0,1587.0,1715.5,1724.0,1795.5,1857.0,1884.0,2787.0,2570.0,1219.0,1449.0,1665.0,1779.0,1849.0,1919.0,2024.0,2013.0,1758.0,1518.0,903.0,1125.0,1342.0,1466.0,1486.0,1571.0,1656.0,1675.0,415.0,382.0,950.0,1185.0,1213.0,1322.0,1015.0,1019.0,1029.0,817.0,457.0,414.0,950.0,1185.0,1213.0,1343.0,1016.0,1053.0,1029.0,904.0,220.0,169.0,738.0,982.0,1043.0,1179.0,922.0,1049.0,980.0,858.0,194.5,157.5,563.5,835.5,889.0,1074.0,782.5,904.0,824.0,700.5,228.5,174.5,523.5,759.5,751.5,974.0,713.0,835.5,729.0,624.0,1328.0,1169.0,444.0,550.0,678.0,724.0,757.0,810.0,887.0,884.0,687.5,410.0,504.5,733.5,675.0,997.0,1242.5,1354.5,1321.5,1301.0,800.0,470.0,277.0,509.0,373.0,741.0,1385.0,1631.0,1534.0,1480.0,979.0,521.0,212.0,436.0,225.0,689.0,1841.0,2333.0,2263.0,2245.0,1180.0,604.0,295.0,499.0,269.0,749.0,2212.0,2800.0,2708.0,2661.0,1204.0,608.0,296.0,594.0,333.0,910.0,2306.0,2857.0,2835.0,2837.0,1264.5,685.5,339.5,709.0,465.0,1250.5,2527.0,2930.5,3029.0,3089.5,1928.0,1099.0,768.0,1199.0,1249.0,1964.0,2796.0,3191.0,3407.0,3451.0,2190.0,1411.5,830.0,1241.5,1397.0,2068.5,2798.5,3060.5,3352.5,3417.0,3320.0,2314.0,1036.0,1481.0,2017.0,2453.0,2814.0,3031.0,3436.0,3456.0,3257.5,2352.5,1052.5,1469.5,2096.5,2439.0,2548.5,2766.5,3005.5,3069.5,1429.0,1169.0,517.0,623.0,742.0,810.0,796.0,869.0,921.0,939.0,3358.0,2539.0,974.0,1330.0,1845.0,2203.0,2297.0,2460.0,2542.0,2775.0,3154.0,2443.0,1015.0,1297.5,1709.5,1949.0,2010.0,2225.0,2421.5,2456.5,2831.0,2313.0,811.5,1018.0,1340.5,1510.0,1586.5,1724.5,1894.0,1944.5,2783.0,2242.0,877.0,1069.0,1357.0,1544.0,1618.0,1721.0,1878.0,1954.0,2363.0,1555.0,729.0,888.0,1157.0,1261.0,1356.0,1500.0,1719.0,1683.0,0.0,0.0,0.0,0.0,0.0,0.0,0.0,0.0,0.0,0.0,2254.0,2036.0,790.0,1017.0,1244.0,1324.0,1354.0,1425.0,1523.0,1523.0,651.0,542.0,384.0,403.0,421.0,450.0,434.0,480.0,484.0,450.0,2471.0,2255.0,915.0,1155.0,1383.0,1505.0,1537.0,1599.0,1689.0,1690.0,2640.0,2490.0,1087.0,1315.0,1521.0,1622.0,1688.0,1740.0,1880.0,1842.0,1952.0,1713.0,559.0,719.0,903.0,974.0,983.0,1055.0,1108.0,1116.0,1755.0,1585.0,589.0,731.0,877.0,951.0,999.0,1053.0,1127.0,1140.0,1816.5,1651.0,627.0,778.5,918.0,996.5,1032.0,1094.0,1183.0,1160.5,"{""type"":""MultiPoint"",""coordinates"":[]}"
218_0,3,2882.0,2472.0,2101.0,2066.0,2139.5,2173.0,2302.0,2403.0,2665.5,2469.0,2519.0,2308.0,809.0,1083.0,1470.0,1593.0,1650.0,1735.0,1828.0,1878.0,2176.0,1994.0,675.0,882.0,1185.0,1314.0,1335.0,1378.0,1518.0,1532.0,493.5,487.5,537.0,704.5,755.5,942.5,708.0,765.0,693.5,655.5,248.0,229.0,388.0,557.5,567.0,707.5,552.0,594.5,559.0,478.5,617.5,482.5,464.5,643.5,682.0,885.5,945.0,1031.5,1048.0,1043.5,550.0,389.0,312.0,461.0,424.0,698.0,926.0,1008.0,1052.0,974.0,778.0,572.0,312.0,518.0,448.0,827.0,1120.0,1190.0,1052.0,1124.0,1069.0,613.0,182.0,345.0,196.0,576.0,1616.0,1948.0,1875.0,1874.0,1186.0,610.0,61.0,232.5,35.0,430.0,2312.5,3363.5,3277.5,3397.0,1275.0,604.0,67.0,244.0,36.0,439.0,2518.0,3891.0,3936.5,3997.0,2145.0,1916.0,1100.5,1139.0,1258.5,1400.5,1529.0,1595.0,1530.0,1700.0,1325.5,630.0,67.5,258.5,43.0,487.5,2745.5,4272.5,4263.0,4445.0,1430.5,669.0,202.5,588.5,214.5,1004.5,3348.0,4520.5,4640.5,4811.0,1523.0,744.0,506.0,895.0,600.0,1374.0,3437.0,4293.0,4338.0,4561.0,1677.0,929.0,745.0,1159.0,991.0,1860.0,3225.0,3717.0,3893.0,3945.0,1842.0,1061.0,667.0,1151.0,1084.0,1931.0,2854.0,3210.0,3546.0,3559.0,2351.0,1478.0,737.0,1207.0,1390.0,2188.0,2868.0,3169.0,3394.0,3497.0,4699.0,3399.0,1225.5,1679.5,2424.5,2854.5,3078.5,3374.0,3744.0,3888.5,4610.0,3392.0,1159.0,1625.5,2363.5,2710.5,2969.0,3243.0,3559.5,3618.0,4112.0,3052.0,1096.0,1491.0,2175.0,2485.0,2700.0,2990.0,3352.0,3428.0,3528.0,2633.5,993.5,1235.5,1720.0,2005.5,2181.0,2380.0,2562.0,2715.0,1864.0,1552.0,560.0,730.0,952.0,1097.0,1247.0,1305.0,1443.0,1457.0,3542.5,2846.0,783.0,1075.5,1451.5,1723.5,1860.5,2008.0,2147.5,2310.0,2073.5,1986.5,819.5,899.5,1020.0,1128.0,1187.0,1249.5,1324.0,1364.0,2788.5,2846.5,682.5,767.5,1018.0,1151.5,1231.5,1332.5,1446.0,1521.5,2630.5,2620.0,668.5,763.5,986.5,1131.0,1180.0,1287.0,1400.5,1456.5,2028.0,1715.5,407.0,554.5,801.0,933.5,1014.0,1125.0,1279.5,1295.0,0.0,0.0,0.0,0.0,0.0,0.0,0.0,0.0,0.0,0.0,1483.0,1137.0,269.0,428.0,638.0,805.0,920.0,929.0,1061.0,1114.0,1863.0,1558.0,398.0,547.0,737.0,955.0,1082.0,1221.0,1242.0,1332.0,2207.0,1823.0,527.0,747.0,957.0,1211.0,1423.0,1530.0,1635.0,1664.0,2356.5,1894.0,817.0,1031.0,1205.0,1523.0,1891.0,2041.0,1997.0,2216.0,2248.0,1864.0,753.0,962.0,1081.0,1384.0,1694.0,1846.0,1928.0,1982.0,2102.0,1883.5,559.0,753.0,1047.0,1181.5,1215.5,1305.0,1428.5,1438.5,2110.5,1950.5,629.5,863.0,1151.5,1266.5,1332.5,1401.5,1539.0,1503.5,"{""type"":""MultiPoint"",""coordinates"":[]}"
219_0,3,3184.0,2436.5,896.0,1054.0,1399.5,1572.0,1706.0,1841.0,2036.5,2099.5,2131.0,1969.0,651.0,901.0,1173.0,1318.0,1345.0,1443.0,1544.0,1563.0,2224.0,2094.0,724.0,938.0,1210.0,1392.0,1410.0,1483.0,1548.0,1576.0,2107.5,1988.0,732.0,959.0,1225.5,1346.5,1377.5,1454.0,1510.5,1535.5,517.0,431.0,739.0,816.0,862.0,960.0,919.0,969.0,994.0,920.0,469.0,339.0,368.0,603.0,558.0,801.0,894.0,930.0,926.0,920.0,469.0,349.0,368.0,565.0,473.0,778.0,911.0,950.0,926.0,946.0,1747.0,1075.0,319.0,634.0,443.0,953.0,2008.0,2201.0,2290.0,2295.0,884.0,472.0,162.0,323.0,237.0,509.0,1316.0,1573.0,1458.0,1442.0,960.0,474.0,63.0,235.5,77.0,431.0,1768.5,2393.0,2393.5,2342.0,1164.5,557.5,50.5,213.5,39.5,397.0,2163.5,3214.0,3282.5,3264.5,3118.5,2490.5,1075.5,1112.5,1332.0,1499.0,1585.5,1754.5,2015.0,2007.5,1252.5,560.0,48.5,221.0,32.5,421.5,2375.0,3881.0,3880.5,3947.0,1082.0,493.0,42.0,220.5,21.0,456.5,2482.5,3838.5,3961.5,3995.0,1182.0,542.0,475.0,770.0,507.0,1094.0,2836.0,3737.0,3858.0,3930.0,1305.0,684.0,584.0,938.0,706.0,1465.0,3025.0,3737.0,3858.0,3904.0,1309.0,713.0,496.0,910.0,713.0,1499.0,2726.0,3190.0,3394.0,3473.0,1619.0,943.0,445.0,913.0,965.0,1740.0,2568.0,2875.0,3085.0,3178.0,4298.5,3010.0,1107.5,1588.5,2182.5,2677.0,2949.5,3232.5,3519.5,3634.0,4475.5,3310.5,1175.5,1626.5,2357.5,2681.0,2960.5,3213.5,3595.5,3680.0,4172.0,3024.0,1112.0,1481.0,2064.0,2336.0,2559.0,2791.0,3144.0,3208.0,4258.5,3219.0,1081.0,1447.0,2079.5,2462.5,2576.5,2817.0,2995.5,3221.0,3511.5,2821.0,777.5,1020.5,1438.5,1621.0,1692.0,1851.0,2111.0,2152.0,3792.5,2985.0,900.0,1208.5,1647.5,1916.5,2055.5,2230.5,2395.5,2533.0,3830.0,3180.5,1877.5,2050.5,2345.0,2589.5,2666.0,2812.0,2946.5,3017.0,3431.0,2928.0,870.5,1011.0,1293.0,1502.5,1631.0,1776.5,1936.0,2001.0,3311.5,2818.5,843.0,984.5,1257.0,1469.5,1606.0,1749.0,1898.0,1958.0,2084.5,1585.5,494.5,690.0,969.5,1175.5,1276.0,1393.0,1565.0,1617.0,0.0,0.0,0.0,0.0,0.0,0.0,0.0,0.0,0.0,0.0,3801.0,3050.0,1003.0,1356.0,1908.0,2173.0,2210.0,2385.0,2638.0,2665.0,4091.0,3432.0,1338.0,1624.0,1953.0,2255.0,2244.0,2425.0,2645.0,2729.0,3723.0,3061.0,1109.0,1469.0,1811.0,2021.0,2210.0,2412.0,2645.0,2565.0,3085.0,2587.0,1217.5,1367.0,1658.5,1841.0,1950.5,2093.5,2309.5,2303.0,2051.0,1882.0,716.0,867.0,1114.0,1278.0,1336.0,1390.0,1482.0,1533.0,1877.0,1754.0,534.0,696.5,975.0,1070.0,1105.5,1184.0,1258.5,1277.5,1946.5,1818.0,583.0,770.5,1037.5,1148.5,1198.5,1276.0,1358.0,1375.0,"{""type"":""MultiPoint"",""coordinates"":[]}"
220_0,3,1810.5,1493.5,616.5,750.0,996.0,1108.5,1130.0,1201.0,1316.5,1322.0,2390.5,2083.0,936.5,1212.5,1478.0,1581.0,1621.0,1682.5,1794.5,1786.0,2402.5,2085.0,846.5,1139.0,1406.0,1522.5,1560.5,1640.0,1722.0,1739.0,2434.0,2139.0,919.0,1224.0,1504.0,1627.0,1651.5,1725.5,1795.5,1816.0,998.0,925.0,1086.0,1352.0,1641.0,1795.0,1495.0,1544.0,1406.0,1332.0,165.0,145.0,605.0,822.0,840.0,971.0,649.0,735.0,669.0,526.0,388.0,343.0,670.0,995.0,895.0,1270.0,1084.0,1158.0,1007.0,919.0,670.0,441.0,594.0,900.0,795.0,1305.0,1380.0,1466.0,1388.0,1259.0,765.0,489.0,373.0,648.0,498.0,1116.0,1518.0,1656.0,1503.0,1383.0,844.5,513.5,254.0,516.0,303.5,919.5,1747.0,2075.0,1795.0,1666.0,1161.0,625.0,232.5,536.5,290.0,969.0,2381.5,2900.0,2810.0,2776.0,2036.5,1728.5,718.0,909.5,1153.5,1249.0,1287.0,1352.0,1443.0,1489.5,1254.0,656.0,215.0,428.0,251.0,830.0,2488.0,3308.0,3236.0,3320.0,1146.0,566.0,112.0,335.0,170.0,656.0,2365.0,3289.0,3202.0,3212.0,1159.0,564.0,112.0,350.0,157.0,656.0,2667.0,3476.0,3490.0,3631.0,1418.0,688.0,301.0,638.0,298.0,1033.0,3178.0,4001.0,4017.0,4096.0,1603.0,803.0,368.0,877.0,431.0,1448.0,3479.0,4211.0,4277.0,4403.0,1682.5,877.0,385.0,945.0,491.0,1592.0,3426.0,3931.0,4057.0,4197.5,1900.0,1018.0,843.0,1473.0,1198.0,2354.0,3406.0,3813.5,4009.0,4107.0,2328.5,1393.0,817.0,1518.5,1419.5,2730.5,3473.5,3794.5,4012.5,4138.0,3412.5,2342.0,1053.0,1573.0,2008.5,2750.0,2986.5,3258.5,3543.5,3690.5,2747.0,1845.0,807.0,1242.0,1909.0,2338.0,2468.0,2726.0,2885.0,3088.0,1853.0,1560.0,519.0,729.0,981.0,1083.0,1110.0,1212.0,1333.0,1345.0,3557.0,2623.0,913.0,1289.0,1839.0,2289.0,2337.0,2513.0,2566.0,2829.0,3313.5,2514.0,864.0,1141.5,1628.0,1922.0,2040.0,2191.0,2385.0,2499.0,3076.5,2472.0,713.0,947.5,1307.0,1561.0,1654.0,1789.0,1941.0,2093.0,2328.0,1897.0,809.0,972.0,1272.0,1445.0,1476.0,1578.0,1784.0,1772.0,2036.0,1452.0,539.0,674.0,925.0,1062.0,1119.0,1199.0,1374.0,1341.0,598.0,397.0,490.0,445.0,484.0,514.0,528.0,595.0,666.0,631.0,1697.0,1434.0,516.0,693.0,887.0,969.0,1027.0,1031.0,1169.0,1140.0,340.0,274.0,225.0,191.0,192.0,196.0,215.0,235.0,233.0,238.0,2080.0,1808.0,656.0,859.0,1100.0,1213.0,1225.0,1291.0,1398.0,1359.0,2241.0,1962.0,829.0,1027.0,1230.0,1320.0,1376.0,1429.0,1567.0,1539.0,1877.0,1597.0,556.0,684.0,929.0,984.0,978.0,1004.0,1118.0,1126.0,1943.0,1671.0,690.0,830.0,1032.0,1133.0,1139.0,1229.0,1321.0,1327.0,2066.5,1812.5,727.0,912.0,1139.0,1227.0,1270.0,1350.5,1464.5,1424.0,"{""type"":""MultiPoint"",""coordinates"":[]}"
221_0,3,161.5,146.0,163.5,214.5,316.0,364.5,250.0,294.0,307.5,206.5,2294.0,1880.0,740.0,953.0,1184.0,1299.0,1389.0,1475.0,1609.0,1617.5,2341.5,2011.0,831.0,1047.0,1255.0,1394.5,1456.0,1548.0,1640.0,1672.5,2502.0,2202.5,1061.0,1313.0,1534.5,1670.5,1690.5,1777.5,1845.5,1872.0,2669.0,2375.0,1329.0,1574.0,1785.0,1906.0,1937.0,1989.0,2095.0,2074.0,1365.0,1280.0,1146.0,1353.0,1547.0,1648.0,1649.0,1733.0,1469.0,1681.0,256.0,219.0,626.0,917.0,930.0,1082.0,882.0,964.0,910.0,751.0,468.0,333.0,693.0,1015.0,953.0,1412.0,1285.0,1391.0,1248.0,1119.0,628.0,507.0,520.0,834.0,657.0,1227.0,1408.0,1515.0,1495.0,1274.0,1007.5,621.5,258.0,546.5,319.0,981.5,2194.0,2604.5,2522.0,2371.5,1232.0,673.0,168.5,399.5,207.0,729.0,2500.0,3178.5,3220.5,3025.5,214.0,186.0,255.0,363.0,446.0,520.0,359.0,393.0,419.0,340.0,1345.0,659.0,191.0,414.0,204.0,696.0,2632.0,3714.0,3701.0,3722.0,1326.0,659.0,101.0,340.0,120.0,665.0,2756.0,3747.0,3951.0,3819.0,1388.0,691.0,160.0,437.0,204.0,837.0,2984.0,4238.0,4303.0,4378.0,1536.0,776.0,423.0,887.0,537.0,1507.0,3306.0,4003.0,4147.0,4142.0,1555.0,841.0,427.0,930.0,682.0,1581.0,2995.0,3456.0,3908.0,3726.0,1904.0,1103.5,505.5,1004.0,937.0,1867.0,2872.0,3229.0,3578.5,3591.0,2342.0,1411.0,914.5,1433.0,1590.0,2266.0,2937.5,3270.5,3601.5,3593.5,2997.0,2016.5,983.5,1482.5,1855.5,2541.5,2993.5,3293.0,3614.5,3682.0,4301.5,2843.5,1274.5,1837.0,2592.0,3212.5,3499.5,3766.0,4149.5,4278.0,4702.0,3181.0,1516.0,2114.0,3048.0,3613.0,3760.0,4079.0,4278.0,4516.0,214.0,179.0,255.0,279.0,395.0,434.0,359.0,393.0,419.0,340.0,4498.0,3138.0,1318.0,1837.0,2627.0,3110.0,3206.0,3495.0,3586.0,3854.0,4258.0,3046.0,1186.5,1583.0,2219.0,2585.0,2721.0,2965.5,3184.0,3298.0,3630.0,2801.5,826.5,1092.5,1513.5,1724.5,1822.5,1958.5,2209.0,2237.5,355.0,271.0,351.0,469.0,637.0,727.0,670.0,729.0,797.0,695.0,164.0,137.0,96.0,144.0,221.0,251.0,157.0,216.0,238.0,149.0,185.0,170.0,154.0,256.0,319.0,330.0,271.0,305.0,332.0,267.0,140.0,123.0,118.0,173.0,275.0,368.0,237.0,269.0,280.0,177.0,173.0,152.0,158.0,207.0,325.0,432.0,382.0,424.0,450.0,390.0,2160.0,1465.0,590.0,839.0,1113.0,1448.0,1551.0,1687.0,1836.0,1950.0,1121.0,784.0,537.0,660.0,823.0,1059.0,1132.0,1313.0,1424.0,1508.0,3152.0,2236.0,1013.0,1315.0,1742.0,2096.0,2106.0,2237.0,2561.0,2555.0,4436.0,3527.0,1546.0,1855.0,2297.0,2565.0,2699.0,2847.0,3214.0,3169.0,4269.0,3397.0,1541.0,1801.5,2239.5,2516.0,2638.0,2789.5,3046.5,3100.5,"{""type"":""MultiPoint"",""coordinates"":[]}"
222_0,3,1963.5,1583.5,606.5,787.0,1030.5,1155.0,1194.0,1269.5,1375.5,1413.0,2350.0,1964.5,817.0,1045.5,1314.0,1425.0,1472.0,1539.5,1669.0,1688.5,2782.5,2362.0,1071.5,1383.5,1712.5,1845.0,1839.5,1937.0,2042.0,2053.5,3018.0,2557.5,1196.0,1539.0,1875.5,2017.0,2023.5,2130.5,2254.5,2240.5,537.0,435.0,993.0,1276.0,1295.0,1548.0,1170.0,1217.0,1149.0,1000.0,461.0,385.0,721.0,1023.0,1178.0,1406.0,1170.0,1217.0,1149.0,980.0,689.0,499.0,632.0,910.0,971.0,1283.0,1452.0,1551.0,1605.0,1469.0,1058.0,796.0,556.0,887.0,756.0,1290.0,1810.0,1937.0,1829.0,1843.0,1724.0,925.0,334.0,675.0,380.0,1036.0,2881.0,3499.0,3535.0,3285.0,1835.5,940.0,243.0,569.0,261.5,946.0,3145.5,4269.0,4303.0,4291.5,1654.5,808.5,82.5,312.0,121.5,657.0,3036.5,4434.5,4556.0,4607.5,2236.0,1831.0,713.0,920.0,1170.0,1304.0,1368.0,1431.0,1508.0,1583.0,1641.0,790.0,116.0,339.0,176.0,681.0,3101.0,4538.0,4672.0,4828.0,1667.0,787.0,68.0,373.0,130.0,781.0,3445.0,4856.0,5185.0,5164.0,1712.0,834.0,272.0,734.0,356.0,1256.0,3711.0,4856.0,5233.0,5224.0,1882.0,924.0,479.0,1031.0,693.0,1822.0,3771.0,4612.0,4847.0,4924.0,1938.0,1065.5,523.5,1087.0,843.0,1919.0,3601.0,4119.0,4555.0,4556.0,2479.0,1533.5,741.0,1342.5,1511.0,2473.0,3456.0,3904.5,4231.0,4303.5,3342.5,2230.0,1178.5,1805.5,2469.0,3208.0,3869.0,4249.0,4714.0,4699.0,4111.0,2935.0,1341.5,1872.5,2646.0,3142.0,3382.0,3644.5,3998.0,4081.5,3962.0,2904.0,1290.0,1827.0,2629.0,2923.0,3052.0,3310.0,3703.0,3644.0,3931.5,2786.0,1307.5,1774.0,2623.0,2951.5,3071.5,3307.0,3524.0,3634.5,2198.0,1813.0,668.5,851.0,1127.0,1247.0,1304.5,1388.0,1519.5,1534.0,3503.0,2559.0,1034.5,1419.0,1995.5,2364.0,2448.0,2585.5,2737.5,2886.0,3333.5,2497.0,1118.5,1433.5,1940.0,2146.5,2256.5,2362.0,2670.0,2671.0,3043.0,2421.0,814.5,1026.0,1389.5,1535.5,1645.5,1727.5,1953.0,2002.0,3032.5,2462.5,825.5,1001.5,1339.0,1498.0,1632.0,1718.0,1851.5,1935.0,1881.0,1312.0,494.0,674.0,935.0,1056.0,1079.0,1115.0,1276.0,1310.0,0.0,0.0,0.0,0.0,0.0,0.0,0.0,0.0,0.0,0.0,1751.0,1321.0,538.0,732.0,940.0,1050.0,1085.0,1170.0,1249.0,1267.0,2018.0,1618.0,667.0,821.0,1018.0,1158.0,1156.0,1238.0,1303.0,1320.0,2529.0,2088.0,881.0,1093.0,1355.0,1488.0,1523.0,1580.0,1734.0,1729.0,2214.0,1814.0,1122.0,1279.0,1506.0,1631.0,1703.0,1818.0,1981.0,1918.0,2061.5,1646.0,679.0,833.5,1044.5,1157.0,1139.5,1228.5,1323.0,1340.0,2513.0,2096.0,931.0,1108.0,1322.0,1469.0,1567.0,1638.0,1766.0,1796.0,2442.0,2022.0,821.0,1054.0,1344.0,1462.0,1545.0,1585.0,1712.0,1760.0,"{""type"":""MultiPoint"",""coordinates"":[]}"
223_0,3,1711.0,1454.5,501.5,627.0,842.5,944.5,981.0,1039.0,1124.0,1160.5,2371.5,2035.0,1006.5,1281.0,1534.5,1640.0,1680.0,1742.0,1867.5,1851.5,2144.5,1815.5,755.5,1008.5,1257.5,1352.5,1383.0,1444.0,1551.5,1535.5,148.0,146.0,499.0,775.0,816.0,950.5,684.0,758.0,738.5,590.0,107.0,102.5,586.5,803.5,875.0,988.5,802.5,850.5,836.5,704.5,193.0,146.0,551.5,871.5,895.0,1100.5,917.5,1017.5,975.0,828.5,371.0,311.0,414.0,714.5,647.0,983.0,959.5,1036.5,984.5,880.5,816.0,505.0,391.0,682.5,507.5,961.0,1565.0,1702.5,1747.5,1563.5,1727.0,832.5,251.0,557.5,276.0,919.5,3097.0,3842.0,3877.0,3853.0,1761.0,877.0,222.5,564.0,283.5,926.0,3180.5,4381.0,4366.5,4463.5,1665.5,795.0,193.0,439.5,256.5,788.5,3032.5,4344.5,4450.5,4588.0,1963.5,1679.0,588.0,757.0,978.0,1096.5,1139.5,1212.0,1324.5,1335.5,1705.5,820.0,210.0,472.0,263.0,843.5,3221.0,4611.5,4669.5,4890.5,1675.5,801.0,247.0,670.0,359.5,1250.5,3609.5,4780.5,4849.0,5025.5,1762.0,871.5,412.5,878.5,592.5,1569.5,3663.0,4415.5,4511.0,4707.5,2068.0,1093.0,628.5,1121.0,974.5,2051.0,3473.5,3967.5,4138.0,4327.5,2447.5,1479.0,741.5,1292.5,1375.5,2403.5,3360.0,3791.0,4045.5,4140.0,3051.0,1999.0,926.0,1516.0,1962.0,2745.0,3347.0,3647.0,3958.0,4119.0,4255.0,2937.5,1201.5,1677.0,2376.0,2809.5,3075.0,3383.0,3617.0,3784.5,4245.0,2925.0,1216.5,1723.5,2576.0,3154.0,3367.0,3649.0,3900.0,4110.5,3709.5,2810.5,1199.5,1599.0,2246.0,2586.5,2815.0,3019.5,3407.5,3384.5,2215.5,1672.0,781.0,1084.0,1498.5,1726.5,1745.5,1862.0,1934.5,2008.0,1837.5,1565.0,482.0,676.0,906.0,999.0,1096.0,1141.0,1231.0,1235.0,2508.0,1979.5,876.5,1174.5,1594.5,1827.0,1876.5,1984.0,2032.0,2145.0,2405.0,1937.0,917.0,1159.0,1518.0,1689.0,1761.0,1839.5,1944.0,2013.5,2109.5,1760.0,695.5,854.0,1126.0,1283.5,1310.5,1399.5,1480.5,1533.0,1833.0,1459.5,575.5,831.0,1082.5,1220.0,1238.5,1328.0,1455.0,1428.0,1402.0,1212.0,390.0,507.0,722.0,772.5,799.5,874.0,961.5,955.0,0.0,0.0,0.0,0.0,0.0,0.0,0.0,0.0,0.0,0.0,1512.0,1167.0,427.0,590.0,778.5,880.5,896.5,984.0,1079.0,1098.0,1760.5,1503.0,585.5,725.0,885.5,977.0,1031.5,1104.5,1173.5,1190.5,2182.0,1862.0,744.0,949.0,1161.0,1299.5,1312.5,1419.0,1506.0,1541.5,2168.0,1853.5,800.0,931.0,1154.0,1250.5,1275.0,1346.0,1505.5,1439.0,2044.5,1728.0,740.5,873.0,1055.5,1146.0,1181.5,1259.0,1366.0,1373.0,2080.0,1798.0,698.0,893.5,1117.5,1214.0,1260.0,1361.0,1438.0,1442.5,2143.0,1836.0,800.0,1022.0,1263.5,1365.5,1402.5,1463.0,1569.5,1550.0,"{""type"":""MultiPoint"",""coordinates"":[]}"
224_0,3,1314.5,1116.5,620.5,655.0,713.0,869.5,953.5,1014.0,1069.5,1082.0,2496.0,2366.0,933.0,1174.0,1481.0,1586.0,1581.0,1618.0,1757.0,1772.0,2434.0,2397.0,895.0,1113.0,1378.0,1520.0,1519.0,1591.0,1689.0,1702.0,798.0,784.5,603.0,783.0,912.5,1053.5,938.5,995.5,966.0,963.0,593.0,564.5,735.5,918.0,931.5,1102.0,808.0,913.0,774.5,754.0,635.0,465.5,434.0,711.5,544.5,995.5,1232.5,1312.5,1280.5,1188.0,807.0,583.0,385.0,710.0,492.0,936.0,1266.0,1420.0,1361.0,1257.0,1141.0,699.0,187.0,543.0,220.0,876.0,1977.0,2214.0,2140.0,2173.0,1238.0,640.0,93.0,305.0,120.0,611.0,2259.0,2912.0,2786.0,2849.0,1302.5,613.0,47.5,232.5,3.5,439.5,2592.0,3986.0,3962.0,4038.0,1254.5,569.5,27.0,215.0,0.0,389.5,2595.5,4184.0,4237.0,4274.0,1783.5,1527.5,910.5,953.0,1009.5,1169.0,1330.0,1396.0,1480.0,1477.0,1297.0,590.0,39.5,217.5,1.5,417.5,2725.0,4392.5,4480.0,4615.5,1323.5,611.5,136.5,466.5,136.5,813.0,3153.5,4485.0,4664.0,4759.0,1410.0,668.0,529.0,893.0,622.0,1357.0,3349.0,4355.0,4404.0,4618.0,1560.0,865.0,730.0,1133.0,1000.0,1868.0,3211.0,3729.0,3914.0,3962.0,1644.0,931.0,630.0,1118.0,1026.0,1868.0,2891.0,3301.0,3580.0,3599.0,2059.0,1230.0,621.0,1134.0,1308.0,2055.0,2775.0,3015.0,3317.0,3390.0,4548.0,3151.5,1193.5,1648.5,2275.5,2683.5,3002.5,3242.5,3558.5,3661.5,4672.0,3344.0,1154.0,1591.0,2391.0,2840.0,3039.0,3243.0,3447.0,3452.0,4248.0,3197.0,1154.0,1470.0,2208.0,2526.0,2724.0,2987.0,3304.0,3440.0,3082.0,2502.0,1044.5,1337.0,1793.5,2105.5,2285.5,2503.5,2480.0,2715.5,1653.0,1350.0,368.0,577.0,728.0,946.0,1146.0,1204.0,1323.0,1352.0,3751.0,2899.0,866.0,1152.5,1569.0,1898.5,2064.5,2224.5,2357.5,2539.0,3076.0,2683.5,883.0,1049.5,1315.0,1535.5,1675.5,1803.0,1990.0,2031.0,2684.0,2543.0,979.5,1045.0,1147.0,1404.5,1637.5,1721.0,1854.0,1885.5,2421.5,2330.0,616.0,723.5,863.5,1114.0,1300.0,1431.0,1488.5,1618.0,1555.5,1276.5,329.5,516.0,618.0,919.0,1303.0,1414.5,1572.0,1585.0,0.0,0.0,0.0,0.0,0.0,0.0,0.0,0.0,0.0,0.0,1416.0,1062.0,253.0,430.0,549.0,832.0,1074.0,1180.0,1225.0,1294.0,2615.5,2394.5,1652.0,1719.0,1732.0,2113.5,2502.5,2658.0,2746.0,2724.0,1848.0,1454.0,463.5,705.5,774.0,1136.0,1532.5,1638.0,1746.5,1790.0,1886.5,1563.5,546.0,708.5,852.5,1102.5,1343.0,1477.0,1574.5,1587.0,1933.0,1694.0,532.0,676.0,890.0,1086.0,1130.0,1232.0,1321.0,1331.0,2159.0,2028.0,687.5,862.0,1119.5,1246.0,1321.5,1399.0,1521.0,1552.0,2422.0,2358.5,828.5,1062.0,1345.0,1445.0,1466.5,1527.5,1645.0,1657.5,"{""type"":""MultiPoint"",""coordinates"":[]}"
225_0,3,1718.5,1437.0,550.5,675.5,887.0,1010.0,1042.5,1097.0,1223.0,1232.0,1875.0,1629.5,696.5,891.5,1097.0,1184.0,1202.0,1284.5,1367.0,1379.5,2047.5,1807.0,861.5,1074.0,1290.0,1380.0,1376.0,1430.0,1503.0,1521.0,2335.0,2069.0,1046.5,1280.0,1515.5,1612.5,1617.0,1708.0,1781.5,1761.0,2005.0,1796.0,1027.0,1251.0,1499.0,1599.0,1616.0,1689.0,1736.0,1726.0,352.0,334.0,882.0,1104.0,1023.0,1262.0,946.0,951.0,918.0,710.0,359.0,276.0,605.0,871.0,848.0,1084.0,1022.0,1045.0,1008.0,921.0,433.0,321.0,598.0,860.0,848.0,1113.0,1083.0,1163.0,1072.0,1070.0,488.0,372.0,511.0,763.0,752.0,983.0,987.0,1065.0,948.0,876.0,821.0,466.0,269.0,512.0,399.5,819.5,1503.0,1779.5,1582.5,1692.5,1160.0,629.0,159.0,361.5,188.0,687.0,2180.0,2733.0,2639.5,2703.5,1890.0,1599.0,610.0,760.0,983.0,1122.0,1141.0,1206.0,1329.0,1350.0,1499.0,734.0,146.0,345.0,137.0,670.0,2675.0,3673.0,3475.0,3604.0,1495.0,734.0,61.0,294.0,72.0,632.0,2744.0,3966.0,3919.0,3940.0,1512.0,748.0,114.0,360.0,174.0,728.0,2961.0,4189.0,4171.0,4409.0,1574.0,780.0,382.0,744.0,454.0,1288.0,3117.0,3845.0,3958.0,3978.0,1602.0,862.0,400.5,828.5,553.5,1467.5,2951.5,3490.5,3768.0,3763.5,1913.0,1129.5,455.5,896.0,975.5,1721.0,2585.0,2924.0,3209.0,3345.0,2679.0,1719.0,930.5,1340.5,1868.5,2330.5,2718.0,3030.5,3390.5,3431.0,3240.5,2127.5,1022.5,1514.5,2213.0,2654.5,2962.0,3293.5,3698.5,3738.0,4136.0,2921.0,1111.0,1532.0,2341.0,2715.0,3009.0,3331.0,3741.0,3824.0,4037.0,2858.0,1088.0,1552.0,2419.0,2824.5,2891.5,3304.0,3608.0,3689.0,1895.0,1601.0,592.5,737.0,975.5,1043.0,1127.0,1168.5,1314.5,1319.0,3658.0,2622.5,887.5,1298.0,1928.0,2175.0,2290.0,2546.0,2954.0,2882.0,3612.5,2674.5,988.0,1346.0,1928.5,2194.0,2329.5,2546.0,2900.0,2916.5,3238.0,2498.0,774.5,1011.5,1429.0,1601.0,1710.5,1882.5,2114.5,2131.0,3216.5,2559.5,801.0,989.0,1381.0,1590.5,1627.5,1806.0,2003.0,2064.0,1612.0,1301.0,413.0,523.0,745.0,854.0,894.0,966.0,1043.0,1102.0,0.0,0.0,0.0,0.0,0.0,0.0,0.0,0.0,0.0,0.0,1501.0,1263.0,485.0,622.0,778.0,850.0,883.0,915.0,1060.0,1042.0,1625.0,1434.0,600.0,675.0,813.0,902.0,902.0,963.0,1039.0,1075.0,2106.0,1824.0,762.0,926.0,1143.0,1250.0,1254.0,1302.0,1442.0,1449.0,2051.5,1768.5,776.0,895.5,1086.0,1169.5,1158.5,1244.5,1334.0,1348.5,1657.0,1423.0,519.5,624.0,799.5,873.5,838.0,898.0,983.0,1001.5,2018.0,1798.5,775.5,905.5,1069.0,1176.0,1222.0,1308.5,1413.0,1406.0,2007.5,1746.0,795.0,935.5,1106.0,1188.5,1259.5,1333.5,1464.5,1448.0,"{""type"":""MultiPoint"",""coordinates"":[]}"
226_0,3,1727.0,1434.0,553.5,669.0,902.5,983.0,1002.5,1084.5,1194.5,1202.0,2035.5,1742.0,729.5,940.0,1162.5,1253.5,1299.0,1350.5,1449.0,1459.0,2183.0,1883.0,901.5,1125.0,1354.0,1450.5,1450.5,1512.0,1575.5,1586.5,2465.0,2148.0,1078.5,1323.0,1574.5,1700.0,1687.0,1784.0,1856.5,1854.0,2085.0,1839.0,1072.0,1293.0,1555.0,1683.0,1671.0,1770.0,1774.0,1836.0,423.0,335.0,817.0,1057.0,1047.0,1271.0,1066.0,1083.0,1109.0,954.0,425.0,324.0,643.0,862.0,900.0,1187.0,1108.0,1163.0,1147.0,1080.0,607.0,392.0,672.0,911.0,883.0,1185.0,1339.0,1426.0,1411.0,1348.0,1075.0,644.0,684.0,923.0,883.0,1282.0,1916.0,2068.0,2023.0,2035.0,1459.0,778.0,302.0,632.0,415.5,1041.5,2600.5,3281.0,3042.5,3272.5,1665.0,844.5,188.5,468.0,180.0,804.5,2973.5,4145.5,4081.0,4216.5,1934.0,1612.0,669.0,809.0,1004.0,1125.0,1172.0,1199.0,1308.0,1353.0,1767.0,852.0,202.0,472.0,165.0,809.0,3235.0,4616.0,4564.0,4870.0,1748.0,837.0,117.0,382.0,204.0,889.0,3276.0,4581.0,4707.0,4916.0,1774.0,863.0,170.0,455.0,311.0,975.0,3322.0,4658.0,4843.0,5022.0,1839.0,903.0,401.0,776.0,540.0,1491.0,3307.0,4262.0,4450.0,4559.0,1927.0,1026.0,401.0,791.0,633.0,1491.0,3019.0,3699.0,4139.0,4075.0,2085.5,1251.5,452.5,869.5,885.5,1729.0,2901.5,3413.0,3701.0,3789.5,2559.5,1577.0,735.5,1185.5,1409.0,2050.5,2898.5,3251.5,3646.0,3689.0,3019.5,1982.5,887.5,1313.0,1764.0,2432.0,2975.0,3241.0,3695.5,3727.0,4113.0,2883.0,1179.0,1599.0,2309.0,2714.0,2999.0,3293.0,3756.0,3734.0,3947.5,2714.5,1179.0,1667.5,2530.5,2835.5,3097.0,3274.0,3723.5,3773.5,1898.0,1607.0,597.5,755.5,974.0,1079.0,1107.5,1178.5,1302.5,1309.5,3521.5,2543.0,973.5,1367.0,1973.5,2201.5,2387.0,2581.5,2972.5,2895.0,3416.5,2510.0,1031.0,1369.5,1920.5,2067.0,2257.0,2469.5,2844.5,2753.5,3092.0,2421.0,779.0,976.0,1343.0,1497.5,1618.5,1749.5,2009.0,2021.5,3068.0,2451.0,793.0,950.5,1307.0,1463.0,1584.0,1694.5,1915.0,2008.5,1583.0,1254.0,438.0,519.0,754.0,842.0,878.0,942.0,1048.0,1027.0,1273.0,1189.0,913.0,909.0,967.0,1071.0,1197.0,1318.0,1154.0,1339.0,1505.0,1188.0,490.0,632.0,804.0,896.0,917.0,960.0,1052.0,1100.0,1708.0,1394.0,625.0,721.0,854.0,962.0,987.0,1023.0,1101.0,1129.0,2178.0,1816.0,817.0,1014.0,1218.0,1308.0,1324.0,1401.0,1520.0,1494.0,2083.0,1744.5,823.0,953.5,1131.0,1214.0,1218.0,1264.5,1418.0,1399.5,1690.0,1396.5,546.0,657.0,831.5,899.0,898.0,937.5,1033.5,1051.5,2060.0,1767.0,797.0,925.0,1094.0,1185.5,1285.0,1363.5,1460.5,1484.5,2044.5,1718.5,799.5,960.5,1117.5,1216.5,1309.0,1413.0,1513.0,1497.0,"{""type"":""MultiPoint"",""coordinates"":[]}"
227_0,3,1753.5,1432.0,592.5,727.5,933.5,1065.5,1097.5,1164.0,1228.0,1267.5,2207.0,1859.5,831.0,1035.5,1255.0,1386.0,1429.5,1512.0,1580.0,1593.5,2308.5,1966.0,885.5,1160.0,1397.5,1541.5,1566.0,1648.5,1700.5,1711.5,2626.0,2255.5,1177.5,1480.5,1746.5,1913.0,1917.0,2006.0,2076.5,2056.5,2218.0,1923.0,1160.0,1461.0,1728.0,1897.0,1767.0,1896.0,1756.0,1739.0,439.0,400.0,987.0,1232.0,1293.0,1440.0,1129.0,1180.0,1111.0,969.0,417.0,325.0,686.0,1038.0,1021.0,1358.0,1284.0,1353.0,1313.0,1124.0,508.0,349.0,585.0,933.0,866.0,1274.0,1257.0,1353.0,1232.0,1147.0,694.0,543.0,464.0,787.0,678.0,1094.0,1419.0,1548.0,1546.0,1408.0,1302.5,714.5,286.5,604.5,354.5,972.0,2332.0,2654.0,2588.5,2636.0,1576.5,790.5,162.5,451.0,174.5,797.5,2913.5,3924.0,3880.0,3807.0,1975.0,1607.0,666.0,857.0,1041.0,1191.0,1223.0,1260.0,1298.0,1408.0,1618.0,792.0,192.0,472.0,177.0,822.0,3158.0,4284.0,4221.0,4282.0,1544.0,761.0,126.0,502.0,218.0,940.0,3357.0,4491.0,4613.0,4672.0,1612.0,799.0,232.0,663.0,380.0,1216.0,3613.0,4588.0,4697.0,4809.0,1629.0,805.0,431.0,954.0,645.0,1776.0,3567.0,4236.0,4359.0,4427.0,1648.0,910.5,478.0,998.0,808.0,1845.5,3205.0,3652.5,3949.0,3939.5,1912.0,1160.5,539.5,1036.0,1098.5,2021.5,2856.0,3216.5,3421.0,3503.5,2332.5,1394.5,883.0,1383.0,1565.0,2273.5,2862.0,3177.0,3463.0,3500.0,2663.5,1737.5,892.0,1372.5,1794.0,2469.5,2926.0,3226.5,3541.5,3616.5,3521.5,2434.0,1005.0,1485.0,2094.5,2581.0,2926.5,3218.0,3483.0,3641.5,3056.0,2175.0,873.0,1261.0,1912.0,2365.0,2520.0,2888.0,2921.0,3204.0,1826.0,1509.0,501.0,703.0,923.0,1056.0,1105.0,1149.0,1225.0,1351.0,3187.0,2333.0,873.0,1237.0,1839.0,2297.0,2319.0,2684.0,2599.0,2816.0,3064.5,2228.5,906.5,1207.0,1642.5,1931.0,2161.0,2325.0,2482.0,2639.0,2784.0,2128.5,716.5,917.5,1224.0,1486.0,1603.0,1715.0,1845.5,1987.0,2797.0,2212.0,783.0,956.0,1232.0,1462.0,1583.0,1717.0,1775.0,1955.0,1590.0,1308.0,463.0,612.0,853.0,945.0,971.0,1047.0,1172.0,1172.0,614.0,544.0,299.0,422.0,502.0,526.0,582.0,617.0,616.0,676.0,1550.0,1254.0,499.0,678.0,852.0,974.0,996.0,1061.0,1124.0,1146.0,1371.0,1104.0,621.0,722.0,804.0,888.0,835.0,888.0,1050.0,938.0,2244.0,1918.0,801.0,1025.0,1224.0,1378.0,1391.0,1495.0,1547.0,1569.0,2389.0,2058.0,1022.0,1208.0,1399.0,1516.0,1575.0,1662.0,1775.0,1762.0,1743.5,1478.5,556.5,702.5,867.0,966.5,961.5,1024.0,1081.0,1094.0,2059.0,1756.5,760.0,947.5,1128.0,1250.5,1289.0,1332.5,1430.0,1471.5,2176.5,1847.5,841.0,1033.0,1210.5,1337.5,1374.5,1442.0,1515.5,1514.5,"{""type"":""MultiPoint"",""coordinates"":[]}"
228_0,3,1728.0,1417.5,595.5,751.0,959.5,1058.0,1094.0,1151.5,1251.5,1272.5,2154.5,1800.5,803.5,1005.0,1228.0,1353.0,1414.0,1494.0,1602.5,1586.5,2342.5,1977.0,935.0,1206.5,1470.0,1613.0,1632.0,1686.0,1777.0,1828.5,2631.5,2243.0,1183.0,1498.0,1792.0,1936.5,1935.0,2024.5,2077.0,2108.5,2269.0,1963.0,1146.0,1426.0,1479.0,1604.0,1593.0,1658.0,1759.0,1718.0,566.0,526.0,1146.0,1426.0,1423.0,1604.0,1270.0,1296.0,1266.0,1072.0,415.0,328.0,645.0,933.0,957.0,1240.0,945.0,1058.0,1009.0,949.0,538.0,392.0,645.0,943.0,957.0,1240.0,1176.0,1253.0,1232.0,1104.0,569.0,464.0,389.0,693.0,621.0,978.0,1067.0,1182.0,1119.0,980.0,1271.5,735.0,316.5,598.5,425.5,929.5,2090.0,2407.0,2530.0,2430.0,1455.5,733.0,206.0,454.5,246.5,774.5,2507.0,3434.0,3524.0,3446.0,1894.0,1587.0,678.0,826.0,1024.0,1157.0,1168.0,1224.0,1324.0,1343.0,1378.0,665.0,193.0,417.0,196.0,679.0,2688.0,3732.0,3815.0,3731.0,1412.0,668.0,85.0,426.0,153.0,788.0,3044.0,4045.0,4176.0,4093.0,1514.0,726.0,207.0,599.0,324.0,1086.0,3313.0,4396.0,4456.0,4607.0,1586.0,769.0,450.0,958.0,627.0,1727.0,3489.0,4057.0,4223.0,4313.0,1648.0,912.5,500.0,1075.0,798.0,1854.0,3252.5,3717.0,3969.5,3934.5,1947.0,1167.0,589.5,1141.0,1146.5,2101.0,3048.0,3345.5,3665.5,3792.5,2339.0,1386.0,931.5,1463.5,1565.5,2360.5,3071.0,3352.5,3692.0,3753.5,2655.0,1712.0,980.0,1495.0,1859.0,2562.0,3018.5,3297.5,3675.0,3631.0,3482.5,2473.5,1052.0,1488.5,2038.0,2591.0,2849.0,3121.0,3494.5,3547.0,2658.0,1844.0,977.0,1455.0,2131.0,2415.0,2626.0,2729.0,3130.0,3295.0,1789.0,1492.0,488.0,725.0,949.0,1038.0,1085.0,1148.0,1253.0,1252.0,3420.0,2442.0,996.0,1376.0,1963.0,2279.0,2324.0,2608.0,2859.0,2735.0,3198.5,2347.5,1046.0,1385.0,1868.0,2196.0,2253.5,2466.0,2686.5,2670.5,2843.5,2296.5,812.0,1032.5,1396.5,1627.0,1659.5,1811.0,2041.0,1986.5,3002.0,2418.0,875.0,1082.0,1426.0,1643.0,1645.0,1797.0,2037.0,1955.0,1572.0,1308.0,465.0,608.0,842.0,936.0,979.0,1027.0,1184.0,1134.0,987.0,766.0,759.0,745.0,771.0,816.0,915.0,961.0,987.0,976.0,1247.0,928.0,421.0,566.0,710.0,778.0,841.0,877.0,993.0,977.0,272.0,214.0,163.0,126.0,124.0,137.0,173.0,175.0,178.0,188.0,2070.0,1711.0,784.0,998.0,1159.0,1292.0,1315.0,1388.0,1511.0,1507.0,2021.5,1673.5,804.0,944.0,1128.0,1211.0,1243.0,1324.0,1493.0,1430.0,1564.0,1291.0,565.0,674.0,803.0,866.0,920.0,989.0,1071.0,1062.0,2129.0,1775.5,833.5,992.0,1161.5,1270.0,1300.5,1403.5,1498.5,1484.0,2133.5,1787.0,830.5,1035.0,1211.0,1299.0,1374.0,1463.0,1566.0,1556.0,"{""type"":""MultiPoint"",""coordinates"":[]}"
229_0,3,1777.0,1502.5,499.5,643.0,853.5,998.0,998.0,1060.0,1146.0,1185.0,2466.5,2122.0,940.0,1231.0,1510.5,1638.5,1666.0,1743.5,1815.0,1829.5,2474.5,2121.0,885.0,1152.5,1448.0,1573.5,1583.5,1627.5,1711.5,1751.5,2408.0,2107.5,870.0,1133.0,1399.5,1530.0,1522.5,1586.0,1644.5,1692.0,560.5,445.5,519.5,748.5,787.5,1063.5,905.5,990.5,974.0,905.0,286.5,226.5,608.5,824.0,889.5,1061.5,936.5,982.5,972.5,883.5,694.5,481.5,594.5,820.0,827.0,1175.5,1496.5,1569.0,1441.0,1464.0,1362.0,821.5,480.0,789.0,532.5,1175.5,2222.0,2428.0,2358.0,2238.5,1479.5,815.0,365.0,707.5,419.5,1136.5,2906.0,3416.5,3352.0,3383.5,1608.5,871.0,335.0,715.5,475.5,1232.5,2906.5,3484.0,3502.0,3608.5,1540.5,822.5,320.0,706.5,457.0,1223.5,2889.0,3558.0,3616.0,3662.0,2076.0,1771.5,566.5,777.0,1021.5,1148.5,1151.0,1231.5,1328.0,1364.0,1506.5,783.0,281.5,661.0,401.5,1183.5,2924.0,3593.0,3709.5,3854.0,1390.0,723.0,255.0,614.5,377.5,1108.0,2886.0,3549.5,3692.0,3828.0,1411.5,734.5,307.5,640.0,372.0,1103.0,2982.0,3620.0,3665.5,3850.5,1739.0,899.5,447.5,933.0,531.5,1562.0,3285.5,3798.0,3869.5,3983.0,1761.0,950.5,454.5,1009.5,637.5,1656.0,3097.0,3540.0,3736.5,3722.5,1904.0,1086.0,486.0,1105.0,904.0,1945.0,2959.0,3280.0,3440.0,3503.0,2230.0,1300.5,818.0,1403.0,1474.0,2370.0,3052.0,3330.5,3572.0,3750.5,2616.0,1622.0,816.0,1369.5,1631.5,2371.0,2802.5,3099.0,3396.5,3437.0,3532.5,2581.5,963.5,1378.0,1912.5,2384.5,2632.5,2849.0,3232.0,3379.5,2502.0,1920.0,750.0,1037.0,1436.0,1678.5,1673.5,1875.5,1958.0,2076.5,1910.5,1625.0,474.0,695.0,918.0,1032.0,1066.0,1157.5,1231.0,1232.5,2241.0,1763.0,654.5,927.5,1286.5,1479.5,1527.0,1645.0,1708.5,1781.5,2415.5,1922.5,890.0,1090.5,1398.5,1597.0,1631.0,1737.5,1829.5,1906.5,2176.5,1783.0,666.0,839.0,1108.0,1260.5,1291.0,1371.0,1508.5,1529.0,2266.5,1769.0,699.0,935.5,1183.0,1370.0,1341.0,1481.5,1572.0,1621.0,1948.5,1522.0,515.5,647.5,892.5,997.5,1065.5,1139.5,1233.0,1273.5,0.0,0.0,0.0,0.0,0.0,0.0,0.0,0.0,0.0,0.0,1723.0,1460.5,465.0,643.0,825.5,927.5,975.5,1021.5,1104.5,1132.5,1776.5,1576.0,545.0,664.0,823.5,926.0,945.5,1012.5,1075.0,1074.5,2153.5,1881.5,664.0,868.5,1086.5,1191.5,1223.5,1283.0,1359.5,1379.0,2202.0,1935.0,675.0,846.0,1088.5,1196.5,1150.0,1229.0,1335.0,1355.0,1984.5,1735.5,618.0,743.0,929.5,1053.5,1021.0,1105.0,1175.0,1216.0,1869.5,1650.5,596.5,750.0,937.0,1025.0,1031.0,1132.5,1200.5,1206.5,2257.5,1956.0,792.5,1062.0,1322.5,1436.5,1460.0,1512.5,1611.0,1625.0,"{""type"":""MultiPoint"",""coordinates"":[]}"
230_0,3,1627.5,1353.5,557.0,685.5,886.5,970.5,988.0,1053.0,1133.5,1170.0,2146.0,1856.0,799.5,1013.5,1217.5,1343.0,1412.5,1499.0,1537.0,1561.5,2303.0,2004.5,867.5,1118.5,1362.5,1500.5,1524.0,1604.5,1642.5,1695.0,2642.5,2310.0,1192.0,1520.0,1799.0,1953.0,1938.5,2004.5,2056.0,2095.5,1135.0,1015.0,1117.0,1443.0,1485.0,1586.0,1497.0,1571.0,1440.0,1406.0,599.0,493.0,830.0,1220.0,1197.0,1432.0,1166.0,1144.0,1126.0,936.0,645.0,530.0,650.0,943.0,990.0,1217.0,1086.0,1150.0,1149.0,976.0,764.0,661.0,598.0,918.0,850.0,1235.0,1194.0,1248.0,1158.0,1089.0,1148.0,813.0,487.0,801.0,635.0,1087.0,1456.0,1627.0,1502.0,1452.0,1522.0,905.5,253.5,563.0,343.5,938.0,2299.0,2832.5,2717.0,2761.0,1692.0,918.5,187.5,428.5,205.0,756.0,2745.0,3747.0,3905.5,3846.5,1806.0,1543.0,643.0,811.0,1004.0,1115.0,1127.0,1167.0,1247.0,1286.0,1673.0,892.0,194.0,424.0,175.0,674.0,3043.0,4231.0,4218.0,4379.0,1645.0,900.0,124.0,409.0,194.0,865.0,3264.0,4404.0,4522.0,4585.0,1697.0,900.0,224.0,558.0,360.0,1022.0,3264.0,4546.0,4570.0,4737.0,1741.0,977.0,465.0,928.0,635.0,1650.0,3488.0,4207.0,4355.0,4415.0,1781.0,1077.5,498.5,1026.0,754.0,1762.0,3344.5,3848.0,4119.0,4180.5,2045.5,1293.0,557.0,1117.0,1068.0,2104.5,3211.5,3636.0,3874.5,3951.5,2420.0,1553.0,944.5,1510.5,1512.0,2430.0,3316.0,3599.0,3937.5,3969.5,2762.5,1868.5,1034.5,1620.5,1905.0,2816.0,3390.0,3612.5,3996.0,4057.0,3367.0,2393.0,1145.0,1708.0,2253.0,2755.0,2921.0,3045.0,3423.0,3502.0,3173.5,2448.5,1198.0,1670.0,2395.0,2652.5,2634.5,2814.0,3240.0,3097.0,1690.0,1426.0,484.0,660.0,866.0,950.0,1010.0,1051.0,1157.0,1152.0,3414.0,2578.0,1095.0,1526.0,2120.0,2420.0,2488.0,2663.0,2878.0,2948.0,3197.0,2446.5,1056.5,1359.5,1857.0,2093.0,2164.0,2332.0,2571.0,2633.5,2868.0,2294.5,843.0,1084.0,1438.0,1597.5,1704.5,1783.0,2025.5,1994.5,3008.0,2499.0,892.0,1117.0,1447.0,1660.0,1715.0,1859.0,2018.0,2027.0,1527.0,1281.0,456.0,577.0,798.0,861.0,913.0,972.0,1066.0,1019.0,850.5,726.5,638.5,660.0,713.0,747.5,801.0,846.5,898.0,859.5,1390.0,1092.0,432.0,581.0,725.0,835.0,850.0,908.0,974.0,1034.0,440.0,363.0,195.0,207.0,226.0,254.0,273.0,300.0,276.0,326.0,2194.0,1880.0,793.0,1016.0,1215.0,1366.0,1409.0,1426.0,1507.0,1562.0,2267.0,1947.0,991.0,1159.0,1325.0,1427.0,1482.0,1568.0,1675.0,1598.0,1669.0,1438.0,550.0,684.0,851.0,944.0,944.5,1003.0,1047.5,1094.0,2147.0,1844.0,839.5,995.5,1157.0,1308.5,1332.0,1408.5,1445.0,1495.0,2149.0,1848.0,839.0,1035.0,1221.5,1311.5,1388.5,1462.0,1523.0,1540.5,"{""type"":""MultiPoint"",""coordinates"":[]}"
231_0,3,1729.5,1419.0,581.0,713.0,938.0,1044.5,1093.0,1150.5,1221.0,1231.0,2291.5,1983.5,869.0,1133.0,1372.0,1487.0,1532.5,1615.0,1685.5,1688.0,2353.5,2059.0,876.0,1153.5,1391.0,1519.5,1557.5,1613.5,1698.5,1717.0,2270.0,2014.5,870.5,1123.5,1356.0,1479.5,1502.5,1578.0,1629.0,1657.5,347.0,310.0,1005.0,1261.0,1288.0,1432.0,1006.0,1047.0,1001.0,772.0,759.0,512.0,1005.0,1261.0,1296.0,1611.0,1511.0,1643.0,1594.0,1499.0,409.0,355.0,721.0,1010.0,1000.0,1395.0,1314.0,1417.0,1338.0,1218.0,818.0,684.0,721.0,1010.0,1000.0,1456.0,1572.0,1736.0,1775.0,1610.0,617.0,430.0,597.0,830.0,758.0,1306.0,1537.0,1652.0,1586.0,1528.0,744.0,476.5,350.0,635.5,555.0,1088.0,1625.0,1752.5,1598.5,1562.5,1055.0,613.0,258.5,586.0,411.5,993.0,2057.0,2421.5,2293.5,2292.5,1922.0,1612.0,691.0,828.0,1076.0,1178.0,1213.0,1255.0,1321.0,1397.0,1090.0,605.0,255.0,502.0,348.0,873.0,1918.0,2375.0,2044.0,2130.0,1162.0,608.0,151.0,358.0,166.0,673.0,2247.0,2918.0,2699.0,2774.0,1180.0,616.0,113.0,336.0,127.0,626.0,2536.0,3428.0,3302.0,3455.0,1501.0,755.0,328.0,651.0,317.0,1055.0,3217.0,4120.0,4072.0,4160.0,1640.0,804.5,373.5,795.5,386.0,1313.0,3434.0,4249.5,4459.5,4415.0,1617.0,881.0,359.5,834.0,480.5,1467.0,3139.0,3637.5,3787.0,3800.5,1941.0,1028.0,694.0,1264.0,1032.0,1979.0,3152.0,3579.0,3727.0,3786.0,2401.0,1520.0,860.5,1491.5,1664.5,2710.5,3352.0,3677.5,4007.0,4085.0,3609.5,2559.5,1116.5,1599.0,2170.5,2736.5,3026.5,3299.0,3651.5,3715.0,2683.0,2031.0,739.0,1051.0,1452.0,1724.0,1832.0,1995.0,1990.0,2189.0,1792.0,1487.0,461.0,691.0,947.0,1057.0,1081.0,1153.0,1275.0,1306.0,2626.0,2031.0,753.0,1051.0,1422.0,1654.0,1730.0,1835.0,1894.0,2030.0,2511.5,1936.5,792.0,1009.0,1313.0,1497.5,1606.5,1712.5,1778.5,1872.5,2265.5,1810.0,643.0,833.5,1085.0,1218.0,1297.0,1402.5,1471.5,1514.5,2365.0,1969.0,755.0,923.0,1153.0,1287.0,1343.0,1477.0,1516.0,1582.0,1975.0,1571.0,506.0,639.0,863.0,983.0,1023.0,1141.0,1252.0,1279.0,0.0,0.0,0.0,0.0,0.0,0.0,0.0,0.0,0.0,0.0,1558.0,1239.0,491.0,694.0,875.0,955.0,982.0,1095.0,1173.0,1134.0,1842.0,1556.0,651.0,787.0,973.0,1063.0,1133.0,1189.0,1248.0,1276.0,2299.0,1963.0,818.0,1066.0,1301.0,1433.0,1439.0,1538.0,1641.0,1630.0,2446.0,2128.0,982.0,1211.0,1439.0,1544.0,1579.0,1683.0,1843.0,1775.0,1895.0,1637.0,613.0,751.0,982.0,1060.0,1095.0,1148.0,1244.0,1226.0,2056.0,1753.0,698.0,903.0,1116.0,1207.0,1287.0,1338.0,1412.0,1437.0,2095.0,1795.0,775.0,980.5,1180.0,1287.0,1322.5,1408.0,1498.5,1479.5,"{""type"":""MultiPoint"",""coordinates"":[]}"
232_0,3,2773.5,2001.0,849.5,963.5,1218.0,1440.0,1523.0,1687.5,1892.5,2002.5,2358.0,2190.0,685.0,892.0,1202.0,1306.0,1310.0,1447.0,1557.0,1596.0,2450.0,2346.0,762.0,967.0,1322.0,1438.0,1423.0,1493.0,1639.0,1681.0,2699.5,2530.0,881.5,1142.5,1493.5,1640.0,1681.0,1779.5,1873.0,1917.5,646.0,585.0,783.0,940.0,1004.0,1075.0,891.0,927.0,906.0,804.0,646.0,585.0,865.0,940.0,1004.0,1075.0,891.0,927.0,906.0,804.0,496.0,384.0,305.0,582.0,388.0,811.0,927.0,959.0,931.0,846.0,1957.0,1253.0,402.0,712.0,496.0,1039.0,2048.0,2203.0,2280.0,2315.0,1327.0,755.0,306.0,567.0,399.0,923.0,2058.0,2455.0,2479.0,2490.0,1294.5,676.0,117.0,369.0,128.5,632.0,2254.0,3046.5,2974.0,2992.5,1347.5,673.0,108.5,341.0,109.5,578.0,2478.5,3471.5,3461.5,3477.0,3319.0,2608.0,1106.5,1287.5,1599.5,1823.0,1924.5,2064.5,2218.0,2287.0,1318.5,621.5,74.5,243.0,72.5,441.0,2460.0,3872.5,3876.0,4008.5,1149.0,541.0,37.0,206.0,31.0,405.0,2452.5,3919.5,4018.5,4082.5,1075.0,512.0,379.0,573.0,399.0,746.0,2404.0,3684.0,3803.0,3828.0,1262.0,636.0,560.0,868.0,561.0,1262.0,2973.0,3863.0,4003.0,4094.0,1271.0,636.0,433.0,820.0,561.0,1262.0,2987.0,3769.0,3996.0,4029.0,1360.0,754.0,381.0,841.0,668.0,1393.0,2833.0,3333.0,3570.0,3622.0,2581.5,1522.0,989.5,1548.0,1846.5,2592.0,3270.0,3678.0,4029.5,4071.0,3178.0,2018.5,1289.5,1778.0,2271.5,2911.0,3424.0,3800.0,4173.0,4253.0,3648.0,2822.0,1285.0,1714.0,2344.0,2708.0,2980.0,3171.0,3519.0,3511.0,3727.0,2503.5,1191.0,1668.5,2517.0,2977.0,3123.0,3353.5,3627.0,3775.0,3382.0,2601.5,766.0,1010.5,1394.0,1676.0,1835.0,1985.5,2225.0,2313.0,4035.5,2828.0,1076.0,1502.0,2182.5,2552.0,2708.0,2961.5,3188.0,3364.0,4928.0,4088.0,2659.5,2944.5,3418.5,3767.0,3856.5,4042.5,4274.5,4288.5,3372.0,2455.5,935.5,1160.5,1498.0,1832.5,2033.5,2202.0,2394.5,2488.0,3154.0,2291.5,908.0,1116.0,1399.0,1738.5,1991.0,2173.5,2331.0,2433.5,2381.0,1579.5,535.5,790.0,971.0,1350.0,1778.0,1963.0,2179.5,2209.5,0.0,0.0,0.0,0.0,0.0,0.0,0.0,0.0,0.0,0.0,3461.0,2552.0,796.0,1105.0,1437.0,1799.0,2009.0,2183.0,2419.0,2518.0,3717.5,2756.5,953.5,1220.0,1522.0,1924.0,2308.0,2510.0,2712.5,2855.0,3182.0,2322.0,761.0,1062.5,1253.5,1648.5,2192.0,2369.5,2617.0,2691.0,1925.5,1727.0,551.5,689.0,932.5,1057.0,1082.5,1158.0,1284.5,1291.0,2145.0,1915.0,611.0,751.0,1047.0,1184.0,1155.0,1212.0,1352.0,1398.0,2041.0,1901.0,548.0,711.0,972.0,1076.0,1104.0,1158.0,1261.0,1301.0,2165.0,2041.5,629.5,809.0,1089.0,1189.0,1220.0,1304.0,1427.0,1446.0,"{""type"":""MultiPoint"",""coordinates"":[]}"
233_0,3,1835.5,1516.0,542.5,686.5,931.5,1077.0,1114.0,1185.5,1273.5,1325.5,2320.0,1991.5,856.0,1148.5,1436.0,1552.5,1611.0,1689.5,1788.0,1789.5,2367.0,2011.5,821.5,1072.5,1379.5,1511.5,1539.0,1613.5,1717.0,1743.5,2325.5,2009.5,810.0,1055.0,1350.0,1471.5,1509.0,1575.0,1668.0,1695.0,264.0,230.0,614.0,885.0,955.0,1083.5,916.0,979.5,1059.5,878.5,264.0,230.0,751.5,1074.0,1076.5,1263.0,1020.0,1072.0,1061.5,911.0,713.0,547.5,542.5,796.0,687.5,1117.0,1630.0,1696.0,1634.5,1527.0,1356.5,768.0,345.0,673.5,337.5,980.0,2763.5,3295.5,3366.5,3170.0,1444.5,689.0,114.0,417.5,108.5,763.0,3604.0,4936.0,5086.5,4979.0,1937.0,1058.0,250.0,631.5,585.0,1355.5,3232.5,4114.5,4546.5,4813.5,2117.5,1180.0,288.0,647.5,531.0,1239.5,2933.0,3656.5,4061.0,4366.0,2111.5,1765.5,597.5,816.0,1077.5,1231.0,1283.5,1366.5,1417.0,1497.0,1970.0,1056.0,255.0,593.5,392.5,1074.5,2740.5,3407.5,3599.0,3849.5,1728.0,864.0,167.5,496.0,289.5,908.5,2707.0,3382.0,3539.0,3849.5,1590.5,788.0,217.5,550.5,268.0,949.0,2910.5,3651.5,3749.0,3973.5,1891.0,936.0,482.5,957.0,511.5,1536.0,3553.0,4194.5,4373.0,4482.0,1928.0,1010.0,477.0,1073.0,635.0,1803.5,3589.0,4107.5,4379.5,4403.0,2087.0,1195.0,563.0,1285.0,959.0,2273.0,3514.0,3775.0,4135.0,4210.0,2490.5,1413.0,834.5,1580.0,1444.5,2733.5,3634.5,4027.5,4395.0,4445.0,2733.0,1676.0,854.5,1547.0,1653.0,2721.0,3400.0,3686.5,4138.5,4159.5,3846.0,2602.5,1057.0,1554.5,2044.5,2609.0,2979.0,3266.5,3784.0,3813.0,3044.5,2136.5,1036.0,1469.0,2150.0,2464.0,2642.0,2805.0,3114.5,3138.0,1997.0,1645.0,525.0,725.0,1003.0,1130.5,1165.5,1261.5,1387.0,1392.0,3146.5,2324.5,990.0,1379.0,1974.0,2257.5,2413.5,2545.0,2804.5,2892.5,2517.5,1866.5,961.0,1224.5,1637.0,1844.0,1941.5,2054.0,2241.0,2290.5,2711.5,2119.5,773.5,1015.5,1383.5,1597.0,1704.5,1849.5,2017.5,2057.0,2710.0,2109.5,761.5,967.0,1304.0,1521.0,1648.5,1747.5,1901.5,1982.5,1938.0,1571.0,533.0,683.5,971.0,1079.0,1139.0,1283.5,1385.5,1362.0,0.0,0.0,0.0,0.0,0.0,0.0,0.0,0.0,0.0,0.0,1783.5,1398.5,479.0,651.5,885.0,1034.5,1049.5,1152.5,1251.0,1266.0,1891.5,1588.5,599.0,741.5,900.0,1044.0,1109.0,1170.0,1275.5,1285.0,2340.5,1964.0,708.0,913.5,1127.5,1353.5,1446.0,1518.0,1586.5,1650.5,2335.0,1954.0,698.5,911.0,1150.0,1320.5,1400.0,1476.0,1627.5,1642.5,2156.5,1767.5,707.5,831.0,1028.5,1167.0,1248.0,1325.5,1456.0,1458.0,2018.5,1715.5,598.5,786.5,1015.0,1139.5,1228.5,1282.5,1377.5,1419.0,2122.5,1816.5,690.5,902.0,1146.5,1278.0,1376.5,1448.5,1513.5,1535.0,"{""type"":""MultiPoint"",""coordinates"":[]}"
234_0,3,1917.0,1593.5,583.5,719.0,993.0,1090.5,1121.0,1247.0,1352.0,1377.5,2242.0,1967.0,871.0,1133.0,1385.5,1489.0,1511.0,1590.5,1700.5,1675.5,2336.0,2020.5,840.5,1079.0,1350.0,1478.0,1524.5,1594.5,1698.5,1704.0,2072.5,1808.5,787.5,1041.5,1288.5,1391.5,1428.5,1502.0,1578.5,1555.5,312.5,245.5,406.5,628.5,610.5,977.5,871.5,860.5,764.0,793.5,309.5,248.0,515.5,675.5,724.0,919.5,850.5,911.5,896.0,831.0,564.0,379.0,504.0,693.5,628.0,1002.5,1246.0,1354.5,1397.0,1299.0,970.5,517.5,369.5,626.5,446.0,986.0,1798.5,1974.5,1972.0,1902.5,1068.0,575.5,273.5,536.5,349.0,939.0,2613.5,3185.0,3108.5,3276.5,1571.0,855.0,287.0,604.0,478.0,1187.5,2680.5,3207.0,3269.5,3425.5,1739.0,919.0,255.0,512.0,387.5,1044.0,2741.0,3526.5,3697.0,3814.0,2185.5,1847.5,622.0,835.5,1129.5,1232.0,1299.5,1391.5,1466.5,1510.0,1802.5,938.5,255.0,532.0,379.0,992.5,2864.5,3642.0,3714.0,3917.5,1834.5,925.5,250.5,617.0,431.0,1140.5,3049.0,3840.5,4089.0,4187.5,1866.0,970.5,366.5,796.0,535.5,1356.0,3223.5,3971.0,4047.5,4209.5,1903.5,1050.5,518.5,959.5,798.0,1723.5,3210.5,3716.0,3887.0,3970.0,2061.5,1166.5,574.0,1024.5,954.5,1770.5,2988.0,3434.5,3717.5,3819.5,2290.0,1376.0,550.0,995.0,1077.0,1819.0,2805.0,3163.0,3412.0,3577.0,3168.5,2032.0,962.0,1336.0,1559.5,2204.5,2856.5,3221.0,3504.0,3644.0,3862.5,2641.5,953.0,1370.5,1917.5,2446.5,2836.5,3112.0,3472.5,3613.0,3645.5,2593.0,888.5,1318.5,1901.0,2344.0,2620.0,2905.0,3114.0,3362.0,2469.0,1950.5,722.5,1006.0,1446.0,1719.5,1791.0,1931.5,2011.5,2154.0,1997.0,1672.0,530.0,745.0,997.0,1136.0,1099.0,1225.0,1394.0,1367.0,2515.5,1982.5,781.0,1050.0,1468.0,1730.0,1801.0,1929.0,2030.5,2175.0,2506.0,1963.5,883.5,1101.5,1449.5,1670.0,1747.5,1850.0,1972.5,2100.0,2255.5,1799.5,677.0,863.0,1159.0,1308.0,1368.0,1485.5,1575.5,1651.5,2322.0,1890.0,741.5,890.0,1186.5,1331.0,1389.5,1501.5,1583.0,1667.5,2000.0,1440.5,525.5,696.5,953.0,1101.0,1140.5,1251.5,1367.5,1392.5,0.0,0.0,0.0,0.0,0.0,0.0,0.0,0.0,0.0,0.0,1900.0,1605.5,506.0,670.0,922.5,1009.0,1023.5,1090.5,1242.5,1227.5,1868.0,1606.0,598.5,710.5,900.0,994.0,1002.5,1065.0,1178.5,1215.0,2261.5,1938.5,718.0,884.0,1124.5,1227.0,1271.0,1342.0,1479.0,1466.5,2279.0,1942.5,718.5,899.5,1185.5,1256.5,1287.5,1345.0,1503.5,1508.5,2157.0,1781.5,720.0,832.5,1035.5,1105.5,1145.5,1193.0,1324.5,1383.5,1970.0,1719.0,567.0,745.0,974.5,1080.5,1157.5,1206.0,1316.0,1291.0,2046.5,1809.0,648.5,847.5,1070.5,1144.0,1196.5,1265.0,1406.5,1373.0,"{""type"":""MultiPoint"",""coordinates"":[]}"
235_0,3,3154.5,2420.5,1251.0,1323.0,1576.5,1780.0,1906.0,2041.5,2279.5,2283.0,2221.0,2074.0,611.0,857.0,1141.0,1266.0,1291.0,1373.0,1485.0,1529.0,2324.0,2192.0,703.0,892.0,1201.0,1332.0,1340.0,1453.0,1516.0,1590.0,2276.5,2167.0,715.0,974.5,1264.0,1385.5,1416.0,1518.0,1593.5,1624.0,610.0,549.0,831.0,965.0,991.0,1078.0,806.0,802.0,813.0,689.0,610.0,549.0,915.0,965.0,991.0,1078.0,806.0,802.0,836.0,689.0,295.0,264.0,333.0,635.0,387.0,752.0,625.0,727.0,631.0,558.0,1289.0,806.0,367.0,797.0,496.0,1259.0,2208.0,2339.0,2326.0,2387.0,849.0,565.0,287.0,574.0,380.0,939.0,1533.0,1709.0,1688.0,1582.0,1230.0,637.5,176.5,444.0,204.0,783.5,2185.0,2799.5,2777.0,2830.0,1226.5,590.0,115.5,363.5,156.5,678.0,2234.0,2947.0,2970.5,2936.5,3454.0,2802.0,888.5,1097.0,1425.5,1632.0,1673.5,1829.0,2025.5,2099.5,1222.5,576.5,78.0,261.5,78.5,468.5,2283.5,3408.5,3374.0,3442.0,1055.5,498.0,43.5,214.0,39.5,427.5,2273.0,3482.0,3474.5,3591.0,1060.0,482.0,428.0,664.0,445.0,918.0,2493.0,3508.0,3527.0,3708.0,1250.0,618.0,587.0,888.0,598.0,1318.0,2940.0,3707.0,3846.0,3860.0,1234.0,618.0,451.0,837.0,598.0,1318.0,2823.0,3474.0,3644.0,3669.0,1433.0,787.0,357.0,796.0,725.0,1500.0,2764.0,3182.0,3404.0,3513.0,1914.5,1041.5,612.0,1146.5,1185.0,2047.0,2928.5,3275.5,3560.5,3643.5,2345.5,1420.0,959.0,1450.5,1686.5,2392.0,3041.0,3369.5,3673.0,3728.5,4081.0,2840.0,1199.0,1655.0,2410.0,2845.0,3066.0,3394.0,3854.0,3885.0,3872.5,2686.0,1227.5,1697.5,2518.0,2947.5,3052.0,3308.5,3562.5,3756.5,3546.0,2833.5,766.5,988.0,1387.5,1560.0,1647.5,1802.5,2054.0,2123.0,4175.5,3000.5,1132.0,1545.0,2189.0,2560.0,2693.0,2911.5,3123.5,3317.0,4180.0,3330.5,1984.5,2235.5,2698.0,3015.5,3134.5,3308.0,3475.0,3620.5,3534.0,2740.0,975.5,1167.5,1553.0,1826.0,1918.5,2107.5,2298.5,2370.0,3536.0,2737.0,985.0,1206.0,1569.0,1861.0,1918.5,2119.5,2278.5,2392.5,2985.0,2222.5,743.0,980.0,1350.5,1571.0,1697.0,1818.5,2076.0,2112.5,0.0,0.0,0.0,0.0,0.0,0.0,0.0,0.0,0.0,0.0,3763.0,2913.0,853.0,1160.0,1647.0,1942.0,1978.0,2185.0,2322.0,2472.0,4039.5,3196.0,1049.0,1297.0,1714.5,2036.5,2246.5,2456.0,2638.0,2751.0,3704.5,2962.5,931.0,1207.0,1556.5,1814.5,1954.5,2120.0,2367.5,2422.5,1834.0,1640.5,527.5,651.0,888.5,1014.0,1007.0,1110.5,1179.5,1212.0,1965.0,1745.0,548.0,678.0,957.0,1107.0,1033.0,1128.0,1202.0,1217.0,1965.0,1863.0,531.5,704.5,977.0,1071.0,1082.5,1159.0,1254.5,1274.5,2036.0,1912.5,578.5,766.5,1039.5,1133.5,1162.5,1253.0,1343.0,1381.5,"{""type"":""MultiPoint"",""coordinates"":[]}"
236_0,3,1621.5,1349.0,863.5,888.5,975.0,1094.5,1220.0,1275.5,1387.0,1344.0,2536.0,2370.0,964.0,1195.0,1529.0,1653.0,1639.0,1696.0,1822.0,1837.0,2530.0,2450.0,941.0,1150.0,1459.0,1598.0,1636.0,1705.0,1807.0,1865.0,1155.5,1118.5,489.0,676.5,781.5,923.5,889.0,979.0,984.5,966.0,308.5,281.0,333.0,486.0,485.5,668.0,568.0,636.0,564.0,565.0,540.0,392.5,339.5,594.5,445.0,786.0,1071.5,1123.5,1098.5,1030.0,779.0,507.0,306.0,595.0,382.0,838.0,1344.0,1449.0,1435.0,1397.0,1051.0,655.0,185.0,489.0,222.0,807.0,1883.0,2134.0,2104.0,2003.0,1116.0,599.0,61.0,275.0,100.0,558.0,2025.0,2736.0,2603.0,2625.0,1307.5,604.0,50.0,213.0,15.0,452.0,2506.0,4014.0,4008.0,4133.0,1307.5,597.0,35.0,230.0,25.0,444.5,2660.5,4448.5,4556.0,4614.0,2067.5,1722.5,1182.0,1224.0,1270.0,1452.5,1677.5,1772.5,1860.0,1837.5,1371.0,618.0,42.5,230.0,29.5,482.5,2774.0,4715.0,4806.0,4958.0,1392.5,634.0,128.0,433.0,152.5,830.0,3143.5,4669.5,4884.5,4990.5,1453.0,688.0,511.0,878.0,609.0,1358.0,3304.0,4447.0,4520.0,4785.0,1609.0,849.0,665.0,1081.0,869.0,1707.0,3200.0,3798.0,4042.0,4093.0,1649.0,872.0,572.0,1030.0,869.0,1719.0,3040.0,3545.0,3818.0,3885.0,2002.0,1194.0,564.0,1073.0,1163.0,1990.0,2940.0,3312.0,3575.0,3679.0,4451.5,3098.0,1154.5,1653.5,2228.5,2840.0,3264.5,3562.0,3883.5,4024.5,4621.0,3360.0,1203.0,1675.0,2447.0,2863.0,3120.0,3290.0,3583.0,3573.0,4332.0,3193.0,1207.0,1728.0,2373.0,2685.0,2927.0,3152.0,3616.0,3595.0,3993.5,2959.0,1172.0,1596.0,2197.5,2541.5,2684.5,2925.0,3169.0,3287.5,1745.0,1387.0,381.0,635.0,770.0,1059.0,1329.0,1444.0,1524.0,1555.0,3947.0,3099.0,967.5,1261.5,1743.5,2025.5,2172.0,2385.0,2559.5,2684.5,3109.0,2750.0,895.0,1063.5,1321.0,1516.0,1637.0,1792.0,1915.0,2010.5,2941.5,2802.0,1177.0,1253.0,1348.5,1545.0,1747.5,1866.5,1959.0,2001.0,2179.5,2205.0,550.0,637.0,753.5,930.5,1073.5,1161.0,1256.5,1275.0,1656.5,1401.0,339.5,490.5,626.5,834.0,1038.5,1208.5,1305.5,1274.0,0.0,0.0,0.0,0.0,0.0,0.0,0.0,0.0,0.0,0.0,1625.0,1221.0,339.0,554.0,657.0,1042.0,1460.0,1534.0,1672.0,1664.0,2989.0,2519.5,2212.5,2315.5,2306.0,2692.5,3169.5,3202.0,3502.5,3216.0,1864.0,1372.5,420.0,717.0,735.5,1215.5,1898.0,2030.5,2202.0,2200.0,1908.5,1524.5,545.0,731.5,855.5,1169.0,1589.0,1740.0,1821.0,1887.0,1991.0,1708.0,564.0,734.0,942.0,1155.0,1275.0,1363.0,1466.0,1513.0,2026.0,1832.5,652.0,826.5,1057.5,1184.5,1266.5,1363.0,1478.5,1482.5,2514.0,2407.5,893.5,1131.0,1448.0,1572.5,1586.0,1652.5,1782.5,1807.5,"{""type"":""MultiPoint"",""coordinates"":[]}"
237_0,3,3589.5,2972.0,951.0,1248.0,1779.5,2046.0,2164.0,2389.5,2714.0,2801.5,4226.0,3518.0,1186.5,1523.0,1946.0,2255.5,2471.5,2656.5,2872.0,2985.0,4267.0,3629.0,1232.0,1524.0,1959.0,2234.0,2505.0,2656.0,2882.0,3025.0,4323.0,3691.5,1219.5,1528.0,1951.0,2292.5,2556.5,2738.0,2889.0,2953.0,4346.0,3654.5,1223.0,1533.0,1995.0,2290.5,2543.5,2736.5,2917.0,3018.0,4455.0,3691.0,1252.0,1629.0,2054.5,2406.5,2547.5,2741.5,2981.0,3094.5,4442.0,3831.0,1284.0,1635.0,2096.0,2425.0,2643.0,2840.0,3001.0,3111.0,4476.0,3738.0,1309.0,1663.0,2154.0,2451.0,2737.0,2913.0,3129.0,3204.0,4373.0,3565.0,1284.0,1663.0,2117.0,2451.0,2764.0,2938.0,3155.0,3243.0,4284.0,3503.0,1242.0,1643.0,2092.0,2440.0,2828.0,3009.0,3156.0,3325.0,4129.0,3369.0,1196.0,1642.0,2056.0,2440.0,2828.0,3073.0,3155.0,3351.0,3894.0,3205.0,1057.0,1347.0,1844.0,2074.0,2206.0,2427.0,2719.0,2860.0,4129.0,3307.0,1196.0,1572.0,2055.0,2392.0,2804.0,3073.0,3172.0,3339.0,3879.0,2999.0,1051.0,1500.0,1916.0,2356.0,2789.0,3002.0,3146.0,3256.0,3890.0,2935.0,1051.0,1543.0,1965.0,2441.0,2923.0,3158.0,3218.0,3455.0,3675.5,2777.5,1085.5,1488.5,1925.5,2354.5,2762.0,3001.0,3194.0,3304.0,3605.0,2734.0,1044.0,1433.0,1922.0,2291.0,2712.0,2970.0,3148.0,3255.0,3556.0,2625.0,1044.0,1433.0,1870.0,2288.0,2726.0,2915.0,3087.0,3239.0,3457.0,2622.0,996.0,1390.0,1828.0,2282.0,2616.0,2915.0,3087.0,3204.0,3404.0,2492.0,1052.0,1380.0,1853.0,2237.0,2608.0,2923.0,3076.0,3147.0,2316.5,1618.0,672.5,909.5,1297.0,1547.0,1810.5,1973.5,2130.5,2239.5,2316.5,1618.5,691.5,924.5,1349.5,1615.5,1794.0,2010.5,2167.5,2288.5,3397.0,2744.5,836.0,1117.5,1650.0,1862.5,2036.5,2262.0,2553.0,2628.5,3387.0,2440.5,909.0,1282.5,1910.0,2336.5,2562.5,2824.5,3018.5,3201.0,3500.0,2482.0,888.0,1242.0,1827.0,2174.0,2346.0,2709.0,2873.0,3031.0,3387.0,2503.0,852.0,1126.0,1552.0,1747.0,1872.0,2138.0,2335.0,2421.0,3559.0,2678.0,1030.5,1268.0,1709.0,1946.5,2066.0,2325.0,2461.5,2622.0,3442.0,2589.5,958.0,1169.5,1603.5,1819.0,1934.5,2179.0,2319.5,2455.0,0.0,0.0,0.0,0.0,0.0,0.0,0.0,0.0,0.0,0.0,4069.0,3350.0,1075.0,1420.5,1877.5,2124.5,2180.0,2434.5,2652.5,2783.5,4499.0,3837.0,1493.5,1822.5,2319.0,2555.0,2734.0,2964.5,3120.5,3289.5,4254.0,3629.0,1114.0,1465.0,1976.0,2246.0,2392.0,2580.0,2851.0,2880.0,4254.0,3629.0,1114.0,1465.0,1976.0,2246.0,2392.0,2544.0,2851.0,2880.0,3962.0,3635.0,1094.0,1412.0,1757.0,2074.0,2132.0,2561.0,2602.0,2764.0,3992.0,3544.0,1130.0,1412.0,1838.0,2074.0,2350.0,2522.0,2690.0,2764.0,4128.0,3484.0,1210.5,1537.0,1899.0,2112.0,2473.5,2597.5,2839.0,2844.0,"{""type"":""MultiPoint"",""coordinates"":[]}"
238_0,3,1828.0,1508.5,594.5,755.5,996.5,1157.5,1216.0,1278.0,1320.5,1412.0,2387.0,2029.0,906.5,1146.5,1388.0,1540.5,1573.0,1711.5,1743.0,1793.0,2394.0,2036.5,840.0,1067.0,1313.0,1467.5,1490.5,1612.0,1645.0,1691.5,674.5,622.5,681.0,878.0,1026.5,1192.5,1110.0,1148.5,1082.5,1065.5,289.5,238.5,464.0,632.0,676.0,815.0,732.5,771.5,767.0,670.5,439.0,362.5,519.5,771.5,733.0,1013.5,929.0,1046.5,982.5,938.0,675.0,498.0,463.0,761.0,596.5,997.0,1233.0,1300.0,1202.0,1206.0,1450.0,858.0,373.0,749.5,416.0,1089.5,2411.0,2664.0,2615.0,2524.5,1694.0,890.5,304.5,694.5,353.5,1068.0,3074.0,3827.5,3712.5,3961.0,1752.5,939.0,275.0,624.0,368.0,992.5,2946.5,3869.5,3928.5,4007.5,1715.5,894.0,225.0,445.0,289.5,760.0,2851.0,4007.5,4094.0,4256.0,2062.5,1768.0,674.5,875.0,1102.0,1274.5,1369.0,1412.5,1455.0,1530.0,1791.0,911.0,258.0,486.5,305.5,829.5,3036.5,4413.5,4487.5,4706.0,1737.0,916.0,320.0,783.0,464.5,1314.5,3482.5,4533.5,4632.0,4789.5,1803.5,994.5,452.0,904.5,663.5,1498.5,3474.5,4321.0,4394.5,4626.0,2079.5,1198.5,683.5,1168.0,1066.5,1979.0,3368.0,3923.5,4109.5,4331.5,2373.5,1414.5,743.5,1239.5,1320.0,2118.5,3258.5,3741.0,4067.5,4060.5,2863.0,1814.0,924.0,1454.0,1819.0,2501.0,3280.0,3583.0,3876.0,4057.0,4041.5,2766.0,1261.5,1724.0,2404.5,2833.5,3097.5,3407.0,3740.0,3907.0,3877.5,2739.0,1157.5,1641.0,2355.5,2775.0,2982.0,3263.0,3615.5,3686.5,3156.5,2238.5,1007.5,1308.5,1865.5,2200.0,2353.5,2539.5,2622.0,2843.0,2230.0,1676.0,710.5,977.0,1342.0,1658.5,1631.0,1808.0,1772.0,1939.5,1944.0,1536.5,558.0,769.0,1002.5,1222.5,1215.5,1326.5,1326.0,1428.5,2502.5,1967.0,842.0,1098.0,1499.5,1813.0,1809.5,1992.5,1966.5,2119.5,2408.5,1880.0,940.0,1119.0,1457.5,1677.0,1815.5,1874.0,1920.5,2074.0,2222.0,1774.5,714.0,894.0,1156.0,1364.0,1415.5,1484.5,1580.0,1683.0,1728.0,1432.5,574.0,711.0,898.5,1036.5,1094.5,1166.0,1234.5,1252.0,1338.0,1100.0,369.0,456.0,648.0,719.0,766.0,814.0,883.5,892.0,0.0,0.0,0.0,0.0,0.0,0.0,0.0,0.0,0.0,0.0,2139.5,1773.0,640.5,850.0,1076.0,1244.5,1253.0,1380.0,1415.5,1517.0,2415.0,2088.5,1171.0,1258.0,1344.5,1471.0,1650.5,1754.0,1982.5,1791.5,2153.5,1780.0,710.5,922.0,1137.5,1276.0,1424.0,1492.0,1584.0,1565.0,2152.5,1742.5,703.5,863.5,1012.5,1198.0,1417.0,1517.0,1520.0,1622.0,2166.5,1744.0,763.5,936.0,1027.0,1267.0,1648.0,1777.5,1839.0,1866.5,2093.5,1743.0,614.0,795.5,1001.0,1189.0,1207.0,1289.5,1367.5,1417.5,2168.0,1844.0,715.0,935.0,1147.5,1232.0,1336.0,1360.5,1503.5,1529.5,"{""type"":""MultiPoint"",""coordinates"":[]}"
239_0,3,2482.0,1855.0,661.0,794.0,1049.0,1225.0,1408.0,1545.0,1604.0,1766.0,2271.0,2058.0,632.0,901.0,1220.0,1350.0,1417.0,1497.0,1602.0,1594.0,2484.0,2366.0,786.0,1037.0,1393.0,1521.0,1570.0,1690.0,1780.0,1798.0,1175.5,1118.0,475.5,646.0,809.5,897.5,821.0,871.0,910.5,855.5,240.0,209.0,294.0,445.0,537.0,653.0,605.0,699.0,668.0,586.0,355.0,310.0,300.0,520.0,490.0,736.0,690.0,732.0,706.0,586.0,516.0,422.0,251.0,554.0,293.0,759.0,892.0,994.0,950.0,854.0,1368.0,813.0,246.0,583.0,303.0,955.0,2179.0,2530.0,2416.0,2376.0,1167.0,658.0,180.0,461.0,202.0,793.0,2016.0,2451.0,2315.0,2322.0,1132.0,601.5,117.0,372.0,146.5,703.5,2125.0,2627.5,2523.0,2628.5,1130.5,571.5,55.5,239.0,63.0,482.5,2173.5,2946.5,2958.5,2989.5,3320.0,2668.0,695.0,861.0,1225.0,1417.0,1501.0,1685.0,1905.0,1963.0,1355.5,641.5,43.0,264.5,28.5,537.5,2743.0,3861.0,3862.0,3962.0,1369.0,665.0,143.0,654.0,234.5,1132.0,3337.5,4213.5,4216.5,4342.0,1399.0,682.0,501.0,913.0,650.0,1433.0,3346.0,4073.0,4044.0,4199.0,1466.0,818.0,751.0,1212.0,1130.0,1994.0,3108.0,3490.0,3593.0,3699.0,1697.0,979.0,671.0,1190.0,1150.0,2069.0,2954.0,3242.0,3412.0,3509.0,2112.0,1292.0,752.0,1270.0,1423.0,2322.0,3020.0,3333.0,3518.0,3553.0,4464.5,3114.0,1183.5,1644.5,2334.5,2761.5,3067.5,3354.5,3694.0,3853.0,4237.0,3101.0,1107.5,1523.0,2218.5,2576.0,2825.0,3107.5,3436.5,3438.0,3955.0,2804.0,1023.0,1371.0,1947.0,2256.0,2504.0,2763.0,3119.0,3193.0,3356.5,2466.0,816.5,1133.5,1598.0,1888.0,2099.0,2301.0,2470.0,2635.0,3211.0,2532.0,635.5,842.0,1204.5,1384.0,1471.5,1633.5,1861.5,1930.0,3442.5,2708.0,741.5,1005.0,1325.5,1656.0,1836.0,2032.0,2145.0,2303.0,4559.5,3910.0,2572.0,2734.0,2978.0,3296.5,3421.5,3631.5,3703.5,3774.0,3095.5,2539.5,728.0,871.0,1037.0,1278.0,1544.0,1682.5,1832.5,1902.5,2946.0,2382.5,696.0,838.5,992.5,1242.0,1508.5,1662.0,1782.0,1868.0,2297.5,1696.5,421.0,613.5,780.0,1031.0,1241.5,1356.0,1551.0,1578.5,0.0,0.0,0.0,0.0,0.0,0.0,0.0,0.0,0.0,0.0,3422.0,2651.0,722.0,1013.0,1462.0,1669.0,1737.0,1900.0,2080.0,2185.0,2309.0,1738.0,813.0,1029.0,1243.0,1391.0,1703.0,1900.0,2047.0,2164.0,3367.0,2669.0,843.0,1096.0,1411.0,1613.0,1718.0,1928.0,2138.0,2204.0,1928.5,1580.0,539.5,615.0,809.0,912.5,977.5,1094.5,1213.0,1236.5,1405.0,1203.0,397.0,541.0,732.0,834.0,870.0,988.0,1027.0,1040.0,2019.0,1825.0,578.0,783.0,1067.0,1168.5,1237.0,1319.5,1420.5,1451.5,2021.5,1849.0,571.5,785.5,1068.0,1165.5,1234.5,1334.0,1427.5,1458.0,"{""type"":""MultiPoint"",""coordinates"":[]}"
240_0,3,2323.0,2032.5,1259.5,1310.0,1457.0,1629.5,1755.0,1870.5,1891.5,2008.5,2525.0,2315.0,806.0,1091.0,1454.0,1592.0,1616.0,1718.0,1831.0,1842.0,2197.0,1999.0,712.0,909.0,1220.0,1371.0,1361.0,1487.0,1594.0,1624.0,557.0,522.0,562.0,735.0,791.0,918.0,803.0,800.5,773.5,663.5,288.0,248.0,395.0,564.5,552.0,702.0,611.5,675.0,652.0,570.5,486.5,382.0,417.0,611.0,644.5,820.0,922.5,986.5,961.0,913.5,526.0,397.0,281.0,474.0,386.0,713.0,884.0,960.0,850.0,857.0,879.0,629.0,281.0,525.0,416.0,797.0,1267.0,1390.0,1322.0,1339.0,1056.0,577.0,241.0,394.0,260.0,558.0,1581.0,1897.0,1865.0,1857.0,1184.5,585.0,43.5,200.5,50.5,406.5,2077.0,3294.5,3316.5,3364.5,1295.0,615.5,45.5,213.0,44.0,411.5,2349.0,3886.5,4032.0,4005.0,1951.0,1691.0,883.0,876.5,963.0,1063.0,1141.0,1230.0,1353.0,1366.5,1389.0,655.5,61.0,216.5,56.5,453.5,2676.0,4396.5,4466.0,4558.5,1452.0,695.5,195.5,541.5,204.0,976.5,3263.0,4591.5,4764.0,4906.5,1565.0,772.0,487.0,870.0,597.0,1362.0,3406.0,4390.0,4487.0,4670.0,1675.0,932.0,709.0,1110.0,953.0,1792.0,3253.0,3785.0,3996.0,4094.0,1770.0,1003.0,622.0,1083.0,984.0,1798.0,2952.0,3357.0,3714.0,3719.0,2221.0,1363.0,670.0,1155.0,1284.0,2153.0,2923.0,3229.0,3439.0,3615.0,4535.0,3321.5,1048.5,1472.5,2103.0,2567.0,2890.0,3157.0,3383.5,3543.5,4490.5,3352.5,1032.0,1452.0,2187.0,2580.5,2781.5,2979.0,3343.5,3440.5,4174.0,3114.0,1021.0,1414.0,2052.0,2366.0,2576.0,2777.0,3151.0,3233.0,3475.5,2623.5,867.0,1174.5,1687.5,1986.5,2129.5,2348.0,2518.5,2672.5,1839.0,1556.0,535.0,671.0,916.0,1082.0,1157.0,1275.0,1370.0,1399.0,3521.5,2815.5,771.5,1044.5,1447.0,1699.5,1796.5,1948.5,2114.0,2281.0,2264.5,1921.0,939.0,1044.0,1225.5,1343.5,1438.5,1526.5,1683.5,1689.5,3044.5,2872.5,755.5,869.0,1122.5,1275.0,1356.5,1480.5,1703.5,1697.5,2819.0,2621.0,728.5,828.0,1065.0,1221.0,1297.5,1421.0,1560.0,1619.5,2087.5,1702.5,412.0,573.0,811.5,981.0,1085.5,1139.0,1340.5,1385.5,0.0,0.0,0.0,0.0,0.0,0.0,0.0,0.0,0.0,0.0,1472.0,1141.0,247.0,418.0,614.0,784.0,894.0,983.0,1077.0,1103.0,1864.0,1544.0,524.0,550.0,730.0,979.0,1137.0,1222.0,1279.0,1346.0,2159.0,1797.0,502.0,720.0,928.0,1218.0,1469.0,1525.0,1648.0,1741.0,2761.0,2118.0,1506.0,1669.0,1776.5,2099.5,2570.5,2729.5,2802.0,2845.5,2235.0,1864.0,748.0,924.0,1085.0,1375.0,1679.0,1783.0,1888.0,1944.0,2114.5,1894.0,561.0,756.0,1050.5,1178.0,1226.0,1319.0,1431.0,1441.5,2138.0,1976.5,647.0,866.0,1146.5,1265.0,1336.5,1403.0,1536.0,1544.5,"{""type"":""MultiPoint"",""coordinates"":[]}"
241_0,3,1853.5,1522.5,587.0,712.5,947.5,1069.0,1096.5,1212.5,1269.0,1322.0,2009.5,1717.0,720.5,876.0,1115.5,1219.0,1273.5,1344.5,1425.0,1432.0,2167.5,1881.5,841.5,1053.5,1299.0,1413.0,1419.0,1488.5,1540.5,1553.5,2409.0,2112.0,1006.5,1251.0,1509.0,1645.5,1657.0,1734.5,1801.5,1815.0,1096.0,1020.0,836.0,1039.0,1278.0,1380.0,1412.0,1456.0,1473.0,1536.0,385.0,335.0,717.0,921.0,912.0,1167.0,1016.0,1041.0,1057.0,905.0,360.0,297.0,620.0,809.0,829.0,1069.0,976.0,1084.0,1083.0,932.0,409.0,312.0,577.0,818.0,826.0,1069.0,1044.0,1140.0,1140.0,1017.0,564.0,432.0,437.0,689.0,596.0,937.0,1187.0,1289.0,1366.0,1221.0,1108.0,610.5,261.0,522.0,333.0,860.5,2138.0,2325.0,2628.5,2419.0,1440.5,738.0,153.5,396.5,178.0,694.0,2566.5,3385.5,3662.0,3493.0,2039.0,1706.0,641.0,805.0,1034.0,1161.0,1226.0,1266.0,1363.0,1442.0,1484.0,734.0,169.0,419.0,188.0,760.0,2777.0,3888.0,3843.0,3821.0,1493.0,740.0,138.0,429.0,218.0,845.0,2932.0,4104.0,4146.0,4073.0,1529.0,773.0,245.0,602.0,373.0,1030.0,3186.0,4388.0,4425.0,4426.0,1575.0,795.0,430.0,858.0,613.0,1532.0,3187.0,3847.0,3949.0,3954.0,1608.0,887.0,456.0,906.5,707.5,1610.0,2912.5,3409.5,3664.0,3549.0,1999.0,1196.5,500.0,981.0,1028.0,1830.0,2797.5,3178.0,3421.5,3517.0,2388.0,1458.5,807.5,1257.5,1458.0,2132.5,2845.0,3155.0,3486.0,3571.0,2770.5,1801.5,889.0,1352.5,1739.0,2375.5,2912.5,3140.5,3560.0,3618.5,3897.0,2698.0,1135.0,1538.0,2148.0,2647.0,2925.0,3206.0,3644.0,3713.0,3826.0,2625.5,1031.5,1475.0,2298.0,2769.5,2883.5,3114.5,3473.0,3689.0,2022.0,1686.0,627.0,775.0,1020.0,1162.0,1153.0,1243.5,1381.0,1420.0,3519.5,2499.5,938.0,1329.0,1935.0,2199.5,2368.5,2589.5,2871.0,2907.0,3324.0,2390.5,947.5,1267.0,1759.0,1970.0,2190.0,2348.5,2603.5,2696.5,3061.5,2288.0,737.0,967.0,1342.5,1464.0,1625.0,1733.5,1985.5,2005.5,3008.5,2365.5,798.5,957.0,1327.0,1483.0,1557.0,1653.5,1983.5,2017.0,1476.0,1228.0,404.0,513.0,714.0,781.0,828.0,881.0,988.0,940.0,0.0,0.0,0.0,0.0,0.0,0.0,0.0,0.0,0.0,0.0,1580.0,1279.0,516.0,669.0,833.0,965.0,925.0,1036.0,1125.0,1130.0,1770.0,1467.0,628.0,750.0,878.0,973.0,1015.0,1075.0,1157.0,1127.0,2264.0,1959.0,806.0,993.0,1224.0,1373.0,1360.0,1438.0,1524.0,1566.0,2197.5,1858.0,844.0,971.5,1183.0,1307.0,1284.5,1360.0,1476.5,1478.5,1807.0,1504.5,555.0,684.5,863.5,994.5,971.0,1010.0,1088.5,1150.0,2173.5,1872.5,793.0,934.5,1116.0,1233.0,1339.5,1384.5,1482.5,1524.5,2303.0,1963.0,850.0,1031.0,1238.0,1348.0,1426.0,1507.0,1612.0,1604.0,"{""type"":""MultiPoint"",""coordinates"":[]}"
242_0,3,1916.0,1580.0,615.0,733.0,999.0,1112.0,1130.0,1240.5,1322.5,1388.0,2280.0,2003.0,915.5,1180.0,1446.0,1553.5,1571.5,1636.5,1742.5,1731.5,2351.5,2043.5,899.0,1148.5,1425.0,1552.5,1555.0,1648.0,1741.0,1743.0,2318.0,2018.5,887.5,1134.0,1386.5,1512.5,1531.0,1626.0,1695.5,1696.0,259.0,207.0,679.0,870.0,918.0,1050.0,812.0,842.0,812.0,677.0,342.0,243.0,521.0,773.0,744.0,1039.0,980.0,1066.0,830.0,924.0,662.0,463.0,517.0,726.0,660.0,1131.0,1269.0,1347.0,1189.0,1202.0,986.0,672.0,456.0,709.0,450.0,1131.0,2063.0,2304.0,2307.0,2122.0,1306.0,722.0,350.0,633.0,400.0,1046.0,2796.0,3314.0,3255.0,3174.0,1468.0,807.5,278.5,598.0,396.0,1075.5,2691.5,3313.0,3304.5,3359.0,1480.5,744.0,136.5,353.5,202.5,723.5,2708.0,3671.5,3787.5,3863.5,2146.0,1790.0,662.0,852.0,1097.0,1239.0,1264.0,1358.0,1465.0,1506.0,1530.0,776.0,169.0,421.0,206.0,828.0,3016.0,4004.0,4013.0,4203.0,1611.0,792.0,182.0,588.0,297.0,1114.0,3334.0,4234.0,4384.0,4493.0,1688.0,845.0,319.0,788.0,509.0,1447.0,3541.0,4234.0,4392.0,4519.0,1797.0,989.0,522.0,1022.0,826.0,1921.0,3379.0,3925.0,4078.0,4191.0,1965.0,1133.0,561.0,1090.0,1012.5,1978.0,3138.5,3515.0,3867.0,3876.0,2332.5,1424.5,638.0,1127.0,1306.5,2066.5,2895.0,3226.5,3509.5,3632.5,3086.0,2046.5,891.0,1284.5,1624.5,2236.0,2824.5,3111.0,3427.5,3586.5,3756.5,2591.0,931.5,1287.0,1859.0,2288.5,2593.5,2840.0,3170.5,3281.5,3486.5,2496.0,853.0,1235.0,1884.0,2236.0,2474.5,2699.0,3028.5,3081.5,2382.0,1874.0,751.0,1031.0,1425.0,1646.0,1730.0,1898.0,1945.0,2069.0,2092.5,1759.0,646.0,824.5,1078.5,1204.0,1229.0,1323.0,1442.0,1465.5,2435.0,1914.0,781.0,1069.0,1474.0,1675.0,1761.5,1904.5,2002.5,2073.0,2328.5,1828.0,856.0,1070.0,1432.5,1606.0,1674.0,1765.5,1899.0,1936.5,2173.0,1728.0,661.5,867.5,1172.5,1331.5,1349.0,1478.0,1613.5,1619.0,2333.0,1836.0,792.0,949.0,1264.0,1403.0,1467.0,1569.0,1669.0,1732.0,1868.0,1446.0,534.0,669.0,934.0,1088.0,1133.0,1169.0,1338.0,1362.0,0.0,0.0,0.0,0.0,0.0,0.0,0.0,0.0,0.0,0.0,1730.0,1400.0,550.0,706.0,889.0,997.0,1015.0,1058.0,1165.0,1189.0,1846.0,1580.0,657.0,746.0,920.0,996.0,1014.0,1063.0,1159.0,1162.0,2323.0,2019.0,816.0,1016.0,1242.0,1347.0,1370.0,1448.0,1534.0,1529.0,2263.0,1925.0,875.5,991.5,1187.0,1274.5,1291.0,1351.5,1536.0,1509.0,2061.0,1720.0,719.5,802.5,1013.5,1102.5,1099.5,1175.0,1237.0,1336.0,2056.0,1786.0,715.0,861.0,1076.0,1177.0,1218.0,1281.0,1404.0,1396.0,2015.0,1786.0,715.0,862.0,1076.0,1177.0,1218.0,1281.0,1404.0,1379.0,"{""type"":""MultiPoint"",""coordinates"":[]}"
243_0,3,121.5,119.0,211.5,313.0,377.5,437.5,310.0,356.5,340.0,251.0,2086.5,1800.0,675.0,866.0,1079.5,1196.0,1253.5,1331.0,1438.0,1453.0,2300.5,2026.0,763.5,973.0,1205.0,1327.5,1375.5,1457.0,1537.5,1573.5,2474.0,2205.0,899.0,1148.0,1392.0,1514.5,1567.0,1652.0,1711.0,1749.0,2607.0,2371.0,1033.0,1281.0,1541.0,1631.0,1699.0,1773.0,1879.0,1878.0,1208.0,1149.0,932.0,1146.0,1327.0,1404.0,1405.0,1477.0,1528.0,1505.0,354.0,303.0,700.0,985.0,982.0,1310.0,993.0,1035.0,964.0,809.0,545.0,429.0,866.0,1160.0,1150.0,1525.0,1455.0,1543.0,1519.0,1360.0,928.0,658.0,596.0,932.0,817.0,1371.0,1935.0,2122.0,2010.0,1889.0,1869.5,1009.0,423.0,762.5,527.5,1152.5,2748.0,3455.5,3448.0,3581.5,1386.5,735.0,222.0,481.0,313.5,849.0,2532.0,3324.5,3283.0,3266.5,150.0,134.0,403.0,582.0,702.0,794.0,589.0,620.0,648.0,523.0,1583.0,782.0,220.0,446.0,267.0,762.0,2650.0,3790.0,3806.0,3967.0,1476.0,754.0,167.0,393.0,233.0,753.0,2650.0,3722.0,3798.0,3855.0,1500.0,754.0,167.0,432.0,238.0,795.0,2871.0,4127.0,4123.0,4280.0,1589.0,809.0,383.0,766.0,479.0,1300.0,3074.0,3775.0,3877.0,3967.0,1596.0,830.0,383.0,830.0,644.0,1475.0,2872.0,3456.0,3759.0,3686.0,1792.0,1040.0,463.0,904.0,894.5,1701.0,2689.0,3083.0,3323.0,3414.5,2289.5,1371.5,864.5,1385.5,1572.0,2130.5,2686.0,3014.5,3325.0,3410.5,3825.0,2632.0,1027.0,1451.0,1972.5,2588.0,2887.5,3179.5,3537.5,3629.0,4282.5,2822.5,1332.5,1857.5,2676.0,3214.5,3463.0,3782.5,4168.5,4257.0,3334.0,2379.0,1124.0,1495.0,2055.0,2384.0,2474.0,2602.0,2797.0,2998.0,150.0,134.0,457.0,582.0,702.0,794.0,559.0,572.0,603.0,500.0,3334.0,2460.0,1067.0,1427.0,1881.0,2211.0,2374.0,2437.0,2463.0,2746.0,3113.5,2353.5,1039.5,1328.0,1749.5,1984.5,2113.0,2251.5,2357.0,2404.0,2679.0,2105.0,811.0,1022.0,1315.0,1514.5,1591.0,1706.0,1768.0,1864.0,384.0,281.0,357.0,488.0,653.0,734.0,573.0,654.0,630.0,584.0,161.0,116.0,152.0,199.0,287.0,347.0,248.0,245.0,280.0,219.0,439.0,432.0,606.0,542.0,494.0,531.0,510.0,523.0,548.0,488.0,108.0,96.0,238.0,392.0,521.0,626.0,421.0,476.0,457.0,335.0,939.0,579.0,543.0,688.0,885.0,1086.0,1165.0,1266.0,1382.0,1370.0,2844.0,2146.0,1055.0,1356.0,1656.0,1845.0,1945.0,2046.0,2203.0,2254.0,1909.0,1210.0,619.0,821.0,1158.0,1291.0,1383.0,1505.0,1647.0,1700.0,2454.5,1749.5,861.5,1101.5,1460.5,1620.0,1704.5,1819.5,1997.5,2011.0,3539.5,2881.5,1410.5,1705.0,2049.5,2253.5,2317.0,2454.5,2688.0,2668.0,3373.0,2761.5,1338.0,1609.5,1936.5,2118.0,2188.5,2300.5,2488.0,2482.5,"{""type"":""MultiPoint"",""coordinates"":[]}"
244_0,3,77.0,63.5,169.5,258.0,331.5,398.5,236.0,257.5,245.0,160.0,1886.5,1597.0,705.0,895.5,1073.5,1154.5,1188.0,1253.0,1340.0,1371.0,2012.0,1715.5,758.5,956.0,1121.0,1235.0,1258.0,1324.0,1373.0,1410.0,2192.5,1924.0,946.0,1168.5,1360.5,1461.0,1471.5,1525.5,1601.5,1580.5,2288.0,2047.0,1079.0,1319.0,1498.0,1589.0,1610.0,1673.0,1753.0,1744.0,1575.0,1565.0,1232.0,1466.0,1643.0,1798.0,1813.0,1829.0,1850.0,1872.0,346.0,305.0,822.0,1064.0,1057.0,1298.0,1019.0,1078.0,924.0,894.0,333.0,280.0,714.0,1013.0,950.0,1220.0,1019.0,1078.0,1040.0,903.0,241.0,209.0,551.0,810.0,756.0,1103.0,988.0,1076.0,1015.0,864.0,264.5,205.5,240.0,514.5,397.5,879.5,1121.5,1308.0,1160.5,1007.5,394.5,277.0,204.0,387.0,231.5,708.5,1196.0,1383.5,1249.0,1098.5,235.0,217.5,437.5,567.0,620.5,695.5,488.5,515.0,487.5,402.0,925.5,493.0,198.0,394.0,224.5,695.0,1818.5,2327.5,2157.0,2022.0,1072.0,555.0,75.0,282.0,71.0,529.0,2254.0,2972.0,2879.0,2728.0,1211.0,575.0,125.0,379.0,177.0,686.0,2619.0,3477.0,3469.0,3470.0,1416.0,704.0,361.0,712.0,408.0,1189.0,3024.0,3608.0,3773.0,3762.0,1426.0,743.0,369.0,823.0,586.0,1497.0,2862.0,3434.0,3675.0,3567.0,1747.0,1023.0,477.5,960.5,909.0,1774.0,2762.5,3075.0,3324.5,3370.5,2306.0,1459.0,1181.0,1495.0,1480.0,2169.0,2781.0,3112.0,3324.0,3409.0,3640.5,2596.0,1123.0,1568.5,2208.0,2589.0,2833.0,3074.5,3431.0,3490.0,3643.0,2504.5,1062.5,1492.5,2173.0,2506.0,2705.0,2959.5,3364.0,3413.0,3529.0,2568.0,976.0,1368.0,2005.0,2315.0,2539.0,2725.0,2910.0,3109.0,106.0,94.0,514.0,604.0,614.0,605.0,448.0,456.0,440.0,356.0,3565.0,2686.0,938.0,1273.0,1826.0,2174.0,2298.0,2503.0,2566.0,2832.0,3415.0,2646.5,932.0,1202.0,1656.5,1920.5,2055.0,2221.5,2440.0,2519.5,3063.5,2483.5,837.0,1098.0,1540.0,1738.5,1852.0,1977.0,2258.0,2248.5,255.0,208.0,295.0,429.0,482.0,572.0,410.0,420.0,361.0,331.0,82.0,70.0,91.0,141.0,177.0,247.0,110.0,116.0,110.0,76.0,0.0,0.0,0.0,0.0,0.0,0.0,0.0,0.0,0.0,0.0,74.0,75.0,194.0,312.0,362.0,458.0,248.0,297.0,272.0,182.0,61.0,72.0,193.0,269.0,357.0,423.0,298.0,347.0,317.0,272.0,945.0,626.0,477.0,673.0,822.0,1002.0,1040.0,1149.0,1269.0,1309.0,923.0,480.0,461.0,623.0,816.0,1000.0,1030.0,1123.0,1254.0,1267.0,2459.0,1809.0,899.0,1172.0,1425.0,1624.0,1696.0,1819.0,1978.0,1953.0,3851.0,3101.0,1509.0,1840.0,2169.0,2366.0,2442.0,2574.0,2721.0,2775.0,3949.5,3223.0,1566.5,1876.5,2216.5,2416.0,2543.0,2633.0,2837.5,2886.0,"{""type"":""MultiPoint"",""coordinates"":[]}"
245_0,3,3022.0,2286.5,887.5,1001.0,1297.0,1504.5,1669.5,1824.5,2015.5,2077.0,2125.0,1947.0,643.0,889.0,1178.0,1305.0,1386.0,1445.0,1546.0,1585.0,2224.0,2096.0,731.0,925.0,1236.0,1380.0,1438.0,1532.0,1568.0,1611.0,1663.5,1540.0,586.5,805.5,1059.5,1133.5,1154.5,1192.0,1310.0,1321.5,522.0,485.0,744.0,830.0,875.0,961.0,826.0,836.0,804.0,765.0,464.0,384.0,358.0,603.0,555.0,787.0,767.0,836.0,772.0,724.0,684.0,523.0,304.0,563.0,426.0,813.0,1031.0,1094.0,1077.0,1075.0,1374.0,780.0,286.0,575.0,422.0,836.0,1992.0,2267.0,2279.0,2354.0,1099.0,607.0,154.0,368.0,212.0,617.0,1864.0,2521.0,2486.0,2461.0,1225.0,634.5,66.0,279.0,84.5,547.5,2215.5,3131.0,3134.0,3107.0,1255.5,599.0,45.5,214.0,51.0,466.0,2387.5,3460.5,3633.5,3583.5,3346.0,2893.0,1647.0,1687.5,1872.5,2103.0,2198.0,2365.5,2419.0,2536.0,1276.0,599.5,37.0,208.0,40.0,453.0,2465.0,3937.0,3967.0,4064.5,1133.5,550.0,60.5,298.5,57.5,565.5,2651.0,3960.5,4068.0,4214.5,1205.0,582.0,457.0,762.0,521.0,1124.0,3004.0,3960.0,4110.0,4218.0,1307.0,697.0,599.0,966.0,731.0,1540.0,3079.0,3755.0,3891.0,3961.0,1318.0,735.0,512.0,928.0,731.0,1575.0,2839.0,3280.0,3476.0,3508.0,1607.0,945.0,461.0,927.0,963.0,1818.0,2731.0,3076.0,3256.0,3373.0,4174.0,2984.0,1189.5,1676.5,2368.0,2836.5,3208.0,3499.5,3830.5,3978.0,4236.0,3108.0,1222.0,1680.0,2397.5,2770.5,2990.0,3221.0,3559.5,3638.0,3998.0,2907.0,1150.0,1542.0,2152.0,2491.0,2657.0,2905.0,3250.0,3333.0,4064.5,3066.0,1139.0,1543.5,2176.5,2534.0,2691.0,2941.5,3147.0,3325.5,3192.0,2522.0,640.0,848.0,1202.0,1380.0,1462.0,1585.0,1784.0,1816.0,3654.0,2915.5,933.5,1224.5,1649.0,1913.5,2083.5,2274.5,2422.5,2561.0,4560.5,3893.0,2295.5,2497.5,2803.5,3080.5,3201.5,3308.0,3511.0,3559.5,3303.0,2786.5,889.0,1042.5,1304.5,1511.0,1651.5,1783.0,1923.5,1995.0,3155.5,2666.0,849.0,994.0,1233.5,1466.5,1601.0,1727.0,1844.5,1928.0,2255.5,1719.5,521.0,699.0,938.0,1140.0,1289.0,1418.0,1571.0,1635.0,0.0,0.0,0.0,0.0,0.0,0.0,0.0,0.0,0.0,0.0,3763.0,2986.0,859.0,1171.0,1669.0,1910.0,1968.0,2139.0,2351.0,2426.0,3998.0,3310.0,1150.0,1367.0,1688.0,1965.0,2026.0,2185.0,2351.0,2491.0,3612.0,2940.0,962.0,1235.0,1603.0,1820.0,1937.0,2142.0,2339.0,2338.0,2734.5,2281.0,758.0,921.0,1256.5,1434.0,1448.0,1577.5,1724.0,1771.0,1816.0,1570.0,546.0,661.0,943.0,1073.0,1002.0,1118.0,1174.0,1216.0,1889.0,1755.0,518.0,709.0,975.0,1068.5,1095.0,1173.5,1285.0,1281.5,1946.0,1808.0,570.5,775.0,1039.0,1155.0,1188.5,1269.0,1372.0,1372.5,"{""type"":""MultiPoint"",""coordinates"":[]}"
246_0,3,1944.5,1598.5,665.5,807.5,1088.5,1171.5,1215.5,1250.5,1429.0,1422.5,2396.5,2104.0,973.0,1276.5,1563.0,1683.5,1691.0,1757.5,1893.0,1856.5,2451.5,2147.0,965.0,1261.0,1565.0,1691.0,1672.5,1776.5,1875.0,1830.5,2452.0,2136.0,985.0,1264.5,1557.0,1703.0,1697.0,1757.5,1861.0,1830.5,357.0,249.0,677.0,886.0,964.0,1039.0,804.0,873.0,875.0,797.0,357.0,277.0,677.0,886.0,964.0,1039.0,804.0,873.0,875.0,797.0,495.0,367.0,500.0,774.0,647.0,1007.0,1006.0,1094.0,1014.0,819.0,951.0,632.0,500.0,727.0,531.0,1122.0,1593.0,1721.0,1610.0,1546.0,1256.0,697.0,353.0,653.0,412.0,1098.0,2376.0,2721.0,2701.0,2454.0,1331.5,797.0,276.0,559.0,352.0,1011.0,2321.0,2752.0,2732.5,2644.0,1424.0,727.5,154.5,380.0,191.0,686.5,2545.5,3471.5,3515.0,3467.5,2166.0,1807.0,728.0,906.0,1180.0,1323.0,1333.0,1403.0,1518.0,1562.0,1615.0,806.0,150.0,435.0,173.0,823.0,3136.0,4154.0,4138.0,4258.0,1687.0,821.0,184.0,648.0,278.0,1158.0,3421.0,4361.0,4446.0,4478.0,1738.0,895.0,344.0,875.0,567.0,1504.0,3640.0,4361.0,4497.0,4478.0,1927.0,1041.0,574.0,1120.0,893.0,2036.0,3537.0,4059.0,4192.0,4289.0,2094.5,1225.0,631.0,1211.0,1120.5,2140.5,3261.0,3732.0,4027.5,4045.0,2626.0,1672.0,782.5,1350.5,1607.0,2390.5,3143.5,3476.0,3728.5,3839.5,3607.5,2346.0,1180.5,1629.0,2062.0,2782.5,3289.5,3563.5,3919.5,3972.0,4419.5,3033.0,1278.0,1836.0,2629.5,3031.0,3385.0,3714.5,4156.0,4061.5,3900.0,2798.5,1234.5,1745.5,2563.0,2918.5,3056.0,3465.5,3829.5,3864.5,2443.0,1874.0,830.0,1106.0,1523.0,1742.0,1698.0,1935.0,2015.0,2109.0,2106.5,1775.5,696.0,879.5,1170.0,1240.0,1286.5,1378.5,1534.5,1499.5,2490.5,1918.0,847.0,1126.0,1529.0,1737.5,1728.0,1936.0,2028.5,2092.5,2395.0,1887.5,889.0,1133.0,1470.0,1608.0,1702.0,1837.0,1990.0,1984.0,2165.0,1727.5,678.5,898.0,1177.0,1295.0,1356.0,1451.0,1586.0,1610.0,2118.0,1714.0,686.0,839.0,1122.0,1263.0,1306.0,1378.0,1504.0,1544.0,1821.0,1357.0,549.0,690.0,928.0,1033.0,1118.0,1186.0,1307.0,1282.0,0.0,0.0,0.0,0.0,0.0,0.0,0.0,0.0,0.0,0.0,1873.0,1520.0,599.0,778.0,999.0,1029.0,1134.0,1160.0,1277.0,1227.0,1981.0,1664.0,728.0,838.0,1002.0,1130.0,1169.0,1204.0,1263.0,1287.0,2403.0,2062.0,834.0,1067.0,1293.0,1447.0,1405.0,1534.0,1645.0,1634.0,2401.5,2008.0,883.5,1037.0,1269.0,1384.5,1353.5,1444.0,1594.5,1561.5,2181.5,1799.0,787.0,895.5,1122.0,1202.0,1190.5,1274.5,1353.0,1368.0,2166.0,1846.0,774.0,946.0,1177.0,1264.0,1258.0,1424.0,1552.0,1521.0,2131.0,1846.0,774.0,946.0,1177.0,1287.0,1305.0,1424.0,1552.0,1521.0,"{""type"":""MultiPoint"",""coordinates"":[]}"
247_0,3,212.5,177.0,221.5,296.0,419.5,456.0,324.5,364.0,385.0,284.0,1963.0,1654.0,712.5,891.5,1069.0,1194.0,1264.0,1336.5,1459.5,1454.0,2025.5,1739.0,739.5,948.5,1137.0,1236.0,1281.5,1359.0,1407.5,1438.0,2199.0,1928.5,923.0,1153.5,1342.0,1458.5,1484.0,1553.5,1605.0,1630.5,2040.0,1813.0,1102.0,1320.0,1414.0,1518.0,1466.0,1514.0,1563.0,1547.0,1106.0,947.0,1102.0,1320.0,1414.0,1518.0,1312.0,1355.0,1329.0,1241.0,287.0,254.0,667.0,992.0,988.0,1120.0,781.0,830.0,771.0,636.0,387.0,326.0,754.0,1001.0,977.0,1227.0,1019.0,1071.0,1040.0,839.0,454.0,381.0,484.0,737.0,643.0,1143.0,1043.0,1142.0,1133.0,957.0,524.5,362.5,277.5,528.0,396.5,960.5,1448.5,1707.0,1637.5,1449.5,551.5,384.5,247.5,445.0,292.5,746.5,1403.5,1678.0,1587.0,1387.0,351.5,312.0,467.5,607.5,672.5,729.5,539.0,561.5,571.0,471.0,1041.0,587.0,252.5,452.0,307.5,775.5,2010.0,2518.5,2485.0,2411.0,1158.0,607.0,159.0,379.0,227.0,678.0,2226.0,2899.0,2879.0,2812.0,1236.0,659.0,195.0,463.0,252.0,776.0,2581.0,3292.0,3264.0,3344.0,1453.0,751.0,386.0,773.0,464.0,1246.0,3009.0,3558.0,3617.0,3643.0,1461.0,751.0,396.0,845.0,605.0,1522.0,2902.0,3347.0,3545.0,3487.0,1746.5,1007.0,490.5,969.5,895.0,1788.5,2770.0,3068.5,3229.0,3306.0,2246.0,1418.0,1019.0,1412.0,1479.0,2122.0,2714.0,3041.0,3204.0,3344.0,3214.5,2298.0,975.0,1366.0,1833.5,2277.0,2576.5,2783.0,3037.5,3118.0,3210.0,2290.5,956.0,1343.5,1838.0,2224.5,2486.0,2683.0,2999.0,3075.0,3227.0,2297.0,897.0,1273.0,1844.0,2177.0,2392.0,2551.0,2764.0,2952.0,241.0,214.0,418.0,517.0,564.0,574.0,460.0,468.0,523.0,391.0,3244.0,2467.0,897.0,1273.0,1795.0,2166.0,2256.0,2475.0,2529.0,2786.0,3117.5,2368.5,856.5,1157.0,1572.5,1869.0,1979.5,2137.5,2329.0,2421.5,2607.5,2056.0,632.5,830.5,1118.0,1303.0,1372.5,1506.0,1708.0,1725.0,420.0,375.0,380.0,477.0,584.0,633.0,544.0,527.0,591.0,574.0,189.0,132.0,136.0,196.0,253.0,269.0,172.0,223.0,247.0,195.0,0.0,0.0,0.0,0.0,0.0,0.0,0.0,0.0,0.0,0.0,188.0,182.0,220.0,263.0,341.0,440.0,285.0,363.0,351.0,268.0,173.0,159.0,228.0,288.0,358.0,440.0,312.0,368.0,363.0,270.0,696.0,474.0,355.0,530.0,686.0,830.0,863.0,956.0,1070.0,1077.0,663.0,394.0,408.0,575.0,766.0,961.0,965.0,1047.0,1196.0,1164.0,1826.0,1158.0,608.0,854.0,1048.0,1296.0,1365.0,1484.0,1616.0,1678.0,3813.0,3036.0,1398.0,1748.0,2099.0,2331.0,2457.0,2591.0,2827.0,2841.0,4065.5,3272.5,1565.5,1896.0,2243.0,2489.0,2652.0,2790.0,3028.5,2993.5,"{""type"":""MultiPoint"",""coordinates"":[]}"
248_0,3,3837.0,3716.0,904.0,1266.0,1690.0,1916.0,1974.0,2141.0,2260.0,2324.0,2799.0,2162.0,741.0,1155.5,1189.5,1713.0,2829.5,3095.0,3276.5,3223.5,2218.0,1397.5,442.0,893.5,660.0,1507.5,4023.0,4721.5,4921.0,4829.0,2246.0,1400.0,408.0,809.0,627.0,1375.0,4119.0,4955.0,5069.0,5028.0,2676.0,1603.0,422.0,867.0,649.0,1490.0,4134.0,5373.0,5699.0,5524.0,4423.0,4252.0,983.0,1329.0,1767.0,2061.0,2218.0,2422.0,2650.0,2701.0,4635.0,4273.0,1535.0,1965.0,2471.0,2755.0,2807.0,2947.0,3102.0,3184.0,4322.0,4329.0,1142.0,1530.0,2005.0,2216.0,2292.0,2496.0,2591.0,2695.0,4095.0,3704.0,1294.0,1634.0,2041.0,2334.0,2368.0,2509.0,2591.0,2695.0,4556.0,4022.5,1601.0,2063.0,2516.0,2855.0,2990.5,3185.0,3315.0,3404.0,4311.0,3775.5,1387.5,1814.5,2249.0,2612.5,3098.0,3338.0,3436.5,3510.5,3859.0,3772.5,1005.5,1419.5,1829.0,2048.5,2117.5,2242.5,2360.5,2412.5,3145.0,2449.0,669.0,869.0,1100.0,1842.0,3349.0,3619.0,3817.0,3852.0,3145.0,2274.0,669.0,939.0,1104.0,1946.0,3735.0,4459.0,4483.0,4519.0,3658.0,3401.0,736.0,1050.0,1450.0,1780.0,1810.0,1900.0,2033.0,2129.0,3347.0,2998.0,1000.0,1263.0,1559.0,1747.0,1810.0,1876.0,2041.0,2061.0,3597.0,3030.0,1050.0,1468.0,1753.0,2072.0,2309.0,2450.0,2593.0,2620.0,2082.0,1330.0,471.0,889.0,622.0,1418.0,3519.0,3782.0,3851.0,3835.0,2461.0,1623.0,604.0,1065.5,854.5,1693.0,3388.5,3965.0,4024.0,4039.5,3085.0,2990.5,651.5,909.0,1218.0,1362.5,1476.5,1658.5,1814.5,1879.0,3251.0,3102.0,664.0,961.0,1289.0,1445.0,1563.0,1776.0,1921.0,1999.0,3346.0,3217.0,708.0,998.0,1320.0,1509.0,1597.0,1844.0,1922.0,2021.0,4045.5,3905.5,1041.5,1470.0,1924.0,2128.0,2170.0,2351.0,2529.5,2534.0,3471.5,3366.0,876.0,1204.5,1567.5,1773.5,1864.5,2021.5,2177.0,2232.0,3311.0,3171.0,829.0,1148.0,1516.0,1700.0,1780.0,1897.0,2077.0,2134.0,3321.0,3125.0,760.0,1132.0,1516.0,1651.0,1772.0,1931.0,2112.0,2091.0,3306.5,3056.0,807.0,1037.0,1342.5,1536.0,1579.5,1726.5,1851.0,1924.0,2501.5,2317.0,528.5,700.5,930.0,1115.5,1164.5,1275.5,1364.5,1446.0,2328.0,1554.0,952.0,995.0,1320.0,1460.0,1529.0,1606.0,1781.0,1716.0,3766.0,3382.0,1162.0,1644.0,2071.0,2278.0,2369.0,2458.0,2625.0,2630.0,4438.0,4208.0,1444.0,1932.0,2390.0,2670.0,2704.0,2861.0,2947.0,3006.0,3174.0,3000.0,535.0,843.0,1213.0,1366.0,1488.0,1612.0,1820.0,1782.0,3139.5,3064.5,570.0,821.0,1169.0,1343.0,1398.5,1537.5,1702.5,1729.5,3488.5,3273.0,720.0,1019.0,1409.0,1618.5,1667.5,1825.0,1983.0,2026.0,3152.5,2812.5,709.0,1016.5,1352.0,1531.5,1583.0,1703.0,1859.5,1875.5,2965.5,2523.0,683.0,983.0,1272.0,1477.5,1641.5,1798.5,1921.5,1960.5,"{""type"":""MultiPoint"",""coordinates"":[]}"
249_0,3,492.5,390.5,266.5,384.0,466.5,708.5,702.5,763.0,797.0,728.5,1971.0,1641.5,647.0,826.5,1018.0,1141.0,1215.5,1316.0,1418.0,1444.0,2056.0,1766.5,705.0,894.5,1098.0,1221.0,1273.5,1362.0,1412.5,1462.0,2251.0,1960.5,871.0,1096.5,1318.5,1441.0,1483.0,1552.5,1609.5,1649.5,2182.0,1954.0,1037.0,1302.0,1477.0,1613.0,1510.0,1566.0,1650.0,1622.0,729.0,549.0,805.0,1013.0,1092.0,1223.0,1027.0,996.0,944.0,875.0,749.0,651.0,737.0,1039.0,1072.0,1349.0,1098.0,1156.0,1077.0,1017.0,750.0,651.0,701.0,1030.0,1001.0,1349.0,1265.0,1395.0,1315.0,1252.0,1090.0,762.0,482.0,786.0,581.0,1239.0,1741.0,1947.0,1872.0,1773.0,1399.5,828.5,297.0,638.5,404.5,1086.0,2289.5,2746.5,2639.5,2568.5,1410.5,820.5,241.5,479.5,318.0,856.5,2470.0,2972.5,3051.0,3078.5,1228.5,895.5,521.5,714.5,903.5,1144.5,1157.5,1246.0,1338.0,1332.0,1715.5,953.0,282.0,528.0,390.0,944.5,2575.5,3623.0,3759.0,3884.0,1674.0,953.0,180.0,433.0,282.0,876.0,2618.0,3739.0,3976.0,4003.0,1674.0,896.0,204.0,468.0,290.0,917.0,2768.0,4057.0,4198.0,4160.0,1722.0,907.0,447.0,865.0,610.0,1521.0,3280.0,3952.0,4292.0,4292.0,1722.0,977.0,456.0,959.0,740.0,1621.0,3288.0,3893.0,4347.0,4188.0,2034.5,1205.0,557.5,1135.0,1005.5,1995.0,3339.5,3832.5,4189.5,4142.5,3480.0,2459.0,1190.0,1584.0,1829.0,2520.0,3013.0,3267.0,3590.0,3766.0,3590.5,2607.5,1173.5,1602.5,2203.5,2648.5,2879.5,3083.5,3477.5,3438.5,3701.0,2632.0,1157.0,1621.0,2358.0,2731.0,2936.0,3120.0,3522.0,3485.0,3888.0,2764.0,1283.0,1756.5,2524.0,3001.0,3089.5,3350.5,3555.0,3717.5,1238.0,844.0,574.0,714.0,898.0,1170.0,1109.0,1253.0,1455.0,1394.0,3635.0,2699.0,1233.0,1651.0,2266.0,2671.0,2711.0,2916.0,3037.0,3257.0,3410.0,2577.0,1114.5,1440.5,1966.0,2267.5,2354.0,2567.5,2762.0,2827.0,1895.0,1518.5,648.0,830.5,1106.0,1287.0,1303.0,1393.0,1479.5,1468.5,646.0,523.0,469.0,541.0,678.0,797.0,730.0,794.0,779.0,770.0,417.0,307.0,214.0,362.0,313.0,532.0,502.0,520.0,512.0,501.0,0.0,0.0,0.0,0.0,0.0,0.0,0.0,0.0,0.0,0.0,860.0,592.0,367.0,543.0,678.0,891.0,875.0,942.0,1071.0,1031.0,931.0,670.0,535.0,619.0,739.0,942.0,988.0,1061.0,1132.0,1202.0,2899.0,2335.0,1133.0,1402.0,1667.0,1891.0,1916.0,2037.0,2228.0,2178.0,2706.0,2079.0,895.0,1145.0,1468.0,1637.0,1655.0,1864.0,2052.0,1927.0,2995.0,2512.0,1129.0,1429.0,1712.0,1792.0,1941.0,2117.0,2412.0,2280.0,3493.0,2941.0,1311.0,1586.0,1890.0,2029.0,2283.0,2324.0,2652.0,2599.0,3362.0,2809.5,1262.5,1550.0,1827.5,2006.0,2230.0,2378.5,2681.0,2556.0,"{""type"":""MultiPoint"",""coordinates"":[]}"
250_0,3,1722.0,1423.0,477.5,623.5,803.5,914.0,968.0,1034.0,1115.5,1162.0,2387.5,2007.0,927.0,1199.0,1469.0,1605.0,1657.0,1716.0,1805.0,1809.0,2404.0,2008.0,874.5,1125.0,1391.0,1539.0,1556.0,1638.0,1697.0,1734.0,2321.0,1973.5,869.0,1105.0,1360.0,1499.5,1512.0,1599.0,1640.5,1707.0,436.5,297.5,622.5,845.5,877.0,1081.5,953.0,1017.5,1035.5,919.5,301.5,242.0,622.5,845.5,898.5,1154.5,1046.5,1105.5,1076.0,1004.0,905.0,580.5,723.0,994.5,1047.0,1406.5,1463.0,1546.5,1500.5,1459.0,953.5,706.0,691.5,989.5,943.0,1406.5,1780.0,1861.5,1729.0,1805.5,1362.0,725.5,475.5,813.0,662.0,1167.0,2403.5,2710.0,2676.0,2799.5,1774.0,984.5,417.0,755.0,733.5,1375.5,2560.0,3048.0,3061.5,3371.0,1754.0,1020.0,446.0,814.0,809.0,1501.0,2586.0,3058.5,3158.5,3378.5,2017.0,1661.0,575.0,750.5,973.5,1124.0,1125.0,1224.5,1307.5,1353.0,1681.0,942.5,391.0,789.5,665.0,1429.0,2674.5,3130.0,3176.5,3400.5,1563.0,837.5,331.5,695.0,521.0,1273.5,2674.5,3123.5,3180.0,3450.5,1507.0,818.5,308.0,675.0,478.5,1191.0,2609.5,2999.5,3102.5,3267.5,1636.0,871.5,472.5,869.0,549.0,1410.5,2843.5,3241.0,3358.0,3494.5,1672.0,918.0,432.0,914.5,620.0,1553.0,2666.5,3007.5,3214.0,3274.0,1855.0,1041.0,423.0,924.0,712.0,1630.0,2585.0,2850.0,3088.0,3217.0,2141.5,1214.0,617.0,1085.0,1039.5,1853.0,2601.0,2890.0,3197.5,3345.0,2446.5,1468.5,617.0,1085.0,1101.5,1850.0,2577.5,2876.0,3193.0,3346.0,3409.0,2295.5,783.0,1188.0,1628.5,2156.0,2554.5,2845.0,3215.0,3373.5,2034.5,1549.0,521.0,728.0,1031.5,1241.0,1311.5,1427.5,1530.5,1616.5,1883.0,1550.0,430.5,644.5,863.5,972.5,1053.0,1095.5,1185.5,1256.0,2120.5,1670.0,541.5,765.0,1056.5,1258.0,1317.0,1408.5,1528.5,1591.5,2301.5,1859.5,792.5,971.5,1247.5,1403.5,1477.0,1572.5,1704.5,1789.0,2033.5,1702.0,581.5,751.0,988.5,1099.5,1176.5,1258.5,1406.5,1424.0,2216.5,1897.5,678.0,852.0,1062.5,1217.5,1252.5,1349.0,1485.5,1517.0,1813.5,1498.0,474.0,596.0,808.5,908.0,989.5,1054.5,1155.0,1206.5,0.0,0.0,0.0,0.0,0.0,0.0,0.0,0.0,0.0,0.0,1585.0,1219.5,447.0,583.5,785.0,888.5,921.5,966.0,1096.0,1098.5,1868.5,1570.5,587.5,727.0,882.5,997.5,1052.5,1128.0,1188.5,1203.0,2261.0,1894.5,733.0,951.5,1150.0,1282.0,1359.5,1437.0,1511.0,1554.0,2217.0,1874.0,750.0,921.5,1097.0,1240.0,1255.0,1358.0,1516.5,1466.0,2062.5,1725.0,710.0,807.0,987.5,1094.0,1154.5,1240.0,1296.5,1366.0,1864.0,1567.5,612.5,724.5,914.0,998.5,1049.0,1120.5,1201.0,1220.5,2150.5,1853.5,761.0,1018.0,1263.5,1407.5,1414.0,1498.5,1571.0,1602.0,"{""type"":""MultiPoint"",""coordinates"":[]}"
251_0,3,1920.0,1607.0,542.5,696.5,953.0,1093.5,1159.5,1228.5,1327.0,1382.5,2335.0,2010.5,1001.0,1270.5,1518.5,1651.5,1702.5,1763.0,1858.5,1847.0,2420.0,2084.0,945.0,1232.0,1512.0,1653.0,1693.5,1781.5,1859.5,1862.0,2306.5,2015.5,961.0,1232.0,1481.0,1616.5,1659.0,1746.0,1801.5,1800.0,317.5,289.5,895.0,1103.0,1215.5,1405.0,1259.5,1292.0,1258.0,1118.5,317.5,289.5,895.0,1103.0,1215.5,1405.0,1259.5,1292.0,1258.0,1118.5,273.0,184.5,536.0,839.0,781.0,1105.5,1084.0,1176.0,1077.0,882.5,335.0,235.5,409.0,644.0,542.5,1085.5,1234.5,1395.0,1247.0,1060.0,493.5,386.5,353.0,504.0,380.5,966.0,1518.0,1659.0,1563.0,1300.5,886.0,530.0,212.5,429.0,278.0,850.0,1840.5,2244.0,2199.0,2007.0,1041.5,557.0,210.5,370.5,197.5,674.5,2111.0,2713.5,2716.0,2483.5,2213.0,1848.5,582.0,802.5,1068.0,1218.0,1274.0,1333.5,1411.5,1522.0,1227.0,619.0,212.0,401.0,199.5,733.0,2651.0,3454.5,3372.0,3263.0,1351.0,654.5,194.0,463.0,201.5,851.0,2981.0,3747.0,3791.5,3694.0,1502.5,730.0,348.0,752.5,433.0,1333.5,3215.5,3951.0,3983.5,4030.0,1659.5,912.0,587.0,1090.0,826.5,1903.0,3149.0,3580.5,3704.0,3775.5,1902.5,1108.5,629.0,1149.0,1060.0,1988.5,2783.5,3071.5,3381.5,3307.5,2363.0,1460.0,673.0,1147.0,1420.0,2060.0,2564.0,2815.0,3042.0,3153.0,3356.0,2180.0,983.0,1441.0,1888.0,2447.5,2737.5,3017.0,3325.0,3397.5,4187.0,2829.5,1037.0,1494.5,2140.5,2590.0,2798.5,3100.0,3383.5,3518.5,4091.5,2866.0,1080.0,1544.0,2254.5,2707.0,2948.0,3204.5,3503.0,3622.5,2390.5,1848.5,685.0,972.5,1374.5,1596.5,1662.0,1806.5,1860.0,1951.0,1951.5,1650.5,456.0,684.0,933.0,1069.0,1146.0,1216.0,1335.0,1381.0,2462.5,1921.5,734.5,1014.5,1411.0,1628.0,1703.5,1846.0,1873.0,1970.0,2411.5,1885.0,843.5,1082.5,1420.5,1605.5,1682.5,1801.5,1911.5,1926.0,2127.5,1741.0,651.5,842.5,1115.0,1265.5,1330.5,1436.0,1549.5,1554.0,2341.5,1931.5,727.0,908.0,1187.0,1346.5,1381.5,1533.5,1589.0,1673.0,1837.0,1484.5,532.0,671.0,917.0,1002.0,1102.0,1167.5,1337.5,1346.5,0.0,0.0,0.0,0.0,0.0,0.0,0.0,0.0,0.0,0.0,1513.5,1132.5,405.0,565.5,747.0,880.0,938.5,986.0,1106.0,1143.0,1716.5,1371.0,554.0,675.5,837.0,988.0,1049.0,1091.0,1183.5,1213.0,2379.0,1956.5,799.0,1031.5,1274.5,1407.0,1493.5,1569.0,1676.0,1699.5,2313.5,1911.5,794.5,988.5,1247.5,1353.0,1392.5,1483.0,1624.0,1622.5,2080.0,1711.0,708.5,830.0,1051.5,1151.0,1171.0,1253.5,1350.0,1371.5,2127.5,1853.0,738.0,925.5,1145.0,1291.0,1346.0,1399.0,1521.5,1541.5,2127.5,1853.0,725.5,931.0,1148.0,1295.5,1346.5,1449.5,1542.0,1541.5,"{""type"":""MultiPoint"",""coordinates"":[]}"
252_0,3,2208.5,1951.5,1022.5,1096.5,1261.0,1404.0,1485.0,1566.5,1623.5,1701.0,2530.0,2337.0,798.0,1076.0,1429.0,1590.0,1634.0,1702.0,1797.0,1823.0,2212.0,2025.0,557.0,798.0,1133.0,1261.0,1306.0,1391.0,1500.0,1519.0,241.0,236.5,382.0,503.0,475.5,592.0,393.5,447.5,405.0,309.5,211.0,188.0,388.5,533.0,508.0,631.0,504.0,530.5,502.5,431.0,336.0,265.0,306.0,480.0,477.5,637.5,662.0,746.5,751.5,656.0,614.0,489.0,336.0,543.0,429.0,816.0,988.0,1116.0,1017.0,986.0,745.0,555.0,320.0,526.0,406.0,794.0,1145.0,1334.0,1331.0,1215.0,1079.0,605.0,222.0,385.0,208.0,594.0,1732.0,2179.0,2111.0,2117.0,1147.0,597.0,63.0,228.0,42.0,459.0,2240.5,3272.0,3358.5,3325.5,1238.0,591.0,63.0,245.0,32.0,446.5,2408.5,3822.5,3852.0,3886.0,2798.5,2510.0,1479.5,1620.0,1814.0,2010.5,2010.5,2043.5,2121.0,2168.5,1308.5,621.5,59.5,255.5,44.5,484.0,2684.0,4173.5,4218.5,4271.0,1437.5,682.5,197.0,597.0,216.5,1073.0,3341.5,4483.5,4652.0,4745.5,1546.0,763.0,517.0,902.0,626.0,1415.0,3416.0,4369.0,4424.0,4615.0,1627.0,918.0,723.0,1146.0,977.0,1822.0,3219.0,3781.0,3939.0,4009.0,1752.0,1001.0,641.0,1158.0,1033.0,1917.0,3032.0,3410.0,3766.0,3750.0,2337.0,1400.0,721.0,1229.0,1366.0,2256.0,3032.0,3399.0,3611.0,3750.0,4691.5,3311.5,1240.0,1706.5,2465.0,2965.5,3191.5,3493.0,3827.5,3957.5,4541.5,3294.0,1210.5,1674.5,2465.0,2792.0,3047.5,3315.0,3665.0,3726.0,4166.0,3115.0,1113.0,1515.0,2210.0,2506.0,2744.0,2989.0,3401.0,3433.0,3465.0,2569.0,910.0,1245.5,1766.0,2082.0,2236.5,2422.0,2630.0,2775.5,2102.0,1893.0,538.0,682.0,923.0,1063.0,1122.0,1233.0,1330.0,1355.0,3396.0,2732.5,765.0,1050.0,1412.5,1663.0,1851.0,1989.5,2105.5,2255.5,2542.5,2206.5,978.0,1068.5,1253.5,1401.0,1475.5,1538.5,1677.0,1742.0,2678.0,2459.5,640.5,781.0,981.0,1147.0,1257.0,1342.0,1468.0,1538.5,2766.5,2569.0,713.0,829.5,1013.0,1179.5,1288.0,1384.5,1498.5,1598.0,2294.5,1923.5,460.0,613.0,855.5,1006.5,1132.0,1198.5,1388.5,1433.0,0.0,0.0,0.0,0.0,0.0,0.0,0.0,0.0,0.0,0.0,1777.0,1488.0,327.0,511.0,746.0,916.0,1009.0,1047.0,1203.0,1240.0,2094.0,1845.0,466.0,644.0,865.0,1081.0,1190.0,1297.0,1326.0,1427.0,2231.0,1910.0,558.0,760.0,971.0,1214.0,1389.0,1515.0,1610.0,1643.0,2204.0,1871.5,637.5,799.5,995.0,1232.0,1466.5,1569.5,1680.5,1706.5,2092.0,1906.0,627.0,782.0,993.0,1177.0,1263.0,1362.0,1447.0,1479.0,2092.0,1906.0,594.0,759.0,993.0,1159.0,1199.0,1290.0,1420.0,1428.0,2149.5,2016.0,621.0,854.0,1129.5,1250.0,1291.0,1362.0,1497.0,1501.0,"{""type"":""MultiPoint"",""coordinates"":[]}"
253_0,3,2000.5,1625.5,627.5,792.0,1046.0,1209.5,1209.0,1320.5,1417.0,1433.0,2329.5,1935.0,806.0,1034.5,1300.5,1410.0,1464.0,1557.0,1675.0,1661.0,2786.0,2399.5,1041.5,1360.5,1708.0,1809.0,1842.0,1891.0,2035.0,2048.5,3024.5,2573.5,1163.5,1502.0,1863.0,2005.0,2045.5,2125.0,2232.0,2250.5,1151.0,1065.0,970.0,1270.0,1587.0,1724.0,1673.0,1812.0,1692.0,1682.0,723.0,503.0,816.0,1113.0,1167.0,1389.0,1227.0,1359.0,1272.0,1270.0,556.0,410.0,557.0,871.0,869.0,1197.0,1227.0,1359.0,1272.0,1270.0,760.0,625.0,557.0,866.0,783.0,1232.0,1527.0,1667.0,1724.0,1589.0,1457.0,867.0,420.0,744.0,500.0,1102.0,2577.0,2810.0,2933.0,2825.0,1766.5,906.0,275.0,616.0,300.5,971.0,3123.5,3956.5,4019.5,4011.0,1600.5,790.5,94.5,338.5,120.0,667.5,2975.5,4347.5,4311.5,4404.5,2237.0,1842.0,716.0,896.0,1161.0,1308.0,1334.0,1467.0,1511.0,1581.0,1590.0,781.0,130.0,366.0,154.0,647.0,3066.0,4466.0,4573.0,4662.0,1635.0,791.0,65.0,411.0,143.0,793.0,3441.0,4793.0,5011.0,4925.0,1698.0,842.0,287.0,798.0,418.0,1340.0,3730.0,4873.0,5072.0,5148.0,1858.0,971.0,506.0,1073.0,749.0,1843.0,3727.0,4451.0,4630.0,4676.0,1891.0,1082.0,544.5,1127.0,905.0,1975.5,3495.5,4019.5,4376.0,4304.0,2467.0,1538.0,740.5,1346.5,1515.0,2398.0,3405.5,3763.0,4096.0,4210.0,3223.5,2076.5,1114.0,1730.0,2235.0,3193.5,3835.5,4162.0,4518.5,4650.5,4221.5,2941.5,1350.5,1879.5,2645.5,3248.5,3501.0,3826.0,4095.5,4321.5,3972.0,2913.0,1228.0,1684.0,2513.0,2973.0,3177.0,3278.0,3735.0,3849.0,4060.5,2797.5,1173.5,1650.0,2460.0,2972.5,3073.5,3296.5,3418.0,3826.0,2188.0,1855.0,669.5,865.0,1153.0,1269.0,1311.5,1396.0,1541.0,1565.0,2924.0,2210.0,761.5,1072.5,1507.0,1778.5,1925.0,2067.0,2033.0,2279.5,2791.5,2107.0,847.0,1097.5,1512.5,1790.5,1837.0,2007.0,2052.0,2188.5,2533.5,2019.5,669.0,848.0,1155.0,1374.5,1426.0,1571.5,1582.0,1710.5,2563.0,2053.0,699.0,871.0,1160.0,1381.5,1404.5,1542.5,1566.0,1709.0,1851.0,1253.0,531.0,669.0,934.0,1039.0,1049.0,1127.0,1284.0,1282.0,0.0,0.0,0.0,0.0,0.0,0.0,0.0,0.0,0.0,0.0,1799.0,1373.0,576.0,751.0,961.0,1080.0,1079.0,1171.0,1287.0,1278.0,2023.0,1660.0,705.0,840.0,1009.0,1138.0,1161.0,1232.0,1306.0,1322.0,2499.0,2064.0,855.0,1055.0,1317.0,1459.0,1479.0,1556.0,1668.0,1698.0,2232.0,1746.0,842.0,921.0,1138.0,1207.0,1366.0,1534.0,1355.0,1748.0,2066.5,1645.0,669.5,821.5,1039.0,1132.5,1164.5,1203.0,1321.5,1362.0,2494.0,2124.0,905.0,1083.0,1294.0,1444.0,1541.0,1654.0,1770.0,1779.0,2278.0,1908.5,748.0,972.5,1237.0,1365.0,1393.5,1489.0,1620.0,1641.0,"{""type"":""MultiPoint"",""coordinates"":[]}"
254_0,3,2007.5,1679.5,597.5,735.0,1007.0,1120.5,1171.5,1243.0,1349.0,1377.0,2545.5,2193.0,952.5,1272.0,1580.0,1703.0,1763.0,1825.5,1961.0,1931.0,2553.0,2179.5,908.5,1193.5,1524.0,1656.0,1651.0,1739.5,1860.0,1879.5,2496.0,2184.5,899.5,1164.0,1465.5,1608.5,1600.5,1685.0,1789.5,1820.5,178.5,191.0,415.5,621.0,646.5,786.0,637.0,693.0,660.0,578.0,287.5,243.0,523.5,792.5,870.0,1082.0,950.5,1042.5,1007.0,936.5,790.5,566.5,485.5,730.5,628.5,1096.5,1536.0,1648.5,1515.5,1560.0,1326.0,712.5,364.0,718.0,384.5,1048.0,2601.0,2891.5,2951.0,2860.5,1321.5,670.0,210.0,565.0,253.0,1017.5,3078.5,3665.5,3754.5,3831.5,1649.0,890.0,264.0,595.5,438.5,1180.0,2787.5,3362.5,3556.5,3813.0,1780.0,977.5,282.5,633.5,460.5,1208.0,2785.5,3400.0,3620.0,3783.5,2277.0,1934.0,622.5,838.5,1108.5,1277.0,1316.5,1399.0,1467.0,1542.0,1710.5,905.0,237.0,589.0,398.0,1125.5,2758.0,3353.0,3551.0,3699.0,1509.0,785.0,220.0,568.0,316.5,1020.5,2704.5,3423.5,3540.0,3681.0,1514.5,739.0,257.5,632.0,278.5,1067.5,2934.0,3538.0,3647.0,3845.5,1813.0,908.5,480.5,1047.5,534.5,1673.5,3492.0,3998.0,4206.0,4267.0,1882.0,983.5,488.5,1133.5,660.0,1857.5,3475.0,3847.5,4084.5,4164.5,2046.0,1125.0,597.0,1334.0,1098.0,2369.0,3399.0,3680.0,3947.0,4046.0,2388.0,1350.0,896.0,1646.5,1606.5,2682.0,3482.5,3777.0,4079.5,4209.0,2764.0,1635.5,911.0,1578.0,1823.5,2745.0,3202.0,3512.0,3900.5,4006.0,4081.5,2812.0,1165.0,1603.5,2290.0,2776.5,3040.0,3334.0,3784.5,3913.0,2556.0,1971.0,834.5,1142.0,1586.5,1876.0,1945.5,2085.5,2164.0,2350.5,2136.5,1821.0,548.5,759.5,1018.0,1149.5,1192.0,1273.0,1423.5,1434.0,2631.5,2043.5,866.0,1162.5,1601.5,1862.5,1891.0,2046.0,2158.0,2242.0,2391.5,1864.5,917.0,1146.0,1476.5,1708.5,1728.5,1854.5,1932.5,2042.0,2358.0,1898.5,692.0,916.0,1217.0,1394.5,1451.5,1572.5,1688.0,1741.5,2529.0,2087.0,782.5,987.0,1283.0,1478.5,1510.0,1641.5,1737.0,1817.0,2122.0,1507.5,577.0,736.5,1011.5,1163.5,1262.0,1324.0,1476.5,1491.0,0.0,0.0,0.0,0.0,0.0,0.0,0.0,0.0,0.0,0.0,1991.5,1742.5,520.5,719.5,945.0,1041.5,1069.5,1177.0,1265.5,1275.0,1976.5,1727.5,595.0,691.0,872.5,949.5,996.0,1059.5,1162.0,1167.0,2369.0,2089.5,663.5,852.5,1101.5,1224.5,1270.5,1358.5,1459.5,1438.0,2465.5,2151.0,714.5,878.5,1157.5,1254.0,1276.0,1368.5,1515.0,1516.0,2193.5,1906.5,669.0,794.0,1023.0,1126.5,1159.5,1249.5,1337.5,1369.0,1975.5,1746.5,587.0,764.5,987.5,1077.0,1121.5,1207.5,1316.0,1319.5,2325.0,2045.0,808.5,1096.5,1390.5,1484.0,1517.0,1585.5,1721.0,1691.5,"{""type"":""MultiPoint"",""coordinates"":[]}"
255_0,3,2046.0,1679.0,647.5,788.0,1059.0,1184.5,1237.5,1294.5,1407.0,1475.0,2115.5,1823.0,717.5,931.5,1195.5,1294.0,1335.5,1414.0,1516.5,1469.5,2313.0,2009.0,801.0,1041.5,1317.0,1445.5,1463.0,1494.0,1622.5,1635.5,2456.0,2147.5,861.0,1128.5,1427.5,1560.0,1591.0,1673.5,1743.0,1748.5,1167.0,1077.0,984.0,1263.0,1314.0,1439.0,1425.0,1521.0,1549.0,1473.0,358.0,321.0,686.0,892.0,968.0,1037.0,812.0,941.0,942.0,719.0,634.0,513.0,472.0,732.0,680.0,983.0,1088.0,1148.0,1151.0,1025.0,999.0,750.0,472.0,732.0,534.0,1004.0,1513.0,1667.0,1722.0,1610.0,1915.0,953.0,336.0,696.0,283.0,983.0,3446.0,4114.0,4158.0,4246.0,1999.0,1000.0,264.5,601.0,263.5,977.0,3679.0,5204.0,5125.5,5169.5,1781.0,863.5,147.5,367.5,186.5,662.0,3133.5,5048.0,5144.5,5223.5,2270.0,1866.0,720.0,900.0,1171.0,1332.0,1332.0,1454.0,1484.0,1577.0,1719.0,824.0,185.0,370.0,181.0,605.0,2981.0,4911.0,4906.0,5181.0,1637.0,761.0,99.0,346.0,206.0,782.0,3217.0,4891.0,5157.0,5279.0,1646.0,772.0,261.0,638.0,375.0,1190.0,3392.0,4859.0,5116.0,5249.0,1863.0,966.0,456.0,927.0,627.0,1603.0,3896.0,4837.0,5177.0,5330.0,1990.5,1113.5,519.0,1031.0,768.5,1817.5,3906.0,4799.5,5110.0,5252.0,2618.0,1568.5,720.5,1394.0,1386.5,2587.0,4129.5,4778.0,5082.0,5289.5,3373.0,2105.0,1132.5,1754.5,2130.5,3075.5,4096.0,4498.5,5017.0,5113.5,4478.5,3135.5,1349.5,1900.5,2703.0,3431.5,3891.0,4173.0,4589.5,4778.5,3996.5,2834.0,1343.5,1877.0,2697.0,3174.5,3439.5,3668.5,3921.5,4120.5,3984.0,2776.0,1469.0,2030.0,2860.0,3443.0,3241.0,3890.0,4009.0,3894.0,2291.0,1891.5,700.5,872.5,1144.5,1274.0,1329.5,1369.5,1532.5,1534.5,3873.0,2779.5,1393.0,1886.5,2603.5,2987.0,3057.0,3285.0,3584.5,3679.0,3580.5,2581.0,1289.5,1648.5,2239.0,2677.0,2693.5,2855.5,3109.5,3284.0,3179.5,2587.5,1012.0,1233.0,1627.5,1902.0,1896.5,2045.0,2240.5,2240.0,3291.5,2664.5,1064.0,1268.0,1666.0,1868.0,1913.0,2044.5,2256.5,2238.5,1959.0,1517.0,564.0,701.0,996.0,1176.0,1163.0,1340.0,1377.0,1407.0,0.0,0.0,0.0,0.0,0.0,0.0,0.0,0.0,0.0,0.0,2062.0,1727.0,616.0,790.0,997.0,1111.0,1102.0,1141.0,1306.0,1305.0,1836.0,1455.0,710.0,798.0,944.0,1003.0,967.0,1007.0,1268.0,1104.0,2244.5,1910.0,729.5,905.0,1131.0,1229.5,1277.0,1332.0,1451.0,1471.5,2267.0,1908.0,678.0,813.0,1063.0,1157.0,1078.0,1147.0,1270.0,1289.0,2284.0,1909.0,778.5,881.0,1115.0,1222.5,1161.0,1242.0,1356.0,1369.0,2384.0,2044.0,826.0,987.0,1183.0,1328.0,1336.0,1449.0,1538.0,1545.0,2205.0,1850.0,711.0,921.0,1182.0,1317.0,1327.0,1407.0,1515.0,1558.0,"{""type"":""MultiPoint"",""coordinates"":[]}"
256_0,3,1975.5,1562.0,626.5,787.5,1053.5,1176.5,1218.0,1277.0,1428.5,1444.5,2383.5,2002.0,809.0,1061.5,1347.0,1461.5,1510.0,1579.5,1698.0,1702.0,2626.0,2236.5,923.0,1239.5,1551.0,1650.0,1670.5,1717.0,1861.5,1882.5,2823.0,2405.5,1082.0,1437.5,1772.5,1847.0,1877.5,1948.5,2082.0,2065.0,1222.0,1136.0,909.0,1207.0,1477.0,1575.0,1574.0,1669.0,1804.0,1706.0,490.0,420.0,677.0,973.0,1150.0,1274.0,1204.0,1320.0,1363.0,1192.0,536.0,369.0,558.0,886.0,886.0,1221.0,1240.0,1345.0,1273.0,1185.0,906.0,731.0,548.0,863.0,737.0,1236.0,1683.0,1809.0,1701.0,1608.0,1717.0,906.0,316.0,695.0,297.0,1057.0,2987.0,3371.0,3585.0,3432.0,1850.5,936.5,246.5,630.0,274.0,1018.0,3334.0,4354.0,4444.5,4363.0,1631.0,800.0,70.0,322.5,96.0,700.0,3106.5,4513.5,4594.5,4622.5,2171.0,1771.0,688.0,889.0,1127.0,1299.0,1309.0,1413.0,1514.0,1542.0,1606.0,783.0,105.0,344.0,125.0,694.0,3135.0,4495.0,4738.0,4745.0,1666.0,783.0,45.0,389.0,115.0,879.0,3529.0,4827.0,5141.0,5088.0,1727.0,851.0,297.0,827.0,413.0,1455.0,3840.0,4953.0,5203.0,5262.0,1949.0,993.0,521.0,1096.0,773.0,1947.0,3909.0,4651.0,4859.0,4889.0,2010.0,1135.5,581.5,1182.5,954.0,2067.5,3579.5,4054.0,4563.5,4425.5,2576.5,1579.5,799.0,1425.0,1582.0,2522.0,3416.5,3862.5,4279.0,4301.0,3264.5,2144.5,1197.5,1840.5,2426.0,3247.5,3889.0,4223.0,4750.5,4677.0,4362.0,3014.0,1415.0,2019.0,2775.5,3446.5,3725.5,4035.0,4395.0,4528.0,3955.0,2883.0,1245.0,1762.0,2612.0,2952.0,3160.0,3276.0,3844.0,3842.0,4066.0,2821.5,1268.0,1765.0,2640.0,3054.5,3092.5,3474.0,3654.0,3857.5,2173.0,1768.0,677.0,850.5,1137.0,1241.0,1292.0,1373.5,1532.0,1530.5,3327.0,2378.0,954.5,1330.5,1903.0,2160.0,2179.5,2416.5,2761.0,2631.0,3345.5,2493.5,1043.0,1356.5,1858.0,2124.5,2203.5,2325.0,2666.5,2630.5,2991.0,2335.5,753.0,959.0,1282.5,1477.0,1553.0,1717.0,1834.0,1866.0,3034.5,2444.5,780.5,949.0,1240.5,1507.0,1493.5,1692.5,1741.0,1847.0,1787.0,1155.0,481.0,618.0,854.0,925.0,1004.0,1051.0,1187.0,1172.0,0.0,0.0,0.0,0.0,0.0,0.0,0.0,0.0,0.0,0.0,1872.0,1488.0,577.0,747.0,958.0,1048.0,1072.0,1153.0,1284.0,1326.0,1985.0,1643.0,699.0,810.0,991.0,1089.0,1114.0,1169.0,1261.0,1277.0,2387.0,1992.0,784.0,995.0,1242.0,1359.0,1394.0,1462.0,1566.0,1584.0,2232.0,1962.0,1015.0,1235.0,1419.0,1530.0,1587.0,1684.0,1886.0,1814.0,2028.0,1633.0,674.0,794.0,1002.5,1095.0,1129.0,1179.5,1301.5,1322.0,2369.0,1980.0,854.0,1002.0,1202.0,1338.0,1454.0,1600.0,1727.0,1679.0,2224.0,1852.5,717.5,947.0,1189.0,1323.5,1365.5,1476.0,1594.0,1598.0,"{""type"":""MultiPoint"",""coordinates"":[]}"
257_0,3,1832.0,1541.0,448.0,584.0,836.0,966.5,1007.5,1108.5,1211.0,1260.5,2119.5,1859.0,849.0,1083.5,1319.5,1430.5,1472.5,1533.0,1624.0,1607.5,2229.0,1944.5,805.0,1032.5,1284.0,1401.0,1445.5,1520.0,1611.5,1620.5,1782.0,1571.5,740.5,938.5,1153.5,1269.0,1284.0,1353.0,1401.5,1413.5,257.5,223.5,501.0,705.0,725.5,918.0,771.0,845.0,772.0,727.5,374.0,339.0,759.5,899.5,968.5,1161.0,1084.0,1113.5,1139.0,1051.0,427.0,296.5,480.0,671.5,610.5,943.0,1029.5,1156.5,1066.0,951.5,713.0,547.5,418.5,651.0,486.5,956.5,1392.5,1544.5,1387.0,1300.0,1214.5,663.5,275.5,569.5,331.0,954.0,2573.5,3028.0,2977.0,2892.5,1562.0,830.0,237.5,549.0,328.0,992.5,2816.0,3514.0,3539.5,3603.5,1526.0,772.0,184.0,419.5,241.0,757.5,2750.0,3695.0,3776.0,3805.0,2069.0,1789.0,520.5,711.5,958.0,1076.5,1211.0,1267.0,1350.0,1398.5,1557.0,789.0,219.0,463.0,260.0,859.5,2907.5,3836.5,3882.0,4024.0,1645.0,800.5,242.0,560.0,324.5,1043.5,3165.5,4037.5,4213.5,4294.0,1756.0,882.5,427.0,869.5,597.5,1500.5,3384.0,4146.5,4183.5,4336.0,1924.5,1080.0,616.0,1110.5,940.0,1934.0,3285.5,3730.5,3923.0,4038.0,2065.5,1184.5,643.5,1163.5,1099.5,1995.5,2978.0,3377.5,3685.0,3701.5,2307.0,1395.0,637.0,1146.0,1252.0,2015.0,2797.0,3128.0,3353.0,3495.0,3053.0,1943.5,897.5,1319.5,1592.5,2231.5,2733.0,3007.0,3268.0,3405.0,3587.0,2482.0,862.5,1231.5,1814.0,2227.5,2508.5,2748.0,3058.0,3186.0,3446.5,2467.5,862.5,1288.5,1855.0,2186.0,2455.5,2683.5,2979.5,3061.0,2337.0,1831.0,682.0,947.0,1359.0,1584.0,1638.5,1699.5,1847.5,1984.5,1949.5,1616.5,415.5,632.0,892.0,1032.5,1072.0,1194.0,1306.5,1334.0,2391.0,1878.0,736.0,992.0,1390.0,1572.0,1667.0,1726.5,1911.0,2002.0,2343.0,1818.0,847.5,1052.0,1392.0,1560.0,1632.5,1738.0,1884.5,1936.0,2105.0,1696.0,614.5,802.5,1074.5,1211.5,1307.0,1382.0,1512.5,1561.5,2394.0,1890.5,767.0,977.5,1281.5,1458.5,1519.0,1621.5,1743.0,1792.0,2014.0,1482.0,1714.5,1734.0,1790.0,1892.5,1940.0,2010.5,2137.0,2067.0,0.0,0.0,0.0,0.0,0.0,0.0,0.0,0.0,0.0,0.0,1642.0,1293.0,412.5,562.0,781.0,927.5,955.5,1041.5,1177.5,1202.0,1907.5,1570.5,573.0,685.0,873.5,1031.5,1106.5,1203.0,1278.5,1350.0,2316.5,1954.0,709.5,914.0,1124.5,1305.5,1438.0,1526.5,1641.5,1645.5,2315.0,1885.0,703.0,895.5,1106.0,1274.0,1390.0,1502.0,1640.0,1663.5,1862.5,1493.5,536.5,692.0,893.5,1027.5,1110.0,1190.0,1330.0,1346.5,1923.5,1708.0,589.0,739.5,926.0,1056.5,1127.5,1199.5,1296.0,1299.5,1966.5,1773.0,608.5,789.0,974.5,1095.5,1162.0,1217.5,1336.0,1339.5,"{""type"":""MultiPoint"",""coordinates"":[]}"
258_0,3,1740.5,1425.5,622.0,777.5,1014.5,1121.5,1163.0,1233.0,1312.5,1335.0,2442.0,2131.0,1005.0,1316.5,1563.5,1694.5,1713.0,1784.5,1877.5,1872.0,2382.0,2052.5,884.0,1166.0,1407.5,1527.5,1562.5,1616.5,1712.5,1713.0,2488.0,2148.5,952.0,1254.0,1510.0,1645.5,1647.5,1716.5,1798.0,1791.5,1036.0,1020.0,1167.0,1475.0,1755.0,1894.0,1844.0,1925.0,1677.0,1663.0,242.0,247.0,696.0,944.0,1028.0,1180.0,978.0,1004.0,954.0,746.0,272.0,255.0,693.0,993.0,1007.0,1191.0,1005.0,1098.0,1056.0,888.0,443.0,303.0,582.0,929.0,852.0,1286.0,1239.0,1360.0,1194.0,1116.0,632.0,419.0,535.0,837.0,727.0,1115.0,1307.0,1480.0,1356.0,1222.0,896.0,527.0,290.5,572.0,347.5,895.0,1734.5,2086.5,1971.5,1836.0,1284.0,682.0,201.5,507.5,246.0,870.0,2525.0,3186.5,3239.5,3211.0,1985.5,1657.5,739.0,926.0,1179.0,1271.5,1303.5,1383.5,1480.5,1480.0,1361.0,701.0,230.0,464.0,244.0,809.0,2521.0,3324.0,3380.0,3485.0,1226.0,622.0,123.0,380.0,165.0,705.0,2433.0,3211.0,3276.0,3217.0,1228.0,611.0,123.0,350.0,141.0,662.0,2621.0,3466.0,3452.0,3489.0,1461.0,715.0,320.0,664.0,329.0,1069.0,3182.0,3920.0,4094.0,4091.0,1669.0,838.0,391.0,934.0,455.0,1540.0,3546.0,4160.0,4319.0,4319.0,1704.5,916.5,413.0,994.5,530.0,1704.0,3362.0,3792.0,4006.5,4037.5,1924.0,1028.0,790.0,1440.0,1284.0,2252.0,3264.0,3496.0,3755.0,3794.0,2254.0,1372.5,837.5,1475.0,1490.5,2560.5,3129.5,3431.0,3735.0,3757.0,3397.0,2339.0,1061.5,1540.0,2099.5,2703.0,3034.0,3270.5,3567.5,3649.0,2570.0,1683.0,714.0,1130.0,1775.0,2176.0,2328.0,2490.0,2758.0,2868.0,1795.0,1473.0,511.0,749.0,1015.0,1137.0,1153.0,1222.0,1336.0,1356.0,3365.0,2457.0,812.0,1174.0,1715.0,2042.0,2157.0,2355.0,2472.0,2728.0,3196.5,2360.5,841.0,1111.5,1592.5,1867.5,2012.0,2195.0,2367.5,2474.5,2808.0,2218.5,648.5,864.0,1186.5,1371.0,1484.0,1616.5,1766.0,1853.0,2269.0,1782.0,750.0,918.0,1195.0,1365.0,1432.0,1540.0,1677.0,1730.0,2003.0,1420.0,516.0,646.0,906.0,1049.0,1139.0,1197.0,1351.0,1394.0,558.0,360.0,428.0,405.0,459.0,478.0,520.0,581.0,611.0,658.0,1665.0,1358.0,577.0,756.0,970.0,1030.0,1061.0,1132.0,1224.0,1223.0,342.0,265.0,244.0,203.0,193.0,209.0,214.0,225.0,249.0,214.0,2237.0,1885.0,793.0,1031.0,1279.0,1413.0,1407.0,1486.0,1579.0,1587.0,2383.0,2075.0,971.0,1194.0,1430.0,1530.0,1548.0,1623.0,1786.0,1748.0,1634.0,1362.0,651.5,796.5,996.5,1066.5,1091.0,1134.0,1208.0,1207.0,1946.0,1676.0,715.0,848.0,1067.0,1164.0,1196.0,1266.0,1333.0,1359.0,2082.0,1830.5,752.0,962.0,1173.0,1295.0,1310.0,1397.5,1499.5,1470.5,"{""type"":""MultiPoint"",""coordinates"":[]}"
259_0,3,2786.0,2135.5,874.0,1004.5,1286.0,1512.5,1581.0,1720.5,1913.0,2017.5,2219.0,2043.0,631.0,855.0,1166.0,1291.0,1310.0,1389.0,1487.0,1537.0,2324.0,2189.0,706.0,912.0,1220.0,1338.0,1328.0,1466.0,1537.0,1577.0,2279.5,2124.0,729.0,971.0,1267.5,1410.5,1431.5,1532.0,1613.0,1635.0,640.0,569.0,872.0,1032.0,1074.0,1150.0,899.0,918.0,921.0,781.0,640.0,569.0,940.0,1032.0,1074.0,1150.0,899.0,918.0,958.0,781.0,391.0,308.0,364.0,635.0,478.0,813.0,771.0,904.0,816.0,754.0,1405.0,859.0,373.0,802.0,511.0,1220.0,2120.0,2355.0,2374.0,2503.0,1121.0,675.0,350.0,652.0,433.0,1002.0,1996.0,2156.0,2087.0,2065.0,1293.5,685.5,189.0,468.0,233.0,898.0,2320.5,2854.5,2802.5,2925.5,1246.5,637.0,166.0,443.5,217.0,826.0,2331.0,2964.5,2952.0,3007.5,3688.0,3038.5,1215.0,1451.0,1856.0,2067.5,2143.0,2314.5,2568.5,2662.5,1230.0,607.5,124.0,318.0,125.0,571.5,2294.0,3243.0,3266.0,3349.0,1063.5,507.5,71.5,247.5,63.5,496.0,2262.5,3303.0,3298.0,3390.0,1027.0,494.0,414.0,619.0,420.0,873.0,2356.0,3290.0,3327.0,3424.0,1242.0,644.0,564.0,897.0,590.0,1314.0,2916.0,3576.0,3743.0,3765.0,1236.0,644.0,447.0,848.0,590.0,1314.0,2783.0,3411.0,3615.0,3587.0,1454.0,814.0,391.0,828.0,738.0,1516.0,2725.0,3134.0,3396.0,3510.0,1978.0,1087.0,637.0,1194.5,1255.5,2068.5,2894.5,3291.0,3569.5,3627.5,2427.5,1486.5,1042.0,1546.0,1781.5,2432.5,2998.0,3329.5,3694.0,3710.0,4300.5,2952.0,1262.5,1747.0,2532.5,3066.0,3284.5,3610.5,4048.0,4124.0,4153.0,2931.0,1301.0,1822.0,2647.0,3072.0,3209.0,3431.0,3649.0,3895.0,3310.0,2675.0,751.5,988.0,1368.5,1544.0,1597.0,1775.5,2009.5,2097.0,4110.5,2965.0,1161.5,1586.5,2208.5,2565.5,2722.0,2921.5,3127.0,3326.5,4094.5,3274.5,2038.5,2286.0,2676.0,2974.5,3148.5,3266.5,3541.5,3557.5,3028.5,2332.0,992.0,1175.0,1564.0,1842.5,1930.0,2106.0,2295.0,2356.5,3456.5,2712.5,1000.5,1226.5,1586.5,1867.0,1941.0,2136.5,2305.0,2402.0,2853.5,2117.0,730.5,966.0,1317.5,1542.0,1669.5,1774.5,2009.5,2078.5,0.0,0.0,0.0,0.0,0.0,0.0,0.0,0.0,0.0,0.0,3438.0,2691.0,799.0,1065.0,1489.0,1740.0,1761.0,1905.0,2066.0,2168.0,3865.5,3099.0,1013.5,1235.0,1613.5,1910.5,2001.0,2188.5,2352.5,2466.0,3476.5,2788.0,887.0,1149.0,1480.0,1724.0,1850.5,1987.5,2210.0,2260.5,1816.0,1608.5,514.5,634.5,873.0,991.5,995.5,1097.0,1160.0,1210.5,1938.0,1704.0,532.0,654.0,942.0,1073.0,1006.0,1093.0,1155.0,1217.0,1947.5,1819.5,543.0,705.5,977.5,1090.5,1073.0,1151.5,1248.0,1262.0,2016.5,1875.5,588.0,758.0,1038.5,1157.0,1166.5,1241.0,1330.5,1373.0,"{""type"":""MultiPoint"",""coordinates"":[]}"
260_0,3,1855.5,1538.0,528.0,675.5,908.5,1035.0,1083.0,1176.5,1238.0,1265.5,2455.0,2069.5,954.0,1261.0,1550.0,1696.5,1732.5,1792.0,1887.0,1899.0,2462.0,2070.0,897.5,1166.5,1468.0,1597.5,1627.0,1720.5,1798.5,1815.5,2376.5,2030.5,888.0,1144.0,1431.5,1566.0,1598.0,1669.5,1739.0,1781.0,235.5,220.0,548.0,780.0,817.5,994.5,810.0,906.5,855.5,787.5,236.5,181.0,566.5,791.0,793.0,1052.5,933.5,1004.5,962.0,874.0,519.0,366.0,553.0,791.5,726.5,1151.0,1212.5,1187.5,1041.5,1193.0,982.0,720.0,518.5,815.5,601.0,1158.5,1776.5,1950.0,1793.0,1805.0,1409.5,733.0,328.0,711.5,336.0,1116.5,3391.5,4007.0,3961.5,3912.0,1663.0,893.0,232.0,632.0,397.5,1256.5,3113.5,3840.5,3956.5,4121.5,1785.0,952.5,256.0,628.0,398.0,1208.0,3062.5,3761.0,3868.0,4054.5,2151.5,1769.5,603.0,803.0,1074.5,1241.0,1292.0,1320.0,1415.5,1463.5,1748.5,900.0,244.0,610.0,347.0,1159.0,3112.0,3786.5,3971.0,4098.0,1597.0,800.0,186.0,544.5,284.5,1054.0,3119.0,3867.0,4022.5,4146.0,1575.5,792.0,256.5,606.0,313.0,1076.0,3140.5,3830.5,3997.0,4069.0,1824.5,944.0,466.0,913.5,509.0,1532.0,3453.0,4026.0,4208.0,4324.0,1842.0,978.0,434.5,987.5,611.0,1707.0,3314.0,3749.0,4063.5,4079.0,1959.0,1101.0,484.0,1110.0,833.0,1999.0,3216.0,3575.0,3806.0,3916.0,2240.0,1271.0,738.0,1378.0,1326.5,2413.5,3249.5,3585.5,3875.0,3984.5,2537.0,1606.0,782.0,1411.0,1629.5,2556.5,3025.0,3334.0,3706.5,3800.0,4026.0,2669.5,1046.5,1506.0,2072.0,2639.0,2918.5,3262.5,3681.0,3777.5,1952.0,1481.5,553.5,792.5,1107.0,1279.5,1346.0,1426.5,1494.0,1603.0,2033.5,1667.0,449.5,668.5,942.5,1071.0,1140.5,1221.5,1309.0,1366.0,2097.5,1646.5,601.0,840.0,1152.0,1312.0,1365.5,1456.5,1534.5,1602.0,2248.5,1808.0,802.5,980.0,1252.0,1422.0,1459.0,1553.0,1633.5,1708.0,2011.5,1664.5,616.0,788.0,1019.5,1162.5,1184.0,1285.5,1367.0,1404.0,2177.0,1852.0,722.0,874.0,1087.0,1242.5,1288.0,1369.5,1410.0,1478.5,1784.5,1463.5,509.5,645.5,835.5,948.5,1005.0,1070.0,1192.5,1212.5,0.0,0.0,0.0,0.0,0.0,0.0,0.0,0.0,0.0,0.0,1513.5,1116.5,413.0,575.0,764.5,873.0,946.0,1035.5,1102.5,1117.5,1891.5,1523.5,611.0,762.0,919.5,1084.5,1138.0,1211.0,1263.0,1294.5,2349.5,1918.5,804.5,1062.0,1278.0,1416.5,1527.5,1577.0,1685.5,1712.5,2308.5,1901.5,799.5,999.0,1236.0,1384.5,1424.0,1502.5,1615.0,1631.5,2140.0,1740.5,763.5,895.0,1093.0,1220.0,1252.0,1351.5,1469.0,1473.0,1970.5,1649.5,653.5,780.5,1006.0,1086.0,1105.0,1211.5,1278.5,1318.5,2213.5,1877.0,788.5,1053.0,1316.0,1454.0,1496.0,1562.5,1654.5,1668.0,"{""type"":""MultiPoint"",""coordinates"":[]}"
261_0,3,1032.0,884.0,336.5,400.5,494.0,523.0,538.0,590.0,641.0,635.5,1887.5,1682.0,737.0,932.0,1074.0,1146.5,1192.5,1225.5,1322.0,1298.5,2035.0,1815.0,755.0,978.5,1127.0,1222.5,1250.0,1310.0,1375.5,1383.5,2583.5,2318.5,1190.0,1436.5,1631.5,1746.5,1789.0,1821.5,1905.0,1916.5,2664.0,2420.0,1246.0,1485.0,1695.0,1779.0,1833.0,1913.0,2027.0,2007.0,2337.0,2119.0,1057.0,1273.0,1451.0,1552.0,1582.0,1627.0,1691.0,1712.0,308.0,264.0,764.0,970.0,994.0,1134.0,831.0,824.0,785.0,678.0,456.0,431.0,978.0,1216.0,1285.0,1403.0,1066.0,1111.0,1096.0,919.0,247.0,184.0,633.0,931.0,964.0,1138.0,823.0,958.0,827.0,710.0,241.5,185.5,601.5,927.5,948.0,1157.5,870.0,960.0,855.5,771.0,294.5,223.5,464.5,766.5,735.5,1077.5,917.5,1017.0,906.0,823.5,1266.0,1093.5,473.0,569.0,680.0,711.0,745.5,794.0,867.5,840.0,713.0,478.0,381.0,662.0,509.0,1041.0,1618.0,1811.0,1624.0,1670.0,810.0,475.0,190.0,422.0,250.0,744.0,1704.0,1979.0,1849.0,1808.0,1021.0,521.0,190.0,408.0,214.0,730.0,2164.0,2684.0,2593.0,2561.0,1194.0,609.0,319.0,566.0,337.0,911.0,2315.0,2907.0,2857.0,2825.0,1195.0,639.0,314.0,675.0,400.0,1139.0,2372.0,2766.0,2826.0,2738.0,1219.5,699.5,370.5,773.0,574.0,1375.5,2379.0,2641.0,2728.0,2707.0,1674.0,1039.0,765.0,1157.0,1347.0,1954.0,2526.0,2736.0,2975.0,2993.0,2253.5,1496.5,709.5,1108.0,1398.0,1983.5,2467.0,2704.5,2992.0,3016.5,3351.0,2333.0,940.0,1386.0,1926.0,2340.0,2539.0,2787.0,3162.0,3114.0,2305.5,1646.0,809.5,1133.0,1569.5,1860.0,1945.5,2105.5,2231.5,2346.5,1310.0,1160.0,515.0,602.0,709.0,734.0,762.0,819.0,888.0,868.0,3238.0,2529.0,978.0,1289.0,1758.0,2042.0,2119.0,2305.0,2499.0,2537.0,3182.5,2466.0,1058.0,1340.5,1774.5,2032.0,2136.5,2299.5,2472.0,2543.0,2902.5,2348.0,841.5,1082.0,1390.5,1614.0,1699.0,1828.5,1958.5,2028.0,3008.0,2422.0,956.0,1147.0,1419.0,1652.0,1745.0,1861.0,1962.0,2046.0,2396.0,1533.0,746.0,952.0,1212.0,1394.0,1491.0,1605.0,1816.0,1801.0,0.0,0.0,0.0,0.0,0.0,0.0,0.0,0.0,0.0,0.0,2267.0,2033.0,838.0,1078.0,1280.0,1367.0,1421.0,1467.0,1593.0,1565.0,562.0,486.0,344.0,351.0,345.0,361.0,370.0,405.0,390.0,400.0,2470.0,2214.0,978.0,1241.0,1459.0,1558.0,1595.0,1645.0,1758.0,1785.0,1856.0,1619.0,1149.0,1404.0,1608.0,1600.0,1511.0,1447.0,1969.0,1440.0,2013.5,1782.5,766.0,915.5,1073.0,1153.5,1147.5,1214.5,1286.5,1309.5,1713.0,1502.0,651.0,782.0,909.0,997.0,1034.0,1105.0,1143.0,1152.0,1780.0,1577.0,673.0,836.0,959.5,1034.5,1060.5,1130.0,1205.0,1197.0,"{""type"":""MultiPoint"",""coordinates"":[]}"
262_0,3,278.5,226.0,220.5,325.5,436.5,552.5,417.0,426.0,478.0,373.0,1816.5,1527.0,628.0,801.5,968.5,1085.5,1155.5,1209.0,1353.0,1336.5,1934.0,1662.5,677.5,867.0,1068.5,1142.0,1183.5,1268.0,1347.0,1354.0,2161.5,1899.0,853.5,1081.5,1296.0,1397.5,1407.0,1494.5,1554.0,1569.0,2048.0,1829.0,922.0,1146.0,1335.0,1416.0,1422.0,1468.0,1552.0,1529.0,421.0,398.0,922.0,1126.0,1185.0,1275.0,954.0,960.0,939.0,762.0,393.0,337.0,635.0,850.0,893.0,1091.0,896.0,932.0,914.0,824.0,525.0,405.0,757.0,1034.0,1028.0,1264.0,1180.0,1205.0,1239.0,1144.0,661.0,478.0,476.0,775.0,613.0,1050.0,1319.0,1528.0,1516.0,1289.0,869.0,505.5,288.5,592.5,379.5,987.0,1884.0,2239.0,2133.5,1952.0,1006.0,572.5,215.0,441.5,253.5,774.0,2133.0,2494.0,2561.5,2425.0,587.5,481.5,372.5,472.5,623.0,762.5,704.0,807.5,807.0,785.5,1489.0,773.0,252.5,492.0,296.0,802.0,2572.5,3551.0,3536.5,3713.0,1496.0,759.0,167.0,425.0,235.0,719.0,2679.0,3601.0,3816.0,3804.0,1534.0,766.0,167.0,456.0,231.0,802.0,2874.0,4063.0,4129.0,4229.0,1617.0,831.0,424.0,850.0,523.0,1471.0,3439.0,4175.0,4281.0,4306.0,1648.0,865.0,457.0,909.0,648.0,1603.0,3294.0,3814.0,4131.0,4099.0,1853.5,1066.0,500.0,1029.0,905.5,1879.0,3154.0,3548.0,3765.5,3901.5,3490.0,2444.0,1096.0,1527.0,1736.0,2480.0,2993.0,3299.0,3553.0,3673.0,3591.0,2574.5,1074.5,1498.0,2069.0,2519.5,2738.0,3018.5,3293.0,3334.0,3675.0,2583.0,1053.0,1469.0,2128.0,2559.0,2729.0,3015.0,3269.0,3341.0,3868.5,2693.0,1060.0,1508.5,2218.5,2619.5,2802.5,3063.0,3249.5,3439.5,477.0,341.0,392.0,444.0,582.0,708.0,690.0,764.0,827.0,804.0,3680.0,2617.0,1005.0,1415.0,2010.0,2297.0,2508.0,2627.0,2791.0,3021.0,3482.5,2594.0,983.0,1291.5,1792.5,2109.0,2243.5,2449.5,2625.0,2720.0,1850.0,1495.5,589.5,738.0,1006.5,1154.0,1172.5,1269.0,1394.5,1381.0,547.0,452.0,425.0,476.0,607.0,746.0,624.0,695.0,707.0,692.0,252.0,206.0,164.0,269.0,239.0,424.0,351.0,359.0,389.0,315.0,0.0,0.0,0.0,0.0,0.0,0.0,0.0,0.0,0.0,0.0,313.0,278.0,291.0,403.0,465.0,578.0,508.0,574.0,584.0,563.0,362.0,302.0,318.0,407.0,493.0,594.0,566.0,627.0,639.0,609.0,1807.0,1200.0,584.0,785.0,955.0,1147.0,1203.0,1326.0,1452.0,1478.0,1697.0,1128.0,542.0,695.0,918.0,1116.0,1192.0,1285.0,1437.0,1479.0,2987.0,2384.0,976.0,1249.0,1510.0,1747.0,1883.0,1954.0,2139.0,2117.0,3536.0,2958.0,1285.0,1550.0,1841.0,2104.0,2177.0,2325.0,2546.0,2536.0,3555.0,2918.5,1286.5,1558.0,1847.0,2102.0,2322.0,2450.0,2702.0,2648.0,"{""type"":""MultiPoint"",""coordinates"":[]}"
263_0,3,1757.0,1465.5,583.0,724.5,945.0,1062.0,1111.0,1176.5,1271.0,1272.5,2302.0,1996.0,891.5,1155.0,1396.5,1517.0,1560.0,1635.0,1726.0,1713.5,2344.5,2052.5,895.0,1163.5,1390.0,1512.5,1554.0,1622.0,1685.0,1697.5,2267.0,2009.0,882.5,1137.0,1353.0,1468.0,1504.0,1576.5,1624.5,1633.0,391.0,372.0,1043.0,1337.0,1360.0,1504.0,1078.0,1059.0,1047.0,841.0,714.0,520.0,952.0,1312.0,1360.0,1621.0,1518.0,1670.0,1674.0,1538.0,414.0,336.0,700.0,995.0,952.0,1408.0,1344.0,1464.0,1346.0,1215.0,862.0,790.0,700.0,988.0,940.0,1457.0,1820.0,1818.0,1763.0,1669.0,637.0,512.0,577.0,824.0,724.0,1284.0,1545.0,1803.0,1636.0,1500.0,780.5,522.0,352.0,618.0,526.5,1072.5,1592.0,1884.0,1696.0,1618.5,1095.0,646.5,258.0,539.5,368.0,964.5,2121.0,2477.5,2403.0,2428.0,1967.0,1665.0,687.0,866.0,1078.0,1229.0,1239.0,1302.0,1364.0,1402.0,1142.0,639.0,227.0,509.0,324.0,898.0,2065.0,2417.0,2247.0,2331.0,1194.0,597.0,128.0,375.0,175.0,693.0,2247.0,2862.0,2815.0,2783.0,1194.0,597.0,105.0,331.0,132.0,633.0,2495.0,3273.0,3243.0,3340.0,1442.0,746.0,301.0,637.0,284.0,1028.0,3097.0,3958.0,3927.0,3894.0,1572.5,796.0,344.0,805.5,385.0,1292.0,3374.5,4181.0,4355.0,4244.0,1592.0,864.0,361.5,845.0,471.0,1474.0,3134.0,3517.5,3753.0,3774.0,1904.0,1019.0,700.0,1239.0,1066.0,2012.0,3118.0,3453.0,3712.0,3791.0,2353.5,1461.5,863.0,1462.0,1637.5,2541.5,3212.5,3495.5,3902.0,3945.5,3484.5,2478.5,1070.5,1570.5,2102.5,2638.5,2923.5,3138.5,3498.5,3474.0,2812.0,2111.0,806.0,1109.0,1555.0,1797.0,1964.0,2084.0,2184.0,2310.0,1832.0,1523.0,502.0,707.0,973.0,1102.0,1122.0,1208.0,1298.0,1309.0,2728.0,2108.0,777.0,1096.0,1479.0,1720.0,1817.0,1934.0,2016.0,2149.0,2571.0,1974.0,821.5,1031.5,1359.0,1540.5,1612.0,1753.5,1875.5,1936.0,2332.0,1876.5,671.5,847.5,1130.5,1257.5,1333.5,1431.0,1545.0,1589.5,2478.0,2037.0,773.0,925.0,1184.0,1329.0,1406.0,1509.0,1575.0,1667.0,2035.0,1525.0,530.0,666.0,908.0,999.0,1089.0,1181.0,1326.0,1318.0,0.0,0.0,0.0,0.0,0.0,0.0,0.0,0.0,0.0,0.0,1596.0,1227.0,522.0,708.0,880.0,967.0,1030.0,1054.0,1196.0,1195.0,2225.0,2072.0,883.0,1095.0,1330.0,1504.0,1638.0,1724.0,1492.0,1813.0,2354.0,1982.0,848.0,1114.0,1341.0,1477.0,1532.0,1571.0,1703.0,1693.0,2553.0,2172.0,1050.0,1268.0,1492.0,1585.0,1657.0,1749.0,1898.0,1811.0,1971.0,1653.0,625.0,790.0,1010.0,1088.0,1094.0,1195.0,1278.0,1291.0,2052.0,1769.0,707.0,934.0,1139.0,1250.0,1296.0,1381.0,1435.0,1456.0,2118.0,1819.5,780.5,985.5,1199.5,1303.5,1344.5,1410.5,1509.5,1504.5,"{""type"":""MultiPoint"",""coordinates"":[]}"
264_0,3,1903.5,1551.0,588.5,721.5,973.5,1099.5,1124.0,1192.0,1290.5,1328.5,2177.0,1881.5,879.0,1132.0,1375.5,1476.5,1495.5,1572.5,1648.0,1650.0,2259.0,1958.5,839.5,1076.0,1336.5,1437.5,1464.0,1539.5,1620.5,1640.5,2212.0,1913.5,828.0,1051.5,1308.0,1421.0,1442.5,1526.0,1587.0,1615.0,275.0,215.0,581.0,781.0,856.0,991.0,910.0,962.0,929.0,865.0,275.0,215.0,571.0,760.0,820.0,991.0,910.0,962.0,982.0,865.0,578.0,479.0,534.0,694.0,642.0,1019.0,1213.0,1333.0,1263.0,1160.0,1051.0,654.0,466.0,694.0,418.0,1017.0,2282.0,2586.0,2515.0,2445.0,1352.0,687.0,288.0,589.0,362.0,1029.0,3033.0,3792.0,3772.0,4007.0,1697.0,917.0,286.5,618.5,441.0,1162.0,2884.5,3539.5,3709.0,3874.0,1789.0,928.0,201.0,472.0,300.0,918.5,2830.5,3723.5,3891.5,4078.0,2103.0,1749.0,665.0,833.0,1069.0,1210.0,1213.0,1332.0,1431.0,1488.0,1813.0,916.0,219.0,497.0,283.0,931.0,3053.0,3844.0,3957.0,4151.0,1799.0,900.0,174.0,621.0,324.0,1122.0,3357.0,4197.0,4379.0,4520.0,1844.0,915.0,331.0,802.0,519.0,1493.0,3584.0,4284.0,4464.0,4639.0,2065.0,1087.0,523.0,1048.0,857.0,1969.0,3524.0,4126.0,4207.0,4423.0,2193.0,1233.0,577.5,1112.5,1030.5,2046.5,3246.0,3663.5,3981.5,4100.5,2474.5,1484.0,628.0,1146.5,1270.5,2151.5,3012.5,3387.5,3623.5,3820.0,3184.0,1980.0,960.5,1355.0,1634.0,2356.0,2953.5,3274.5,3597.0,3745.5,3949.0,2708.0,997.5,1380.5,1929.5,2428.5,2769.5,3057.5,3425.0,3564.5,3537.5,2519.0,838.0,1189.0,1798.0,2211.0,2464.5,2663.5,2951.5,3117.0,2524.0,1949.0,797.0,1019.0,1465.0,1695.0,1780.0,1980.0,1984.0,2120.0,2087.0,1749.5,635.5,795.0,1068.5,1182.0,1182.0,1279.0,1406.5,1428.0,2579.0,1994.5,803.0,1049.0,1485.5,1705.5,1793.5,1964.5,2042.0,2156.0,2517.5,1933.5,874.5,1095.0,1464.5,1671.0,1737.5,1873.0,1980.0,2095.0,2302.0,1824.5,669.5,848.5,1157.0,1317.5,1384.0,1491.0,1588.0,1664.0,2352.0,1885.5,746.0,890.5,1169.0,1340.5,1416.5,1503.0,1587.0,1673.5,2012.0,1411.0,561.0,702.0,934.0,1084.0,1133.0,1225.0,1367.0,1395.0,0.0,0.0,0.0,0.0,0.0,0.0,0.0,0.0,0.0,0.0,1763.0,1470.0,516.0,690.0,860.0,950.0,970.0,1044.0,1136.0,1145.0,1823.0,1567.0,585.0,668.0,816.0,931.0,922.0,994.0,1064.0,1097.0,2080.0,1777.0,675.5,846.5,1050.5,1149.5,1189.5,1242.0,1355.0,1385.5,2088.0,1739.0,626.0,733.0,959.0,1065.0,1014.0,1072.0,1192.0,1236.0,2116.5,1750.5,714.0,805.5,1012.5,1103.0,1098.0,1184.0,1284.5,1313.5,1960.0,1696.0,677.0,803.0,996.0,1107.0,1153.0,1219.0,1307.0,1322.0,1924.0,1696.0,677.0,836.0,1051.0,1122.0,1155.0,1218.0,1310.0,1322.0,"{""type"":""MultiPoint"",""coordinates"":[]}"
265_0,3,1680.5,1391.0,581.0,729.0,957.0,1099.0,1101.5,1175.5,1243.5,1263.0,2360.5,2078.5,969.0,1251.0,1485.5,1597.0,1625.0,1717.5,1783.5,1766.5,2344.0,2051.5,856.0,1105.5,1350.0,1460.5,1504.0,1578.5,1648.5,1686.0,2432.0,2138.0,918.5,1195.5,1443.0,1565.0,1598.0,1663.5,1733.0,1768.5,390.0,364.0,968.0,1225.0,1243.0,1394.0,1033.0,1019.0,988.0,811.0,423.0,376.0,968.0,1225.0,1243.0,1394.0,1033.0,1040.0,1015.0,858.0,298.0,227.0,616.0,900.0,957.0,1169.0,993.0,1064.0,1011.0,870.0,482.0,392.0,556.0,861.0,796.0,1202.0,1207.0,1294.0,1256.0,1130.0,700.0,521.0,497.0,790.0,671.0,1236.0,1526.0,1691.0,1673.0,1524.0,869.0,531.0,295.0,556.5,370.0,925.5,1804.0,2012.5,1918.5,1877.5,1168.5,640.5,245.5,515.0,301.0,915.0,2494.0,3021.5,3081.0,2893.5,1891.5,1607.5,713.0,871.5,1101.5,1223.5,1247.0,1307.0,1372.5,1410.5,1430.0,758.0,230.0,477.0,318.0,880.0,2538.0,3189.0,3316.0,3306.0,1286.0,636.0,176.0,463.0,286.0,880.0,2501.0,3142.0,3210.0,3116.0,1217.0,606.0,176.0,421.0,221.0,790.0,2583.0,3316.0,3316.0,3409.0,1402.0,719.0,333.0,690.0,349.0,1114.0,3053.0,3666.0,3851.0,3754.0,1571.0,793.0,351.0,864.0,461.0,1450.0,3248.0,3860.0,4091.0,3930.0,1618.0,882.5,394.0,939.5,549.5,1600.0,3032.0,3377.0,3541.0,3594.5,1928.0,1052.0,728.0,1342.0,1194.0,2210.0,2960.0,3227.0,3503.0,3509.0,2229.5,1369.5,721.0,1385.0,1340.0,2342.5,2986.0,3268.0,3576.5,3576.0,3042.0,2069.0,943.5,1476.0,1827.5,2546.0,2953.5,3242.0,3557.0,3561.0,2745.0,1835.0,732.0,1040.0,1523.0,1881.0,2004.0,2205.0,2204.0,2501.0,1743.0,1452.0,487.0,706.0,952.0,1097.0,1119.0,1159.0,1264.0,1289.0,2996.0,2280.0,822.0,1157.0,1638.0,1995.0,2127.0,2245.0,2358.0,2539.0,2841.5,2176.0,809.5,1066.0,1440.5,1671.5,1777.5,1933.5,2055.5,2145.5,2529.0,2068.0,630.0,833.5,1106.5,1303.5,1387.5,1510.5,1629.0,1683.0,2732.0,2233.0,751.0,876.0,1154.0,1366.0,1438.0,1572.0,1664.0,1774.0,2133.0,1722.0,522.0,665.0,897.0,1022.0,1116.0,1200.0,1377.0,1355.0,894.0,713.0,788.0,693.0,710.0,766.0,811.0,854.0,950.0,914.0,1640.0,1377.0,513.0,681.0,878.0,966.0,1020.0,1052.0,1155.0,1150.0,1544.0,1338.0,577.0,677.0,825.0,902.0,930.0,982.0,1023.0,1061.0,2063.0,1793.0,662.0,894.0,1128.0,1222.0,1251.0,1330.0,1423.0,1404.0,1770.0,1564.0,859.0,1037.0,1116.0,1193.0,1275.0,1338.0,1498.0,1478.0,1770.0,1497.0,530.0,649.0,879.0,961.0,984.0,986.0,1087.0,1147.0,1883.0,1605.0,684.0,794.0,988.0,1112.0,1121.0,1210.0,1251.0,1292.0,2066.5,1838.0,732.5,920.5,1141.0,1239.0,1274.0,1354.5,1441.0,1439.0,"{""type"":""MultiPoint"",""coordinates"":[]}"
266_0,3,1925.0,1603.5,553.0,716.5,952.5,1112.5,1133.0,1197.0,1292.5,1349.5,2568.5,2183.5,1009.5,1343.0,1676.0,1797.5,1855.0,1925.5,2056.0,2028.5,2610.5,2197.5,959.0,1271.5,1627.5,1763.5,1777.0,1875.0,1991.0,1986.0,2477.0,2126.5,903.0,1188.5,1504.0,1629.0,1662.0,1761.5,1844.0,1857.0,229.0,210.0,603.5,874.0,902.5,1032.0,901.5,949.5,1014.0,798.0,229.0,210.0,753.5,1028.0,1041.0,1213.0,972.0,1038.5,1014.0,798.0,384.5,266.0,559.5,893.0,859.0,1187.0,1103.5,1209.0,1094.0,1015.0,732.5,572.5,438.0,777.5,559.5,1135.0,1629.0,1815.0,1729.5,1591.0,1348.0,695.5,241.0,580.5,248.5,953.0,3402.5,4093.0,4050.0,4018.5,1640.0,875.5,215.0,581.0,435.5,1209.0,3105.0,3794.5,4060.0,4294.0,1847.5,1010.0,277.0,634.0,528.0,1264.0,2896.5,3610.5,3882.0,4070.0,2214.0,1873.0,618.0,826.5,1092.5,1204.0,1286.0,1390.0,1460.0,1473.0,1838.0,995.5,258.5,619.0,466.0,1198.5,2788.0,3382.0,3606.5,3886.0,1617.5,839.0,204.0,542.0,346.0,1061.0,2766.0,3374.0,3605.5,3735.5,1537.5,811.5,237.5,579.0,313.0,1021.0,2686.5,3212.0,3329.0,3498.0,1748.5,906.0,455.5,897.0,497.5,1506.5,3197.5,3624.5,3748.5,3860.5,1766.5,968.0,446.5,975.5,642.0,1699.5,2945.5,3336.0,3607.5,3594.5,1926.0,1073.0,483.0,1077.0,898.0,1948.0,2820.0,3075.0,3291.0,3402.0,2198.5,1263.5,693.5,1322.0,1254.0,2329.0,2971.5,3258.5,3493.5,3638.5,2410.0,1513.0,736.0,1306.5,1448.0,2366.0,2920.5,3223.0,3471.5,3629.5,3746.0,2501.5,996.0,1459.0,1981.0,2512.5,2804.0,3083.0,3498.0,3642.5,2139.5,1615.5,624.5,925.0,1295.0,1521.5,1597.0,1715.0,1804.0,1905.5,2101.5,1721.5,514.0,724.0,1005.5,1178.5,1202.0,1300.5,1393.5,1442.5,2278.5,1775.5,655.0,941.5,1307.5,1513.0,1564.0,1715.0,1820.0,1889.5,2390.0,1915.5,815.5,1035.5,1371.0,1541.5,1596.0,1716.0,1850.5,1872.0,2147.5,1768.0,656.0,829.5,1097.0,1234.0,1295.0,1381.5,1500.5,1525.0,2307.5,1809.5,734.5,894.5,1173.5,1322.5,1368.0,1475.5,1554.0,1616.0,1926.5,1503.5,558.5,677.5,917.5,1023.5,1100.0,1198.0,1341.0,1335.0,0.0,0.0,0.0,0.0,0.0,0.0,0.0,0.0,0.0,0.0,1621.0,1236.0,433.0,600.5,788.5,919.5,974.5,1053.0,1132.5,1186.5,1914.0,1534.5,602.5,754.5,936.5,1072.5,1112.5,1172.0,1261.5,1268.5,2405.0,1985.0,801.5,1034.5,1258.0,1405.5,1486.5,1553.5,1665.5,1674.5,2368.0,1972.0,793.0,1000.5,1251.0,1363.0,1437.5,1507.5,1616.5,1632.0,2196.0,1823.5,782.0,896.5,1104.5,1228.5,1282.0,1364.0,1428.0,1506.0,2215.0,1861.5,705.5,903.5,1151.0,1298.0,1311.0,1428.5,1499.0,1491.0,2331.5,1974.5,792.0,1027.5,1310.0,1425.5,1481.5,1575.0,1646.0,1685.5,"{""type"":""MultiPoint"",""coordinates"":[]}"
267_0,3,1982.0,1616.5,611.5,751.5,1001.5,1140.0,1189.5,1239.0,1364.0,1407.5,2213.0,1916.5,877.5,1130.0,1393.5,1491.5,1535.5,1586.5,1686.5,1674.0,2274.5,1963.5,842.5,1085.0,1347.5,1465.0,1480.0,1549.5,1647.0,1664.5,1834.0,1588.5,733.5,974.0,1193.0,1316.0,1281.5,1354.0,1415.0,1430.5,287.0,224.0,624.0,789.0,849.0,1020.0,936.0,1006.0,1019.0,895.0,287.0,224.0,521.0,789.0,761.0,959.0,923.0,1006.0,1018.0,895.0,547.0,457.0,496.0,729.0,589.0,1058.0,1203.0,1299.0,1301.0,1182.0,1140.0,704.0,446.0,729.0,451.0,1069.0,2186.0,2414.0,2277.0,2239.0,1374.0,720.0,297.0,630.0,397.0,1109.0,3011.0,3513.0,3570.0,3677.0,1615.0,908.5,285.5,621.5,464.0,1160.5,2599.0,3182.0,3328.0,3467.5,1677.5,876.5,195.5,450.5,301.5,850.0,2604.0,3383.0,3590.5,3679.0,2174.0,1805.0,694.0,858.0,1108.0,1256.0,1278.0,1379.0,1484.0,1547.0,1723.0,884.0,222.0,506.0,283.0,900.0,2988.0,3813.0,3861.0,3954.0,1705.0,872.0,199.0,653.0,346.0,1138.0,3230.0,4023.0,4161.0,4258.0,1769.0,907.0,358.0,858.0,577.0,1508.0,3468.0,4065.0,4183.0,4333.0,1951.0,1022.0,550.0,1109.0,921.0,1966.0,3297.0,3744.0,3828.0,4028.0,2091.0,1208.0,589.5,1139.5,1070.5,2018.0,3023.0,3372.0,3617.0,3696.0,2373.5,1437.5,649.0,1150.0,1265.0,2065.5,2827.0,3146.5,3342.5,3542.5,2970.0,1850.0,938.0,1350.0,1641.5,2284.5,2788.0,3098.5,3400.0,3530.0,3854.0,2653.0,991.0,1369.5,1866.5,2331.0,2626.0,2915.5,3290.5,3393.0,3415.0,2439.5,817.0,1182.5,1755.0,2141.0,2384.0,2598.0,2843.0,2958.5,2391.0,1845.0,710.0,955.0,1351.0,1572.0,1649.0,1834.0,1836.0,1940.0,2169.0,1807.0,652.5,823.0,1089.5,1211.5,1270.5,1322.0,1478.5,1479.0,2451.0,1895.0,746.5,995.0,1380.0,1599.5,1657.5,1843.5,1885.5,1963.0,2407.0,1842.5,865.5,1067.0,1398.5,1628.5,1649.0,1795.5,1863.5,1981.5,2163.5,1706.0,621.0,815.5,1076.5,1226.5,1285.5,1387.5,1522.5,1539.0,2222.5,1806.0,703.0,850.5,1109.0,1256.0,1317.5,1417.5,1526.5,1559.0,1867.0,1367.0,510.0,620.0,854.0,959.0,1051.0,1115.0,1246.0,1273.0,0.0,0.0,0.0,0.0,0.0,0.0,0.0,0.0,0.0,0.0,1764.0,1445.0,523.0,671.0,865.0,972.0,987.0,1062.0,1168.0,1229.0,1960.0,1661.0,632.0,736.0,906.0,1010.0,1028.0,1101.0,1196.0,1230.0,2266.0,1951.0,731.0,891.0,1131.0,1249.0,1273.0,1352.0,1463.0,1480.0,2330.5,1965.0,804.5,927.0,1142.5,1258.0,1274.5,1362.0,1496.5,1501.0,2240.0,1855.0,756.5,848.5,1056.5,1170.5,1187.0,1269.0,1381.5,1402.5,2022.0,1736.0,602.0,774.0,1012.0,1127.0,1162.0,1261.0,1363.0,1376.0,2029.0,1781.0,691.0,839.0,1069.0,1160.0,1215.0,1301.0,1408.0,1412.0,"{""type"":""MultiPoint"",""coordinates"":[]}"
268_0,3,1518.0,1256.0,543.0,662.0,836.0,936.0,948.5,1005.5,1088.0,1105.5,2382.0,2044.0,1037.0,1321.5,1542.0,1653.0,1712.0,1766.5,1855.5,1837.0,2463.5,2122.5,1111.5,1397.5,1626.0,1733.5,1750.0,1813.0,1891.5,1892.5,2384.0,2070.0,1122.5,1402.0,1610.5,1725.5,1752.0,1809.5,1892.5,1879.0,434.0,403.0,940.0,1357.0,1405.0,1567.0,1058.0,1121.0,994.0,882.0,503.0,403.0,974.0,1353.0,1410.0,1598.0,1396.0,1510.0,1420.0,1326.0,385.0,314.0,622.0,993.0,1007.0,1360.0,1118.0,1171.0,1108.0,954.0,453.0,365.0,575.0,878.0,829.0,1231.0,1161.0,1180.0,1175.0,960.0,423.0,341.0,469.0,778.0,745.0,1188.0,1074.0,1249.0,1108.0,908.0,412.0,314.0,285.0,543.0,507.5,942.5,918.5,995.0,907.5,823.5,492.5,344.0,257.5,441.0,392.0,867.5,1074.5,1230.5,1116.5,1027.5,1713.0,1434.0,606.0,794.0,958.0,1074.0,1084.0,1152.0,1223.0,1210.0,675.0,414.0,220.0,436.0,332.0,854.0,1405.0,1542.0,1405.0,1329.0,701.0,438.0,214.0,410.0,275.0,782.0,1515.0,1762.0,1643.0,1582.0,908.0,528.0,326.0,575.0,412.0,976.0,1955.0,2232.0,2140.0,2011.0,1003.0,608.0,434.0,691.0,565.0,1177.0,2152.0,2361.0,2345.0,2323.0,2626.0,1545.0,729.0,1110.0,1296.0,1886.0,2575.0,2832.0,3003.0,3257.0,2812.0,1802.0,720.0,1111.0,1493.5,2112.5,2460.0,2831.0,2906.5,3068.0,3409.5,2361.0,1092.0,1460.5,1844.5,2223.5,2490.0,2683.0,2911.0,3012.0,3391.5,2470.0,936.5,1245.5,1698.5,1933.0,2153.5,2368.5,2599.5,2652.5,3186.5,2420.5,853.0,1202.5,1683.5,1943.5,2106.5,2359.0,2623.0,2583.0,1242.0,956.0,405.0,559.0,725.0,824.0,825.0,893.0,920.0,932.0,1576.0,1302.0,466.0,660.0,866.0,940.0,970.0,1011.0,1147.0,1147.0,1670.0,1396.0,437.0,631.0,812.0,930.0,961.0,1013.0,1017.0,1111.0,1660.0,1396.0,562.5,710.0,871.0,978.0,984.5,1076.0,1122.5,1142.0,1744.5,1451.5,546.5,754.0,929.0,1008.5,1058.5,1113.0,1210.0,1218.0,2193.0,1936.0,846.0,1058.0,1254.0,1360.0,1425.0,1488.0,1538.0,1586.0,1024.0,858.0,297.0,365.0,478.0,498.0,555.0,593.0,644.0,646.0,1275.0,1072.0,998.0,1026.0,1095.0,1148.0,1164.0,1194.0,1152.0,1178.0,1627.0,1234.0,563.0,747.0,920.0,1016.0,1061.0,1097.0,1179.0,1200.0,1932.0,1594.0,733.0,893.0,1062.0,1168.0,1195.0,1256.0,1324.0,1310.0,2401.0,2022.0,925.0,1202.0,1420.0,1523.0,1585.0,1662.0,1741.0,1728.0,1961.0,2022.0,787.0,1151.0,1503.0,1706.0,1743.0,1838.0,1167.0,1884.0,1430.0,1166.0,431.0,547.0,682.0,736.0,756.0,806.0,885.0,889.0,1859.0,1608.0,764.0,944.0,1101.0,1175.0,1181.0,1260.0,1345.0,1330.0,2047.5,1780.0,810.0,1029.5,1218.0,1312.5,1343.5,1416.0,1518.5,1491.5,"{""type"":""MultiPoint"",""coordinates"":[]}"
269_0,3,1944.5,1612.5,580.5,765.5,1024.0,1180.0,1203.5,1308.0,1408.5,1428.5,2424.5,2112.5,995.0,1293.0,1563.0,1696.0,1723.0,1782.5,1891.5,1864.5,2478.5,2145.0,999.0,1279.5,1573.0,1705.0,1748.5,1822.5,1915.0,1899.0,2446.5,2110.5,1004.0,1273.0,1540.0,1681.5,1707.5,1784.5,1849.5,1858.0,180.5,170.0,702.5,947.0,1034.5,1131.0,870.5,933.0,907.5,744.0,299.0,233.5,702.5,947.0,1034.5,1131.0,958.5,1084.5,1040.5,925.5,475.5,316.0,603.5,872.0,838.0,1200.0,1319.0,1445.5,1494.5,1270.5,785.0,563.5,562.0,842.5,759.5,1257.0,1793.5,1904.0,1793.5,1744.0,1286.0,794.5,365.5,669.5,452.0,1192.0,2814.0,3255.5,3361.5,3129.5,1414.5,794.5,269.0,578.0,365.0,1101.0,2859.5,3527.0,3471.5,3459.5,1485.5,743.0,173.0,391.0,201.5,740.0,2919.0,4060.5,4163.0,4184.0,2220.5,1826.0,661.5,893.0,1171.0,1313.0,1349.0,1470.5,1536.5,1594.5,1525.0,743.5,174.0,398.5,192.0,810.0,3071.5,4225.0,4305.0,4397.5,1569.5,767.5,167.0,489.5,227.5,937.0,3354.5,4402.0,4648.0,4684.0,1660.0,819.5,359.0,821.5,487.5,1441.5,3492.5,4451.5,4602.0,4734.5,1843.0,999.5,565.5,1047.0,818.0,1895.0,3458.5,3936.5,4201.5,4270.5,1999.0,1139.0,621.0,1142.5,1029.0,1989.0,3220.5,3640.0,4018.0,4046.0,2635.0,1674.0,758.0,1278.0,1571.0,2352.0,3098.0,3467.0,3755.0,3862.0,3597.0,2395.0,1066.5,1548.5,2056.0,2680.5,3233.0,3597.5,3938.0,4105.0,4238.0,2903.5,1072.5,1552.5,2254.0,2748.0,3030.0,3313.5,3775.0,3822.5,4011.0,2787.5,1081.0,1550.5,2336.0,2760.0,2962.0,3226.5,3667.0,3720.0,2378.0,1880.0,740.0,1052.0,1452.0,1652.0,1705.5,1832.0,1947.0,2025.5,1989.0,1672.0,565.0,760.0,1041.0,1167.0,1237.0,1282.0,1432.0,1425.0,2451.0,1922.5,805.0,1102.0,1493.5,1699.5,1754.5,1883.5,1946.5,2040.0,2391.5,1869.5,914.5,1140.0,1485.5,1663.0,1707.0,1827.5,1953.0,1966.5,2139.5,1726.0,707.0,901.5,1192.5,1315.5,1375.5,1471.5,1607.0,1615.0,2307.5,1806.5,799.0,962.0,1273.5,1419.5,1461.5,1564.0,1675.5,1703.0,1822.5,1445.5,564.0,722.0,965.0,1065.0,1110.0,1191.5,1358.0,1331.0,0.0,0.0,0.0,0.0,0.0,0.0,0.0,0.0,0.0,0.0,1667.5,1313.0,501.0,688.5,901.0,1010.5,1051.0,1104.5,1213.5,1248.0,1858.0,1561.5,698.0,805.0,977.5,1091.5,1108.0,1176.5,1274.5,1275.0,2455.0,2085.5,906.5,1136.0,1379.5,1537.5,1570.5,1638.5,1750.5,1749.5,2337.0,1939.5,864.5,1070.0,1300.0,1419.0,1408.0,1504.5,1637.5,1630.0,2107.5,1723.0,783.0,899.5,1101.0,1212.0,1192.5,1266.0,1380.5,1388.5,2149.5,1870.0,749.0,957.0,1177.0,1280.0,1364.5,1432.0,1551.5,1528.5,2149.5,1870.0,727.5,961.0,1180.5,1280.0,1364.5,1432.0,1551.5,1525.0,"{""type"":""MultiPoint"",""coordinates"":[]}"
270_0,3,1755.5,1448.0,657.0,816.5,1039.0,1113.0,1145.0,1236.5,1340.0,1324.0,2429.0,2131.0,1049.0,1330.0,1570.0,1697.5,1717.5,1799.0,1895.5,1855.5,2445.0,2120.5,934.0,1197.5,1436.5,1569.5,1623.5,1692.0,1757.0,1780.0,2549.0,2205.5,1011.0,1301.5,1544.5,1667.0,1709.5,1793.5,1849.0,1885.0,1199.0,1085.0,988.0,1293.0,1324.0,1482.0,1301.0,1362.0,1167.0,1173.0,919.0,821.0,988.0,1271.0,1324.0,1394.0,1085.0,1188.0,1067.0,1044.0,848.0,782.0,675.0,1050.0,1046.0,1509.0,1543.0,1540.0,1387.0,1364.0,1167.0,833.0,661.0,993.0,909.0,1441.0,1674.0,1785.0,1641.0,1618.0,1167.0,870.0,553.0,898.0,749.0,1410.0,1816.0,1889.0,1785.0,1718.0,1269.5,870.0,390.0,691.5,517.0,1105.0,1909.0,2115.5,2009.5,2040.5,1508.0,998.0,355.5,691.5,492.0,1200.5,2237.0,2686.0,2579.0,2677.0,1991.5,1686.0,783.0,957.0,1183.5,1299.0,1304.5,1366.0,1478.0,1482.0,1609.0,1019.0,356.0,611.0,513.0,1141.0,2360.0,2836.0,2823.0,2817.0,1525.0,1007.0,278.0,553.0,415.0,1091.0,2459.0,3043.0,3123.0,3075.0,1539.0,1035.0,272.0,552.0,402.0,1088.0,2590.0,3279.0,3334.0,3317.0,1659.0,982.0,411.0,767.0,446.0,1284.0,3003.0,3573.0,3651.0,3603.0,1770.0,1077.0,411.0,930.0,551.0,1559.0,3202.0,3655.0,3948.0,3798.0,1874.0,1081.5,469.5,1051.5,630.0,1738.5,3154.5,3440.5,3676.5,3582.5,2109.0,1274.0,797.0,1412.0,1295.0,2156.0,2958.0,3193.0,3520.0,3495.0,2375.5,1534.0,801.0,1416.0,1413.5,2284.5,2915.5,3123.0,3448.0,3444.5,3096.0,2215.5,1067.5,1544.5,2002.0,2401.5,2774.0,2998.0,3390.5,3287.0,2195.0,1498.0,857.0,1263.0,1723.0,1911.0,1936.0,2079.0,2398.0,2346.0,1780.0,1493.0,565.0,794.0,1035.0,1113.0,1159.0,1219.0,1362.0,1343.0,2994.0,2283.0,935.0,1292.0,1772.0,2050.0,2132.0,2353.0,2403.0,2490.0,2883.0,2200.0,1000.0,1285.5,1705.0,1830.5,1937.0,2035.5,2325.5,2286.5,2579.0,2061.5,747.5,959.5,1263.0,1330.5,1453.0,1565.5,1768.0,1751.5,2665.0,2188.0,851.0,1007.0,1300.0,1393.0,1529.0,1609.0,1798.0,1880.0,2017.0,1407.0,586.0,745.0,986.0,1035.0,1085.0,1204.0,1428.0,1335.0,723.0,472.0,680.0,620.0,613.0,602.0,610.0,636.0,845.0,697.0,1831.0,1498.0,579.0,784.0,986.0,1063.0,1116.0,1194.0,1277.0,1281.0,1302.0,1172.0,409.0,469.0,603.0,736.0,759.0,906.0,593.0,979.0,2327.0,2019.0,838.0,1086.0,1323.0,1441.0,1461.0,1563.0,1646.0,1631.0,1914.0,1597.0,1022.0,1236.0,1465.0,1568.0,1581.0,1541.0,1835.0,1571.0,1914.0,1597.0,600.0,754.0,967.0,1042.0,1041.0,1091.0,1204.0,1215.0,2052.0,1795.0,737.0,863.0,1063.0,1199.0,1195.0,1293.0,1374.0,1408.0,2183.0,1907.5,826.0,1029.5,1244.5,1360.0,1388.5,1480.5,1555.0,1566.0,"{""type"":""MultiPoint"",""coordinates"":[]}"
271_0,3,1680.0,1407.0,546.5,695.5,937.5,1023.5,1013.5,1099.5,1213.5,1179.0,2446.5,2165.0,929.0,1199.0,1454.5,1560.0,1564.0,1649.5,1763.0,1748.0,2345.0,2057.0,817.0,1080.0,1330.0,1430.5,1438.0,1515.0,1600.0,1594.5,303.5,245.0,527.0,742.5,826.0,974.0,746.5,828.5,852.5,735.0,264.0,224.0,580.0,822.0,887.0,1014.0,727.0,834.0,817.0,677.0,485.0,443.0,726.0,972.0,1028.0,1321.0,1133.0,1175.0,1162.0,1009.0,403.0,321.0,574.0,883.0,875.0,1111.0,1070.0,1176.0,1225.0,985.0,780.0,465.0,624.0,956.0,963.0,1344.0,1591.0,1717.0,1760.0,1673.0,727.0,452.0,417.0,699.0,583.0,1002.0,1250.0,1415.0,1485.0,1373.0,771.0,458.5,191.0,443.5,264.5,716.5,1623.5,1933.5,1913.0,1751.0,1060.0,606.5,190.5,404.5,243.5,731.0,1966.5,2338.0,2457.0,2436.0,1901.0,1630.5,686.5,853.0,1067.5,1148.0,1196.0,1260.5,1381.5,1385.5,1246.0,651.0,256.0,424.0,286.0,706.0,2094.0,2668.0,2572.0,2685.0,1385.0,751.0,137.0,447.0,232.0,842.0,2513.0,3105.0,3224.0,3342.0,1471.0,777.0,260.0,633.0,387.0,1123.0,2685.0,3359.0,3397.0,3582.0,1566.0,865.0,453.0,855.0,674.0,1509.0,2847.0,3252.0,3359.0,3510.0,1946.0,1147.0,506.0,948.0,948.0,1726.0,2611.0,2943.0,3249.0,3341.0,2214.0,1384.5,596.5,1014.5,1148.0,1875.0,2500.5,2853.0,3073.5,3216.5,3698.0,2614.5,1111.5,1479.5,1844.0,2292.5,2646.0,2921.0,3165.0,3303.5,3082.5,2360.0,909.0,1203.5,1589.5,1898.0,1970.0,2102.0,2327.5,2389.0,2672.0,2130.0,730.0,970.0,1367.0,1572.0,1631.0,1740.0,1917.0,1981.0,1935.0,1535.5,519.5,694.5,967.0,1168.0,1175.5,1343.0,1336.0,1437.0,1840.0,1562.5,602.0,778.5,1025.5,1086.5,1120.0,1200.0,1335.5,1323.0,2210.0,1797.0,589.0,785.0,1082.0,1301.0,1277.0,1486.0,1458.0,1547.0,2024.5,1671.0,665.5,831.0,1047.0,1206.5,1273.5,1334.0,1394.0,1488.5,1778.0,1555.0,455.0,636.0,850.0,938.5,974.5,1028.5,1155.5,1144.0,1928.0,1729.5,569.0,716.0,934.5,1014.5,1062.0,1126.0,1189.5,1211.0,1529.0,1344.0,368.0,495.0,696.0,754.0,779.0,841.0,939.0,924.0,0.0,0.0,0.0,0.0,0.0,0.0,0.0,0.0,0.0,0.0,1937.0,1695.0,638.0,848.0,1061.0,1184.0,1170.0,1258.0,1365.0,1301.0,324.0,249.0,253.0,221.0,208.0,229.0,235.0,236.0,241.0,232.0,2269.0,2046.0,763.0,1025.0,1274.0,1362.0,1390.0,1488.0,1557.0,1573.0,2249.0,2004.0,819.0,996.5,1232.5,1304.5,1311.0,1389.5,1522.0,1483.5,1948.0,1716.0,667.0,804.0,981.0,1084.0,1072.0,1142.0,1260.0,1252.0,1948.0,1716.0,632.0,812.0,981.0,1084.0,1097.0,1189.0,1282.0,1276.0,2097.0,1873.5,674.0,912.0,1112.0,1195.5,1238.0,1307.5,1411.5,1396.5,"{""type"":""MultiPoint"",""coordinates"":[]}"
272_0,3,4911.0,4510.5,2916.5,2991.0,3307.0,3641.0,3684.5,3822.5,3898.5,4072.5,2806.5,2614.0,923.5,1180.5,1507.5,1670.5,1752.0,1883.0,2018.5,2028.0,2925.0,2805.0,932.0,1175.0,1509.0,1674.0,1759.0,1879.0,2001.0,2039.0,420.5,374.0,334.0,431.5,504.0,602.5,556.5,599.0,553.5,547.5,591.0,527.0,837.0,950.0,956.0,1137.0,960.0,1023.0,951.0,824.0,389.0,282.0,315.0,552.0,467.0,737.0,649.0,742.0,634.0,517.0,667.0,512.0,234.0,475.0,305.0,703.0,1039.0,1115.0,1053.0,1079.0,1438.0,831.0,185.0,577.0,184.0,971.0,2182.0,2570.0,2544.0,2397.0,1438.0,787.0,149.0,387.0,139.0,727.0,2345.0,3133.0,3100.0,2943.0,1371.5,669.5,40.5,257.0,33.0,546.5,2598.0,3679.5,3709.5,3764.0,1373.5,650.5,19.5,248.5,28.5,520.5,2702.0,4096.0,4142.0,4194.5,4445.5,3859.0,2140.0,2331.5,2671.5,2977.5,3026.5,3102.5,3320.0,3314.0,1460.0,693.0,22.5,255.0,29.0,564.5,2902.0,4278.0,4272.0,4402.5,1558.5,753.5,173.0,654.0,219.0,1168.5,3451.0,4504.5,4629.0,4738.0,1639.0,809.0,579.0,940.0,699.0,1455.0,3442.0,4270.0,4315.0,4490.0,1771.0,991.0,723.0,1148.0,1006.0,1877.0,3185.0,3649.0,3873.0,3939.0,1927.0,1080.0,663.0,1188.0,1063.0,1897.0,2968.0,3285.0,3676.0,3653.0,4429.0,2942.0,1129.0,1631.0,2066.0,2743.0,3169.0,3495.0,3884.0,3978.0,4803.5,3449.5,1308.5,1776.0,2483.5,2869.5,3227.5,3551.5,3936.0,4118.5,4644.0,3401.5,1215.5,1661.0,2286.0,2611.5,2972.5,3222.0,3619.0,3632.0,3994.5,2913.0,1043.0,1471.5,2053.5,2356.0,2634.0,2894.5,3271.5,3285.5,3830.0,2751.0,970.0,1289.0,1752.0,2035.0,2387.0,2619.0,2809.0,2962.0,3650.0,3004.5,847.0,1113.0,1533.0,1745.0,1859.5,2021.0,2342.0,2324.0,3416.5,2660.0,752.0,1025.0,1287.0,1599.0,1891.0,2076.5,2251.0,2386.5,3663.0,3102.5,2013.0,2107.5,2269.5,2468.5,2669.5,2785.5,2980.5,2976.5,3223.0,2678.5,1099.0,1231.0,1365.5,1611.0,2022.0,2231.0,2305.5,2393.0,2915.5,2368.0,714.5,874.0,998.0,1269.0,1632.5,1805.0,1941.5,1996.5,2504.0,1955.0,511.0,720.0,851.0,1174.0,1454.0,1605.0,1874.0,1880.0,0.0,0.0,0.0,0.0,0.0,0.0,0.0,0.0,0.0,0.0,3487.0,2723.0,880.0,1213.0,1649.0,1941.0,2052.0,2275.0,2497.0,2501.0,3472.0,3009.0,968.0,1288.0,1649.0,1962.0,2165.0,2300.0,2497.0,2568.0,3472.0,3009.0,982.0,1284.0,1642.0,1975.0,2185.0,2353.0,2653.0,2740.0,3838.5,3097.0,1077.0,1345.0,1651.0,2021.0,2327.5,2528.5,2802.5,2811.0,2933.5,2362.0,799.5,1025.5,1292.0,1555.0,1775.0,1934.5,2117.5,2132.0,2416.5,2226.5,686.0,874.5,1157.0,1308.5,1351.5,1467.5,1615.5,1628.5,2338.0,2216.0,669.0,850.0,1114.0,1252.0,1306.0,1401.0,1559.0,1547.0,"{""type"":""MultiPoint"",""coordinates"":[]}"
273_0,3,1768.0,1454.0,571.0,689.0,925.5,1018.0,1051.5,1147.0,1248.5,1246.0,1843.0,1590.0,671.0,822.5,1021.5,1120.5,1169.0,1236.0,1307.0,1321.0,2005.5,1759.5,807.5,1022.5,1220.5,1311.5,1313.0,1363.5,1425.5,1451.0,2287.0,2026.5,996.0,1213.5,1442.5,1566.5,1575.0,1636.0,1714.5,1711.5,1794.0,1663.0,989.0,1190.0,1424.0,1525.0,1465.0,1548.0,1607.0,1523.0,361.0,316.0,811.0,998.0,949.0,1143.0,881.0,909.0,900.0,743.0,311.0,254.0,589.0,825.0,818.0,1045.0,948.0,1030.0,1042.0,893.0,377.0,283.0,541.0,792.0,785.0,1012.0,967.0,1052.0,1042.0,916.0,462.0,278.0,502.0,716.0,703.0,913.0,960.0,1027.0,964.0,942.0,897.0,532.0,329.0,561.0,461.5,870.5,1648.5,2075.0,1925.0,1926.5,1287.5,689.0,226.5,460.5,252.5,784.5,2341.0,3110.5,3131.0,3076.0,1897.0,1580.0,647.0,800.0,988.0,1103.0,1191.0,1218.0,1328.0,1389.0,1506.0,757.0,202.0,422.0,178.0,691.0,2809.0,3842.0,3874.0,3861.0,1506.0,733.0,82.0,328.0,120.0,705.0,2927.0,4127.0,4154.0,4195.0,1496.0,739.0,148.0,434.0,247.0,833.0,3044.0,4269.0,4342.0,4502.0,1607.0,780.0,392.0,774.0,513.0,1405.0,3148.0,3905.0,4021.0,4124.0,1653.0,888.0,423.5,832.0,602.5,1522.5,2936.5,3496.0,3788.0,3786.0,1929.0,1154.0,458.5,885.5,935.5,1758.5,2692.0,3116.0,3370.0,3456.5,2595.0,1601.5,829.0,1265.5,1614.5,2216.5,2794.5,3118.5,3477.0,3539.5,3073.0,2010.0,941.5,1414.5,1954.0,2553.0,2942.5,3216.0,3638.0,3687.0,4187.0,2899.0,1128.0,1536.0,2189.0,2627.0,2977.0,3211.0,3645.0,3708.0,4140.0,2835.0,1059.5,1529.5,2369.5,2761.0,2974.0,3211.0,3547.0,3731.0,1901.0,1596.5,604.5,757.0,995.0,1099.5,1120.5,1206.5,1329.5,1304.5,3591.5,2566.0,911.5,1249.0,1835.0,2124.0,2288.0,2462.0,2813.0,2848.5,3496.5,2571.0,948.5,1266.0,1807.5,2060.5,2229.0,2431.5,2742.0,2770.0,3237.5,2497.5,763.0,986.0,1373.5,1547.5,1685.5,1798.5,2063.5,2088.0,3226.0,2576.0,793.0,964.0,1354.5,1510.0,1634.5,1758.5,2026.0,2099.0,1409.0,1188.0,369.0,480.0,690.0,738.0,794.0,832.0,950.0,938.0,0.0,0.0,0.0,0.0,0.0,0.0,0.0,0.0,0.0,0.0,1511.0,1260.0,497.0,647.0,818.0,901.0,892.0,981.0,1061.0,1058.0,1703.0,1461.0,627.0,719.0,862.0,937.0,960.0,1013.0,1135.0,1098.0,2088.0,1856.0,760.0,923.0,1128.0,1257.0,1237.0,1310.0,1423.0,1415.0,2038.5,1762.0,810.0,909.5,1093.0,1190.0,1198.5,1239.5,1403.0,1367.5,1661.0,1417.5,580.5,627.5,804.5,890.5,860.5,914.5,1008.0,1038.5,2023.5,1766.0,764.5,886.5,1054.5,1150.5,1255.5,1310.0,1410.0,1437.0,2013.0,1717.5,770.0,917.5,1078.5,1182.0,1292.5,1392.5,1497.0,1469.0,"{""type"":""MultiPoint"",""coordinates"":[]}"
274_0,3,1774.0,1468.0,621.0,766.0,1019.0,1137.5,1155.0,1225.5,1331.0,1332.5,2381.5,2081.0,981.5,1249.0,1498.5,1601.0,1637.5,1709.0,1811.5,1785.0,2391.0,2091.0,879.5,1137.5,1387.0,1505.5,1557.0,1623.5,1718.5,1729.5,2481.0,2175.0,940.5,1222.5,1482.5,1610.0,1643.5,1704.5,1794.5,1826.0,458.0,422.0,934.0,1209.0,1228.0,1396.0,970.0,977.0,924.0,864.0,415.0,379.0,775.0,1044.0,1150.0,1280.0,957.0,966.0,924.0,733.0,353.0,282.0,669.0,975.0,977.0,1218.0,967.0,1027.0,999.0,782.0,539.0,459.0,642.0,964.0,915.0,1317.0,1186.0,1323.0,1223.0,1080.0,720.0,535.0,547.0,862.0,770.0,1218.0,1566.0,1693.0,1639.0,1506.0,825.5,528.5,311.0,556.5,414.5,879.0,1605.0,1802.0,1694.5,1641.5,1121.5,637.0,284.5,535.5,342.0,907.0,2273.5,2786.0,2651.0,2720.5,1939.0,1640.0,680.0,880.0,1096.0,1237.0,1270.0,1341.0,1368.0,1435.0,1381.0,731.0,253.0,504.0,334.0,843.0,2519.0,3232.0,3118.0,3169.0,1227.0,608.0,160.0,449.0,267.0,822.0,2458.0,3136.0,3028.0,3076.0,1161.0,573.0,160.0,421.0,209.0,749.0,2507.0,3228.0,3067.0,3216.0,1334.0,659.0,332.0,657.0,331.0,1064.0,2900.0,3656.0,3633.0,3706.0,1514.0,768.0,357.0,876.0,476.0,1438.0,3284.0,3859.0,3960.0,4053.0,1615.5,869.5,397.0,932.5,539.0,1634.5,3105.0,3476.0,3597.0,3639.0,1894.0,1032.0,748.0,1324.0,1181.0,2168.0,3043.0,3265.0,3507.0,3586.0,2233.0,1373.5,723.5,1328.5,1330.0,2354.0,3076.5,3328.0,3508.5,3638.5,3068.0,2086.5,948.0,1474.5,1861.5,2581.5,3035.0,3286.0,3565.5,3621.5,3311.0,2362.0,1020.0,1434.0,2020.0,2451.0,2606.0,2781.0,2881.0,3080.0,1819.0,1520.0,516.0,746.0,1005.0,1142.0,1164.0,1241.0,1338.0,1326.0,3311.0,2395.0,948.0,1358.0,1942.0,2246.0,2380.0,2521.0,2651.0,2815.0,3067.0,2299.0,887.0,1161.5,1599.0,1879.5,2005.0,2172.0,2305.0,2425.5,2680.5,2134.0,654.5,851.0,1170.5,1370.0,1481.0,1598.0,1723.0,1806.0,2851.0,2300.0,754.0,901.0,1204.0,1405.0,1520.0,1626.0,1729.0,1871.0,2358.0,1702.0,515.0,664.0,928.0,1087.0,1198.0,1302.0,1446.0,1484.0,1222.0,936.0,859.0,929.0,1059.0,1106.0,1144.0,1123.0,1128.0,1129.0,1646.0,1360.0,523.0,689.0,872.0,980.0,1011.0,1052.0,1160.0,1146.0,1790.0,1532.0,607.0,758.0,928.0,1035.0,1044.0,1099.0,1196.0,1200.0,2096.0,1825.0,679.0,903.0,1132.0,1242.0,1315.0,1372.0,1451.0,1484.0,1901.0,1662.0,871.0,1048.0,1262.0,1370.0,1432.0,1498.0,1622.0,1599.0,1843.0,1557.0,567.0,688.0,908.0,1002.0,1023.0,1070.0,1158.0,1172.0,2003.0,1686.0,704.0,861.0,1072.0,1150.0,1192.0,1267.0,1368.0,1372.0,2123.5,1893.0,756.5,945.5,1166.0,1278.0,1307.0,1387.5,1499.0,1472.5,"{""type"":""MultiPoint"",""coordinates"":[]}"
275_0,3,1013.5,852.0,335.0,395.0,479.0,532.5,553.0,600.5,641.5,658.0,1886.0,1645.5,734.5,944.0,1081.0,1175.5,1214.0,1262.0,1336.0,1317.5,2044.0,1799.0,774.5,993.5,1150.5,1260.0,1299.0,1376.5,1417.5,1431.5,2444.5,2157.5,1111.5,1381.0,1563.0,1687.5,1701.5,1781.0,1815.0,1847.5,2615.0,2330.0,1268.0,1499.0,1700.0,1836.0,1873.0,1928.0,2019.0,1987.0,2359.0,2146.0,981.0,1266.0,1460.0,1547.0,1576.0,1639.0,1696.0,1713.0,1672.0,1455.0,914.0,1126.0,1257.0,1340.0,1351.0,1460.0,1511.0,1473.0,391.0,358.0,902.0,1117.0,1124.0,1300.0,852.0,940.0,869.0,687.0,278.0,243.0,705.0,1031.0,988.0,1202.0,845.0,919.0,832.0,686.0,270.0,221.0,616.0,952.5,962.0,1207.0,750.0,841.5,750.0,605.5,261.0,201.0,455.0,724.0,653.5,918.5,616.0,688.0,617.0,462.0,1220.0,1032.0,423.0,538.0,651.0,693.0,731.0,774.0,845.0,824.0,631.0,388.0,342.0,591.0,456.0,889.0,1221.0,1446.0,1250.0,1171.0,686.0,407.0,193.0,403.0,258.0,693.0,1448.0,1735.0,1535.0,1406.0,900.0,460.0,193.0,388.0,219.0,656.0,1830.0,2258.0,2073.0,2067.0,1118.0,592.0,322.0,547.0,309.0,892.0,2299.0,2751.0,2706.0,2664.0,1166.0,614.0,310.0,608.0,371.0,1036.0,2285.0,2654.0,2706.0,2616.0,1218.5,712.0,370.5,737.5,544.5,1376.0,2251.5,2494.5,2538.0,2527.0,2003.0,1310.0,830.0,1259.0,1363.0,1950.0,2535.0,2803.0,2937.0,3022.0,2576.5,1754.0,777.0,1191.5,1524.5,2095.5,2511.5,2764.5,3015.0,3078.5,2737.5,1899.0,738.5,1217.5,1661.0,2164.0,2505.5,2758.5,3095.0,3130.5,3284.0,2396.0,925.0,1298.0,1877.0,2277.0,2421.0,2655.0,2793.0,3021.0,1312.0,1057.0,534.0,599.0,708.0,725.0,757.0,804.0,892.0,854.0,3586.0,2663.0,1088.0,1488.0,2037.0,2376.0,2518.0,2688.0,2779.0,2977.0,3294.5,2513.5,1071.5,1398.5,1846.5,2142.5,2256.0,2432.0,2614.5,2676.5,2902.0,2320.5,848.0,1098.0,1448.0,1644.0,1711.5,1841.0,2009.0,2068.0,2992.0,2452.0,965.0,1167.0,1488.0,1677.0,1758.0,1898.0,2038.0,2107.0,2463.0,1579.0,726.0,948.0,1264.0,1466.0,1560.0,1648.0,1848.0,1881.0,898.0,803.0,737.0,768.0,754.0,816.0,913.0,961.0,997.0,1058.0,1985.0,1728.0,704.0,936.0,1116.0,1205.0,1237.0,1286.0,1391.0,1363.0,1973.0,1723.0,787.0,921.0,1069.0,1161.0,1188.0,1246.0,1312.0,1298.0,2227.0,1985.0,853.0,1120.0,1297.0,1394.0,1458.0,1512.0,1608.0,1610.0,1631.0,1364.0,514.0,595.0,747.0,808.0,829.0,858.0,937.0,957.0,1631.0,1364.0,474.0,595.0,747.0,808.0,829.0,858.0,937.0,957.0,1697.0,1469.0,609.0,782.0,914.0,990.0,1025.0,1105.0,1149.0,1143.0,1743.5,1540.5,674.0,825.0,951.0,1022.5,1068.5,1130.5,1196.5,1175.5,"{""type"":""MultiPoint"",""coordinates"":[]}"
276_0,3,5486.5,4932.5,3926.5,3895.0,4182.5,4414.5,4440.5,4524.0,4814.0,4709.0,2975.0,2768.0,952.0,1256.0,1593.0,1756.0,1851.0,1963.0,2113.0,2127.0,2950.0,2835.0,928.0,1178.0,1504.0,1686.0,1721.0,1868.0,1999.0,2056.0,1680.5,1522.0,561.5,709.0,911.0,1034.5,1119.0,1198.5,1254.0,1268.0,823.0,622.0,856.0,955.0,977.0,1053.0,950.0,1031.0,1066.0,895.0,456.0,339.0,332.0,593.0,507.0,803.0,860.0,860.0,865.0,732.0,719.0,553.0,222.0,578.0,334.0,769.0,930.0,1128.0,1041.0,980.0,2240.0,1296.0,287.0,788.0,310.0,1222.0,3244.0,3681.0,3847.0,3811.0,1516.0,841.0,268.0,548.0,310.0,863.0,2121.0,2513.0,2462.0,2368.0,1193.0,617.0,98.5,320.5,118.0,546.5,2059.0,2722.0,2681.0,2715.5,1302.0,642.0,50.5,306.5,97.0,539.5,2462.5,3590.5,3606.0,3717.5,4667.0,4320.5,2924.0,3078.0,3384.0,3706.5,3658.5,3756.0,3938.0,3881.0,1392.0,677.5,66.5,303.5,78.5,560.5,2675.0,3703.5,3671.0,3791.5,1556.5,766.5,163.5,564.5,197.0,951.5,3286.0,4327.5,4331.5,4436.0,1588.0,789.0,563.0,960.0,670.0,1477.0,3439.0,4315.0,4262.0,4447.0,1792.0,1008.0,737.0,1191.0,1037.0,1933.0,3298.0,3757.0,3901.0,4019.0,1959.0,1107.0,723.0,1229.0,1123.0,2036.0,3009.0,3323.0,3639.0,3674.0,4676.0,3115.0,1267.0,1789.0,2264.0,3117.0,3538.0,3831.0,4196.0,4364.0,5014.0,3607.0,1489.5,1977.0,2865.0,3445.5,3748.0,4005.0,4400.0,4575.5,4822.5,3475.5,1369.0,1882.5,2502.0,2942.5,3336.0,3609.5,4003.0,4116.0,4486.0,3199.5,1186.5,1660.5,2384.0,2852.0,3215.5,3511.0,3827.5,4018.5,3781.0,2811.0,1009.0,1320.0,1698.0,2072.0,2402.0,2630.0,2812.0,3000.0,3491.5,2929.5,756.0,1007.0,1398.5,1666.0,1809.0,1967.0,2229.0,2259.0,3339.5,2594.0,732.5,989.5,1226.0,1572.0,1900.0,2131.0,2236.5,2389.5,4012.5,3472.5,2367.5,2476.0,2626.5,2876.0,3120.5,3244.5,3362.5,3440.5,3229.0,2622.0,783.0,954.0,1019.0,1393.0,1868.5,2051.5,2214.5,2312.5,2848.0,2249.0,653.0,836.0,882.5,1245.5,1692.0,1867.0,2007.0,2085.5,2337.0,1683.0,416.0,637.0,700.0,1241.0,1807.0,1905.0,2115.0,2207.0,0.0,0.0,0.0,0.0,0.0,0.0,0.0,0.0,0.0,0.0,3382.0,2578.0,770.0,1141.0,1456.0,1860.0,2040.0,2250.0,2479.0,2592.0,3156.0,2598.0,834.0,1159.0,1456.0,1860.0,2098.0,2281.0,2479.0,2631.0,3156.0,2570.0,752.0,1075.0,1280.0,1781.0,2354.0,2630.0,2820.0,2821.0,3260.0,2412.5,819.0,1123.5,1230.5,1790.0,2667.5,2848.5,3122.5,3185.0,2556.5,1942.5,621.5,885.5,1008.5,1433.5,2006.5,2162.0,2362.0,2385.5,2360.0,2151.0,667.5,846.5,1109.0,1267.5,1367.5,1468.5,1661.0,1643.0,2354.0,2213.5,696.0,877.0,1159.5,1276.0,1313.5,1437.5,1605.5,1572.0,"{""type"":""MultiPoint"",""coordinates"":[]}"
277_0,3,2066.5,1695.0,627.5,793.5,1047.0,1202.0,1217.5,1324.0,1433.5,1461.0,2340.0,1957.0,789.0,1026.0,1270.0,1379.5,1466.5,1559.0,1647.5,1703.0,2606.5,2227.5,919.0,1180.5,1479.0,1595.0,1625.0,1732.5,1825.0,1845.5,2944.0,2516.5,1119.0,1424.5,1743.0,1886.5,1933.5,2023.0,2103.5,2157.5,1157.0,1052.0,741.0,983.0,1119.0,1448.0,1239.0,1286.0,1206.0,1449.0,413.0,338.0,741.0,983.0,988.0,1137.0,840.0,900.0,917.0,813.0,631.0,425.0,529.0,811.0,784.0,1067.0,1140.0,1204.0,1198.0,1132.0,879.0,575.0,568.0,811.0,700.0,1071.0,1370.0,1512.0,1367.0,1333.0,1248.0,795.0,428.0,702.0,515.0,1004.0,1961.0,2093.0,2112.0,2202.0,1491.5,801.0,275.0,575.5,343.0,875.5,2549.0,3224.0,3045.0,3127.5,1529.5,752.0,146.0,375.0,203.0,685.5,2705.5,3783.0,3844.5,3793.0,2284.0,1915.0,723.0,923.0,1168.0,1320.0,1364.0,1477.0,1592.0,1635.0,1574.0,754.0,160.0,381.0,203.0,692.0,2887.0,4310.0,4132.0,4371.0,1618.0,759.0,117.0,433.0,187.0,783.0,3352.0,4615.0,4750.0,4846.0,1668.0,819.0,306.0,778.0,445.0,1412.0,3760.0,4780.0,4868.0,5166.0,1886.0,973.0,517.0,1060.0,738.0,1873.0,3738.0,4646.0,4658.0,4795.0,1996.5,1124.5,572.0,1127.0,908.0,2022.0,3572.5,4132.5,4368.5,4455.0,2596.0,1597.5,751.5,1367.5,1494.5,2500.5,3600.5,3969.5,4144.0,4423.0,3235.5,2144.0,1165.5,1725.5,2244.5,3049.5,3841.5,4182.5,4398.0,4536.5,3977.5,2865.5,1272.5,1794.5,2466.5,3027.5,3329.0,3681.0,3900.5,4108.5,3791.0,2774.0,1221.0,1680.0,2394.0,2834.0,2976.0,3164.0,3371.0,3441.0,3758.0,2657.0,1256.0,1720.5,2424.0,2824.5,2951.0,3213.0,3358.0,3503.5,2347.5,1948.0,697.5,890.5,1194.5,1318.0,1390.0,1500.0,1641.5,1631.0,2983.0,2241.0,838.0,1162.0,1608.5,1800.5,1927.5,2072.0,2155.5,2257.0,2936.5,2271.0,860.0,1138.0,1534.5,1753.0,1862.5,2041.5,2070.5,2186.0,2642.5,2116.5,698.0,910.0,1224.5,1391.0,1446.0,1587.5,1705.5,1732.5,2688.0,2210.5,753.5,927.0,1239.5,1387.5,1449.0,1553.0,1701.0,1730.5,1951.0,1301.0,496.0,639.0,892.0,1011.0,1075.0,1166.0,1241.0,1255.0,0.0,0.0,0.0,0.0,0.0,0.0,0.0,0.0,0.0,0.0,1903.0,1521.0,602.0,799.0,1031.0,1131.0,1180.0,1258.0,1378.0,1392.0,2167.0,1781.0,711.0,839.0,1030.0,1165.0,1197.0,1267.0,1382.0,1367.0,2616.0,2199.0,872.0,1114.0,1354.0,1485.0,1525.0,1612.0,1738.0,1750.0,2304.0,2356.0,1100.0,1274.0,1497.0,1642.0,1738.0,1860.0,2007.0,1969.0,2157.0,1708.5,668.5,837.0,1044.5,1175.5,1225.5,1298.0,1407.5,1418.0,2601.0,2193.0,918.0,1082.0,1289.0,1456.0,1627.0,1764.0,1879.0,1903.0,2421.0,2002.0,756.0,985.0,1225.0,1373.0,1444.0,1570.0,1634.0,1713.0,"{""type"":""MultiPoint"",""coordinates"":[]}"
278_0,3,1820.5,1492.5,615.5,756.5,1004.0,1125.5,1169.5,1247.0,1322.0,1347.5,2404.0,2067.0,937.5,1222.0,1486.0,1607.5,1638.0,1736.0,1828.0,1828.5,2438.0,2118.5,943.0,1226.0,1498.5,1617.0,1667.0,1755.0,1829.5,1835.0,2424.0,2142.0,971.0,1239.5,1496.0,1613.5,1658.0,1736.0,1810.0,1812.0,280.0,256.0,754.0,1070.0,1138.0,1311.0,1023.0,1092.0,1052.0,867.0,280.0,256.0,818.0,1096.0,1149.0,1311.0,1023.0,1092.0,1093.0,915.0,537.0,416.0,695.0,1096.0,965.0,1450.0,1478.0,1589.0,1591.0,1476.0,1191.0,886.0,582.0,988.0,758.0,1561.0,2162.0,2275.0,2198.0,2140.0,1032.0,629.0,451.0,776.0,647.0,1236.0,1930.0,2092.0,2123.0,2080.0,1118.0,641.0,246.0,532.5,317.5,894.0,2128.5,2536.0,2482.0,2476.5,1383.5,719.0,189.0,465.0,238.0,846.5,2629.5,3419.5,3434.0,3519.5,1978.0,1675.0,692.0,893.0,1117.0,1269.0,1271.0,1350.0,1373.0,1462.0,1453.0,717.0,204.0,460.0,264.0,815.0,2631.0,3574.0,3559.0,3765.0,1349.0,643.0,101.0,320.0,162.0,645.0,2682.0,3701.0,3870.0,3953.0,1339.0,622.0,101.0,359.0,133.0,635.0,2946.0,4090.0,4171.0,4316.0,1697.0,815.0,390.0,783.0,385.0,1230.0,3678.0,4740.0,4842.0,4895.0,1734.0,918.0,390.0,885.0,498.0,1483.0,3687.0,4458.0,4800.0,4705.0,1827.0,964.0,418.0,973.0,538.5,1652.0,3592.0,4126.5,4295.5,4380.5,2171.0,1237.0,910.0,1509.0,1240.0,2504.0,3686.0,4089.0,4304.0,4396.0,2658.0,1638.0,978.0,1614.5,1792.5,2779.0,3665.5,4029.5,4412.0,4423.5,3815.0,2599.0,1081.0,1542.0,2100.5,2585.5,2874.0,3132.0,3491.0,3575.0,3614.0,2553.0,1125.0,1568.0,2234.0,2651.0,2762.0,3065.0,3193.0,3352.0,1848.0,1550.0,512.0,721.0,968.0,1117.0,1173.0,1223.0,1316.0,1375.0,3614.0,2614.0,974.0,1372.0,1907.0,2270.0,2372.0,2581.0,2719.0,2853.0,3576.5,2651.5,983.0,1275.5,1806.0,2088.0,2218.0,2414.0,2636.0,2714.0,2853.0,2266.5,698.5,882.5,1197.0,1408.0,1482.0,1598.0,1729.5,1814.5,2472.0,2015.0,638.0,804.0,1073.0,1249.0,1311.0,1414.0,1476.0,1577.0,2277.0,1572.0,520.0,690.0,955.0,1119.0,1188.0,1272.0,1461.0,1465.0,0.0,0.0,0.0,0.0,0.0,0.0,0.0,0.0,0.0,0.0,1748.0,1406.0,553.0,761.0,961.0,1073.0,1116.0,1189.0,1275.0,1288.0,2025.0,1673.0,721.0,891.0,1094.0,1184.0,1233.0,1316.0,1407.0,1391.0,2464.0,2078.0,862.0,1096.0,1362.0,1503.0,1564.0,1649.0,1710.0,1742.0,2029.0,1689.0,1034.0,1009.0,1021.0,1148.0,1175.0,1270.0,1329.0,1403.0,1970.0,1689.0,632.0,795.0,1021.0,1148.0,1140.0,1234.0,1308.0,1332.0,2074.0,1782.0,746.0,883.0,1100.0,1231.0,1281.0,1359.0,1450.0,1457.0,2220.0,1877.0,814.5,1020.5,1242.0,1355.5,1408.0,1496.5,1598.0,1566.0,"{""type"":""MultiPoint"",""coordinates"":[]}"
279_0,3,278.0,250.5,186.0,251.0,333.0,425.5,282.5,295.5,284.5,210.5,2136.5,1876.0,650.0,825.5,1029.5,1159.0,1202.5,1284.5,1393.0,1421.0,2270.0,2027.5,696.0,886.0,1124.0,1225.0,1279.5,1370.5,1450.5,1509.0,2458.0,2206.5,834.0,1074.5,1309.5,1417.0,1477.0,1533.5,1630.5,1668.5,2557.0,2346.0,965.0,1167.0,1427.0,1574.0,1606.0,1670.0,1761.0,1793.0,1333.0,1294.0,1202.0,1432.0,1671.0,1844.0,1589.0,1646.0,1469.0,1665.0,528.0,477.0,677.0,900.0,892.0,1123.0,1089.0,1172.0,1175.0,1064.0,780.0,564.0,713.0,968.0,903.0,1231.0,1242.0,1347.0,1245.0,1158.0,997.0,781.0,522.0,853.0,616.0,1199.0,1631.0,1707.0,1689.0,1500.0,1615.5,941.5,312.0,691.0,376.5,1063.5,2944.5,3528.0,3525.5,3540.0,1478.0,858.0,242.0,529.5,295.0,854.5,2589.5,3184.5,3236.5,3258.5,486.0,430.0,299.5,422.0,523.5,644.0,538.0,564.0,614.5,537.0,1589.0,913.0,242.0,521.0,327.0,863.0,2776.0,3696.0,3912.0,4074.0,1620.0,942.0,208.0,465.0,327.0,861.0,2609.0,3453.0,3552.0,3829.0,1697.0,983.0,211.0,502.0,312.0,980.0,2844.0,3674.0,3755.0,3992.0,1754.0,980.0,438.0,828.0,583.0,1455.0,3134.0,3704.0,3884.0,3970.0,1770.0,1024.0,447.0,900.0,744.0,1605.0,3044.0,3474.0,3742.0,3834.0,1978.0,1172.5,501.5,958.0,920.5,1801.0,2946.0,3303.0,3548.0,3653.5,2291.0,1376.5,799.5,1283.5,1320.0,2018.5,2960.5,3258.5,3574.0,3700.0,3640.0,2541.0,1045.5,1470.0,1845.5,2565.0,3064.5,3302.0,3681.5,3863.0,4031.5,2734.0,1353.0,1884.0,2599.5,3193.0,3485.5,3777.0,4181.0,4292.5,3088.0,2394.0,1129.0,1479.0,2064.0,2453.0,2548.0,2879.0,2731.0,2964.0,371.0,307.0,294.0,363.0,452.0,525.0,476.0,501.0,548.0,428.0,3088.0,2393.0,971.0,1322.0,1778.0,2097.0,2192.0,2378.0,2442.0,2681.0,2970.0,2298.0,987.0,1284.0,1699.0,2011.5,2069.0,2160.5,2282.5,2463.5,2371.0,1853.0,720.0,917.0,1208.5,1375.5,1451.5,1572.0,1643.0,1633.5,528.0,439.0,357.0,483.0,578.0,658.0,609.0,672.0,617.0,592.0,277.0,273.0,158.0,212.0,305.0,371.0,345.0,278.0,302.0,315.0,590.0,539.0,653.0,598.0,578.0,598.0,645.0,666.0,631.0,587.0,351.0,268.0,160.0,282.0,392.0,498.0,424.0,368.0,429.0,406.0,1195.0,789.0,400.0,487.0,664.0,835.0,847.0,955.0,1084.0,1126.0,3020.0,2416.0,972.0,1254.0,1569.0,1703.0,1758.0,1919.0,2095.0,2063.0,2736.0,2032.0,778.0,978.0,1322.0,1467.0,1564.0,1692.0,1904.0,1868.0,2912.0,2294.0,837.0,1080.5,1421.0,1593.0,1693.0,1824.0,2026.5,1975.0,3463.0,2980.5,1130.5,1415.5,1738.0,1965.0,2062.0,2192.5,2429.0,2396.5,3218.0,2797.5,1073.0,1317.5,1635.5,1799.0,1882.0,2018.0,2218.5,2145.0,"{""type"":""MultiPoint"",""coordinates"":[]}"
280_0,3,1791.0,1467.5,665.0,808.5,1047.5,1172.0,1150.0,1243.5,1363.0,1347.5,2400.0,2041.0,927.0,1215.5,1541.0,1656.5,1687.5,1728.5,1855.0,1832.5,2506.5,2145.0,907.0,1185.5,1529.5,1663.5,1667.5,1742.5,1843.5,1820.5,609.5,549.0,692.5,882.5,969.5,1125.0,928.0,1011.0,926.5,883.5,457.0,383.5,635.0,814.0,833.0,1077.0,1047.5,1081.0,970.0,987.0,453.5,353.5,433.5,693.5,644.5,957.0,1037.5,1098.0,1121.0,986.5,783.0,640.0,423.0,759.0,470.0,1063.0,1258.5,1407.5,1336.0,1215.5,1425.0,759.0,338.0,773.0,345.0,1107.5,2858.5,3299.5,3252.5,3197.5,1456.0,781.0,255.0,614.5,379.5,1078.5,2750.0,3338.0,3392.5,3352.5,1642.0,912.0,248.0,579.0,472.0,1128.0,2641.5,3262.0,3425.5,3664.5,1823.5,998.0,205.0,478.5,354.5,882.5,2562.5,3320.0,3563.0,3752.0,2075.0,1713.5,715.0,932.5,1188.0,1328.5,1303.0,1383.5,1472.5,1542.0,1893.5,1012.5,256.0,576.5,344.5,991.0,2998.5,3862.0,3937.5,4076.5,1836.5,960.0,291.5,800.5,450.5,1359.0,3302.0,4070.0,4178.0,4321.5,1860.0,1009.5,427.0,892.5,703.0,1565.0,3279.0,3849.0,3967.0,4235.5,2077.5,1159.0,637.5,1114.0,1050.0,1958.5,3147.5,3636.0,3872.0,4004.5,2223.5,1287.5,659.0,1178.5,1183.5,2016.0,3056.5,3450.0,3769.5,3856.5,2435.0,1463.0,671.0,1176.0,1348.0,2096.0,2892.0,3217.0,3511.0,3664.0,3793.0,2582.5,1094.5,1515.5,1980.0,2576.5,3003.0,3345.0,3662.0,3765.5,3785.5,2523.5,989.0,1402.5,2052.5,2549.0,2891.5,3183.0,3662.0,3653.0,3532.5,2476.5,975.5,1378.0,1950.5,2307.5,2668.0,2940.0,3433.0,3329.5,2729.0,2034.5,923.0,1254.0,1809.5,2069.5,2209.5,2313.0,2463.5,2619.0,1936.5,1611.5,610.0,833.0,1100.5,1197.5,1248.5,1285.5,1442.5,1420.0,2731.0,2061.5,957.5,1292.5,1785.0,2042.0,2124.0,2239.0,2411.5,2433.0,2682.0,2037.5,1036.0,1293.5,1731.5,1979.5,1982.0,2135.0,2345.5,2376.0,2380.0,1905.0,795.5,989.5,1313.0,1479.0,1539.0,1627.5,1788.5,1822.0,1859.5,1542.0,592.0,752.0,1014.5,1110.5,1171.5,1263.0,1359.5,1351.5,1247.0,1025.0,362.0,465.5,654.0,709.0,723.5,804.5,887.5,817.0,0.0,0.0,0.0,0.0,0.0,0.0,0.0,0.0,0.0,0.0,1995.5,1701.0,622.5,817.5,1057.0,1133.5,1182.0,1223.5,1362.0,1328.0,2143.0,1882.5,716.5,851.5,1065.5,1183.5,1246.5,1354.5,1323.5,1492.0,2117.0,1787.0,718.5,915.5,1167.0,1281.5,1299.5,1354.5,1488.0,1483.0,2190.5,1784.0,746.5,874.5,1108.0,1242.5,1188.0,1246.0,1392.0,1391.5,2157.5,1675.0,746.5,874.5,1108.0,1242.5,1188.0,1246.0,1392.0,1391.5,2014.0,1701.0,653.0,862.0,1116.5,1178.5,1217.0,1286.0,1439.0,1389.0,2190.5,1897.0,703.0,933.0,1194.5,1304.0,1331.5,1436.0,1552.0,1497.0,"{""type"":""MultiPoint"",""coordinates"":[]}"
281_0,3,1935.5,1628.0,508.5,670.5,918.0,1048.0,1113.0,1189.0,1318.0,1350.0,2261.0,1942.5,917.5,1181.5,1414.0,1532.0,1577.0,1650.0,1744.5,1728.0,2360.0,2035.5,893.5,1150.5,1403.5,1529.0,1562.5,1656.0,1741.0,1750.5,2258.0,1959.5,897.0,1132.0,1375.0,1504.0,1528.0,1614.0,1678.0,1674.5,280.0,219.5,750.0,970.5,1049.5,1239.0,1139.5,1214.5,1244.0,1127.0,280.0,219.5,750.0,970.5,1049.5,1239.0,1139.5,1214.5,1244.0,1127.0,322.5,227.0,507.5,748.0,758.0,1014.5,1044.5,1148.5,1137.0,953.5,628.0,384.0,484.0,677.5,604.0,1015.5,1499.5,1612.5,1502.5,1451.0,916.0,616.0,313.5,580.0,385.5,985.5,2094.5,2361.0,2362.5,2223.0,1332.0,731.5,221.0,516.5,321.5,944.5,2573.0,3207.5,3180.0,3007.5,1369.0,673.5,174.5,378.5,214.0,684.5,2597.0,3471.0,3549.0,3485.5,2237.0,1891.0,592.0,796.5,1055.5,1224.0,1258.5,1339.0,1458.5,1564.0,1400.5,703.5,193.0,403.5,217.0,751.0,2801.0,3739.5,3716.5,3894.0,1514.5,721.5,203.5,493.5,265.0,925.0,3117.0,4063.5,4188.5,4255.0,1624.5,794.0,390.5,818.0,529.0,1434.0,3394.5,4125.5,4241.5,4332.0,1800.0,997.5,598.5,1103.5,893.0,1908.5,3272.0,3700.0,3904.0,3971.0,2007.0,1164.0,618.0,1130.0,1078.5,1967.5,2965.5,3300.0,3617.5,3656.5,2413.0,1487.0,682.0,1146.0,1389.0,2081.0,2730.0,3057.0,3281.0,3397.0,3309.0,2153.0,956.0,1394.5,1774.5,2395.0,2793.0,3065.5,3368.5,3468.5,3904.5,2696.0,948.0,1351.0,2030.0,2424.0,2654.0,2934.5,3312.5,3322.5,3595.5,2553.0,899.0,1336.5,1968.0,2247.5,2452.0,2632.0,3018.5,3068.0,2360.0,1845.0,663.5,944.0,1328.5,1562.5,1605.0,1754.5,1805.5,1887.5,2006.5,1666.0,445.0,668.5,945.5,1072.5,1157.5,1216.5,1366.5,1389.5,2222.5,1732.0,682.0,946.0,1288.0,1495.5,1554.5,1656.5,1724.0,1805.5,2350.5,1858.5,830.0,1046.0,1369.0,1533.5,1609.0,1711.0,1827.5,1880.0,2129.0,1719.5,630.5,825.0,1103.5,1227.5,1307.0,1371.0,1530.5,1534.0,2344.5,1932.5,741.0,920.0,1186.0,1329.5,1377.5,1472.0,1601.5,1647.5,1850.0,1471.0,499.5,640.5,877.0,987.5,1055.5,1136.5,1242.5,1233.0,0.0,0.0,0.0,0.0,0.0,0.0,0.0,0.0,0.0,0.0,1595.0,1273.0,452.0,595.5,803.5,932.0,988.5,1086.5,1182.5,1183.0,1828.0,1480.0,564.5,711.0,899.0,1032.0,1083.0,1140.5,1249.0,1282.5,2463.0,2053.5,815.5,1041.5,1305.5,1465.5,1538.5,1600.0,1736.5,1756.0,2379.5,1980.5,791.5,972.0,1230.5,1380.5,1423.5,1532.5,1664.5,1663.5,2169.5,1772.5,715.0,846.5,1066.0,1182.5,1188.5,1297.0,1421.0,1429.5,1982.0,1735.5,659.5,810.0,1012.5,1138.5,1188.5,1270.0,1384.5,1375.5,1982.0,1735.5,642.0,834.5,1033.0,1138.5,1188.5,1270.0,1384.5,1375.5,"{""type"":""MultiPoint"",""coordinates"":[]}"
282_0,3,1682.5,1392.0,495.0,652.0,861.0,955.5,977.5,1053.0,1120.5,1141.0,2446.5,2087.5,990.0,1286.0,1545.5,1651.5,1685.0,1744.0,1849.5,1849.0,2380.0,2024.0,895.0,1159.0,1413.5,1530.0,1529.0,1588.0,1664.5,1690.0,2330.0,2024.0,896.5,1160.0,1398.0,1519.0,1520.0,1596.0,1629.5,1661.0,1037.0,965.0,880.5,1113.0,1227.5,1496.5,1340.0,1357.0,1312.0,1186.5,942.0,880.0,832.0,1111.0,1188.5,1437.5,1321.5,1357.0,1290.0,1186.5,1220.5,909.5,749.5,1059.5,1052.0,1446.0,1489.0,1553.5,1519.5,1463.5,1355.0,1082.5,745.0,1054.0,989.0,1491.5,1750.0,1899.0,1805.5,1827.5,1515.5,1052.0,677.0,1013.0,912.5,1376.0,2112.5,2474.5,2417.0,2389.0,1747.5,1235.0,667.5,989.5,962.5,1505.0,2091.5,2444.5,2388.0,2512.5,1770.0,1194.0,633.0,961.5,954.0,1471.0,2115.5,2402.5,2457.5,2524.0,1966.5,1626.0,582.5,795.5,1022.5,1153.5,1168.0,1233.0,1322.5,1360.5,1774.0,1248.0,637.0,1005.5,1012.5,1460.5,2183.0,2521.0,2492.5,2563.5,1708.5,1176.5,633.0,999.5,1024.0,1465.5,2235.0,2493.0,2552.5,2639.0,1727.0,1205.0,606.0,998.0,1022.5,1430.0,2254.5,2560.5,2599.0,2695.0,1807.5,1220.0,678.0,1139.5,1043.5,1658.5,2512.5,2673.5,2891.0,2898.0,1866.0,1266.5,690.0,1166.0,1048.5,1697.0,2392.5,2585.0,2842.0,2791.0,2026.0,1361.0,741.0,1193.0,1137.0,1798.0,2334.0,2580.0,2679.0,2694.0,2329.0,1486.0,861.5,1285.0,1411.5,1910.0,2386.0,2599.5,2759.0,2702.0,2524.5,1738.0,861.5,1292.5,1496.5,1960.5,2344.5,2557.0,2717.5,2832.0,3460.5,2445.5,1070.5,1518.0,1954.0,2323.5,2522.0,2743.5,3037.0,2928.5,1742.5,1319.5,523.0,719.5,975.0,1114.5,1182.0,1243.0,1292.0,1340.5,1796.5,1451.5,455.5,702.0,916.0,997.0,1055.5,1128.5,1220.0,1231.0,1921.5,1492.0,585.5,802.5,1062.0,1163.0,1240.0,1348.0,1392.0,1457.5,2067.0,1623.5,765.5,959.5,1174.0,1307.0,1376.0,1423.0,1468.5,1561.0,1875.5,1531.5,605.0,764.5,962.5,1037.0,1125.0,1190.0,1266.5,1279.5,2006.0,1601.5,673.0,851.5,1044.5,1157.0,1200.0,1291.5,1317.5,1405.0,1605.5,1332.0,444.5,587.0,763.5,835.5,894.5,979.5,1047.5,1024.5,0.0,0.0,0.0,0.0,0.0,0.0,0.0,0.0,0.0,0.0,1725.0,1302.0,475.0,666.5,851.5,1016.0,978.0,1134.0,1136.5,1207.0,1724.5,1435.5,583.5,748.5,881.5,987.0,1040.0,1109.0,1128.0,1158.0,2261.0,1881.5,804.0,1057.5,1255.5,1385.0,1410.0,1511.0,1582.5,1589.5,2164.5,1832.5,753.0,971.5,1175.0,1302.5,1325.0,1402.0,1488.0,1527.0,2017.5,1664.5,714.5,847.0,1019.0,1143.0,1143.5,1233.0,1280.5,1326.5,2124.0,1834.0,669.5,910.5,1132.5,1285.5,1313.5,1365.0,1437.0,1443.5,2290.5,1985.5,879.5,1169.5,1418.0,1492.0,1504.5,1589.0,1683.0,1661.5,"{""type"":""MultiPoint"",""coordinates"":[]}"
283_0,3,3000.0,2353.5,1356.0,1397.0,1609.5,1780.5,2001.5,2142.0,2371.0,2350.0,2259.0,2067.0,649.0,907.0,1211.0,1338.0,1411.0,1505.0,1582.0,1617.0,2457.0,2350.0,775.0,1031.0,1370.0,1521.0,1589.0,1688.0,1750.0,1779.0,1204.5,1142.5,493.5,671.0,828.5,917.5,829.5,877.0,933.5,880.0,422.0,385.0,379.0,557.0,651.0,809.0,733.0,769.0,724.0,633.0,418.0,365.0,420.0,603.0,593.0,772.0,720.0,769.0,751.0,633.0,593.0,462.0,288.0,588.0,339.0,793.0,895.0,967.0,911.0,864.0,1115.0,700.0,318.0,609.0,402.0,941.0,1764.0,1987.0,1956.0,1902.0,1096.0,633.0,278.0,528.0,265.0,813.0,1764.0,2052.0,1956.0,1911.0,1067.5,544.0,152.0,371.5,153.5,669.5,1927.0,2411.5,2314.5,2379.5,1062.0,526.5,97.0,284.0,98.0,498.5,1986.0,2663.0,2627.0,2676.0,3302.0,2874.0,730.0,960.0,1328.0,1512.0,1599.0,1761.0,1988.0,2026.0,1261.0,599.5,63.5,269.0,51.0,527.0,2488.0,3447.5,3378.5,3504.0,1250.0,602.0,124.0,492.0,166.5,935.0,2787.5,3699.0,3654.0,3789.0,1287.0,625.0,475.0,812.0,571.0,1253.0,3025.0,3712.0,3682.0,3868.0,1394.0,783.0,694.0,1088.0,994.0,1839.0,2909.0,3300.0,3342.0,3480.0,1604.0,940.0,604.0,1049.0,994.0,1839.0,2737.0,3027.0,3195.0,3264.0,2055.0,1219.0,660.0,1113.0,1214.0,2043.0,2800.0,3028.0,3292.0,3375.0,4411.5,3165.5,1168.0,1606.0,2237.0,2748.0,3060.5,3434.0,3668.5,3877.5,4230.0,3124.5,1088.0,1508.5,2164.5,2543.0,2814.0,3084.0,3376.5,3473.5,3962.0,2819.0,1032.0,1355.0,1896.0,2248.0,2462.0,2741.0,3144.0,3201.0,3360.5,2481.0,796.0,1131.5,1584.0,1905.5,2141.0,2339.5,2541.0,2615.5,3301.0,2672.0,711.0,927.0,1323.0,1512.0,1599.0,1752.0,1938.0,2025.0,3428.5,2763.0,727.0,994.0,1314.5,1589.5,1876.5,2031.5,2173.0,2279.5,3322.5,2667.0,1405.0,1574.0,1773.0,2018.0,2275.5,2431.5,2571.5,2603.0,3129.5,2578.5,730.5,868.0,1026.5,1280.5,1535.0,1714.5,1860.0,1898.0,2966.5,2434.0,698.5,842.0,1001.0,1259.5,1521.5,1681.0,1813.0,1861.0,2396.5,1771.5,449.0,646.0,833.5,1118.5,1327.0,1450.5,1654.5,1673.0,0.0,0.0,0.0,0.0,0.0,0.0,0.0,0.0,0.0,0.0,3702.0,2879.0,888.0,1181.0,1688.0,1896.0,1952.0,2127.0,2256.0,2411.0,2565.0,2021.0,981.0,1199.0,1585.0,1797.0,1952.0,2149.0,2256.0,2436.0,3524.0,2829.0,995.0,1260.0,1585.0,1797.0,2015.0,2169.0,2375.0,2445.0,1976.5,1627.0,604.5,668.5,897.0,985.5,1047.5,1136.0,1278.0,1291.5,903.0,783.0,294.0,346.0,479.5,510.5,528.0,557.5,634.0,620.0,2035.0,1881.0,580.0,772.0,1060.0,1151.0,1221.0,1303.0,1415.0,1398.0,2054.0,1901.0,579.5,795.5,1090.0,1197.5,1252.0,1325.5,1442.0,1435.5,"{""type"":""MultiPoint"",""coordinates"":[]}"
284_0,3,1736.5,1428.0,610.0,750.0,963.5,1077.5,1102.0,1162.5,1258.5,1261.5,2120.0,1796.0,780.0,971.0,1188.5,1286.0,1354.0,1417.0,1512.0,1533.0,2240.5,1933.0,893.0,1157.5,1397.5,1518.0,1518.5,1587.5,1663.5,1663.0,2575.5,2230.0,1166.5,1480.0,1756.5,1883.0,1850.5,1932.0,2000.0,2013.5,2071.0,1640.0,984.0,1228.0,1419.0,1525.0,1552.0,1601.0,1641.0,1635.0,875.0,576.0,986.0,1228.0,1268.0,1451.0,1319.0,1405.0,1473.0,1353.0,728.0,459.0,809.0,1101.0,1144.0,1399.0,1319.0,1405.0,1473.0,1353.0,728.0,459.0,809.0,1124.0,1144.0,1440.0,1479.0,1507.0,1660.0,1538.0,703.0,510.0,620.0,924.0,837.0,1174.0,1297.0,1406.0,1363.0,1277.0,1270.5,700.0,295.5,610.0,402.0,973.5,2120.5,2620.5,2479.0,2497.5,1535.5,750.0,196.5,445.0,195.5,737.0,2751.0,3809.5,3829.0,3836.5,1910.0,1602.0,689.0,856.0,1062.0,1194.0,1203.0,1244.0,1354.0,1402.0,1517.0,718.0,189.0,447.0,164.0,722.0,3074.0,4131.0,4150.0,4253.0,1496.0,718.0,81.0,436.0,161.0,838.0,3256.0,4399.0,4449.0,4524.0,1571.0,751.0,206.0,602.0,346.0,1112.0,3493.0,4542.0,4684.0,4749.0,1646.0,771.0,433.0,931.0,614.0,1712.0,3447.0,4274.0,4348.0,4464.0,1664.0,911.5,483.5,1024.0,749.5,1816.5,3306.0,3782.0,4064.0,4098.5,1914.0,1141.5,535.5,1083.0,1088.0,2057.0,3059.0,3452.0,3613.5,3742.0,2319.5,1364.0,896.5,1406.5,1533.5,2297.0,3023.0,3312.0,3596.5,3672.0,2615.5,1690.0,937.0,1431.0,1800.5,2522.0,2931.0,3231.0,3522.5,3613.0,3569.0,2580.5,1029.0,1469.5,2004.0,2520.5,2776.0,3026.5,3369.5,3442.0,2902.0,1978.0,934.0,1345.0,1998.0,2416.0,2568.0,2765.0,2995.0,3069.0,1747.0,1477.0,501.0,696.0,927.0,1030.0,1067.0,1132.0,1255.0,1255.0,3532.0,2651.0,957.0,1315.0,1874.0,2211.0,2324.0,2480.0,2834.0,2866.0,3333.5,2463.0,1012.0,1326.0,1817.0,2059.5,2234.5,2384.0,2674.0,2725.0,3028.5,2357.5,778.0,1002.0,1373.0,1557.0,1683.0,1831.5,2048.0,2094.0,3147.0,2545.0,888.0,1049.0,1424.0,1574.0,1701.0,1844.0,2035.0,2110.0,1538.0,1288.0,433.0,565.0,791.0,889.0,908.0,997.0,1075.0,1082.0,1012.0,734.0,962.0,922.0,861.0,894.0,954.0,952.0,1165.0,921.0,1385.0,1110.0,456.0,634.0,779.0,864.0,892.0,972.0,1036.0,1025.0,383.0,293.0,174.0,160.0,170.0,213.0,229.0,249.0,235.0,247.0,2076.0,1798.0,734.0,946.0,1140.0,1256.0,1290.0,1365.0,1441.0,1441.0,2188.0,1884.0,929.0,1071.0,1241.0,1378.0,1427.0,1470.0,1594.0,1582.0,1832.0,1397.0,577.0,706.0,902.0,979.0,969.0,1052.0,1117.0,1148.0,2107.0,1823.5,822.5,966.5,1150.0,1238.0,1262.0,1326.5,1431.5,1443.5,2136.0,1818.0,834.0,1008.0,1188.0,1272.5,1322.0,1400.5,1508.0,1476.5,"{""type"":""MultiPoint"",""coordinates"":[]}"
285_0,3,1823.5,1562.0,542.0,670.0,899.0,1016.0,1063.5,1113.5,1235.5,1262.5,2495.0,2153.0,1035.5,1324.5,1589.0,1731.5,1769.5,1844.0,1950.0,1950.5,2219.0,1882.0,769.5,1016.0,1283.5,1405.5,1426.5,1502.5,1594.0,1607.5,169.0,138.0,424.5,664.5,713.0,862.0,595.5,678.5,650.0,582.5,151.5,132.5,640.5,841.0,862.0,1008.5,899.5,939.5,945.0,823.0,278.5,208.0,525.0,803.0,811.0,1032.5,892.0,952.0,936.5,826.5,480.0,383.5,393.5,670.0,585.0,937.0,995.0,1082.5,924.5,903.5,895.5,574.0,373.5,655.5,521.5,952.5,1522.5,1717.5,1618.0,1595.0,1556.0,765.5,273.5,539.0,283.5,855.5,2762.5,3371.5,3546.0,3479.5,1607.0,780.0,225.0,528.0,291.0,846.0,2869.5,3905.5,3897.0,3972.5,1548.5,762.5,173.5,429.5,254.0,798.0,2773.0,3944.0,4052.0,4132.5,2118.5,1830.5,610.5,804.5,1040.0,1173.0,1209.5,1318.0,1376.5,1452.0,1641.0,785.5,213.0,485.0,274.0,870.0,3044.5,4241.5,4372.5,4565.5,1643.0,798.5,268.5,754.0,408.5,1366.0,3627.5,4504.0,4690.0,4884.5,1723.5,875.0,426.5,896.5,635.0,1609.0,3530.5,4246.5,4323.5,4484.5,1956.0,1064.5,616.0,1087.0,1014.5,1951.5,3209.5,3688.0,3852.5,3969.0,2298.0,1371.5,726.0,1220.0,1323.0,2192.0,3074.5,3445.0,3722.0,3789.5,2787.0,1765.0,839.0,1336.0,1695.0,2455.0,3080.0,3403.0,3670.0,3818.0,4120.5,2808.0,1150.5,1639.5,2224.5,2778.0,3102.0,3340.0,3679.0,3773.0,4174.5,2847.0,1166.5,1680.0,2543.5,3070.5,3183.5,3424.5,3920.5,4107.5,3592.0,2698.5,1131.5,1554.5,2169.5,2457.0,2710.0,2943.5,3346.5,3271.5,2239.5,1699.0,811.0,1130.5,1550.5,1757.5,1769.0,1932.0,2033.5,2053.0,1978.0,1721.0,517.5,726.0,969.0,1088.0,1185.5,1199.0,1349.0,1325.0,2532.5,1990.0,886.5,1175.5,1585.5,1849.5,1870.0,2029.0,2045.0,2164.0,2447.5,1961.0,960.5,1200.5,1565.5,1761.0,1821.5,1929.0,2076.5,2088.5,2084.5,1754.0,654.5,840.0,1103.5,1261.5,1288.0,1387.5,1472.0,1551.0,1961.5,1609.5,621.0,825.5,1092.0,1253.0,1249.5,1346.0,1432.5,1493.0,1419.5,1226.0,408.0,514.5,702.5,786.5,855.5,859.0,987.5,969.5,0.0,0.0,0.0,0.0,0.0,0.0,0.0,0.0,0.0,0.0,1531.5,1243.5,436.5,574.5,781.5,899.5,937.5,979.5,1097.5,1062.0,1868.0,1595.5,606.5,726.5,910.0,1054.0,1062.5,1144.0,1225.0,1232.0,2263.0,1959.5,763.5,964.5,1186.0,1331.5,1368.0,1492.0,1555.0,1576.0,2302.0,1977.5,815.5,1021.0,1230.0,1355.0,1325.0,1439.0,1629.0,1537.5,2171.0,1857.0,805.5,910.5,1125.0,1264.5,1260.0,1342.5,1464.5,1479.0,2163.0,1870.0,677.5,892.5,1146.0,1232.0,1327.0,1403.5,1487.5,1512.5,2293.5,1964.0,812.0,1038.0,1294.5,1447.5,1491.5,1542.0,1667.5,1687.0,"{""type"":""MultiPoint"",""coordinates"":[]}"
286_0,3,3134.5,2448.5,911.0,1059.5,1369.0,1547.0,1707.0,1842.0,2044.0,2120.0,2144.0,1962.0,647.0,902.0,1201.0,1336.0,1391.0,1455.0,1561.0,1589.0,2387.0,2264.0,804.0,1061.0,1399.0,1545.0,1608.0,1697.0,1777.0,1779.0,2101.5,1990.0,715.0,968.5,1271.5,1412.5,1454.0,1488.0,1557.0,1593.5,337.0,284.0,591.0,668.0,735.0,821.0,767.0,831.0,843.0,772.0,423.0,308.0,392.0,668.0,573.0,821.0,825.0,917.0,877.0,772.0,558.0,460.0,290.0,584.0,387.0,819.0,924.0,997.0,948.0,849.0,1541.0,859.0,245.0,589.0,313.0,910.0,2199.0,2741.0,2697.0,2543.0,1268.0,661.0,135.0,435.0,173.0,726.0,2199.0,2741.0,2697.0,2555.0,1271.5,626.0,81.5,351.0,110.5,641.0,2394.5,3184.0,3143.0,3232.0,1224.5,575.5,32.5,218.0,32.5,431.5,2348.5,3383.5,3480.0,3466.0,4894.0,4329.0,2875.0,3020.5,3347.0,3610.5,3638.5,3677.0,3887.5,3925.0,1346.5,616.5,27.5,229.5,17.0,468.5,2712.5,4068.0,4093.5,4109.0,1341.0,626.5,120.0,571.5,182.5,1021.5,3281.5,4331.0,4498.0,4595.0,1383.0,638.0,497.0,874.0,615.0,1363.0,3383.0,4212.0,4260.0,4413.0,1430.0,798.0,703.0,1178.0,1079.0,1949.0,3242.0,3670.0,3836.0,3919.0,1586.0,893.0,632.0,1157.0,1079.0,1995.0,2953.0,3291.0,3562.0,3538.0,1900.0,1124.0,641.0,1190.0,1253.0,2150.0,2953.0,3291.0,3485.0,3538.0,4348.0,3071.0,1178.0,1627.5,2274.0,2810.0,3064.0,3366.0,3605.0,3770.0,4214.5,3118.0,1149.5,1571.0,2265.0,2663.0,2867.0,3130.0,3456.0,3515.0,3789.0,2782.0,1118.0,1501.0,2009.0,2276.0,2555.0,2771.0,3080.0,3112.0,3273.0,2394.5,869.0,1208.0,1680.5,2012.0,2167.5,2341.5,2528.0,2644.5,3417.0,2714.0,786.0,1042.0,1472.0,1660.0,1729.0,1889.0,2120.0,2175.0,3386.5,2661.0,802.0,1088.0,1414.0,1670.0,1934.5,2103.0,2242.5,2339.5,4910.0,4254.5,2643.0,2843.5,3139.0,3481.5,3677.5,3835.5,4015.0,4038.5,3030.0,2503.0,773.5,930.0,1090.5,1377.5,1599.0,1747.0,1861.0,1927.5,2899.5,2381.5,744.0,896.0,1050.0,1336.5,1563.0,1735.0,1827.5,1906.5,2223.0,1628.5,426.5,620.5,798.0,1062.0,1295.5,1401.0,1550.5,1606.0,0.0,0.0,0.0,0.0,0.0,0.0,0.0,0.0,0.0,0.0,3764.0,2937.0,926.0,1226.0,1745.0,1981.0,2005.0,2163.0,2362.0,2474.0,3997.0,2971.0,1176.0,1363.0,1764.0,2055.0,2131.0,2387.0,2697.0,2671.0,3637.0,2900.0,1021.0,1330.0,1794.0,2026.0,2037.0,2249.0,2465.0,2552.0,2722.0,2250.0,821.5,990.5,1329.5,1472.0,1512.0,1630.5,1832.5,1847.0,1757.0,1473.0,574.0,720.0,1014.0,1109.0,1074.0,1130.0,1269.0,1266.0,1862.5,1696.5,535.5,716.5,984.0,1072.0,1118.0,1186.0,1299.0,1301.5,1936.5,1798.0,577.5,787.0,1064.0,1154.0,1211.0,1288.5,1392.5,1404.0,"{""type"":""MultiPoint"",""coordinates"":[]}"
287_0,3,1793.0,1488.0,646.0,821.0,1060.0,1162.0,1150.5,1238.5,1357.5,1333.5,2374.5,2076.0,988.0,1269.5,1521.5,1600.0,1638.5,1683.5,1824.0,1790.0,2436.0,2129.0,900.0,1180.0,1445.0,1564.5,1587.5,1675.5,1767.5,1760.0,2376.0,2079.5,909.5,1165.0,1415.0,1523.5,1551.0,1629.0,1708.0,1712.5,1228.0,1179.0,1046.0,1264.0,1296.0,1386.0,1141.0,1203.0,1070.0,1147.0,745.0,610.0,703.0,936.0,1013.0,1209.0,1123.0,1102.0,1058.0,963.0,810.0,651.0,612.0,936.0,900.0,1242.0,1144.0,1244.0,1109.0,1136.0,986.0,810.0,631.0,941.0,848.0,1335.0,1328.0,1490.0,1365.0,1319.0,1262.0,842.0,595.0,871.0,740.0,1243.0,1668.0,1715.0,1692.0,1666.0,1249.5,771.5,341.5,648.0,469.0,1095.0,1970.0,2255.5,2266.0,2146.5,1502.5,917.0,312.5,632.0,477.5,1115.0,2373.5,2938.5,3114.5,2960.5,2015.0,1711.5,755.0,936.0,1197.0,1307.0,1305.0,1370.0,1495.0,1494.0,1634.0,989.0,342.0,638.0,525.0,1062.0,2382.0,2972.0,3209.0,3023.0,1403.0,853.0,282.0,492.0,374.0,983.0,2231.0,2930.0,3101.0,3013.0,1489.0,849.0,269.0,483.0,346.0,951.0,2472.0,3128.0,3343.0,3174.0,1617.0,880.0,427.0,757.0,479.0,1268.0,2871.0,3634.0,3793.0,3637.0,1792.0,1064.0,468.0,927.0,623.0,1512.0,3167.0,3719.0,4133.0,3816.0,1899.5,1121.0,492.5,1022.5,649.0,1680.0,3159.5,3677.5,3959.5,3715.0,2078.0,1194.0,909.0,1600.5,1391.5,2248.0,3169.0,3557.5,3970.0,3758.0,2455.5,1530.0,909.0,1607.5,1599.0,2522.0,3290.5,3487.0,4046.5,3890.5,3309.0,2438.0,1137.0,1698.0,2164.0,2609.0,3008.0,3237.0,3629.0,3716.0,3512.5,2494.5,1149.5,1564.0,2203.5,2618.0,2751.0,2964.5,3172.5,3313.0,1842.0,1508.0,579.0,774.0,1048.0,1153.0,1172.0,1184.0,1365.0,1353.0,3345.0,2459.0,897.0,1229.0,1762.0,2230.0,2304.0,2552.0,2517.0,2842.0,3111.0,2412.0,963.0,1255.5,1684.0,1945.0,2056.0,2195.5,2423.5,2469.0,2895.5,2365.0,758.5,969.0,1298.5,1498.5,1646.5,1717.5,1879.5,1970.5,2170.0,1710.0,798.0,955.0,1219.0,1394.0,1398.0,1508.0,1633.0,1586.0,1917.0,1487.0,507.0,679.0,919.0,1038.0,1096.0,1155.0,1326.0,1256.0,0.0,0.0,0.0,0.0,0.0,0.0,0.0,0.0,0.0,0.0,1747.0,1414.0,518.0,699.0,906.0,1005.0,1026.0,1083.0,1167.0,1179.0,246.0,211.0,189.0,154.0,140.0,156.0,148.0,169.0,168.0,179.0,2198.0,1910.0,731.0,951.0,1204.0,1316.0,1341.0,1419.0,1497.0,1508.0,1882.0,1713.0,898.0,1096.0,1321.0,1402.0,1476.0,1490.0,1466.0,1645.0,1726.5,1442.5,661.0,805.0,1018.5,1129.5,1122.5,1196.5,1293.5,1210.5,2088.0,1805.0,716.0,870.0,1080.0,1217.0,1244.0,1328.0,1391.0,1408.0,2195.5,1911.0,772.5,979.0,1209.0,1285.5,1353.5,1408.5,1544.0,1521.0,"{""type"":""MultiPoint"",""coordinates"":[]}"
288_0,3,204.0,178.5,140.5,198.0,297.5,369.5,261.5,272.5,298.5,232.5,2038.0,1694.0,699.5,894.0,1105.0,1206.0,1276.5,1354.5,1468.5,1465.5,2171.5,1838.5,782.0,990.5,1212.0,1335.0,1383.5,1482.5,1556.5,1568.0,2386.0,2082.5,1010.0,1261.0,1479.5,1594.5,1634.0,1721.5,1774.5,1812.0,2522.0,2195.0,1293.0,1532.0,1747.0,1846.0,1885.0,1957.0,2034.0,1988.0,1569.0,1465.0,1076.0,1284.0,1466.0,1552.0,1569.0,1659.0,1666.0,1688.0,286.0,252.0,588.0,838.0,889.0,1060.0,817.0,910.0,826.0,764.0,454.0,333.0,682.0,977.0,950.0,1273.0,1093.0,1191.0,1049.0,958.0,555.0,442.0,483.0,800.0,650.0,1168.0,1224.0,1366.0,1236.0,1092.0,1011.5,643.5,313.0,609.0,413.0,1024.5,2058.0,2354.5,2217.5,2137.0,1309.5,694.0,206.5,465.5,320.5,917.0,2494.0,3157.0,3178.0,3203.5,238.0,208.0,207.0,298.0,361.0,479.0,358.0,378.0,413.0,322.0,1248.0,643.0,238.0,459.0,313.0,850.0,2269.0,2930.0,2931.0,2968.0,1233.0,617.0,95.0,373.0,179.0,716.0,2411.0,3169.0,3116.0,3196.0,1256.0,640.0,168.0,464.0,246.0,849.0,2660.0,3501.0,3360.0,3526.0,1376.0,717.0,425.0,854.0,546.0,1463.0,2937.0,3393.0,3389.0,3491.0,1379.0,754.0,454.0,931.5,680.0,1588.5,2642.5,2965.0,3078.0,3088.5,1825.0,1098.5,529.0,961.0,1036.0,1753.5,2444.5,2696.5,2849.5,2971.5,2196.5,1303.0,866.5,1304.0,1501.5,2045.0,2532.5,2774.0,3027.5,3092.0,2513.5,1649.5,892.5,1317.5,1614.5,2229.5,2622.0,2875.5,3104.0,3240.5,4054.0,2752.0,1182.5,1703.5,2417.5,3009.0,3274.5,3562.0,3749.5,3928.5,4375.0,3018.0,1411.0,1937.0,2773.0,3237.0,3420.0,3664.0,3803.0,4205.0,238.0,208.0,233.0,278.0,356.0,440.0,358.0,378.0,413.0,322.0,4208.0,3022.0,1205.0,1681.0,2339.0,2834.0,2949.0,3239.0,3163.0,3491.0,3979.0,2951.5,1125.0,1498.0,2039.0,2392.5,2533.0,2732.0,2894.0,2989.5,3548.0,2856.0,834.5,1075.5,1435.5,1668.0,1774.0,1906.5,2044.0,2164.0,374.0,264.0,350.0,439.0,607.0,705.0,629.0,680.0,707.0,633.0,181.0,139.0,91.0,118.0,195.0,268.0,195.0,231.0,207.0,193.0,0.0,0.0,0.0,0.0,0.0,0.0,0.0,0.0,0.0,0.0,176.0,147.0,104.0,179.0,262.0,352.0,238.0,270.0,264.0,220.0,526.0,385.0,274.0,367.0,547.0,726.0,785.0,838.0,963.0,971.0,3195.0,2420.0,955.0,1249.0,1640.0,1873.0,1939.0,2135.0,2347.0,2317.0,1405.0,901.0,1039.0,961.0,1005.0,1200.0,1237.0,1427.0,1598.0,1645.0,3324.0,2543.0,1117.0,1410.0,1808.0,2056.0,2200.0,2255.0,2534.0,2564.0,4050.0,3242.0,1390.0,1709.0,2089.0,2391.0,2548.0,2616.0,2879.0,2918.0,3826.5,3048.5,1369.5,1629.0,2015.5,2236.0,2364.0,2487.0,2802.0,2817.0,"{""type"":""MultiPoint"",""coordinates"":[]}"
289_0,3,1600.0,1290.5,557.5,672.5,851.0,958.0,959.5,1021.0,1085.0,1139.5,2218.0,1821.5,895.5,1160.0,1387.5,1499.0,1512.5,1584.5,1649.5,1644.5,2608.5,2187.0,1139.0,1455.5,1694.0,1839.5,1840.0,1901.5,1969.0,1996.0,2821.5,2354.5,1264.5,1607.0,1853.0,1999.5,2044.0,2101.0,2164.0,2197.5,602.0,466.0,860.0,1265.0,1328.0,1559.0,1146.0,1150.0,1124.0,990.0,524.0,426.0,690.0,1015.0,1126.0,1329.0,1116.0,1150.0,1124.0,938.0,753.0,578.0,690.0,1090.0,1154.0,1536.0,1474.0,1590.0,1485.0,1396.0,745.0,578.0,684.0,1065.0,1083.0,1499.0,1499.0,1604.0,1623.0,1531.0,851.0,687.0,571.0,912.0,829.0,1274.0,1431.0,1553.0,1517.0,1402.0,1148.0,724.5,343.0,651.0,488.0,1031.5,1719.5,2040.0,1945.0,1871.5,1346.5,784.5,276.5,540.0,357.5,848.5,2189.0,2787.0,2729.5,2577.0,1825.0,1480.0,615.0,799.0,986.0,1102.0,1081.0,1173.0,1262.0,1291.0,1434.0,786.0,261.0,504.0,298.0,806.0,2708.0,3476.0,3446.0,3470.0,1446.0,762.0,174.0,473.0,214.0,887.0,2862.0,3679.0,3674.0,3670.0,1506.0,795.0,196.0,542.0,300.0,978.0,3082.0,3943.0,3888.0,4005.0,1592.0,838.0,447.0,865.0,572.0,1521.0,3111.0,3612.0,3773.0,3804.0,1716.0,956.5,488.5,958.0,728.5,1653.5,2963.0,3361.5,3629.5,3614.0,2141.0,1332.5,572.5,1014.0,1182.0,1922.5,2687.5,3012.0,3186.5,3298.0,2653.5,1686.0,871.5,1276.0,1700.0,2371.0,2846.0,3113.0,3355.5,3445.5,3607.0,2469.5,1081.5,1542.5,2165.5,2773.0,3057.5,3257.0,3584.5,3706.5,3942.0,2796.0,1072.5,1525.5,2197.5,2676.5,2853.0,3014.5,3288.0,3553.0,3290.0,2388.0,946.0,1305.0,1937.0,2541.0,2490.0,2910.0,2808.0,3091.0,1837.0,1483.5,607.0,793.0,987.0,1077.0,1103.0,1141.5,1242.0,1259.0,2511.5,1946.5,795.0,1078.0,1467.5,1696.0,1770.5,1926.5,2025.5,2106.5,2433.5,1913.0,769.0,1004.5,1342.5,1560.5,1632.0,1730.5,1838.5,1936.0,2178.0,1767.5,640.0,848.5,1121.5,1272.0,1323.0,1415.0,1529.0,1565.5,2139.5,1719.0,692.0,863.5,1119.5,1273.0,1309.0,1399.0,1492.5,1553.0,1674.0,1362.0,490.0,616.0,853.0,940.0,997.0,1055.0,1184.0,1176.0,0.0,0.0,0.0,0.0,0.0,0.0,0.0,0.0,0.0,0.0,1559.0,1042.0,523.0,722.0,896.0,987.0,1001.0,1022.0,1139.0,1187.0,957.0,746.0,345.0,413.0,501.0,587.0,575.0,645.0,537.0,739.0,2272.0,1714.0,915.0,1152.5,1350.5,1490.0,1510.0,1534.5,1639.5,1642.0,1845.0,1360.0,613.0,801.0,1001.0,1113.0,996.0,1053.0,1106.0,1149.0,1766.0,1351.0,596.5,780.5,959.0,1072.0,1012.5,1047.0,1121.0,1161.0,2297.0,1909.0,912.0,1158.0,1343.0,1482.0,1514.0,1599.0,1659.0,1663.0,2184.0,1795.0,837.0,1098.0,1301.0,1420.0,1463.0,1487.0,1580.0,1624.0,"{""type"":""MultiPoint"",""coordinates"":[]}"
290_0,3,1873.5,1528.0,596.5,719.0,974.0,1094.5,1110.0,1180.0,1298.5,1337.5,1983.0,1708.0,699.0,874.5,1115.0,1218.0,1261.0,1324.5,1414.0,1437.0,2147.5,1865.5,834.5,1040.5,1288.5,1388.0,1396.0,1461.0,1536.5,1568.0,2416.5,2121.0,972.0,1217.5,1481.5,1618.0,1619.5,1726.0,1800.5,1795.5,1245.0,1170.0,820.0,1031.0,1252.0,1367.0,1398.0,1457.0,1514.0,1527.0,411.0,366.0,682.0,923.0,878.0,1168.0,971.0,985.0,972.0,846.0,402.0,313.0,583.0,789.0,775.0,1000.0,971.0,1078.0,1046.0,921.0,540.0,356.0,556.0,789.0,743.0,1029.0,1128.0,1223.0,1198.0,1087.0,663.0,485.0,423.0,681.0,554.0,907.0,1409.0,1397.0,1585.0,1443.0,1336.0,765.0,284.0,566.5,346.0,936.0,2378.5,3015.5,3047.0,2876.5,1584.5,810.5,172.0,437.0,198.5,786.5,2873.0,3904.5,3991.5,3974.0,2045.0,1723.0,683.0,818.0,1059.0,1217.0,1233.0,1291.0,1395.0,1490.0,1599.0,785.0,197.0,458.0,212.0,758.0,3121.0,4115.0,4292.0,4288.0,1593.0,767.0,140.0,474.0,264.0,904.0,3274.0,4332.0,4464.0,4515.0,1661.0,810.0,237.0,618.0,379.0,1080.0,3434.0,4485.0,4574.0,4790.0,1672.0,853.0,445.0,888.0,640.0,1643.0,3349.0,4074.0,4207.0,4334.0,1736.5,953.0,477.0,941.5,752.0,1717.5,3097.5,3573.5,3855.0,3899.0,1984.0,1180.0,521.5,982.5,1014.0,1901.5,2910.5,3262.0,3490.5,3642.5,2423.5,1459.5,763.0,1258.5,1420.5,2187.0,2895.0,3210.0,3488.0,3619.0,2756.5,1777.5,849.5,1307.5,1672.0,2419.5,2902.0,3197.0,3500.5,3627.5,3976.0,2748.0,1118.0,1548.0,2090.0,2580.0,2887.0,3218.0,3448.0,3577.0,3849.5,2618.5,994.0,1417.0,2146.0,2612.5,2925.5,3072.0,3175.5,3574.5,2028.5,1708.0,642.0,794.0,1042.0,1163.5,1190.5,1271.5,1396.5,1431.0,3413.5,2410.0,827.0,1159.0,1694.5,2022.0,2245.5,2424.5,2539.5,2762.5,3341.0,2391.0,909.0,1203.5,1662.0,2014.0,2155.0,2386.5,2443.0,2635.0,3061.0,2341.0,710.0,932.0,1285.5,1482.0,1588.5,1733.0,1898.5,2024.0,3073.0,2376.0,762.5,937.5,1290.0,1446.0,1589.5,1700.0,1879.0,1977.5,1673.0,1302.0,444.0,573.0,802.0,913.0,924.0,1036.0,1119.0,1129.0,0.0,0.0,0.0,0.0,0.0,0.0,0.0,0.0,0.0,0.0,1545.0,1217.0,522.0,661.0,836.0,923.0,927.0,984.0,1111.0,1077.0,1770.0,1476.0,630.0,719.0,885.0,1009.0,985.0,1076.0,1130.0,1170.0,2268.0,1937.0,827.0,1025.0,1236.0,1384.0,1365.0,1446.0,1565.0,1588.0,2212.5,1864.5,844.0,965.0,1195.0,1309.0,1282.0,1332.5,1492.0,1504.0,1795.0,1505.0,569.5,689.0,892.5,983.0,947.5,996.0,1112.5,1117.0,2169.5,1885.0,803.0,931.0,1129.0,1242.5,1336.0,1405.0,1496.5,1538.0,2155.0,1831.5,815.0,968.0,1163.5,1278.0,1359.0,1448.5,1549.0,1536.0,"{""type"":""MultiPoint"",""coordinates"":[]}"
291_0,3,3317.0,2569.0,1005.5,1117.5,1419.5,1663.5,1806.0,1980.0,2169.0,2233.5,2113.0,1958.0,618.0,868.0,1158.0,1284.0,1352.0,1422.0,1524.0,1548.0,2384.0,2287.0,791.0,1048.0,1368.0,1526.0,1574.0,1687.0,1740.0,1774.0,682.0,689.5,541.0,734.0,898.0,1038.5,864.5,894.5,778.0,777.0,360.0,317.0,708.0,780.0,805.0,856.0,643.0,684.0,661.0,526.0,360.0,317.0,350.0,602.0,563.0,814.0,643.0,684.0,661.0,526.0,626.0,481.0,268.0,542.0,382.0,830.0,1058.0,1154.0,1051.0,1013.0,1359.0,766.0,255.0,584.0,350.0,886.0,1937.0,2198.0,2221.0,2267.0,1139.0,642.0,139.0,361.0,174.0,641.0,2055.0,2619.0,2589.0,2545.0,1286.5,618.0,55.5,292.0,63.0,539.0,2409.0,3371.5,3371.5,3396.5,1214.5,564.0,3.5,179.5,10.5,392.5,2383.5,3534.5,3641.5,3594.0,4852.5,4397.0,3085.0,3081.5,3313.5,3565.5,3636.0,3777.0,3924.5,3926.5,1265.0,586.5,11.5,175.0,4.0,409.0,2579.0,4106.5,4150.5,4240.5,1263.0,568.0,91.5,432.5,122.0,873.0,3023.0,4292.5,4404.5,4564.5,1317.0,628.0,469.0,802.0,559.0,1219.0,3253.0,4181.0,4261.0,4421.0,1487.0,812.0,659.0,1086.0,895.0,1820.0,3248.0,3756.0,3930.0,3961.0,1546.0,863.0,582.0,1059.0,895.0,1835.0,2949.0,3290.0,3603.0,3609.0,1860.0,1073.0,543.0,1096.0,1118.0,2051.0,2956.0,3250.0,3482.0,3590.0,4332.0,3052.5,1149.5,1615.0,2263.0,2790.5,3064.5,3388.0,3629.0,3814.5,4236.0,3120.5,1134.5,1544.5,2262.0,2680.0,2875.5,3155.0,3452.0,3526.0,4052.0,2863.0,1176.0,1533.0,2278.0,2698.0,2880.0,3184.0,3499.0,3591.0,3854.0,2733.0,1019.0,1365.0,1930.0,2318.5,2472.0,2679.0,2873.5,3003.5,3291.0,2670.0,694.0,915.0,1286.0,1468.0,1567.0,1728.0,1967.0,2001.0,3480.5,2765.0,815.5,1077.0,1462.5,1736.0,1936.5,2112.5,2262.5,2381.0,4548.0,3897.5,2426.0,2596.5,2897.5,3233.5,3413.5,3568.0,3704.0,3717.0,3144.5,2597.5,830.5,955.5,1184.0,1422.0,1608.0,1768.0,1885.0,1966.0,3025.0,2489.0,774.0,919.0,1129.0,1379.0,1550.5,1721.0,1820.5,1893.5,2069.5,1502.0,423.0,608.5,810.5,1051.5,1244.0,1341.0,1503.0,1555.5,0.0,0.0,0.0,0.0,0.0,0.0,0.0,0.0,0.0,0.0,3695.0,2939.0,827.0,1167.0,1644.0,1888.0,1895.0,2098.0,2291.0,2368.0,3885.0,3251.0,1164.0,1401.0,1878.0,2183.0,2186.0,2508.0,2738.0,2635.0,3602.0,2933.0,970.0,1264.0,1691.0,1885.0,1945.0,2075.0,2352.0,2403.0,1962.0,1658.0,548.5,630.5,833.0,900.5,960.0,1077.0,1190.0,1174.5,1321.0,1120.0,374.0,495.0,693.0,760.0,769.0,843.0,932.0,930.0,1789.0,1639.0,505.0,671.0,940.5,1028.0,1049.5,1142.0,1236.5,1225.0,1905.5,1761.0,558.0,743.5,1013.5,1099.5,1140.5,1235.5,1334.5,1337.0,"{""type"":""MultiPoint"",""coordinates"":[]}"
292_0,3,1691.5,1402.0,588.5,707.5,941.5,1044.0,1068.5,1130.5,1216.5,1239.5,2405.0,2097.5,1039.5,1311.0,1552.5,1671.5,1689.5,1765.5,1860.5,1850.5,2422.5,2104.5,931.0,1193.0,1441.5,1560.5,1595.5,1676.5,1755.5,1756.5,2521.0,2186.0,989.5,1264.0,1528.0,1662.5,1681.5,1766.5,1827.5,1858.0,1125.0,1054.0,842.0,1049.0,1251.0,1388.0,1378.0,1469.0,1474.0,1504.0,255.0,198.0,663.0,924.0,1033.0,1112.0,836.0,895.0,863.0,678.0,366.0,289.0,685.0,999.0,1017.0,1229.0,1042.0,1067.0,1065.0,878.0,510.0,432.0,651.0,981.0,945.0,1324.0,1115.0,1224.0,1128.0,975.0,886.0,615.0,610.0,943.0,888.0,1342.0,1637.0,1769.0,1637.0,1643.0,812.5,503.5,342.0,616.5,529.5,975.5,1548.5,1743.5,1638.0,1572.0,1043.0,624.0,335.0,591.0,436.5,992.5,2107.5,2397.0,2359.0,2301.0,1885.0,1555.0,658.0,844.0,1068.0,1173.0,1195.0,1251.0,1298.0,1389.0,1330.0,746.0,332.0,630.0,481.0,1084.0,2481.0,3024.0,2978.0,3034.0,1228.0,670.0,219.0,501.0,365.0,972.0,2438.0,2985.0,2979.0,2978.0,1207.0,651.0,218.0,496.0,321.0,922.0,2419.0,3013.0,2910.0,2931.0,1411.0,745.0,388.0,746.0,443.0,1210.0,2937.0,3422.0,3410.0,3411.0,1542.0,829.0,396.0,915.0,562.0,1505.0,3031.0,3395.0,3660.0,3558.0,1641.0,945.5,455.5,980.5,672.0,1729.0,2740.5,2993.5,3139.0,3182.0,2123.0,1236.0,756.0,1272.0,1264.0,2100.0,2658.0,2877.0,3065.0,3134.0,2350.5,1532.0,702.5,1209.0,1365.5,2088.0,2533.0,2748.0,3002.5,3059.5,2855.0,1995.5,859.0,1287.0,1683.5,2140.5,2523.5,2724.5,3015.5,3060.5,3178.0,2246.0,1019.0,1402.0,1949.0,2294.0,2462.0,2645.0,2764.0,2892.0,1764.0,1470.0,492.0,707.0,942.0,1076.0,1095.0,1146.0,1253.0,1275.0,3178.0,2357.0,896.0,1265.0,1782.0,2098.0,2226.0,2367.0,2463.0,2680.0,3019.5,2280.0,883.5,1146.0,1564.5,1808.0,1921.5,2073.5,2236.5,2312.5,2671.5,2136.0,665.5,876.0,1169.0,1351.0,1444.0,1575.5,1724.0,1777.5,2823.0,2376.0,752.0,918.0,1208.0,1410.0,1502.0,1628.0,1744.0,1817.0,2342.0,1531.0,539.0,687.0,935.0,1087.0,1175.0,1284.0,1460.0,1441.0,914.0,804.0,897.0,877.0,817.0,836.0,858.0,913.0,1139.0,976.0,1741.0,1446.0,545.0,766.0,949.0,1077.0,1086.0,1175.0,1229.0,1232.0,1985.0,1729.0,699.0,887.0,1068.0,1178.0,1192.0,1277.0,1362.0,1358.0,2332.0,2038.0,809.0,1066.0,1311.0,1472.0,1454.0,1582.0,1624.0,1664.0,1913.0,1617.0,867.0,925.0,1000.0,1052.0,1058.0,1119.0,1195.0,1233.0,1905.0,1617.0,589.0,730.0,951.0,1043.0,1058.0,1119.0,1195.0,1233.0,1905.0,1654.0,694.0,828.0,1010.0,1108.0,1146.0,1203.0,1269.0,1299.0,2132.0,1860.0,797.5,985.0,1199.0,1304.0,1358.0,1424.0,1510.5,1521.5,"{""type"":""MultiPoint"",""coordinates"":[]}"
293_0,3,1353.0,1128.5,573.0,686.0,831.5,906.0,920.0,940.0,1014.5,1002.5,1854.5,1575.5,761.5,970.0,1202.5,1273.0,1315.0,1364.0,1456.0,1445.5,1971.0,1734.5,806.5,1027.5,1281.0,1403.0,1365.0,1474.0,1580.0,1521.5,598.0,599.0,673.0,902.0,1029.0,1158.5,980.0,1083.5,1117.0,974.0,295.0,266.0,502.0,788.0,768.0,952.0,836.0,895.0,899.0,742.0,340.0,266.0,451.0,763.0,600.0,966.0,908.0,1019.0,952.0,780.0,1085.0,740.0,538.0,1006.0,546.0,1425.0,2009.0,2182.0,2140.0,1974.0,1632.0,868.0,517.0,1044.0,547.0,1531.0,3432.0,3624.0,3814.0,3636.0,1699.0,829.0,346.0,904.0,325.0,1455.0,4334.0,5130.0,5210.0,5246.0,1551.0,725.0,220.5,744.0,251.5,1261.0,4315.0,5305.5,5329.5,5348.5,1440.0,664.0,120.0,565.0,133.5,1072.5,4052.0,5146.0,5265.5,5361.5,1547.0,1310.0,632.0,798.0,952.0,1035.0,1065.0,1100.0,1194.0,1191.0,1428.0,655.0,166.0,577.0,165.0,1006.0,3730.0,4924.0,4991.0,5035.0,1430.0,655.0,106.0,504.0,142.0,1009.0,3718.0,4852.0,4991.0,5111.0,1513.0,704.0,261.0,737.0,331.0,1265.0,4029.0,4872.0,5107.0,5218.0,1727.0,879.0,425.0,987.0,510.0,1656.0,3862.0,4674.0,4880.0,4982.0,1749.5,909.0,465.0,1082.5,630.5,1822.0,3801.0,4287.0,4657.5,4600.5,1940.5,1057.5,575.5,1296.0,1018.0,2261.5,3646.5,4016.0,4364.0,4414.5,2297.5,1241.5,929.0,1624.0,1523.0,2485.0,3571.5,3937.0,4325.5,4304.5,4424.5,2918.5,1481.0,2039.5,2470.5,3479.0,4027.0,4347.0,4837.5,4911.5,4534.0,2842.0,1543.0,2024.0,2775.0,3338.0,3677.0,3988.0,4526.0,4558.0,3535.5,2313.0,1413.5,1907.0,2675.5,2915.5,3067.5,3354.0,3747.5,3634.0,1555.0,1133.0,615.0,779.0,959.0,1049.0,1076.0,1125.0,1228.0,1222.0,3576.0,2560.0,1111.0,1520.0,2117.0,2729.0,2607.0,2921.0,2738.0,3394.0,2674.0,2139.5,882.5,1135.0,1534.0,1655.5,1739.5,1826.5,2072.0,2044.0,2552.5,2130.0,704.5,969.5,1317.5,1448.5,1540.5,1620.0,1784.5,1805.5,2659.0,2296.5,794.5,1015.0,1349.0,1504.5,1575.5,1683.5,1787.0,1836.0,2185.0,1491.0,594.0,778.0,1111.0,1231.0,1253.0,1390.0,1597.0,1573.0,0.0,0.0,0.0,0.0,0.0,0.0,0.0,0.0,0.0,0.0,2030.0,1779.0,746.0,971.0,1131.0,1281.0,1324.0,1383.0,1481.0,1473.0,1036.0,801.0,482.0,565.0,508.0,655.0,842.0,903.0,975.0,923.0,1579.5,965.5,424.5,712.5,505.5,1001.5,2295.0,2573.5,2753.0,2639.5,1448.0,1012.5,436.0,622.0,599.5,868.5,1576.5,1791.5,1941.5,1845.0,1535.5,1244.0,581.0,689.5,853.0,945.0,1024.5,1106.0,1190.0,1181.0,1777.0,1541.5,685.0,839.0,1021.0,1115.0,1176.5,1232.0,1310.0,1297.0,1760.5,1498.5,694.0,885.0,1095.0,1157.5,1201.5,1257.5,1349.5,1320.5,"{""type"":""MultiPoint"",""coordinates"":[]}"
294_0,3,1507.0,1280.5,742.0,789.5,841.0,1002.5,1093.5,1170.0,1222.0,1247.0,2538.0,2398.0,942.0,1185.0,1495.0,1636.0,1647.0,1711.0,1815.0,1844.0,2512.0,2461.0,911.0,1114.0,1413.0,1546.0,1569.0,1643.0,1712.0,1770.0,687.0,690.0,616.0,771.0,916.5,1044.5,862.5,897.0,790.0,763.0,439.5,411.0,573.0,739.5,734.5,842.5,554.5,665.5,567.0,505.5,372.5,277.0,338.5,613.0,415.0,788.0,709.0,792.0,750.5,596.0,751.0,497.0,324.0,644.0,371.0,898.0,1291.0,1370.0,1285.0,1191.0,915.0,534.0,266.0,593.0,320.0,924.0,1524.0,1673.0,1593.0,1519.0,1145.0,643.0,138.0,396.0,102.0,691.0,2186.0,2703.0,2623.0,2538.0,1385.0,633.5,71.5,325.5,25.5,563.5,2791.5,4105.0,4111.5,4092.5,1302.0,590.0,47.5,271.0,17.0,467.5,2780.5,4409.0,4458.0,4462.5,1761.5,1484.0,740.5,766.5,813.0,994.0,1242.0,1338.0,1452.0,1448.5,1333.5,596.0,55.0,247.5,18.5,460.5,2822.0,4510.5,4605.0,4720.5,1351.5,605.0,154.5,539.5,177.5,951.0,3252.0,4528.0,4679.0,4810.5,1440.0,673.0,509.0,848.0,591.0,1302.0,3395.0,4288.0,4358.0,4567.0,1602.0,842.0,721.0,1100.0,989.0,1835.0,3161.0,3741.0,3869.0,3969.0,1720.0,977.0,615.0,1053.0,990.0,1835.0,2727.0,3104.0,3412.0,3453.0,2217.0,1338.0,676.0,1105.0,1290.0,2049.0,2712.0,2999.0,3290.0,3413.0,4626.5,3256.5,1212.0,1636.0,2260.0,2652.5,2993.5,3250.5,3570.5,3705.0,4835.0,3476.0,1216.0,1661.0,2459.0,2869.0,3113.0,3348.0,3576.0,3583.0,4341.0,3404.0,1267.0,1661.0,2363.0,2697.0,2901.0,3139.0,3550.0,3626.0,4357.5,3364.5,1138.0,1531.5,2206.0,2572.5,2760.0,3041.0,3219.0,3478.0,1610.0,1304.0,374.0,556.0,702.0,918.0,1179.0,1260.0,1372.0,1344.0,4126.0,3261.0,923.0,1239.0,1671.0,2004.0,2138.0,2323.0,2459.0,2699.0,3197.0,3007.0,1038.0,1123.0,1277.0,1518.0,1553.0,1730.0,1865.0,1935.0,2887.0,2709.5,672.5,773.0,976.5,1201.5,1345.5,1515.0,1616.5,1707.0,2868.0,2659.5,649.0,773.5,971.0,1193.0,1370.0,1567.0,1630.0,1723.5,2079.0,1619.0,392.5,590.5,774.5,1080.5,1416.0,1597.0,1755.0,1819.5,0.0,0.0,0.0,0.0,0.0,0.0,0.0,0.0,0.0,0.0,1509.0,1129.0,263.0,453.0,535.0,896.0,1237.0,1313.0,1431.0,1431.0,1891.5,1627.0,904.5,1109.5,1122.5,1411.0,1762.0,1855.0,1961.5,1914.0,1747.5,1307.0,398.5,672.5,690.5,1089.5,1701.0,1843.0,1962.5,1937.5,1783.5,1458.0,502.5,671.5,781.5,1070.0,1411.0,1544.5,1641.0,1672.0,1865.0,1633.0,485.0,641.0,847.0,1040.0,1131.0,1204.0,1309.0,1371.0,2170.5,2075.5,675.5,834.0,1075.5,1206.0,1290.0,1380.5,1488.0,1517.0,2384.0,2309.0,760.0,979.5,1251.5,1375.0,1434.5,1506.0,1626.5,1650.0,"{""type"":""MultiPoint"",""coordinates"":[]}"
295_0,3,4350.5,3948.5,2377.5,2483.0,2767.0,3068.0,3200.5,3303.0,3346.0,3525.0,2758.5,2561.0,905.5,1167.0,1507.0,1672.5,1776.0,1906.0,2009.0,2056.5,2901.0,2754.0,927.0,1163.0,1528.0,1714.0,1779.0,1877.0,2013.0,2052.0,553.0,490.0,404.0,523.5,595.5,744.0,634.5,709.5,702.0,677.0,650.0,552.0,904.0,1020.0,990.0,1203.0,1036.0,1074.0,1083.0,920.0,472.0,346.0,367.0,661.0,515.0,851.0,841.0,935.0,869.0,800.0,813.0,565.0,266.0,514.0,321.0,775.0,1216.0,1330.0,1273.0,1172.0,1455.0,823.0,182.0,587.0,204.0,933.0,2217.0,2607.0,2654.0,2533.0,1455.0,805.0,156.0,442.0,135.0,751.0,2431.0,3089.0,3154.0,3087.0,1370.5,684.0,61.5,326.0,64.0,596.0,2646.0,3660.5,3684.5,3691.0,1368.0,663.5,26.5,312.5,55.5,598.5,2792.0,4001.5,4081.5,4134.0,4234.0,3671.0,1991.5,2171.0,2514.0,2807.0,2829.5,2979.0,3131.0,3186.5,1459.0,713.5,34.5,313.0,48.5,640.5,2976.5,4149.0,4166.5,4282.5,1561.0,752.5,182.0,697.0,237.5,1198.5,3478.0,4433.0,4524.5,4659.0,1654.0,831.0,605.0,982.0,731.0,1549.0,3463.0,4168.0,4213.0,4405.0,1795.0,1007.0,725.0,1187.0,1048.0,1970.0,3204.0,3642.0,3833.0,3943.0,1942.0,1116.0,717.0,1257.0,1127.0,2084.0,2981.0,3338.0,3623.0,3644.0,4245.0,2820.0,1072.0,1607.0,1980.0,2793.0,3192.0,3480.0,3805.0,3975.0,4678.0,3334.5,1252.5,1747.0,2361.5,2831.5,3153.5,3464.0,3765.0,3996.0,4512.0,3284.5,1130.5,1558.0,2181.5,2584.5,2902.0,3209.5,3473.0,3630.0,3934.0,2839.5,1009.0,1392.0,2000.5,2351.0,2671.0,2863.0,3245.0,3274.5,3733.0,2812.0,914.0,1213.0,1592.0,2016.0,2266.0,2474.0,2620.0,2802.0,3560.5,2978.0,809.5,1056.0,1442.0,1674.0,1776.0,1938.5,2189.0,2269.5,3364.5,2615.5,707.5,971.0,1229.0,1535.5,1869.5,2050.0,2169.5,2315.5,3983.0,3475.0,2262.5,2393.5,2551.0,2801.0,3033.0,3164.5,3276.5,3338.0,3456.5,3071.5,1450.0,1608.5,1754.0,2069.0,2416.5,2537.5,2596.5,2824.5,2810.5,2358.0,644.5,797.0,903.0,1214.0,1508.5,1677.0,1797.5,1880.5,2428.0,1909.0,470.0,618.0,723.0,1064.0,1419.0,1526.0,1719.0,1749.0,0.0,0.0,0.0,0.0,0.0,0.0,0.0,0.0,0.0,0.0,3261.0,2547.0,765.0,1084.0,1496.0,1759.0,1900.0,2011.0,2240.0,2376.0,3407.0,2937.0,863.0,1155.0,1496.0,1863.0,1937.0,2143.0,2240.0,2418.0,3407.0,2943.0,931.0,1250.0,1587.0,1963.0,2143.0,2364.0,2529.0,2654.0,3772.0,3074.5,1068.0,1319.5,1630.0,1968.0,2270.0,2466.0,2688.0,2770.0,2856.0,2336.0,782.0,1002.0,1276.0,1531.0,1717.0,1865.5,2024.5,2104.5,2335.0,2147.0,655.0,856.5,1146.0,1277.0,1328.5,1452.0,1565.0,1590.5,2240.0,2129.0,642.0,822.0,1101.0,1219.0,1258.0,1386.0,1510.0,1538.0,"{""type"":""MultiPoint"",""coordinates"":[]}"
296_0,3,1337.0,1124.0,568.0,661.0,816.0,916.0,943.5,963.0,1014.0,1033.5,1730.0,1488.0,704.0,865.0,1054.5,1138.5,1182.5,1261.0,1310.0,1324.5,226.0,185.5,487.5,729.0,705.5,877.0,635.5,672.5,640.5,514.0,253.5,222.0,467.0,706.5,714.5,883.0,700.5,775.5,774.5,686.0,276.0,222.0,474.0,684.0,625.0,861.0,758.0,822.0,808.0,721.0,440.0,338.0,456.0,702.0,601.0,954.0,951.0,992.0,968.0,830.0,1152.0,705.0,473.0,983.0,543.0,1465.0,2652.0,2971.0,2964.0,2580.0,1431.0,736.0,441.0,964.0,503.0,1555.0,3605.0,4120.0,4293.0,3903.0,1452.0,697.0,309.0,789.0,303.0,1359.0,4205.0,5227.0,5307.0,5014.0,1447.5,688.0,227.0,721.5,276.0,1298.5,4179.0,5047.0,5215.5,5104.0,1557.0,735.0,194.5,704.5,235.5,1247.5,4148.5,5118.5,5474.0,5482.5,1569.0,1326.0,660.0,803.0,969.0,1042.0,1045.0,1126.0,1222.0,1212.0,1783.0,854.0,234.0,761.0,270.0,1270.0,4090.0,5088.0,5389.0,5399.0,1741.0,854.0,207.0,766.0,290.0,1302.0,3842.0,4725.0,4966.0,5024.0,1761.0,855.0,268.0,773.0,350.0,1330.0,3812.0,4519.0,4615.0,4719.0,1818.0,928.0,425.0,953.0,522.0,1642.0,3607.0,4152.0,4402.0,4505.0,1839.0,956.5,450.5,1042.5,644.5,1757.0,3509.5,3938.5,4317.5,4312.5,2040.0,1068.0,492.5,1113.0,807.0,1892.5,3327.0,3725.5,4033.0,4101.0,2362.0,1356.0,1357.0,1540.0,1340.0,2236.0,3362.0,3736.0,4022.0,4210.0,4463.5,2886.5,1378.5,1920.0,2695.0,3239.0,3728.5,3986.5,4568.0,4615.0,4397.5,2928.5,1409.0,1973.5,2929.0,3300.0,3688.5,3900.5,4614.0,4581.5,2585.0,1846.0,1005.0,1339.0,1881.0,2015.0,2197.0,2434.0,2695.0,2693.0,1632.0,1200.0,688.0,846.0,1025.0,1115.0,1135.0,1169.0,1265.0,1248.0,2958.0,2307.0,828.0,1092.0,1543.0,1961.0,1894.0,2191.0,2011.0,2327.0,2242.5,1839.0,677.5,837.0,1142.0,1258.0,1338.0,1430.0,1614.5,1614.5,2055.5,1754.5,510.0,657.5,895.0,1011.5,1074.0,1159.5,1261.5,1338.5,2226.0,1897.0,607.0,735.0,999.0,1144.0,1209.0,1296.0,1406.0,1443.0,1805.0,1496.0,431.0,572.0,805.0,912.0,971.0,1059.0,1243.0,1218.0,0.0,0.0,0.0,0.0,0.0,0.0,0.0,0.0,0.0,0.0,2030.0,1821.0,770.0,965.0,1083.0,1238.0,1295.0,1391.0,1465.0,1446.0,1787.0,1439.0,662.0,835.0,823.0,1112.0,1447.0,1528.0,1614.0,1623.0,1553.0,1316.0,483.0,622.5,723.0,889.0,1093.5,1162.0,1256.0,1257.0,1516.0,1462.0,629.0,754.0,868.0,1028.0,1211.0,1295.0,1399.0,1367.0,1317.0,1183.5,558.5,640.5,740.5,803.0,845.0,902.5,922.5,989.0,1654.0,1433.0,704.5,819.0,991.0,1076.0,1114.0,1177.5,1252.0,1244.0,1625.5,1403.5,705.0,863.0,1021.5,1094.5,1137.0,1191.5,1282.0,1246.5,"{""type"":""MultiPoint"",""coordinates"":[]}"
297_0,3,187.0,161.0,171.5,251.0,365.0,435.0,302.0,362.0,402.0,295.0,2029.0,1688.0,682.0,886.0,1070.5,1194.5,1280.0,1386.5,1510.0,1485.0,2026.5,1754.0,721.0,917.5,1127.5,1248.0,1251.5,1333.5,1417.5,1419.5,2203.5,1921.5,861.5,1101.0,1313.5,1427.0,1433.0,1523.0,1589.0,1600.0,2050.0,1823.0,956.0,1219.0,1388.0,1476.0,1480.0,1530.0,1589.0,1595.0,386.0,338.0,922.0,1159.0,1236.0,1328.0,1021.0,1043.0,1022.0,845.0,276.0,226.0,644.0,968.0,959.0,1100.0,849.0,942.0,868.0,728.0,413.0,318.0,701.0,998.0,954.0,1350.0,1134.0,1200.0,1076.0,1031.0,461.0,382.0,539.0,831.0,682.0,1113.0,1256.0,1370.0,1349.0,1165.0,696.0,450.0,289.0,562.0,385.5,1054.0,1761.0,1992.0,1973.0,1803.5,733.5,467.5,232.5,426.0,270.5,720.0,1661.0,1994.5,1940.5,1756.5,217.0,190.0,324.0,361.0,503.0,597.0,455.0,492.0,511.0,402.0,1243.0,632.0,177.0,364.0,214.0,695.0,2312.0,3134.0,3151.0,3062.0,1300.0,660.0,111.0,361.0,172.0,668.0,2570.0,3548.0,3650.0,3558.0,1328.0,671.0,137.0,410.0,181.0,745.0,2822.0,3951.0,3943.0,4023.0,1524.0,758.0,393.0,816.0,476.0,1360.0,3347.0,4003.0,4206.0,4213.0,1531.0,775.0,393.0,878.0,609.0,1540.0,3193.0,3789.0,4102.0,3958.0,1870.5,1074.5,507.0,1023.5,894.0,1897.0,3138.0,3473.0,3851.0,3847.5,2333.0,1474.0,1086.0,1485.0,1537.0,2354.0,2952.0,3282.0,3602.0,3707.0,3547.5,2551.0,1043.5,1460.0,2013.5,2459.0,2733.0,3014.0,3311.5,3368.5,3598.5,2515.5,1024.0,1437.0,2031.5,2457.5,2709.5,2953.0,3286.5,3339.0,3605.0,2601.0,978.0,1373.0,2005.0,2435.0,2636.0,2869.0,3026.0,3162.0,213.0,186.0,324.0,352.0,419.0,452.0,388.0,427.0,464.0,317.0,3605.0,2696.0,897.0,1298.0,1803.0,2184.0,2317.0,2514.0,2562.0,2893.0,3410.5,2587.5,897.0,1167.0,1635.5,1932.0,2079.0,2275.0,2475.5,2586.0,2971.0,2327.5,652.0,857.5,1178.5,1402.0,1512.5,1660.0,1819.0,1873.5,359.0,329.0,415.0,530.0,597.0,674.0,539.0,583.0,611.0,535.0,160.0,128.0,129.0,166.0,202.0,273.0,193.0,223.0,223.0,160.0,0.0,0.0,0.0,0.0,0.0,0.0,0.0,0.0,0.0,0.0,165.0,167.0,141.0,206.0,303.0,373.0,274.0,318.0,341.0,273.0,158.0,152.0,157.0,198.0,294.0,343.0,274.0,330.0,366.0,284.0,880.0,616.0,380.0,531.0,689.0,881.0,943.0,993.0,1130.0,1150.0,991.0,555.0,379.0,537.0,717.0,933.0,1003.0,1129.0,1247.0,1250.0,2263.0,1556.0,663.0,913.0,1121.0,1427.0,1567.0,1676.0,1776.0,1848.0,4001.0,3142.0,1393.0,1729.0,2084.0,2379.0,2552.0,2667.0,2887.0,2894.0,4221.0,3379.0,1608.0,1926.5,2265.5,2525.5,2713.5,2861.0,3162.0,3110.0,"{""type"":""MultiPoint"",""coordinates"":[]}"
298_0,3,1807.0,1478.0,668.5,807.0,1062.5,1167.5,1203.5,1242.5,1368.0,1350.0,2438.5,2143.5,986.5,1274.5,1544.5,1654.5,1697.5,1751.5,1861.5,1850.0,2450.5,2135.5,908.0,1180.0,1454.0,1567.0,1614.5,1687.0,1779.5,1762.5,2533.0,2211.5,967.5,1267.5,1543.0,1680.5,1683.5,1779.0,1844.5,1845.5,558.0,561.0,1053.0,1302.0,1331.0,1423.0,1077.0,1077.0,1027.0,894.0,263.0,265.0,611.0,820.0,881.0,1018.0,839.0,949.0,907.0,808.0,369.0,286.0,611.0,911.0,890.0,1129.0,929.0,1039.0,935.0,852.0,529.0,362.0,542.0,831.0,771.0,1170.0,1223.0,1313.0,1246.0,1107.0,575.0,403.0,474.0,754.0,641.0,1124.0,1287.0,1412.0,1320.0,1177.0,766.5,467.5,299.5,497.0,338.5,857.0,1629.0,1881.0,1661.5,1569.0,1223.5,664.5,237.5,476.5,290.0,868.5,2323.5,2924.5,2795.5,2828.5,2053.0,1741.0,781.0,954.0,1213.0,1303.0,1356.5,1401.5,1500.0,1521.5,1328.0,738.0,233.0,479.0,296.0,845.0,2405.0,3145.0,3076.0,3176.0,1189.0,587.0,137.0,375.0,202.0,707.0,2320.0,3147.0,3054.0,3109.0,1197.0,587.0,137.0,360.0,172.0,664.0,2501.0,3318.0,3351.0,3468.0,1373.0,655.0,313.0,626.0,304.0,975.0,2990.0,3794.0,3831.0,3936.0,1592.0,793.0,362.0,864.0,421.0,1410.0,3476.0,4150.0,4279.0,4229.0,1668.0,874.5,405.5,968.5,498.0,1587.0,3348.5,3809.5,3975.0,4084.0,1821.5,969.0,822.5,1459.0,1251.0,2284.5,3260.0,3681.0,3871.5,3908.5,2230.5,1356.0,827.5,1482.5,1502.0,2603.0,3191.5,3530.5,3797.5,3883.5,3462.0,2463.0,1062.0,1546.0,2218.0,2900.0,3101.0,3407.0,3620.0,3778.0,3215.5,2198.5,938.0,1313.0,1958.0,2311.0,2480.5,2674.5,2869.0,3053.5,1865.0,1553.0,561.0,782.0,1054.0,1144.0,1189.0,1258.0,1367.0,1334.0,3397.0,2458.0,884.0,1263.0,1828.0,2122.0,2314.0,2430.0,2559.0,2774.0,3273.0,2439.5,940.0,1238.5,1721.0,1962.0,2074.0,2239.0,2465.5,2524.0,3047.0,2443.0,797.0,1016.5,1402.0,1607.0,1698.5,1842.0,2048.5,2084.0,2162.0,1708.0,747.0,946.0,1169.0,1329.0,1367.0,1494.0,1598.0,1600.0,1948.0,1529.0,495.0,625.0,876.0,1022.0,1073.0,1174.0,1288.0,1301.0,0.0,0.0,0.0,0.0,0.0,0.0,0.0,0.0,0.0,0.0,1639.0,1385.0,532.0,714.0,914.0,983.0,1014.0,1047.0,1178.0,1161.0,268.0,248.0,210.0,161.0,154.0,171.0,170.0,173.0,178.0,178.0,2127.0,1862.0,760.0,980.0,1195.0,1274.0,1319.0,1388.0,1471.0,1475.0,2144.0,1915.0,935.0,1121.0,1341.0,1425.0,1463.0,1538.0,1682.0,1632.0,1937.0,1630.0,622.0,750.0,985.0,1059.0,1021.0,1079.0,1183.0,1209.0,2028.0,1763.0,707.0,856.0,1070.0,1178.0,1201.0,1294.0,1381.0,1380.0,2160.0,1894.5,781.0,974.5,1207.0,1311.5,1349.0,1425.0,1540.0,1517.0,"{""type"":""MultiPoint"",""coordinates"":[]}"
299_0,3,671.5,561.5,343.0,419.5,546.5,716.0,620.5,639.0,719.5,628.5,2149.0,1731.5,712.5,948.0,1098.0,1358.0,1622.0,1797.5,1953.5,1931.5,2308.0,1920.5,781.5,1019.0,1214.0,1430.0,1626.5,1722.0,1871.5,1895.5,2524.5,2160.0,955.5,1232.0,1466.0,1634.5,1745.0,1823.5,1955.0,1994.0,2275.0,2022.0,1061.0,1309.0,1528.0,1676.0,1654.0,1704.0,1774.0,1805.0,1549.0,1410.0,1061.0,1273.0,1426.0,1604.0,1411.0,1547.0,1552.0,1416.0,1183.0,1095.0,959.0,1243.0,1347.0,1604.0,1545.0,1538.0,1585.0,1547.0,1311.0,1037.0,957.0,1235.0,1303.0,1610.0,1573.0,1675.0,1690.0,1605.0,1353.0,1145.0,833.0,1128.0,1114.0,1471.0,2016.0,2156.0,2152.0,2017.0,1772.5,1237.5,636.0,950.0,861.0,1361.0,2511.0,2799.0,2812.0,2798.0,1749.5,1212.0,714.0,1022.5,1051.0,1287.5,2223.0,2598.0,2691.0,2706.0,825.0,763.0,454.0,578.0,709.0,861.0,828.0,863.0,957.0,852.0,1888.0,1305.0,744.0,985.0,1031.0,1343.0,2345.0,2715.0,2818.0,2951.0,1909.0,1305.0,673.0,985.0,1028.0,1343.0,2351.0,2985.0,2984.0,3086.0,1909.0,1284.0,657.0,948.0,965.0,1314.0,2439.0,2985.0,3129.0,3306.0,1922.0,1232.0,758.0,1099.0,1061.0,1636.0,2568.0,2936.0,3119.0,3220.0,1932.0,1253.0,762.0,1136.0,1091.0,1673.0,2494.0,2772.0,2907.0,3030.0,2090.5,1369.0,757.5,1144.0,1196.0,1718.5,2486.0,2738.5,2896.5,2972.0,2488.0,1711.0,1108.0,1502.0,1624.0,2055.0,2537.0,2711.0,2918.0,3011.0,3129.0,2300.5,1096.5,1486.0,1914.0,2249.5,2505.5,2613.5,2879.0,3027.0,3250.0,2391.0,1080.0,1460.5,1934.0,2334.0,2529.5,2701.5,2895.5,2998.5,3048.0,2227.0,891.0,1225.0,1702.0,2057.0,2359.0,2440.0,2438.0,2775.0,643.0,543.0,498.0,578.0,709.0,861.0,780.0,768.0,903.0,848.0,3062.0,2270.0,867.0,1208.0,1600.0,1846.0,2118.0,2301.0,2214.0,2512.0,2971.5,2157.0,855.0,1110.5,1438.5,1698.5,1844.5,1973.0,2114.0,2275.0,2555.0,2012.5,633.5,835.0,1074.0,1293.5,1407.0,1544.5,1614.0,1697.0,900.0,868.0,598.0,714.0,893.0,1020.0,1002.0,1076.0,1046.0,1027.0,591.0,533.0,310.0,414.0,468.0,630.0,626.0,596.0,654.0,643.0,0.0,0.0,0.0,0.0,0.0,0.0,0.0,0.0,0.0,0.0,807.0,726.0,470.0,562.0,677.0,758.0,884.0,874.0,923.0,900.0,978.0,914.0,480.0,577.0,702.0,810.0,861.0,1004.0,923.0,900.0,1725.0,1261.0,608.0,852.0,1029.0,1223.0,1374.0,1428.0,1630.0,1619.0,1697.0,1041.0,531.0,692.0,882.0,1149.0,1362.0,1416.0,1617.0,1656.0,2540.0,1903.0,721.0,1021.0,1179.0,1548.0,1932.0,2064.0,2151.0,2113.0,3364.0,2695.0,1211.0,1492.0,1757.0,2192.0,2579.0,2660.0,2782.0,2915.0,3570.5,2710.0,1220.0,1539.0,1766.5,2068.0,2520.5,2708.0,2917.5,2939.5,"{""type"":""MultiPoint"",""coordinates"":[]}"
300_0,3,1225.5,1041.5,497.5,597.0,723.0,785.0,820.0,847.0,897.5,909.0,1674.0,1453.0,708.5,846.5,1007.0,1102.0,1156.5,1202.5,1262.5,1265.5,222.0,231.0,346.5,554.0,580.5,657.0,420.0,503.5,489.0,399.0,221.5,229.0,357.0,582.5,631.5,734.5,477.0,540.5,531.5,417.0,257.0,182.0,418.0,614.0,616.0,734.0,610.0,651.0,617.0,560.0,421.0,356.0,473.0,738.0,633.0,960.0,946.0,986.0,924.0,795.0,1157.0,716.0,501.0,957.0,587.0,1473.0,2545.0,2478.0,2369.0,2418.0,1506.0,815.0,550.0,1086.0,646.0,1821.0,3798.0,4060.0,3946.0,3979.0,1505.0,773.0,439.0,993.0,522.0,1638.0,4080.0,4536.0,4276.0,4436.0,1442.0,703.0,324.0,836.0,407.0,1442.0,3870.0,4560.0,4439.0,4786.5,1413.0,657.0,234.0,675.5,304.5,1219.5,3695.0,4620.0,4503.5,4762.5,1467.0,1258.0,623.0,748.0,886.0,978.0,980.0,1003.0,1127.0,1113.0,1434.0,672.0,241.0,682.0,315.0,1186.0,3512.0,4429.0,4290.0,4568.0,1452.0,680.0,189.0,617.0,238.0,1114.0,3537.0,4429.0,4368.0,4598.0,1558.0,736.0,276.0,720.0,340.0,1228.0,3765.0,4577.0,4606.0,4831.0,1699.0,845.0,407.0,891.0,471.0,1568.0,3612.0,4236.0,4501.0,4540.0,1715.0,871.0,425.0,960.0,567.5,1673.5,3476.5,3962.5,4301.0,4345.0,1908.5,1045.5,473.0,1049.0,787.5,1900.5,3403.5,3812.0,4011.0,4172.0,2292.0,1328.0,1240.0,1440.0,1263.0,2358.0,3490.0,3851.0,4012.0,4202.0,4339.5,2876.5,1391.0,1922.0,2596.5,3375.5,3739.0,4079.5,4435.0,4537.5,4287.5,2955.5,1414.0,1940.0,2731.0,3379.0,3642.5,4053.5,4351.0,4537.0,3446.0,2487.0,1088.0,1461.0,1970.0,2352.0,2568.0,2631.0,2594.0,2937.0,1553.0,1361.0,689.0,818.0,959.0,999.0,1040.0,1074.0,1148.0,1143.0,3230.0,2371.0,1063.0,1441.0,1935.0,2083.0,2393.0,2263.0,2533.0,2657.0,2305.0,1857.0,639.0,809.0,1073.0,1332.0,1366.0,1475.5,1482.0,1615.0,2113.0,1797.0,538.5,701.0,957.0,1121.0,1178.5,1266.5,1357.5,1402.0,2310.0,2004.0,646.0,827.0,1113.0,1271.0,1337.0,1400.0,1552.0,1616.0,1850.0,1530.0,476.0,612.0,844.0,966.0,1050.0,1160.0,1239.0,1286.0,0.0,0.0,0.0,0.0,0.0,0.0,0.0,0.0,0.0,0.0,2253.0,2073.0,844.0,1027.0,1167.0,1384.0,1461.0,1515.0,1612.0,1628.0,2129.0,1855.0,820.0,1026.0,1075.0,1287.0,1535.0,1623.0,1673.0,1724.0,1683.5,1390.0,560.5,732.5,795.0,934.5,1381.5,1453.5,1511.5,1500.0,1693.0,1463.0,651.0,774.0,870.0,989.0,1084.0,1230.0,1311.0,1246.0,1406.0,1222.5,511.5,607.0,728.5,769.5,786.0,841.0,915.5,936.5,1574.0,1354.0,630.0,778.0,914.0,930.0,966.0,1027.0,1123.0,1163.0,1571.5,1383.0,668.5,814.5,946.0,1022.5,1051.5,1105.5,1169.5,1155.0,"{""type"":""MultiPoint"",""coordinates"":[]}"
301_0,3,2062.0,1619.5,681.0,832.5,1090.0,1235.0,1293.0,1411.5,1456.5,1502.0,2377.5,1958.0,753.0,997.0,1262.0,1364.0,1468.0,1555.5,1657.5,1701.0,2575.5,2189.5,869.0,1125.5,1434.5,1549.5,1583.5,1684.5,1757.0,1796.0,2717.5,2300.5,944.0,1223.5,1526.0,1688.5,1706.5,1828.5,1894.0,1920.0,592.0,453.0,739.0,967.0,978.0,1222.0,1079.0,1132.0,1168.0,1005.0,592.0,453.0,645.0,917.0,978.0,1222.0,1079.0,1132.0,1168.0,1005.0,582.0,399.0,525.0,822.0,770.0,1039.0,1110.0,1211.0,1173.0,1069.0,888.0,716.0,560.0,888.0,676.0,1123.0,1469.0,1598.0,1499.0,1460.0,1794.0,898.0,391.0,796.0,418.0,1133.0,3336.0,4072.0,3882.0,3898.0,1961.0,997.0,257.0,668.5,297.5,1171.5,3552.5,4500.5,4559.5,4806.0,1731.0,847.5,129.5,433.5,191.5,822.5,3210.0,4290.5,4429.5,4648.5,2250.0,1828.0,717.0,911.0,1142.0,1310.0,1370.0,1434.0,1529.0,1602.0,1636.0,806.0,165.0,447.0,209.0,742.0,3105.0,4389.0,4246.0,4535.0,1636.0,780.0,73.0,472.0,194.0,876.0,3393.0,4747.0,4713.0,4859.0,1650.0,811.0,306.0,794.0,451.0,1347.0,3682.0,4875.0,4920.0,5146.0,1915.0,943.0,474.0,994.0,691.0,1786.0,3849.0,4762.0,4773.0,4996.0,2008.0,1131.0,525.0,1048.0,931.0,1963.0,3712.0,4236.0,4402.0,4530.0,2518.0,1510.0,661.5,1223.0,1278.0,2341.0,3639.0,4069.5,4174.5,4530.5,2920.0,1769.0,924.5,1418.0,1618.0,2709.0,3716.5,4145.0,4333.0,4604.5,4179.0,2855.5,1218.0,1718.5,2297.0,3053.5,3635.0,3954.5,4167.0,4396.5,3738.0,2745.0,1210.0,1627.0,2288.0,2911.0,3027.0,3312.0,3438.0,3647.0,3790.0,2649.5,1157.5,1613.5,2393.0,2924.5,3043.5,3144.0,3369.5,3823.0,2143.0,1706.0,821.0,897.0,1083.0,1238.0,1255.0,1346.0,1437.0,1501.0,3377.0,2400.0,972.0,1364.0,1919.5,2249.5,2462.0,2555.0,2750.5,2901.0,3164.0,2275.0,954.5,1244.5,1646.0,1938.5,2114.0,2288.0,2396.0,2586.5,2934.0,2209.5,728.0,956.5,1286.0,1442.5,1632.0,1713.0,1881.5,1956.0,2933.5,2279.5,793.5,984.5,1321.5,1476.5,1574.0,1685.5,1897.0,1997.0,1845.0,1273.0,496.0,607.0,873.0,992.0,1040.0,1122.0,1228.0,1258.0,0.0,0.0,0.0,0.0,0.0,0.0,0.0,0.0,0.0,0.0,1992.5,1614.5,695.0,854.0,1059.5,1171.0,1209.5,1292.5,1360.0,1418.5,2069.0,1706.0,691.0,784.0,987.0,1072.0,1095.0,1166.0,1260.0,1257.0,2415.0,2049.0,756.0,966.0,1206.0,1344.0,1348.0,1432.0,1526.0,1596.0,2512.0,2174.0,1004.0,1186.0,1367.0,1496.0,1553.0,1646.0,1838.0,1770.0,2088.0,1698.0,671.0,807.0,1004.0,1132.5,1144.5,1203.5,1279.5,1348.0,2439.0,2046.0,841.0,985.0,1184.0,1313.0,1469.0,1519.0,1598.0,1661.0,2400.5,1960.0,843.0,1029.0,1209.5,1388.0,1572.5,1671.0,1771.5,1798.5,"{""type"":""MultiPoint"",""coordinates"":[]}"
302_0,3,3660.5,3322.0,2270.5,2417.0,2638.5,2885.5,2993.5,3096.5,3084.5,3293.5,2573.0,2282.0,756.0,982.0,1276.0,1442.0,1518.0,1596.0,1698.0,1817.0,2651.0,2432.0,829.0,1025.0,1324.0,1561.0,1518.0,1712.0,1698.0,1864.0,2459.0,2305.5,780.5,1010.5,1308.5,1469.0,1542.0,1630.5,1672.0,1741.5,1046.0,913.0,357.0,529.0,600.0,878.0,649.0,805.0,661.0,796.0,1201.0,920.0,445.0,640.0,715.0,911.0,757.0,848.0,846.0,988.0,1394.0,1068.0,448.0,721.0,697.0,1080.0,1296.0,1393.0,1407.0,1359.0,2502.0,1734.0,534.0,846.0,873.0,1338.0,1969.0,2010.0,1997.0,2150.0,1450.0,1041.0,402.0,626.0,585.0,942.0,1529.0,1728.0,1663.0,1687.0,1218.0,739.5,136.5,277.0,205.0,580.0,1315.5,1656.0,1517.5,1616.0,1492.0,841.5,151.0,299.0,200.0,584.5,1820.0,2567.5,2628.5,2635.5,2938.0,2497.0,1030.5,1011.0,1228.5,1419.0,1511.5,1640.5,1847.5,1857.0,1576.5,853.0,136.5,310.0,182.0,566.0,2161.0,3308.0,3387.0,3497.0,1227.5,607.5,82.5,245.0,109.0,517.5,2289.0,3425.0,3584.0,3604.5,1228.0,607.0,445.0,656.0,477.0,931.0,2510.0,3544.0,3755.0,3804.0,1566.0,862.0,592.0,917.0,674.0,1366.0,2944.0,3687.0,3887.0,3926.0,1566.0,907.0,505.0,887.0,674.0,1366.0,2808.0,3485.0,3797.0,3702.0,1803.0,1071.0,445.0,877.0,890.0,1628.0,2670.0,3134.0,3424.0,3580.0,3903.0,2735.0,1134.0,1620.0,2182.5,2674.0,3004.5,3313.5,3646.0,3738.5,4310.5,3074.0,1231.5,1692.5,2400.0,2841.0,3137.5,3436.5,3815.5,3860.5,4134.0,2919.0,1132.0,1613.0,2384.0,2720.0,2996.0,3275.0,3706.0,3687.0,4271.0,3144.5,1234.5,1669.5,2423.0,2780.5,2988.5,3297.5,3572.0,3859.0,3356.0,2893.0,739.5,936.0,1284.5,1470.0,1589.5,1724.5,1905.0,1931.0,3675.5,2981.0,930.0,1263.5,1757.5,2001.5,2176.5,2312.0,2555.5,2705.0,4269.5,3701.0,2222.5,2446.0,2766.0,2995.0,3085.0,3224.5,3412.5,3423.0,3340.5,2892.5,896.5,1039.0,1342.5,1523.5,1640.5,1754.5,1960.5,1979.0,3240.5,2844.5,867.5,1010.5,1288.0,1480.5,1572.5,1699.5,1896.0,1926.0,2287.0,1760.5,541.5,720.0,996.0,1190.0,1301.0,1415.5,1612.0,1621.5,0.0,0.0,0.0,0.0,0.0,0.0,0.0,0.0,0.0,0.0,3754.0,3114.0,903.0,1209.0,1714.0,2009.0,2035.0,2211.0,2391.0,2493.0,3981.0,3453.0,1259.0,1479.0,1716.0,2031.0,2153.0,2361.0,2391.0,2544.0,3592.0,3023.0,1000.0,1286.0,1665.0,1865.0,2080.0,2250.0,2365.0,2544.0,2163.0,1907.0,596.0,738.0,975.0,1162.0,1183.0,1322.5,1351.5,1403.5,2437.0,2069.0,664.0,822.0,1096.0,1313.0,1235.0,1413.0,1439.0,1452.0,2342.5,2116.0,604.5,783.5,1071.5,1172.0,1263.0,1392.0,1443.0,1502.0,2449.0,2178.0,690.0,890.5,1149.5,1281.5,1457.0,1509.5,1615.5,1738.5,"{""type"":""MultiPoint"",""coordinates"":[]}"
303_0,3,1591.0,1332.5,513.0,648.5,860.5,920.5,957.5,1016.0,1135.0,1133.0,2214.0,1932.5,801.5,1062.5,1307.0,1414.5,1444.0,1541.0,1631.5,1612.5,2336.5,2061.5,855.0,1114.0,1371.5,1477.5,1515.0,1581.0,1671.5,1676.0,2255.5,2013.5,854.0,1092.5,1333.0,1430.5,1468.5,1537.0,1611.5,1609.0,344.0,332.0,880.0,1090.0,1150.0,1268.0,955.0,954.0,949.0,768.0,344.0,332.0,800.0,1090.0,1150.0,1268.0,1053.0,1168.0,1140.0,1000.0,338.0,240.0,696.0,937.0,931.0,1255.0,1074.0,1168.0,1140.0,1000.0,770.0,635.0,662.0,986.0,918.0,1468.0,1484.0,1677.0,1529.0,1421.0,831.0,580.0,556.0,789.0,736.0,1179.0,1714.0,1839.0,1712.0,1702.0,826.0,537.5,323.0,565.0,488.5,948.5,1562.5,1798.0,1600.5,1607.0,1135.0,653.5,236.5,474.5,287.0,861.5,2183.0,2661.0,2623.5,2604.0,1798.0,1546.0,638.0,781.0,977.0,1085.0,1063.0,1179.0,1250.0,1237.0,1304.0,673.0,198.0,463.0,245.0,851.0,2342.0,2988.0,2852.0,2808.0,1229.0,613.0,70.0,312.0,116.0,642.0,2402.0,3379.0,3202.0,3184.0,1229.0,613.0,81.0,321.0,116.0,630.0,2689.0,3732.0,3692.0,3759.0,1502.0,748.0,281.0,626.0,297.0,1041.0,3282.0,4191.0,4219.0,4276.0,1613.0,785.0,341.5,818.0,396.0,1307.5,3439.5,4246.0,4561.5,4500.5,1594.0,866.5,360.0,862.0,499.5,1508.0,3229.5,3697.0,3858.5,3881.5,1796.0,925.0,670.0,1285.0,1028.0,2056.0,3247.0,3610.0,3768.0,3860.0,2171.0,1304.5,756.5,1417.5,1348.5,2446.0,3368.5,3709.5,3975.5,3978.0,3331.5,2315.0,978.5,1522.5,1933.0,2486.5,2799.5,3024.5,3398.0,3404.5,1952.0,1374.0,571.0,878.0,1276.0,1571.0,1625.0,1717.0,1820.0,1931.0,1687.0,1429.0,439.0,629.0,855.0,940.0,1010.0,1079.0,1192.0,1158.0,2524.0,1942.0,718.0,989.0,1360.0,1600.0,1666.0,1812.0,1851.0,2010.0,2524.5,1950.0,799.5,1029.0,1387.0,1592.0,1657.5,1799.5,1883.5,1975.5,2222.5,1798.0,626.5,809.5,1055.5,1209.5,1284.5,1360.5,1458.5,1520.5,2323.0,1956.0,713.0,863.0,1110.0,1264.0,1335.0,1435.0,1495.0,1604.0,1972.0,1425.0,530.0,662.0,904.0,1012.0,1107.0,1180.0,1312.0,1332.0,0.0,0.0,0.0,0.0,0.0,0.0,0.0,0.0,0.0,0.0,1492.0,1214.0,452.0,634.0,802.0,853.0,932.0,939.0,1058.0,1080.0,1748.0,1520.0,557.0,700.0,882.0,961.0,1038.0,1087.0,1138.0,1154.0,2019.0,1749.0,663.0,872.0,1103.0,1175.0,1257.0,1318.0,1419.0,1440.0,2192.0,1932.0,850.0,1042.0,1250.0,1324.0,1367.0,1478.0,1618.0,1547.0,1482.0,1243.0,516.0,664.0,856.0,943.0,936.0,994.0,1121.0,1043.0,1941.0,1673.5,654.5,830.5,1036.5,1126.0,1170.5,1245.0,1339.5,1304.0,2037.0,1773.0,737.5,930.0,1157.0,1245.5,1281.0,1345.5,1458.5,1449.5,"{""type"":""MultiPoint"",""coordinates"":[]}"
304_0,3,991.0,835.0,345.5,392.5,477.5,539.5,533.0,583.5,627.0,618.0,1857.5,1620.5,741.5,948.0,1093.0,1179.0,1210.5,1267.0,1344.5,1336.0,2018.5,1760.0,780.5,1009.5,1155.0,1254.0,1290.0,1353.0,1407.5,1428.0,2507.0,2200.5,1161.5,1429.0,1614.0,1758.5,1770.0,1844.0,1881.0,1908.5,2622.0,2303.0,1233.0,1470.0,1662.0,1825.0,1840.0,1921.0,2010.0,1983.0,2571.0,2306.0,1233.0,1470.0,1662.0,1825.0,1840.0,1921.0,2010.0,1983.0,1491.0,1395.0,1296.0,1609.0,1784.0,1938.0,1941.0,2016.0,1678.0,2041.0,349.0,295.0,808.0,1071.0,1146.0,1243.0,1032.0,1084.0,1076.0,956.0,340.0,249.0,720.0,1017.0,1061.0,1291.0,1032.0,1137.0,1044.0,946.0,295.0,223.0,653.0,956.5,1001.0,1202.5,861.5,941.5,844.5,752.5,392.0,263.5,579.5,874.0,898.5,1089.0,937.5,1013.5,937.0,831.0,1229.0,1066.0,467.5,577.0,674.5,734.0,752.5,780.5,858.5,835.5,922.0,534.0,409.0,715.0,649.0,977.0,1559.0,1935.0,1681.0,1721.0,1049.0,567.0,206.0,460.0,295.0,744.0,1791.0,2251.0,2110.0,2281.0,1180.0,590.0,206.0,416.0,250.0,704.0,2232.0,3080.0,2902.0,3027.0,1383.0,705.0,304.0,538.0,312.0,885.0,2611.0,3357.0,3301.0,3406.0,1383.0,705.0,306.0,663.0,385.0,1162.0,2676.0,3202.0,3301.0,3329.0,1426.5,783.5,384.0,776.0,548.5,1442.0,2686.0,3144.5,3112.5,3171.5,1727.0,1032.0,769.0,1170.0,1257.0,1951.0,2704.0,3061.0,3248.0,3290.0,2250.5,1426.0,703.5,1117.5,1341.5,1997.5,2650.0,2915.0,3194.5,3265.0,2614.0,1826.0,772.5,1253.0,1613.5,2251.0,2618.0,2870.5,3207.0,3226.5,2874.0,1945.0,902.0,1333.0,1929.0,2337.0,2469.0,2719.0,2874.0,3019.0,1266.0,1117.0,522.0,613.0,706.0,753.0,776.0,805.0,882.0,846.0,3413.0,2564.0,1010.0,1387.0,1922.0,2287.0,2375.0,2579.0,2672.0,2840.0,3297.0,2457.5,1048.0,1350.5,1805.5,2126.0,2232.0,2405.0,2556.0,2704.0,2928.0,2286.5,801.5,1040.0,1383.5,1571.0,1686.5,1818.0,1993.5,2050.0,3036.0,2438.0,885.0,1084.0,1392.0,1596.0,1707.0,1832.0,1975.0,2081.0,2553.0,1673.0,700.0,902.0,1200.0,1373.0,1457.0,1586.0,1776.0,1817.0,593.0,385.0,457.0,452.0,478.0,553.0,606.0,656.0,701.0,730.0,2185.0,1951.0,785.0,1022.0,1240.0,1343.0,1370.0,1455.0,1532.0,1546.0,1539.0,1266.0,767.0,869.0,978.0,1005.0,982.0,1021.0,1222.0,1047.0,2367.0,2147.0,936.0,1220.0,1418.0,1533.0,1556.0,1617.0,1717.0,1736.0,2111.0,1914.0,1122.0,1373.0,1570.0,1672.0,1727.0,1769.0,1771.0,1868.0,1626.5,1377.5,525.5,670.0,818.5,887.0,893.0,938.0,1013.0,1025.0,1667.0,1474.0,680.0,803.0,922.0,1005.0,1025.0,1083.0,1142.0,1143.0,1735.0,1520.0,687.5,850.5,971.0,1049.5,1079.5,1135.0,1214.5,1195.5,"{""type"":""MultiPoint"",""coordinates"":[]}"
305_0,3,1965.0,1621.5,620.5,758.0,1031.0,1127.5,1141.5,1232.5,1371.0,1416.5,2271.0,1973.5,888.5,1128.0,1390.0,1504.0,1523.0,1571.0,1702.0,1674.0,2349.0,2027.0,862.0,1106.5,1376.5,1482.5,1515.5,1596.0,1705.0,1707.0,2044.0,1790.5,827.5,1070.0,1319.0,1409.5,1433.0,1520.0,1605.0,1582.5,287.0,196.0,604.0,766.0,827.0,1011.0,957.0,1031.0,1052.0,952.0,373.0,292.0,565.0,736.0,805.0,1011.0,957.0,1038.0,1077.0,1017.0,724.0,464.0,565.0,730.0,686.0,1031.0,1490.0,1564.0,1422.0,1483.0,1139.0,676.0,454.0,694.0,412.0,1031.0,2280.0,2542.0,2529.0,2461.0,1373.0,671.0,261.0,546.0,300.0,986.0,3103.0,3800.0,3976.0,4114.0,1644.0,868.0,251.0,547.0,404.0,1084.0,2885.5,3545.5,3773.0,3924.5,1720.0,884.5,175.0,439.5,310.5,896.5,2728.0,3605.5,3829.5,3959.5,2206.0,1884.0,707.0,871.0,1138.0,1267.0,1297.0,1411.0,1504.0,1533.0,1726.0,868.0,196.0,449.0,308.0,863.0,2962.0,3711.0,3811.0,4062.0,1731.0,852.0,164.0,590.0,293.0,1095.0,3252.0,4064.0,4261.0,4390.0,1790.0,897.0,302.0,791.0,504.0,1434.0,3479.0,4223.0,4294.0,4495.0,1932.0,1017.0,500.0,1048.0,800.0,1900.0,3407.0,3972.0,4125.0,4239.0,2078.5,1166.0,574.0,1117.0,1006.0,1981.0,3148.0,3534.5,3898.5,3931.5,2382.5,1419.5,633.5,1146.5,1266.0,2065.0,2932.0,3252.5,3569.0,3695.5,3200.0,2072.5,940.0,1344.0,1620.0,2281.5,2866.5,3193.0,3539.5,3641.5,3959.0,2682.0,974.0,1346.0,1953.0,2372.5,2661.0,3019.0,3437.5,3473.5,3745.5,2650.0,903.0,1352.0,1994.0,2321.0,2548.5,2912.0,3349.0,3321.0,2658.0,2046.0,796.0,1092.0,1586.0,1850.0,1975.0,2147.0,2236.0,2334.0,2183.0,1843.5,657.5,823.0,1122.5,1238.5,1253.5,1341.0,1517.5,1516.5,2716.5,2072.0,831.0,1132.5,1626.5,1874.0,1983.5,2140.5,2250.0,2310.5,2667.0,2037.0,953.5,1213.0,1652.0,1845.5,1947.0,2065.5,2263.0,2257.0,2374.5,1898.5,698.0,897.0,1217.0,1375.5,1438.0,1588.0,1718.5,1762.5,2458.5,1960.0,737.0,910.0,1231.5,1381.0,1479.5,1567.0,1695.5,1748.0,2116.0,1440.0,606.0,755.0,1047.0,1159.0,1191.0,1321.0,1525.0,1479.0,0.0,0.0,0.0,0.0,0.0,0.0,0.0,0.0,0.0,0.0,1892.0,1594.0,578.0,735.0,953.0,1022.0,1031.0,1101.0,1236.0,1249.0,1898.0,1644.0,587.0,670.0,897.0,976.0,950.0,1013.0,1125.0,1138.0,2161.0,1853.0,703.5,880.5,1107.5,1191.5,1206.5,1282.0,1422.5,1416.5,2172.0,1791.0,645.0,769.0,1034.0,1092.0,1040.0,1123.0,1263.0,1299.0,2227.0,1838.0,741.0,854.0,1090.0,1186.0,1185.5,1248.5,1410.5,1404.0,2038.0,1786.0,703.0,844.0,1060.0,1148.0,1187.0,1254.0,1376.0,1381.0,2036.0,1809.0,703.0,867.0,1060.0,1157.0,1199.0,1271.0,1408.0,1394.0,"{""type"":""MultiPoint"",""coordinates"":[]}"
306_0,3,99.0,97.0,135.5,186.0,271.5,370.5,215.0,229.0,218.0,176.5,1987.5,1662.5,717.0,918.5,1111.5,1197.0,1255.0,1340.5,1423.5,1440.0,1950.0,1690.5,768.0,958.0,1141.5,1237.5,1244.0,1325.5,1394.5,1408.0,2130.5,1857.5,908.0,1133.5,1322.5,1425.5,1434.5,1500.0,1568.0,1579.5,2131.0,1916.0,1103.0,1331.0,1506.0,1619.0,1634.0,1706.0,1793.0,1767.0,1484.0,1459.0,1240.0,1470.0,1640.0,1759.0,1721.0,1832.0,1737.0,1780.0,188.0,155.0,671.0,1008.0,905.0,1116.0,634.0,680.0,579.0,412.0,388.0,340.0,671.0,1008.0,905.0,1184.0,953.0,1032.0,888.0,775.0,386.0,278.0,421.0,672.0,554.0,1045.0,910.0,964.0,888.0,774.0,405.0,283.5,204.0,445.0,322.0,916.0,1209.0,1397.0,1231.0,1125.0,458.0,294.0,144.0,284.5,161.0,640.5,1149.5,1421.0,1240.0,1070.5,144.0,124.0,364.0,497.0,493.0,592.0,466.0,463.0,476.0,422.0,780.0,449.0,124.0,266.0,173.0,517.0,1611.0,2002.0,1820.0,1808.0,1005.0,529.0,80.0,266.0,116.0,524.0,2089.0,2778.0,2685.0,2663.0,1181.0,568.0,166.0,371.0,185.0,663.0,2474.0,3306.0,3271.0,3371.0,1391.0,696.0,335.0,695.0,378.0,1115.0,2913.0,3535.0,3612.0,3598.0,1393.0,700.0,342.0,761.0,526.0,1360.0,2809.0,3262.0,3516.0,3474.0,1813.5,1072.5,484.0,942.5,931.5,1732.5,2688.5,2999.5,3219.0,3298.0,2653.5,1717.5,1025.0,1398.5,1642.0,2097.0,2595.0,2879.0,3042.0,3187.5,3268.5,2368.0,991.5,1364.5,1867.0,2199.5,2389.5,2604.5,2900.0,2942.0,3306.5,2397.5,977.0,1379.5,1907.5,2211.5,2414.0,2632.5,2931.5,2952.0,3161.0,2135.0,897.0,1287.0,1843.0,2132.0,2274.0,2483.0,2653.0,2768.0,144.0,124.0,438.0,618.0,592.0,652.0,376.0,392.0,362.0,268.0,3148.0,2350.0,833.0,1184.0,1663.0,1962.0,2071.0,2199.0,2309.0,2496.0,3028.5,2286.0,797.0,1083.5,1508.0,1729.5,1846.0,2002.0,2191.0,2289.0,2510.5,2031.0,607.5,773.5,1069.5,1250.0,1296.0,1439.5,1547.0,1603.5,425.0,315.0,423.0,508.0,642.0,776.0,642.0,668.0,658.0,616.0,124.0,100.0,85.0,154.0,210.0,285.0,146.0,184.0,176.0,137.0,0.0,0.0,0.0,0.0,0.0,0.0,0.0,0.0,0.0,0.0,81.0,86.0,126.0,243.0,308.0,368.0,195.0,204.0,188.0,114.0,84.0,86.0,143.0,184.0,267.0,332.0,162.0,192.0,178.0,117.0,679.0,448.0,357.0,509.0,643.0,771.0,834.0,900.0,1024.0,1032.0,838.0,540.0,405.0,583.0,750.0,972.0,1010.0,1105.0,1188.0,1231.0,2458.0,1716.0,816.0,1100.0,1348.0,1568.0,1604.0,1683.0,1900.0,1936.0,3887.0,3097.0,1537.0,1801.0,2142.0,2315.0,2356.0,2552.0,2794.0,2728.0,4023.5,3256.0,1616.0,1927.5,2273.5,2426.5,2553.0,2689.0,2911.5,2887.0,"{""type"":""MultiPoint"",""coordinates"":[]}"
307_0,3,1669.0,1303.5,500.0,653.0,864.5,995.5,1083.5,1202.5,1286.0,1297.5,2227.0,1854.5,924.0,1204.0,1414.5,1528.5,1636.5,1690.5,1766.5,1806.0,2246.5,1869.5,939.0,1204.0,1404.0,1593.0,1652.5,1768.5,1813.5,1839.5,2145.5,1833.5,958.5,1215.0,1400.0,1603.0,1654.0,1748.0,1794.0,1828.5,1358.5,1185.0,832.5,1103.5,1197.5,1542.5,1364.0,1549.0,1418.0,1367.5,1392.5,1191.5,886.0,1202.0,1289.5,1528.0,1563.0,1513.0,1608.5,1592.0,1350.0,1086.0,837.5,1193.5,1241.0,1504.5,1577.0,1655.5,1674.0,1619.0,1459.5,1060.0,705.5,1012.0,1015.5,1416.5,1544.0,1709.5,1578.5,1562.5,1495.5,1132.5,704.5,1003.0,993.5,1497.5,1868.5,2034.0,2077.5,1964.5,1889.5,1315.5,712.0,1013.5,1031.5,1380.5,2182.5,2452.5,2491.0,2426.5,1923.5,1337.5,661.5,965.0,1010.5,1423.5,2183.5,2642.0,2705.5,2606.5,1937.0,1530.0,602.5,814.0,1012.0,1156.5,1231.0,1320.0,1398.0,1446.5,1959.5,1299.5,637.5,923.0,961.0,1391.0,2511.5,3151.0,3196.0,3274.0,1942.5,1312.0,611.0,923.0,990.0,1412.5,2569.0,3151.0,3369.0,3437.5,1995.5,1279.5,601.0,882.5,938.5,1399.0,2531.5,3023.5,3205.5,3386.5,2006.5,1279.0,728.5,1105.5,1056.0,1673.0,2594.0,3051.0,3199.0,3185.5,2147.0,1425.5,737.5,1137.0,1196.0,1800.5,2480.0,2791.0,3136.0,3135.5,2301.0,1623.0,782.0,1177.0,1453.0,1935.0,2346.0,2641.0,2825.0,2833.0,3030.5,2117.0,1023.0,1430.5,1806.0,2154.0,2540.0,2808.5,3021.0,3010.5,3204.0,2342.0,1025.5,1395.0,1861.5,2239.0,2475.0,2721.0,2954.0,3002.0,3162.0,2308.5,999.5,1394.5,1874.5,2164.0,2423.0,2560.0,2874.5,2873.5,1999.0,1518.0,601.0,875.5,1123.5,1361.5,1605.0,1702.5,1841.5,1861.5,1739.5,1390.0,481.5,691.5,883.0,1015.0,1138.5,1210.5,1297.5,1297.5,2063.5,1574.0,669.5,932.5,1176.5,1407.5,1647.0,1732.0,1935.0,1874.0,1732.0,1339.5,713.0,901.0,1078.0,1253.5,1400.0,1486.0,1643.0,1590.5,1848.5,1418.0,581.5,785.5,982.5,1153.5,1281.0,1379.5,1527.5,1502.0,2023.5,1551.0,638.5,884.5,1046.5,1242.0,1450.0,1481.0,1654.5,1649.0,1508.0,1168.0,466.5,587.0,774.0,893.0,1055.0,1096.0,1221.5,1191.0,0.0,0.0,0.0,0.0,0.0,0.0,0.0,0.0,0.0,0.0,1701.5,1342.0,547.0,741.5,925.5,1095.5,1136.5,1249.0,1347.5,1320.0,2498.5,2110.5,1097.5,1263.0,1404.5,1539.5,1684.5,1760.5,1847.5,1845.5,2307.0,1891.5,836.0,1100.5,1282.5,1447.5,1559.0,1618.5,1709.5,1738.5,2217.5,1793.5,834.0,1024.5,1222.5,1381.5,1459.0,1523.0,1675.0,1677.0,1959.5,1525.0,643.0,786.5,975.0,1113.5,1184.5,1226.0,1346.5,1391.0,1989.0,1692.5,702.5,897.5,1069.0,1202.0,1308.0,1393.5,1411.0,1481.5,2155.5,1841.5,773.5,996.5,1171.5,1329.5,1418.0,1510.0,1560.0,1551.0,"{""type"":""MultiPoint"",""coordinates"":[]}"
308_0,3,1711.5,1401.5,594.5,753.5,966.0,1073.0,1119.5,1166.5,1256.5,1280.5,2403.0,2099.0,1008.0,1288.5,1536.5,1662.0,1678.5,1743.5,1836.5,1801.5,2377.5,2065.5,900.0,1164.5,1393.0,1507.0,1537.0,1617.5,1689.5,1702.5,2392.0,2069.5,962.0,1246.0,1496.5,1613.5,1631.5,1693.0,1773.5,1796.5,417.0,391.0,856.0,1123.0,1164.0,1402.0,1100.0,1106.0,1089.0,894.0,417.0,391.0,856.0,1123.0,1164.0,1402.0,1100.0,1106.0,1089.0,894.0,382.0,304.0,662.0,982.0,991.0,1301.0,1119.0,1148.0,1188.0,985.0,582.0,405.0,638.0,908.0,886.0,1242.0,1328.0,1445.0,1317.0,1165.0,732.0,489.0,638.0,877.0,781.0,1186.0,1508.0,1710.0,1610.0,1532.0,844.5,494.5,331.5,585.0,414.0,924.5,1775.0,1971.5,1961.5,1706.0,1229.5,687.5,276.5,571.0,367.5,984.5,2494.0,2959.0,3024.5,2861.5,1923.5,1634.5,730.0,896.0,1127.5,1238.5,1271.0,1324.5,1401.5,1427.5,1324.0,732.0,313.0,543.0,354.0,955.0,2600.0,3204.0,3302.0,3295.0,1285.0,651.0,191.0,481.0,280.0,935.0,2735.0,3350.0,3412.0,3381.0,1278.0,641.0,191.0,429.0,245.0,844.0,2778.0,3487.0,3557.0,3701.0,1421.0,726.0,356.0,684.0,352.0,1144.0,3086.0,3653.0,3791.0,3830.0,1568.0,796.0,357.0,855.0,451.0,1491.0,3254.0,3805.0,3983.0,3907.0,1653.0,907.0,398.0,954.0,562.0,1691.0,3084.5,3431.5,3577.0,3621.5,1957.0,1061.0,739.0,1296.0,1166.0,2120.0,2926.0,3127.0,3419.0,3433.0,2232.0,1375.5,699.0,1285.5,1286.0,2218.0,2863.0,3087.5,3389.5,3433.0,3149.0,2194.5,985.0,1445.0,1849.0,2406.5,2767.0,2961.5,3346.0,3367.5,2652.0,1765.0,796.0,1166.0,1663.0,1988.0,2055.0,2222.0,2322.0,2509.0,1765.0,1476.0,516.0,718.0,975.0,1085.0,1095.0,1198.0,1277.0,1292.0,2761.0,2078.0,796.0,1140.0,1565.0,1799.0,1892.0,1997.0,2049.0,2245.0,2714.5,2094.5,836.5,1075.5,1457.0,1664.0,1768.5,1902.5,2019.5,2100.0,2412.5,1947.0,638.5,832.5,1116.5,1253.5,1341.0,1441.0,1558.5,1601.0,2554.0,2153.0,764.0,910.0,1175.0,1325.0,1404.0,1505.0,1609.0,1669.0,2144.0,1551.0,526.0,670.0,905.0,1026.0,1108.0,1204.0,1353.0,1349.0,763.0,603.0,742.0,659.0,624.0,646.0,691.0,716.0,888.0,786.0,1697.0,1396.0,545.0,744.0,935.0,1026.0,1066.0,1135.0,1207.0,1215.0,1039.0,944.0,462.0,513.0,620.0,655.0,704.0,750.0,653.0,852.0,2240.0,1935.0,798.0,1044.0,1260.0,1403.0,1417.0,1495.0,1581.0,1612.0,1841.0,1559.0,963.0,1016.0,1121.0,1227.0,1232.0,1278.0,1408.0,1354.0,1841.0,1559.0,567.0,713.0,925.0,1014.0,992.0,1067.0,1162.0,1187.0,1901.0,1618.0,713.0,843.0,1041.0,1135.0,1159.0,1221.0,1306.0,1298.0,2105.0,1879.5,763.0,955.5,1179.0,1289.0,1323.5,1376.5,1488.0,1487.5,"{""type"":""MultiPoint"",""coordinates"":[]}"
309_0,3,1971.5,1621.0,544.5,712.0,983.0,1109.5,1150.0,1237.5,1389.0,1394.5,2330.0,2019.5,899.0,1173.0,1428.0,1542.5,1592.0,1670.0,1768.0,1756.5,2446.5,2114.5,901.5,1147.0,1428.0,1556.0,1607.5,1708.0,1815.0,1816.5,2373.0,2071.0,891.0,1124.0,1378.5,1510.0,1562.5,1644.0,1728.0,1750.5,253.5,187.0,451.0,646.5,707.0,865.0,747.5,813.0,769.0,703.0,383.0,280.0,626.5,801.0,893.5,1091.0,1072.0,1157.5,1143.0,1084.0,561.5,369.5,554.5,769.5,769.0,1083.0,1363.0,1466.0,1514.5,1400.5,1027.5,619.5,501.5,738.0,634.5,1100.0,1860.0,2041.5,1884.5,1876.0,1270.5,661.5,302.0,581.0,403.0,1026.0,2796.0,3299.5,3422.5,3426.5,1729.5,960.5,327.5,658.0,561.0,1251.0,2992.5,3649.0,3871.5,3934.5,1812.5,960.0,283.5,551.0,456.5,1068.0,2900.5,3764.0,3956.5,4078.0,2306.5,1929.5,631.5,850.5,1168.5,1279.5,1328.5,1470.0,1543.5,1605.0,1802.0,914.5,279.0,542.0,439.0,1032.0,2959.0,3807.0,3973.5,4079.5,1769.5,889.0,251.0,590.0,399.5,1105.0,3153.0,4064.0,4256.0,4345.0,1826.5,919.0,386.0,804.0,554.0,1416.0,3384.5,4102.5,4296.5,4399.5,1879.0,1045.5,547.5,998.0,804.5,1804.0,3301.0,3787.0,4011.0,4079.0,2028.0,1146.0,560.0,1064.5,959.0,1863.0,2997.5,3405.5,3796.0,3776.0,2315.0,1408.0,613.0,1075.0,1221.0,1936.0,2766.0,3127.0,3453.0,3508.0,3313.0,2150.0,1066.0,1482.5,1872.5,2492.5,3036.0,3364.0,3775.0,3806.0,4060.5,2782.5,1131.5,1594.5,2346.5,2810.5,3096.5,3429.5,3899.5,3917.0,3682.5,2625.5,1057.0,1481.0,2155.5,2462.5,2729.5,2913.0,3372.0,3423.5,2360.0,1849.0,782.0,1071.0,1473.5,1612.5,1707.0,1913.5,1950.0,1991.0,2140.5,1746.0,537.5,743.0,1052.5,1191.0,1184.0,1287.0,1482.5,1461.0,2249.0,1747.0,727.5,1023.0,1395.5,1549.0,1623.0,1775.0,1875.5,1885.0,2311.5,1843.0,894.0,1119.5,1463.5,1620.5,1666.0,1766.0,1930.5,1912.0,2105.0,1714.5,678.0,895.5,1169.5,1277.0,1347.5,1445.0,1602.5,1545.0,2311.5,1912.0,801.0,981.0,1252.5,1381.5,1419.0,1588.0,1679.5,1692.5,1841.5,1478.5,543.5,686.5,930.0,1010.0,1080.0,1186.5,1313.0,1293.5,0.0,0.0,0.0,0.0,0.0,0.0,0.0,0.0,0.0,0.0,1755.0,1381.5,486.0,651.0,891.5,1000.0,1008.5,1103.5,1261.0,1259.0,1982.5,1631.5,645.5,782.5,988.5,1113.0,1126.0,1228.0,1344.0,1356.0,2545.0,2144.0,851.5,1068.5,1346.0,1491.0,1533.5,1619.5,1751.5,1790.0,2408.5,2018.0,827.5,1028.5,1289.5,1406.5,1424.5,1551.0,1678.0,1713.0,2018.5,1661.0,647.5,764.0,986.0,1091.0,1099.0,1176.5,1297.0,1319.0,2101.0,1812.0,668.5,832.0,1048.5,1158.0,1211.5,1283.5,1420.0,1405.5,2039.5,1811.5,650.0,857.0,1088.5,1193.0,1215.5,1292.0,1420.0,1405.5,"{""type"":""MultiPoint"",""coordinates"":[]}"
310_0,3,1838.5,1530.0,661.0,807.5,1071.5,1170.5,1197.0,1254.0,1385.5,1356.0,2429.5,2127.0,980.5,1261.5,1536.0,1656.5,1691.5,1734.0,1853.0,1837.0,2474.0,2142.0,918.5,1193.5,1481.0,1610.5,1626.0,1702.5,1805.5,1821.5,2549.5,2217.0,975.0,1271.0,1569.0,1701.5,1700.0,1800.5,1871.0,1890.5,675.0,688.0,1011.0,1259.0,1294.0,1506.0,1248.0,1298.0,1119.0,1131.0,163.0,156.0,635.0,867.0,950.0,1022.0,722.0,826.0,762.0,596.0,317.0,250.0,675.0,980.0,923.0,1230.0,1051.0,1123.0,1100.0,876.0,453.0,335.0,633.0,980.0,914.0,1328.0,1210.0,1232.0,1273.0,1136.0,498.0,335.0,410.0,689.0,590.0,1021.0,1099.0,1206.0,1129.0,976.0,558.5,359.5,241.0,469.0,302.0,798.5,1312.5,1555.0,1510.5,1236.5,996.0,554.5,205.0,436.5,242.5,782.5,2160.0,2646.0,2747.0,2542.5,2069.5,1780.0,765.5,947.0,1200.5,1327.5,1338.5,1417.5,1506.5,1531.0,1273.0,648.0,219.0,416.0,238.0,753.0,2382.0,3232.0,3328.0,3248.0,1153.0,578.0,140.0,337.0,173.0,631.0,2336.0,3140.0,3292.0,3158.0,1146.0,575.0,145.0,323.0,150.0,618.0,2505.0,3337.0,3462.0,3504.0,1339.0,664.0,297.0,598.0,285.0,978.0,3000.0,3778.0,4056.0,3923.0,1598.0,792.0,364.0,864.0,424.0,1396.0,3445.0,4075.0,4319.0,4321.0,1643.0,866.5,383.0,926.0,490.0,1558.5,3297.0,3767.5,4021.0,3968.0,1838.5,982.5,838.0,1438.0,1267.5,2222.0,3206.0,3535.0,3874.0,3829.5,2236.0,1382.5,854.0,1483.5,1529.5,2611.5,3160.0,3462.5,3862.5,3812.0,3272.5,2257.5,1003.0,1493.0,2038.5,2548.0,2773.0,3029.5,3380.0,3432.5,2906.0,1911.0,856.0,1194.0,1855.0,2218.0,2362.0,2606.0,2839.0,2967.0,1889.0,1592.0,578.0,777.0,1051.0,1167.0,1203.0,1241.0,1362.0,1393.0,3420.0,2482.0,884.0,1240.0,1816.0,2161.0,2254.0,2482.0,2603.0,2796.0,3301.5,2460.5,882.5,1186.0,1681.0,1991.0,2101.0,2288.5,2511.5,2585.0,3065.5,2408.5,739.5,953.5,1366.0,1576.0,1689.5,1835.5,2012.0,2087.5,2332.0,1836.0,803.0,963.0,1289.0,1430.0,1454.0,1573.0,1792.0,1805.0,2020.0,1485.0,505.0,663.0,936.0,1062.0,1123.0,1227.0,1385.0,1369.0,610.0,403.0,504.0,444.0,521.0,531.0,568.0,633.0,667.0,676.0,1729.0,1461.0,577.0,756.0,965.0,1053.0,1093.0,1119.0,1259.0,1237.0,308.0,238.0,223.0,178.0,165.0,190.0,187.0,218.0,218.0,217.0,2202.0,1917.0,753.0,975.0,1229.0,1319.0,1333.0,1408.0,1537.0,1534.0,2365.0,2082.0,963.0,1130.0,1372.0,1436.0,1509.0,1565.0,1717.0,1682.0,1943.0,1667.0,628.0,770.0,1001.0,1109.0,1067.0,1135.0,1237.0,1228.0,2048.0,1773.0,741.0,881.0,1107.0,1202.0,1227.0,1319.0,1405.0,1417.0,2171.5,1917.5,806.5,1006.0,1253.0,1360.5,1394.5,1471.0,1580.5,1570.0,"{""type"":""MultiPoint"",""coordinates"":[]}"
311_0,3,1898.0,1593.5,620.5,772.5,1050.5,1135.5,1185.0,1279.5,1385.5,1360.5,2579.5,2189.5,1073.0,1399.0,1697.0,1819.0,1881.5,1952.0,2099.0,2074.5,2579.0,2162.0,1014.5,1323.5,1629.5,1779.5,1778.5,1875.0,2004.5,1965.5,2495.5,2129.5,1017.0,1295.0,1585.5,1738.0,1727.5,1828.0,1942.5,1940.5,829.0,719.5,996.0,1274.0,1254.0,1452.0,990.0,1007.5,1065.5,992.0,332.5,292.5,577.0,871.5,878.0,1180.5,949.5,985.5,952.5,756.0,558.5,399.5,552.5,894.0,842.0,1185.0,1078.0,1154.0,1071.0,985.0,949.5,734.0,456.0,835.5,568.5,1175.5,1779.5,1861.5,1936.5,1668.5,1520.0,831.0,330.0,723.0,382.0,1101.5,2927.5,3417.5,3428.5,3307.5,1684.5,942.5,295.0,685.0,433.5,1206.5,2994.0,3663.5,3878.5,3789.5,1626.5,881.0,265.0,611.0,415.5,1100.0,2837.0,3588.5,3828.0,3681.5,2169.0,1818.5,678.5,883.0,1143.0,1296.5,1332.0,1404.5,1460.0,1588.5,1587.0,873.5,256.0,571.0,391.0,1033.5,2736.0,3522.5,3700.0,3725.0,1454.5,770.0,185.0,502.0,334.0,984.0,2770.0,3565.0,3700.0,3734.0,1415.0,740.0,243.5,563.5,304.5,1003.5,2928.5,3634.0,3742.5,3845.5,1706.5,874.5,498.0,962.0,560.5,1507.0,3373.0,3945.0,4062.5,4063.5,1716.5,918.0,486.5,1004.5,667.0,1645.5,3025.5,3526.5,3818.0,3625.0,1835.0,1073.0,545.0,1130.0,945.0,1972.0,2959.0,3249.0,3419.0,3473.0,2194.0,1283.5,800.0,1435.5,1361.0,2365.5,3047.5,3376.5,3666.0,3711.0,2665.0,1662.0,846.0,1525.5,1879.5,2610.0,3023.5,3247.0,3570.5,3658.5,3589.5,2487.5,1112.5,1551.0,2170.0,2528.5,2882.5,3023.0,3518.5,3506.5,1974.5,1450.0,811.5,940.5,1313.5,1494.5,1515.0,1660.0,1736.5,1837.5,2033.0,1740.0,588.5,821.0,1114.5,1188.0,1264.5,1321.0,1476.5,1431.5,2147.0,1655.5,745.5,1012.0,1325.5,1511.0,1628.0,1717.5,1733.0,1868.0,2408.5,1901.5,1010.0,1215.0,1489.5,1658.5,1744.5,1864.0,1997.0,2012.0,2055.5,1704.5,658.0,856.0,1061.0,1216.5,1251.5,1351.5,1433.5,1449.0,2234.0,1850.5,744.0,912.0,1120.5,1311.0,1323.5,1413.5,1490.0,1525.5,1807.0,1500.0,558.0,677.0,881.0,991.0,1065.5,1122.0,1268.0,1224.0,0.0,0.0,0.0,0.0,0.0,0.0,0.0,0.0,0.0,0.0,1493.5,1076.5,435.0,585.0,787.0,901.0,909.5,1028.0,1168.5,1117.5,1850.0,1482.0,650.0,791.5,982.5,1104.0,1135.0,1241.5,1345.0,1355.5,2384.0,1958.0,895.0,1142.5,1366.0,1512.5,1593.0,1680.0,1789.0,1766.0,2413.0,1990.0,971.0,1156.0,1403.5,1524.5,1581.0,1693.0,1859.5,1819.0,2272.0,1865.0,899.0,1052.5,1271.5,1373.0,1387.0,1485.5,1701.0,1661.5,2121.0,1833.5,709.5,941.0,1164.0,1272.0,1347.0,1435.5,1553.5,1532.0,2355.0,2024.0,876.5,1131.5,1410.5,1543.5,1593.0,1682.0,1805.0,1784.0,"{""type"":""MultiPoint"",""coordinates"":[]}"
312_0,3,1895.5,1545.0,608.0,757.0,986.5,1145.5,1163.0,1235.0,1316.5,1330.0,2331.5,2054.5,964.5,1235.5,1482.5,1603.5,1611.0,1665.0,1765.5,1755.0,2378.5,2085.0,939.5,1204.5,1472.5,1622.0,1593.0,1663.5,1747.5,1746.5,1863.5,1619.5,784.0,1035.5,1254.0,1346.5,1337.5,1406.5,1436.5,1441.0,281.0,294.0,726.0,954.0,989.0,1045.0,777.0,855.0,802.0,637.0,370.0,294.0,726.0,954.0,989.0,1045.0,777.0,855.0,802.0,697.0,455.0,352.0,481.0,703.0,642.0,1003.0,780.0,911.0,857.0,697.0,693.0,473.0,462.0,669.0,569.0,1019.0,1430.0,1535.0,1468.0,1250.0,1029.0,735.0,502.0,644.0,488.0,1006.0,2177.0,2524.0,2325.0,2187.0,1189.5,742.0,338.5,572.0,358.0,982.5,2272.0,2700.5,2547.0,2458.0,1278.5,684.5,208.0,425.0,212.0,710.0,2449.0,3194.5,3140.5,3180.5,2109.0,1757.0,676.0,869.0,1110.0,1258.0,1283.0,1319.0,1439.0,1477.0,1382.0,683.0,196.0,460.0,219.0,869.0,2723.0,3479.0,3324.0,3448.0,1532.0,780.0,185.0,573.0,351.0,1020.0,3038.0,3815.0,3829.0,3921.0,1588.0,872.0,383.0,852.0,587.0,1517.0,3453.0,3894.0,4036.0,4158.0,1772.0,945.0,538.0,1088.0,901.0,1921.0,3228.0,3476.0,3618.0,3803.0,1980.0,1173.0,601.5,1106.5,1073.0,1983.0,2896.5,3172.0,3374.0,3405.0,2422.0,1532.5,678.0,1165.5,1383.0,2055.5,2697.0,2964.0,3140.0,3298.5,3307.5,2247.0,1111.5,1486.5,1839.5,2453.5,2843.5,3119.0,3293.5,3429.0,4028.5,2813.5,1106.5,1530.0,2150.0,2669.5,2848.5,3188.0,3381.0,3585.5,3578.5,2586.0,1035.5,1433.5,2007.5,2410.5,2616.5,2804.5,2996.5,3191.0,2264.0,1785.0,729.0,950.0,1294.0,1541.0,1599.0,1741.0,1739.0,1863.0,2079.0,1743.0,663.0,837.0,1092.0,1205.5,1226.5,1308.5,1438.0,1460.0,2315.0,1839.5,757.5,993.5,1341.5,1556.0,1606.0,1748.0,1785.5,1876.5,2229.5,1768.0,819.5,1018.0,1306.5,1460.0,1534.0,1625.5,1701.0,1757.0,2067.0,1666.0,643.5,835.5,1073.0,1227.5,1273.0,1357.5,1443.5,1495.0,2042.0,1666.0,671.0,838.0,1070.0,1236.0,1258.0,1382.0,1412.0,1480.0,1705.0,1408.0,513.0,645.0,863.0,982.0,1031.0,1064.0,1168.0,1220.0,0.0,0.0,0.0,0.0,0.0,0.0,0.0,0.0,0.0,0.0,1654.0,1257.0,527.0,712.0,887.0,958.0,982.0,1012.0,1155.0,1155.0,1863.0,1549.0,647.0,798.0,953.0,1018.0,1056.0,1101.0,1245.0,1260.0,2368.0,1964.0,897.0,1124.0,1330.0,1464.0,1497.0,1558.0,1668.0,1646.0,2275.0,1898.0,896.0,1053.0,1259.5,1358.0,1335.0,1410.0,1544.5,1533.5,2093.5,1730.0,798.5,899.0,1105.5,1189.0,1164.5,1221.0,1335.0,1353.5,2029.0,1771.0,749.0,903.0,1104.0,1204.0,1221.0,1290.0,1417.0,1382.0,2029.0,1771.0,749.0,924.0,1125.0,1204.0,1221.0,1291.0,1417.0,1382.0,"{""type"":""MultiPoint"",""coordinates"":[]}"
313_0,3,2065.0,1816.5,1025.0,1092.0,1213.0,1365.5,1407.0,1513.0,1594.5,1613.0,2783.0,2594.0,840.0,1132.0,1496.0,1670.0,1734.0,1846.0,1934.0,2007.0,2528.0,2348.0,654.0,905.0,1246.0,1413.0,1489.0,1596.0,1726.0,1752.0,635.0,614.5,377.5,517.5,616.5,659.0,700.0,712.0,690.5,705.5,257.5,216.0,233.5,377.5,371.5,514.5,495.0,536.5,574.5,462.5,406.0,315.5,258.5,433.5,391.5,626.5,705.0,771.5,813.0,703.5,866.0,643.0,239.0,508.0,263.0,775.0,1291.0,1409.0,1405.0,1275.0,1363.0,745.0,208.0,470.0,212.0,762.0,2147.0,2562.0,2540.0,2524.0,1466.0,727.0,100.0,353.0,103.0,668.0,2736.0,3908.0,3884.0,3953.0,1487.5,710.0,60.0,322.0,60.0,570.0,2923.5,4474.5,4504.0,4552.5,1428.5,641.0,62.5,313.5,66.5,572.0,2985.0,4610.5,4702.0,4755.0,2468.5,2160.0,1304.5,1292.0,1407.5,1549.5,1606.0,1638.5,1845.0,1742.5,1479.5,670.5,81.5,333.5,82.5,624.5,3082.0,4650.0,4776.0,4906.0,1523.5,724.0,181.0,687.0,272.0,1248.5,3557.0,4592.0,4780.5,4911.5,1625.0,788.0,501.0,837.0,622.0,1341.0,3375.0,4180.0,4317.0,4538.0,1723.0,942.0,684.0,1061.0,958.0,1804.0,3116.0,3654.0,3811.0,3928.0,1889.0,1092.0,584.0,1040.0,958.0,1804.0,2727.0,3142.0,3524.0,3506.0,4120.0,2905.0,916.0,1325.0,1928.0,2387.0,2727.0,3099.0,3348.0,3464.0,4412.5,3219.0,1021.5,1432.5,1953.5,2339.0,2737.0,3035.5,3312.5,3485.0,4308.5,3201.0,966.5,1354.5,1972.5,2331.5,2612.5,2888.0,3249.5,3315.5,4109.0,3150.0,952.0,1341.0,1960.0,2345.0,2612.0,2862.0,3278.0,3262.0,3523.5,2630.5,835.0,1136.5,1581.5,1886.0,2135.5,2340.5,2545.0,2680.5,2655.0,2325.0,663.0,890.0,1184.0,1364.0,1506.0,1576.0,1773.0,1798.0,3464.5,2680.5,727.0,970.5,1307.0,1575.5,1814.5,2011.0,2172.0,2321.0,3341.0,2800.0,1351.0,1485.0,1695.5,1948.5,2100.5,2208.0,2378.5,2407.0,2939.5,2604.5,700.5,800.5,974.5,1205.5,1370.5,1507.5,1682.0,1693.5,2766.0,2460.5,660.5,761.5,921.5,1145.5,1308.5,1470.5,1561.5,1636.5,2519.0,1857.0,508.0,626.0,837.0,1011.0,1233.0,1327.0,1489.0,1588.0,0.0,0.0,0.0,0.0,0.0,0.0,0.0,0.0,0.0,0.0,2315.0,1929.0,516.0,793.0,1048.0,1319.0,1426.0,1579.0,1763.0,1734.0,1862.0,1494.0,1322.5,1138.5,1054.5,1185.5,1289.5,1324.5,2025.5,1397.5,2574.5,2152.5,691.0,953.0,1152.5,1452.0,1770.5,1889.5,2090.5,2068.0,2640.0,2194.0,787.0,993.0,1181.5,1489.0,1872.0,2008.0,2215.5,2193.0,2419.0,2215.0,760.0,942.0,1198.0,1386.0,1518.0,1642.0,1732.0,1797.0,2210.5,2074.0,551.0,730.0,1005.5,1159.5,1218.0,1315.0,1455.5,1472.5,2466.5,2363.0,661.5,913.0,1223.0,1364.0,1457.0,1550.0,1678.5,1692.0,"{""type"":""MultiPoint"",""coordinates"":[]}"
314_0,3,178.0,169.5,202.0,265.0,371.5,417.0,261.5,309.5,314.5,221.5,1902.5,1580.5,669.0,858.5,1034.0,1133.5,1215.0,1294.0,1374.5,1395.0,2014.0,1723.5,713.5,918.5,1091.5,1207.5,1242.5,1318.0,1376.5,1400.0,2204.0,1929.5,917.5,1138.0,1332.0,1464.0,1465.5,1536.0,1587.5,1620.0,2037.0,1815.0,1054.0,1253.0,1399.0,1564.0,1463.0,1525.0,1572.0,1574.0,1406.0,1239.0,1054.0,1253.0,1399.0,1564.0,1463.0,1460.0,1463.0,1429.0,349.0,315.0,814.0,1190.0,1124.0,1286.0,920.0,991.0,804.0,785.0,379.0,315.0,753.0,1156.0,1047.0,1353.0,1049.0,1158.0,1094.0,871.0,439.0,355.0,468.0,721.0,583.0,1138.0,1021.0,1173.0,1094.0,880.0,566.5,391.0,273.5,511.0,339.5,959.5,1490.0,1687.5,1628.0,1479.0,675.5,420.5,200.0,382.5,232.5,688.0,1481.5,1766.0,1696.0,1532.0,310.5,275.5,426.0,570.0,630.0,668.0,465.0,480.5,491.0,402.5,1096.0,590.0,156.0,333.0,195.0,618.0,2027.0,2736.0,2673.0,2498.0,1279.0,634.0,100.0,293.0,100.0,563.0,2506.0,3611.0,3641.0,3476.0,1386.0,665.0,124.0,369.0,154.0,658.0,2784.0,4139.0,4143.0,4144.0,1514.0,745.0,383.0,770.0,454.0,1227.0,3245.0,4067.0,4259.0,4256.0,1577.0,781.0,399.0,846.0,593.0,1445.0,3159.0,3820.0,4097.0,4016.0,1804.0,1023.5,472.5,969.5,835.5,1761.0,3107.5,3598.0,3827.5,3845.0,2322.0,1455.0,1028.0,1403.0,1464.0,2234.0,2997.0,3364.0,3645.0,3703.0,3313.5,2370.0,1000.0,1388.5,1866.0,2302.5,2547.5,2808.0,3060.5,3153.0,3401.5,2422.5,984.0,1380.0,1901.5,2297.0,2503.0,2754.0,3027.5,3103.0,3291.0,2385.0,876.0,1255.0,1823.0,2226.0,2327.0,2560.0,2698.0,2892.0,182.0,171.0,322.0,392.0,490.0,547.0,382.0,406.0,445.0,332.0,3291.0,2430.0,876.0,1255.0,1790.0,2151.0,2224.0,2396.0,2514.0,2728.0,3179.5,2423.0,866.5,1144.5,1573.0,1864.5,1986.5,2151.5,2324.0,2429.0,2706.0,2150.5,636.5,835.0,1136.5,1331.0,1416.5,1550.5,1755.0,1784.0,352.0,322.0,354.0,479.0,545.0,651.0,470.0,529.0,589.0,463.0,162.0,145.0,141.0,165.0,223.0,292.0,170.0,176.0,196.0,166.0,0.0,0.0,0.0,0.0,0.0,0.0,0.0,0.0,0.0,0.0,162.0,144.0,188.0,261.0,343.0,416.0,239.0,279.0,300.0,195.0,182.0,173.0,212.0,268.0,356.0,392.0,237.0,287.0,279.0,195.0,602.0,442.0,324.0,478.0,621.0,741.0,807.0,873.0,970.0,957.0,638.0,494.0,389.0,577.0,700.0,891.0,878.0,969.0,1073.0,1053.0,1739.0,1072.0,597.0,810.0,1001.0,1319.0,1330.0,1424.0,1537.0,1625.0,3878.0,3080.0,1441.0,1776.0,2122.0,2398.0,2466.0,2646.0,2778.0,2847.0,4127.5,3362.0,1600.5,1931.0,2261.0,2557.5,2687.5,2807.0,3010.5,3041.5,"{""type"":""MultiPoint"",""coordinates"":[]}"
315_0,3,1079.5,932.5,322.5,398.5,497.0,560.5,564.5,634.0,681.0,685.5,1857.5,1640.5,672.0,872.0,1021.0,1102.0,1126.0,1196.5,1276.0,1277.0,2012.0,1792.5,714.5,920.5,1083.0,1174.0,1198.0,1271.0,1336.5,1354.5,2433.5,2177.5,1046.0,1301.0,1508.0,1618.0,1627.0,1689.5,1755.5,1787.5,2637.0,2412.0,1194.0,1426.0,1643.0,1755.0,1806.0,1879.0,1993.0,1952.0,2340.0,2121.0,1052.0,1276.0,1461.0,1554.0,1563.0,1635.0,1718.0,1713.0,343.0,300.0,779.0,1003.0,1012.0,1168.0,852.0,862.0,830.0,691.0,464.0,430.0,909.0,1127.0,1196.0,1353.0,1004.0,1036.0,982.0,844.0,214.0,162.0,688.0,908.0,937.0,1097.0,801.0,912.0,852.0,707.0,208.0,158.5,587.5,885.5,916.0,1106.0,826.5,942.0,883.5,749.5,297.0,211.0,478.5,766.0,726.5,1000.5,875.5,1025.5,936.5,835.0,1319.0,1153.5,475.5,588.5,703.5,754.5,776.0,829.5,904.5,887.0,682.0,422.0,377.0,600.0,486.0,860.0,1521.0,1586.0,1498.0,1537.0,834.0,459.0,176.0,423.0,251.0,714.0,1638.0,1878.0,1720.0,1860.0,970.0,486.0,164.0,369.0,186.0,635.0,2079.0,2594.0,2457.0,2504.0,1146.0,580.0,309.0,513.0,279.0,828.0,2304.0,2980.0,2849.0,2869.0,1155.0,617.0,309.0,622.0,354.0,1071.0,2482.0,2887.0,2863.0,2958.0,1207.5,677.5,347.5,723.5,507.5,1349.0,2511.0,2880.0,2864.5,2903.0,1702.0,1000.0,753.0,1154.0,1257.0,1946.0,2714.0,3000.0,3147.0,3233.0,2182.5,1409.5,705.5,1129.5,1309.5,1987.0,2733.0,2972.5,3223.0,3339.0,3296.0,2340.0,941.0,1424.0,1904.0,2474.0,2729.0,2933.0,3293.0,3363.0,2212.0,1525.0,789.0,1081.0,1485.5,1802.5,1919.0,2048.5,2156.0,2292.0,1359.0,1040.0,514.0,620.0,732.0,782.0,802.0,855.0,914.0,896.0,3309.0,2602.0,1040.0,1350.0,1809.0,2118.0,2264.0,2410.0,2593.0,2653.0,3256.5,2535.5,1104.0,1388.0,1805.5,2113.5,2238.0,2373.0,2523.0,2623.5,2962.5,2401.0,901.0,1127.5,1466.5,1667.5,1753.0,1891.5,2058.5,2083.5,2923.0,2405.0,976.0,1212.0,1498.0,1723.0,1792.0,1910.0,2057.0,2124.0,2286.0,1584.0,780.0,969.0,1247.0,1461.0,1549.0,1642.0,1852.0,1844.0,0.0,0.0,0.0,0.0,0.0,0.0,0.0,0.0,0.0,0.0,1859.0,1624.0,625.0,813.0,973.0,1042.0,1100.0,1135.0,1264.0,1255.0,327.0,288.0,190.0,165.0,143.0,144.0,181.0,173.0,187.0,192.0,2084.0,1845.0,727.0,966.0,1146.0,1209.0,1246.0,1308.0,1419.0,1395.0,2209.0,1993.0,888.0,1090.0,1260.0,1317.0,1386.0,1449.0,1567.0,1523.0,1800.0,1591.5,637.0,761.5,903.0,987.5,989.5,1044.5,1111.5,1130.5,1661.0,1495.0,595.0,717.0,846.0,925.0,951.0,1033.0,1096.0,1102.0,1719.5,1541.0,619.0,767.5,891.5,971.5,1007.0,1065.0,1141.0,1129.5,"{""type"":""MultiPoint"",""coordinates"":[]}"
316_0,3,1773.5,1446.0,622.0,763.0,980.0,1049.5,1083.5,1166.0,1279.5,1271.0,2152.0,1820.5,824.0,1048.0,1249.5,1358.0,1404.5,1491.0,1588.0,1584.0,2305.0,1969.5,949.0,1213.5,1456.5,1551.5,1590.5,1656.0,1732.0,1719.5,2610.5,2247.5,1203.5,1524.0,1787.5,1917.0,1902.0,1986.5,2039.0,2054.0,2244.0,1949.0,1277.0,1613.0,1757.0,1847.0,1577.0,1641.0,1703.0,1688.0,534.0,484.0,1277.0,1676.0,1673.0,1846.0,1385.0,1410.0,1369.0,1132.0,424.0,358.0,685.0,1020.0,1013.0,1182.0,966.0,1022.0,950.0,847.0,517.0,401.0,682.0,1020.0,1013.0,1384.0,1243.0,1288.0,1293.0,1121.0,667.0,492.0,626.0,907.0,852.0,1148.0,1112.0,1255.0,1164.0,1047.0,1182.5,708.5,392.0,669.0,525.0,952.5,1947.5,2262.5,2176.0,2272.5,1413.5,751.0,241.5,512.0,299.5,768.5,2400.0,3369.5,3283.5,3289.5,1915.0,1576.0,695.0,867.0,1071.0,1176.0,1202.0,1240.0,1336.0,1408.0,1388.0,696.0,191.0,391.0,185.0,605.0,2590.0,3632.0,3655.0,3629.0,1432.0,696.0,74.0,368.0,163.0,757.0,2946.0,4095.0,4104.0,4213.0,1531.0,769.0,197.0,540.0,316.0,967.0,3215.0,4451.0,4528.0,4665.0,1652.0,810.0,454.0,927.0,608.0,1637.0,3480.0,4195.0,4328.0,4414.0,1691.0,939.5,503.5,1035.0,748.5,1808.5,3333.0,3827.0,4124.0,4087.5,1953.0,1185.0,559.0,1106.0,1080.0,2068.0,3115.0,3496.0,3734.0,3797.0,2331.5,1403.5,914.0,1436.5,1495.5,2340.5,3108.5,3429.0,3722.0,3779.5,2643.5,1729.0,956.0,1462.0,1837.5,2534.0,3065.0,3323.5,3672.5,3754.5,3612.0,2560.0,1024.0,1470.0,2047.5,2553.5,2836.5,3044.5,3412.0,3513.0,3158.0,2279.0,935.0,1325.0,1999.0,2412.0,2510.0,2735.0,2915.0,3046.0,1769.0,1511.0,524.0,718.0,959.0,1017.0,1085.0,1134.0,1286.0,1278.0,3521.0,2636.0,1011.0,1367.0,1999.0,2412.0,2510.0,2735.0,2915.0,3046.0,3346.5,2485.0,1076.0,1384.5,1897.5,2137.5,2278.5,2470.5,2734.5,2821.5,3076.5,2371.5,832.5,1074.5,1477.5,1631.0,1791.0,1889.5,2152.5,2168.5,3170.0,2561.0,947.0,1125.0,1487.0,1657.0,1828.0,1893.0,2174.0,2236.0,1579.0,1288.0,457.0,582.0,801.0,919.0,972.0,1055.0,1111.0,1139.0,959.0,737.0,830.0,747.0,757.0,817.0,897.0,923.0,983.0,924.0,1199.0,870.0,390.0,564.0,698.0,792.0,827.0,879.0,941.0,938.0,1029.0,859.0,348.0,418.0,526.0,634.0,702.0,801.0,599.0,900.0,2154.0,1813.0,839.0,1074.0,1256.0,1389.0,1407.0,1509.0,1564.0,1563.0,2054.5,1734.5,845.5,976.5,1182.5,1247.5,1284.0,1343.5,1472.0,1444.0,1676.0,1433.0,650.0,749.0,957.0,1008.0,1037.0,1058.0,1167.0,1162.0,2141.5,1816.5,869.5,1033.0,1218.0,1300.0,1332.0,1384.0,1512.5,1506.0,2166.0,1829.5,885.5,1065.5,1255.0,1346.5,1384.0,1461.0,1584.5,1555.5,"{""type"":""MultiPoint"",""coordinates"":[]}"
317_0,3,1669.5,1398.0,394.0,522.5,730.5,870.0,898.0,996.0,1063.0,1121.0,2104.5,1838.0,844.5,1081.0,1317.5,1412.5,1465.0,1527.5,1602.0,1605.5,2206.5,1930.5,828.0,1048.5,1285.0,1389.5,1439.5,1512.5,1592.5,1613.5,1389.5,1174.5,627.5,818.0,969.0,1055.5,1038.0,1093.5,1147.5,1172.0,353.0,287.0,667.0,899.0,979.5,1142.0,1011.0,1119.0,1030.5,980.5,353.0,287.0,725.5,899.0,979.5,1142.0,1032.0,1120.5,1108.5,980.5,404.0,308.5,497.5,744.0,669.0,999.5,1055.5,1147.5,1042.5,898.5,702.5,514.0,378.0,651.5,472.0,994.5,1472.5,1641.0,1580.5,1383.0,1159.0,653.5,282.0,555.5,317.0,954.0,2431.0,2929.0,3026.5,2820.5,1467.0,769.0,236.0,544.5,307.0,987.5,2734.5,3343.5,3425.5,3374.0,1493.0,742.5,199.5,417.0,232.0,764.0,2722.0,3702.0,3791.0,3766.5,1937.0,1635.0,496.5,663.0,879.0,1013.0,1092.5,1159.5,1228.5,1281.0,1566.0,765.0,225.5,449.0,238.5,827.5,2969.5,3854.5,3931.0,4108.0,1639.5,786.0,229.5,542.5,259.5,1001.5,3276.0,4188.0,4378.5,4408.0,1704.5,835.5,372.5,833.5,494.0,1443.5,3410.5,4252.5,4353.0,4386.0,1833.5,1007.5,588.0,1101.0,869.0,1906.5,3345.0,3853.5,4049.5,4110.0,2014.0,1146.0,643.5,1168.0,1065.5,1985.5,3086.0,3487.0,3875.0,3926.5,2342.0,1426.0,663.0,1179.0,1317.0,2094.0,2825.0,3229.0,3465.0,3564.0,3250.0,2051.0,1036.0,1455.5,1774.5,2428.0,2877.5,3281.0,3519.0,3662.5,3859.0,2654.0,980.5,1411.0,2059.5,2498.0,2813.0,3050.5,3436.5,3568.0,3602.5,2527.0,946.0,1358.5,1999.0,2362.0,2594.0,2869.0,3189.0,3294.0,2438.0,1926.0,765.5,1018.0,1430.0,1675.0,1772.0,1880.0,1911.0,2077.5,1776.5,1455.0,371.5,538.0,775.5,927.5,958.5,1063.5,1120.5,1170.5,2340.5,1790.5,721.5,1011.5,1423.5,1562.5,1642.5,1788.5,1978.5,1966.5,2432.0,1916.0,864.5,1102.5,1459.0,1641.5,1694.5,1835.0,1999.0,2076.0,2195.5,1764.0,666.5,841.5,1101.0,1254.5,1327.5,1379.0,1506.0,1556.5,2329.5,1914.0,736.5,904.5,1152.5,1343.5,1413.5,1445.0,1560.5,1600.5,1971.5,1513.5,555.0,695.5,949.5,1025.0,1103.5,1236.5,1406.0,1316.0,0.0,0.0,0.0,0.0,0.0,0.0,0.0,0.0,0.0,0.0,1518.5,1159.5,396.5,536.5,720.0,844.5,894.5,985.5,1066.5,1142.0,1678.0,1344.5,522.5,635.5,793.5,921.0,1004.0,1071.5,1150.5,1185.5,2334.5,1923.5,759.0,979.5,1207.5,1379.5,1471.0,1527.0,1646.0,1668.5,2177.0,1801.5,696.5,892.5,1116.0,1252.0,1307.0,1396.5,1526.0,1527.0,1886.5,1542.5,592.0,684.0,879.0,1002.5,1057.0,1143.0,1201.5,1284.5,1829.0,1633.0,617.5,759.5,943.0,1030.5,1128.5,1162.5,1259.0,1254.5,1829.0,1633.0,590.0,787.5,972.0,1038.0,1128.5,1162.5,1259.0,1254.5,"{""type"":""MultiPoint"",""coordinates"":[]}"
318_0,3,1810.5,1535.0,542.5,685.5,921.5,1023.5,1047.0,1155.5,1196.5,1228.5,2557.0,2167.5,1048.5,1370.0,1666.5,1787.5,1836.5,1910.5,2008.0,1998.0,2589.0,2220.5,964.0,1249.5,1552.5,1679.5,1708.0,1792.5,1882.0,1924.5,2534.0,2197.0,966.5,1235.5,1510.0,1644.5,1661.0,1747.5,1830.5,1869.5,363.5,360.5,563.5,863.5,896.5,1139.5,842.5,900.0,753.5,717.0,330.5,276.0,719.0,1042.5,1126.0,1308.5,899.0,961.0,939.0,765.0,654.5,562.5,569.5,913.5,822.5,1263.5,1282.0,1356.5,1208.5,1146.5,1154.0,829.0,511.5,873.5,551.0,1263.5,2050.0,2370.0,2304.5,2157.0,1645.5,928.5,411.0,798.5,432.0,1179.0,2873.0,3471.5,3383.5,3320.0,1673.0,906.5,349.5,750.5,431.0,1192.5,3012.0,3699.5,3775.0,3684.0,1541.5,785.5,303.0,670.0,385.0,1086.0,3002.5,3769.5,3827.0,3855.5,2092.5,1781.5,639.5,817.5,1050.0,1203.0,1247.0,1261.0,1388.0,1407.5,1510.0,762.5,250.5,604.5,337.5,1007.5,3007.5,3782.0,3950.0,3969.5,1400.0,693.0,229.0,582.0,325.0,983.0,2997.0,3821.5,3955.5,4116.0,1391.0,728.5,301.5,630.5,358.0,1015.5,3131.5,3941.0,4067.0,4167.5,1734.5,881.0,473.0,977.5,545.5,1582.0,3584.5,4174.5,4303.5,4393.5,1758.5,947.5,471.0,1027.5,625.0,1702.5,3295.5,3794.5,4064.0,3977.0,1846.0,1048.0,521.0,1131.0,920.0,1977.0,3003.0,3263.0,3515.0,3566.0,2149.5,1233.0,792.0,1408.0,1443.5,2322.5,3014.0,3364.5,3576.5,3631.0,2497.5,1535.0,940.5,1483.0,1703.0,2365.0,3028.0,3364.5,3590.0,3598.0,3755.5,2516.0,1149.0,1659.0,2268.0,2815.5,3087.5,3239.0,3609.5,3644.5,2185.5,1630.0,704.0,990.5,1405.5,1595.5,1653.0,1740.5,1841.5,1934.5,1953.5,1650.0,511.5,715.0,952.0,1089.0,1130.5,1205.0,1289.5,1322.0,2486.0,1959.5,803.0,1075.5,1457.0,1676.5,1717.5,1801.5,1885.0,1984.5,2626.0,2079.5,1081.0,1290.0,1608.0,1779.5,1836.5,1903.5,2044.0,2095.5,2232.5,1852.5,689.0,867.0,1116.5,1237.0,1319.0,1410.5,1488.5,1540.0,2407.0,1910.5,716.0,918.5,1174.5,1296.5,1383.5,1487.5,1545.5,1625.0,1990.0,1550.0,545.5,690.0,921.0,1006.5,1095.0,1177.0,1293.0,1263.0,1936.5,1578.5,984.0,1184.0,1330.5,1457.5,1530.0,1526.5,1651.5,1643.5,1756.5,1480.5,527.5,735.5,921.0,1024.5,1075.5,1114.5,1232.5,1208.0,1855.0,1614.0,644.0,778.0,938.5,1076.0,1105.5,1121.0,1214.5,1226.0,2252.0,1908.0,763.0,985.0,1218.0,1348.5,1359.0,1447.0,1541.5,1555.5,2264.0,1913.5,817.5,996.5,1225.5,1332.5,1325.5,1384.0,1544.0,1516.5,2034.5,1711.5,709.0,834.0,1036.5,1160.5,1150.5,1247.0,1344.0,1353.5,1978.5,1703.0,668.5,850.5,1068.0,1159.0,1186.0,1281.5,1379.5,1381.0,2344.0,2011.5,890.5,1186.5,1455.5,1573.0,1609.5,1694.5,1765.5,1755.5,"{""type"":""MultiPoint"",""coordinates"":[]}"
319_0,3,1990.0,1633.0,627.5,765.5,1013.5,1165.0,1192.5,1275.0,1366.5,1449.5,2233.0,1924.0,866.0,1123.0,1397.0,1515.5,1539.0,1623.0,1709.0,1721.0,2323.0,1990.5,849.5,1091.0,1374.0,1507.5,1524.5,1597.0,1685.5,1712.5,1859.0,1542.0,657.5,871.5,1112.5,1298.5,1285.5,1320.5,1317.0,1433.0,290.0,234.0,629.0,802.0,842.0,991.0,869.0,939.0,932.0,813.0,290.0,234.0,484.0,700.0,721.0,960.0,869.0,942.0,910.0,849.0,569.0,456.0,480.0,713.0,593.0,1039.0,1136.0,1271.0,1201.0,1106.0,1083.0,666.0,437.0,713.0,457.0,1062.0,2509.0,2809.0,2830.0,2707.0,1285.0,672.0,339.0,677.0,404.0,1101.0,2906.0,3367.0,3498.0,3473.0,1551.0,869.5,288.0,619.0,438.5,1213.0,2584.0,3139.5,3201.0,3299.5,1680.5,897.0,230.5,504.5,339.0,956.0,2671.0,3379.0,3621.5,3696.0,2181.0,1830.0,677.0,864.0,1087.0,1270.0,1323.0,1386.0,1470.0,1528.0,1778.0,928.0,238.0,554.0,308.0,1048.0,3113.0,3802.0,3949.0,4054.0,1775.0,921.0,202.0,682.0,383.0,1273.0,3274.0,3956.0,4143.0,4214.0,1824.0,958.0,372.0,897.0,629.0,1613.0,3426.0,4018.0,4143.0,4214.0,2027.0,1096.0,588.0,1160.0,998.0,2033.0,3264.0,3710.0,3891.0,3981.0,2206.0,1297.0,635.0,1182.0,1154.0,2047.5,2990.0,3325.0,3664.5,3671.0,2478.5,1520.5,681.5,1203.5,1319.5,2071.5,2827.5,3104.0,3427.0,3520.5,3044.0,1878.0,955.0,1376.5,1666.0,2246.0,2773.5,3034.5,3367.5,3498.5,3817.5,2626.0,974.5,1336.0,1826.0,2238.5,2580.0,2848.5,3218.5,3282.5,3422.0,2427.0,823.0,1201.0,1741.0,2130.5,2395.0,2626.0,2999.0,3047.0,2352.0,1824.0,724.0,984.0,1371.0,1568.0,1626.0,1810.0,1893.0,2006.0,2183.0,1815.0,652.0,821.5,1088.0,1209.0,1283.5,1346.5,1482.0,1492.5,2398.0,1863.5,741.0,997.5,1375.5,1559.0,1625.5,1798.5,1846.0,1981.0,2350.0,1831.0,816.5,1031.0,1371.0,1540.5,1611.5,1719.5,1861.5,1908.0,2137.5,1698.0,606.0,773.0,1033.0,1169.5,1233.5,1332.0,1436.0,1482.5,2160.5,1751.0,667.5,799.0,1033.5,1204.5,1223.0,1331.5,1408.5,1486.0,1853.0,1317.0,514.0,639.0,868.0,952.0,1024.0,1117.0,1256.0,1250.0,0.0,0.0,0.0,0.0,0.0,0.0,0.0,0.0,0.0,0.0,1842.0,1526.0,545.0,685.0,891.0,999.0,1022.0,1095.0,1187.0,1233.0,1945.0,1660.0,634.0,738.0,916.0,1009.0,1031.0,1079.0,1173.0,1221.0,2278.0,1954.0,705.0,897.0,1114.0,1229.0,1270.0,1333.0,1440.0,1488.0,2319.0,1963.0,778.5,917.0,1130.0,1262.5,1255.5,1357.5,1466.0,1512.0,2278.5,1893.5,749.5,865.5,1080.0,1198.5,1188.0,1291.0,1380.5,1417.5,2098.0,1792.0,694.0,834.0,1046.0,1191.0,1244.0,1321.0,1414.0,1459.0,2016.0,1767.0,694.0,855.0,1090.0,1188.0,1230.0,1321.0,1414.0,1434.0,"{""type"":""MultiPoint"",""coordinates"":[]}"
320_0,3,2149.5,1741.5,694.5,854.5,1152.5,1293.0,1356.0,1441.5,1563.0,1567.5,2359.0,1955.5,793.5,1009.0,1282.5,1391.5,1457.0,1566.0,1701.5,1747.5,2655.5,2241.0,953.5,1244.5,1548.5,1664.0,1682.0,1778.0,1871.0,1884.5,3002.0,2578.0,1186.5,1515.0,1835.0,1997.0,1995.5,2121.0,2214.5,2247.0,1209.0,1085.0,1187.0,1516.0,1842.0,2002.0,1693.0,1665.0,1632.0,1534.0,412.0,325.0,863.0,1149.0,1150.0,1245.0,897.0,901.0,877.0,723.0,610.0,452.0,525.0,871.0,768.0,1058.0,1124.0,1193.0,1144.0,960.0,847.0,584.0,530.0,871.0,703.0,1176.0,1362.0,1418.0,1439.0,1287.0,1171.0,797.0,405.0,729.0,478.0,1024.0,1842.0,2211.0,2179.0,1981.0,1567.0,844.0,256.0,566.5,280.5,899.0,2719.5,3489.0,3509.5,3516.0,1586.5,774.5,123.5,336.0,131.5,632.5,2762.0,3878.0,4137.5,4133.5,2368.0,1953.0,757.0,985.0,1236.0,1411.0,1464.0,1514.0,1599.0,1692.0,1599.0,781.0,145.0,358.0,163.0,614.0,3019.0,4259.0,4398.0,4547.0,1629.0,775.0,86.0,400.0,134.0,835.0,3480.0,4873.0,5145.0,5032.0,1700.0,815.0,329.0,841.0,437.0,1419.0,3805.0,4947.0,5111.0,5192.0,1927.0,975.0,540.0,1130.0,777.0,1973.0,3790.0,4508.0,4808.0,4828.0,2021.0,1135.0,620.0,1220.0,980.0,2083.5,3690.0,4129.0,4539.0,4489.5,2556.5,1595.0,831.0,1524.0,1607.5,2651.0,3666.0,4075.0,4396.0,4447.5,3234.5,2180.5,1214.0,1898.0,2362.5,3212.5,3912.5,4157.0,4629.0,4694.5,4019.5,2787.0,1362.5,1918.0,2572.0,3279.5,3708.5,3972.5,4277.5,4431.0,3982.0,2912.0,1251.0,1761.0,2508.0,2800.0,2948.0,3202.0,3546.0,3468.0,4076.5,2932.5,1267.0,1747.5,2521.5,2864.0,3011.5,3325.5,3435.0,3568.5,2370.0,1972.0,731.0,931.0,1244.0,1357.5,1416.0,1528.0,1659.0,1661.0,3080.0,2397.0,841.5,1134.0,1601.0,1851.5,1973.0,2065.5,2177.0,2326.0,2983.0,2315.0,876.5,1150.5,1576.0,1750.0,1855.0,2012.5,2168.0,2239.0,2693.0,2187.5,699.0,914.5,1229.0,1391.0,1465.5,1560.0,1692.0,1756.0,2732.5,2227.5,751.0,902.0,1211.0,1359.0,1461.5,1574.0,1674.0,1736.5,1916.0,1346.0,476.0,644.0,876.0,990.0,1049.0,1115.0,1249.0,1284.0,0.0,0.0,0.0,0.0,0.0,0.0,0.0,0.0,0.0,0.0,1869.0,1497.0,637.0,803.0,1044.0,1155.0,1205.0,1305.0,1381.0,1383.0,2166.0,1764.0,738.0,898.0,1099.0,1232.0,1262.0,1334.0,1434.0,1484.0,2680.0,2233.0,900.0,1157.0,1407.0,1549.0,1604.0,1676.0,1815.0,1809.0,2864.0,2392.0,1156.0,1339.0,1579.0,1731.0,1807.0,1907.0,2124.0,2052.0,2174.5,1739.0,715.0,885.5,1108.0,1229.5,1229.0,1312.5,1428.5,1464.0,2685.0,2272.0,965.0,1177.0,1414.0,1530.0,1639.0,1775.0,1882.0,1920.0,2535.0,2107.0,830.0,1077.0,1364.0,1473.0,1593.0,1654.0,1780.0,1801.0,"{""type"":""MultiPoint"",""coordinates"":[]}"
321_0,3,2007.5,1682.5,573.0,731.0,974.0,1111.0,1151.5,1232.5,1311.0,1382.0,2550.0,2205.5,973.0,1268.0,1563.5,1692.5,1753.0,1830.0,1930.5,1935.0,2554.0,2175.5,913.5,1194.0,1501.5,1643.5,1637.5,1742.0,1826.5,1837.0,2503.5,2149.0,895.5,1157.0,1451.0,1586.0,1592.0,1682.0,1757.5,1801.0,269.5,209.0,668.5,880.0,957.0,1126.5,1000.5,1057.5,938.5,957.5,270.5,209.0,508.5,747.5,801.5,1020.0,888.0,976.5,942.0,846.5,777.5,610.0,487.5,734.0,642.0,1077.5,1483.5,1562.5,1442.5,1433.0,1428.0,808.5,345.0,725.5,353.5,1043.0,2650.0,2893.5,3048.5,2859.5,1462.0,739.5,193.0,551.5,226.5,973.0,3175.5,3919.5,4022.5,4067.5,1679.0,889.5,243.5,598.5,358.0,1103.0,3014.5,3754.0,3932.0,4092.5,1702.5,886.5,240.5,605.5,366.0,1103.5,2971.5,3722.0,3944.0,4049.5,2278.5,1931.0,603.0,817.5,1096.5,1240.5,1291.0,1362.5,1445.0,1514.0,1632.5,835.0,204.5,561.0,313.0,1051.0,2926.5,3682.0,3912.5,4072.0,1517.5,739.5,201.5,539.5,288.0,999.5,3006.0,3735.0,3936.0,4066.0,1566.5,740.0,247.5,653.0,304.0,1159.5,3328.5,3986.5,4148.0,4335.5,1872.5,929.0,470.5,1016.0,556.0,1709.0,3695.5,4263.5,4495.5,4551.5,1918.5,1013.5,484.0,1098.5,654.0,1843.5,3608.0,4061.0,4351.5,4386.0,2096.0,1149.0,579.0,1301.0,1074.0,2338.0,3537.0,3840.0,4110.0,4219.0,2424.5,1372.5,891.0,1639.5,1600.0,2717.0,3588.5,3889.5,4235.0,4343.5,2834.0,1673.0,897.0,1533.0,1854.5,2716.5,3372.5,3646.0,4002.5,4098.0,4254.5,2884.5,1155.5,1563.5,2243.5,2751.5,3034.0,3339.0,3724.0,3858.5,2485.0,1908.0,785.0,1046.0,1482.5,1723.5,1798.0,1977.0,2027.5,2169.5,2141.0,1833.0,532.0,732.0,995.0,1106.5,1171.5,1242.0,1363.5,1396.0,2401.0,1863.0,732.5,1002.0,1401.0,1616.0,1693.5,1801.5,1926.0,1997.5,2546.0,2013.5,872.5,1105.0,1458.5,1681.5,1733.5,1818.0,1936.5,2023.0,2310.0,1864.0,648.0,872.5,1155.0,1327.5,1390.0,1495.0,1603.5,1649.0,2503.5,2051.5,761.5,949.0,1218.5,1405.5,1461.0,1584.0,1659.5,1767.0,2074.0,1466.0,524.0,683.0,957.0,1057.5,1176.0,1262.5,1423.5,1418.5,0.0,0.0,0.0,0.0,0.0,0.0,0.0,0.0,0.0,0.0,2003.0,1776.0,529.0,705.5,913.5,1030.5,1062.5,1159.5,1226.5,1243.0,2001.0,1769.5,564.0,676.0,858.0,963.0,985.0,1065.0,1128.0,1173.5,2366.5,2097.0,653.5,844.0,1087.5,1210.0,1252.5,1348.5,1433.5,1427.0,2472.5,2169.0,694.5,858.5,1134.0,1239.0,1227.0,1318.0,1468.0,1453.0,2218.5,1931.0,645.0,779.5,1006.0,1124.5,1132.0,1212.5,1320.5,1343.5,2038.5,1776.0,573.5,750.5,956.0,1073.5,1115.5,1200.5,1288.5,1321.5,2348.5,2028.5,831.0,1110.5,1395.5,1500.0,1537.0,1580.5,1715.5,1709.0,"{""type"":""MultiPoint"",""coordinates"":[]}"
322_0,3,1746.5,1453.5,613.5,762.0,981.0,1079.5,1123.0,1207.0,1286.5,1288.0,2398.5,2093.5,1008.0,1272.0,1513.5,1648.5,1665.5,1744.5,1838.0,1839.5,2392.0,2094.5,896.0,1141.0,1404.0,1534.0,1561.0,1653.5,1733.0,1723.0,2484.5,2178.5,960.0,1230.0,1498.5,1626.5,1649.0,1734.5,1812.0,1824.0,1297.0,1200.0,884.0,1171.0,1299.0,1427.0,1410.0,1475.0,1559.0,1555.0,322.0,312.0,677.0,952.0,1038.0,1211.0,857.0,901.0,856.0,735.0,386.0,274.0,636.0,928.0,892.0,1144.0,1031.0,1081.0,1021.0,870.0,567.0,478.0,568.0,876.0,761.0,1289.0,1266.0,1344.0,1301.0,1139.0,881.0,609.0,479.0,807.0,680.0,1303.0,1751.0,1923.0,1895.0,1749.0,919.5,570.0,289.0,542.5,385.5,935.0,1783.0,2051.0,1970.5,1897.5,1181.5,652.5,271.0,537.5,338.0,941.0,2499.5,3098.5,2997.0,2911.5,1957.0,1624.0,692.0,834.0,1071.0,1206.0,1210.0,1291.0,1349.0,1441.0,1447.0,764.0,222.0,478.0,321.0,881.0,2635.0,3346.0,3373.0,3462.0,1267.0,625.0,136.0,429.0,269.0,820.0,2491.0,3257.0,3308.0,3327.0,1215.0,593.0,136.0,390.0,202.0,724.0,2619.0,3411.0,3381.0,3583.0,1428.0,709.0,328.0,689.0,340.0,1101.0,3126.0,3821.0,3867.0,3907.0,1539.0,796.0,334.0,827.0,446.0,1378.0,3331.0,3978.0,4225.0,4166.0,1633.0,894.5,385.0,913.5,519.0,1587.5,3141.0,3518.5,3640.0,3738.0,1891.0,1018.0,730.0,1317.0,1090.0,2119.0,3096.0,3423.0,3602.0,3659.0,2207.5,1350.0,730.0,1366.5,1292.5,2352.0,3180.5,3460.5,3710.5,3776.5,3035.5,2111.5,949.0,1477.0,1816.5,2613.5,2968.0,3248.5,3562.5,3575.5,3507.0,2382.0,1060.0,1470.0,2160.0,2624.0,2771.0,2987.0,3103.0,3336.0,1817.0,1529.0,526.0,718.0,983.0,1073.0,1132.0,1171.0,1301.0,1300.0,3388.0,2531.0,945.0,1327.0,1882.0,2213.0,2343.0,2513.0,2591.0,2784.0,3253.0,2440.5,899.5,1192.5,1664.0,1970.0,2074.5,2261.0,2407.5,2515.0,2841.0,2282.5,653.5,853.5,1191.5,1394.0,1467.5,1603.5,1745.0,1838.5,2930.0,2368.0,741.0,909.0,1209.0,1420.0,1478.0,1625.0,1726.0,1852.0,2526.0,1659.0,547.0,680.0,957.0,1130.0,1202.0,1318.0,1509.0,1505.0,912.0,806.0,848.0,737.0,707.0,761.0,836.0,931.0,1009.0,1001.0,1537.0,1280.0,447.0,624.0,823.0,929.0,947.0,974.0,1085.0,1059.0,1730.0,1478.0,589.0,707.0,868.0,942.0,981.0,1015.0,1111.0,1119.0,2087.0,1808.0,667.0,885.0,1111.0,1221.0,1253.0,1351.0,1422.0,1430.0,1839.0,1545.0,860.0,1034.0,1249.0,1332.0,1393.0,1365.0,1608.0,1396.0,1839.0,1545.0,562.0,686.0,902.0,985.0,994.0,1065.0,1144.0,1169.0,1956.0,1689.0,685.0,840.0,1040.0,1137.0,1158.0,1242.0,1333.0,1343.0,2132.0,1890.5,774.0,959.0,1184.5,1286.0,1335.0,1399.5,1503.0,1481.5,"{""type"":""MultiPoint"",""coordinates"":[]}"
323_0,3,1521.0,1266.5,754.0,797.0,879.0,1027.0,1129.0,1203.5,1284.5,1274.0,2507.0,2337.0,982.0,1214.0,1521.0,1641.0,1617.0,1701.0,1806.0,1803.0,2496.0,2403.0,943.0,1152.0,1453.0,1616.0,1602.0,1692.0,1813.0,1828.0,1144.5,1119.5,497.5,670.5,781.0,910.0,909.0,959.0,982.5,939.5,436.5,383.0,438.5,619.0,622.5,815.5,625.0,699.0,605.5,579.0,590.5,394.5,349.0,617.0,450.0,809.5,1100.5,1211.0,1187.5,1045.5,795.0,532.0,302.0,621.0,395.0,870.0,1361.0,1537.0,1512.0,1420.0,1102.0,645.0,194.0,481.0,214.0,782.0,1843.0,2241.0,2144.0,2032.0,1130.0,596.0,61.0,291.0,97.0,591.0,2044.0,2776.0,2664.0,2669.0,1305.5,604.0,37.5,229.0,25.5,470.0,2545.5,3945.0,4001.5,4056.5,1310.0,602.0,30.5,225.5,23.5,476.0,2711.5,4446.0,4519.5,4600.0,1976.0,1642.0,1111.0,1155.0,1213.0,1388.5,1620.5,1692.5,1760.0,1728.0,1362.0,633.5,38.5,241.0,29.5,495.5,2853.5,4708.0,4811.0,4886.5,1381.5,639.0,151.5,480.0,168.5,889.5,3203.0,4681.5,4872.0,4989.5,1462.0,693.0,528.0,879.0,617.0,1365.0,3386.0,4411.0,4486.0,4741.0,1618.0,867.0,699.0,1102.0,927.0,1782.0,3237.0,3780.0,3995.0,4093.0,1652.0,892.0,602.0,1087.0,928.0,1817.0,3019.0,3517.0,3791.0,3834.0,2045.0,1208.0,594.0,1110.0,1220.0,2034.0,2977.0,3280.0,3538.0,3635.0,4425.5,3085.5,1186.5,1669.0,2232.0,2858.0,3315.0,3552.0,3901.0,4021.0,4612.0,3350.0,1205.0,1669.0,2420.0,2874.0,3178.0,3289.0,3627.0,3562.0,4293.0,3200.0,1251.0,1722.0,2338.0,2674.0,2904.0,3165.0,3545.0,3566.0,3828.0,2811.5,1164.0,1577.0,2201.5,2439.5,2553.0,2759.5,3001.0,3169.0,1763.0,1412.0,433.0,651.0,812.0,1039.0,1315.0,1437.0,1557.0,1543.0,3903.0,3047.0,948.5,1255.5,1710.5,2009.5,2138.0,2337.0,2507.0,2643.5,3041.0,2703.5,889.5,1037.0,1308.0,1469.0,1573.5,1747.0,1901.5,1937.5,3150.0,3007.5,1555.0,1615.0,1682.5,1882.0,2117.5,2186.0,2369.5,2322.0,2194.5,2238.0,563.5,654.5,789.0,941.0,1087.5,1184.5,1266.5,1304.5,1620.0,1375.5,327.5,482.5,621.5,824.5,1065.5,1160.5,1302.5,1321.5,0.0,0.0,0.0,0.0,0.0,0.0,0.0,0.0,0.0,0.0,1636.0,1221.0,338.0,575.0,694.0,1069.0,1415.0,1481.0,1627.0,1663.0,2985.5,2497.5,2209.0,2341.0,2325.5,2723.5,3158.0,3200.0,3513.0,3176.0,1872.5,1413.0,449.5,740.0,764.0,1213.5,1797.0,1966.5,2097.0,2086.0,1927.5,1534.0,560.0,753.0,888.5,1194.5,1543.5,1655.5,1827.0,1839.0,1993.0,1703.0,575.0,743.0,982.0,1183.0,1254.0,1344.0,1482.0,1516.0,2025.5,1844.5,660.0,835.0,1075.5,1188.5,1297.5,1343.5,1494.5,1484.0,2489.0,2360.0,903.0,1152.5,1443.5,1561.5,1560.5,1673.0,1777.5,1783.0,"{""type"":""MultiPoint"",""coordinates"":[]}"
324_0,3,1757.0,1472.0,584.5,734.0,976.5,1113.5,1118.0,1218.0,1279.5,1283.0,2402.5,2056.0,1009.0,1271.0,1527.0,1658.0,1694.0,1768.0,1856.5,1835.5,2332.5,1971.0,878.0,1133.5,1391.5,1508.5,1530.5,1595.0,1687.0,1719.5,506.5,481.5,685.5,922.0,1014.5,1147.0,1080.5,1177.5,1162.5,1078.5,419.5,368.0,629.5,921.5,937.0,1311.5,1067.0,1109.5,1029.0,892.0,419.5,368.0,661.5,998.5,927.0,1311.5,1173.0,1289.5,1275.0,1131.0,900.0,558.5,449.5,717.5,572.5,1035.5,1713.5,1919.5,1774.5,1664.0,1200.5,679.5,352.0,695.0,416.0,1048.0,2450.0,2853.0,2798.0,2620.5,1418.0,728.5,275.0,611.5,338.5,1057.0,3059.0,3719.5,3842.0,3940.5,1593.0,850.0,240.5,570.5,405.0,1056.0,2873.0,3551.0,3743.0,3814.5,1748.5,926.5,240.0,546.0,382.0,989.5,2758.0,3648.5,3949.0,4137.0,2058.5,1741.0,646.5,888.0,1133.0,1289.0,1336.5,1402.0,1449.5,1466.5,1827.0,940.0,261.0,594.0,360.5,1065.0,3052.5,3968.0,4089.0,4271.0,1806.5,943.5,309.0,827.0,458.5,1504.0,3479.0,4166.0,4349.5,4500.0,1869.0,977.0,392.5,913.5,595.5,1592.0,3422.5,3933.0,4114.0,4351.0,2063.0,1132.5,575.0,1101.0,926.5,1997.0,3297.5,3733.0,3994.0,4174.5,2288.0,1323.5,645.5,1145.5,1147.0,2055.0,3077.5,3440.5,3892.5,3890.5,2590.0,1549.0,719.0,1218.0,1407.0,2202.0,2902.0,3213.0,3567.0,3730.0,4172.5,2898.0,1135.5,1566.0,2255.5,2704.5,2926.5,3252.5,3707.0,3773.5,4207.5,2898.0,1050.0,1500.5,2266.5,2707.0,2933.0,3252.5,3714.5,3773.5,3878.5,2723.5,1042.5,1455.5,2121.5,2568.0,2763.0,3056.5,3339.5,3340.5,2599.0,2017.5,818.0,1079.0,1545.5,1815.5,1837.0,2033.5,2089.5,2168.5,1929.0,1595.5,551.5,776.5,1019.5,1167.5,1195.0,1282.5,1363.0,1384.5,2508.0,1943.0,843.5,1105.0,1526.5,1786.0,1782.0,1982.5,2031.0,2150.0,2411.5,1892.5,954.0,1181.5,1554.0,1714.5,1827.5,1913.0,2075.0,2094.0,2081.5,1668.5,677.5,857.0,1152.5,1274.5,1309.5,1413.0,1560.0,1572.5,1792.0,1502.5,557.0,704.0,928.0,1009.0,1068.5,1164.5,1260.0,1278.5,881.5,714.5,316.5,435.0,575.5,662.5,641.5,681.0,760.5,730.5,0.0,0.0,0.0,0.0,0.0,0.0,0.0,0.0,0.0,0.0,1579.0,1261.5,457.0,645.0,831.0,947.0,995.5,1052.5,1142.5,1138.0,1814.5,1584.0,643.0,765.0,920.0,1035.0,1074.0,1133.5,1175.5,1248.5,2039.0,1740.5,726.5,931.5,1138.5,1254.0,1297.5,1332.5,1441.5,1435.5,1986.5,1676.0,606.5,767.0,981.0,1084.5,1051.5,1123.5,1204.5,1249.0,1986.5,1676.0,606.5,767.0,981.0,1084.5,1051.5,1123.5,1204.5,1249.0,1943.0,1648.5,623.5,784.5,1004.0,1119.5,1125.5,1213.5,1298.0,1308.0,2202.5,1935.0,779.0,996.5,1215.5,1319.0,1374.5,1423.0,1568.0,1597.0,"{""type"":""MultiPoint"",""coordinates"":[]}"
325_0,3,2244.5,1948.5,1141.5,1210.5,1355.5,1503.0,1587.5,1686.5,1767.5,1793.5,2666.0,2456.0,792.0,1090.0,1427.0,1571.0,1654.0,1754.0,1859.0,1905.0,2385.0,2208.0,592.0,848.0,1178.0,1326.0,1400.0,1506.0,1638.0,1632.0,237.0,246.0,211.0,290.0,315.5,362.5,230.0,305.5,306.0,187.0,256.5,205.0,219.5,370.0,357.0,479.0,366.5,441.5,430.0,330.5,413.5,320.0,233.5,426.0,370.0,603.0,650.5,720.0,696.5,604.5,744.0,555.0,218.0,488.0,270.0,784.0,1152.0,1143.0,1129.0,1132.0,1098.0,598.0,218.0,488.0,255.0,756.0,1715.0,2058.0,1914.0,1875.0,1249.0,637.0,126.0,334.0,95.0,579.0,2216.0,3041.0,2987.0,2887.0,1364.0,654.5,81.5,307.0,56.5,567.5,2685.5,3859.0,3771.0,3806.5,1377.0,641.0,65.0,318.0,64.5,580.0,2797.5,4162.0,4174.5,4222.0,2355.0,2044.5,1331.0,1373.5,1506.5,1619.0,1695.5,1715.5,1870.0,1844.0,1464.5,685.5,79.0,353.5,101.5,658.5,3064.5,4401.5,4472.0,4592.0,1545.5,755.5,217.5,783.5,350.5,1394.5,3544.5,4384.0,4568.5,4684.0,1608.0,807.0,535.0,883.0,710.0,1437.0,3303.0,4022.0,4103.0,4318.0,1736.0,994.0,713.0,1091.0,1043.0,1868.0,3005.0,3423.0,3630.0,3696.0,1893.0,1106.0,611.0,1065.0,1043.0,1873.0,2687.0,3042.0,3397.0,3352.0,4136.0,2907.0,972.0,1389.0,2013.0,2467.0,2792.0,3054.0,3354.0,3510.0,4362.0,3200.0,1034.5,1424.0,1973.5,2397.5,2704.0,2982.0,3293.0,3416.5,4291.0,3212.0,999.0,1361.0,2004.0,2343.0,2592.0,2889.0,3235.5,3279.5,3959.0,2894.0,939.0,1235.0,1841.0,2115.0,2355.0,2604.0,2983.0,3052.0,3214.5,2376.0,805.5,1104.5,1552.5,1864.0,2071.0,2244.0,2419.0,2575.5,2346.0,1892.0,646.0,824.0,1098.0,1301.0,1411.0,1498.0,1696.0,1687.0,3479.0,2770.5,763.0,1027.5,1361.0,1619.5,1825.5,1999.5,2155.5,2309.0,2874.0,2479.0,1268.5,1387.0,1603.5,1740.0,1898.5,2002.0,2123.0,2197.0,2685.0,2404.5,596.5,744.5,961.0,1148.5,1293.5,1388.5,1550.0,1620.0,2739.0,2506.0,675.5,796.5,972.0,1169.0,1312.5,1432.0,1566.0,1647.5,2471.0,1750.0,518.0,684.0,878.0,1067.0,1234.0,1367.0,1526.0,1620.0,0.0,0.0,0.0,0.0,0.0,0.0,0.0,0.0,0.0,0.0,1937.0,1538.0,393.0,598.0,800.0,1096.0,1230.0,1335.0,1498.0,1532.0,1856.5,1587.5,690.5,832.0,962.5,1176.5,1451.5,1568.0,1495.5,1597.5,2415.0,2021.0,605.5,860.5,1032.5,1314.5,1580.5,1724.5,1876.0,1914.5,2524.0,2080.5,700.0,913.5,1082.5,1364.5,1708.5,1833.0,2030.5,2022.0,2322.0,2102.0,715.0,882.0,1110.0,1303.0,1445.0,1575.0,1657.0,1714.0,2122.0,1970.5,520.5,709.0,985.5,1111.0,1213.5,1318.0,1443.0,1436.0,2398.0,2264.5,640.5,899.5,1190.5,1332.5,1434.0,1536.5,1661.0,1683.5,"{""type"":""MultiPoint"",""coordinates"":[]}"
326_0,3,227.0,188.5,133.0,196.0,299.0,386.0,268.0,273.0,268.5,207.0,2125.5,1751.0,712.0,918.5,1133.0,1248.5,1323.5,1466.5,1531.5,1578.0,2131.5,1839.0,764.0,986.5,1196.5,1298.5,1335.5,1415.0,1484.0,1511.0,2309.0,2008.5,927.5,1162.0,1374.0,1488.0,1528.0,1616.5,1655.0,1694.5,2119.0,1890.0,1073.0,1303.0,1484.0,1582.0,1562.0,1610.0,1676.0,1677.0,526.0,483.0,1055.0,1288.0,1354.0,1421.0,1050.0,1071.0,1100.0,895.0,408.0,347.0,619.0,953.0,918.0,1175.0,928.0,1033.0,962.0,797.0,621.0,471.0,713.0,1010.0,956.0,1320.0,1226.0,1350.0,1277.0,1161.0,575.0,443.0,540.0,841.0,694.0,1170.0,1260.0,1380.0,1302.0,1177.0,754.0,504.0,235.5,505.5,358.5,962.0,1756.5,1986.5,1854.0,1730.0,858.0,556.5,188.5,392.0,234.5,776.5,1719.5,1996.5,1884.5,1858.0,246.0,249.0,244.0,338.0,395.0,527.0,394.0,379.0,379.0,322.0,1343.0,732.0,182.0,353.0,217.0,744.0,2266.0,2978.0,2861.0,2893.0,1413.0,778.0,105.0,332.0,173.0,701.0,2532.0,3407.0,3464.0,3453.0,1498.0,810.0,164.0,440.0,234.0,855.0,2660.0,3467.0,3581.0,3649.0,1619.0,869.0,403.0,817.0,503.0,1376.0,3086.0,3727.0,3842.0,3764.0,1633.0,914.0,406.0,893.0,641.0,1516.0,2992.0,3296.0,3620.0,3543.0,1921.5,1116.5,491.5,978.0,952.5,1807.5,2759.5,3106.0,3268.5,3324.0,2359.0,1534.0,1040.0,1438.0,1562.0,2140.0,2737.0,2957.0,3176.0,3284.0,3550.0,2556.5,993.5,1399.0,1982.0,2365.5,2542.5,2750.5,3038.5,3121.5,3594.0,2542.0,972.5,1388.5,2019.5,2367.5,2509.0,2767.0,3072.5,3100.5,3548.0,2555.0,978.0,1387.0,2033.0,2302.0,2514.0,2650.0,2931.0,3146.0,246.0,249.0,244.0,281.0,351.0,409.0,394.0,379.0,379.0,301.0,3548.0,2648.0,967.0,1344.0,1908.0,2244.0,2353.0,2580.0,2639.0,2793.0,3350.0,2557.0,910.5,1192.0,1650.5,1870.5,2005.0,2177.0,2408.0,2470.0,2852.5,2280.5,667.5,872.5,1190.0,1323.0,1448.0,1595.5,1764.0,1783.0,433.0,377.0,322.0,421.0,497.0,566.0,423.0,444.0,464.0,465.0,225.0,171.0,114.0,129.0,165.0,235.0,188.0,196.0,158.0,147.0,0.0,0.0,0.0,0.0,0.0,0.0,0.0,0.0,0.0,0.0,208.0,201.0,102.0,186.0,287.0,347.0,260.0,308.0,224.0,245.0,251.0,239.0,110.0,161.0,277.0,415.0,260.0,339.0,288.0,284.0,826.0,546.0,350.0,512.0,680.0,861.0,946.0,989.0,1153.0,1191.0,960.0,520.0,360.0,480.0,740.0,997.0,1127.0,1091.0,1273.0,1444.0,2642.0,1914.0,984.0,1238.0,1600.0,1869.0,1918.0,2016.0,2301.0,2381.0,4125.0,3222.0,1527.0,1860.0,2296.0,2530.0,2783.0,2891.0,3123.0,3168.0,4240.5,3351.0,1578.5,1878.0,2318.0,2581.0,2741.5,2903.5,3134.5,3234.0,"{""type"":""MultiPoint"",""coordinates"":[]}"
327_0,3,1984.0,1650.0,940.5,1000.0,1098.0,1298.0,1431.0,1514.5,1640.5,1607.5,2616.0,2467.0,904.0,1154.0,1497.0,1659.0,1685.0,1761.0,1893.0,1912.0,2654.0,2591.0,893.0,1111.0,1441.0,1593.0,1660.0,1723.0,1842.0,1897.0,651.0,622.5,555.0,719.5,883.5,974.5,855.5,908.0,799.5,776.0,277.0,261.0,370.0,520.5,505.5,660.5,491.5,507.5,431.5,413.5,549.5,381.0,355.0,644.5,423.5,864.5,1099.5,1202.5,1172.0,1054.0,725.0,467.0,314.0,647.0,346.0,929.0,1305.0,1466.0,1432.0,1324.0,867.0,517.0,191.0,452.0,256.0,852.0,1676.0,1879.0,1796.0,1837.0,812.0,560.0,54.0,287.0,19.0,511.0,1255.0,1470.0,1439.0,1315.0,1200.0,562.5,60.0,288.5,2.0,490.0,2439.5,3461.0,3490.0,3443.0,1245.5,555.0,25.0,212.5,0.0,386.5,2497.5,4085.5,4135.5,4098.0,2521.5,2156.5,1697.5,1684.0,1735.0,1944.0,2095.0,2164.5,2350.0,2240.5,1291.5,577.5,23.5,180.5,1.0,410.5,2655.5,4438.5,4512.5,4649.5,1317.0,576.5,119.5,429.5,100.0,782.0,3106.5,4574.0,4694.0,4846.5,1418.0,662.0,508.0,832.0,568.0,1258.0,3286.0,4328.0,4419.0,4654.0,1567.0,819.0,662.0,1047.0,870.0,1685.0,3189.0,3768.0,3978.0,4054.0,1657.0,935.0,553.0,978.0,874.0,1685.0,2767.0,3265.0,3508.0,3617.0,2071.0,1246.0,540.0,984.0,1120.0,1869.0,2668.0,2999.0,3215.0,3376.0,4479.0,3091.5,1074.5,1503.5,2058.5,2458.0,2814.0,3081.0,3387.5,3566.5,4648.0,3341.0,1138.0,1572.0,2300.0,2678.0,2934.0,3247.0,3544.0,3542.0,4423.0,3194.0,1159.0,1585.0,2375.0,2672.0,2928.0,3172.0,3561.0,3563.0,4199.0,3054.5,1044.0,1424.0,2058.5,2449.5,2555.0,2814.5,3061.0,3270.0,1740.0,1391.0,494.0,662.0,844.0,1058.0,1346.0,1445.0,1599.0,1608.0,3972.5,3074.0,899.5,1197.5,1640.0,1945.0,2128.0,2322.0,2486.0,2653.0,2624.5,2114.5,848.0,997.0,1241.5,1409.5,1503.5,1640.0,1824.5,1824.0,2759.5,2450.0,614.0,761.5,954.0,1175.5,1389.0,1545.5,1698.0,1735.0,2812.0,2517.5,682.0,808.0,972.5,1195.0,1393.0,1558.5,1709.0,1750.0,2323.0,1832.5,448.5,648.5,831.5,1098.5,1499.5,1592.5,1825.0,1849.0,0.0,0.0,0.0,0.0,0.0,0.0,0.0,0.0,0.0,0.0,1774.0,1357.0,307.0,542.0,659.0,1031.0,1513.0,1623.0,1762.0,1725.0,1538.0,1262.0,549.0,639.5,672.5,972.0,1430.0,1601.5,1520.0,1649.0,1818.0,1348.5,396.0,688.0,720.5,1160.5,1877.0,2008.0,2145.5,2155.0,1905.0,1564.0,516.5,701.0,833.0,1119.5,1548.0,1663.0,1818.5,1820.0,2029.0,1792.0,523.0,679.0,917.0,1098.0,1244.0,1293.0,1435.0,1440.0,2280.5,2183.0,656.5,825.0,1112.5,1231.0,1337.0,1417.5,1548.5,1535.5,2434.5,2374.5,730.0,965.0,1275.0,1406.5,1485.0,1565.5,1704.5,1701.0,"{""type"":""MultiPoint"",""coordinates"":[]}"
328_0,3,1869.0,1522.5,574.0,708.0,962.0,1057.5,1090.0,1175.0,1309.0,1334.0,2217.0,1877.0,804.5,993.0,1237.0,1350.0,1422.0,1505.0,1639.0,1620.0,2312.0,1993.0,854.5,1103.0,1381.5,1488.5,1474.5,1536.0,1641.5,1655.5,2534.0,2205.0,1010.0,1280.0,1597.0,1687.0,1730.5,1795.5,1911.0,1900.5,2175.0,1916.0,1012.0,1271.0,1591.0,1680.0,1652.0,1754.0,1660.0,1623.0,422.0,382.0,771.0,994.0,954.0,1172.0,939.0,960.0,965.0,785.0,494.0,407.0,795.0,1011.0,1025.0,1234.0,1066.0,1115.0,1108.0,964.0,480.0,407.0,610.0,845.0,856.0,1128.0,1066.0,1138.0,1108.0,999.0,502.0,346.0,487.0,749.0,737.0,995.0,1150.0,1375.0,1119.0,1030.0,1083.5,556.0,216.0,489.5,292.5,831.5,1951.0,2321.5,2199.0,2328.0,1300.0,630.0,111.5,338.0,100.0,657.0,2598.0,3387.0,3388.5,3411.5,2070.0,1710.0,660.0,811.0,1039.0,1168.0,1226.0,1311.0,1404.0,1444.0,1482.0,692.0,115.0,351.0,93.0,669.0,3017.0,4260.0,4362.0,4109.0,1529.0,692.0,75.0,367.0,94.0,755.0,3157.0,4365.0,4490.0,4501.0,1561.0,746.0,169.0,491.0,247.0,916.0,3355.0,4489.0,4615.0,4718.0,1691.0,808.0,388.0,816.0,480.0,1416.0,3510.0,4338.0,4643.0,4612.0,1749.0,937.5,409.0,886.0,583.0,1572.5,3393.0,4016.0,4443.5,4411.5,2015.0,1131.5,451.0,970.0,879.0,1844.0,3150.0,3679.5,3998.5,4085.5,2454.0,1467.0,797.5,1222.0,1437.0,2205.0,3119.5,3530.0,3929.5,4055.0,2925.0,1865.0,921.5,1405.5,1810.0,2514.0,3251.0,3561.5,4044.5,4115.0,4229.0,2847.0,1181.0,1631.0,2369.0,2923.0,3358.0,3601.0,4119.0,4186.0,4142.0,2824.0,1115.5,1587.0,2400.0,2784.0,2966.0,3377.5,3702.5,3858.0,2078.0,1724.0,619.5,774.0,1038.0,1123.5,1179.5,1255.5,1431.0,1420.0,3781.0,2687.5,952.5,1327.0,1934.5,2261.5,2396.0,2681.5,2973.5,3150.5,3569.0,2579.5,998.5,1337.0,1887.5,2147.5,2268.5,2505.0,2893.5,2881.0,3115.5,2436.0,738.0,962.0,1346.0,1520.5,1643.5,1821.0,2070.5,2081.0,3230.0,2529.5,758.0,940.0,1307.5,1501.5,1563.5,1789.5,1976.5,1983.5,1705.0,1221.0,440.0,556.0,804.0,888.0,941.0,1030.0,1140.0,1153.0,0.0,0.0,0.0,0.0,0.0,0.0,0.0,0.0,0.0,0.0,1586.0,1244.0,519.0,655.0,839.0,914.0,945.0,1013.0,1156.0,1141.0,1772.0,1431.0,616.0,717.0,878.0,984.0,997.0,1077.0,1181.0,1187.0,2333.0,1939.0,815.0,999.0,1219.0,1346.0,1417.0,1447.0,1599.0,1610.0,2299.5,1905.5,862.0,989.5,1216.0,1312.5,1335.5,1415.5,1560.0,1528.0,1883.0,1546.5,595.0,714.0,913.0,999.5,984.5,1049.0,1175.0,1193.0,2236.0,1926.0,821.0,958.5,1148.0,1283.5,1350.0,1466.0,1569.0,1550.0,2348.0,1981.0,867.0,1069.0,1263.0,1375.0,1456.0,1534.0,1687.0,1669.0,"{""type"":""MultiPoint"",""coordinates"":[]}"
329_0,3,1332.5,1124.0,607.0,649.0,720.0,862.5,934.0,999.5,1046.5,1102.0,2588.0,2453.0,957.0,1203.0,1525.0,1626.0,1619.0,1716.0,1846.0,1838.0,2589.0,2540.0,938.0,1167.0,1477.0,1586.0,1620.0,1720.0,1817.0,1840.0,1226.0,1191.5,473.0,639.5,801.5,891.5,834.5,923.0,956.5,898.0,263.5,245.0,352.5,494.5,521.5,567.0,453.5,499.5,493.5,443.0,439.0,310.5,336.5,541.0,485.5,720.0,724.0,816.5,874.5,727.0,563.0,429.0,319.0,532.0,446.0,762.0,942.0,1010.0,1061.0,911.0,1047.0,619.0,222.0,510.0,345.0,736.0,1599.0,1762.0,1820.0,1797.0,1085.0,595.0,78.0,255.0,101.0,457.0,1875.0,2920.0,2735.0,2860.0,1269.5,601.0,38.0,184.0,12.0,318.5,2389.5,4023.0,3935.0,4053.5,1276.0,603.0,34.0,190.5,17.5,324.5,2494.0,4373.0,4432.5,4480.5,2294.0,1956.5,1265.5,1387.0,1512.0,1685.5,1835.5,1875.5,1946.0,1957.5,1317.0,626.5,41.5,196.5,21.0,357.0,2568.0,4579.5,4651.0,4849.5,1340.0,628.5,102.0,331.0,93.5,646.0,2952.5,4717.0,4839.0,4994.0,1412.0,692.0,509.0,876.0,587.0,1322.0,3282.0,4527.0,4614.0,4815.0,1572.0,800.0,660.0,1067.0,848.0,1666.0,3259.0,3911.0,4153.0,4210.0,1572.0,819.0,573.0,1020.0,848.0,1670.0,3070.0,3682.0,3945.0,3981.0,1919.0,1089.0,547.0,1060.0,1135.0,2007.0,3039.0,3454.0,3687.0,3788.0,4670.0,3266.0,1233.0,1751.5,2353.0,3043.5,3423.0,3705.5,4026.0,4201.5,4758.0,3474.0,1274.0,1790.0,2603.0,2923.0,3113.0,3343.0,3644.0,3610.0,4300.0,3278.0,1297.0,1775.0,2439.0,2792.0,3005.0,3211.0,3594.0,3636.0,3857.5,2839.5,1232.5,1634.5,2162.5,2583.0,2686.5,2910.0,3094.5,3272.5,1665.0,1354.0,339.0,563.0,711.0,951.0,1106.0,1165.0,1336.0,1336.0,3986.0,3155.5,980.5,1306.0,1749.0,2102.5,2240.5,2420.0,2541.5,2734.5,3352.5,2908.5,1011.0,1220.5,1511.5,1771.5,1880.0,2043.0,2215.5,2239.5,2747.0,2529.5,1003.5,1073.0,1188.5,1406.5,1653.5,1768.5,1958.0,1908.0,2430.5,2335.5,652.5,768.5,916.5,1117.0,1333.0,1445.5,1553.5,1601.5,1641.5,1336.5,370.5,546.0,666.5,902.0,1245.5,1345.5,1523.5,1525.5,0.0,0.0,0.0,0.0,0.0,0.0,0.0,0.0,0.0,0.0,1482.0,1115.0,265.0,464.0,592.0,895.0,1075.0,1136.0,1301.0,1363.0,2851.0,2481.5,2396.0,2314.5,2184.5,2497.0,2881.0,3027.5,3405.5,3077.5,1925.5,1483.0,461.0,707.5,798.0,1142.0,1621.5,1722.0,1879.0,1892.5,1867.0,1541.0,517.0,680.5,824.0,1051.0,1359.0,1458.5,1591.5,1603.5,1862.0,1643.0,491.0,644.0,845.0,1002.0,1076.0,1168.0,1279.0,1308.0,1920.0,1761.0,567.0,718.5,939.0,1066.5,1124.5,1221.5,1311.0,1307.0,2553.0,2468.5,871.5,1121.0,1424.0,1539.0,1541.0,1629.5,1758.0,1753.0,"{""type"":""MultiPoint"",""coordinates"":[]}"
330_0,3,2034.5,1614.5,693.5,874.5,1151.5,1295.0,1338.5,1379.0,1611.5,1574.0,2568.0,2200.5,1014.5,1290.5,1543.5,1696.5,1813.5,1871.5,2002.5,2025.0,2516.0,2125.5,870.0,1158.5,1397.5,1561.5,1615.0,1758.5,1758.5,1856.5,791.0,597.0,476.0,691.0,755.0,949.0,922.5,1023.0,885.5,950.0,1063.0,744.0,765.0,955.0,1074.0,1268.0,1396.0,1309.0,1424.0,1412.0,1063.0,744.0,669.0,934.0,1040.0,1369.0,1301.0,1374.0,1355.0,1412.0,830.0,594.0,591.0,880.0,865.0,1207.0,1265.0,1386.0,1287.0,1220.0,1565.0,1197.0,591.0,931.0,833.0,1393.0,1936.0,2139.0,2120.0,2345.0,1414.0,962.0,457.0,755.0,658.0,1289.0,1766.0,1955.0,1897.0,1865.0,1605.0,1011.5,326.0,617.0,483.0,1159.0,2079.5,2583.5,2431.0,2622.0,1598.0,919.0,172.0,440.5,254.5,938.0,2217.0,2785.0,2867.0,2867.5,2224.5,1836.0,784.5,1006.0,1268.5,1392.0,1421.0,1524.0,1760.5,1701.5,1774.0,1018.0,198.0,452.0,288.0,933.0,2344.0,2901.0,2924.0,3174.0,1774.0,1011.0,175.0,495.0,307.0,989.0,2731.0,3332.0,3512.0,3645.0,1714.0,1034.0,262.0,671.0,437.0,1293.0,2902.0,3452.0,3626.0,3794.0,1963.0,1034.0,464.0,920.0,768.0,1666.0,2893.0,3304.0,3518.0,3606.0,2183.0,1378.0,567.0,1008.0,1103.0,1853.0,2781.0,3039.0,3330.0,3475.0,2477.0,1640.0,672.5,1122.5,1340.5,2079.5,2755.0,3116.5,3293.0,3455.5,3792.5,2683.5,1407.0,1783.0,2310.0,2742.0,3064.5,3314.5,3734.0,3679.0,3265.0,2448.5,1216.0,1557.0,2065.0,2380.0,2585.0,2684.5,3039.0,3097.0,2807.0,2140.5,937.5,1300.5,1719.5,1959.0,2252.5,2271.5,2546.5,2610.0,2006.0,1528.0,762.0,1038.0,1366.0,1484.0,1653.0,1751.0,1799.0,1912.0,2137.0,1792.5,695.0,933.0,1201.5,1336.5,1320.0,1430.0,1677.0,1588.5,2351.0,1792.0,755.0,1047.0,1367.0,1586.0,1728.0,1836.0,1905.0,1996.0,2133.0,1705.0,751.0,965.0,1196.0,1355.0,1570.0,1605.0,1754.0,1787.5,1939.5,1577.5,466.5,684.0,886.5,1018.0,1163.0,1274.5,1417.0,1438.5,2178.0,1900.0,659.0,878.0,1088.0,1242.5,1321.0,1367.0,1558.0,1574.5,1621.0,1359.0,408.0,540.0,743.0,807.0,913.0,975.0,1049.0,1036.0,0.0,0.0,0.0,0.0,0.0,0.0,0.0,0.0,0.0,0.0,2131.0,1858.0,672.0,902.0,1092.0,1253.0,1236.0,1405.0,1505.0,1520.0,316.0,234.0,237.0,220.0,206.0,227.0,246.0,268.0,262.0,226.0,2516.5,2145.5,865.0,1086.5,1325.5,1496.0,1531.0,1676.0,1801.5,1774.0,2364.0,2030.5,824.5,998.5,1232.5,1395.5,1382.5,1573.5,1665.0,1652.0,2060.0,1803.0,685.0,830.0,990.0,1117.0,1162.0,1348.0,1410.0,1470.0,2060.0,1820.0,680.0,831.0,997.0,1177.0,1372.0,1408.0,1488.0,1533.0,2251.0,1909.0,761.5,980.0,1160.5,1335.5,1559.0,1592.5,1684.5,1757.0,"{""type"":""MultiPoint"",""coordinates"":[]}"
331_0,3,2014.0,1668.5,610.0,787.5,1070.0,1198.0,1248.5,1336.5,1442.5,1465.0,2551.5,2157.0,1001.5,1322.0,1639.0,1769.5,1814.5,1880.0,2024.0,1981.5,2579.5,2157.5,960.5,1261.0,1612.5,1754.0,1757.0,1845.0,1966.5,1938.0,2449.0,2101.5,903.0,1180.5,1499.0,1639.5,1645.5,1738.5,1828.5,1828.0,221.5,178.5,647.5,805.0,1009.5,1151.5,1121.5,1139.0,1158.5,1017.5,256.0,207.5,671.5,953.0,984.5,1280.5,1179.5,1227.0,1227.5,1145.5,637.0,462.0,671.5,972.0,961.5,1430.0,1621.0,1721.5,1580.5,1550.0,1091.5,701.5,428.0,743.0,472.5,1137.5,2301.5,2584.0,2654.5,2507.0,1347.5,646.5,174.0,473.5,181.5,850.0,3498.0,4461.0,4539.5,4603.5,1713.0,935.5,228.0,598.0,544.5,1367.5,3126.5,3897.5,4246.5,4557.0,2112.0,1203.5,358.5,737.0,744.0,1505.5,2932.0,3620.0,4025.0,4304.5,2331.5,1967.0,684.5,906.5,1217.0,1364.0,1443.0,1521.0,1574.5,1661.0,2282.5,1304.5,366.5,774.5,682.0,1473.0,2822.5,3399.0,3713.0,3998.5,2007.5,1100.0,306.5,751.5,521.0,1305.5,2830.5,3491.5,3689.0,3871.0,1841.0,951.5,255.0,630.0,413.5,1130.5,2596.0,2991.0,3147.0,3340.0,1890.0,972.5,468.0,935.5,527.0,1515.5,3133.5,3533.0,3678.5,3835.0,2001.5,1096.5,490.0,1071.5,663.0,1802.0,3100.0,3426.5,3658.0,3732.0,2159.0,1232.0,536.0,1137.0,901.0,1975.0,2918.0,3191.0,3451.0,3590.0,2514.0,1439.0,785.0,1394.0,1390.0,2409.0,2980.0,3264.0,3601.5,3707.5,2659.5,1691.0,778.0,1360.0,1517.0,2410.5,2822.5,3109.0,3512.0,3647.5,3936.0,2597.0,949.5,1363.5,1941.0,2460.0,2731.0,3015.5,3465.5,3595.5,2277.5,1657.5,663.0,958.0,1348.5,1566.0,1678.5,1784.5,1920.0,1982.5,2194.0,1847.5,603.5,854.5,1151.5,1296.0,1318.0,1414.5,1555.5,1583.5,2372.5,1817.0,683.5,963.0,1332.0,1557.5,1621.0,1720.5,1868.5,1906.0,2547.0,1997.5,880.5,1104.0,1442.0,1625.5,1700.5,1818.0,1948.0,1975.0,2303.5,1867.5,675.0,871.5,1138.5,1300.5,1350.5,1468.5,1589.0,1616.5,2274.5,1843.0,728.0,929.5,1214.0,1389.0,1432.5,1543.0,1647.5,1644.0,1940.5,1508.5,553.5,685.5,921.0,1061.5,1116.0,1199.0,1347.5,1323.5,0.0,0.0,0.0,0.0,0.0,0.0,0.0,0.0,0.0,0.0,1753.0,1344.0,518.0,718.5,956.0,1084.0,1136.5,1219.5,1321.0,1330.5,2062.0,1674.5,705.5,866.0,1071.0,1207.0,1273.5,1341.5,1453.5,1435.0,2580.5,2163.5,893.0,1136.5,1412.5,1587.5,1661.0,1734.0,1863.5,1862.0,2537.0,2123.0,894.5,1121.5,1396.0,1539.5,1600.0,1681.0,1813.5,1800.0,2329.5,1914.5,868.5,1008.5,1240.0,1366.5,1396.0,1477.5,1614.0,1629.0,2236.5,1899.0,732.0,917.0,1194.5,1317.5,1370.0,1450.5,1550.0,1560.5,2322.5,1957.5,795.5,1018.0,1296.0,1434.5,1509.5,1589.5,1687.0,1688.5,"{""type"":""MultiPoint"",""coordinates"":[]}"
332_0,3,1738.0,1433.5,591.5,755.0,1001.0,1085.5,1113.0,1217.5,1301.5,1274.0,2447.0,2082.0,997.0,1300.0,1561.5,1687.5,1721.5,1803.5,1892.0,1893.5,2367.5,1980.0,864.0,1156.5,1426.0,1551.0,1574.5,1647.0,1747.0,1743.0,428.5,356.0,495.5,753.0,783.5,999.0,798.5,859.0,890.0,773.0,470.5,431.5,824.5,1127.5,1142.0,1420.5,1174.5,1208.5,1180.0,1013.0,305.0,253.0,561.0,905.0,853.5,1200.0,1037.0,1173.5,1111.0,955.0,610.5,371.5,438.0,691.0,571.5,995.5,1391.0,1568.5,1546.0,1363.0,1169.5,682.0,494.0,848.5,480.5,1219.5,2104.0,2280.5,2152.5,2129.0,1404.5,779.5,398.5,760.5,482.0,1302.5,2918.0,3586.5,3598.5,3458.0,1439.5,748.5,220.5,590.0,310.0,1086.5,2939.5,3633.0,3677.5,3713.5,1575.5,772.0,217.5,580.5,258.0,1010.0,3403.5,4351.5,4540.5,4395.0,2043.5,1704.5,652.0,888.0,1146.0,1281.5,1298.5,1375.5,1418.5,1474.0,1742.5,832.0,221.5,660.5,265.5,1140.0,3759.5,4696.0,4852.0,4996.0,1749.5,833.0,241.5,796.5,328.5,1378.5,3950.0,4943.0,5194.0,5250.0,1860.0,905.5,351.0,876.0,453.0,1475.0,3888.0,4620.0,4859.5,5076.5,2033.0,1057.5,532.0,1057.5,770.0,1958.5,3713.5,4285.5,4573.5,4788.5,2281.0,1281.0,640.5,1144.5,1092.0,2094.0,3463.0,3844.5,4348.0,4400.0,2752.0,1654.0,755.0,1267.0,1479.0,2322.0,3374.0,3803.0,4117.0,4359.0,4443.5,3035.5,1213.0,1684.0,2459.5,3002.5,3353.0,3772.5,4147.5,4350.5,4539.0,3100.0,1162.0,1607.0,2472.0,2972.0,3242.5,3583.5,4112.0,4251.0,4074.5,2923.5,1114.0,1570.5,2294.0,2613.0,2875.5,3158.5,3571.0,3637.5,2636.5,2009.0,879.0,1170.5,1667.5,1860.5,1844.5,2109.0,2263.0,2266.0,1906.0,1578.5,527.0,767.0,1035.5,1157.5,1201.5,1263.0,1376.0,1388.0,2692.0,2058.5,909.5,1214.0,1686.5,1926.5,1910.5,2130.5,2236.5,2298.5,2593.5,1984.0,1028.0,1267.0,1671.5,1875.0,1929.0,2030.5,2236.0,2237.0,2227.5,1773.0,722.5,903.0,1238.5,1362.0,1466.0,1541.5,1724.0,1737.5,1983.5,1606.5,585.0,761.0,1026.5,1185.5,1217.0,1336.0,1424.0,1465.5,912.0,646.0,315.0,428.5,567.5,640.0,660.5,714.5,810.5,780.5,0.0,0.0,0.0,0.0,0.0,0.0,0.0,0.0,0.0,0.0,1574.5,1220.0,472.5,657.5,865.0,953.0,994.5,1061.5,1150.0,1175.0,2013.0,1732.0,700.0,850.0,1007.0,1161.5,1191.0,1298.0,1309.5,1398.5,2258.0,1910.5,806.5,1044.5,1273.5,1405.0,1415.0,1495.0,1590.5,1614.0,2211.0,1848.0,806.0,969.5,1227.0,1335.0,1336.5,1390.5,1531.5,1505.0,1998.0,1644.5,634.5,782.0,1003.0,1107.0,1075.0,1140.0,1233.0,1249.0,1920.5,1629.0,624.0,809.5,1024.5,1127.0,1183.5,1231.0,1328.5,1343.0,2257.5,1953.5,757.0,1001.0,1246.5,1381.0,1410.5,1503.0,1606.5,1560.0,"{""type"":""MultiPoint"",""coordinates"":[]}"
333_0,3,1925.5,1580.5,598.0,741.0,994.5,1109.5,1145.5,1217.0,1356.0,1380.0,2287.0,1996.5,875.5,1142.5,1412.5,1536.0,1563.5,1621.0,1725.5,1721.5,2357.0,2041.0,866.5,1115.5,1387.0,1517.5,1555.0,1631.5,1720.5,1749.0,2309.0,1996.5,861.5,1097.0,1359.5,1474.5,1515.0,1601.5,1664.5,1688.0,240.0,204.0,684.5,856.0,897.0,1017.0,879.5,935.0,942.0,811.5,337.0,271.5,550.5,799.0,818.5,1017.0,958.5,1016.0,956.0,957.5,625.5,435.5,525.0,739.0,666.5,1049.0,1525.5,1654.0,1705.0,1492.5,1040.0,670.5,394.5,681.0,453.5,1038.5,2066.5,2250.0,2227.0,2088.0,1338.5,673.0,211.0,519.0,258.0,969.0,2998.0,3803.5,3883.0,3818.0,1636.5,871.0,224.5,546.5,423.5,1058.0,2967.0,3641.5,3910.5,4010.5,1653.0,845.5,194.0,435.0,312.0,854.5,2771.5,3630.0,3857.0,4038.0,2168.0,1808.0,615.5,832.0,1119.0,1234.5,1258.0,1422.5,1451.0,1515.0,1689.0,867.5,200.0,441.5,300.0,851.5,2836.0,3732.5,3825.0,4046.5,1729.5,868.0,205.0,535.0,299.0,1025.0,3121.0,4029.0,4305.0,4372.0,1789.0,914.0,343.0,790.5,492.5,1360.5,3341.5,4068.5,4304.5,4403.5,1860.5,1022.5,525.0,998.5,796.0,1804.0,3350.0,3831.0,4092.0,4164.5,2010.0,1125.5,585.5,1097.0,978.0,1886.5,3112.0,3569.5,3980.5,3973.5,2271.0,1353.0,592.0,1078.0,1151.0,1966.0,2918.0,3332.0,3642.0,3747.0,3097.5,1970.5,836.0,1307.0,1509.5,2203.0,2921.0,3257.0,3560.5,3756.0,3794.5,2578.0,918.5,1325.0,1926.0,2373.0,2733.0,3003.0,3486.0,3555.5,3617.5,2570.0,902.0,1336.5,1991.5,2345.0,2636.5,2876.0,3335.0,3400.0,2669.5,2026.5,863.5,1193.5,1732.5,1964.0,2046.0,2221.5,2383.5,2432.5,1975.0,1630.0,540.0,716.0,993.0,1100.0,1131.0,1187.0,1335.0,1364.0,2716.0,2071.0,885.5,1217.5,1729.5,1973.0,2036.0,2244.0,2337.0,2404.0,2696.5,2050.0,1032.0,1305.5,1740.5,1958.0,2021.0,2169.5,2362.0,2352.5,2381.5,1895.5,735.0,944.0,1275.5,1438.0,1509.0,1626.0,1770.5,1818.0,2457.0,1969.5,780.5,957.5,1294.0,1453.0,1497.5,1636.5,1772.5,1815.5,2117.5,1428.0,607.5,764.5,1063.5,1162.5,1245.0,1368.0,1551.0,1523.0,0.0,0.0,0.0,0.0,0.0,0.0,0.0,0.0,0.0,0.0,1844.0,1557.5,480.5,648.5,887.0,1005.0,979.0,1051.0,1181.0,1193.0,1832.0,1587.0,600.0,701.5,871.5,970.0,989.5,1047.0,1131.0,1139.0,2206.0,1911.0,676.0,857.0,1092.0,1214.0,1247.0,1313.0,1420.0,1441.0,2079.0,1741.0,612.0,726.0,980.0,1055.0,1015.0,1068.0,1208.0,1230.0,2128.0,1775.5,710.5,802.5,1024.5,1102.5,1090.5,1162.0,1291.0,1304.0,2003.5,1728.5,600.0,770.5,1019.5,1132.5,1197.0,1262.5,1364.0,1348.5,2018.0,1779.5,636.5,834.5,1049.0,1157.5,1218.0,1267.5,1396.5,1395.5,"{""type"":""MultiPoint"",""coordinates"":[]}"
334_0,3,2110.5,1739.5,628.0,812.0,1120.5,1229.5,1253.5,1345.0,1466.5,1451.5,2505.0,2152.5,960.0,1258.0,1561.5,1681.5,1708.0,1799.0,1908.5,1883.5,2504.5,2147.0,899.5,1182.0,1502.5,1618.0,1624.0,1700.0,1823.0,1813.5,2451.0,2139.0,887.0,1155.0,1447.0,1566.0,1565.5,1656.0,1741.0,1759.0,242.0,199.5,696.5,894.5,983.0,1188.5,1038.5,1081.0,1102.0,988.5,243.5,200.0,545.0,844.0,938.5,1181.0,955.5,1049.5,1066.0,911.0,544.5,477.0,538.5,776.5,758.5,1149.0,1265.0,1362.5,1381.0,1279.0,1318.5,791.0,391.0,738.0,381.0,1072.0,2660.5,2898.5,2964.5,2795.0,1558.5,767.5,185.5,565.0,256.5,1007.0,3429.5,4291.5,4405.5,4392.0,1805.5,947.5,260.5,626.0,375.5,1188.5,3268.5,4095.0,4239.5,4452.0,1774.0,897.5,228.0,601.0,333.0,1145.0,3208.5,4007.5,4212.5,4370.0,2385.5,2034.0,701.0,941.0,1250.5,1397.0,1441.0,1524.5,1603.0,1690.5,1723.0,864.5,194.0,548.5,274.0,1098.0,3198.0,3986.5,4122.5,4283.0,1597.0,766.5,197.5,543.5,251.0,1063.0,3184.5,3976.0,4107.0,4306.0,1602.0,790.5,258.5,639.5,279.5,1163.0,3386.5,4094.0,4243.0,4433.0,1878.0,960.0,443.5,959.5,514.5,1651.0,3669.0,4287.5,4485.0,4611.5,1878.0,983.0,466.0,1053.5,644.0,1812.5,3575.5,4055.0,4416.0,4448.5,2104.0,1170.0,571.0,1273.0,1035.0,2277.0,3458.0,3812.0,4131.0,4230.0,2451.5,1407.5,909.5,1621.0,1647.5,2703.0,3486.5,3838.0,4247.5,4285.5,2838.5,1724.5,962.0,1619.5,1866.5,2759.5,3235.0,3560.0,4010.5,4107.0,4284.5,2923.5,1183.5,1693.5,2542.5,3057.0,3259.5,3545.5,4038.5,4133.5,2589.5,2016.5,812.0,1115.5,1567.5,1813.0,1885.5,2032.0,2121.5,2254.0,2228.0,1885.0,625.5,841.0,1152.5,1280.5,1332.5,1408.0,1556.5,1555.5,2492.0,1926.0,775.0,1093.0,1508.5,1690.5,1739.0,1894.5,2067.5,2107.5,2220.0,1743.0,893.0,1118.0,1428.5,1564.5,1601.0,1726.5,1853.5,1884.5,2389.5,1909.5,725.0,913.5,1222.0,1389.5,1442.0,1529.0,1652.0,1691.5,2560.0,2082.0,788.5,970.0,1285.0,1510.5,1518.0,1601.5,1696.5,1763.5,2168.0,1526.0,589.0,744.0,1057.0,1167.0,1237.5,1329.5,1490.5,1463.5,0.0,0.0,0.0,0.0,0.0,0.0,0.0,0.0,0.0,0.0,1971.0,1675.0,589.0,779.0,1039.0,1153.5,1153.0,1255.0,1362.5,1370.5,2093.5,1805.0,677.5,808.0,1014.5,1138.5,1154.0,1246.0,1338.5,1330.0,2425.0,2138.0,770.0,994.5,1234.0,1382.0,1418.5,1500.0,1630.0,1605.0,2510.5,2164.0,826.0,1004.5,1318.0,1413.0,1408.0,1498.0,1663.5,1627.0,2327.0,2008.0,776.0,922.5,1170.0,1273.5,1282.0,1367.5,1500.5,1499.5,2108.5,1831.0,627.5,831.0,1097.5,1195.5,1235.5,1292.0,1410.5,1427.5,2278.0,2011.0,800.0,1074.5,1358.0,1443.5,1508.0,1542.0,1680.0,1693.0,"{""type"":""MultiPoint"",""coordinates"":[]}"
335_0,3,1968.5,1735.5,1064.0,1051.5,1194.0,1328.0,1388.5,1439.0,1561.0,1540.5,2742.0,2565.0,824.0,1133.0,1517.0,1677.0,1733.0,1800.0,1919.0,1962.0,2509.0,2445.0,763.0,999.0,1310.0,1474.0,1520.0,1608.0,1705.0,1737.0,731.0,723.5,515.0,708.0,860.0,1012.5,921.5,984.0,891.0,895.5,163.5,161.5,229.5,400.0,366.5,508.0,355.0,385.5,357.0,274.5,316.0,261.5,202.0,421.0,374.5,601.5,544.0,596.5,588.0,495.0,559.0,447.0,209.0,500.0,232.0,693.0,797.0,851.0,861.0,739.0,988.0,623.0,209.0,493.0,230.0,801.0,1588.0,1947.0,1888.0,1770.0,1183.0,602.0,111.0,303.0,65.0,490.0,2086.0,2839.0,2813.0,2746.0,1291.0,608.0,50.0,251.0,6.5,477.0,2586.5,3783.0,3758.5,3739.0,1320.0,601.5,39.0,282.5,9.5,511.5,2818.5,4167.0,4305.0,4282.5,2224.0,1966.0,974.0,992.5,1116.0,1250.5,1284.5,1369.0,1490.5,1482.0,1436.5,667.5,57.0,341.0,34.0,618.0,3164.0,4621.0,4664.0,4765.0,1550.0,722.5,244.0,880.5,364.0,1518.0,3801.0,4681.0,4798.0,4862.5,1631.0,817.0,545.0,978.0,729.0,1610.0,3469.0,4195.0,4237.0,4454.0,1786.0,1015.0,778.0,1226.0,1145.0,2071.0,3106.0,3551.0,3737.0,3817.0,1950.0,1115.0,711.0,1213.0,1193.0,2071.0,2840.0,3190.0,3509.0,3533.0,4248.0,2879.0,1054.0,1570.0,1982.0,2739.0,3041.0,3277.0,3635.0,3794.0,4600.0,3358.0,1202.0,1601.0,2238.0,2680.5,3023.5,3342.5,3668.0,3799.0,4330.0,3242.0,1005.0,1406.0,2073.0,2430.0,2741.0,3049.0,3458.0,3438.0,4005.0,2898.0,1005.0,1406.0,2073.0,2413.0,2698.0,2922.0,2987.0,3347.0,3532.5,2781.0,936.5,1244.0,1721.0,2074.0,2317.5,2585.5,2798.5,2943.0,2400.0,2053.0,617.0,781.0,1043.0,1232.0,1310.0,1399.0,1566.0,1573.0,3545.0,2731.0,787.0,1047.5,1364.5,1657.5,1924.0,2136.0,2307.5,2464.5,2551.0,2093.5,901.0,1027.5,1215.0,1365.5,1555.5,1692.5,1827.0,1899.0,2943.5,2800.5,691.5,798.5,1024.0,1236.0,1388.5,1466.0,1611.5,1740.0,2689.5,2566.5,656.5,774.5,971.5,1180.5,1306.5,1388.0,1513.0,1625.0,2167.0,1788.5,405.5,584.5,807.5,1027.5,1230.0,1315.0,1474.0,1548.5,0.0,0.0,0.0,0.0,0.0,0.0,0.0,0.0,0.0,0.0,2160.0,1834.0,441.0,663.0,951.0,1142.0,1233.0,1297.0,1477.0,1547.0,2026.0,1838.5,1217.0,1118.0,1115.5,1315.0,1514.0,1610.5,1898.5,1719.5,2472.0,2138.5,629.0,886.5,1102.5,1367.0,1550.0,1682.0,1839.0,1865.0,2585.0,2224.5,745.0,953.0,1169.0,1418.5,1668.0,1788.0,1979.5,1984.0,2289.0,2089.0,729.0,876.0,1112.0,1275.0,1407.0,1518.0,1629.0,1658.0,2263.5,2116.0,594.0,820.0,1091.5,1231.5,1322.0,1425.0,1564.0,1543.5,2367.0,2257.0,647.5,913.0,1222.5,1361.5,1434.5,1519.5,1651.5,1667.0,"{""type"":""MultiPoint"",""coordinates"":[]}"
336_0,3,2006.5,1614.5,661.0,827.5,1091.0,1195.0,1220.5,1305.0,1400.0,1456.0,2065.0,1752.5,749.5,978.5,1213.0,1336.5,1427.0,1504.0,1550.0,1588.0,2258.0,1936.5,878.0,1127.5,1361.5,1514.0,1605.0,1669.0,1714.5,1758.0,2397.5,2077.0,949.0,1254.5,1527.5,1655.0,1785.5,1915.5,1912.0,1965.5,1323.0,1222.0,940.0,1144.0,1334.0,1740.0,1618.0,1657.0,1535.0,1599.0,1062.0,892.0,818.0,1044.0,1099.0,1434.0,1490.0,1549.0,1535.0,1599.0,1164.0,848.0,689.0,958.0,960.0,1304.0,1440.0,1549.0,1504.0,1521.0,1247.0,880.0,691.0,949.0,907.0,1241.0,1767.0,1984.0,1863.0,1878.0,1549.0,880.0,562.0,875.0,747.0,1161.0,2474.0,2851.0,2713.0,2814.0,1957.5,1250.0,609.0,961.5,901.5,1488.0,2711.5,3159.0,3167.5,3309.5,1893.5,1139.5,443.5,800.5,721.0,1228.0,2743.0,3385.0,3637.5,3666.0,2168.0,1827.0,733.0,936.0,1155.0,1283.0,1312.0,1443.0,1528.0,1576.0,1935.0,1180.0,502.0,850.0,785.0,1329.0,2810.0,3454.0,3617.0,3708.0,1983.0,1189.0,496.0,894.0,819.0,1426.0,2867.0,3524.0,3709.0,3773.0,2026.0,1250.0,590.0,975.0,897.0,1584.0,2996.0,3642.0,3860.0,4004.0,2144.0,1291.0,667.0,1134.0,1114.0,1841.0,3019.0,3541.0,3774.0,3783.0,2168.0,1349.5,669.5,1116.0,1156.5,1891.5,2843.5,3223.5,3590.0,3600.5,2273.5,1495.5,674.5,1125.0,1225.5,1919.5,2697.5,3007.5,3214.0,3263.5,2414.5,1531.5,858.5,1258.0,1391.5,2037.0,2688.0,2989.0,3241.0,3244.5,3513.0,2418.5,1134.5,1573.0,2048.0,2508.0,2948.0,3198.5,3606.5,3527.0,3401.5,2492.5,1237.0,1744.0,2386.5,2618.0,2880.0,3291.0,3550.0,3452.0,3020.0,2142.0,1213.0,1664.0,2257.0,2567.0,2836.0,2976.0,3164.0,3377.0,2167.0,1788.0,694.0,891.5,1141.5,1283.0,1281.0,1331.0,1504.5,1527.0,2999.0,2143.0,1117.0,1496.5,2042.0,2277.5,2416.5,2700.0,2838.5,2822.0,2844.0,2078.5,1155.5,1472.0,1903.0,2065.5,2329.5,2433.5,2672.0,2565.0,2539.5,2005.0,807.0,1042.0,1348.0,1461.0,1564.0,1663.0,1931.0,1887.0,2569.5,2060.5,838.0,1026.0,1336.0,1411.0,1534.5,1596.5,1875.5,1881.0,1637.0,1336.0,490.0,635.0,873.0,921.0,983.0,1115.0,1205.0,1178.0,0.0,0.0,0.0,0.0,0.0,0.0,0.0,0.0,0.0,0.0,2102.0,1807.0,720.0,903.0,1153.0,1256.0,1223.0,1323.0,1417.0,1459.0,2048.0,1780.0,738.0,866.0,1057.0,1184.0,1152.0,1177.0,1296.0,1360.0,2185.0,1874.5,793.5,1015.5,1229.0,1348.0,1364.5,1450.5,1523.5,1567.0,2152.0,1754.0,687.0,811.0,1056.0,1158.0,1098.0,1166.0,1281.0,1340.0,2260.0,1864.5,799.0,925.5,1146.0,1246.5,1262.0,1308.5,1422.0,1448.0,2321.0,2031.0,897.0,1056.0,1240.0,1375.0,1505.0,1545.0,1651.0,1675.0,2133.0,1799.0,745.0,965.0,1203.0,1352.0,1404.0,1510.0,1558.0,1601.0,"{""type"":""MultiPoint"",""coordinates"":[]}"
337_0,3,2814.5,2059.5,858.5,986.0,1330.0,1500.5,1582.0,1741.0,1925.0,2040.0,2235.0,2099.0,615.0,847.0,1167.0,1275.0,1299.0,1403.0,1513.0,1557.0,2316.0,2191.0,719.0,922.0,1229.0,1363.0,1380.0,1478.0,1523.0,1610.0,2301.5,2177.5,749.5,985.0,1279.5,1416.0,1441.5,1530.0,1609.0,1628.5,285.0,241.0,313.0,450.0,539.0,560.0,528.0,591.0,610.0,558.0,590.0,528.0,924.0,993.0,1026.0,1084.0,827.0,861.0,863.0,731.0,542.0,435.0,389.0,791.0,407.0,1021.0,1142.0,1209.0,1161.0,1112.0,1425.0,840.0,302.0,777.0,414.0,1250.0,2518.0,2815.0,2678.0,2684.0,1182.0,609.0,196.0,442.0,235.0,760.0,1975.0,2311.0,2250.0,2285.0,1230.0,609.0,83.0,350.5,73.0,656.0,2565.0,3386.0,3318.5,3373.0,1282.5,587.0,70.5,302.5,70.5,578.0,2540.0,3591.5,3536.0,3672.5,3119.5,2490.0,788.5,1005.5,1421.0,1618.5,1737.5,1885.0,2164.0,2225.0,1244.5,573.0,45.5,197.5,40.5,399.5,2355.0,3709.0,3725.0,3916.5,1110.0,510.5,31.0,177.5,3.5,374.5,2441.5,3965.0,4014.5,4168.5,1119.0,510.0,447.0,703.0,459.0,981.0,2638.0,3872.0,3977.0,4044.0,1307.0,644.0,554.0,896.0,610.0,1360.0,3061.0,3898.0,4029.0,4159.0,1278.0,644.0,460.0,851.0,610.0,1360.0,2959.0,3671.0,3852.0,3873.0,1419.0,772.0,374.0,840.0,745.0,1534.0,2838.0,3313.0,3544.0,3642.0,2008.0,1095.0,648.0,1246.0,1256.0,2151.0,3047.0,3437.5,3707.0,3782.0,2527.0,1554.0,1023.0,1540.0,1791.0,2544.0,3168.5,3500.0,3841.5,3901.0,4238.0,2949.0,1247.0,1667.0,2276.0,2691.0,2895.0,3127.0,3559.0,3644.0,3812.5,2635.0,1118.5,1570.5,2348.0,2776.0,2866.5,3132.5,3388.0,3536.5,3607.0,2770.0,820.0,1051.0,1517.5,1733.5,1816.5,1976.5,2274.5,2296.0,4098.0,2925.0,1039.0,1427.5,2065.5,2471.0,2592.0,2816.0,3000.0,3233.5,4397.5,3566.5,2307.5,2518.5,2950.0,3262.0,3339.5,3487.0,3710.5,3795.5,3666.0,2820.0,963.0,1173.0,1574.5,1880.0,1969.5,2122.0,2310.5,2446.5,3503.5,2674.0,956.0,1151.5,1517.5,1813.0,1899.5,2070.5,2220.5,2359.5,3054.0,2266.0,743.5,994.5,1397.0,1618.0,1711.5,1837.0,2087.5,2154.0,0.0,0.0,0.0,0.0,0.0,0.0,0.0,0.0,0.0,0.0,3827.0,2887.0,881.0,1257.0,1795.0,2047.0,2117.0,2303.0,2538.0,2661.0,4261.0,3248.0,1132.5,1393.5,1879.5,2180.0,2306.0,2504.5,2762.5,2866.0,3863.5,2994.5,1003.0,1299.0,1714.0,1973.5,2079.5,2240.5,2522.0,2616.0,1851.5,1653.0,554.5,688.5,944.5,1060.5,1054.0,1112.5,1230.0,1265.0,1969.0,1755.0,581.0,721.0,1032.0,1143.0,1101.0,1134.0,1253.0,1336.0,2003.5,1889.5,549.5,739.5,1022.5,1113.0,1127.5,1191.5,1306.0,1301.5,2076.0,1941.0,595.0,796.5,1077.0,1179.0,1225.0,1271.0,1389.5,1396.0,"{""type"":""MultiPoint"",""coordinates"":[]}"
338_0,3,2691.0,2048.0,786.0,872.0,1160.0,1349.0,1540.0,1660.0,1810.0,1865.0,2151.0,1933.0,627.0,876.0,1150.0,1240.0,1330.0,1398.0,1521.0,1507.0,2354.0,2223.0,768.0,1001.0,1322.0,1461.0,1505.0,1598.0,1677.0,1709.0,1101.0,1017.5,433.0,578.5,754.5,848.5,801.5,855.5,921.5,912.5,429.0,390.0,397.0,581.0,679.0,805.0,800.0,836.0,715.0,792.0,429.0,366.0,379.0,601.0,602.0,857.0,831.0,836.0,870.0,798.0,413.0,324.0,298.0,588.0,376.0,780.0,798.0,874.0,833.0,704.0,1260.0,775.0,290.0,588.0,363.0,912.0,2011.0,2291.0,2234.0,2299.0,1024.0,605.0,216.0,473.0,229.0,755.0,1687.0,2023.0,1941.0,1849.0,1064.5,568.5,103.5,354.0,163.0,665.5,1893.0,2422.5,2330.0,2345.0,1070.5,540.5,70.5,250.0,70.5,476.0,1987.0,2792.5,2832.0,2803.5,3326.5,2910.5,2031.0,2034.0,2146.0,2299.5,2612.5,2821.0,2960.0,2844.0,1197.0,564.0,53.0,250.5,32.0,498.0,2487.0,3519.0,3497.0,3527.0,1181.0,569.0,101.0,443.5,118.5,725.5,2817.5,3773.5,3794.5,3883.0,1224.0,604.0,462.0,794.0,554.0,1194.0,3102.0,3774.0,3849.0,3861.0,1314.0,707.0,658.0,1053.0,940.0,1757.0,2961.0,3405.0,3526.0,3625.0,1531.0,845.0,593.0,1028.0,940.0,1757.0,2680.0,3016.0,3222.0,3274.0,1868.0,1103.0,552.0,1059.0,1120.0,1924.0,2709.0,2992.0,3216.0,3274.0,4400.0,3183.5,1308.5,1794.5,2417.5,3101.0,3380.0,3698.5,3961.5,4107.0,4234.0,3170.0,1263.0,1745.0,2371.5,2845.0,3122.5,3410.0,3644.0,3780.0,3633.0,2752.0,1078.0,1497.0,2080.0,2530.0,2848.0,2990.0,3211.0,3385.0,3424.5,2525.0,931.0,1310.0,1768.5,2257.5,2422.0,2632.0,2735.5,2898.0,3324.0,2730.5,766.5,962.5,1303.0,1466.5,1615.5,1780.5,1998.0,2033.0,3504.0,2835.0,859.0,1160.0,1467.0,1840.0,2074.0,2246.0,2311.0,2466.0,4747.5,4246.5,2784.5,2947.5,3154.0,3534.5,3670.5,3808.0,3953.5,3965.5,3161.0,2598.5,788.0,958.5,1098.5,1433.5,1693.0,1852.0,1968.0,2038.5,3007.0,2510.5,745.5,907.5,1034.0,1340.5,1660.0,1810.0,1900.5,1987.5,2304.0,1710.0,452.0,659.0,803.0,1107.5,1356.5,1521.0,1687.5,1727.5,0.0,0.0,0.0,0.0,0.0,0.0,0.0,0.0,0.0,0.0,3750.0,2951.0,958.0,1253.0,1702.0,1933.0,2036.0,2224.0,2442.0,2507.0,2636.0,2097.0,1033.0,1280.0,1653.0,1880.0,2036.0,2263.0,2411.0,2507.0,3672.0,2959.0,1033.0,1294.0,1653.0,1880.0,2009.0,2222.0,2437.0,2489.0,2245.5,1819.5,666.5,751.0,974.0,1076.0,1202.0,1272.0,1480.0,1431.0,1376.0,1176.0,400.0,541.0,726.0,810.0,907.0,1046.0,1095.0,1096.0,1895.0,1683.0,588.5,763.5,998.5,1087.0,1182.5,1304.5,1440.5,1454.5,1896.0,1676.0,561.0,746.5,1003.0,1075.0,1159.0,1294.0,1429.0,1408.0,"{""type"":""MultiPoint"",""coordinates"":[]}"
339_0,3,1586.0,1322.0,448.5,569.0,733.5,843.0,916.0,966.5,1035.5,1052.5,2223.0,1846.5,918.5,1153.0,1318.5,1473.0,1544.0,1632.0,1730.5,1725.5,2057.0,1667.5,835.5,1083.5,1233.0,1348.5,1478.5,1574.5,1675.5,1642.5,1666.0,1400.5,891.0,1143.0,1257.0,1460.5,1524.0,1605.0,1645.0,1568.5,1436.5,1180.5,903.5,1156.0,1222.0,1481.0,1495.0,1576.0,1721.0,1558.0,1395.5,1138.5,852.5,1160.5,1222.0,1472.0,1640.5,1645.0,1792.5,1675.0,1457.0,1118.5,836.5,1144.5,1193.5,1423.5,1729.0,1808.5,1988.0,1730.5,1600.0,1118.5,829.0,1144.5,1169.0,1385.5,1843.0,2010.5,2125.5,1976.5,1868.0,1282.5,802.5,1175.5,1134.0,1506.0,2165.5,2400.0,2462.0,2551.5,2022.0,1301.0,822.5,1189.5,1214.5,1682.0,2399.5,2641.5,2815.5,2818.5,2036.5,1343.0,811.5,1175.5,1242.0,1643.5,2425.0,2809.5,2938.5,2982.0,1873.0,1555.5,561.0,749.5,918.5,1030.5,1068.5,1159.0,1255.0,1244.5,2228.5,1449.0,879.5,1249.5,1354.5,1792.5,2578.0,2951.5,3041.0,3154.5,2158.0,1426.5,917.5,1318.5,1500.0,1939.5,2500.0,2892.0,3028.0,3134.5,2238.0,1426.5,917.5,1320.5,1500.0,1964.5,2443.0,2816.5,2833.5,2956.0,2190.5,1435.0,941.5,1293.5,1541.0,1995.5,2511.5,2735.5,2872.0,2981.5,2328.0,1567.0,894.5,1252.5,1518.0,1880.5,2291.5,2488.5,2738.5,2747.0,2487.0,1750.0,1001.0,1361.0,1635.0,1972.0,2298.0,2505.0,2639.0,2779.0,3144.5,2175.0,1144.0,1529.5,1958.0,2312.0,2492.5,2748.0,2923.5,2966.0,3165.0,2257.0,1098.5,1472.0,1911.0,2215.5,2462.0,2612.0,2915.0,2956.0,3128.0,2280.0,1038.5,1447.5,1881.5,2098.5,2334.0,2545.0,2827.5,2808.0,1928.0,1398.5,603.5,855.5,1131.0,1313.0,1525.0,1650.0,1839.5,1780.0,1765.5,1456.0,419.5,640.5,795.5,899.5,984.0,1029.5,1105.0,1134.0,2006.5,1486.0,618.0,867.0,1119.5,1301.5,1472.5,1661.0,1809.5,1734.0,2114.5,1614.5,794.5,1014.0,1185.0,1371.5,1659.0,1710.0,1881.0,1827.0,1893.5,1507.0,555.0,750.5,875.5,1033.0,1247.0,1349.0,1488.0,1480.0,1948.0,1590.5,609.0,805.0,915.0,1081.5,1281.5,1451.0,1506.0,1531.5,1462.0,1201.0,384.5,535.0,619.0,747.0,868.0,1026.5,1157.5,1138.0,0.0,0.0,0.0,0.0,0.0,0.0,0.0,0.0,0.0,0.0,1668.0,1377.0,494.0,652.5,856.0,908.5,1016.5,1103.5,1159.0,1182.0,1818.5,1529.0,617.0,749.5,864.5,978.0,1032.0,1100.5,1186.5,1212.0,2224.5,1816.0,755.5,989.0,1160.0,1323.5,1377.5,1417.0,1508.0,1510.0,2104.5,1733.0,738.5,965.0,1145.5,1239.5,1292.0,1363.0,1520.5,1436.5,2039.5,1668.0,724.0,859.5,1009.5,1107.0,1224.0,1337.0,1381.5,1418.5,2115.5,1760.0,718.0,933.5,1102.0,1246.0,1284.5,1382.5,1502.5,1444.5,2203.0,1925.5,871.5,1086.0,1244.5,1360.0,1439.5,1502.0,1638.0,1640.0,"{""type"":""MultiPoint"",""coordinates"":[]}"
340_0,3,1694.5,1400.5,563.5,709.5,939.0,1010.0,1055.5,1131.5,1255.0,1234.5,2260.5,1955.0,850.0,1128.5,1370.5,1482.5,1525.0,1595.5,1699.5,1684.0,2317.0,2031.0,862.5,1136.0,1381.5,1491.0,1526.5,1592.5,1674.5,1687.0,2234.0,1982.5,853.5,1108.5,1334.5,1430.5,1472.5,1538.5,1605.0,1602.5,362.0,345.0,1024.0,1250.0,1303.0,1432.0,1078.0,1058.0,1062.0,837.0,362.0,345.0,1024.0,1250.0,1303.0,1432.0,1164.0,1272.0,1271.0,1117.0,366.0,252.0,742.0,1017.0,1031.0,1346.0,1164.0,1272.0,1217.0,1108.0,704.0,639.0,661.0,1012.0,946.0,1521.0,1491.0,1526.0,1421.0,1236.0,601.0,463.0,595.0,852.0,742.0,1242.0,1529.0,1711.0,1570.0,1484.0,777.5,487.0,277.0,557.0,448.5,999.0,1579.0,1849.5,1639.0,1585.5,1165.0,666.0,231.0,518.0,320.5,959.0,2281.0,2723.5,2568.5,2596.5,1884.0,1599.0,673.0,845.0,1078.0,1180.0,1197.0,1256.0,1358.0,1380.0,1245.0,670.0,198.0,501.0,251.0,904.0,2237.0,2713.0,2489.0,2575.0,1231.0,607.0,99.0,388.0,159.0,757.0,2527.0,3242.0,3071.0,3054.0,1201.0,603.0,99.0,364.0,141.0,690.0,2686.0,3545.0,3373.0,3548.0,1472.0,716.0,316.0,679.0,302.0,1125.0,3218.0,4007.0,3970.0,4032.0,1584.5,786.0,353.0,863.0,404.0,1395.0,3457.0,4185.0,4338.5,4295.5,1606.5,861.5,382.5,947.5,519.0,1615.0,3175.0,3571.0,3705.0,3781.0,1915.0,1025.0,754.0,1387.0,1166.0,2162.0,3137.0,3427.0,3655.0,3705.0,2370.5,1479.0,852.5,1465.5,1642.5,2656.0,3271.5,3460.5,3764.0,3946.5,3508.0,2414.5,1093.0,1576.5,2151.5,2757.0,3037.0,3263.5,3615.0,3655.5,3099.0,2295.0,957.0,1336.0,1896.0,2214.0,2304.0,2546.0,2698.0,2697.0,1773.0,1485.0,481.0,692.0,949.0,1051.0,1093.0,1160.0,1287.0,1266.0,2923.0,2247.0,816.0,1138.0,1619.0,1876.0,1935.0,2089.0,2283.0,2329.0,2523.0,1939.5,829.0,1080.0,1443.5,1622.5,1675.5,1821.0,1964.0,2012.5,2513.0,2014.0,709.0,893.5,1185.5,1356.5,1407.5,1538.0,1650.0,1726.0,2622.0,2185.0,787.0,936.0,1229.0,1413.0,1436.0,1595.0,1665.0,1761.0,2224.0,1469.0,581.0,716.0,988.0,1108.0,1175.0,1297.0,1469.0,1456.0,0.0,0.0,0.0,0.0,0.0,0.0,0.0,0.0,0.0,0.0,1553.0,1237.0,488.0,706.0,891.0,958.0,995.0,1034.0,1180.0,1181.0,2141.0,1924.0,938.0,1102.0,1284.0,1425.0,1541.0,1623.0,1540.0,1704.0,2250.0,1906.0,795.0,1037.0,1272.0,1389.0,1444.0,1523.0,1643.0,1623.0,2429.0,2096.0,989.0,1207.0,1447.0,1509.0,1575.0,1691.0,1833.0,1744.0,1868.0,1585.0,609.0,756.0,978.0,1053.0,1058.0,1118.0,1238.0,1236.0,2027.0,1738.0,708.0,923.0,1134.0,1238.0,1281.0,1354.0,1447.0,1439.0,2085.0,1793.5,776.0,978.0,1197.0,1292.0,1327.5,1407.0,1506.5,1483.5,"{""type"":""MultiPoint"",""coordinates"":[]}"
341_0,3,1159.5,989.5,477.0,550.0,679.5,735.5,754.5,783.0,839.5,852.0,1666.0,1466.5,663.5,837.0,1021.0,1103.5,1129.0,1197.5,1260.5,1257.0,134.0,141.0,270.0,469.5,524.0,649.5,438.0,514.5,460.5,372.5,202.5,183.0,346.0,561.5,624.5,760.0,631.0,674.5,638.0,582.0,228.0,199.0,414.0,641.0,634.0,836.0,705.0,781.0,712.0,671.0,452.0,346.0,473.0,732.0,620.0,1000.0,1096.0,1163.0,1124.0,1020.0,1438.0,788.0,488.0,996.0,542.0,1460.0,3199.0,3301.0,3274.0,3310.0,1581.0,782.0,519.0,1047.0,570.0,1610.0,4149.0,4714.0,4654.0,4800.0,1514.0,765.0,374.0,873.0,398.0,1380.0,4149.0,4714.0,4654.0,4987.0,1463.0,736.5,284.5,756.5,355.5,1250.0,3846.0,4744.0,4536.5,4992.0,1497.0,741.5,207.5,650.5,276.5,1143.5,3778.0,4839.5,4707.0,4967.0,1426.0,1192.0,581.0,695.0,857.0,913.0,963.0,992.0,1085.0,1066.0,1618.0,764.0,242.0,664.0,292.0,1154.0,3754.0,4676.0,4695.0,5004.0,1659.0,751.0,212.0,659.0,278.0,1210.0,3754.0,4563.0,4605.0,4836.0,1694.0,815.0,268.0,725.0,352.0,1279.0,3733.0,4427.0,4605.0,4779.0,1839.0,929.0,447.0,951.0,542.0,1739.0,3572.0,4242.0,4440.0,4510.0,1871.5,976.0,471.5,1030.5,665.5,1829.0,3406.5,3880.0,4172.5,4164.0,2051.5,1113.5,526.5,1108.5,932.0,2019.0,3299.0,3647.5,3915.0,4070.5,2431.0,1432.0,1393.0,1594.0,1451.0,2333.0,3338.0,3680.0,3911.0,4088.0,4558.0,3009.0,1441.0,1976.0,2756.5,3477.0,3809.5,4165.0,4615.5,4707.5,4454.0,3044.0,1405.0,1922.5,2792.5,3312.5,3623.0,3955.0,4451.5,4514.0,3071.0,2254.0,945.0,1245.0,1728.0,2029.0,2094.0,2259.0,2326.0,2524.0,1492.0,1327.0,671.0,764.0,916.0,984.0,1006.0,1047.0,1133.0,1133.0,3045.0,2310.0,945.0,1245.0,1728.0,2021.0,2094.0,2210.0,2262.0,2493.0,2647.5,2073.0,859.5,1046.0,1407.0,1659.0,1700.0,1843.0,1887.0,2008.5,2182.5,1840.0,506.5,687.0,949.0,1099.0,1164.0,1257.5,1374.0,1440.5,2461.0,2091.0,647.0,832.0,1124.0,1258.0,1335.0,1443.0,1558.0,1554.0,1933.0,1560.0,461.0,621.0,872.0,979.0,1058.0,1170.0,1292.0,1296.0,0.0,0.0,0.0,0.0,0.0,0.0,0.0,0.0,0.0,0.0,2518.0,2333.0,975.0,1200.0,1437.0,1556.0,1634.0,1686.0,1823.0,1805.0,2508.0,2199.0,906.0,1136.0,1259.0,1520.0,1789.0,1902.0,1926.0,1984.0,1723.0,1517.0,665.0,780.0,909.0,1026.0,1170.0,1237.0,1333.0,1292.0,1723.0,1517.0,665.0,780.0,909.0,1026.0,1170.0,1237.0,1333.0,1292.0,1434.0,1239.0,504.0,583.5,726.5,806.0,841.5,896.5,965.0,991.5,1582.0,1400.0,601.0,737.0,877.0,958.0,983.0,1042.0,1112.0,1109.0,1564.5,1361.5,618.5,767.0,923.5,993.5,1033.0,1080.0,1156.5,1140.0,"{""type"":""MultiPoint"",""coordinates"":[]}"
342_0,3,1604.5,1341.0,557.0,691.0,892.0,989.0,1024.0,1094.5,1153.0,1185.0,2330.0,2052.5,934.0,1193.0,1435.5,1543.0,1585.0,1641.0,1736.0,1730.5,2311.0,2047.5,822.0,1080.5,1310.5,1424.0,1475.0,1541.0,1621.0,1639.0,2275.5,2007.0,885.5,1164.5,1398.0,1525.5,1529.0,1612.5,1699.5,1671.5,324.0,323.0,846.0,1066.0,1138.0,1305.0,1006.0,1017.0,998.0,847.0,369.0,349.0,846.0,1066.0,1138.0,1315.0,1026.0,1106.0,1076.0,960.0,274.0,192.0,630.0,905.0,970.0,1161.0,981.0,1100.0,1075.0,925.0,462.0,329.0,601.0,897.0,895.0,1161.0,1234.0,1344.0,1324.0,1198.0,812.0,521.0,580.0,812.0,682.0,1116.0,1671.0,1784.0,1704.0,1605.0,910.0,539.0,278.5,531.0,358.5,902.5,1934.5,2307.5,2223.0,2092.5,1213.0,643.5,214.5,500.0,254.0,895.5,2539.0,3136.0,3282.0,3210.5,1833.0,1553.0,687.5,841.0,1044.5,1137.5,1188.0,1239.0,1292.5,1360.5,1427.0,745.0,249.0,479.0,332.0,863.0,2427.0,3042.0,3197.0,3226.0,1275.0,628.0,148.0,410.0,280.0,852.0,2377.0,2977.0,3123.0,3145.0,1217.0,610.0,148.0,395.0,218.0,742.0,2511.0,3121.0,3239.0,3325.0,1442.0,715.0,362.0,708.0,366.0,1137.0,3119.0,3659.0,3783.0,3868.0,1531.0,812.0,367.0,803.0,442.0,1388.0,3180.0,3650.0,3983.0,3810.0,1592.0,869.0,394.0,924.5,569.0,1633.5,3002.5,3278.0,3475.5,3463.0,1946.0,1057.0,761.0,1365.0,1281.0,2197.0,3024.0,3228.0,3484.0,3512.0,2247.5,1375.0,748.0,1404.5,1405.0,2392.0,3091.5,3279.5,3631.5,3725.5,3177.5,2165.0,1013.0,1535.5,1964.5,2658.0,3080.5,3284.5,3707.0,3760.0,2182.0,1518.0,682.0,970.0,1416.0,1738.0,1836.0,1949.0,2110.0,2226.0,1681.0,1419.0,473.0,663.0,921.0,1015.0,1052.0,1104.0,1200.0,1225.0,2880.0,2225.0,812.0,1107.0,1529.0,1738.0,1828.0,1950.0,2086.0,2209.0,2836.5,2213.5,862.0,1081.5,1460.5,1686.0,1780.5,1924.5,2037.0,2162.5,2506.0,2076.5,673.5,851.0,1121.5,1275.0,1336.5,1441.5,1571.0,1602.5,2616.0,2176.0,766.0,931.0,1171.0,1362.0,1381.0,1498.0,1626.0,1676.0,2017.0,1617.0,546.0,667.0,896.0,1001.0,1064.0,1135.0,1334.0,1311.0,784.0,639.0,607.0,575.0,595.0,638.0,700.0,752.0,754.0,847.0,1631.0,1394.0,525.0,685.0,861.0,955.0,978.0,1028.0,1122.0,1112.0,1108.0,801.0,586.0,616.0,659.0,662.0,634.0,652.0,977.0,647.0,1999.0,1751.0,645.0,854.0,1096.0,1183.0,1226.0,1274.0,1369.0,1375.0,1732.0,1499.0,853.0,1016.0,1216.0,1319.0,1291.0,1317.0,1557.0,1384.0,1732.0,1475.0,526.0,646.0,838.0,907.0,924.0,966.0,1054.0,1081.0,1819.0,1573.0,650.0,761.0,957.0,1024.0,1065.0,1130.0,1196.0,1219.0,2033.0,1826.5,710.5,884.0,1092.0,1192.0,1232.5,1298.5,1389.5,1397.5,"{""type"":""MultiPoint"",""coordinates"":[]}"
343_0,3,1776.5,1485.0,619.5,743.0,959.5,1073.5,1129.5,1202.0,1279.5,1283.0,2193.5,1862.0,830.5,1050.0,1270.5,1366.0,1415.5,1482.0,1583.0,1574.0,2311.0,1970.5,884.0,1148.5,1416.5,1532.0,1555.0,1623.0,1687.0,1700.5,2638.0,2263.0,1188.0,1528.5,1810.5,1949.0,1929.0,2015.0,2074.0,2069.5,2229.0,1940.0,1184.0,1474.0,1520.0,1639.0,1612.0,1674.0,1759.0,1727.0,425.0,392.0,1184.0,1474.0,1520.0,1639.0,1256.0,1274.0,1192.0,987.0,314.0,234.0,692.0,1011.0,1076.0,1293.0,1052.0,1191.0,1085.0,930.0,354.0,293.0,593.0,921.0,912.0,1232.0,1049.0,1118.0,1024.0,929.0,481.0,354.0,494.0,823.0,791.0,1112.0,1093.0,1192.0,1098.0,1029.0,772.5,471.0,274.0,606.5,439.5,977.5,1486.5,1670.0,1530.5,1498.0,1190.5,624.0,186.5,490.5,219.0,809.0,2162.5,2703.0,2606.5,2541.5,1974.0,1664.0,678.0,858.0,1054.0,1198.0,1222.0,1301.0,1338.0,1415.0,1230.0,629.0,182.0,482.0,190.0,836.0,2515.0,3114.0,2922.0,3031.0,1229.0,612.0,100.0,500.0,173.0,971.0,2747.0,3357.0,3362.0,3326.0,1325.0,665.0,196.0,618.0,298.0,1153.0,3132.0,3735.0,3681.0,3870.0,1399.0,712.0,442.0,942.0,640.0,1784.0,3160.0,3581.0,3604.0,3713.0,1431.0,821.0,473.0,977.0,928.0,1861.0,2748.0,3023.0,3207.0,3223.0,1878.5,1121.5,525.5,983.5,1121.0,1951.0,2554.0,2821.5,3023.5,3131.5,2174.5,1275.0,747.5,1232.0,1458.0,2064.5,2566.5,2821.0,3076.5,3152.5,2374.5,1548.0,750.5,1161.0,1563.0,2154.5,2575.0,2796.5,3096.0,3161.0,3330.5,2326.5,968.5,1443.5,1992.5,2441.0,2702.0,2924.0,3289.5,3289.0,3213.0,2306.0,909.0,1370.0,2010.0,2491.0,2728.0,2884.0,3137.0,3282.0,1844.0,1565.0,525.0,702.0,941.0,1072.0,1122.0,1147.0,1266.0,1282.0,3216.0,2394.0,888.0,1322.0,1774.0,2161.0,2269.0,2506.0,2589.0,2704.0,3072.5,2299.0,859.5,1152.5,1548.5,1882.0,2097.0,2288.0,2458.5,2545.5,2731.5,2159.0,662.0,848.5,1137.5,1368.0,1492.0,1639.5,1787.5,1845.5,2802.0,2291.0,748.0,909.0,1149.0,1378.0,1491.0,1608.0,1763.0,1861.0,1510.0,1247.0,437.0,569.0,757.0,870.0,927.0,967.0,1071.0,1059.0,698.0,531.0,494.5,531.5,552.0,588.5,622.0,621.5,709.0,660.5,1565.0,1253.0,502.0,680.0,851.0,949.0,980.0,1051.0,1128.0,1144.0,737.0,513.0,470.0,463.0,469.0,498.0,488.0,506.0,663.0,498.0,2208.0,1904.0,800.0,984.0,1195.0,1298.0,1340.0,1421.0,1523.0,1543.0,2358.0,2049.0,1008.0,1168.0,1346.0,1469.0,1523.0,1604.0,1717.0,1723.0,1761.5,1498.0,562.5,708.0,873.5,956.5,961.0,1005.5,1102.5,1106.0,2078.0,1787.0,776.0,958.5,1140.0,1231.0,1269.5,1348.5,1446.5,1430.5,2186.5,1887.0,869.0,1036.5,1234.0,1331.5,1353.0,1434.0,1528.5,1512.5,"{""type"":""MultiPoint"",""coordinates"":[]}"
344_0,3,180.0,143.0,206.0,285.0,384.0,425.0,294.0,299.5,337.0,245.0,1969.5,1641.5,701.5,901.5,1070.0,1200.5,1297.5,1389.0,1493.5,1479.5,1966.5,1700.0,721.0,939.0,1126.0,1214.5,1253.5,1317.5,1391.5,1390.0,2189.5,1895.5,871.5,1119.5,1320.5,1436.0,1460.0,1523.0,1596.5,1606.5,2082.0,1864.0,1112.0,1335.0,1493.0,1539.0,1555.0,1548.0,1661.0,1623.0,1358.0,1275.0,1112.0,1335.0,1493.0,1539.0,1555.0,1521.0,1514.0,1623.0,228.0,194.0,621.0,842.0,828.0,957.0,674.0,728.0,707.0,556.0,454.0,372.0,646.0,911.0,861.0,1216.0,1043.0,1112.0,1043.0,944.0,478.0,389.0,476.0,756.0,605.0,1119.0,1066.0,1139.0,1043.0,877.0,534.5,381.5,319.5,575.0,443.5,1031.0,1570.0,1789.0,1723.5,1583.0,665.0,420.5,234.5,427.5,317.5,811.0,1542.5,1888.5,1825.0,1649.5,222.0,204.0,399.0,517.0,562.0,644.0,496.0,502.0,552.0,443.0,1082.0,605.0,190.0,351.0,249.0,678.0,2172.0,2604.0,2598.0,2567.0,1211.0,605.0,127.0,345.0,202.0,637.0,2379.0,3175.0,3175.0,3101.0,1246.0,612.0,160.0,423.0,219.0,743.0,2622.0,3500.0,3428.0,3529.0,1464.0,739.0,398.0,771.0,466.0,1247.0,3050.0,3626.0,3688.0,3708.0,1464.0,752.0,398.0,846.0,624.0,1464.0,2860.0,3297.0,3574.0,3474.0,1828.5,1081.0,501.0,969.5,941.0,1794.0,2632.5,2955.0,3154.5,3221.5,2726.0,1730.0,1084.5,1464.5,1636.0,2162.0,2620.0,2896.5,3102.0,3204.0,3391.0,2407.5,1033.5,1413.0,1937.5,2333.5,2563.0,2774.5,3009.0,3110.0,3368.0,2416.0,1015.5,1392.0,1952.0,2288.0,2500.5,2699.5,2982.5,3029.5,3088.0,2130.0,859.0,1158.0,1700.0,2042.0,2147.0,2364.0,2480.0,2661.0,191.0,148.0,561.0,762.0,725.0,741.0,415.0,433.0,427.0,325.0,3369.0,2572.0,865.0,1244.0,1848.0,2215.0,2347.0,2518.0,2569.0,2794.0,3213.0,2421.5,862.5,1140.5,1575.5,1849.5,1965.5,2137.0,2269.0,2407.0,2877.5,2296.5,662.0,856.0,1203.0,1383.5,1485.0,1601.0,1749.0,1843.5,539.0,424.0,395.0,537.0,704.0,781.0,659.0,722.0,797.0,704.0,167.0,122.0,139.0,184.0,248.0,289.0,194.0,199.0,252.0,191.0,0.0,0.0,0.0,0.0,0.0,0.0,0.0,0.0,0.0,0.0,112.0,121.0,152.0,254.0,322.0,407.0,225.0,267.0,276.0,210.0,114.0,119.0,174.0,250.0,320.0,399.0,225.0,267.0,295.0,210.0,696.0,495.0,389.0,536.0,696.0,864.0,927.0,969.0,1094.0,1102.0,860.0,606.0,563.0,613.0,795.0,999.0,1068.0,1138.0,1268.0,1256.0,1835.0,1204.0,612.0,846.0,1043.0,1313.0,1411.0,1496.0,1609.0,1643.0,3653.0,2884.0,1342.0,1710.0,2038.0,2270.0,2468.0,2560.0,2753.0,2756.0,3938.0,3156.5,1575.5,1919.5,2256.0,2481.5,2685.0,2784.0,3062.5,3010.5,"{""type"":""MultiPoint"",""coordinates"":[]}"
345_0,3,1682.0,1396.0,580.0,711.0,940.5,1065.5,1063.5,1179.0,1223.5,1255.0,2396.5,2043.0,993.5,1299.0,1566.0,1682.0,1710.0,1775.0,1883.0,1842.0,2324.5,1945.5,891.0,1164.5,1453.5,1556.0,1571.5,1619.5,1741.0,1725.5,275.5,233.0,515.5,742.0,810.0,956.0,778.0,855.0,829.0,723.5,451.0,412.0,935.0,1140.5,1131.5,1374.5,1116.5,1143.0,1102.5,913.5,212.0,204.5,509.5,839.5,787.5,1098.5,944.5,1047.0,984.5,826.0,532.0,375.5,424.5,705.0,554.0,1021.0,1331.5,1507.5,1290.5,1176.0,1064.0,712.5,396.0,794.5,437.0,1235.0,2304.5,2452.5,2451.0,2284.0,1470.5,758.0,357.0,756.5,363.0,1210.0,3263.0,3783.0,3791.5,3665.0,1506.5,755.5,197.0,556.0,258.5,1046.5,3121.0,3839.5,3832.0,3956.0,1567.5,750.0,180.0,493.5,189.5,910.0,3318.5,4443.5,4526.5,4567.0,1971.5,1637.0,652.5,853.5,1081.0,1232.5,1275.0,1348.5,1380.5,1428.5,1687.5,785.5,204.5,588.5,221.0,1047.0,3626.5,4723.0,4849.5,4939.5,1711.0,811.0,245.5,800.0,339.5,1452.0,3846.0,4770.0,4961.5,5094.5,1785.0,875.0,366.5,896.5,511.0,1582.0,3857.5,4508.0,4675.5,4992.5,1985.5,1037.0,561.5,1091.0,861.5,2078.5,3574.5,4116.5,4377.5,4519.0,2283.5,1273.5,678.5,1194.0,1194.5,2162.0,3335.5,3785.0,4204.0,4250.0,2630.0,1587.0,761.0,1297.0,1531.0,2384.0,3332.0,3643.0,4055.0,4156.0,4141.0,2846.0,1189.0,1623.0,2303.0,2788.5,3253.0,3625.0,4046.5,4218.0,4244.0,2848.5,1093.5,1528.0,2314.5,2799.0,3059.5,3387.0,3859.5,4009.0,3985.5,2827.5,978.0,1462.5,2188.5,2636.0,2871.0,3151.5,3500.0,3626.5,2585.5,1984.0,839.0,1100.5,1569.0,1858.5,1902.0,2082.5,2165.0,2288.5,1823.0,1502.5,524.5,714.5,977.5,1113.5,1140.0,1204.5,1290.5,1290.5,2644.0,2022.0,869.0,1138.5,1605.0,1880.5,1942.5,2091.0,2147.5,2304.5,2587.0,1960.5,965.0,1192.0,1595.0,1823.0,1903.0,2018.0,2149.5,2232.5,2216.0,1746.0,679.5,857.0,1184.5,1351.5,1427.0,1537.0,1673.5,1686.0,1893.5,1584.0,581.5,738.0,1016.0,1190.0,1194.0,1278.0,1374.5,1439.5,863.0,634.0,331.5,429.5,566.5,647.0,644.0,703.0,743.0,766.0,0.0,0.0,0.0,0.0,0.0,0.0,0.0,0.0,0.0,0.0,1553.0,1195.0,463.0,647.5,838.0,941.5,972.0,1024.5,1129.0,1128.0,2401.5,2123.5,782.5,1034.5,1273.5,1405.0,1527.0,1685.0,1481.0,1835.0,2027.5,1720.0,745.0,962.5,1148.0,1261.0,1285.5,1355.5,1446.5,1423.5,1913.0,1591.5,619.0,747.0,956.5,1042.0,997.5,1093.0,1166.0,1203.0,1913.0,1591.5,619.0,747.0,956.5,1042.0,997.5,1093.0,1166.0,1203.0,1890.0,1605.5,643.0,807.5,1034.5,1109.5,1137.0,1202.5,1308.5,1305.5,2188.5,1879.5,760.5,1011.0,1241.5,1362.0,1410.0,1499.0,1592.5,1590.5,"{""type"":""MultiPoint"",""coordinates"":[]}"
346_0,3,1211.0,1013.0,481.0,575.0,704.0,776.5,795.0,814.0,879.0,871.0,1695.5,1476.5,670.5,844.5,1036.0,1105.0,1158.5,1227.0,1286.0,1293.0,182.5,143.0,315.0,512.0,582.5,655.5,510.5,533.0,567.0,458.0,281.0,235.0,422.5,607.0,658.5,825.0,682.5,776.0,781.0,671.0,347.0,263.0,458.0,671.0,641.0,874.0,858.0,934.0,943.0,830.0,593.0,424.0,488.0,782.0,615.0,1098.0,1446.0,1566.0,1513.0,1276.0,1607.0,846.0,463.0,999.0,492.0,1678.0,4044.0,4355.0,4635.0,4195.0,1669.0,832.0,509.0,1063.0,528.0,1651.0,4387.0,5300.0,4962.0,5202.0,1659.0,824.0,325.0,867.0,325.0,1456.0,4526.0,5473.0,5606.0,5581.0,1666.5,821.0,284.0,825.5,317.5,1374.5,4372.5,5352.5,5516.0,5581.0,1745.0,821.0,244.5,784.0,286.0,1317.0,4292.5,5214.5,5463.0,5562.5,1457.0,1221.0,599.0,727.0,875.0,947.0,967.0,1004.0,1097.0,1083.0,1817.0,879.0,284.0,803.0,324.0,1337.0,4054.0,4959.0,5051.0,5327.0,1785.0,890.0,270.0,800.0,339.0,1352.0,3867.0,4559.0,4777.0,4948.0,1861.0,902.0,291.0,816.0,397.0,1428.0,3759.0,4374.0,4526.0,4692.0,1952.0,1000.0,459.0,1005.0,593.0,1757.0,3496.0,4061.0,4173.0,4412.0,1968.5,1050.5,507.0,1056.5,742.5,1824.0,3309.0,3606.5,3880.0,4061.0,2131.5,1154.5,538.5,1081.0,931.5,1919.5,3055.0,3463.0,3610.0,3791.5,2435.0,1484.0,1338.0,1500.0,1392.0,2161.0,3146.0,3432.0,3601.0,3881.0,4544.5,2983.5,1422.5,1954.0,2707.0,3370.5,3751.5,4021.0,4462.0,4623.0,4416.5,3001.5,1368.5,1897.0,2709.5,3212.5,3567.5,3816.5,4312.5,4408.0,2592.0,1818.0,903.0,1190.0,1681.0,1922.0,2022.0,2204.0,2362.0,2358.0,1529.0,1334.0,677.0,798.0,957.0,1022.0,1033.0,1076.0,1142.0,1139.0,2910.0,2273.0,910.0,1220.0,1703.0,1922.0,2034.0,2174.0,2327.0,2374.0,2559.5,2052.0,838.0,1056.5,1424.5,1568.5,1670.5,1749.5,1942.5,1956.0,2083.5,1734.5,492.0,673.5,925.5,1016.5,1109.0,1203.5,1362.5,1352.5,2385.0,2041.0,657.0,813.0,1100.0,1252.0,1312.0,1420.0,1553.0,1608.0,1938.0,1615.0,471.0,629.0,885.0,992.0,1068.0,1173.0,1335.0,1312.0,0.0,0.0,0.0,0.0,0.0,0.0,0.0,0.0,0.0,0.0,2358.0,2139.0,890.0,1108.0,1317.0,1444.0,1502.0,1614.0,1708.0,1726.0,2375.0,2050.0,896.0,1091.0,1185.0,1410.0,1711.0,1800.0,1848.0,1871.0,1727.0,1520.0,631.0,776.0,902.0,1027.0,1150.0,1229.0,1327.0,1301.0,1727.0,1520.0,638.0,776.0,902.0,1027.0,1150.0,1229.0,1327.0,1301.0,1245.0,1176.5,515.5,586.5,656.0,691.5,780.5,847.0,863.0,1001.0,1626.0,1393.0,601.0,751.0,897.0,983.0,1007.0,1068.0,1162.0,1151.0,1592.5,1387.0,616.5,777.5,931.0,1012.5,1051.5,1112.0,1194.0,1177.0,"{""type"":""MultiPoint"",""coordinates"":[]}"
347_0,3,1970.0,1579.5,661.5,816.5,1081.5,1189.5,1233.5,1296.0,1442.5,1471.5,2302.5,1935.0,799.0,1022.0,1282.0,1411.5,1456.0,1548.5,1665.0,1665.5,2745.0,2342.0,1023.0,1342.0,1675.0,1806.5,1843.5,1883.0,1990.0,2038.0,2992.0,2532.5,1167.0,1504.0,1842.0,1991.0,2045.0,2118.5,2213.0,2237.5,1123.0,1017.0,964.0,1266.0,1498.0,1685.0,1595.0,1759.0,1549.0,1578.0,516.0,475.0,696.0,982.0,1073.0,1305.0,1097.0,1129.0,1147.0,958.0,602.0,414.0,612.0,876.0,935.0,1181.0,1203.0,1361.0,1397.0,1238.0,836.0,660.0,593.0,865.0,830.0,1227.0,1579.0,1684.0,1696.0,1579.0,1474.0,868.0,409.0,747.0,501.0,1048.0,2560.0,2767.0,2853.0,2785.0,1719.5,893.0,286.0,624.5,323.0,965.5,3085.0,4078.5,4056.5,4073.5,1645.5,804.0,116.5,359.0,169.5,696.5,2976.0,4346.5,4443.5,4499.0,2216.0,1804.0,736.0,942.0,1183.0,1358.0,1351.0,1483.0,1552.0,1637.0,1634.0,792.0,162.0,387.0,198.0,705.0,3079.0,4483.0,4635.0,4737.0,1650.0,788.0,84.0,414.0,170.0,811.0,3429.0,4774.0,4947.0,5076.0,1720.0,849.0,281.0,757.0,397.0,1364.0,3681.0,4790.0,4950.0,5172.0,1887.0,925.0,483.0,1032.0,730.0,1803.0,3731.0,4517.0,4702.0,4781.0,1928.0,1092.0,529.0,1087.0,862.5,1939.0,3509.0,4016.5,4383.5,4388.0,2461.5,1522.0,690.0,1289.5,1431.5,2339.5,3355.0,3756.5,4036.5,4220.5,3342.5,2240.0,1135.5,1723.0,2341.5,3100.0,3745.0,4101.0,4497.0,4519.5,4315.0,3016.0,1348.5,1877.0,2645.0,3272.5,3520.5,3837.0,4103.5,4301.0,4030.0,2965.0,1282.0,1726.0,2558.0,3053.0,3237.0,3324.0,3638.0,3841.0,4040.0,2856.5,1299.0,1785.5,2621.5,3015.5,3066.5,3404.5,3543.5,3822.5,2201.0,1811.0,704.0,886.0,1178.5,1279.0,1339.0,1425.0,1570.5,1569.0,3508.5,2580.5,1058.0,1428.0,2027.5,2337.0,2372.5,2600.0,2812.0,2876.0,3284.0,2447.0,999.0,1312.5,1787.0,2120.5,2165.5,2301.0,2511.0,2581.5,2925.0,2354.0,798.0,1005.5,1336.5,1532.5,1571.5,1732.0,1885.5,1905.0,2977.0,2444.0,821.0,1020.0,1340.0,1517.0,1524.5,1726.0,1894.5,1864.0,1887.0,1270.0,524.0,672.0,939.0,1033.0,1074.0,1133.0,1269.0,1253.0,0.0,0.0,0.0,0.0,0.0,0.0,0.0,0.0,0.0,0.0,1765.0,1348.0,583.0,740.0,978.0,1076.0,1096.0,1142.0,1281.0,1290.0,1993.0,1620.0,730.0,859.0,1034.0,1133.0,1175.0,1242.0,1329.0,1354.0,2486.0,2040.0,874.0,1099.0,1346.0,1458.0,1516.0,1584.0,1678.0,1711.0,2183.0,1703.0,1066.0,1267.0,1497.0,1599.0,1638.0,1761.0,1930.0,1922.0,2030.0,1612.5,671.5,831.5,1047.5,1153.5,1155.5,1217.0,1321.5,1352.5,2491.0,2097.0,945.0,1115.0,1322.0,1456.0,1551.0,1663.0,1738.0,1794.0,2456.0,2040.0,808.0,1067.0,1354.0,1508.0,1545.0,1628.0,1736.0,1766.0,"{""type"":""MultiPoint"",""coordinates"":[]}"
348_0,3,3340.0,3013.5,950.5,1344.5,1720.5,1851.0,1912.0,2023.0,2197.5,2142.0,3889.0,3746.0,1074.5,1499.0,1909.5,2057.0,2100.0,2212.5,2413.5,2367.5,4148.0,3931.0,1126.0,1572.0,2013.0,2167.0,2177.0,2325.0,2497.0,2482.0,2486.5,1814.5,895.0,1075.0,1282.5,1416.5,1488.5,1599.0,1667.5,1731.0,2241.0,1621.0,670.0,884.0,1120.0,1198.0,1213.0,1296.0,1395.0,1411.0,3717.0,2956.5,1211.5,1713.5,1923.5,2303.0,2682.5,2849.5,2888.5,2925.0,3772.0,3036.0,1225.0,1708.0,1853.0,2353.0,3097.0,3239.0,3395.0,3420.0,3426.0,2774.0,978.0,1488.0,1635.0,2096.0,3487.0,3851.0,3991.0,3972.0,4415.0,3807.0,1212.0,1733.0,2088.0,2473.0,2736.0,2994.0,3097.0,3202.0,4319.0,3718.0,1141.0,1635.0,2030.0,2351.0,2684.0,2961.0,3035.0,3131.0,4247.0,3718.0,1139.0,1543.0,1875.0,2261.0,2621.0,2841.0,2948.0,3075.0,4039.0,3808.0,1273.0,1738.0,2161.0,2313.0,2386.0,2500.0,2713.0,2615.0,4447.0,4428.0,1206.0,1644.0,2138.0,2351.0,2330.0,2485.0,2582.0,2663.0,4235.0,4072.0,1170.0,1583.0,1984.0,2228.0,2255.0,2364.0,2487.0,2568.0,4189.0,4072.0,1072.0,1496.0,1903.0,2232.0,2400.0,2581.0,2622.0,2706.0,3999.0,3817.0,1022.0,1411.0,1709.0,2023.0,2400.0,2604.0,2719.0,2745.0,3690.0,3300.0,876.0,1280.0,1546.0,1868.0,2434.0,2623.0,2816.0,2791.0,3350.0,2915.0,876.0,1239.0,1338.0,1763.0,2471.0,2783.0,2822.0,2872.0,3056.0,2618.5,851.0,1171.5,1254.0,1670.0,2454.5,2726.0,2882.5,2869.0,2073.5,1666.0,500.5,771.5,833.0,1181.5,1735.0,1920.0,2073.0,2072.5,2413.0,1923.0,526.0,839.0,1009.0,1422.0,1870.0,2049.0,2259.0,2217.0,2459.0,1926.0,516.0,839.0,1027.0,1422.0,1870.0,2049.0,2196.0,2217.0,3313.0,2979.5,997.0,1409.5,1765.0,1925.5,1984.5,2084.5,2250.0,2176.5,2036.0,1499.0,410.0,705.0,849.0,1168.0,1488.0,1617.0,1703.0,1754.0,2809.0,2241.0,537.0,916.0,1168.0,1506.0,1877.0,2031.0,2218.0,2212.0,3277.0,3022.0,785.0,1138.0,1413.0,1768.0,2074.0,2257.0,2456.0,2481.0,3125.0,3022.0,663.0,971.0,1282.0,1394.0,1480.0,1583.0,1735.0,1768.0,2317.0,1813.0,766.0,1138.0,1537.0,1718.0,1757.0,1890.0,2046.0,2009.0,2057.0,1624.0,1244.0,1355.5,1453.0,1587.5,1662.5,1740.0,1887.5,1825.5,2879.0,2592.5,613.0,934.0,1241.5,1417.5,1448.0,1584.5,1682.5,1676.0,2695.5,2638.0,511.5,772.0,1081.5,1185.0,1216.0,1352.5,1460.5,1447.5,2915.0,2876.0,676.0,1009.0,1324.0,1416.0,1483.0,1575.0,1727.0,1657.0,2766.0,2475.5,650.5,929.0,1244.0,1352.5,1405.0,1505.0,1642.0,1620.0,2959.5,2655.0,728.0,1008.5,1318.5,1444.5,1509.5,1632.0,1770.0,1741.5,3580.0,3383.0,875.0,1275.0,1663.0,1793.0,1849.0,1996.0,2164.0,2119.0,3685.5,3654.5,1045.0,1444.0,1823.5,1950.0,1989.5,2114.5,2305.5,2239.0,"{""type"":""MultiPoint"",""coordinates"":[]}"
349_0,3,1816.5,1507.0,583.0,713.5,947.5,1082.0,1087.0,1170.5,1251.0,1266.5,2327.5,2051.0,865.0,1134.0,1363.0,1465.5,1495.5,1565.0,1671.0,1663.0,2428.5,2151.0,913.0,1153.0,1387.0,1511.0,1536.5,1610.5,1693.5,1704.0,448.0,423.5,681.5,934.5,1000.0,1168.0,919.0,974.5,884.0,882.5,415.0,373.0,884.0,1070.0,1121.0,1285.0,990.0,1006.0,965.0,810.0,567.0,373.0,685.0,908.0,1025.0,1285.0,1123.0,1169.0,1062.0,1171.0,322.0,219.0,464.0,693.0,613.0,987.0,954.0,1068.0,1046.0,889.0,515.0,377.0,442.0,691.0,565.0,1151.0,1279.0,1499.0,1349.0,1171.0,480.0,332.0,367.0,600.0,491.0,988.0,1202.0,1423.0,1317.0,1091.0,592.0,372.5,258.5,452.5,327.5,809.5,1448.0,1648.5,1563.5,1366.5,867.0,498.0,236.0,401.5,280.0,724.0,1628.0,2005.0,2008.0,1856.5,2056.5,1743.0,713.0,874.5,1106.5,1217.0,1279.0,1305.0,1401.5,1440.0,1128.0,595.0,217.0,460.0,234.0,712.0,2192.0,2700.0,2669.0,2616.0,1281.0,663.0,217.0,493.0,236.0,834.0,2555.0,3207.0,3229.0,3261.0,1371.0,679.0,324.0,748.0,456.0,1262.0,2976.0,3590.0,3540.0,3559.0,1432.0,793.0,514.0,977.0,783.0,1760.0,2909.0,3265.0,3412.0,3486.0,1981.0,1143.0,574.0,1042.0,980.0,1809.0,2754.0,3022.0,3363.0,3326.0,2239.5,1387.0,614.0,1072.0,1141.5,1905.5,2646.5,2914.0,3142.0,3219.0,3591.0,2526.5,1029.5,1417.5,1740.5,2213.5,2525.5,2751.0,3001.0,3159.5,3270.0,2436.0,875.5,1172.5,1586.5,1912.5,2088.0,2235.5,2428.0,2613.0,2385.0,1929.0,628.0,881.0,1227.0,1397.5,1462.0,1592.5,1695.5,1759.0,1873.0,1568.0,566.0,732.0,946.0,1085.0,1085.0,1192.0,1230.0,1313.0,1844.0,1562.0,513.0,702.0,959.0,1074.0,1101.0,1140.0,1280.0,1296.0,1815.0,1568.0,482.0,656.0,862.0,943.0,1000.0,1090.0,1150.0,1225.0,1728.0,1501.5,553.0,692.0,878.5,969.0,975.0,1053.5,1116.0,1173.5,1847.0,1604.5,530.0,716.0,937.0,1027.5,1079.5,1123.5,1254.5,1242.5,2284.0,2033.0,799.0,992.0,1223.0,1353.0,1368.0,1473.0,1524.0,1564.0,1142.0,1022.0,280.0,370.0,503.0,554.0,561.0,622.0,694.0,652.0,737.0,581.0,726.0,649.0,597.0,598.0,616.0,610.0,803.0,655.0,1855.0,1629.0,570.0,750.0,943.0,1064.0,1085.0,1128.0,1217.0,1248.0,247.0,199.0,232.0,170.0,161.0,164.0,167.0,180.0,180.0,176.0,2179.0,1908.0,693.0,901.0,1143.0,1209.0,1266.0,1350.0,1425.0,1465.0,1952.0,1970.0,877.0,1057.0,1270.0,1362.0,1426.0,1501.0,1578.0,1600.0,1655.0,1432.0,447.0,562.0,756.0,836.0,834.0,881.0,954.0,987.0,1990.0,1730.0,695.0,850.0,1034.0,1135.0,1162.0,1246.0,1333.0,1339.0,2062.0,1837.0,682.5,862.5,1060.0,1164.0,1201.5,1282.5,1369.0,1355.5,"{""type"":""MultiPoint"",""coordinates"":[]}"
350_0,3,1711.0,1419.0,591.0,735.0,958.5,1105.5,1123.0,1173.0,1249.0,1296.0,2353.5,2016.0,1003.5,1292.5,1548.5,1651.5,1691.5,1749.5,1861.0,1822.0,2289.5,1923.0,884.5,1155.5,1427.0,1532.0,1545.0,1616.0,1702.0,1699.5,332.5,288.0,502.0,683.5,760.5,933.5,738.5,817.5,824.5,726.5,414.5,397.5,900.0,1099.0,1086.5,1316.5,1077.0,1082.5,1072.5,929.0,256.0,225.0,508.0,830.0,765.5,1045.5,948.5,1012.0,958.5,871.5,533.0,424.5,408.5,704.5,545.0,1003.0,1291.0,1424.0,1281.5,1183.0,1099.0,683.5,342.0,694.0,373.0,1071.0,2370.5,2677.5,2488.0,2372.5,1444.0,720.5,287.0,654.5,287.5,1054.5,3137.5,3783.5,3757.5,3750.5,1513.0,761.0,193.0,528.5,270.0,1010.5,2973.0,3755.0,3758.0,3880.5,1556.5,750.0,165.5,481.5,205.0,890.0,3114.0,4168.0,4334.0,4431.5,2058.5,1730.0,655.0,873.0,1138.5,1272.0,1353.5,1396.0,1455.0,1513.0,1674.0,814.0,207.0,569.5,242.0,1008.5,3397.5,4430.5,4632.0,4772.0,1714.5,826.0,270.0,834.5,395.5,1489.0,3693.5,4482.5,4689.5,4885.0,1804.5,893.5,394.5,927.5,578.0,1630.0,3636.0,4277.0,4442.5,4705.5,2047.0,1082.5,614.0,1151.0,984.0,2109.5,3478.5,3904.5,4151.5,4325.5,2310.5,1341.5,710.5,1210.0,1235.5,2191.0,3200.0,3576.5,4045.5,4054.5,2585.0,1564.0,770.0,1304.0,1491.0,2309.0,3173.0,3576.0,3884.0,4035.0,4098.0,2805.5,1112.5,1570.5,2179.5,2677.5,3109.0,3517.5,3893.5,4031.0,4196.5,2822.0,1045.5,1471.5,2212.0,2686.5,2985.5,3311.5,3744.5,3905.0,3820.0,2670.0,937.0,1371.0,2057.5,2489.0,2740.0,3011.5,3347.0,3507.5,2607.5,2029.0,817.5,1109.5,1573.5,1935.5,1932.0,2145.5,2147.0,2251.0,1886.5,1567.0,562.5,780.0,1042.5,1160.0,1167.5,1278.5,1364.0,1371.0,2634.5,2051.0,856.5,1149.5,1618.5,1936.5,1972.5,2148.5,2198.0,2289.0,2563.5,1967.0,974.5,1213.0,1615.0,1886.0,1959.0,2058.0,2167.0,2226.0,2231.0,1763.0,677.5,868.5,1189.0,1375.5,1433.0,1508.5,1667.0,1713.0,1854.5,1536.5,570.0,718.0,962.5,1116.5,1144.5,1198.5,1301.0,1364.0,828.0,586.5,305.5,398.5,551.5,610.5,626.5,664.0,736.5,720.0,0.0,0.0,0.0,0.0,0.0,0.0,0.0,0.0,0.0,0.0,1594.5,1265.0,475.0,654.5,867.0,986.5,983.5,1048.5,1152.0,1158.5,2228.0,1902.0,988.0,1125.0,1295.0,1362.0,1480.5,1582.5,1708.0,1655.0,2023.5,1738.0,714.5,922.5,1130.0,1231.0,1280.5,1338.0,1413.5,1440.5,1997.5,1676.5,668.0,781.5,994.0,1100.0,1075.0,1110.5,1225.5,1253.0,1997.5,1676.5,668.0,781.5,994.0,1100.0,1075.0,1110.5,1225.5,1253.0,1889.5,1616.5,654.5,827.0,1038.0,1148.5,1137.0,1209.5,1312.5,1288.5,2170.0,1868.0,756.5,1000.5,1220.5,1329.5,1370.0,1451.5,1565.5,1550.0,"{""type"":""MultiPoint"",""coordinates"":[]}"
351_0,3,2014.0,1687.0,604.0,746.0,1018.5,1157.5,1203.5,1253.0,1355.5,1396.0,2553.5,2201.5,994.0,1312.0,1615.5,1742.0,1779.0,1844.5,1960.0,1941.5,2564.5,2184.0,916.0,1206.0,1535.5,1680.0,1652.5,1722.5,1840.5,1880.5,2498.0,2177.5,902.0,1179.5,1474.0,1624.5,1607.5,1665.5,1763.5,1801.5,305.0,263.0,709.0,917.5,1007.0,1184.0,1002.5,1028.5,1025.0,908.5,269.5,198.0,583.5,816.0,890.5,1049.5,914.5,970.5,942.0,832.5,620.0,440.0,581.0,801.5,782.0,1167.0,1346.0,1408.5,1249.5,1254.5,1253.0,795.5,454.5,777.0,451.5,1151.5,2309.0,2643.0,2570.5,2410.5,1442.5,783.5,341.0,714.0,358.5,1124.0,3032.5,3564.0,3546.0,3486.0,1637.5,873.5,326.5,713.5,442.0,1244.5,2993.0,3511.0,3586.0,3702.5,1634.5,855.5,295.0,727.0,420.0,1258.0,3066.0,3660.5,3812.0,3889.0,2307.5,1973.5,645.0,875.5,1132.0,1294.0,1334.5,1423.0,1507.5,1568.0,1626.5,833.5,267.5,698.5,381.0,1247.0,3179.5,3855.5,4018.5,4090.5,1490.5,765.5,240.5,648.0,376.0,1169.0,3144.5,3818.0,3971.5,4062.0,1514.5,765.5,290.5,654.5,391.5,1155.0,3202.5,3863.0,3995.5,4153.5,1817.5,926.0,455.0,917.0,554.5,1591.0,3515.0,4061.5,4280.0,4324.0,1852.5,998.5,466.5,1007.5,664.0,1694.0,3383.5,3834.0,4144.0,4125.5,2005.0,1124.0,503.0,1096.0,927.0,1976.0,3156.0,3420.0,3697.0,3840.0,2305.0,1324.5,777.0,1363.0,1447.0,2351.5,3179.0,3472.5,3768.0,3839.5,2656.0,1626.0,819.5,1358.0,1619.5,2440.0,2972.5,3259.5,3583.5,3681.5,3788.0,2632.0,990.0,1418.5,2044.5,2492.0,2757.0,3049.0,3414.5,3548.0,2223.5,1657.5,674.0,893.5,1271.5,1511.5,1607.5,1767.5,1735.5,2030.0,2172.5,1818.5,543.5,794.0,1048.0,1222.5,1212.5,1320.0,1431.0,1435.0,2345.0,1812.5,663.5,938.5,1331.0,1531.0,1578.5,1693.5,1776.0,1850.0,2588.0,2036.5,1030.0,1238.0,1543.5,1755.0,1784.5,1899.5,1965.5,2053.5,2253.0,1829.5,650.0,837.5,1107.0,1257.5,1298.5,1393.0,1482.5,1529.5,2320.5,1800.5,699.0,897.0,1180.5,1346.0,1358.5,1458.5,1542.0,1611.0,2048.5,1526.0,525.5,650.0,922.0,1050.5,1150.0,1205.5,1321.0,1339.0,0.0,0.0,0.0,0.0,0.0,0.0,0.0,0.0,0.0,0.0,1851.0,1528.0,504.0,710.0,905.0,1037.5,1071.0,1143.0,1222.0,1269.0,2030.0,1734.0,642.5,758.5,949.0,1085.0,1124.5,1178.0,1239.5,1255.5,2388.5,2063.5,746.0,979.0,1194.0,1341.0,1373.0,1455.0,1555.0,1562.5,2404.0,2078.0,779.5,944.0,1214.5,1337.0,1348.5,1403.5,1526.5,1555.0,2158.0,1830.0,663.5,802.0,1024.0,1133.5,1175.0,1231.0,1317.5,1360.0,2003.0,1738.0,589.0,780.0,1005.5,1092.0,1124.5,1192.0,1312.5,1315.5,2329.5,2009.0,844.5,1130.0,1399.5,1543.0,1558.5,1607.5,1730.0,1692.0,"{""type"":""MultiPoint"",""coordinates"":[]}"
352_0,3,2074.5,1752.0,649.0,835.0,1118.5,1255.0,1282.0,1352.0,1468.0,1465.0,2605.0,2229.0,1005.0,1346.0,1670.5,1785.5,1827.5,1896.0,2021.0,1998.5,2626.0,2222.5,953.5,1278.0,1613.0,1742.0,1740.0,1807.0,1932.0,1934.5,2561.0,2216.0,939.5,1250.0,1556.0,1692.5,1687.5,1768.0,1853.0,1866.5,208.5,195.0,525.0,792.0,858.0,1109.0,986.0,1066.5,1025.5,960.0,210.5,170.5,643.5,899.0,1008.5,1287.5,1170.0,1222.5,1228.0,1157.0,567.5,403.5,649.0,894.5,950.0,1263.0,1512.5,1637.5,1518.5,1502.0,1498.5,887.5,490.0,854.5,588.5,1224.5,2565.0,2722.0,2490.5,2591.5,1680.5,887.5,310.0,669.0,380.5,1103.5,3115.5,3769.5,3767.5,3814.0,1847.0,1000.5,334.0,705.0,456.0,1238.0,3147.0,3830.5,3896.5,4044.5,1708.0,890.0,299.5,684.5,442.0,1192.5,3103.5,3865.0,3921.5,4054.5,2299.0,2029.0,687.0,939.5,1229.5,1356.0,1412.5,1511.0,1569.0,1592.0,1624.5,842.5,249.0,625.5,400.0,1140.0,3057.5,3802.5,3874.0,4063.0,1472.5,739.5,220.5,552.0,329.0,1014.0,2936.5,3742.5,3776.0,4004.0,1495.0,739.5,254.5,595.5,310.0,1051.5,3129.0,3864.5,3857.5,4094.5,1819.5,920.0,454.5,980.0,523.5,1650.0,3545.0,4116.0,4216.5,4360.5,1826.0,952.0,449.0,1017.0,625.0,1741.5,3327.0,3810.0,3999.0,4022.5,1920.0,1088.0,521.0,1143.0,949.0,2098.0,3212.0,3543.0,3695.0,3868.0,2278.5,1308.5,855.0,1509.0,1535.0,2524.0,3230.5,3585.0,3774.5,3920.0,2683.5,1628.5,925.0,1523.0,1779.0,2649.5,3071.0,3336.5,3672.5,3829.5,3754.5,2569.0,1100.0,1585.0,2186.0,2688.5,2970.0,3228.0,3686.5,3752.0,2527.0,1878.5,821.0,1155.5,1685.0,1973.0,2028.5,2200.0,2279.0,2465.0,2210.0,1865.0,613.0,851.0,1156.0,1307.0,1296.5,1431.5,1533.0,1561.0,2651.5,1997.5,822.5,1144.5,1605.5,1847.0,1930.5,2043.5,2235.5,2263.5,2879.5,2226.5,1027.0,1290.0,1724.5,1971.5,2024.5,2176.0,2316.5,2391.5,2542.0,2053.0,727.0,946.5,1292.0,1479.5,1551.0,1634.5,1774.0,1825.0,2617.0,2054.5,759.5,1008.5,1357.5,1565.0,1610.5,1691.0,1820.0,1901.0,2275.5,1502.5,583.5,754.0,1041.0,1175.0,1274.5,1343.0,1536.5,1508.0,0.0,0.0,0.0,0.0,0.0,0.0,0.0,0.0,0.0,0.0,1774.0,1474.0,547.0,752.5,976.5,1073.0,1097.0,1192.0,1305.0,1297.0,2097.0,1781.5,728.0,879.5,1079.5,1198.0,1222.0,1285.5,1403.5,1379.5,2460.0,2118.5,845.0,1083.0,1339.0,1475.5,1510.0,1557.0,1705.0,1681.0,2489.0,2114.5,853.5,1069.5,1350.0,1454.0,1464.5,1527.0,1683.5,1681.0,2085.5,1716.5,708.0,881.5,1111.5,1194.5,1216.0,1309.5,1410.0,1358.5,2015.0,1711.5,623.5,819.5,1060.0,1119.0,1152.0,1243.5,1377.5,1350.0,2373.0,2072.0,840.5,1162.0,1468.0,1574.0,1605.0,1657.0,1800.5,1783.0,"{""type"":""MultiPoint"",""coordinates"":[]}"
353_0,3,1791.0,1469.5,569.5,722.0,955.5,1074.5,1102.5,1169.5,1292.0,1303.0,2064.5,1755.0,773.0,986.5,1221.0,1310.0,1323.5,1411.0,1526.0,1527.5,2228.0,1921.0,922.5,1139.0,1392.0,1498.0,1499.0,1565.5,1632.5,1659.5,2494.5,2177.5,1076.0,1335.5,1613.0,1712.0,1751.0,1815.5,1903.5,1891.5,2139.0,1871.0,1081.0,1389.0,1602.0,1706.0,1749.0,1821.0,1863.0,1890.0,352.0,340.0,1081.0,1409.0,1353.0,1583.0,1176.0,1192.0,1127.0,917.0,410.0,352.0,744.0,990.0,961.0,1241.0,1132.0,1158.0,1160.0,1002.0,442.0,348.0,632.0,910.0,948.0,1249.0,1147.0,1263.0,1160.0,1071.0,516.0,420.0,569.0,871.0,877.0,1177.0,1218.0,1437.0,1151.0,1178.0,935.0,533.0,293.0,604.0,457.5,1016.5,1970.0,2233.5,2026.5,2175.5,1275.5,686.5,214.0,464.0,231.0,853.0,2587.5,3221.5,3185.5,3295.5,2017.0,1680.0,680.0,842.0,1068.0,1205.0,1224.0,1318.0,1388.0,1444.0,1470.0,721.0,159.0,414.0,145.0,756.0,2970.0,3917.0,3779.0,3821.0,1514.0,721.0,82.0,363.0,127.0,785.0,3004.0,4089.0,4172.0,4177.0,1605.0,794.0,147.0,454.0,251.0,979.0,3096.0,4269.0,4248.0,4413.0,1677.0,861.0,362.0,758.0,485.0,1372.0,3170.0,3789.0,4023.0,4120.0,1745.0,955.0,386.5,814.5,565.5,1472.5,2950.5,3495.5,3847.5,3814.0,1996.5,1147.0,448.5,859.0,869.0,1676.0,2658.5,3057.5,3372.5,3527.5,2428.0,1459.0,722.5,1145.0,1384.0,2017.5,2694.0,3017.5,3375.5,3484.0,2866.0,1853.5,862.0,1293.0,1724.0,2281.0,2804.5,3136.5,3553.0,3599.0,3944.0,2720.0,1103.0,1537.0,2131.0,2590.0,2828.0,3210.0,3651.0,3726.0,4065.5,2744.5,1050.5,1491.0,2304.5,2627.0,2865.5,3253.5,3574.5,3637.0,1982.0,1652.0,634.0,791.0,1042.0,1132.0,1197.5,1249.5,1409.5,1416.0,3658.5,2640.0,875.5,1243.5,1872.5,2176.0,2314.5,2517.0,2934.0,2965.0,3542.5,2570.5,967.0,1266.5,1828.5,2101.0,2217.0,2422.5,2795.0,2783.5,3093.0,2457.5,730.5,908.5,1274.0,1519.0,1557.5,1727.5,1978.5,2023.0,3122.0,2475.5,753.5,897.0,1231.5,1461.0,1526.5,1702.5,1847.5,1905.0,1575.0,1259.0,446.0,548.0,772.0,858.0,889.0,930.0,1087.0,1080.0,1395.0,1261.0,1015.0,1029.0,1035.0,1141.0,1323.0,1366.0,1322.0,1392.0,1535.0,1219.0,511.0,684.0,849.0,952.0,975.0,1017.0,1155.0,1191.0,1767.0,1421.0,646.0,768.0,930.0,1029.0,1046.0,1077.0,1190.0,1215.0,2322.0,1921.0,889.0,1086.0,1324.0,1423.0,1456.0,1495.0,1640.0,1677.0,2247.0,1852.5,909.5,1039.5,1268.0,1335.5,1340.0,1377.0,1570.5,1534.0,1804.5,1481.0,593.5,721.0,919.5,997.0,963.5,1022.0,1136.5,1153.5,2167.0,1876.0,864.0,1009.0,1196.0,1308.5,1360.5,1466.0,1558.5,1545.5,2160.5,1816.0,888.0,1044.5,1227.5,1317.0,1374.5,1473.0,1617.0,1578.5,"{""type"":""MultiPoint"",""coordinates"":[]}"
354_0,3,2129.5,1776.0,562.0,712.5,1022.0,1169.0,1221.5,1315.0,1460.5,1478.5,2327.0,2027.5,878.0,1138.5,1411.0,1539.0,1592.5,1672.0,1776.5,1774.5,2463.0,2139.5,860.0,1111.5,1418.5,1559.0,1606.0,1708.5,1807.0,1810.5,1765.5,1462.0,682.0,886.0,1125.0,1223.5,1257.5,1338.0,1412.5,1402.5,260.0,207.0,425.0,613.5,617.5,823.5,729.5,750.5,692.0,654.5,260.0,207.0,587.0,732.5,787.0,951.0,893.0,958.0,963.5,884.0,466.0,306.0,413.5,602.5,516.0,901.0,978.5,1145.0,1003.5,946.5,765.5,579.0,379.0,627.0,455.0,975.5,1642.0,1773.0,1688.0,1552.0,1281.5,674.5,245.5,529.0,309.0,971.5,2714.0,3325.0,3325.0,3178.5,1564.5,845.0,233.0,529.5,362.5,1012.0,2770.5,3472.5,3537.5,3583.0,1535.5,779.0,184.5,404.5,272.5,775.0,2622.0,3574.5,3656.0,3790.0,2365.0,1979.0,596.0,812.5,1097.5,1277.5,1329.0,1415.0,1519.5,1618.0,1593.0,785.5,193.5,431.5,255.5,804.0,2877.5,3774.0,3822.0,4052.5,1648.0,790.0,198.0,521.0,254.0,957.5,3224.0,4120.0,4290.0,4397.5,1698.5,830.5,360.0,783.0,452.0,1358.5,3408.5,4295.5,4347.5,4554.0,1853.0,979.0,564.5,1051.0,796.5,1855.0,3443.0,3937.0,4134.0,4272.0,1981.0,1094.0,580.0,1130.5,981.0,1963.0,3240.0,3680.0,4020.5,4031.5,2251.0,1308.0,635.0,1151.0,1227.0,2073.0,3049.0,3404.0,3634.0,3808.0,3176.5,2015.5,1003.0,1433.0,1716.5,2410.0,3061.5,3438.0,3724.0,3847.5,3956.0,2696.0,1111.5,1556.0,2162.5,2648.0,2962.5,3278.5,3638.0,3752.5,3722.5,2612.0,1062.0,1540.0,2255.0,2573.0,2820.0,3075.5,3510.0,3548.0,2511.5,1935.0,798.0,1093.0,1532.5,1731.0,1803.5,1922.0,2064.5,2175.5,2191.0,1826.0,469.5,738.5,1024.0,1179.5,1224.0,1320.5,1494.5,1517.0,2393.0,1875.5,778.0,1041.5,1454.5,1640.0,1726.5,1823.0,2006.5,2057.5,2479.5,1940.5,906.0,1138.5,1503.5,1685.0,1758.5,1865.0,2046.5,2048.5,2222.0,1790.5,681.0,872.5,1161.5,1291.0,1356.5,1490.0,1601.0,1633.0,2349.0,1933.0,771.5,926.0,1230.0,1367.0,1437.0,1584.0,1647.5,1715.0,1963.0,1493.0,551.5,696.5,951.5,1097.0,1154.5,1218.0,1399.0,1380.0,0.0,0.0,0.0,0.0,0.0,0.0,0.0,0.0,0.0,0.0,1750.0,1366.5,456.5,604.5,841.5,975.0,1011.0,1107.5,1242.5,1230.0,2011.0,1642.0,605.0,735.5,937.5,1089.0,1172.5,1234.0,1343.5,1374.0,2567.0,2165.0,818.5,1017.5,1278.5,1452.0,1538.5,1653.5,1770.5,1779.0,2521.0,2061.0,785.5,976.5,1251.5,1414.5,1452.0,1584.5,1740.0,1738.5,2330.0,1879.5,720.0,831.0,1084.0,1221.5,1273.5,1396.5,1535.5,1539.5,2187.0,1894.0,662.5,830.5,1087.0,1212.5,1265.0,1375.0,1508.5,1482.5,2181.5,1894.0,641.5,842.5,1089.5,1212.5,1250.0,1375.0,1508.5,1470.0,"{""type"":""MultiPoint"",""coordinates"":[]}"
355_0,3,1674.5,1365.0,584.0,704.0,918.5,1013.5,1084.5,1114.5,1240.0,1260.0,2067.5,1737.5,764.5,973.5,1183.0,1279.0,1350.0,1418.5,1506.0,1512.5,2206.5,1903.0,808.0,1075.5,1338.5,1431.5,1463.5,1529.0,1588.0,1605.0,2578.5,2216.0,1170.5,1489.0,1786.5,1910.0,1897.0,1945.0,2021.0,2024.0,2167.0,1895.0,1063.0,1330.0,1428.0,1516.0,1517.0,1603.0,1686.0,1661.0,364.0,335.0,1063.0,1330.0,1336.0,1516.0,1158.0,1211.0,1178.0,1060.0,418.0,284.0,772.0,1044.0,1090.0,1401.0,1409.0,1460.0,1511.0,1411.0,418.0,316.0,772.0,1044.0,1090.0,1401.0,1409.0,1460.0,1417.0,1326.0,443.0,365.0,473.0,808.0,751.0,1140.0,1096.0,1203.0,1092.0,995.0,1187.0,640.0,239.0,576.0,374.5,927.0,2082.5,2526.5,2329.0,2393.5,1585.0,777.0,166.0,438.5,159.0,739.0,2889.0,3960.0,3902.0,3957.0,1847.0,1523.0,670.0,818.0,1031.0,1160.0,1194.0,1260.0,1329.0,1385.0,1506.0,719.0,150.0,407.0,117.0,683.0,3089.0,4279.0,4292.0,4291.0,1460.0,709.0,52.0,363.0,70.0,754.0,3158.0,4459.0,4449.0,4513.0,1486.0,721.0,153.0,497.0,229.0,973.0,3376.0,4618.0,4673.0,4786.0,1591.0,755.0,425.0,927.0,560.0,1655.0,3610.0,4321.0,4431.0,4482.0,1591.0,861.0,469.5,1029.5,692.0,1828.0,3378.5,3871.0,4222.0,4142.5,1926.5,1114.5,526.5,1131.5,1077.0,2126.0,3212.5,3584.0,3848.5,3910.5,2383.5,1427.0,940.0,1509.5,1687.5,2472.0,3212.5,3510.5,3854.0,3882.0,2736.0,1768.0,1017.0,1596.5,1986.0,2781.5,3294.5,3570.0,3960.5,4013.5,3617.0,2630.0,1265.0,1830.0,2589.0,2935.0,3249.0,3565.0,4079.0,4013.0,3609.0,2699.0,1272.0,1783.5,2611.5,2919.0,3038.0,3412.0,3703.0,3729.0,1711.0,1434.0,490.0,688.0,919.0,1004.0,1067.0,1094.0,1241.0,1224.0,3826.0,2701.0,1139.0,1606.0,2307.0,2619.0,2779.0,3013.0,3215.0,3482.0,3456.5,2527.5,1077.5,1440.5,2003.5,2249.0,2386.5,2567.0,2929.0,2934.5,3089.0,2411.5,829.0,1058.5,1454.0,1643.5,1725.5,1882.0,2131.5,2103.0,3145.0,2619.0,890.0,1087.0,1460.0,1650.0,1716.0,1914.0,2098.0,2099.0,1658.0,1369.0,476.0,645.0,857.0,941.0,987.0,1044.0,1194.0,1167.0,870.5,694.0,722.5,709.0,701.0,758.0,808.0,848.0,983.5,874.5,1349.0,1056.0,433.0,582.0,728.0,804.0,854.0,914.0,996.0,1014.0,344.0,277.0,180.0,152.0,152.0,180.0,184.0,198.0,208.0,210.0,2031.0,1742.0,731.0,916.0,1118.0,1230.0,1253.0,1329.0,1424.0,1430.0,2093.0,1796.0,942.0,1063.0,1207.0,1307.0,1360.0,1433.0,1604.0,1515.0,1750.0,1501.0,580.0,678.0,870.0,959.0,908.0,1015.0,1081.0,1087.0,2043.0,1758.0,810.0,960.0,1115.5,1206.0,1242.5,1323.5,1395.0,1389.0,2051.5,1742.5,823.0,994.0,1166.5,1247.5,1316.0,1377.5,1484.5,1486.5,"{""type"":""MultiPoint"",""coordinates"":[]}"
356_0,3,1760.0,1439.0,589.5,710.0,940.0,1054.0,1070.5,1144.0,1250.5,1296.5,1979.5,1689.0,674.5,869.0,1116.5,1207.0,1233.5,1295.5,1387.5,1393.0,2180.0,1885.0,813.0,1041.0,1289.0,1412.0,1417.5,1470.0,1536.5,1547.5,2449.5,2144.0,973.0,1234.5,1513.5,1630.0,1662.5,1732.5,1805.0,1812.5,1162.0,1091.0,908.0,1148.0,1265.0,1369.0,1401.0,1452.0,1526.0,1515.0,384.0,355.0,767.0,1020.0,1106.0,1302.0,1035.0,1036.0,937.0,844.0,369.0,289.0,552.0,843.0,852.0,1030.0,987.0,1032.0,964.0,940.0,475.0,341.0,526.0,728.0,710.0,1015.0,1080.0,1206.0,1142.0,1086.0,643.0,488.0,392.0,619.0,500.0,900.0,1331.0,1650.0,1577.0,1376.0,1373.5,735.0,254.0,535.0,304.0,906.5,2692.0,3180.0,3414.5,3280.0,1504.0,763.5,140.0,404.0,152.0,770.5,2929.5,3970.5,4270.5,4146.5,1985.0,1655.0,658.0,823.0,1046.0,1174.0,1206.0,1284.0,1351.0,1411.0,1639.0,803.0,165.0,419.0,153.0,751.0,3199.0,4414.0,4605.0,4467.0,1639.0,808.0,98.0,462.0,231.0,916.0,3225.0,4481.0,4681.0,4628.0,1723.0,868.0,221.0,595.0,376.0,1152.0,3369.0,4564.0,4772.0,4836.0,1798.0,913.0,420.0,852.0,613.0,1566.0,3364.0,4180.0,4418.0,4508.0,1836.5,1039.5,450.0,898.5,734.0,1637.0,3188.5,3713.0,4126.5,4079.5,2072.0,1215.5,486.5,964.5,986.0,1825.0,2931.0,3349.5,3682.5,3780.0,2495.5,1494.5,750.0,1248.0,1388.0,2171.5,2991.5,3309.0,3728.5,3818.5,2857.0,1840.0,840.0,1320.5,1674.0,2386.5,3040.0,3353.5,3773.5,3775.0,3792.0,2664.0,1015.0,1503.0,2060.0,2531.0,2777.0,3114.0,3539.0,3623.0,3851.5,2641.0,972.0,1353.5,2074.5,2506.5,2761.0,3103.5,3177.5,3458.5,1981.5,1655.5,629.5,781.0,1040.0,1151.0,1193.0,1240.0,1362.0,1368.0,3583.0,2566.5,904.0,1253.5,1828.0,2156.5,2336.5,2532.5,2723.0,2982.0,3344.5,2426.5,903.0,1206.5,1673.0,2022.0,2119.0,2336.0,2524.5,2681.5,2987.0,2343.0,714.5,901.5,1239.0,1486.0,1543.0,1739.5,1832.0,1948.0,3074.0,2445.0,739.5,903.5,1225.5,1439.5,1524.0,1725.5,1795.0,1913.5,1765.0,1294.0,489.0,607.0,874.0,968.0,1003.0,1083.0,1238.0,1199.0,0.0,0.0,0.0,0.0,0.0,0.0,0.0,0.0,0.0,0.0,1523.0,1220.0,502.0,637.0,820.0,905.0,901.0,985.0,1069.0,1092.0,1696.0,1420.0,605.0,691.0,842.0,960.0,976.0,1001.0,1075.0,1134.0,2207.0,1851.0,767.0,966.0,1176.0,1284.0,1339.0,1356.0,1494.0,1524.0,2151.5,1798.0,844.0,950.5,1145.5,1237.0,1234.0,1306.5,1442.5,1452.0,1768.5,1462.5,572.0,688.5,871.5,952.0,918.5,975.0,1077.0,1095.0,2122.0,1845.0,779.5,925.0,1110.0,1238.5,1294.0,1381.0,1487.0,1479.5,2251.0,1916.0,841.0,1020.0,1224.0,1354.0,1401.0,1464.0,1580.0,1601.0,"{""type"":""MultiPoint"",""coordinates"":[]}"
357_0,3,1661.0,1363.0,608.0,754.0,950.0,1064.5,1100.0,1170.5,1250.5,1244.5,2274.0,1922.0,901.0,1132.5,1351.5,1494.0,1551.0,1606.0,1667.0,1717.0,2341.0,2000.5,984.0,1261.5,1473.0,1604.5,1643.0,1723.0,1727.0,1755.0,2613.5,2263.0,1269.5,1580.0,1826.5,1954.0,1963.5,2050.5,2086.0,2099.0,2248.0,1960.0,1095.0,1369.0,1551.0,1637.0,1663.0,1728.0,1811.0,1776.0,879.0,770.0,1031.0,1295.0,1402.0,1582.0,1453.0,1565.0,1508.0,1515.0,1016.0,791.0,839.0,1192.0,1254.0,1575.0,1453.0,1578.0,1508.0,1566.0,1336.0,987.0,818.0,1184.0,1154.0,1617.0,2089.0,2297.0,2363.0,2221.0,1633.0,1050.0,506.0,899.0,696.0,1333.0,2544.0,2897.0,3068.0,3020.0,1978.0,1159.0,461.0,868.0,650.5,1430.0,2980.5,3673.5,3889.0,3597.0,2065.0,1206.0,396.0,827.5,540.0,1386.5,3383.0,4267.0,4616.5,4380.5,1851.0,1543.0,710.0,891.0,1065.0,1222.0,1247.0,1269.0,1337.0,1397.0,2112.0,1238.0,500.0,999.0,633.0,1481.0,3553.0,4383.0,4762.0,4591.0,2073.0,1188.0,443.0,971.0,657.0,1492.0,3553.0,4632.0,4989.0,4599.0,2024.0,1068.0,443.0,898.0,674.0,1500.0,3593.0,4530.0,4958.0,4891.0,1970.0,1096.0,534.0,970.0,841.0,1866.0,3406.0,4201.0,4452.0,4246.0,2015.5,1275.0,576.5,1006.5,924.5,1888.5,3107.0,3573.5,4067.0,3831.0,2138.5,1427.5,628.0,1071.5,1186.5,2008.5,2829.5,3148.5,3540.0,3550.0,2414.5,1550.0,877.0,1368.0,1582.0,2162.0,2801.0,3008.0,3449.0,3441.5,2683.5,1837.0,890.0,1334.5,1760.0,2392.0,2838.0,3103.5,3540.5,3429.0,3259.0,2290.5,1099.0,1518.5,2086.5,2487.0,2733.0,2931.0,3322.0,3213.0,3498.0,2374.0,1102.0,1537.0,2261.0,2542.0,2811.0,2889.0,3326.0,3288.0,1724.0,1447.0,561.0,768.0,983.0,1108.0,1121.0,1260.0,1303.0,1308.0,3498.0,2423.0,1020.0,1481.0,2119.0,2542.0,2805.0,2889.0,3127.0,3288.0,3088.0,2204.5,964.5,1306.5,1795.0,2057.0,2224.0,2415.0,2735.0,2664.5,2794.0,2131.0,730.5,959.5,1292.5,1522.0,1607.0,1795.5,1976.5,1952.5,3029.0,2336.0,791.0,988.0,1338.0,1586.0,1658.0,1853.0,2002.0,2078.0,1468.0,1182.0,434.0,562.0,760.0,846.0,905.0,966.0,1054.0,1016.0,564.0,480.0,289.0,403.0,469.0,499.0,536.0,541.0,590.0,593.0,1802.0,1446.0,636.0,847.0,1024.0,1192.0,1175.0,1293.0,1325.0,1337.0,1974.0,1633.0,758.0,925.0,1103.0,1232.0,1256.0,1308.0,1416.0,1416.0,2430.0,2079.0,948.0,1200.0,1429.0,1636.0,1603.0,1716.0,1770.0,1796.0,2589.0,2234.0,1133.0,1386.0,1567.0,1762.0,1791.0,1881.0,1980.0,1979.0,1753.5,1450.5,596.5,735.5,915.5,1006.5,1010.5,1059.5,1131.5,1147.0,2157.5,1839.0,855.0,1070.0,1252.0,1393.0,1458.5,1462.0,1568.0,1597.5,2276.5,1922.5,918.5,1125.5,1310.0,1442.5,1490.5,1576.0,1629.0,1620.0,"{""type"":""MultiPoint"",""coordinates"":[]}"
358_0,3,2145.0,1728.0,666.5,805.5,1087.5,1238.5,1222.5,1350.5,1424.0,1506.5,2091.5,1803.5,712.0,922.0,1177.0,1291.5,1349.0,1411.0,1498.0,1507.0,2280.0,1995.0,801.5,1048.5,1352.0,1460.5,1480.5,1569.0,1638.5,1651.5,2424.5,2123.0,845.5,1111.0,1433.0,1556.5,1599.0,1677.0,1759.0,1799.5,1104.0,1067.0,1011.0,1263.0,1419.0,1667.0,1387.0,1537.0,1249.0,1402.0,339.0,310.0,627.0,820.0,919.0,1141.0,903.0,925.0,827.0,741.0,344.0,305.0,497.0,713.0,626.0,985.0,894.0,1007.0,934.0,867.0,794.0,553.0,480.0,709.0,498.0,962.0,1464.0,1605.0,1590.0,1498.0,1433.0,690.0,346.0,726.0,340.0,1064.0,2990.0,3513.0,3520.0,3515.0,1781.5,930.5,300.5,659.5,361.0,1120.0,3038.0,3717.5,3862.0,3953.5,1710.0,871.5,184.0,461.5,297.0,887.0,2865.0,3798.0,3994.0,4062.5,2344.0,1943.0,717.0,918.0,1157.0,1326.0,1334.0,1457.0,1515.0,1566.0,1742.0,886.0,242.0,500.0,326.0,877.0,3004.0,3927.0,4068.0,4193.0,1732.0,870.0,190.0,551.0,350.0,970.0,3124.0,4096.0,4306.0,4384.0,1790.0,886.0,336.0,809.0,530.0,1408.0,3431.0,4326.0,4459.0,4697.0,1934.0,1048.0,505.0,1046.0,809.0,1894.0,3529.0,4220.0,4348.0,4401.0,2043.0,1162.0,583.0,1126.0,998.5,2009.0,3312.0,3821.0,4124.0,4199.0,2274.0,1348.0,620.0,1167.5,1188.5,2096.0,3176.0,3554.0,3794.5,3966.0,2536.5,1473.0,803.5,1318.0,1381.0,2302.0,3210.5,3553.5,3869.0,3975.0,3827.5,2580.5,1045.0,1473.5,1978.5,2563.5,3181.0,3539.0,3890.5,3917.0,3550.0,2560.0,1048.0,1528.0,2117.0,2537.5,2817.0,3225.5,3462.0,3485.0,3279.0,2239.0,940.0,1304.0,1833.0,2241.0,2768.0,2741.0,2844.0,3250.0,2304.0,1913.0,704.5,870.0,1162.0,1311.0,1319.0,1412.0,1517.0,1555.5,3216.0,2231.5,879.0,1235.0,1677.5,2063.5,2435.0,2524.5,2582.5,2846.5,3066.0,2155.5,1092.0,1348.0,1728.5,2093.0,2287.0,2522.5,2572.5,2658.5,2639.0,2005.0,638.0,843.5,1094.5,1363.0,1491.5,1658.5,1714.5,1826.0,2693.0,2058.0,688.5,847.5,1101.5,1314.5,1474.0,1593.0,1669.5,1833.5,1800.0,1461.0,509.0,663.0,907.0,1031.0,1085.0,1182.0,1304.0,1282.0,0.0,0.0,0.0,0.0,0.0,0.0,0.0,0.0,0.0,0.0,2049.0,1720.0,624.0,782.0,1002.0,1113.0,1108.0,1132.0,1270.0,1303.0,2075.0,1766.0,682.0,759.0,958.0,1033.0,1056.0,1112.0,1184.0,1210.0,2262.0,1912.5,730.5,912.0,1139.5,1244.0,1268.0,1309.5,1420.5,1457.0,2333.0,1917.0,715.0,821.0,1085.0,1164.0,1132.0,1161.0,1265.0,1319.0,2383.0,1970.0,800.0,891.5,1129.0,1209.5,1212.0,1244.5,1361.0,1409.0,2461.0,2136.0,826.0,1000.0,1204.0,1328.0,1351.0,1459.0,1540.0,1560.0,2178.0,1868.0,715.0,935.0,1211.0,1347.0,1357.0,1454.0,1517.0,1562.0,"{""type"":""MultiPoint"",""coordinates"":[]}"
359_0,3,172.5,147.0,214.5,277.0,365.0,442.0,312.0,342.5,335.5,276.0,2167.0,1851.5,677.5,877.0,1084.5,1216.5,1268.0,1369.5,1444.5,1488.5,2409.0,2114.5,829.5,1062.0,1303.0,1434.0,1490.0,1575.0,1663.0,1685.0,2612.0,2326.0,1005.5,1257.5,1523.5,1663.0,1681.5,1785.0,1850.0,1873.5,2707.0,2442.0,1097.0,1356.0,1621.0,1738.0,1791.0,1869.0,1981.0,1978.0,902.0,907.0,945.0,1212.0,1308.0,1500.0,1267.0,1343.0,1062.0,1170.0,453.0,352.0,714.0,994.0,990.0,1265.0,1131.0,1156.0,1131.0,1029.0,548.0,431.0,746.0,1031.0,995.0,1378.0,1396.0,1488.0,1345.0,1278.0,629.0,547.0,510.0,812.0,669.0,1188.0,1396.0,1488.0,1406.0,1284.0,1267.0,755.5,288.0,613.5,357.5,978.5,2177.0,2605.0,2440.5,2407.0,1228.0,659.5,201.5,449.5,250.5,785.5,2340.5,2978.5,2933.5,2884.5,394.0,323.5,333.0,434.5,533.0,654.0,582.0,633.0,671.5,609.5,1505.0,764.0,241.0,477.0,274.0,801.0,2586.0,3432.0,3426.0,3658.0,1503.0,764.0,170.0,433.0,245.0,818.0,2670.0,3564.0,3728.0,3750.0,1588.0,800.0,172.0,478.0,247.0,838.0,2994.0,4047.0,4099.0,4327.0,1586.0,826.0,430.0,879.0,553.0,1537.0,3269.0,3901.0,4003.0,4081.0,1582.0,841.0,432.0,937.0,697.0,1610.0,2977.0,3454.0,3837.0,3794.0,1845.0,1054.0,521.5,990.5,981.0,1833.5,2792.0,3153.0,3419.0,3525.5,2262.0,1301.0,860.0,1318.0,1442.0,2165.0,2790.0,3118.0,3375.0,3454.0,3705.0,2542.5,1056.0,1486.5,1968.0,2530.5,2880.0,3183.5,3513.0,3605.5,4138.0,2775.0,1386.5,1923.0,2731.5,3172.5,3471.0,3764.5,4239.0,4254.0,2958.0,2099.0,1034.0,1371.0,1868.0,2076.0,2318.0,2359.0,2568.0,2670.0,280.0,227.0,320.0,378.0,490.0,607.0,526.0,584.0,634.0,554.0,2958.0,2105.0,991.0,1329.0,1746.0,1889.0,2095.0,2191.0,2425.0,2348.0,2823.5,2126.5,980.0,1255.5,1638.0,1835.0,1918.5,2093.5,2244.5,2293.0,1522.0,1210.5,583.0,735.0,985.0,1109.5,1097.0,1162.5,1327.5,1276.5,402.0,347.0,368.0,485.0,609.0,711.0,598.0,662.0,622.0,593.0,193.0,144.0,172.0,242.0,274.0,352.0,251.0,287.0,281.0,241.0,509.0,504.0,646.0,620.0,537.0,568.0,521.0,568.0,647.0,510.0,218.0,183.0,187.0,286.0,414.0,527.0,436.0,464.0,482.0,420.0,699.0,460.0,330.0,429.0,594.0,760.0,795.0,865.0,977.0,1008.0,2891.0,2169.0,931.0,1219.0,1530.0,1770.0,1903.0,1970.0,2187.0,2204.0,2167.0,1380.0,632.0,801.0,1154.0,1348.0,1491.0,1548.0,1833.0,1909.0,2694.5,1918.5,782.5,1035.0,1381.5,1593.0,1749.5,1864.5,2086.0,2172.0,3727.5,2964.0,1201.5,1516.5,1878.0,2119.5,2286.5,2467.5,2718.5,2713.0,3349.5,2747.0,1128.0,1360.0,1676.0,1884.5,1966.0,2098.5,2264.5,2329.0,"{""type"":""MultiPoint"",""coordinates"":[]}"
360_0,3,1225.0,1039.5,495.5,568.0,715.0,795.0,828.5,851.0,903.0,932.5,1702.5,1469.5,681.0,845.5,1033.0,1134.5,1171.0,1227.5,1306.5,1294.5,148.5,163.5,287.5,467.5,540.5,628.5,445.5,510.5,523.0,392.0,280.0,206.0,401.5,582.0,634.0,806.5,686.5,727.5,745.5,640.5,322.0,235.0,425.0,642.0,623.0,866.0,801.0,842.0,890.0,800.0,488.0,376.0,476.0,750.0,597.0,1066.0,1259.0,1323.0,1349.0,1153.0,1564.0,816.0,456.0,983.0,470.0,1646.0,3917.0,4110.0,4557.0,4148.0,1649.0,799.0,505.0,1079.0,535.0,1635.0,4655.0,5339.0,5088.0,5307.0,1654.0,742.0,325.0,891.0,323.0,1488.0,4728.0,5620.0,5766.0,5764.0,1658.0,752.5,270.5,834.5,313.0,1387.0,4450.0,5344.5,5662.5,5732.0,1724.5,818.0,235.5,795.0,266.5,1298.0,4279.5,5378.5,5630.0,5643.0,1474.0,1242.0,616.0,741.0,891.0,974.0,995.0,1058.0,1136.0,1106.0,1822.0,867.0,273.0,814.0,294.0,1285.0,4150.0,5131.0,5242.0,5491.0,1778.0,859.0,233.0,779.0,316.0,1329.0,3934.0,4818.0,4954.0,5024.0,1820.0,859.0,294.0,805.0,375.0,1351.0,3843.0,4534.0,4705.0,4911.0,1919.0,973.0,456.0,1006.0,583.0,1790.0,3697.0,4276.0,4391.0,4619.0,1942.0,1014.5,504.5,1069.5,720.5,1868.5,3441.5,3930.0,4103.5,4242.0,2113.5,1171.0,539.5,1111.5,925.5,2013.5,3334.5,3678.0,3907.0,4096.5,2407.0,1402.0,1337.0,1541.0,1395.0,2294.0,3326.0,3729.0,3893.0,4104.0,4556.5,2993.0,1409.0,1941.0,2674.0,3381.0,3747.5,4087.0,4533.5,4640.0,4426.5,3012.0,1348.0,1863.5,2668.5,3240.0,3559.0,3895.0,4353.0,4372.5,2754.0,1947.0,893.0,1152.0,1614.0,1841.0,2001.0,2062.0,2253.0,2420.0,1566.0,1376.0,674.0,799.0,960.0,1034.0,1078.0,1089.0,1199.0,1185.0,2956.0,2257.0,888.0,1156.0,1615.0,1833.0,1980.0,2055.0,2253.0,2311.0,2577.5,2026.0,818.0,1019.5,1375.5,1546.5,1629.5,1742.5,1899.5,1927.5,2056.0,1721.0,488.5,631.0,878.5,1015.0,1067.0,1168.5,1309.0,1321.0,2405.0,2054.0,624.0,789.0,1091.0,1229.0,1289.0,1392.0,1517.0,1553.0,1916.0,1560.0,468.0,583.0,857.0,979.0,1055.0,1160.0,1274.0,1293.0,0.0,0.0,0.0,0.0,0.0,0.0,0.0,0.0,0.0,0.0,2404.0,2189.0,914.0,1125.0,1347.0,1496.0,1568.0,1631.0,1735.0,1706.0,2358.0,2009.0,861.0,1079.0,1141.0,1425.0,1729.0,1836.0,1910.0,1928.0,1753.0,1514.0,592.0,787.0,855.0,1040.0,1219.0,1292.0,1387.0,1371.0,1753.0,1514.0,644.0,787.0,888.0,1040.0,1219.0,1292.0,1387.0,1371.0,1373.0,1111.0,511.5,601.5,773.5,863.5,903.0,936.5,1042.0,984.5,1629.0,1428.0,597.0,739.0,901.0,974.0,1007.0,1063.0,1156.0,1148.0,1606.5,1392.5,627.5,773.5,941.0,1024.0,1063.5,1121.0,1197.5,1179.5,"{""type"":""MultiPoint"",""coordinates"":[]}"
361_0,3,2023.0,1681.5,602.0,773.0,1042.5,1170.5,1206.5,1282.5,1402.0,1470.0,2509.5,2170.5,917.5,1231.0,1526.0,1656.5,1704.5,1773.5,1908.0,1879.5,2507.5,2144.0,879.0,1155.0,1475.5,1603.5,1612.5,1687.5,1806.5,1825.0,2442.5,2117.5,864.0,1125.5,1417.0,1551.5,1551.0,1632.0,1733.5,1751.0,311.0,202.0,441.5,608.0,680.5,816.0,774.0,822.5,862.5,879.0,311.0,202.0,582.5,767.0,855.0,1009.0,978.5,1054.0,1064.0,1025.0,570.5,449.5,440.0,730.0,620.0,1037.5,1144.5,1287.5,1202.0,1161.0,1539.0,898.5,379.0,750.5,378.0,1078.0,2728.0,3138.5,3099.5,3051.0,1642.5,829.5,224.5,610.5,288.5,1072.5,3366.5,4223.5,4250.5,4297.0,1864.0,986.0,256.0,649.0,383.5,1209.0,3302.5,4161.0,4288.5,4484.5,1780.0,910.5,229.0,610.0,331.5,1157.0,3263.5,4164.0,4331.5,4494.5,2297.0,1968.0,653.0,879.5,1169.0,1318.0,1358.0,1436.5,1533.5,1559.5,1680.5,847.5,187.0,542.0,268.5,1054.0,3156.0,4060.0,4206.5,4410.0,1503.0,748.5,181.5,528.5,251.5,994.0,3152.0,4057.0,4201.5,4378.5,1568.5,769.0,244.5,641.5,267.0,1150.0,3466.5,4306.0,4404.0,4604.5,1892.5,971.0,471.5,1004.5,531.5,1703.0,3800.0,4451.5,4640.5,4773.0,1901.5,984.0,481.5,1112.0,656.0,1916.0,3707.5,4198.5,4463.5,4525.5,2093.0,1161.0,576.0,1295.0,1051.0,2344.0,3519.0,3920.0,4172.0,4219.0,2437.0,1397.0,884.5,1661.5,1630.0,2788.0,3654.0,3991.0,4381.0,4429.0,2714.5,1681.5,881.5,1666.5,1767.5,2863.5,3464.5,3819.5,4211.0,4273.0,4014.5,2742.0,1212.5,1709.0,2357.5,2959.5,3247.0,3545.0,3970.0,4051.5,2624.5,2007.5,874.0,1200.5,1690.0,1970.5,2009.0,2179.5,2265.0,2411.5,2164.0,1830.5,544.5,776.0,1068.5,1185.5,1263.0,1332.0,1453.0,1439.5,2586.5,1954.5,882.5,1167.0,1616.0,1844.5,1943.5,2072.0,2263.5,2291.0,2447.5,1910.0,940.5,1196.5,1559.5,1748.5,1816.0,1939.0,2078.5,2109.5,2427.5,1933.0,735.5,942.5,1267.0,1467.0,1511.0,1611.5,1756.5,1796.0,2593.0,2126.0,791.5,993.0,1321.5,1547.0,1590.5,1691.5,1794.0,1891.0,2199.5,1496.5,612.5,774.5,1094.5,1259.5,1332.5,1414.0,1577.5,1603.5,0.0,0.0,0.0,0.0,0.0,0.0,0.0,0.0,0.0,0.0,1972.5,1679.5,544.5,724.0,970.0,1078.0,1137.5,1162.0,1311.0,1291.0,1994.5,1741.5,607.0,739.5,926.5,1040.0,1055.5,1130.0,1233.5,1206.5,2402.0,2123.0,695.0,918.0,1157.0,1267.0,1334.0,1420.0,1548.5,1540.0,2479.0,2154.0,746.5,922.0,1217.0,1310.5,1328.5,1433.5,1596.5,1576.5,2208.0,1881.0,661.0,798.0,1028.5,1117.5,1151.5,1238.0,1358.0,1356.5,1935.0,1661.5,558.0,744.5,945.0,1027.0,1079.5,1164.0,1292.5,1253.5,2301.0,1964.0,789.0,1078.0,1369.5,1459.0,1490.5,1555.5,1705.5,1669.5,"{""type"":""MultiPoint"",""coordinates"":[]}"
362_0,3,1817.5,1536.0,574.5,732.5,986.0,1104.5,1165.5,1157.5,1294.5,1300.0,2370.5,2032.0,1008.5,1289.5,1541.5,1645.5,1645.0,1723.0,1846.5,1827.0,2119.0,1802.5,790.0,1040.5,1289.5,1414.5,1382.5,1446.0,1564.5,1531.0,669.0,587.5,618.0,849.0,982.0,1145.5,1018.0,1051.0,1073.0,984.0,517.0,448.0,695.0,936.0,1034.0,1136.5,1033.0,1028.0,963.5,889.0,517.0,384.5,445.0,746.5,709.5,1020.5,902.5,1006.0,923.5,867.5,817.5,547.0,419.5,703.0,554.0,1034.5,1324.0,1381.5,1363.5,1350.0,1161.5,734.5,439.0,782.5,535.0,1076.0,2025.0,2189.0,2299.0,2069.0,1444.0,817.0,342.5,668.0,438.0,1056.5,2419.0,2749.5,3059.0,2923.0,1456.5,790.5,257.5,586.0,361.0,958.5,2423.5,3098.0,3243.5,3220.5,1474.5,826.5,182.0,394.5,225.0,778.5,2508.5,3327.5,3597.0,3543.5,2165.5,1864.0,645.0,873.5,1145.5,1292.5,1310.5,1410.5,1464.0,1555.5,1636.0,848.0,203.5,444.0,226.5,820.0,2917.0,3994.0,4174.5,4138.5,1641.5,870.5,268.5,772.5,401.0,1381.0,3446.5,4167.0,4440.0,4347.5,1699.5,922.5,430.5,912.0,655.5,1580.0,3368.0,3802.5,4068.0,4022.5,1903.5,1093.0,635.5,1168.5,1018.0,1973.0,3191.5,3657.0,3931.0,3892.5,2221.0,1365.0,731.0,1295.0,1320.5,2105.0,3072.5,3444.5,3886.0,3678.5,2651.0,1725.0,854.0,1419.0,1707.0,2404.0,3056.0,3307.0,3658.0,3690.0,4052.0,2894.0,1232.0,1735.5,2381.5,2810.0,3019.0,3235.5,3639.5,3754.0,3966.0,2929.0,1160.0,1598.0,2331.0,2747.5,2879.5,3132.5,3544.5,3643.0,3432.5,2702.5,1134.0,1536.5,2108.5,2379.0,2546.5,2805.0,3196.0,3097.5,2383.0,1892.0,801.5,1081.0,1499.0,1700.0,1717.5,1850.0,1919.5,1958.0,2028.5,1724.0,563.0,793.0,1074.0,1196.0,1234.0,1321.0,1433.5,1404.0,2274.5,1809.0,797.5,1068.0,1461.0,1638.0,1682.0,1808.5,1915.5,1937.0,2208.5,1770.0,878.0,1104.5,1441.0,1597.0,1664.0,1756.0,1863.5,1883.5,1915.5,1550.0,646.0,805.0,1073.5,1210.0,1252.0,1315.5,1477.0,1490.0,1691.0,1349.5,520.0,688.5,942.0,1076.0,1100.5,1147.5,1256.5,1249.5,907.5,608.5,299.5,425.0,559.5,632.0,672.0,707.5,766.0,755.5,0.0,0.0,0.0,0.0,0.0,0.0,0.0,0.0,0.0,0.0,1409.0,1021.5,409.0,535.5,748.5,867.0,895.0,950.0,1080.5,1048.5,1777.0,1436.0,611.0,748.0,915.5,1038.5,1101.5,1204.0,1242.0,1300.5,2194.5,1796.0,786.5,1000.5,1226.5,1374.5,1402.0,1483.0,1587.0,1568.5,2033.5,1692.0,682.5,838.0,1075.0,1145.5,1153.0,1179.5,1330.0,1315.5,2033.5,1692.0,682.5,838.0,1075.0,1145.5,1153.0,1179.5,1330.0,1315.5,1987.0,1696.5,662.0,832.0,1077.0,1146.0,1164.5,1233.0,1360.5,1316.0,2232.0,1897.5,788.5,1020.0,1272.0,1392.5,1440.5,1503.0,1588.5,1619.0,"{""type"":""MultiPoint"",""coordinates"":[]}"
363_0,3,1677.5,1434.5,543.5,695.5,915.0,1011.5,1072.5,1110.5,1204.5,1212.0,2273.5,2000.0,796.5,1061.0,1321.0,1419.0,1465.0,1544.5,1654.0,1656.5,2355.0,2088.0,838.0,1105.5,1353.5,1462.0,1501.5,1572.5,1668.5,1670.0,2279.5,2033.0,843.5,1085.0,1323.0,1421.0,1457.5,1525.5,1607.5,1602.5,309.0,315.0,875.0,1067.0,1107.0,1176.0,924.0,912.0,899.0,698.0,329.0,315.0,875.0,1067.0,1107.0,1176.0,1002.0,1150.0,1118.0,987.0,389.0,308.0,684.0,926.0,878.0,1172.0,1019.0,1150.0,1118.0,987.0,603.0,506.0,612.0,926.0,826.0,1325.0,1513.0,1662.0,1530.0,1434.0,693.0,535.0,424.0,693.0,634.0,1047.0,1286.0,1459.0,1342.0,1243.0,1023.5,635.5,274.5,570.0,406.5,951.5,1847.0,2243.0,2009.5,2054.5,1390.0,771.5,295.5,561.0,370.0,1013.5,2668.0,3263.0,3272.0,3362.0,1874.0,1625.0,661.0,812.0,1028.0,1142.0,1167.0,1222.0,1286.0,1312.0,1502.0,797.0,301.0,594.0,415.0,969.0,2691.0,3441.0,3443.0,3684.0,1336.0,677.0,141.0,380.0,216.0,768.0,2662.0,3672.0,3595.0,3906.0,1331.0,677.0,141.0,378.0,176.0,707.0,2877.0,3958.0,3828.0,4059.0,1619.0,818.0,381.0,770.0,430.0,1218.0,3474.0,4418.0,4348.0,4435.0,1671.5,866.0,417.5,890.0,482.0,1412.5,3437.5,4163.5,4385.0,4309.5,1648.5,929.0,406.0,914.5,575.5,1604.5,3136.0,3492.0,3723.5,3835.0,1917.0,1058.5,842.0,1435.0,1257.0,2204.5,3307.0,3515.5,3811.0,4057.0,2344.0,1466.5,846.5,1508.0,1530.0,2761.5,3518.5,3631.5,3957.0,4168.0,3594.0,2557.0,1135.0,1604.5,2172.0,2868.5,3196.0,3453.5,3770.5,3808.5,1819.0,1316.0,538.0,809.0,1142.0,1400.0,1437.0,1519.0,1580.0,1705.0,1754.0,1515.0,490.0,668.0,914.0,1021.0,1087.0,1126.0,1242.0,1252.0,2493.0,1946.0,691.0,980.0,1295.0,1521.0,1614.0,1659.0,1699.0,1898.0,2376.5,1864.0,787.0,992.5,1298.0,1486.5,1529.0,1643.5,1723.5,1800.5,2129.0,1749.0,610.5,770.5,1006.5,1156.5,1210.5,1293.0,1374.0,1432.0,2172.0,1841.0,718.0,847.0,1070.0,1232.0,1301.0,1369.0,1415.0,1501.0,1815.0,1510.0,495.0,610.0,833.0,944.0,1003.0,1062.0,1182.0,1201.0,0.0,0.0,0.0,0.0,0.0,0.0,0.0,0.0,0.0,0.0,1754.0,1488.0,533.0,723.0,931.0,1012.0,1044.0,1110.0,1237.0,1196.0,1789.0,1551.0,638.0,748.0,920.0,1013.0,1039.0,1112.0,1198.0,1192.0,2141.0,1872.0,693.0,904.0,1137.0,1234.0,1317.0,1350.0,1476.0,1487.0,2297.0,2049.0,891.0,1062.0,1283.0,1369.0,1433.0,1520.0,1657.0,1570.0,1559.0,1324.0,573.0,628.0,778.0,874.0,877.0,911.0,1009.0,1021.0,1956.0,1700.5,662.5,830.5,1052.5,1143.0,1180.5,1256.0,1378.5,1342.0,2109.0,1842.0,740.5,941.0,1172.0,1248.0,1309.0,1384.0,1501.0,1479.5,"{""type"":""MultiPoint"",""coordinates"":[]}"
364_0,3,1869.0,1542.0,537.5,692.0,945.0,1067.5,1098.0,1199.5,1276.0,1301.0,2426.5,2045.5,942.0,1235.5,1522.5,1651.5,1691.5,1769.0,1868.5,1850.0,2439.0,2047.5,876.5,1153.5,1451.5,1586.5,1607.5,1693.0,1786.0,1797.0,2374.5,2013.0,867.5,1132.5,1419.5,1551.0,1569.0,1650.0,1728.5,1758.5,273.5,224.5,533.5,759.0,808.5,950.5,772.0,842.0,814.0,718.5,286.0,218.5,532.0,776.0,813.5,1043.0,911.0,989.0,967.5,869.0,524.5,461.0,538.5,790.5,728.5,1191.5,1138.5,1198.5,1117.5,1058.0,1112.5,817.0,468.5,826.5,574.0,1196.0,1965.5,2145.5,2104.5,1958.0,1541.0,830.0,329.5,721.5,350.0,1154.0,3273.0,3810.0,3692.0,3706.5,1715.5,916.5,270.5,679.0,390.0,1245.5,3151.5,3846.5,3946.0,4115.0,1706.0,900.5,265.5,651.5,386.0,1169.5,3016.0,3668.5,3771.0,3932.5,2181.5,1813.5,629.5,847.0,1093.0,1244.5,1313.5,1354.5,1471.0,1479.5,1641.0,846.0,244.5,624.0,353.5,1127.5,2978.0,3643.5,3767.0,3889.5,1487.0,742.5,191.0,562.0,339.0,1045.0,2895.0,3639.5,3763.5,3945.5,1458.5,742.5,266.0,605.5,340.5,1036.0,2987.0,3630.0,3740.5,3920.0,1833.0,936.5,479.5,949.5,550.0,1601.5,3475.5,4010.0,4107.0,4305.0,1897.5,1005.5,459.0,1024.0,641.5,1742.5,3354.5,3807.5,4007.0,4071.5,1983.0,1127.0,494.0,1108.0,868.0,2047.0,3173.0,3481.0,3635.0,3778.0,2290.0,1308.0,758.0,1401.0,1290.5,2440.0,3181.5,3541.0,3715.0,3907.5,2727.5,1651.0,784.0,1419.0,1722.5,2534.5,2981.0,3243.5,3581.5,3722.0,3814.0,2550.5,1042.0,1495.0,2054.5,2588.5,2821.0,3120.5,3486.0,3607.5,1921.0,1466.0,564.5,806.0,1129.0,1331.0,1375.0,1462.5,1518.5,1622.5,2026.5,1671.5,507.5,743.5,1018.0,1169.5,1216.5,1307.0,1398.0,1416.0,2063.5,1633.5,602.0,847.5,1162.5,1348.5,1387.0,1485.5,1567.0,1642.5,2260.0,1813.0,823.0,1011.5,1282.5,1448.0,1501.0,1614.5,1678.5,1721.5,2023.0,1676.5,633.5,807.0,1037.5,1175.0,1227.5,1311.5,1409.5,1441.5,2184.5,1839.0,750.5,885.0,1112.5,1257.0,1326.5,1409.5,1456.5,1539.5,1797.0,1470.0,519.0,637.0,853.5,954.5,1036.0,1114.0,1224.0,1201.5,0.0,0.0,0.0,0.0,0.0,0.0,0.0,0.0,0.0,0.0,1496.0,1094.0,410.5,568.0,775.5,864.5,943.5,987.5,1109.5,1146.0,1833.5,1485.0,610.5,764.5,932.0,1083.0,1126.0,1192.0,1268.5,1257.0,2332.0,1892.5,805.5,1048.0,1269.5,1437.5,1492.0,1562.5,1668.5,1681.0,2291.0,1874.5,804.5,992.0,1235.0,1379.5,1419.0,1479.5,1617.0,1606.5,2130.0,1720.5,791.5,895.5,1103.0,1234.0,1264.0,1352.0,1441.0,1482.0,2057.5,1731.0,654.0,843.5,1068.5,1190.5,1205.5,1301.5,1383.0,1419.0,2201.5,1900.0,770.0,1042.0,1307.5,1408.0,1459.0,1512.0,1620.0,1631.0,"{""type"":""MultiPoint"",""coordinates"":[]}"
365_0,3,1685.5,1405.0,533.5,684.5,910.0,998.5,1018.0,1124.5,1171.5,1185.0,2399.5,2067.0,1027.5,1317.5,1572.0,1656.5,1715.0,1788.0,1865.5,1861.0,2298.5,1931.5,871.5,1146.0,1411.5,1506.0,1536.0,1591.0,1682.5,1669.0,630.0,609.0,611.0,871.0,940.0,1097.0,1021.0,1084.5,995.5,992.5,423.5,408.0,709.0,1002.0,1052.0,1291.5,1015.0,1070.0,989.0,855.0,428.0,323.5,541.0,872.5,765.0,1157.0,1087.0,1167.0,1119.5,998.5,865.5,545.0,484.5,780.0,609.0,1074.5,1613.5,1734.0,1564.0,1529.0,1251.0,737.0,464.0,837.5,510.0,1135.0,2141.0,2350.5,2360.5,2266.5,1424.0,782.5,392.0,746.5,450.0,1123.5,2731.5,3244.5,3243.5,3183.0,1431.5,777.5,276.5,605.0,377.5,1016.0,2554.0,3108.5,3033.5,3181.5,1460.5,766.5,224.0,463.0,287.0,811.0,2513.0,3439.5,3458.5,3493.0,1935.5,1599.0,598.0,805.0,1022.0,1167.0,1181.5,1220.0,1332.5,1358.0,1660.5,863.0,255.5,527.0,306.5,897.5,3023.5,3944.5,4086.5,4164.5,1688.0,855.5,316.5,830.5,457.5,1385.0,3413.5,4248.5,4322.5,4556.5,1750.5,936.0,424.0,920.5,652.0,1567.0,3410.0,4132.5,4122.0,4407.5,2000.5,1093.5,628.0,1142.5,1007.5,2012.5,3267.0,3699.0,3897.0,4058.0,2209.0,1297.5,709.5,1204.0,1295.5,2109.0,2976.5,3387.5,3712.0,3762.0,2586.0,1602.0,781.0,1263.0,1564.0,2297.0,2872.0,3225.0,3450.0,3643.0,4076.5,2786.5,1222.0,1678.0,2390.5,2817.5,3155.0,3419.0,3744.5,4021.0,4146.0,2790.0,1154.5,1620.0,2390.5,2910.0,3160.0,3528.0,3727.0,3782.0,3499.5,2755.0,1111.0,1526.5,2101.5,2471.0,2639.0,3106.0,3216.5,3581.0,2405.0,2049.5,808.0,1108.5,1620.5,1875.5,1952.0,2069.5,2008.0,2295.0,1807.5,1488.0,481.0,702.5,929.5,1027.5,1136.0,1130.0,1246.5,1286.0,2556.5,1986.0,916.5,1220.0,1656.5,1925.5,1947.0,2048.0,2103.5,2210.0,2441.0,1872.0,951.5,1202.0,1563.5,1818.0,1830.5,1920.0,2035.5,2063.5,2135.0,1712.0,710.5,919.0,1222.5,1376.0,1470.5,1525.0,1623.5,1661.5,1830.5,1529.5,572.5,723.0,982.0,1112.0,1125.5,1188.0,1269.0,1299.5,782.5,504.0,278.5,404.0,541.0,659.5,670.0,699.5,752.5,748.5,0.0,0.0,0.0,0.0,0.0,0.0,0.0,0.0,0.0,0.0,1426.0,1065.0,411.5,578.0,754.5,854.5,872.0,919.0,1034.0,1036.0,1693.5,1391.0,613.0,735.5,883.0,1001.5,1021.0,1079.5,1156.5,1171.5,2061.0,1705.5,766.5,994.0,1180.0,1314.5,1342.0,1394.0,1494.0,1494.0,1908.0,1577.5,615.0,753.0,957.0,1073.5,1018.0,1088.5,1141.5,1194.0,1908.0,1577.5,615.0,753.0,957.0,1073.5,1018.0,1088.5,1141.5,1194.0,1876.0,1570.5,609.0,802.5,1027.0,1107.0,1147.5,1188.0,1309.5,1285.5,2158.0,1884.0,766.5,980.5,1194.5,1280.5,1372.0,1416.5,1511.0,1541.0,"{""type"":""MultiPoint"",""coordinates"":[]}"
366_0,3,1835.5,1543.5,547.5,688.5,933.0,1053.0,1064.5,1138.0,1232.5,1272.5,2466.5,2117.0,902.0,1208.0,1513.0,1634.0,1684.0,1752.5,1847.5,1851.0,2435.0,2109.0,835.0,1114.0,1420.5,1529.5,1541.0,1623.5,1732.0,1728.0,2420.5,2129.5,848.0,1107.5,1390.5,1516.5,1525.5,1596.0,1692.0,1722.5,409.5,345.0,772.5,955.5,1046.0,1146.0,905.5,946.5,958.5,810.5,409.5,345.0,772.5,955.5,1046.0,1146.0,905.5,946.5,958.5,810.5,380.0,315.5,439.0,727.5,628.5,994.5,790.5,886.5,796.5,659.5,1071.0,718.0,527.5,865.5,549.0,1282.0,1967.0,2027.0,1839.0,1809.0,1313.5,805.5,448.5,827.0,538.5,1323.0,3008.5,3348.0,3281.0,3120.0,1458.5,790.5,346.5,726.0,473.5,1241.0,2958.0,3478.5,3411.5,3394.5,1377.5,740.5,276.5,637.5,406.0,1097.5,2869.0,3497.0,3448.0,3465.5,2075.5,1757.5,603.5,786.0,1026.5,1192.0,1187.5,1245.5,1351.0,1393.5,1345.0,706.0,229.0,550.0,334.5,1004.5,2785.0,3505.0,3539.0,3590.5,1346.0,680.0,209.0,508.5,268.5,959.0,2949.0,3686.0,3769.0,3803.0,1400.0,683.5,264.0,611.5,293.0,1012.0,3228.5,3883.5,3978.5,4064.5,1677.0,857.5,457.0,920.5,493.5,1524.0,3399.5,3950.5,4068.0,4183.0,1690.0,881.0,438.0,974.0,575.5,1578.0,3254.0,3663.5,3920.0,3965.0,1752.0,967.0,470.0,1076.0,791.0,1939.0,3152.0,3556.0,3704.0,3868.0,2083.5,1146.0,777.0,1458.5,1364.5,2416.0,3295.5,3655.0,3981.0,4016.5,2498.5,1454.0,860.5,1503.0,1624.0,2604.0,3183.0,3485.5,3856.5,3997.0,4175.0,2826.5,1211.0,1612.5,2275.0,2928.0,3003.0,3310.5,3755.5,3970.5,3339.0,2468.5,976.0,1361.5,2006.0,2391.5,2567.5,2741.0,2882.5,3131.5,1928.0,1660.0,513.5,693.5,944.5,1041.5,1116.5,1155.5,1285.5,1300.0,2557.5,2026.5,783.5,1045.0,1472.5,1655.5,1720.0,1821.5,2000.0,2092.5,2540.0,2003.5,880.5,1085.0,1438.0,1609.0,1626.5,1784.0,1933.5,1987.0,2263.5,1844.5,633.5,825.0,1128.0,1263.5,1282.0,1385.0,1579.5,1580.5,2284.0,1818.0,681.5,890.0,1193.0,1372.5,1397.5,1448.0,1633.5,1643.5,2048.0,1531.0,493.5,639.5,907.5,1017.0,1071.5,1193.5,1322.0,1350.5,0.0,0.0,0.0,0.0,0.0,0.0,0.0,0.0,0.0,0.0,1920.5,1683.0,512.5,696.0,912.5,982.5,1053.5,1105.5,1210.5,1214.5,1838.0,1612.5,566.5,682.0,842.5,894.5,931.5,1002.5,1089.5,1117.0,2202.0,1918.5,644.0,830.0,1066.5,1151.5,1177.0,1258.5,1363.5,1408.5,2286.0,1993.5,659.5,827.0,1089.5,1189.5,1154.5,1258.5,1370.5,1355.0,2232.5,1914.5,713.0,856.5,1061.0,1145.0,1134.0,1246.5,1334.5,1367.0,2022.0,1744.5,655.5,794.0,1018.0,1064.0,1111.0,1156.5,1288.0,1320.5,2234.5,1957.5,756.5,1040.0,1319.0,1427.0,1448.0,1528.5,1637.0,1632.0,"{""type"":""MultiPoint"",""coordinates"":[]}"
367_0,3,1843.5,1537.5,549.0,693.5,944.5,1074.0,1103.0,1180.0,1277.5,1297.5,2477.0,2136.0,915.0,1221.0,1517.0,1651.5,1692.5,1765.0,1895.5,1876.0,2451.0,2092.5,863.0,1134.5,1428.0,1562.5,1564.0,1659.5,1767.5,1762.0,2388.5,2085.5,851.0,1105.0,1386.0,1513.0,1518.5,1611.5,1698.0,1716.0,308.5,243.5,436.5,654.5,671.5,816.5,704.0,786.0,805.0,771.5,438.0,371.5,679.5,980.5,1042.0,1260.0,1052.5,1093.5,1097.5,949.5,659.0,513.0,475.0,782.0,632.0,1138.0,1375.5,1491.0,1452.5,1342.5,1574.0,866.0,345.5,775.5,377.0,1151.0,3227.0,3592.5,3622.0,3484.5,1557.0,805.5,204.5,622.0,301.0,1100.0,3421.0,4184.5,4246.0,4281.0,1840.5,1006.5,276.0,662.0,420.0,1219.0,3167.0,3883.5,4094.5,4286.0,1793.0,942.0,251.5,629.0,400.0,1214.5,3089.0,3835.5,4062.0,4246.5,2084.5,1796.0,602.0,800.5,1042.0,1180.5,1216.5,1290.0,1377.5,1424.5,1697.5,886.0,209.5,586.0,333.0,1116.0,3003.5,3703.0,3894.5,4096.0,1525.5,788.0,207.0,569.5,310.5,1042.5,2962.5,3642.5,3868.5,3993.5,1526.5,783.0,252.0,611.0,300.5,1096.5,3202.5,3835.5,3997.5,4157.5,1876.0,963.0,479.0,1026.5,530.5,1674.5,3616.5,4202.5,4424.0,4460.0,1891.0,1019.5,488.5,1129.5,647.5,1822.0,3493.0,3957.0,4346.0,4287.0,2029.0,1135.0,558.0,1278.0,1043.0,2300.0,3387.0,3685.0,4027.0,4017.0,2313.0,1342.5,865.5,1598.0,1542.5,2613.5,3453.5,3739.5,4118.5,4198.0,2612.5,1618.5,860.0,1603.0,1681.5,2700.0,3256.5,3564.0,3969.5,4008.0,3894.5,2705.5,1144.5,1609.0,2375.5,2816.5,3049.0,3357.5,3818.0,3871.5,2560.5,1949.0,889.5,1215.5,1682.5,1901.0,2010.5,2145.0,2244.5,2315.5,1971.5,1660.0,495.0,691.5,940.5,1043.0,1097.0,1197.0,1275.0,1264.0,2702.0,2084.5,923.0,1263.5,1733.0,1945.5,2070.5,2153.5,2318.5,2367.0,2692.0,2088.5,995.5,1269.0,1666.0,1865.0,1944.5,2043.5,2258.5,2268.0,2377.0,1926.0,743.0,926.5,1241.0,1398.0,1488.5,1593.5,1715.0,1780.5,2511.0,1998.5,814.0,994.5,1300.0,1479.0,1544.0,1670.0,1746.5,1859.0,2138.5,1522.0,607.5,745.5,1050.0,1188.5,1289.5,1383.0,1547.5,1537.5,0.0,0.0,0.0,0.0,0.0,0.0,0.0,0.0,0.0,0.0,1887.0,1652.5,525.5,685.5,899.0,987.0,1026.5,1115.5,1181.5,1198.0,1840.5,1638.0,529.0,643.5,811.0,888.5,910.5,982.0,1059.5,1078.5,2265.0,1986.0,635.5,818.5,1053.5,1171.0,1220.0,1309.5,1392.5,1422.5,2327.0,2036.0,666.5,824.5,1073.0,1195.5,1218.0,1304.5,1424.5,1431.5,2063.0,1772.0,623.0,752.5,942.0,1057.5,1100.5,1184.0,1265.0,1290.5,1870.0,1606.0,544.0,725.5,937.0,1015.5,1077.5,1145.5,1260.5,1248.0,2247.0,1929.5,768.5,1042.5,1321.0,1396.0,1463.0,1543.0,1665.0,1629.5,"{""type"":""MultiPoint"",""coordinates"":[]}"
368_0,3,3207.5,2471.5,883.5,1021.5,1345.0,1527.0,1645.5,1818.5,2012.0,2114.5,2149.0,1986.0,637.0,892.0,1180.0,1319.0,1372.0,1442.0,1557.0,1566.0,2385.0,2285.0,805.0,1057.0,1383.0,1517.0,1558.0,1650.0,1746.0,1771.0,2144.5,2021.5,720.5,972.0,1256.0,1383.5,1417.5,1481.0,1535.0,1578.0,482.0,415.0,338.0,492.0,630.0,824.0,732.0,789.0,705.0,695.0,518.0,427.0,405.0,660.0,596.0,890.0,893.0,958.0,956.0,903.0,515.0,424.0,309.0,560.0,410.0,793.0,835.0,903.0,837.0,776.0,1445.0,846.0,247.0,583.0,339.0,950.0,1931.0,2256.0,2312.0,2185.0,1178.0,674.0,166.0,458.0,208.0,753.0,2001.0,2304.0,2312.0,2220.0,1233.0,632.0,91.0,372.5,116.5,682.0,2290.5,2975.5,2872.5,2920.5,1189.0,573.5,42.0,227.5,53.0,472.0,2253.5,3117.5,3181.0,3172.5,3557.0,2958.0,1968.0,2108.5,2410.5,2642.5,2668.0,2759.5,2910.5,2867.0,1291.5,602.0,29.0,223.0,22.5,480.0,2588.0,3781.5,3826.5,3888.0,1268.5,593.5,91.5,502.5,146.0,896.5,3042.0,4229.5,4241.5,4296.0,1297.0,608.0,477.0,830.0,591.0,1258.0,3202.0,4052.0,4081.0,4207.0,1355.0,746.0,678.0,1087.0,1004.0,1810.0,3061.0,3514.0,3667.0,3699.0,1500.0,851.0,606.0,1069.0,1004.0,1834.0,2844.0,3132.0,3398.0,3418.0,1813.0,1065.0,580.0,1104.0,1156.0,1998.0,2844.0,3159.0,3368.0,3437.0,4167.5,2933.5,1150.0,1585.0,2209.0,2682.5,2972.0,3246.5,3570.0,3719.0,4050.0,2958.0,1126.0,1545.0,2212.0,2572.5,2821.5,3072.5,3393.0,3445.0,3428.0,2710.0,930.0,1367.0,1942.0,2207.0,2440.0,2630.0,2964.0,2944.0,3183.5,2317.0,825.5,1162.5,1623.0,1926.0,2165.5,2315.0,2474.0,2577.5,3363.5,2700.0,720.5,937.5,1325.0,1491.0,1554.5,1689.5,1983.5,2023.5,3297.5,2580.5,750.5,1019.0,1323.0,1638.5,1887.5,2070.0,2160.5,2321.0,3864.5,3306.5,2126.5,2255.0,2439.5,2753.5,2999.5,3091.5,3207.0,3255.5,2988.5,2423.0,756.5,906.0,1040.5,1323.5,1601.0,1768.0,1882.5,1956.5,2835.0,2322.5,705.5,861.5,995.0,1285.0,1539.5,1733.0,1832.5,1900.5,2181.5,1582.5,424.0,608.0,794.0,1066.5,1271.0,1406.0,1549.0,1611.5,0.0,0.0,0.0,0.0,0.0,0.0,0.0,0.0,0.0,0.0,3732.0,2920.0,887.0,1248.0,1703.0,1928.0,2005.0,2170.0,2366.0,2473.0,3858.0,2877.0,1156.0,1358.0,1703.0,1978.0,2173.0,2372.0,2609.0,2668.0,3583.0,2873.0,996.0,1283.0,1627.0,1807.0,2056.0,2205.0,2427.0,2525.0,2771.5,2335.5,806.5,969.0,1323.0,1497.0,1565.5,1689.0,1823.0,1888.0,1841.0,1633.0,540.0,672.0,981.0,1112.0,1102.0,1174.0,1235.0,1329.0,1868.5,1718.0,526.0,692.5,970.0,1074.0,1114.5,1192.5,1300.0,1312.5,1952.5,1797.5,576.5,772.0,1042.0,1164.0,1223.5,1302.0,1409.5,1412.5,"{""type"":""MultiPoint"",""coordinates"":[]}"
369_0,3,1532.5,1278.5,689.5,738.0,848.0,990.5,1133.5,1188.0,1255.5,1273.0,2649.0,2487.0,902.0,1155.0,1510.0,1649.0,1674.0,1779.0,1910.0,1910.0,2659.0,2617.0,902.0,1134.0,1457.0,1599.0,1671.0,1747.0,1880.0,1894.0,706.5,702.5,554.0,735.0,888.5,1014.0,914.5,962.0,874.0,871.0,346.5,338.0,529.0,704.0,674.0,806.0,547.5,573.0,545.5,431.0,623.0,438.0,365.5,676.5,435.5,976.5,1332.5,1455.5,1416.5,1309.0,795.0,565.0,320.0,650.0,372.0,982.0,1343.0,1521.0,1479.0,1293.0,964.0,587.0,185.0,459.0,204.0,815.0,1700.0,1965.0,1842.0,1844.0,1061.0,598.0,95.0,301.0,38.0,570.0,1958.0,2480.0,2398.0,2315.0,1277.5,601.5,38.0,239.5,0.0,461.5,2624.5,4102.5,4107.0,4176.0,1278.0,566.0,12.5,182.0,0.0,369.0,2600.0,4508.0,4634.5,4648.5,2996.5,2652.0,2010.0,2008.0,2121.0,2305.5,2510.0,2551.0,2695.0,2614.0,1285.5,571.5,18.0,167.5,0.0,353.5,2604.0,4708.0,4845.5,4950.0,1262.0,560.0,83.0,339.5,50.0,689.5,2957.0,4577.5,4821.5,4952.0,1387.0,646.0,484.0,805.0,541.0,1215.0,3255.0,4395.0,4487.0,4742.0,1544.0,796.0,626.0,982.0,790.0,1571.0,3156.0,3810.0,4059.0,4094.0,1598.0,882.0,499.0,935.0,813.0,1571.0,2843.0,3386.0,3650.0,3724.0,1949.0,1131.0,468.0,935.0,978.0,1736.0,2676.0,3094.0,3368.0,3480.0,4585.5,3222.0,1132.5,1547.5,2096.5,2526.0,2876.5,3234.0,3550.0,3657.5,4822.0,3536.0,1159.0,1610.0,2363.0,2737.0,2969.0,3253.0,3538.0,3558.0,4571.0,3305.0,1183.0,1643.0,2421.0,2724.0,2981.0,3215.0,3473.0,3621.0,4144.0,3008.5,1046.0,1432.5,2080.0,2434.0,2607.5,2870.0,2983.0,3269.5,1790.0,1455.0,520.0,693.0,898.0,1118.0,1392.0,1516.0,1614.0,1648.0,4182.0,3220.0,965.0,1273.0,1746.0,2081.5,2226.5,2429.0,2586.5,2758.5,2783.0,2341.5,885.5,1028.0,1255.5,1407.0,1543.0,1679.0,1788.5,1831.5,2268.0,2247.5,514.0,602.0,746.5,912.5,975.0,1099.5,1270.5,1294.0,2358.0,2329.5,587.0,670.0,800.0,959.5,1098.0,1229.0,1344.0,1299.0,2068.5,1722.0,358.5,539.5,702.5,941.0,1113.5,1334.0,1468.0,1432.5,0.0,0.0,0.0,0.0,0.0,0.0,0.0,0.0,0.0,0.0,1708.0,1279.0,330.0,557.0,650.0,1013.0,1444.0,1534.0,1652.0,1710.0,1475.0,1205.5,620.0,672.5,659.5,920.0,1344.5,1471.0,1595.0,1555.5,1865.5,1383.0,410.0,715.0,742.5,1197.5,1941.0,2090.5,2222.5,2214.5,1954.5,1575.5,527.5,726.5,861.5,1162.5,1610.0,1749.0,1858.0,1893.5,2029.0,1806.0,540.0,723.0,955.0,1110.0,1253.0,1344.0,1448.0,1482.0,2187.0,2075.0,681.0,873.0,1133.5,1264.5,1382.5,1461.5,1585.5,1589.0,2570.5,2480.0,841.0,1096.5,1426.5,1551.5,1614.0,1681.0,1822.5,1833.5,"{""type"":""MultiPoint"",""coordinates"":[]}"
370_0,3,1741.0,1419.0,568.5,700.5,933.0,1039.0,1065.5,1152.0,1228.0,1255.5,2280.5,1980.0,881.0,1157.0,1385.0,1492.5,1544.5,1609.0,1696.0,1691.5,2328.0,2046.5,920.5,1174.0,1395.0,1517.0,1556.0,1616.5,1689.5,1702.5,2357.5,2101.5,962.5,1207.5,1430.5,1552.5,1596.0,1663.0,1723.0,1731.0,326.0,306.0,1033.0,1288.0,1334.0,1426.0,1045.0,1111.0,1073.0,848.0,346.0,309.0,763.0,1073.0,1193.0,1448.0,1232.0,1189.0,1073.0,1023.0,387.0,342.0,675.0,1043.0,947.0,1441.0,1309.0,1407.0,1338.0,1237.0,602.0,483.0,571.0,934.0,834.0,1456.0,1696.0,1809.0,1636.0,1564.0,756.0,538.0,427.0,701.0,577.0,1237.0,1695.0,1887.0,1700.0,1545.0,912.5,565.5,232.5,500.5,280.5,904.0,1969.5,2331.0,2210.5,2030.0,1348.5,734.5,193.5,507.5,266.0,912.5,2692.5,3417.0,3450.0,3318.5,1923.0,1639.0,674.0,847.0,1082.0,1203.0,1216.0,1295.0,1321.0,1396.0,1425.0,761.0,202.0,490.0,292.0,910.0,2615.0,3323.0,3363.0,3397.0,1317.0,642.0,93.0,370.0,180.0,746.0,2680.0,3507.0,3601.0,3629.0,1291.0,638.0,91.0,371.0,130.0,702.0,2859.0,3785.0,3918.0,4014.0,1596.0,782.0,357.0,732.0,345.0,1166.0,3525.0,4414.0,4511.0,4586.0,1703.0,857.0,382.0,893.0,422.5,1415.5,3588.5,4384.0,4715.5,4529.5,1730.0,950.5,418.0,982.0,545.0,1722.5,3389.0,3856.0,4072.5,4019.0,2069.0,1111.0,820.0,1487.0,1270.0,2297.0,3420.0,3694.0,4080.0,4060.0,2432.5,1514.5,882.5,1484.5,1620.0,2526.0,3297.0,3660.0,4066.0,4014.0,3517.0,2469.5,1131.0,1580.5,2168.0,2615.0,2912.0,3129.5,3557.0,3525.5,3598.0,2543.0,1203.0,1668.0,2352.0,2739.0,2862.0,3191.0,3329.0,3414.0,1803.0,1504.0,474.0,678.0,942.0,1041.0,1110.0,1156.0,1256.0,1263.0,3490.0,2543.0,942.0,1336.0,1858.0,2292.0,2356.0,2559.0,2750.0,2871.0,3396.5,2543.0,1019.0,1338.0,1853.5,2106.0,2269.5,2431.5,2656.5,2751.5,3046.0,2401.5,748.0,984.0,1333.5,1551.5,1638.0,1806.0,1950.5,2021.0,3130.0,2585.0,805.0,1029.0,1356.0,1556.0,1649.0,1811.0,1944.0,2047.0,2433.0,1533.0,675.0,838.0,1155.0,1341.0,1417.0,1558.0,1758.0,1754.0,0.0,0.0,0.0,0.0,0.0,0.0,0.0,0.0,0.0,0.0,1618.0,1281.0,515.0,698.0,898.0,1018.0,1043.0,1105.0,1184.0,1213.0,1870.0,1587.0,641.0,810.0,1000.0,1123.0,1154.0,1232.0,1268.0,1336.0,2328.0,1989.0,825.0,1076.0,1315.0,1434.0,1494.0,1555.0,1660.0,1695.0,2499.0,2177.0,1011.0,1216.0,1451.0,1553.0,1640.0,1697.0,1870.0,1821.0,1904.0,1623.0,608.0,744.0,967.0,1081.0,1068.0,1127.0,1229.0,1240.0,2054.0,1742.0,744.0,895.0,1099.0,1212.0,1221.0,1277.0,1404.0,1442.0,2096.5,1801.5,792.5,986.5,1210.5,1307.0,1341.0,1411.5,1527.5,1494.5,"{""type"":""MultiPoint"",""coordinates"":[]}"
371_0,3,1686.0,1367.0,609.0,742.0,953.0,1061.0,1095.5,1137.5,1248.0,1241.0,2099.5,1796.0,784.5,991.5,1207.5,1303.5,1359.5,1416.5,1527.5,1521.5,2234.5,1932.0,804.5,1075.0,1328.0,1433.0,1463.0,1523.0,1614.0,1613.5,2572.0,2219.0,1148.0,1464.5,1757.0,1875.5,1871.0,1939.5,2014.5,1988.5,2180.0,1906.0,953.0,1173.0,1413.0,1492.0,1539.0,1593.0,1669.0,1639.0,627.0,455.0,909.0,1160.0,1192.0,1364.0,1180.0,1213.0,1182.0,1151.0,456.0,382.0,641.0,929.0,984.0,1254.0,1272.0,1303.0,1250.0,1190.0,449.0,340.0,574.0,909.0,879.0,1254.0,1278.0,1341.0,1284.0,1190.0,696.0,534.0,416.0,701.0,575.0,1008.0,1445.0,1663.0,1602.0,1457.0,1480.0,768.5,247.5,574.5,293.5,942.0,2720.5,3269.0,3214.5,3191.0,1628.0,787.5,117.5,392.5,116.5,718.5,2922.5,4155.5,4085.5,4176.5,1848.0,1543.0,681.0,863.0,1069.0,1181.0,1213.0,1261.0,1357.0,1357.0,1510.0,724.0,161.0,397.0,129.0,695.0,3103.0,4266.0,4288.0,4412.0,1489.0,724.0,52.0,397.0,120.0,844.0,3382.0,4539.0,4713.0,4754.0,1576.0,758.0,220.0,679.0,336.0,1212.0,3573.0,4620.0,4771.0,4880.0,1650.0,787.0,461.0,1027.0,661.0,1845.0,3655.0,4308.0,4496.0,4578.0,1663.0,937.0,491.0,1079.0,918.0,1943.0,3320.0,3740.0,4088.0,4015.0,1997.5,1188.0,571.5,1177.0,1211.0,2197.5,3071.5,3448.5,3718.0,3803.5,2431.5,1469.0,921.5,1470.5,1702.5,2434.0,3105.5,3406.0,3700.0,3736.0,2725.0,1759.0,964.5,1528.0,1922.0,2693.5,3151.0,3424.0,3743.0,3830.5,3491.0,2445.5,1094.5,1565.0,2190.5,2752.5,3049.0,3169.5,3621.5,3711.0,2955.0,2008.0,930.0,1382.0,2067.0,2392.0,2627.0,2690.0,3099.0,3282.0,1771.0,1465.0,505.0,710.0,940.0,1017.0,1088.0,1149.0,1257.0,1236.0,3259.0,2443.0,882.0,1239.0,1777.0,2096.0,2174.0,2403.0,2569.0,2749.0,3145.0,2324.5,946.0,1262.5,1745.0,2002.5,2133.0,2305.5,2531.5,2669.0,2838.0,2210.0,718.0,934.0,1240.0,1485.0,1595.0,1711.5,1833.5,1954.0,2864.0,2354.0,788.0,966.0,1234.0,1519.0,1567.0,1704.0,1761.0,1951.0,1576.0,1296.0,431.0,574.0,818.0,884.0,949.0,1007.0,1148.0,1115.0,797.5,668.0,521.0,578.5,628.0,669.0,725.0,753.0,782.0,764.5,1332.0,1040.0,427.0,607.0,727.0,825.0,840.0,908.0,1006.0,977.0,379.0,292.0,216.0,202.0,199.0,222.0,239.0,237.0,257.0,267.0,2034.0,1730.0,715.0,924.0,1140.0,1231.0,1256.0,1316.0,1429.0,1445.0,2214.0,1893.0,919.0,1117.0,1285.0,1377.0,1439.0,1520.0,1630.0,1573.0,1644.5,1391.0,537.5,667.0,829.0,899.0,888.5,937.0,1038.5,1027.5,1956.0,1656.0,750.5,935.0,1106.0,1168.0,1212.5,1279.5,1391.0,1356.5,2071.0,1761.0,829.5,997.0,1172.5,1247.5,1297.5,1351.5,1473.5,1461.0,"{""type"":""MultiPoint"",""coordinates"":[]}"
372_0,3,1071.0,910.5,340.5,406.5,505.0,538.5,570.5,615.5,655.0,654.0,1938.5,1723.0,742.5,943.0,1103.0,1180.5,1207.5,1275.0,1351.5,1349.0,2073.5,1846.0,783.0,988.5,1161.0,1243.0,1274.5,1353.5,1408.5,1419.0,2538.5,2292.5,1125.5,1390.5,1598.0,1713.5,1721.5,1796.5,1864.5,1884.5,2670.0,2407.0,1262.0,1496.0,1707.0,1824.0,1865.0,1934.0,2037.0,2044.0,2376.0,2158.0,1234.0,1496.0,1707.0,1824.0,1865.0,1934.0,1860.0,2044.0,395.0,344.0,842.0,1109.0,1130.0,1333.0,1049.0,1053.0,1033.0,877.0,440.0,399.0,971.0,1253.0,1334.0,1455.0,1082.0,1186.0,1136.0,944.0,267.0,211.0,660.0,991.0,997.0,1155.0,841.0,931.0,847.0,716.0,298.0,217.5,555.0,874.5,877.5,1119.0,843.0,950.0,861.0,746.0,354.5,243.5,421.0,708.0,657.0,991.5,885.0,993.0,889.5,817.5,1324.5,1156.5,490.0,592.5,713.5,756.5,764.0,826.0,896.5,891.0,651.0,404.0,391.0,615.0,489.0,918.0,1254.0,1569.0,1389.0,1374.0,809.0,460.0,174.0,385.0,206.0,685.0,1673.0,1962.0,1913.0,1881.0,1064.0,558.0,174.0,384.0,202.0,654.0,2201.0,2772.0,2803.0,2665.0,1233.0,638.0,291.0,516.0,280.0,814.0,2437.0,3166.0,3094.0,2950.0,1252.0,673.0,291.0,603.0,342.0,1016.0,2505.0,3051.0,3161.0,3028.0,1316.5,722.5,345.5,723.0,482.5,1269.0,2607.5,3034.0,3136.0,3113.0,1894.0,1109.0,725.0,1116.0,1194.0,1888.0,2704.0,3080.0,3325.0,3389.0,2306.0,1468.0,677.5,1077.5,1251.5,1920.0,2673.0,3015.5,3299.0,3317.5,2664.0,1931.0,854.0,1240.0,1525.0,2173.0,2761.0,3000.0,3379.0,3416.0,3577.5,2535.0,1078.5,1521.0,2164.5,2654.0,2816.5,3033.0,3229.5,3395.5,1368.0,1072.0,535.0,638.0,733.0,785.0,782.0,848.0,910.0,901.0,3646.0,2723.0,1081.0,1518.0,2073.0,2484.0,2567.0,2770.0,2850.0,3079.0,3430.0,2599.0,1058.5,1353.0,1826.0,2156.0,2272.5,2449.5,2648.5,2745.5,3114.0,2482.0,855.5,1104.0,1465.0,1720.5,1823.0,1962.5,2125.0,2203.0,3054.0,2433.0,926.0,1129.0,1474.0,1721.0,1830.0,1963.0,2069.0,2204.0,2293.0,1650.0,758.0,974.0,1297.0,1520.0,1592.0,1758.0,1968.0,1992.0,0.0,0.0,0.0,0.0,0.0,0.0,0.0,0.0,0.0,0.0,1990.0,1718.0,725.0,927.0,1101.0,1145.0,1196.0,1270.0,1386.0,1354.0,284.0,251.0,202.0,162.0,146.0,143.0,149.0,176.0,173.0,177.0,2268.0,1972.0,872.0,1118.0,1308.0,1404.0,1438.0,1475.0,1595.0,1566.0,2322.0,2060.0,1018.0,1245.0,1423.0,1526.0,1543.0,1633.0,1765.0,1688.0,1741.5,1471.5,666.5,805.0,949.5,1030.0,1024.0,1082.5,1151.5,1165.5,1741.0,1535.0,611.0,777.0,920.0,1000.0,1030.0,1087.0,1145.0,1180.0,1793.0,1589.5,675.0,825.0,951.0,1033.5,1078.5,1124.0,1217.0,1208.5,"{""type"":""MultiPoint"",""coordinates"":[]}"
373_0,3,1819.5,1537.5,976.0,1024.0,1085.5,1255.0,1378.5,1454.0,1579.0,1533.5,2618.0,2483.0,919.0,1174.0,1493.0,1644.0,1628.0,1731.0,1853.0,1866.0,2623.0,2586.0,907.0,1144.0,1446.0,1587.0,1593.0,1700.0,1803.0,1841.0,691.5,673.0,610.0,777.0,925.5,1035.5,899.0,935.0,835.5,845.0,549.0,542.0,684.0,831.5,851.0,976.0,775.0,816.5,700.0,689.5,443.5,318.5,354.0,572.5,463.0,774.0,946.5,1028.5,995.0,950.5,653.0,418.0,334.0,577.0,429.0,840.0,1057.0,1176.0,1134.0,1067.0,969.0,616.0,220.0,498.0,281.0,804.0,1637.0,1783.0,1662.0,1717.0,1121.0,584.0,109.0,320.0,79.0,569.0,2100.0,2546.0,2471.0,2463.0,1336.0,623.5,45.5,232.0,0.0,437.0,2600.5,4100.0,4035.5,4136.5,1259.0,569.0,21.0,202.0,0.0,379.0,2582.5,4413.0,4436.5,4501.5,2163.0,1839.0,1275.0,1409.5,1467.5,1715.5,1915.0,1941.5,1988.0,2035.5,1278.5,577.0,21.0,182.0,0.0,352.0,2567.5,4528.5,4606.5,4746.5,1268.5,570.5,103.5,339.0,75.0,684.5,2920.5,4477.5,4647.5,4805.5,1391.0,652.0,494.0,810.0,554.0,1227.0,3240.0,4302.0,4399.0,4605.0,1544.0,808.0,642.0,1003.0,798.0,1596.0,3099.0,3747.0,3912.0,3986.0,1587.0,858.0,523.0,941.0,798.0,1596.0,2770.0,3319.0,3599.0,3663.0,1913.0,1118.0,460.0,913.0,969.0,1710.0,2674.0,3046.0,3302.0,3427.0,4536.5,3223.0,1136.0,1530.0,2130.0,2570.5,2894.5,3184.0,3492.0,3569.5,4779.0,3540.0,1197.0,1651.0,2411.0,2806.0,3057.0,3280.0,3526.0,3543.0,4444.0,3377.0,1206.0,1651.0,2354.0,2660.0,2917.0,3120.0,3487.0,3528.0,4011.0,2929.5,1043.5,1443.0,2115.5,2427.0,2552.0,2790.5,3026.5,3173.5,1691.0,1350.0,348.0,601.0,705.0,1017.0,1363.0,1454.0,1564.0,1598.0,4079.0,3212.0,969.5,1265.5,1724.0,2060.5,2216.0,2410.0,2577.0,2703.5,3282.0,2770.5,920.5,1103.5,1368.5,1609.0,1827.5,1917.0,2080.0,2208.0,2333.0,2061.5,556.5,667.0,743.0,1043.5,1429.5,1432.5,1681.0,1767.5,2363.0,2107.0,561.0,700.5,735.5,1050.5,1509.5,1608.0,1703.5,1791.0,1603.0,1129.0,294.5,530.0,486.5,959.0,1748.0,1924.5,2028.5,2076.0,0.0,0.0,0.0,0.0,0.0,0.0,0.0,0.0,0.0,0.0,1498.0,1054.0,267.0,507.0,531.0,944.0,1442.0,1528.0,1671.0,1671.0,2650.5,2288.0,1911.0,2016.0,1964.0,2330.5,2831.0,2943.0,3215.5,2969.0,1835.0,1332.5,374.5,678.0,656.0,1187.0,1960.5,2143.0,2289.5,2282.0,1872.0,1489.0,499.5,681.5,778.5,1090.5,1543.0,1656.5,1832.0,1806.0,1894.0,1664.0,506.0,665.0,858.0,1057.0,1199.0,1289.0,1396.0,1420.0,2150.5,2044.5,686.0,897.0,1129.5,1258.0,1370.0,1461.5,1576.5,1591.5,2545.5,2472.5,865.0,1108.5,1414.0,1542.0,1558.0,1643.5,1761.0,1785.0,"{""type"":""MultiPoint"",""coordinates"":[]}"
374_0,3,4124.5,3829.5,2676.0,2670.0,2840.5,3113.0,3187.0,3267.5,3346.5,3469.0,2814.0,2536.0,828.0,1117.0,1473.0,1646.0,1683.0,1833.0,1961.0,1997.0,2811.0,2628.0,817.0,1059.0,1415.0,1572.0,1700.0,1753.0,1891.0,1934.0,1926.0,1664.0,545.5,707.5,917.5,1147.0,1112.5,1220.5,1311.5,1340.0,1424.0,1084.0,710.0,826.0,836.0,1203.0,1069.0,1080.0,1097.0,1007.0,898.0,638.0,305.0,542.0,526.0,877.0,797.0,1009.0,855.0,935.0,997.0,662.0,238.0,517.0,419.0,798.0,911.0,1022.0,859.0,883.0,2333.0,1431.0,260.0,704.0,357.0,1185.0,2923.0,3427.0,3464.0,3440.0,1965.0,1276.0,311.0,613.0,424.0,1207.0,2273.0,2785.0,2618.0,2666.0,1657.0,973.0,91.5,296.0,153.5,638.5,2132.5,2817.0,2835.5,2830.0,1668.5,961.5,77.0,299.5,150.0,596.0,2352.5,3506.0,3646.0,3645.0,3187.5,2836.5,1231.5,1241.5,1397.5,1565.0,1603.0,1698.5,1870.0,1858.5,1766.5,961.5,87.5,293.0,130.0,671.5,2576.5,3766.0,3804.0,3851.0,1850.5,960.5,179.0,517.5,229.0,965.5,3144.5,4173.5,4390.5,4481.5,1876.0,1035.0,530.0,885.0,635.0,1358.0,3288.0,4159.0,4317.0,4377.0,1913.0,1067.0,708.0,1122.0,981.0,1778.0,3194.0,3690.0,3935.0,3972.0,1933.0,1137.0,658.0,1145.0,1009.0,1858.0,2975.0,3392.0,3687.0,3691.0,4205.0,2820.0,1204.0,1691.0,2229.0,2797.0,3260.0,3588.0,3903.0,4000.0,4675.5,3310.5,1324.0,1809.5,2587.5,3057.0,3387.5,3661.5,4069.5,4198.5,4566.5,3346.0,1238.0,1707.0,2387.0,2749.5,3059.5,3356.0,3736.0,3793.5,4282.5,3058.5,1101.0,1545.0,2257.0,2637.0,2940.5,3237.0,3648.0,3667.0,3835.0,2977.0,976.0,1266.0,1714.0,2067.0,2276.0,2546.0,2664.0,2922.0,3398.0,2946.0,697.0,943.5,1348.0,1554.0,1681.0,1800.0,2090.0,2129.0,3418.5,2761.0,721.5,1003.0,1307.0,1622.0,1779.0,1973.5,2121.0,2306.5,2463.0,2129.0,1003.0,1093.0,1255.5,1468.0,1531.5,1693.5,1735.0,1822.5,3246.0,2966.0,755.5,887.5,1087.5,1321.0,1518.0,1639.0,1803.0,1894.5,2899.0,2619.0,694.5,825.0,985.0,1228.0,1360.5,1493.0,1639.0,1741.0,2617.0,1937.0,541.0,659.0,835.0,1059.0,1257.0,1448.0,1610.0,1601.0,0.0,0.0,0.0,0.0,0.0,0.0,0.0,0.0,0.0,0.0,3338.0,2643.0,706.0,1027.0,1456.0,1694.0,1834.0,2007.0,2303.0,2306.0,3551.0,2940.0,790.0,1090.0,1456.0,1757.0,1919.0,2072.0,2303.0,2377.0,3633.0,2956.0,830.0,1148.0,1438.0,1826.0,2153.0,2381.0,2641.0,2658.0,3621.5,2899.0,901.0,1181.0,1426.5,1811.5,2341.0,2554.0,2837.5,2818.5,2783.5,2230.5,649.5,886.5,1101.0,1371.0,1786.5,1919.5,2118.0,2174.0,2297.0,2070.0,574.0,768.0,1039.0,1185.5,1338.5,1440.0,1531.5,1572.0,2280.5,2065.5,603.0,800.5,1051.0,1221.5,1372.0,1502.0,1599.0,1739.5,"{""type"":""MultiPoint"",""coordinates"":[]}"
375_0,3,3861.0,3069.5,1742.0,1956.0,2249.0,2542.0,2760.0,2885.5,2836.5,3076.5,2439.0,2255.0,693.0,933.0,1247.0,1356.0,1363.0,1476.0,1652.0,1697.0,2572.0,2381.0,799.0,1024.0,1375.0,1517.0,1545.0,1623.0,1776.0,1787.0,2816.5,2594.5,907.5,1188.0,1558.5,1716.0,1760.0,1887.5,1972.5,2020.5,796.0,680.0,806.0,985.0,1094.0,1128.0,968.0,993.0,1015.0,853.0,796.0,680.0,898.0,985.0,1094.0,1128.0,968.0,993.0,1015.0,853.0,660.0,531.0,353.0,693.0,406.0,877.0,1071.0,1140.0,1169.0,1060.0,2240.0,1197.0,351.0,753.0,370.0,1148.0,3170.0,3506.0,3595.0,3739.0,2425.0,1578.0,368.0,655.0,483.0,1102.0,2263.0,2872.0,3072.0,3180.0,1465.5,756.0,113.0,357.0,129.0,576.5,2587.0,3603.0,3633.0,3677.0,1444.0,710.0,96.0,301.5,113.0,540.0,2627.0,4001.0,4034.5,4035.0,3548.0,2922.0,1482.5,1660.5,1902.0,2143.0,2252.5,2369.0,2537.5,2552.0,1413.0,689.0,99.0,242.5,88.5,406.5,2481.5,4225.0,4291.5,4482.5,1264.0,594.5,75.5,220.5,65.5,381.0,2414.0,4230.0,4378.0,4472.5,1223.0,574.0,370.0,535.0,389.0,708.0,2390.0,3926.0,3984.0,4163.0,1330.0,680.0,566.0,866.0,571.0,1240.0,2965.0,3991.0,4166.0,4295.0,1330.0,689.0,440.0,819.0,571.0,1240.0,3015.0,3946.0,4175.0,4210.0,1439.0,769.0,389.0,819.0,621.0,1301.0,2886.0,3473.0,3757.0,3805.0,3135.5,2012.0,1168.0,1708.5,2180.5,2933.5,3581.5,4001.0,4254.0,4374.0,3672.5,2427.5,1308.5,1841.0,2551.5,3250.5,3634.5,3983.0,4364.5,4499.0,3556.0,2795.0,1243.0,1648.0,2309.0,2657.0,2962.0,3215.0,3360.0,3605.0,3937.0,2652.5,1256.0,1748.0,2609.5,3057.5,3244.0,3496.5,3749.5,3947.0,3334.0,2621.5,704.0,927.5,1269.5,1522.5,1687.5,1812.5,2091.0,2130.0,4224.5,3013.0,1147.0,1570.5,2250.0,2693.5,2845.0,3081.0,3237.5,3467.5,5483.0,4622.0,3266.0,3512.0,3948.0,4341.5,4455.0,4531.0,4768.0,4817.0,3508.5,2655.5,931.5,1148.5,1462.5,1798.0,1983.5,2172.0,2353.0,2458.0,3308.5,2502.0,919.0,1116.5,1379.0,1702.5,1955.0,2143.5,2298.0,2378.0,2396.0,1634.0,522.0,767.5,930.0,1278.0,1707.5,1880.0,2076.0,2116.0,0.0,0.0,0.0,0.0,0.0,0.0,0.0,0.0,0.0,0.0,3564.0,2721.0,771.0,1078.0,1385.0,1746.0,1949.0,2124.0,2345.0,2444.0,3854.5,2946.0,898.5,1179.0,1477.0,1888.5,2202.0,2408.0,2587.5,2720.0,3199.5,2362.0,690.5,989.0,1151.0,1565.5,2118.5,2328.5,2559.5,2623.5,1953.5,1720.5,530.0,658.5,912.5,1028.0,1085.0,1193.5,1307.0,1302.5,2179.0,1901.0,571.0,717.0,1050.0,1180.0,1154.0,1298.0,1404.0,1391.0,2156.0,2015.0,578.0,769.0,1047.5,1138.0,1201.0,1292.5,1413.5,1444.5,2243.0,2087.0,638.0,832.5,1114.0,1214.0,1277.0,1378.5,1504.5,1529.0,"{""type"":""MultiPoint"",""coordinates"":[]}"
376_0,3,1781.5,1488.0,524.0,679.0,923.5,1014.5,1068.0,1145.0,1254.5,1247.5,2372.0,2026.0,916.0,1213.5,1493.0,1607.5,1648.0,1751.0,1853.5,1820.5,2413.5,2043.0,868.5,1129.0,1432.5,1563.0,1585.5,1659.5,1771.5,1761.5,2311.0,2010.0,826.5,1073.5,1344.0,1464.5,1504.5,1583.5,1665.0,1684.5,173.0,177.0,530.5,820.0,864.5,1047.0,864.5,950.0,885.5,812.0,226.5,202.0,683.0,881.0,927.5,1104.5,976.5,1060.0,1042.5,939.5,652.5,525.5,536.5,804.0,701.0,1185.5,1402.5,1478.5,1387.0,1302.5,1287.5,838.0,380.5,751.0,383.5,1097.0,2604.0,2919.0,2976.5,2786.0,1574.5,767.5,160.5,515.0,145.5,876.5,3756.5,4987.0,5056.5,5059.0,1724.5,894.0,197.0,545.0,363.5,1138.0,3328.5,4241.5,4592.5,4797.5,1888.0,998.0,222.5,568.0,400.5,1120.5,3066.0,3954.5,4312.0,4497.0,2097.0,1739.5,611.5,824.0,1103.5,1219.5,1211.5,1314.0,1413.5,1432.5,1880.0,973.0,227.5,584.0,349.5,1093.0,3005.0,3811.5,4105.5,4288.0,1714.0,868.5,189.5,567.0,273.5,1011.0,2956.0,3839.0,4105.5,4306.5,1606.0,799.0,224.0,606.5,269.5,1015.5,3143.0,3891.5,4051.5,4190.5,1942.5,967.5,496.5,1014.0,533.0,1597.0,3742.0,4377.5,4607.0,4685.5,1968.0,1050.5,498.0,1114.5,662.5,1867.0,3729.0,4273.5,4579.0,4574.5,2159.0,1198.0,574.0,1325.0,982.0,2364.0,3641.0,4010.0,4322.0,4351.0,2490.0,1434.0,916.0,1666.0,1582.5,2841.0,3667.0,4019.0,4397.5,4494.5,2793.0,1757.0,927.0,1609.5,1822.0,2907.0,3323.0,3655.5,4091.0,4152.5,3980.0,2619.0,1148.5,1633.0,2272.0,2807.0,3048.0,3384.5,3868.0,3920.0,2344.0,1756.0,768.0,1080.0,1516.5,1798.0,1860.5,2004.5,2079.5,2175.0,1963.5,1610.0,510.5,724.5,1001.5,1096.5,1196.0,1248.0,1374.5,1378.0,2689.5,2085.5,878.0,1182.5,1620.0,1915.5,1972.0,2119.5,2218.0,2314.5,2558.5,2029.0,913.0,1190.5,1527.0,1769.5,1846.0,1938.0,2060.5,2135.5,2349.5,1919.5,716.5,952.0,1245.5,1417.0,1509.5,1614.5,1740.5,1773.0,2325.5,1874.0,742.0,966.0,1219.0,1423.0,1464.5,1548.0,1692.0,1707.0,2087.0,1570.5,592.0,756.0,1042.5,1141.0,1262.5,1360.0,1499.0,1505.5,0.0,0.0,0.0,0.0,0.0,0.0,0.0,0.0,0.0,0.0,1594.0,1199.5,431.0,605.0,830.5,921.5,987.5,1026.5,1180.5,1134.5,1806.0,1480.0,633.0,761.5,890.5,1001.0,1090.0,1148.5,1268.0,1259.5,2278.5,1897.5,744.0,978.5,1206.0,1337.5,1431.0,1534.5,1649.0,1636.5,2240.5,1864.0,731.5,934.0,1174.5,1292.5,1349.0,1444.5,1613.0,1558.0,2087.5,1711.5,734.5,872.0,1054.5,1165.5,1220.5,1308.5,1499.0,1429.0,2034.5,1736.5,609.5,825.0,1083.5,1168.0,1231.5,1333.0,1428.0,1417.0,2147.0,1839.5,731.0,949.0,1186.0,1328.0,1370.0,1432.0,1561.5,1549.0,"{""type"":""MultiPoint"",""coordinates"":[]}"
377_0,3,2655.5,2124.0,785.5,971.0,1334.0,1505.0,1552.5,1649.5,1817.0,1886.5,2225.5,1914.0,752.0,948.0,1205.5,1342.0,1393.0,1470.0,1574.5,1598.5,2411.0,2086.0,849.5,1066.5,1364.0,1495.0,1527.5,1585.0,1677.0,1724.5,2561.5,2252.0,909.0,1166.5,1494.5,1638.5,1667.0,1767.5,1844.5,1877.5,1236.0,1163.0,949.0,1190.0,1377.0,1522.0,1532.0,1590.0,1689.0,1691.0,287.0,261.0,667.0,850.0,885.0,1025.0,926.0,996.0,946.0,748.0,405.0,277.0,529.0,737.0,724.0,938.0,1041.0,1101.0,1047.0,974.0,741.0,574.0,478.0,700.0,541.0,937.0,1392.0,1614.0,1543.0,1380.0,1635.0,812.0,312.0,633.0,273.0,934.0,3053.0,3980.0,3672.0,3644.0,1894.5,911.0,253.5,591.0,262.5,952.5,3473.0,4741.0,4797.0,5045.0,1725.5,811.5,128.0,351.0,170.5,724.5,3293.5,4845.0,4939.0,5202.5,2825.0,2361.0,842.0,1023.0,1358.0,1537.0,1588.0,1717.0,1790.0,1936.0,1703.0,805.0,184.0,384.0,204.0,738.0,3123.0,4798.0,4879.0,5106.0,1599.0,745.0,103.0,346.0,135.0,737.0,3331.0,4948.0,5112.0,5211.0,1599.0,745.0,239.0,625.0,334.0,1193.0,3476.0,4947.0,5157.0,5328.0,1863.0,877.0,447.0,912.0,609.0,1644.0,3866.0,4942.0,5204.0,5270.0,1937.5,1048.5,497.0,1025.0,761.0,1825.0,3797.5,4594.0,5097.0,5057.0,2539.5,1486.0,697.5,1407.5,1398.5,2521.5,4003.0,4575.0,5010.0,5074.5,3429.0,2212.5,1208.5,1852.0,2331.0,3261.0,4214.0,4640.5,5125.0,5189.0,4523.0,3091.5,1393.5,1940.5,2762.5,3396.5,3889.0,4235.5,4631.5,4782.0,4006.0,2830.0,1357.0,1844.5,2640.5,3115.0,3316.0,3577.5,4019.5,4003.5,4242.0,2854.0,1488.0,2083.0,3028.0,3468.0,3651.0,3973.0,4306.0,4346.0,2884.0,2365.0,820.0,1011.5,1368.5,1516.0,1578.5,1673.0,1886.5,1903.0,4083.0,2834.0,1393.0,1891.0,2666.0,3058.5,3249.0,3431.0,3773.5,3874.5,3805.0,2682.5,1306.0,1714.0,2383.5,2737.0,2896.0,3116.5,3428.0,3496.0,3397.5,2598.0,964.0,1234.0,1659.5,1848.5,1971.5,2124.0,2405.5,2409.0,3452.0,2655.0,982.0,1208.5,1631.0,1824.5,1915.5,2088.5,2313.5,2354.5,2022.0,1416.0,588.0,777.0,1100.0,1210.0,1277.0,1333.0,1513.0,1515.0,0.0,0.0,0.0,0.0,0.0,0.0,0.0,0.0,0.0,0.0,2559.0,2194.0,729.0,916.0,1200.0,1328.0,1336.0,1408.0,1572.0,1641.0,2616.0,2223.0,774.0,883.0,1139.0,1292.0,1291.0,1361.0,1486.0,1546.0,2727.5,2324.5,816.0,996.5,1288.0,1419.5,1457.0,1524.5,1696.0,1726.0,2952.0,2386.0,878.0,1004.0,1348.0,1482.0,1411.0,1493.0,1667.0,1719.0,2943.5,2453.0,926.0,1045.0,1346.0,1478.5,1480.0,1589.0,1739.5,1789.5,2654.0,2238.0,843.0,1021.0,1275.0,1383.0,1450.0,1509.0,1713.0,1703.0,2161.0,1852.0,683.0,824.0,1067.0,1181.0,1239.0,1303.0,1447.0,1436.0,"{""type"":""MultiPoint"",""coordinates"":[]}"
378_0,3,3180.0,2426.0,876.0,1018.0,1328.0,1548.5,1644.5,1790.0,1998.0,2132.0,2174.0,1983.0,637.0,912.0,1217.0,1331.0,1410.0,1478.0,1588.0,1577.0,2391.0,2262.0,790.0,1044.0,1377.0,1535.0,1577.0,1690.0,1764.0,1789.0,1217.5,1133.5,447.0,630.0,834.5,926.5,899.0,950.0,990.5,982.0,382.0,357.0,401.0,582.0,670.0,878.0,752.0,781.0,784.0,637.0,382.0,357.0,448.0,669.0,672.0,879.0,752.0,781.0,784.0,637.0,475.0,380.0,288.0,532.0,388.0,787.0,769.0,872.0,800.0,724.0,1445.0,889.0,311.0,621.0,452.0,950.0,1743.0,1987.0,1931.0,1995.0,964.0,558.0,213.0,425.0,242.0,673.0,1457.0,1734.0,1635.0,1596.0,1051.0,556.0,119.5,369.0,143.0,639.5,1910.5,2367.5,2278.5,2343.0,1091.5,543.0,91.0,273.5,96.5,499.0,2019.5,2764.5,2747.5,2742.5,3491.5,2866.5,2319.0,2221.5,2324.5,2467.5,2540.5,2668.5,3007.5,2773.5,1238.5,598.0,59.5,243.0,44.0,505.5,2472.0,3462.0,3455.0,3517.5,1228.5,586.0,106.5,466.0,143.0,839.5,2807.5,3739.5,3711.0,3850.5,1253.0,595.0,475.0,815.0,581.0,1233.0,3018.0,3759.0,3737.0,3845.0,1360.0,759.0,689.0,1081.0,986.0,1799.0,2922.0,3243.0,3384.0,3440.0,1609.0,893.0,612.0,1044.0,986.0,1817.0,2695.0,2999.0,3176.0,3251.0,1919.0,1129.0,558.0,1100.0,1150.0,1985.0,2716.0,2999.0,3180.0,3258.0,4375.5,3108.0,1221.0,1663.5,2301.0,2817.0,3160.0,3480.5,3745.5,3958.5,4164.0,3063.0,1149.0,1562.0,2217.5,2609.0,2899.5,3154.0,3467.0,3550.5,3873.0,2805.0,1116.0,1476.0,1953.0,2278.0,2538.0,2807.0,3163.0,3209.0,3265.0,2361.0,850.5,1159.0,1595.5,1935.0,2222.5,2430.5,2564.0,2687.5,3347.0,2617.0,695.0,935.0,1350.0,1558.0,1606.0,1749.0,2027.0,2060.0,3343.0,2660.0,731.5,997.0,1298.0,1599.0,1903.0,2068.5,2205.0,2341.5,3573.0,2931.0,1478.5,1665.5,1872.5,2211.5,2493.5,2683.0,2742.0,2829.5,3029.0,2483.0,733.0,874.0,1031.0,1297.5,1581.0,1746.5,1881.0,1947.5,2904.0,2383.0,695.5,858.0,1000.5,1270.0,1563.5,1707.0,1823.0,1897.0,2263.0,1651.5,412.5,616.5,776.5,1075.0,1333.0,1488.5,1666.0,1687.5,0.0,0.0,0.0,0.0,0.0,0.0,0.0,0.0,0.0,0.0,3767.0,2918.0,847.0,1154.0,1668.0,1919.0,1973.0,2130.0,2323.0,2426.0,2706.0,2222.0,951.0,1206.0,1688.0,1967.0,1973.0,2135.0,2323.0,2426.0,3648.0,2877.0,969.0,1253.0,1728.0,1947.0,2003.0,2206.0,2405.0,2470.0,1988.0,1628.5,554.5,658.0,864.0,986.5,1014.5,1125.5,1255.0,1266.5,1475.0,1238.0,450.0,613.0,800.0,894.0,948.0,994.0,1117.0,1123.0,1996.5,1777.5,607.5,804.5,1084.0,1187.0,1247.5,1320.0,1457.0,1439.5,2007.5,1832.5,591.0,802.0,1085.5,1182.0,1225.0,1312.5,1437.5,1423.5,"{""type"":""MultiPoint"",""coordinates"":[]}"
379_0,3,2034.5,1670.0,634.0,805.0,1069.0,1178.5,1229.5,1305.0,1439.0,1448.5,2560.0,2199.5,958.5,1269.5,1587.0,1696.0,1755.5,1823.0,1968.0,1933.0,2557.5,2177.0,908.5,1201.0,1528.0,1652.5,1646.5,1719.5,1863.5,1864.5,2486.5,2164.0,883.0,1160.5,1464.0,1600.5,1594.5,1674.5,1785.0,1804.5,400.0,304.0,581.0,818.5,914.0,1063.0,895.0,940.5,861.5,783.0,298.5,223.5,645.5,865.5,921.5,1063.0,895.0,971.0,934.0,796.0,686.0,566.5,483.0,794.5,639.0,1191.0,1424.0,1526.5,1422.0,1357.5,1504.0,859.5,396.0,793.0,419.0,1156.5,3076.5,3475.0,3512.5,3300.0,1599.0,822.5,234.0,628.5,286.0,1083.0,3301.0,4011.5,4109.5,4206.5,1844.0,965.5,282.0,678.5,371.5,1165.0,3203.0,3944.5,4086.5,4309.0,1735.5,898.0,232.5,619.0,329.5,1115.5,3133.5,3928.0,4106.0,4248.5,2293.0,1956.5,689.5,920.5,1184.5,1321.0,1348.0,1456.5,1557.5,1629.5,1653.5,844.5,199.0,562.5,281.5,1082.5,3064.0,3865.5,4024.0,4200.5,1523.0,769.5,195.0,550.0,281.5,1019.0,3060.5,3866.0,4030.0,4176.0,1535.5,772.0,233.0,612.0,301.5,1111.5,3304.5,3996.0,4183.5,4337.5,1901.0,940.5,459.5,987.5,535.0,1660.0,3652.0,4279.0,4528.0,4565.0,1921.5,1016.0,473.5,1067.5,674.0,1830.5,3524.0,4023.0,4354.0,4368.5,2077.0,1160.0,552.0,1256.0,1062.0,2297.0,3445.0,3739.0,4066.0,4148.0,2409.0,1406.0,861.0,1583.5,1578.5,2665.5,3465.0,3811.0,4192.5,4280.5,2701.5,1699.5,856.0,1586.5,1722.5,2726.5,3300.5,3597.5,4021.0,4063.0,3995.0,2759.0,1155.5,1626.5,2349.5,2792.5,3031.0,3328.5,3787.0,3843.5,2609.5,2013.5,899.5,1209.0,1677.0,1956.5,2027.5,2189.5,2214.0,2306.0,2141.5,1814.5,580.0,795.0,1077.0,1180.0,1240.5,1326.0,1457.0,1446.0,2692.0,2091.0,941.0,1241.0,1666.0,1917.0,2003.5,2108.0,2204.5,2314.0,2629.5,2064.5,980.0,1245.0,1632.0,1819.0,1918.5,2006.0,2159.5,2199.5,2384.5,1942.0,759.5,959.0,1287.0,1448.5,1493.5,1580.0,1717.5,1757.0,2563.0,2116.5,813.5,1018.0,1346.5,1547.0,1557.5,1654.0,1773.0,1810.5,2166.5,1499.0,626.5,796.5,1096.5,1186.5,1271.5,1384.0,1538.5,1530.5,0.0,0.0,0.0,0.0,0.0,0.0,0.0,0.0,0.0,0.0,1931.0,1611.5,564.5,739.5,967.0,1086.0,1094.0,1184.5,1300.5,1287.0,2012.5,1753.0,619.5,736.0,943.0,1033.0,1080.5,1145.0,1259.0,1269.5,2423.0,2135.0,730.0,966.5,1199.0,1300.5,1374.5,1469.5,1574.0,1603.5,2461.5,2128.0,754.5,955.0,1223.0,1318.0,1334.5,1431.5,1592.5,1577.0,2341.0,1971.0,790.5,942.0,1163.5,1256.0,1286.0,1357.5,1474.0,1497.0,2141.0,1858.5,663.5,837.5,1099.5,1216.0,1252.0,1302.5,1448.5,1447.5,2318.0,2017.5,800.5,1068.5,1363.0,1471.0,1502.5,1577.5,1696.5,1670.5,"{""type"":""MultiPoint"",""coordinates"":[]}"
380_0,3,1707.0,1410.5,562.5,666.5,888.0,1005.5,1013.5,1099.5,1165.5,1188.0,1840.0,1590.5,685.5,841.5,1029.5,1124.5,1150.5,1213.0,1297.5,1317.5,1990.0,1744.0,834.5,1027.0,1225.5,1319.5,1310.5,1345.5,1409.0,1446.0,2283.0,2019.5,1001.0,1233.5,1449.5,1574.5,1562.5,1639.0,1713.0,1715.5,1857.0,1672.0,987.0,1208.0,1436.0,1533.0,1535.0,1564.0,1619.0,1606.0,362.0,317.0,813.0,989.0,947.0,1144.0,924.0,923.0,926.0,777.0,256.0,217.0,615.0,856.0,865.0,1067.0,963.0,1048.0,1016.0,916.0,348.0,291.0,601.0,807.0,823.0,1051.0,963.0,1048.0,1048.0,971.0,434.0,276.0,550.0,772.0,788.0,940.0,952.0,1086.0,983.0,897.0,809.5,502.0,336.5,575.5,474.0,898.0,1595.0,1992.0,1833.0,1858.5,1280.0,670.0,226.5,456.0,265.5,797.5,2319.0,3011.0,2996.0,2996.5,1873.0,1585.0,612.0,766.0,963.0,1053.0,1084.0,1182.0,1296.0,1344.0,1519.0,750.0,200.0,428.0,204.0,707.0,2816.0,3688.0,3701.0,3883.0,1520.0,736.0,114.0,335.0,121.0,703.0,2942.0,4063.0,4101.0,4149.0,1534.0,744.0,145.0,418.0,238.0,797.0,3029.0,4282.0,4270.0,4446.0,1606.0,780.0,373.0,745.0,483.0,1342.0,3056.0,3835.0,3932.0,4033.0,1617.5,870.5,403.0,801.5,576.5,1486.5,2858.0,3399.0,3677.5,3651.0,1905.0,1120.5,445.0,851.0,902.0,1727.0,2596.0,2993.0,3249.5,3361.5,2606.5,1625.5,922.0,1290.0,1670.0,2228.0,2733.5,3032.5,3382.5,3447.5,3162.0,2075.0,983.5,1432.0,2051.5,2583.5,2933.5,3229.5,3663.5,3693.5,4183.0,2865.0,1134.0,1559.0,2271.0,2692.0,2976.0,3271.0,3729.0,3757.0,4187.5,2834.0,1027.0,1490.5,2345.5,2733.0,2958.5,3195.0,3569.0,3801.5,1823.5,1561.5,579.5,726.5,946.0,1057.0,1054.0,1158.0,1268.0,1281.0,3777.5,2694.5,925.0,1308.5,1947.5,2274.0,2432.0,2633.5,2917.5,3009.5,3498.5,2529.0,933.0,1238.5,1802.5,2088.5,2222.5,2424.5,2712.5,2751.0,3208.5,2498.5,741.0,943.0,1371.0,1544.0,1655.5,1825.0,2027.0,2088.5,3263.5,2548.5,782.0,944.5,1332.5,1510.0,1617.0,1768.5,1991.0,2056.0,1363.0,1146.0,367.0,475.0,670.0,726.0,755.0,819.0,913.0,907.0,0.0,0.0,0.0,0.0,0.0,0.0,0.0,0.0,0.0,0.0,1499.0,1233.0,498.0,651.0,811.0,911.0,874.0,949.0,1070.0,1063.0,1671.0,1450.0,604.0,698.0,859.0,945.0,951.0,1000.0,1093.0,1081.0,2096.0,1825.0,788.0,955.0,1155.0,1264.0,1260.0,1315.0,1427.0,1448.0,2044.0,1746.0,799.5,908.5,1093.5,1196.5,1209.5,1217.5,1362.0,1364.5,1639.5,1400.5,540.5,620.5,791.5,868.5,849.0,887.5,967.5,1019.5,2017.0,1783.0,775.0,903.0,1061.0,1154.0,1237.0,1317.5,1391.5,1407.5,2114.0,1827.0,818.0,986.0,1165.0,1262.0,1297.0,1392.0,1492.0,1494.0,"{""type"":""MultiPoint"",""coordinates"":[]}"
381_0,3,1872.0,1610.0,561.0,722.0,966.5,1067.5,1094.0,1162.5,1286.0,1281.0,2558.0,2182.5,1005.0,1328.5,1636.0,1756.5,1778.0,1862.0,1968.0,1963.0,2595.5,2211.5,928.0,1228.0,1554.0,1680.0,1666.5,1754.5,1860.5,1854.0,2532.0,2212.0,936.0,1210.5,1501.0,1637.0,1643.5,1716.5,1794.5,1812.0,394.5,363.0,688.5,943.0,1004.0,1294.5,996.0,1041.0,887.5,904.5,309.5,254.5,675.5,997.5,1120.5,1208.5,916.0,1008.0,947.0,810.0,552.5,419.0,573.0,858.5,869.0,1182.5,1146.5,1223.5,1031.0,993.5,929.0,692.0,519.5,854.5,710.0,1182.5,1639.5,1849.5,1748.5,1713.5,1320.5,780.0,422.0,741.5,508.0,1108.0,2362.5,2789.0,2606.5,2646.0,1446.5,796.5,384.0,720.0,483.5,1184.5,2675.0,3275.5,3205.5,3157.5,1384.5,753.5,366.5,707.0,465.0,1154.5,2678.5,3251.0,3263.5,3292.5,2179.5,1881.5,635.5,831.5,1095.5,1235.0,1236.5,1315.5,1438.5,1489.0,1350.5,692.0,306.5,663.5,411.5,1098.0,2788.5,3431.5,3480.5,3537.0,1301.5,662.0,243.0,598.0,352.5,1045.0,2796.0,3404.0,3523.0,3638.5,1308.0,683.5,315.0,645.5,388.0,1069.0,2976.5,3578.5,3639.5,3814.5,1649.5,833.0,459.0,924.5,509.5,1528.0,3317.5,3811.5,3919.0,4022.5,1665.5,864.0,432.0,958.0,565.0,1581.5,3090.5,3510.5,3797.0,3781.0,1780.0,1012.0,467.0,1044.0,800.0,1822.0,2861.0,3167.0,3368.0,3412.0,2127.5,1212.5,786.5,1346.0,1354.5,2258.0,2963.0,3232.5,3486.5,3536.0,2484.0,1513.5,876.5,1431.0,1607.0,2309.0,2892.0,3204.0,3516.0,3558.0,3700.5,2552.5,1069.5,1539.0,2075.5,2611.0,2813.0,3125.5,3472.0,3526.0,2154.5,1633.0,682.0,959.5,1369.5,1555.0,1590.0,1725.5,1795.0,1871.5,2033.5,1746.5,537.0,751.5,1005.0,1106.5,1175.0,1245.0,1356.0,1389.0,2333.0,1847.0,742.0,990.0,1355.0,1557.5,1599.5,1708.5,1745.0,1868.5,2296.0,1825.0,1021.5,1191.0,1479.5,1615.5,1654.0,1735.0,1843.5,1883.0,2192.5,1797.5,653.5,827.5,1092.5,1236.5,1235.0,1345.5,1428.5,1495.5,2327.5,1967.0,718.0,880.0,1154.5,1316.0,1283.5,1416.5,1484.0,1579.0,1964.0,1473.0,549.5,662.0,911.0,1012.0,1065.0,1167.5,1292.5,1316.0,1965.0,1725.5,698.5,964.5,1270.5,1407.0,1488.0,1640.0,1299.5,1810.0,1793.0,1516.5,523.5,708.0,916.0,1010.0,1044.0,1110.0,1219.0,1210.5,1874.0,1623.5,619.0,733.5,924.0,993.5,1023.0,1127.5,1184.0,1175.5,2262.0,1974.0,748.0,957.5,1184.0,1289.5,1299.0,1387.0,1506.0,1521.0,2293.0,1972.0,765.5,954.5,1215.0,1316.0,1283.0,1376.0,1488.0,1484.5,2069.5,1766.0,679.0,826.5,1047.5,1146.0,1121.0,1230.5,1309.5,1336.5,2025.5,1729.5,656.5,830.5,1072.5,1136.5,1156.5,1234.5,1346.5,1348.0,2328.0,1973.0,853.0,1143.5,1422.0,1543.0,1565.0,1626.0,1759.5,1717.0,"{""type"":""MultiPoint"",""coordinates"":[]}"
382_0,3,1947.0,1633.5,574.5,715.0,974.0,1101.0,1133.5,1193.5,1320.5,1338.5,2548.0,2199.0,942.5,1268.5,1573.5,1696.5,1753.0,1847.0,1958.5,1938.0,2531.5,2166.5,889.5,1183.0,1494.0,1637.5,1640.0,1719.0,1839.0,1838.5,2468.5,2148.0,874.0,1151.0,1436.0,1583.0,1595.5,1668.0,1769.5,1789.5,270.0,201.0,402.5,617.0,652.0,802.0,654.5,737.5,763.0,698.5,299.0,220.0,614.0,802.5,888.5,1035.0,980.5,1057.5,1087.5,1003.5,596.0,458.5,416.5,768.0,575.5,1025.5,1169.0,1241.5,1241.5,1110.5,1476.0,909.5,364.0,786.0,392.5,1131.0,2594.5,2878.0,2934.0,2750.5,1694.0,895.0,239.5,660.5,364.5,1146.5,3296.0,3999.0,4144.5,4079.0,1911.5,1033.0,296.0,706.5,442.5,1316.0,3282.5,4011.0,4194.5,4309.5,1803.5,943.5,243.0,626.5,365.0,1172.0,3235.0,4002.0,4205.5,4360.5,2217.5,1899.0,622.0,816.0,1079.5,1236.5,1255.0,1346.5,1421.5,1470.5,1669.5,852.0,199.0,553.0,290.0,1088.0,3122.0,3891.5,4046.5,4221.5,1479.0,751.5,195.0,531.5,264.5,1023.5,3130.5,3940.0,4079.5,4180.0,1506.5,754.5,233.0,622.5,263.0,1134.0,3403.0,4182.0,4261.0,4419.0,1866.5,949.0,476.5,1030.0,531.5,1701.0,3780.5,4387.0,4628.5,4631.5,1869.0,1008.5,478.5,1104.5,642.5,1802.0,3593.5,4013.0,4403.0,4320.0,1972.0,1110.0,551.0,1244.0,1030.0,2295.0,3496.0,3758.0,4090.0,4150.0,2294.5,1321.0,870.0,1639.5,1511.0,2655.0,3520.5,3887.5,4251.5,4330.5,2603.0,1602.0,864.0,1652.0,1686.5,2736.5,3411.0,3695.5,4108.0,4138.5,3940.0,2710.5,1283.0,1837.5,2469.5,3020.0,3357.5,3604.0,4050.5,4074.5,2637.5,1999.5,966.5,1334.0,1840.0,2013.0,2113.0,2240.0,2445.0,2532.0,2078.5,1780.0,507.5,733.5,987.5,1108.0,1150.5,1263.5,1355.0,1373.0,2761.5,2127.0,965.5,1303.5,1759.0,1964.0,2064.0,2150.0,2362.0,2404.0,2747.0,2148.0,1040.5,1334.5,1747.5,1919.5,1967.5,2138.0,2343.0,2346.0,2424.0,1963.0,765.0,975.5,1308.5,1477.0,1545.0,1626.5,1779.5,1776.0,2612.0,2164.0,824.5,1031.0,1373.5,1533.0,1634.5,1692.0,1836.0,1853.5,2174.5,1511.0,614.0,795.5,1075.0,1199.0,1303.0,1359.0,1588.5,1588.5,0.0,0.0,0.0,0.0,0.0,0.0,0.0,0.0,0.0,0.0,2009.5,1742.5,524.0,710.5,937.0,1053.5,1085.5,1180.0,1270.5,1257.5,1963.0,1725.0,576.5,690.5,885.0,964.0,989.5,1066.0,1162.0,1180.0,2336.0,2060.5,654.0,853.5,1098.5,1205.5,1251.5,1352.5,1444.5,1436.0,2428.5,2122.0,699.0,865.0,1129.5,1262.0,1261.0,1343.0,1503.0,1501.0,2163.0,1859.0,647.0,784.5,994.0,1117.0,1133.5,1214.0,1333.0,1355.0,1937.5,1682.0,560.0,749.5,961.0,1045.0,1097.0,1187.5,1282.0,1313.5,2312.0,1999.5,807.0,1081.5,1370.0,1479.0,1525.5,1584.0,1718.0,1696.5,"{""type"":""MultiPoint"",""coordinates"":[]}"
383_0,3,1825.5,1524.0,652.0,796.0,1058.0,1198.0,1198.0,1265.5,1375.5,1383.0,2415.5,2104.5,943.5,1238.0,1521.5,1629.0,1664.0,1720.0,1827.0,1825.0,2434.5,2128.0,877.5,1177.5,1437.5,1566.5,1608.5,1665.5,1746.0,1774.0,2517.5,2209.5,946.0,1262.5,1528.5,1670.0,1670.5,1764.5,1814.0,1871.0,912.0,917.0,1109.0,1407.0,1574.0,1769.0,1534.0,1615.0,1432.0,1478.0,131.0,136.0,640.0,867.0,964.0,1049.0,810.0,907.0,844.0,715.0,325.0,234.0,703.0,986.0,965.0,1258.0,1092.0,1140.0,1113.0,959.0,496.0,421.0,703.0,1020.0,982.0,1413.0,1276.0,1350.0,1289.0,1182.0,577.0,421.0,479.0,778.0,726.0,1062.0,1200.0,1373.0,1172.0,1144.0,724.5,408.5,244.5,494.5,321.0,804.5,1411.5,1739.0,1567.5,1513.0,1114.5,572.5,189.5,448.0,239.5,776.5,2176.5,2846.0,2697.0,2800.0,2070.5,1757.0,771.0,956.5,1217.5,1343.5,1374.5,1448.5,1515.5,1550.0,1365.0,693.0,197.0,436.0,247.0,747.0,2385.0,3129.0,3211.0,3421.0,1229.0,598.0,147.0,370.0,215.0,693.0,2349.0,3125.0,3156.0,3211.0,1225.0,598.0,147.0,360.0,178.0,667.0,2535.0,3354.0,3307.0,3482.0,1412.0,706.0,313.0,655.0,305.0,1041.0,3119.0,3870.0,3922.0,4085.0,1632.0,819.0,367.0,893.0,455.0,1481.0,3430.0,4077.0,4120.0,4200.0,1691.0,910.5,406.0,971.0,524.5,1652.5,3315.0,3733.0,3860.5,3940.0,1933.0,1038.5,860.5,1465.5,1330.0,2258.0,3250.5,3561.0,3716.0,3821.5,2291.0,1396.0,806.5,1401.5,1489.5,2503.5,3169.5,3475.0,3628.0,3867.0,3315.5,2275.5,979.0,1437.0,1964.5,2554.0,2823.0,3024.0,3329.5,3496.0,2654.0,1720.0,796.0,1187.0,1879.0,2277.0,2458.0,2639.0,2871.0,3040.0,1885.0,1562.0,541.0,761.0,1060.0,1184.0,1195.0,1256.0,1393.0,1404.0,3457.0,2526.0,836.0,1213.0,1806.0,2179.0,2305.0,2527.0,2634.0,2845.0,3293.0,2438.0,902.0,1194.5,1701.0,1988.0,2109.0,2314.5,2526.0,2618.5,3052.5,2414.0,727.0,976.0,1366.0,1598.5,1710.0,1830.0,2006.0,2127.0,2306.0,1810.0,796.0,955.0,1250.0,1441.0,1436.0,1580.0,1730.0,1764.0,2008.0,1463.0,505.0,657.0,934.0,1075.0,1120.0,1188.0,1356.0,1375.0,615.0,392.0,497.0,453.0,502.0,555.0,548.0,604.0,638.0,635.0,1748.0,1465.0,571.0,767.0,989.0,1062.0,1096.0,1155.0,1277.0,1257.0,319.0,249.0,234.0,185.0,187.0,185.0,193.0,209.0,215.0,219.0,2180.0,1903.0,747.0,980.0,1228.0,1350.0,1381.0,1421.0,1547.0,1563.0,2353.0,2066.0,958.0,1142.0,1390.0,1478.0,1529.0,1574.0,1740.0,1661.0,1935.0,1636.0,613.0,768.0,1014.0,1094.0,1083.0,1151.0,1222.0,1253.0,2022.0,1758.0,719.0,858.0,1072.0,1181.0,1221.0,1305.0,1372.0,1402.0,2148.0,1877.5,766.0,970.0,1204.5,1321.0,1364.0,1439.5,1544.5,1543.0,"{""type"":""MultiPoint"",""coordinates"":[]}"
384_0,3,1879.0,1584.5,588.0,746.0,994.0,1125.5,1167.0,1227.0,1300.0,1330.0,2542.5,2157.5,1073.0,1386.5,1674.0,1795.0,1836.0,1910.5,2025.0,2006.5,2558.0,2175.0,940.5,1244.0,1541.5,1705.5,1677.5,1770.5,1862.0,1871.5,2515.5,2164.5,966.5,1243.5,1527.5,1668.0,1638.0,1740.0,1822.5,1856.0,424.5,390.0,973.0,1213.5,1324.5,1502.0,1214.5,1286.5,1262.0,1087.0,303.5,283.0,767.5,1061.0,1203.5,1389.0,1142.5,1220.0,1179.5,1034.5,529.0,401.0,559.5,907.5,839.0,1230.0,1151.5,1347.0,1174.0,1100.0,943.5,749.5,548.5,869.5,704.5,1223.5,1779.5,1903.5,1884.5,1742.5,1621.5,958.5,429.0,788.0,456.0,1163.5,2851.0,3132.0,3074.0,3068.5,1721.5,907.0,322.5,647.0,356.0,1017.5,2889.0,3635.0,3566.5,3596.0,1572.5,815.5,275.5,596.5,308.5,952.5,2968.5,3805.5,3803.5,3819.5,2168.5,1850.0,658.0,879.0,1134.5,1282.0,1357.5,1365.0,1444.0,1545.0,1499.0,767.0,232.0,536.0,278.5,931.0,2996.0,3953.0,3938.0,4027.0,1363.5,672.5,217.0,510.5,260.5,869.0,2983.0,3892.0,3983.5,4108.5,1417.5,679.5,274.0,569.5,286.0,960.0,3206.0,4063.5,4118.5,4278.5,1792.0,922.5,490.5,972.0,534.5,1575.0,3635.0,4433.5,4514.5,4640.0,1845.0,969.0,456.0,1016.0,581.0,1611.0,3336.5,3940.0,4238.0,4160.0,1920.0,1088.0,486.0,1070.0,822.0,1925.0,3223.0,3564.0,3716.0,3826.0,2259.0,1321.0,825.5,1473.5,1436.5,2482.0,3352.5,3645.5,3848.5,3999.5,2675.0,1674.5,946.5,1552.0,1688.0,2683.0,3149.5,3389.5,3724.0,3814.5,3752.0,2586.0,1138.0,1552.5,2238.0,2562.0,2845.0,2934.0,3460.5,3418.5,2182.5,1654.5,675.5,983.0,1391.5,1578.0,1596.5,1754.0,1859.0,1903.5,2016.5,1708.5,561.0,784.0,1046.5,1171.5,1211.0,1264.5,1385.0,1434.5,2432.5,1914.0,777.0,1045.5,1433.0,1663.5,1653.5,1814.5,1863.0,1944.0,2566.0,2032.5,936.5,1160.5,1496.5,1691.5,1728.5,1833.0,1962.5,2012.5,2219.0,1827.5,669.5,853.0,1130.0,1229.5,1286.5,1390.0,1522.5,1532.5,2311.0,1830.5,687.5,905.5,1197.0,1333.0,1357.0,1493.5,1572.0,1618.5,1946.5,1472.0,501.5,639.5,889.5,968.0,1075.5,1127.0,1292.0,1272.5,1880.5,1489.0,969.0,1144.0,1293.5,1434.0,1482.0,1556.5,1615.5,1648.5,1817.5,1475.0,567.0,776.5,971.0,1081.0,1112.0,1205.0,1272.0,1283.0,1939.5,1675.0,667.0,813.5,997.0,1122.0,1130.5,1206.0,1272.0,1294.5,2299.5,1974.0,812.5,1050.5,1271.5,1411.0,1449.0,1468.0,1592.5,1575.5,2349.5,2001.0,864.5,1056.0,1288.0,1394.5,1380.5,1482.5,1637.0,1582.0,2084.5,1755.0,710.5,865.5,1068.5,1183.0,1179.0,1270.0,1365.5,1385.5,1981.0,1681.5,668.5,839.5,1058.0,1168.0,1194.0,1259.0,1370.5,1375.5,2330.0,1991.0,911.0,1205.5,1493.5,1587.0,1619.0,1687.0,1808.0,1794.0,"{""type"":""MultiPoint"",""coordinates"":[]}"
385_0,3,1666.5,1350.5,534.0,665.0,882.0,1011.5,1048.0,1100.5,1183.5,1188.0,2212.0,1941.0,867.5,1112.5,1342.5,1457.0,1497.5,1554.0,1647.0,1665.5,2280.0,2006.5,900.0,1154.0,1379.0,1494.0,1535.5,1602.5,1663.5,1675.0,2340.5,2116.0,951.0,1200.5,1424.0,1552.5,1591.0,1653.5,1711.0,1737.5,236.0,195.0,1021.0,1260.0,1298.0,1432.0,1072.0,1119.0,1055.0,854.0,236.0,195.0,887.0,1169.0,1233.0,1432.0,1072.0,1147.0,1157.0,1063.0,390.0,314.0,727.0,1044.0,1074.0,1498.0,1545.0,1647.0,1666.0,1597.0,736.0,612.0,696.0,1014.0,953.0,1525.0,1976.0,2090.0,1955.0,1978.0,781.0,463.0,541.0,840.0,691.0,1248.0,1754.0,2117.0,1914.0,1812.0,906.5,519.5,232.5,501.5,290.0,874.5,2021.5,2460.0,2247.0,2129.0,1278.0,639.5,148.5,450.0,206.5,857.0,2673.0,3461.5,3459.5,3405.5,1853.0,1505.0,621.0,770.0,1000.0,1126.0,1148.0,1234.0,1282.0,1334.0,1423.0,720.0,183.0,435.0,227.0,848.0,2496.0,3283.0,3316.0,3453.0,1348.0,648.0,78.0,324.0,175.0,653.0,2547.0,3510.0,3679.0,3749.0,1313.0,614.0,76.0,322.0,97.0,615.0,2803.0,3769.0,3966.0,4044.0,1634.0,785.0,340.0,693.0,316.0,1097.0,3515.0,4437.0,4639.0,4628.0,1726.5,834.0,372.5,853.0,408.0,1391.5,3619.5,4409.0,4809.0,4655.0,1780.0,939.5,393.0,949.0,508.0,1636.5,3458.5,4016.5,4192.0,4143.0,2113.0,1205.0,883.0,1519.0,1254.0,2384.0,3428.0,3826.0,4122.0,4163.0,2612.5,1647.0,931.5,1552.0,1853.0,2658.0,3442.5,3821.5,4195.0,4201.0,3711.0,2607.5,1116.0,1554.5,2155.0,2576.5,2829.0,3077.0,3460.5,3488.0,3173.0,2325.0,1088.0,1385.0,1876.0,2147.0,2278.0,2427.0,2566.0,2726.0,1713.0,1398.0,467.0,637.0,880.0,995.0,1044.0,1106.0,1195.0,1218.0,3053.0,2325.0,868.0,1187.0,1636.0,1923.0,1988.0,2175.0,2209.0,2372.0,2927.0,2254.0,938.5,1189.0,1560.5,1777.5,1873.5,1999.5,2165.0,2217.0,2652.5,2099.0,708.5,910.5,1197.5,1362.0,1430.0,1548.0,1695.0,1739.5,2783.0,2233.0,787.0,954.0,1236.0,1405.0,1459.0,1587.0,1705.0,1788.0,2357.0,1517.0,590.0,751.0,1017.0,1164.0,1217.0,1316.0,1508.0,1505.0,0.0,0.0,0.0,0.0,0.0,0.0,0.0,0.0,0.0,0.0,1668.0,1337.0,548.0,747.0,937.0,1048.0,1078.0,1156.0,1247.0,1249.0,1951.0,1646.0,707.0,867.0,1065.0,1183.0,1232.0,1311.0,1345.0,1396.0,2411.0,2036.0,856.0,1130.0,1370.0,1512.0,1583.0,1649.0,1743.0,1757.0,2575.0,2206.0,1050.0,1283.0,1514.0,1645.0,1699.0,1788.0,1912.0,1892.0,1906.0,1605.0,583.0,752.0,970.0,1071.0,1092.0,1146.0,1248.0,1240.0,1998.0,1701.0,751.0,899.0,1092.0,1169.0,1222.0,1272.0,1358.0,1369.0,2045.5,1754.0,791.5,982.5,1191.5,1285.0,1335.5,1401.0,1476.0,1471.5,"{""type"":""MultiPoint"",""coordinates"":[]}"
386_0,3,1732.0,1448.5,515.0,650.0,869.0,978.0,1007.5,1083.0,1147.5,1191.0,2380.0,2033.5,952.0,1241.0,1487.0,1587.0,1640.0,1709.5,1814.0,1800.0,2049.5,1701.0,687.0,945.5,1172.5,1288.5,1332.0,1401.5,1455.0,1471.0,310.0,254.0,457.0,678.5,709.5,866.0,678.0,754.0,772.5,675.0,272.0,201.5,530.5,742.0,802.0,938.5,807.0,900.5,877.5,857.5,476.5,344.5,593.0,800.5,817.0,1039.5,1042.5,1140.0,1087.5,1005.0,836.5,552.5,496.0,754.5,666.0,1065.5,1391.5,1557.0,1384.0,1373.0,1189.0,740.0,476.0,757.0,549.0,1059.0,1874.0,2176.0,2041.5,2051.5,1487.0,771.0,350.0,629.0,419.5,1011.0,2509.5,3062.0,3072.5,3181.5,1550.5,812.0,284.5,599.0,419.0,1021.5,2668.0,3317.0,3313.5,3477.0,1556.0,811.0,270.0,519.0,372.5,900.5,2620.5,3544.5,3549.0,3685.5,1987.0,1684.5,572.0,763.0,982.5,1116.0,1142.0,1199.0,1326.0,1350.0,1671.0,843.5,282.0,563.0,378.5,966.5,3008.0,3937.5,4025.5,4172.0,1626.5,846.5,323.5,811.0,488.5,1423.5,3263.0,4142.5,4173.5,4389.5,1657.0,871.5,455.5,922.0,700.5,1622.0,3262.5,3890.0,3846.0,4146.0,1922.5,1048.0,651.0,1106.0,1074.0,1965.5,3068.0,3468.5,3622.0,3827.5,2213.5,1343.5,707.0,1159.5,1288.5,2058.0,2890.0,3181.0,3484.5,3591.0,2455.0,1552.0,750.0,1208.0,1396.0,2116.0,2793.0,3138.0,3373.0,3517.0,4051.0,2679.5,1101.5,1576.5,2083.5,2638.5,2979.0,3261.5,3577.5,3712.0,3835.5,2644.0,1006.0,1467.0,2005.0,2496.5,2779.5,3040.0,3374.5,3473.5,3328.0,2491.0,912.5,1318.5,1877.5,2238.5,2459.5,2628.0,2888.5,3046.0,1955.0,1509.0,583.0,841.0,1155.0,1349.0,1411.0,1488.0,1523.0,1637.5,1877.5,1586.5,470.0,671.5,889.5,1018.0,1072.0,1116.0,1222.5,1274.0,2248.0,1767.5,695.5,963.5,1296.5,1506.0,1525.5,1604.5,1697.0,1753.5,2200.5,1723.5,812.0,1029.5,1315.5,1518.5,1517.0,1604.5,1704.0,1754.0,1910.5,1607.5,589.0,734.5,954.5,1108.5,1170.0,1243.0,1289.0,1337.0,1585.5,1347.5,485.0,642.0,863.5,971.5,1002.5,1044.0,1123.5,1151.5,1302.5,1145.0,335.5,445.5,613.0,686.5,740.0,789.5,847.5,853.5,0.0,0.0,0.0,0.0,0.0,0.0,0.0,0.0,0.0,0.0,1640.5,1393.5,441.5,596.0,793.0,881.5,963.0,967.5,1083.5,1089.5,1795.5,1553.5,574.5,686.5,849.5,955.0,985.0,1043.5,1134.0,1114.0,1998.5,1703.5,621.0,817.5,1023.0,1125.5,1171.5,1252.5,1347.5,1347.0,2049.0,1731.5,620.5,738.0,949.0,1085.0,1071.0,1148.0,1205.5,1268.0,2130.0,1824.0,735.0,855.5,1047.5,1176.5,1205.0,1288.0,1350.5,1392.0,2054.0,1756.0,631.5,835.0,1054.0,1159.5,1216.0,1297.0,1375.5,1401.5,2129.5,1876.0,787.5,1025.5,1246.0,1343.0,1395.0,1455.0,1546.5,1558.0,"{""type"":""MultiPoint"",""coordinates"":[]}"
387_0,3,3005.0,2272.5,819.0,930.5,1229.0,1442.0,1606.0,1744.0,1896.5,2032.5,2129.0,1942.0,619.0,874.0,1155.0,1303.0,1341.0,1446.0,1529.0,1576.0,2364.0,2265.0,771.0,1024.0,1351.0,1492.0,1541.0,1639.0,1718.0,1722.0,2128.0,2000.5,703.0,950.0,1240.0,1364.0,1409.0,1464.0,1529.0,1577.5,403.0,356.0,700.0,793.0,840.0,916.0,758.0,800.0,843.0,694.0,403.0,356.0,384.0,607.0,583.0,850.0,758.0,800.0,843.0,694.0,457.0,380.0,278.0,544.0,392.0,769.0,820.0,921.0,839.0,772.0,1572.0,882.0,252.0,577.0,324.0,851.0,2195.0,2553.0,2530.0,2479.0,1175.0,619.0,147.0,413.0,205.0,697.0,1961.0,2553.0,2423.0,2413.0,1183.0,589.0,69.5,327.0,95.0,620.0,2204.0,2893.5,2812.5,2829.0,1164.5,561.5,22.0,205.5,27.0,429.5,2247.5,3155.5,3209.0,3224.0,4063.0,3366.0,2038.0,2198.5,2508.5,2736.0,2829.0,2959.0,3093.0,3212.0,1283.5,594.0,16.0,197.0,2.5,452.0,2645.5,3923.0,3886.5,4009.5,1273.0,582.5,90.0,465.0,124.0,853.5,3062.5,4200.0,4230.5,4375.5,1308.0,601.0,470.0,840.0,570.0,1319.0,3256.0,4087.0,4114.0,4270.0,1365.0,742.0,666.0,1090.0,963.0,1866.0,3102.0,3612.0,3731.0,3825.0,1515.0,865.0,603.0,1066.0,969.0,1866.0,2860.0,3192.0,3370.0,3427.0,1825.0,1066.0,574.0,1107.0,1151.0,2084.0,2860.0,3192.0,3385.0,3435.0,4314.0,3133.0,1123.0,1564.5,2193.0,2685.5,2957.0,3206.5,3455.5,3612.5,4107.0,3096.5,1063.0,1464.0,2107.0,2440.5,2665.5,2901.0,3154.0,3241.5,3418.0,2750.0,900.0,1273.0,1864.0,2101.0,2331.0,2539.0,2819.0,2808.0,3203.0,2390.0,795.5,1111.5,1548.0,1860.0,2005.5,2183.5,2337.0,2474.5,3422.0,2716.0,670.5,912.5,1323.0,1537.5,1625.5,1821.5,2012.5,2119.5,3338.0,2634.0,736.5,1003.0,1316.0,1610.5,1821.0,1990.0,2111.0,2245.0,3777.0,3151.5,2088.5,2215.5,2435.5,2674.0,2862.0,3002.0,3103.0,3186.0,2962.0,2459.5,744.5,882.5,1044.5,1308.5,1560.5,1703.0,1839.5,1902.5,2848.0,2326.0,684.0,853.0,988.0,1256.0,1518.5,1656.0,1794.5,1858.5,2131.5,1551.5,395.5,589.5,754.5,1020.0,1194.0,1331.5,1477.5,1528.0,0.0,0.0,0.0,0.0,0.0,0.0,0.0,0.0,0.0,0.0,3642.0,2798.0,781.0,1075.0,1549.0,1795.0,1876.0,2032.0,2221.0,2338.0,2717.0,2187.0,853.0,1109.0,1570.0,1889.0,1877.0,2079.0,2221.0,2360.0,3577.0,2808.0,900.0,1157.0,1609.0,1873.0,1899.0,2102.0,2296.0,2396.0,2427.5,1964.5,664.5,804.0,1099.0,1246.5,1301.0,1443.0,1560.0,1633.5,1409.0,1177.0,406.0,537.0,738.0,813.0,872.0,929.0,1047.0,1039.0,1852.5,1692.0,513.0,688.0,949.0,1055.5,1089.0,1181.5,1289.0,1307.5,1934.0,1763.0,561.0,755.5,1022.5,1143.5,1188.0,1279.5,1384.5,1403.5,"{""type"":""MultiPoint"",""coordinates"":[]}"
388_0,3,1655.0,1369.5,560.0,676.5,910.0,986.0,1038.0,1102.0,1196.5,1221.0,2245.5,1958.5,862.5,1110.0,1351.5,1477.0,1510.5,1583.5,1669.5,1646.5,2297.0,2034.5,876.5,1149.5,1381.5,1489.5,1537.0,1633.0,1676.5,1682.0,2341.5,2113.0,931.5,1183.0,1424.0,1534.5,1567.0,1655.0,1715.5,1706.5,336.0,263.0,881.0,1242.0,1215.0,1352.0,994.0,1032.0,977.0,784.0,336.0,263.0,864.0,1200.0,1246.0,1352.0,994.0,1032.0,977.0,784.0,510.0,400.0,705.0,1051.0,1029.0,1367.0,1418.0,1541.0,1510.0,1327.0,666.0,556.0,662.0,1013.0,949.0,1537.0,1635.0,1772.0,1566.0,1489.0,797.0,507.0,481.0,804.0,747.0,1230.0,1487.0,1609.0,1518.0,1417.0,869.0,545.5,272.0,547.0,363.5,926.5,1733.0,2038.5,1901.0,1812.0,1330.0,701.0,244.5,540.0,312.0,917.5,2598.0,3307.0,3293.0,3245.0,1826.0,1570.0,644.0,813.0,1012.0,1138.0,1162.0,1219.0,1299.0,1323.0,1364.0,691.0,246.0,507.0,286.0,833.0,2666.0,3519.0,3451.0,3473.0,1286.0,623.0,91.0,349.0,140.0,680.0,2691.0,3610.0,3760.0,3651.0,1276.0,607.0,90.0,340.0,113.0,636.0,2889.0,4010.0,4126.0,4082.0,1590.0,756.0,325.0,691.0,312.0,1098.0,3522.0,4422.0,4653.0,4610.0,1695.5,810.0,358.0,852.5,400.5,1360.5,3559.0,4423.0,4827.0,4618.5,1705.0,898.5,378.0,912.5,491.5,1527.0,3309.0,3814.0,4042.5,4018.5,1961.0,1094.0,822.0,1469.0,1195.0,2141.0,3311.0,3729.0,3955.0,3939.0,2547.0,1581.0,938.5,1524.0,1832.0,2672.5,3339.5,3665.5,4109.5,4054.0,3664.0,2527.0,1100.0,1555.5,2185.5,2640.0,2923.0,3144.5,3530.5,3546.0,3381.0,2470.0,1196.0,1688.0,2348.0,2679.0,2758.0,2958.0,2970.0,3159.0,1729.0,1434.0,469.0,663.0,909.0,1009.0,1070.0,1106.0,1222.0,1244.0,2905.0,2232.0,874.0,1216.0,1657.0,1854.0,2003.0,2068.0,2248.0,2365.0,2787.0,2101.5,882.5,1119.0,1502.0,1754.0,1835.5,1988.0,2056.5,2179.5,2477.5,1994.0,687.0,880.5,1181.5,1351.5,1409.5,1545.0,1683.0,1711.5,2650.0,2127.0,788.0,938.0,1247.0,1421.0,1463.0,1627.0,1720.0,1758.0,2225.0,1507.0,569.0,736.0,963.0,1115.0,1181.0,1273.0,1439.0,1491.0,0.0,0.0,0.0,0.0,0.0,0.0,0.0,0.0,0.0,0.0,1580.0,1271.0,503.0,697.0,882.0,973.0,990.0,1069.0,1174.0,1173.0,1888.0,1571.0,638.0,806.0,987.0,1118.0,1159.0,1241.0,1282.0,1297.0,2328.0,1978.0,823.0,1089.0,1321.0,1450.0,1470.0,1560.0,1669.0,1671.0,2504.0,2183.0,1027.0,1224.0,1448.0,1577.0,1629.0,1701.0,1856.0,1818.0,1890.0,1605.0,583.0,735.0,956.0,1058.0,1071.0,1130.0,1209.0,1216.0,1939.0,1683.0,734.0,860.0,1056.0,1149.0,1200.0,1273.0,1373.0,1381.0,2061.5,1787.5,769.5,975.5,1186.5,1274.5,1329.0,1394.0,1505.0,1485.5,"{""type"":""MultiPoint"",""coordinates"":[]}"
389_0,3,3465.0,2702.0,1395.5,1493.0,1819.5,2066.5,2181.5,2344.5,2531.0,2588.5,2219.0,2052.0,612.0,865.0,1152.0,1272.0,1285.0,1412.0,1479.0,1523.0,2311.0,2190.0,709.0,918.0,1196.0,1328.0,1352.0,1459.0,1516.0,1597.0,2286.0,2162.0,732.0,960.5,1254.5,1393.5,1421.5,1524.0,1584.0,1619.0,260.0,254.0,276.0,423.0,446.0,533.0,307.0,366.0,302.0,268.0,590.0,544.0,932.0,989.0,1018.0,1094.0,836.0,857.0,845.0,719.0,373.0,312.0,358.0,669.0,402.0,827.0,769.0,826.0,763.0,733.0,1485.0,844.0,358.0,772.0,440.0,1292.0,2476.0,2737.0,2801.0,2746.0,1078.0,595.0,277.0,564.0,328.0,857.0,1805.0,1988.0,1989.0,1853.0,1256.0,646.0,152.5,427.5,188.0,803.0,2330.5,2939.0,2953.0,2932.0,1225.5,593.5,103.5,349.5,142.0,664.0,2314.5,3104.0,3124.5,3121.0,3500.0,2822.5,784.0,1004.5,1374.0,1576.0,1666.0,1783.5,2059.0,2113.5,1230.5,575.5,67.5,239.0,60.0,478.5,2305.5,3472.5,3511.5,3566.0,1076.0,502.0,42.0,203.5,24.5,423.5,2345.5,3664.0,3650.0,3744.5,1092.0,511.0,446.0,692.0,458.0,966.0,2594.0,3709.0,3726.0,3877.0,1262.0,626.0,567.0,889.0,612.0,1350.0,2955.0,3754.0,3882.0,3973.0,1237.0,637.0,460.0,845.0,612.0,1350.0,2868.0,3484.0,3721.0,3763.0,1448.0,781.0,384.0,827.0,756.0,1546.0,2798.0,3206.0,3466.0,3567.0,1957.0,1082.5,649.0,1194.5,1243.0,2110.5,2978.5,3305.0,3604.5,3671.5,2361.0,1440.0,966.0,1452.5,1730.5,2408.5,3051.5,3329.5,3693.5,3760.5,4033.0,2899.0,1205.0,1655.0,2364.0,2913.0,3107.0,3421.0,3867.0,3927.0,3913.5,2736.0,1223.0,1725.0,2544.5,2937.0,3072.0,3308.5,3620.5,3764.5,3584.5,2858.0,786.0,1032.5,1450.0,1652.0,1716.0,1850.0,2116.0,2201.5,4165.0,3022.5,1146.5,1560.0,2189.0,2545.0,2709.0,2906.0,3154.0,3304.5,4001.5,3132.5,1875.5,2136.0,2534.0,2840.5,2984.0,3146.0,3330.0,3383.5,3609.0,2825.0,997.5,1195.0,1592.5,1829.5,1908.0,2103.0,2291.0,2407.0,3504.0,2731.5,995.0,1201.0,1566.5,1804.0,1918.0,2095.5,2270.0,2394.0,3049.0,2267.0,748.5,999.5,1363.5,1630.5,1700.0,1849.0,2080.0,2126.5,0.0,0.0,0.0,0.0,0.0,0.0,0.0,0.0,0.0,0.0,3746.0,2906.0,858.0,1187.0,1656.0,1918.0,1971.0,2137.0,2339.0,2489.0,4000.5,3192.5,1076.5,1317.5,1717.0,2038.0,2239.0,2449.0,2628.0,2784.5,3700.0,2958.5,938.0,1210.5,1569.0,1849.5,1983.5,2108.5,2369.5,2428.0,1836.0,1641.0,525.5,656.0,899.5,1009.0,1033.5,1079.5,1182.0,1236.5,1950.0,1732.0,544.0,695.0,967.0,1086.0,1058.0,1091.0,1201.0,1299.0,1965.0,1839.5,533.0,710.0,969.5,1079.5,1073.5,1160.5,1244.5,1251.5,2028.5,1891.0,576.0,765.5,1031.0,1151.5,1165.0,1245.0,1336.5,1335.0,"{""type"":""MultiPoint"",""coordinates"":[]}"
390_0,3,1957.0,1627.5,616.5,776.5,1037.5,1156.0,1204.5,1279.5,1390.0,1397.0,2530.0,2138.0,1028.0,1331.5,1609.5,1749.0,1818.0,1895.0,1993.5,1986.0,2508.0,2118.5,976.5,1255.5,1543.0,1697.0,1693.0,1793.5,1889.5,1872.0,2423.5,2074.5,971.5,1240.0,1504.5,1658.5,1643.5,1736.5,1837.5,1842.0,345.5,270.5,758.5,999.0,1059.5,1204.5,911.0,938.5,951.0,752.0,345.5,328.0,614.0,885.0,952.5,1138.5,911.0,938.5,939.0,799.5,532.0,434.5,593.5,936.5,888.5,1191.0,997.0,1064.0,1002.5,927.5,902.5,683.0,499.5,829.5,594.0,1220.5,1726.0,1784.5,1801.5,1531.5,1474.0,789.5,357.5,711.0,434.0,1122.5,2916.5,3599.0,3284.0,3282.0,1639.0,896.0,293.5,658.0,456.5,1218.0,3035.0,3649.0,3623.0,3933.5,1653.5,896.0,304.0,630.0,444.0,1153.5,2876.5,3579.5,3575.0,3759.5,2259.5,1897.0,681.5,912.5,1177.0,1340.0,1357.5,1431.0,1538.5,1607.5,1634.0,896.0,302.5,640.0,427.0,1112.0,2853.0,3607.5,3648.5,3773.0,1522.0,816.0,252.0,590.5,400.5,1087.5,2850.0,3569.5,3648.5,3792.0,1514.5,790.0,307.0,632.5,394.0,1101.0,2945.5,3544.5,3612.0,3716.5,1766.0,919.0,499.0,935.5,575.5,1508.5,3347.0,3816.0,3880.5,3996.0,1808.0,971.5,470.0,979.5,665.0,1679.5,3043.0,3508.0,3684.0,3684.0,1882.0,1126.0,494.0,1052.0,857.0,1961.0,2958.0,3228.0,3345.0,3537.0,2284.5,1315.5,774.0,1355.5,1298.5,2359.0,3041.5,3430.0,3547.5,3728.5,2693.5,1686.5,783.0,1380.5,1705.0,2599.5,2991.5,3217.0,3533.0,3722.5,3723.5,2573.5,1081.5,1498.0,2099.0,2601.0,2895.5,3060.5,3523.0,3532.5,1972.5,1471.5,590.0,851.5,1188.0,1456.0,1460.5,1585.5,1618.0,1736.0,2117.5,1812.5,578.5,818.0,1103.0,1238.5,1286.5,1387.5,1510.5,1512.0,2064.0,1589.0,607.0,862.5,1169.0,1360.0,1398.5,1495.5,1580.5,1665.5,2310.5,1835.0,847.5,1045.5,1307.5,1482.5,1541.5,1639.5,1711.5,1797.0,2068.5,1698.5,631.0,814.5,1039.0,1195.5,1229.0,1308.5,1384.5,1444.0,2219.5,1881.0,703.0,902.0,1110.5,1286.0,1299.5,1369.0,1447.0,1548.0,1801.5,1493.0,512.0,643.0,864.0,947.0,1057.5,1085.5,1197.5,1164.5,0.0,0.0,0.0,0.0,0.0,0.0,0.0,0.0,0.0,0.0,1492.5,1048.0,407.5,593.0,781.0,910.0,909.5,1032.0,1155.0,1134.0,1920.0,1517.5,659.0,810.0,972.5,1132.0,1173.0,1238.5,1307.5,1341.0,2445.0,2011.5,939.0,1158.5,1416.5,1511.5,1595.5,1682.0,1801.5,1756.0,2395.5,1976.5,988.5,1148.0,1414.5,1512.0,1521.0,1637.0,1785.0,1718.0,2253.0,1869.0,886.0,1050.5,1266.5,1364.5,1406.0,1478.5,1615.0,1599.0,2232.5,1907.0,714.5,939.5,1198.0,1298.5,1388.5,1424.5,1571.0,1548.5,2303.0,1989.0,849.5,1124.0,1375.5,1522.0,1551.5,1645.0,1701.5,1718.5,"{""type"":""MultiPoint"",""coordinates"":[]}"
391_0,3,114.5,105.0,211.5,322.5,401.5,491.0,256.0,299.0,245.5,179.0,1737.5,1467.5,631.5,815.0,977.5,1063.5,1117.0,1196.0,1253.5,1272.0,1889.0,1620.0,676.0,868.0,1041.5,1141.5,1155.5,1241.5,1293.5,1290.0,2140.5,1878.0,881.5,1112.5,1303.0,1403.0,1424.0,1487.5,1533.0,1562.0,2072.0,1863.0,1032.0,1266.0,1373.0,1456.0,1435.0,1493.0,1569.0,1548.0,400.0,361.0,1032.0,1266.0,1282.0,1331.0,893.0,886.0,828.0,656.0,345.0,285.0,637.0,927.0,974.0,1178.0,924.0,940.0,747.0,760.0,351.0,285.0,705.0,976.0,978.0,1204.0,1121.0,1204.0,1102.0,1023.0,367.0,296.0,478.0,728.0,617.0,1132.0,1056.0,1144.0,1048.0,876.0,440.0,307.0,283.0,503.0,338.5,986.5,1491.5,1712.0,1482.5,1345.5,564.5,368.5,233.0,438.5,279.5,877.5,1654.0,1979.0,1738.5,1606.5,274.0,247.0,288.0,417.5,518.0,636.0,481.0,522.0,511.5,429.5,1005.0,540.0,272.5,496.5,347.0,932.5,2072.5,2695.5,2557.5,2445.5,1014.0,521.0,107.0,309.0,139.0,665.0,2091.0,2798.0,2789.0,2639.0,1160.0,564.0,157.0,415.0,207.0,735.0,2445.0,3171.0,3156.0,3186.0,1357.0,690.0,395.0,781.0,464.0,1238.0,2868.0,3369.0,3502.0,3471.0,1384.0,739.0,408.0,878.0,634.0,1550.0,2825.0,3233.0,3408.0,3356.0,1863.0,1093.5,509.5,1032.0,981.5,1876.5,2761.5,3051.0,3267.5,3366.0,3092.0,2201.0,1146.0,1524.0,1666.0,2357.0,2761.0,3059.0,3304.0,3364.0,3572.5,2583.0,1090.0,1504.5,2096.0,2446.5,2667.5,2886.5,3155.5,3246.0,3609.5,2552.5,1036.0,1445.5,2046.0,2398.0,2582.5,2800.0,3104.5,3154.5,3468.0,2558.0,919.0,1291.0,1841.0,2203.0,2315.0,2559.0,2651.0,2821.0,157.0,127.0,309.0,514.0,601.0,664.0,506.0,543.0,504.0,398.0,3441.0,2572.0,919.0,1291.0,1794.0,2139.0,2244.0,2441.0,2505.0,2718.0,3279.0,2544.5,929.0,1202.5,1614.0,1844.5,1973.5,2161.5,2310.0,2365.0,1709.5,1391.0,551.0,674.5,920.5,1101.0,1075.5,1152.0,1219.0,1247.5,300.0,233.0,337.0,404.0,444.0,560.0,391.0,412.0,401.0,369.0,120.0,97.0,89.0,152.0,160.0,241.0,96.0,143.0,110.0,94.0,0.0,0.0,0.0,0.0,0.0,0.0,0.0,0.0,0.0,0.0,104.0,114.0,275.0,435.0,476.0,583.0,356.0,398.0,351.0,256.0,121.0,104.0,297.0,365.0,429.0,507.0,348.0,377.0,368.0,289.0,1468.0,959.0,621.0,875.0,1046.0,1265.0,1327.0,1366.0,1575.0,1510.0,1190.0,669.0,616.0,688.0,899.0,1074.0,1153.0,1216.0,1349.0,1391.0,2628.0,2032.0,1043.0,1313.0,1586.0,1740.0,1876.0,1951.0,2185.0,2128.0,3534.0,2858.0,1395.0,1718.0,2029.0,2209.0,2290.0,2412.0,2660.0,2635.0,3669.0,3018.5,1502.0,1786.0,2108.0,2318.0,2425.0,2572.0,2750.5,2747.0,"{""type"":""MultiPoint"",""coordinates"":[]}"
392_0,3,2087.0,1734.5,616.5,785.5,1080.0,1214.0,1242.0,1345.0,1465.5,1507.5,2290.0,2003.0,861.0,1126.5,1398.0,1521.0,1553.5,1604.0,1717.0,1706.5,2383.0,2052.5,854.5,1095.5,1388.0,1513.0,1557.0,1628.5,1744.5,1736.0,2296.0,2002.5,840.0,1065.5,1349.5,1469.0,1503.5,1587.0,1667.0,1672.5,245.5,192.5,638.0,805.0,853.5,981.0,815.0,872.0,847.0,756.0,262.5,246.0,482.5,710.5,755.0,950.5,820.5,922.5,847.0,826.5,615.5,418.0,514.0,719.0,648.5,1024.0,1466.0,1589.0,1478.5,1432.0,1026.0,619.0,353.5,643.5,367.5,962.5,2291.5,2571.0,2623.0,2531.0,1251.0,607.0,162.0,458.5,192.5,889.5,3201.5,4067.0,4149.0,4176.0,1755.5,951.5,251.5,572.5,491.5,1213.5,3002.0,3679.5,3889.5,4156.5,1915.0,1008.5,218.0,481.5,405.0,1049.5,2882.5,3677.5,3892.5,4165.0,2366.5,1972.0,671.5,874.5,1187.0,1339.5,1364.0,1458.0,1564.0,1659.0,1905.5,990.5,217.0,467.5,332.5,892.5,2865.5,3711.5,3846.5,4142.5,1878.0,910.5,203.0,547.0,310.0,1043.5,3090.5,3969.0,4275.5,4397.0,1910.5,963.0,339.0,791.5,477.0,1345.0,3389.5,4098.5,4313.0,4415.0,1996.0,1079.0,537.0,1016.5,782.0,1807.5,3440.5,3973.5,4255.5,4327.0,2113.5,1179.0,590.0,1123.0,966.5,1892.0,3276.5,3754.5,4132.0,4148.0,2359.0,1388.0,619.0,1131.0,1171.0,1997.0,3053.0,3447.0,3789.0,3905.0,3170.0,1983.0,934.5,1372.5,1568.5,2274.0,3044.0,3434.5,3830.0,3933.0,3783.5,2551.0,970.0,1404.5,1932.5,2438.5,2848.0,3123.0,3621.5,3695.5,3595.5,2492.0,889.0,1320.0,1983.5,2381.5,2607.5,2905.0,3356.5,3390.5,2715.0,2088.0,851.5,1145.0,1650.0,1917.0,2034.0,2182.0,2265.0,2435.0,2161.0,1799.0,599.0,775.0,1072.0,1212.0,1229.0,1328.0,1502.0,1513.0,2733.0,2116.0,891.0,1188.0,1674.0,1948.5,2047.0,2170.5,2304.5,2401.5,2738.5,2097.5,996.5,1278.5,1708.0,1949.0,2021.5,2135.5,2341.0,2373.5,2412.0,1925.5,753.0,955.0,1280.0,1453.5,1516.5,1634.5,1771.5,1811.0,2450.0,1974.0,779.0,966.0,1284.5,1452.5,1517.5,1620.0,1751.5,1812.0,2164.0,1447.5,613.5,774.5,1074.5,1246.0,1284.0,1386.0,1559.5,1549.5,0.0,0.0,0.0,0.0,0.0,0.0,0.0,0.0,0.0,0.0,1965.5,1648.0,520.0,682.0,944.0,1062.5,1059.0,1119.5,1253.0,1260.5,2009.5,1712.5,622.5,742.0,950.5,1036.5,1055.0,1134.5,1234.5,1250.0,2373.0,2076.0,724.0,911.0,1152.0,1305.0,1356.0,1399.0,1526.0,1556.0,2267.0,1866.0,679.0,798.0,1061.0,1157.0,1150.0,1215.0,1350.0,1386.0,2313.0,1913.5,759.0,872.0,1097.0,1212.0,1230.5,1294.5,1440.0,1478.5,2076.5,1827.5,633.5,778.0,1028.0,1155.5,1231.5,1306.0,1411.5,1393.0,2076.5,1834.0,642.0,844.5,1061.0,1167.5,1231.5,1318.0,1417.5,1393.0,"{""type"":""MultiPoint"",""coordinates"":[]}"
393_0,3,2419.0,1939.5,688.0,868.5,1187.5,1328.0,1340.0,1473.5,1605.5,1612.0,2106.0,1809.5,702.0,903.0,1135.5,1265.0,1316.0,1374.0,1467.0,1489.0,2324.0,2020.0,815.5,1039.0,1326.5,1455.0,1466.0,1547.0,1619.5,1668.0,2463.5,2162.5,879.0,1136.0,1424.0,1570.5,1597.0,1682.0,1760.0,1777.5,1191.0,1075.0,828.0,1048.0,1285.0,1402.0,1443.0,1492.0,1575.0,1552.0,327.0,277.0,663.0,876.0,925.0,1076.0,956.0,982.0,1023.0,865.0,472.0,333.0,655.0,806.0,843.0,1002.0,1023.0,1140.0,1116.0,1003.0,758.0,599.0,513.0,732.0,660.0,982.0,1251.0,1384.0,1395.0,1353.0,1540.0,798.0,322.0,647.0,317.0,935.0,2701.0,3301.0,3268.0,3174.0,1865.5,936.5,267.5,591.5,265.5,967.5,3321.5,4298.0,4502.0,4581.0,1672.5,799.0,117.5,325.5,162.5,656.0,3042.0,4446.5,4715.5,4838.0,2634.0,2195.0,771.0,930.0,1253.0,1404.0,1427.0,1521.0,1639.0,1759.0,1633.0,788.0,162.0,350.0,195.0,627.0,2982.0,4600.0,4710.0,4904.0,1599.0,741.0,108.0,376.0,193.0,761.0,3200.0,4695.0,4992.0,4968.0,1600.0,759.0,259.0,671.0,382.0,1193.0,3378.0,4827.0,5007.0,5114.0,1854.0,940.0,481.0,931.0,641.0,1648.0,3829.0,4709.0,5073.0,5137.0,1951.5,1081.0,519.0,1051.5,801.5,1856.5,3729.0,4515.0,4948.0,4741.5,2494.5,1490.5,698.0,1368.0,1388.0,2456.5,3908.5,4212.0,4777.0,4890.0,3208.0,2004.0,1114.0,1733.5,2114.0,2991.5,3931.0,4350.0,4944.0,4927.0,4429.5,3010.5,1290.0,1847.5,2586.0,3105.5,3751.5,3975.5,4490.5,4587.0,3781.5,2707.0,1224.0,1743.0,2542.0,3013.0,3135.5,3421.5,3765.5,3884.5,3680.0,2509.0,1392.0,1897.0,2739.0,2953.0,3120.0,3206.0,3825.0,4016.0,2598.5,2165.5,747.5,933.5,1257.5,1392.0,1420.5,1525.5,1720.5,1750.0,3652.0,2532.5,1254.0,1687.0,2353.5,2642.0,2886.0,2948.5,3299.0,3330.5,3405.0,2400.0,1257.5,1636.0,2206.0,2342.5,2547.0,2739.5,3124.5,2995.0,3091.5,2385.0,935.5,1173.0,1553.5,1649.0,1827.5,1884.5,2220.0,2184.0,3110.5,2370.0,948.5,1149.0,1517.0,1637.0,1741.0,1861.0,2097.5,2081.5,1790.0,1424.0,530.0,666.0,924.0,1024.0,1094.0,1139.0,1290.0,1288.0,0.0,0.0,0.0,0.0,0.0,0.0,0.0,0.0,0.0,0.0,2285.0,1953.0,630.0,813.0,1072.0,1216.0,1183.0,1248.0,1397.0,1415.0,2363.0,2018.0,726.0,837.0,1056.0,1144.0,1156.0,1247.0,1366.0,1382.0,2499.0,2126.5,763.0,947.5,1207.5,1340.5,1329.0,1418.0,1574.0,1584.0,2606.0,2143.0,760.0,899.0,1190.0,1302.0,1256.0,1315.0,1466.0,1526.0,2675.5,2210.5,842.5,963.0,1224.5,1344.5,1349.0,1411.0,1567.5,1615.0,2697.0,2333.0,855.0,1033.0,1259.0,1387.0,1470.0,1536.0,1664.0,1701.0,2199.0,1883.0,702.0,914.0,1163.0,1311.0,1313.0,1417.0,1518.0,1565.0,"{""type"":""MultiPoint"",""coordinates"":[]}"
394_0,3,1035.5,886.5,326.0,387.5,483.5,534.0,546.5,582.0,635.5,648.0,1916.5,1697.0,737.5,933.5,1085.5,1170.0,1202.0,1257.5,1333.5,1347.5,2059.0,1831.0,785.5,991.0,1148.5,1237.0,1269.0,1344.5,1397.0,1423.5,2495.5,2223.5,1113.5,1384.0,1576.5,1695.0,1703.0,1774.5,1824.0,1852.5,2607.0,2349.0,1215.0,1445.0,1639.0,1751.0,1805.0,1868.0,1971.0,1958.0,2344.0,2121.0,1215.0,1445.0,1639.0,1751.0,1805.0,1868.0,1731.0,1906.0,357.0,336.0,868.0,1074.0,1123.0,1284.0,979.0,1004.0,971.0,826.0,404.0,379.0,949.0,1200.0,1281.0,1400.0,1094.0,1106.0,1107.0,918.0,225.0,190.0,641.0,941.0,971.0,1105.0,826.0,911.0,835.0,751.0,243.5,190.5,623.5,939.5,975.0,1165.5,855.0,976.5,880.0,748.5,313.5,228.5,488.0,829.0,780.0,1089.5,940.5,1081.0,978.0,830.0,1281.0,1119.5,482.5,579.5,693.0,734.5,758.0,798.5,885.5,863.0,727.0,446.0,373.0,664.0,461.0,969.0,1548.0,1652.0,1663.0,1510.0,956.0,518.0,181.0,434.0,228.0,748.0,2044.0,2403.0,2326.0,2257.0,1074.0,573.0,181.0,395.0,192.0,703.0,2222.0,2851.0,2876.0,2836.0,1238.0,635.0,303.0,560.0,315.0,906.0,2399.0,2988.0,3098.0,2908.0,1239.0,655.0,316.0,687.0,385.0,1128.0,2490.0,2878.0,3074.0,2919.0,1264.5,721.0,375.5,796.5,565.0,1418.0,2500.5,2792.0,2944.0,2825.5,1623.0,1025.0,749.0,1180.0,1331.0,2000.0,2631.0,2911.0,3103.0,3068.0,2308.5,1492.0,711.0,1138.0,1392.0,1999.0,2579.5,2850.0,3139.5,3186.0,2684.0,1958.0,891.0,1319.0,1645.0,2262.0,2766.0,2991.0,3321.0,3380.0,3253.5,2279.0,1038.5,1479.5,2117.5,2557.0,2683.0,2917.0,3115.0,3265.0,1325.0,1163.0,536.0,612.0,716.0,756.0,783.0,826.0,900.0,892.0,3509.0,2577.0,1017.0,1389.0,1922.0,2317.0,2399.0,2570.0,2659.0,2876.0,3323.5,2492.5,1033.5,1353.5,1809.0,2120.0,2263.0,2395.0,2590.0,2710.0,3017.0,2390.5,848.5,1079.5,1431.0,1650.0,1749.0,1891.5,2045.0,2129.0,2939.0,2345.0,927.0,1114.0,1445.0,1656.0,1769.0,1893.0,2017.0,2154.0,2231.0,1501.0,764.0,936.0,1252.0,1454.0,1567.0,1687.0,1919.0,1906.0,0.0,0.0,0.0,0.0,0.0,0.0,0.0,0.0,0.0,0.0,2062.0,1844.0,746.0,973.0,1159.0,1272.0,1270.0,1337.0,1444.0,1414.0,346.0,314.0,259.0,199.0,184.0,212.0,179.0,220.0,212.0,228.0,2302.0,2060.0,868.0,1131.0,1343.0,1428.0,1468.0,1547.0,1632.0,1652.0,2484.0,2271.0,1059.0,1291.0,1476.0,1582.0,1612.0,1693.0,1814.0,1785.0,1607.5,1352.5,686.0,819.5,974.0,1066.0,1049.0,1108.0,1182.0,1184.0,1706.0,1513.0,609.0,771.0,903.0,997.0,1014.0,1074.0,1129.0,1146.0,1775.0,1582.5,674.5,825.0,958.0,1028.0,1073.0,1134.0,1206.0,1198.5,"{""type"":""MultiPoint"",""coordinates"":[]}"
395_0,3,1701.0,1386.0,604.0,731.5,938.0,1022.0,1056.0,1142.5,1250.0,1211.0,2129.0,1815.0,831.5,1035.0,1260.0,1342.0,1389.5,1457.0,1582.5,1553.5,2263.5,1946.0,852.5,1118.5,1387.0,1482.5,1490.5,1583.0,1668.0,1635.5,2618.0,2255.5,1207.0,1541.5,1834.0,1947.0,1928.0,2000.5,2090.0,2064.0,2232.0,1950.0,1124.0,1446.0,1712.0,1832.0,1662.0,1713.0,1738.0,1698.0,742.0,589.0,1080.0,1325.0,1335.0,1473.0,1485.0,1486.0,1411.0,1235.0,519.0,412.0,656.0,1013.0,1007.0,1415.0,1324.0,1456.0,1347.0,1295.0,416.0,294.0,583.0,907.0,888.0,1248.0,1257.0,1354.0,1319.0,1181.0,731.0,572.0,397.0,720.0,570.0,1009.0,1353.0,1507.0,1358.0,1325.0,1456.5,783.0,254.0,581.5,305.5,961.0,2558.5,3160.5,3080.5,3117.5,1632.0,782.5,141.5,406.0,128.5,760.5,2973.5,4222.5,4294.5,4312.5,1884.0,1555.0,698.0,854.0,1071.0,1154.0,1200.0,1217.0,1349.0,1387.0,1528.0,723.0,159.0,406.0,118.0,684.0,3080.0,4366.0,4467.0,4420.0,1488.0,693.0,28.0,345.0,64.0,748.0,3270.0,4582.0,4677.0,4648.0,1548.0,720.0,170.0,543.0,246.0,1006.0,3403.0,4752.0,4840.0,4938.0,1634.0,757.0,429.0,919.0,564.0,1700.0,3650.0,4416.0,4710.0,4636.0,1679.0,884.0,441.0,993.0,773.0,1809.0,3409.0,3960.0,4357.0,4171.0,1976.0,1163.0,531.5,1103.5,1037.5,2066.5,3245.0,3636.0,4004.0,3994.5,2433.5,1465.5,932.0,1500.0,1693.5,2444.0,3250.5,3584.5,3970.0,3986.5,2810.0,1801.5,1004.5,1568.5,1984.0,2752.0,3325.5,3570.0,4001.0,4055.0,3485.0,2340.0,1128.0,1634.0,2261.0,2712.0,2960.0,3083.0,3641.0,3590.0,3199.5,2364.0,1134.0,1587.0,2324.5,2590.5,2816.5,2860.5,3420.5,3399.5,1726.0,1454.0,508.0,689.0,932.0,1028.0,1071.0,1121.0,1249.0,1240.0,3465.0,2501.0,972.0,1357.0,1978.0,2387.0,2443.0,2737.0,3010.0,3040.0,3293.0,2401.5,1039.0,1369.5,1928.0,2103.5,2293.5,2487.5,2864.5,2818.5,2954.5,2255.0,776.5,994.5,1344.0,1490.0,1667.0,1785.0,1988.5,2021.5,3002.0,2376.0,836.0,1025.0,1351.0,1506.0,1661.0,1759.0,1945.0,2081.0,1601.0,1310.0,476.0,613.0,845.0,913.0,992.0,1060.0,1181.0,1145.0,781.5,719.0,519.5,562.0,595.0,637.5,682.0,759.5,788.5,867.0,1348.0,1073.0,465.0,599.0,755.0,849.0,852.0,917.0,1036.0,1005.0,357.0,279.0,195.0,189.0,183.0,206.0,205.0,239.0,242.0,244.0,2096.0,1821.0,794.0,1004.0,1200.0,1337.0,1343.0,1405.0,1533.0,1465.0,2204.0,1899.0,980.0,1139.0,1305.0,1399.0,1447.0,1524.0,1670.0,1649.0,1652.0,1401.0,572.5,689.5,865.0,935.0,924.5,980.5,1078.5,1056.5,2087.0,1790.0,857.5,1008.5,1180.0,1270.0,1285.5,1330.5,1457.0,1436.5,2104.0,1797.0,865.5,1037.0,1211.0,1290.5,1338.0,1422.0,1518.0,1480.5,"{""type"":""MultiPoint"",""coordinates"":[]}"
396_0,3,1723.0,1433.0,573.0,733.5,966.0,1091.5,1101.5,1165.0,1267.5,1273.5,2392.5,2070.5,1005.5,1276.5,1524.0,1629.0,1672.5,1730.5,1841.5,1829.0,2399.5,2098.5,895.5,1160.0,1402.0,1547.5,1557.5,1662.5,1730.5,1749.0,2485.0,2164.5,954.5,1249.5,1495.5,1625.0,1653.0,1727.0,1802.5,1824.5,1217.0,1163.0,948.0,1206.0,1401.0,1494.0,1522.0,1578.0,1509.0,1600.0,310.0,277.0,701.0,983.0,1059.0,1179.0,837.0,926.0,857.0,673.0,416.0,309.0,636.0,925.0,928.0,1147.0,1044.0,1097.0,1102.0,905.0,615.0,472.0,634.0,925.0,856.0,1310.0,1281.0,1358.0,1298.0,1140.0,700.0,500.0,579.0,892.0,800.0,1310.0,1531.0,1731.0,1634.0,1518.0,710.0,467.5,314.0,552.5,453.0,889.5,1380.0,1593.0,1490.0,1424.0,1070.5,624.5,297.0,521.0,372.5,918.5,2140.5,2551.0,2507.0,2469.5,1919.0,1633.0,659.0,849.0,1039.0,1174.0,1210.0,1278.0,1322.0,1399.0,1390.0,736.0,220.0,524.0,338.0,922.0,2609.0,3183.0,3130.0,3129.0,1217.0,609.0,155.0,456.0,275.0,878.0,2478.0,3081.0,3188.0,3139.0,1183.0,594.0,153.0,415.0,231.0,793.0,2638.0,3293.0,3277.0,3304.0,1337.0,670.0,342.0,668.0,337.0,1097.0,2996.0,3607.0,3737.0,3710.0,1549.0,796.0,360.0,874.0,472.0,1454.0,3289.0,3902.0,4022.0,3984.0,1644.5,897.5,416.5,953.0,556.5,1696.5,3108.0,3478.5,3655.0,3650.5,1955.0,1083.0,720.0,1301.0,1172.0,2115.0,2882.0,3157.0,3393.0,3421.0,2257.0,1428.5,715.5,1290.5,1339.0,2236.0,2832.0,3094.5,3394.5,3397.5,2989.0,2068.0,920.0,1434.0,1786.0,2432.5,2815.5,3051.0,3373.0,3394.5,3071.0,2106.0,980.0,1309.0,1888.0,2294.0,2399.0,2618.0,2762.0,2901.0,1807.0,1527.0,497.0,719.0,970.0,1105.0,1103.0,1154.0,1281.0,1308.0,3186.0,2289.0,918.0,1264.0,1776.0,2078.0,2177.0,2298.0,2482.0,2618.0,3111.5,2316.5,911.5,1212.0,1674.0,1964.0,2081.5,2221.0,2384.5,2514.5,2716.0,2156.0,687.0,887.0,1205.5,1377.5,1467.0,1632.0,1746.5,1783.0,2775.0,2256.0,781.0,917.0,1234.0,1393.0,1512.0,1650.0,1763.0,1808.0,2402.0,1697.0,529.0,699.0,980.0,1124.0,1220.0,1359.0,1542.0,1533.0,897.0,820.0,852.0,693.0,677.0,735.0,803.0,921.0,1006.0,973.0,1613.0,1317.0,515.0,688.0,867.0,990.0,990.0,1078.0,1147.0,1137.0,1817.0,1547.0,626.0,799.0,1004.0,1099.0,1097.0,1153.0,1252.0,1254.0,2240.0,1934.0,764.0,981.0,1217.0,1355.0,1382.0,1460.0,1550.0,1553.0,1850.0,1656.0,952.0,1130.0,1361.0,1475.0,1545.0,1603.0,1743.0,1695.0,1850.0,1597.0,593.0,731.0,931.0,1020.0,1044.0,1113.0,1181.0,1182.0,1930.0,1663.0,691.0,840.0,1049.0,1106.0,1142.0,1224.0,1320.0,1318.0,2110.0,1856.0,778.5,984.0,1201.5,1297.5,1355.0,1426.5,1500.0,1516.0,"{""type"":""MultiPoint"",""coordinates"":[]}"
397_0,3,3525.0,2972.0,1069.5,1251.0,1525.5,1779.0,1860.0,1966.0,2154.0,2163.0,2552.0,2337.0,815.0,1085.0,1424.0,1494.0,1574.0,1769.0,1959.0,1861.0,2685.0,2465.0,899.0,1164.0,1479.0,1575.0,1778.0,1882.0,2067.0,1913.0,2568.0,2342.5,844.0,1114.0,1429.5,1577.0,1714.5,1827.0,1982.5,1924.0,967.0,800.0,764.0,1044.0,1168.0,1296.0,1356.0,1293.0,1474.0,1401.0,967.0,800.0,901.0,1050.0,1168.0,1296.0,1356.0,1293.0,1593.0,1401.0,841.0,643.0,522.0,743.0,750.0,1005.0,1159.0,1314.0,1530.0,1423.0,1669.0,1193.0,522.0,828.0,806.0,1276.0,2015.0,2277.0,2386.0,2358.0,1412.0,913.0,488.0,774.0,692.0,1077.0,1935.0,2277.0,2224.0,2244.0,1562.0,953.5,340.0,658.5,546.0,1011.0,2487.5,3067.5,3019.5,3107.5,1640.0,964.5,342.0,614.0,553.0,958.5,2569.0,3591.0,3488.0,3606.0,3826.5,3386.5,1858.0,2016.5,2285.5,2486.0,2567.0,2642.0,2769.5,2844.0,1609.5,951.5,325.0,564.0,525.0,820.0,2427.5,3551.0,3508.0,3739.0,1557.0,984.0,337.0,555.5,551.5,735.0,2341.0,3381.5,3444.5,3675.0,1491.0,967.0,553.0,751.0,697.0,1068.0,2369.0,3334.0,3390.0,3581.0,1594.0,993.0,700.0,975.0,891.0,1436.0,2772.0,3562.0,3519.0,3710.0,1625.0,1022.0,597.0,894.0,870.0,1401.0,2574.0,3205.0,3337.0,3479.0,1738.0,1099.0,597.0,894.0,875.0,1446.0,2539.0,2999.0,3087.0,3342.0,3209.0,2278.0,1010.0,1493.0,1932.0,2550.0,3045.0,3376.5,3606.0,3758.5,3485.0,2420.5,1172.0,1615.0,2095.0,2610.5,3052.5,3290.5,3571.5,3724.0,3779.0,2985.0,1204.0,1607.0,2206.0,2562.0,2751.0,2924.0,3279.0,3343.0,3607.5,2621.0,1129.0,1556.5,2228.5,2731.0,2880.5,2913.0,3067.0,3374.5,3607.0,3105.0,864.5,1115.5,1469.0,1728.0,1844.5,1973.0,2204.0,2225.0,4131.5,3145.0,1218.5,1612.5,2212.5,2545.5,2675.0,2812.5,3035.5,3179.0,4846.5,4207.5,2780.0,2989.5,3357.5,3691.5,3767.0,3844.0,4031.5,4095.0,3746.5,3128.0,1092.0,1322.0,1661.0,1931.5,2074.5,2243.5,2434.0,2484.0,3578.0,2972.5,1067.5,1273.0,1594.5,1850.0,2009.5,2154.0,2357.5,2406.0,2650.5,2049.0,641.5,885.0,1136.0,1437.5,1678.0,1834.0,2022.0,2033.0,0.0,0.0,0.0,0.0,0.0,0.0,0.0,0.0,0.0,0.0,3840.0,3237.0,989.0,1358.0,1807.0,2106.0,2209.0,2397.0,2660.0,2640.0,4049.0,3506.0,1352.0,1628.0,1807.0,2147.0,2347.0,2570.0,2794.0,2761.0,3665.0,3027.0,1080.0,1395.0,1779.0,2034.0,2347.0,2514.0,2794.0,2761.0,2653.0,2331.0,859.0,1072.0,1419.0,1523.5,1572.0,1730.0,1994.0,1863.5,2288.0,1956.0,712.0,898.0,1263.0,1293.0,1240.0,1475.0,1686.0,1482.0,2368.0,2190.0,768.0,985.0,1320.0,1411.5,1445.0,1501.0,1774.0,1721.5,2362.5,2176.0,771.0,1015.5,1328.5,1432.0,1492.0,1553.5,1806.5,1738.5,"{""type"":""MultiPoint"",""coordinates"":[]}"
398_0,3,4763.5,4294.0,3910.5,3803.0,3943.0,4161.5,4131.0,4154.5,4494.0,4345.0,2968.0,2620.0,872.0,1153.0,1518.0,1700.0,1799.0,1879.0,2059.0,2124.0,2993.0,2769.0,862.0,1104.0,1460.0,1658.0,1719.0,1897.0,1978.0,2040.0,2073.5,1795.0,582.0,743.0,945.0,1146.5,1253.5,1359.0,1375.5,1499.5,1452.0,1230.0,669.0,808.0,886.0,1190.0,1234.0,1314.0,1112.0,1259.0,1076.0,791.0,368.0,645.0,563.0,1014.0,1123.0,1125.0,1074.0,1044.0,1171.0,863.0,310.0,569.0,424.0,974.0,1083.0,1103.0,1051.0,1094.0,2653.0,1519.0,286.0,763.0,354.0,1283.0,3217.0,3651.0,3834.0,3790.0,2239.0,1368.0,313.0,642.0,351.0,1166.0,2661.0,3179.0,3210.0,3331.0,1786.5,1044.0,103.0,350.5,188.5,646.0,2434.0,3218.5,3207.5,3292.5,1773.5,1013.5,71.0,328.5,190.5,734.5,2601.0,3776.5,3946.5,4023.0,3366.5,3000.5,2209.5,2133.5,2273.0,2405.0,2475.5,2537.5,2696.0,2648.5,1916.5,1089.0,90.5,337.0,196.5,716.5,2762.5,3918.0,4012.0,4147.0,2038.0,1101.5,190.0,512.5,247.0,1053.0,3219.0,4326.5,4483.0,4550.0,2047.0,1187.0,534.0,907.0,658.0,1417.0,3391.0,4376.0,4449.0,4545.0,2045.0,1201.0,757.0,1173.0,1011.0,1828.0,3243.0,3836.0,4052.0,4020.0,2069.0,1281.0,665.0,1182.0,1031.0,1828.0,2960.0,3485.0,3819.0,3788.0,4354.0,2998.0,1211.0,1703.0,2293.0,2849.0,3313.0,3631.0,3936.0,4001.0,4808.5,3408.5,1355.5,1860.5,2667.5,3028.5,3429.0,3805.5,4163.5,4281.0,4696.0,3402.0,1281.0,1742.5,2432.0,2806.5,3152.5,3471.5,3891.5,3985.5,4372.5,3129.0,1130.5,1583.0,2337.0,2697.0,3050.5,3390.5,3799.5,3927.5,3969.0,3016.0,983.0,1326.0,1813.0,2215.0,2389.0,2598.0,2881.0,2988.0,3448.5,2995.0,774.0,1007.0,1430.0,1610.0,1721.0,1861.5,2124.5,2124.5,3499.0,2789.0,766.5,1043.0,1382.0,1656.5,1944.5,2125.0,2280.0,2373.0,2624.0,2161.5,1087.0,1188.0,1346.5,1558.5,1742.0,1865.0,1877.5,2024.0,2879.0,2470.5,772.5,875.0,1102.0,1308.5,1516.5,1678.0,1817.5,1918.0,2924.0,2614.0,683.5,812.0,997.0,1210.0,1402.0,1520.0,1644.5,1759.0,2665.0,1925.0,572.0,698.0,940.0,1201.0,1341.0,1509.0,1690.0,1743.0,0.0,0.0,0.0,0.0,0.0,0.0,0.0,0.0,0.0,0.0,3377.0,2721.0,802.0,1094.0,1541.0,1807.0,1869.0,2090.0,2330.0,2355.0,3263.0,2768.0,864.0,1177.0,1541.0,1833.0,2024.0,2124.0,2330.0,2423.0,3263.0,2768.0,908.0,1240.0,1568.0,1870.0,2186.0,2344.0,2569.0,2624.0,3718.5,3059.5,1020.0,1283.0,1573.0,1907.5,2277.0,2498.0,2737.5,2764.5,2874.0,2344.5,734.0,950.5,1206.5,1468.0,1709.5,1915.0,2066.5,2134.5,2405.0,2137.0,620.5,802.5,1089.0,1234.5,1364.0,1514.0,1590.0,1703.5,2392.5,2130.5,620.5,827.5,1085.5,1234.0,1435.5,1565.5,1639.5,1736.5,"{""type"":""MultiPoint"",""coordinates"":[]}"
399_0,3,1204.0,1046.5,362.5,407.5,532.0,584.0,607.5,638.0,721.0,732.0,1991.0,1818.5,680.5,890.0,1061.0,1146.5,1181.0,1262.5,1337.0,1322.5,2159.0,1971.0,727.5,940.0,1128.5,1228.0,1252.0,1334.0,1390.5,1419.0,2627.0,2391.0,1108.0,1377.0,1579.5,1705.0,1716.5,1777.5,1871.5,1897.5,2810.0,2613.0,1184.0,1411.0,1646.0,1760.0,1842.0,1897.0,2030.0,2019.0,2314.0,2118.0,1009.0,1257.0,1462.0,1605.0,1605.0,1723.0,1738.0,1751.0,382.0,349.0,841.0,1036.0,1082.0,1221.0,909.0,923.0,925.0,751.0,451.0,416.0,841.0,1084.0,1163.0,1333.0,956.0,1046.0,1019.0,921.0,210.0,159.0,627.0,885.0,933.0,1127.0,840.0,905.0,857.0,722.0,213.5,158.5,523.0,803.0,825.5,1040.5,766.5,862.0,786.5,662.0,258.0,210.5,452.5,704.5,663.0,916.0,821.5,913.5,827.0,679.0,1389.0,1227.0,454.0,575.0,699.0,761.0,794.0,859.0,947.0,915.0,793.0,517.0,449.0,699.0,573.0,1014.0,1447.0,1746.0,1646.0,1639.0,886.0,519.0,226.0,436.0,292.0,716.0,1604.0,1954.0,1881.0,1861.0,997.0,528.0,183.0,381.0,206.0,642.0,1901.0,2523.0,2465.0,2515.0,1161.0,591.0,285.0,504.0,286.0,771.0,2253.0,2908.0,2871.0,2826.0,1177.0,612.0,302.0,627.0,362.0,1023.0,2403.0,2910.0,2957.0,2957.0,1236.0,685.5,346.5,745.5,521.0,1335.5,2494.0,2907.0,3007.0,3035.5,1951.0,1125.0,781.0,1192.0,1284.0,2012.0,2782.0,3087.0,3305.0,3408.0,2257.5,1441.5,805.5,1205.5,1397.5,2063.5,2678.0,2988.5,3244.5,3310.5,3275.0,2267.0,947.0,1366.0,1858.0,2359.0,2618.0,2871.0,3128.0,3283.0,3036.5,2182.5,904.0,1290.0,1833.5,2255.5,2365.5,2605.0,2688.5,2847.0,1490.0,1138.0,549.0,636.0,761.0,814.0,834.0,887.0,967.0,946.0,3176.0,2442.0,941.0,1315.0,1874.0,2279.0,2324.0,2520.0,2597.0,2816.0,3072.5,2371.0,946.5,1206.5,1613.5,1894.0,2017.0,2145.0,2289.5,2367.5,2822.5,2275.5,773.0,985.5,1290.0,1512.5,1585.0,1703.0,1867.5,1938.0,2774.0,2269.0,787.0,996.0,1260.0,1505.0,1526.0,1654.0,1810.0,1898.0,2377.0,1572.0,652.0,803.0,1084.0,1263.0,1344.0,1496.0,1612.0,1700.0,0.0,0.0,0.0,0.0,0.0,0.0,0.0,0.0,0.0,0.0,2265.0,2079.0,793.0,1031.0,1233.0,1359.0,1347.0,1442.0,1559.0,1518.0,561.0,485.0,294.0,301.0,327.0,354.0,357.0,394.0,351.0,402.0,2474.0,2296.0,909.0,1198.0,1408.0,1529.0,1533.0,1621.0,1735.0,1735.0,2663.0,2489.0,1089.0,1325.0,1530.0,1638.0,1668.0,1749.0,1910.0,1859.0,1981.0,1758.0,578.0,730.0,925.0,1012.0,986.0,1056.0,1142.0,1146.0,1778.0,1628.0,569.0,726.0,876.0,942.0,999.0,1079.0,1140.0,1150.0,1871.5,1708.5,641.5,791.5,943.5,1014.0,1056.5,1123.5,1217.5,1207.5,"{""type"":""MultiPoint"",""coordinates"":[]}"
400_0,3,2390.0,2103.5,1534.0,1505.0,1583.0,1702.0,1747.0,1786.0,1995.5,1900.5,2682.0,2476.0,844.0,1140.0,1504.0,1650.0,1704.0,1797.0,1905.0,1942.0,2397.0,2221.0,605.0,886.0,1241.0,1373.0,1435.0,1535.0,1645.0,1707.0,236.5,211.0,301.0,448.5,421.5,516.0,312.5,386.5,347.0,235.0,217.0,183.0,265.5,414.0,377.5,514.5,434.0,480.0,457.5,370.0,449.0,340.5,303.5,509.5,414.5,703.0,823.0,902.5,885.0,804.0,951.0,777.0,276.0,513.0,326.0,825.0,1471.0,1572.0,1476.0,1455.0,1136.0,633.0,241.0,489.0,295.0,775.0,1707.0,1945.0,2039.0,1936.0,1363.0,676.0,102.0,343.0,102.0,622.0,2601.0,3373.0,3349.0,3364.0,1429.5,665.0,44.5,302.5,44.0,546.0,2860.5,4236.5,4289.5,4318.0,1361.5,619.0,61.0,303.0,46.0,553.5,2916.5,4395.0,4471.0,4557.0,3223.5,2976.5,2076.0,2204.0,2415.5,2624.0,2569.5,2600.0,2673.0,2715.0,1422.0,653.0,81.5,313.5,65.5,618.0,3042.5,4491.0,4612.0,4709.5,1519.0,703.0,196.5,681.5,265.5,1229.5,3545.0,4561.0,4747.5,4834.0,1586.0,779.0,510.0,869.0,634.0,1383.0,3429.0,4230.0,4322.0,4562.0,1726.0,949.0,628.0,1070.0,935.0,1838.0,3133.0,3648.0,3824.0,3922.0,1905.0,1100.0,600.0,1085.0,997.0,1881.0,2783.0,3161.0,3532.0,3495.0,4060.0,2756.0,928.0,1397.0,1686.0,2452.0,2811.0,3161.0,3410.0,3597.0,4573.0,3259.5,1133.5,1579.0,2213.0,2655.5,2953.0,3232.5,3566.0,3735.0,4360.0,3214.0,1028.0,1442.0,2170.0,2526.0,2788.0,3086.0,3434.0,3469.0,4188.0,3064.0,1024.5,1410.0,2078.5,2402.0,2666.5,2957.5,3339.0,3403.5,3733.0,2843.0,921.0,1235.0,1704.0,2005.0,2222.0,2462.0,2652.0,2806.0,2250.5,1974.5,549.5,751.0,1018.0,1185.0,1258.5,1332.0,1492.5,1501.0,3366.0,2707.5,718.5,985.5,1344.5,1589.0,1788.0,1944.0,2096.0,2273.5,2748.0,2360.5,1137.0,1238.5,1423.0,1594.5,1661.0,1798.0,1925.0,1966.5,2676.0,2366.5,733.5,834.0,1036.5,1235.0,1354.0,1517.0,1681.5,1726.0,2775.5,2519.5,690.0,771.0,958.5,1135.0,1277.5,1410.0,1504.5,1582.5,2497.0,1880.0,505.0,640.0,827.0,1065.0,1183.0,1258.0,1450.0,1566.0,0.0,0.0,0.0,0.0,0.0,0.0,0.0,0.0,0.0,0.0,2225.0,1895.0,466.0,704.0,1021.0,1224.0,1294.0,1379.0,1530.0,1572.0,1509.0,1299.5,512.5,567.0,701.0,842.0,935.5,1021.5,1073.0,1089.0,2333.0,1987.5,638.0,873.0,1109.5,1321.0,1496.0,1589.5,1749.0,1768.5,2470.0,2103.0,743.0,925.0,1162.5,1371.0,1612.0,1706.5,1885.0,1892.5,2368.0,2163.0,781.0,955.0,1202.0,1379.0,1452.0,1571.0,1674.0,1721.0,2283.0,2154.0,677.0,888.0,1135.0,1248.0,1306.0,1396.0,1574.0,1527.0,2314.0,2164.5,687.5,917.0,1206.5,1330.5,1402.5,1508.0,1641.5,1632.0,"{""type"":""MultiPoint"",""coordinates"":[]}"
401_0,3,1927.0,1596.0,576.0,736.0,1000.0,1144.0,1197.5,1270.5,1359.5,1379.5,2420.5,2063.0,958.0,1257.0,1529.5,1645.5,1690.0,1777.0,1881.0,1832.5,1374.5,1123.5,582.5,822.0,1032.0,1115.0,1104.0,1173.5,1267.0,1219.5,211.0,191.5,579.5,852.0,921.5,1098.5,780.5,859.0,844.5,669.5,334.0,278.0,716.5,976.5,982.5,1274.0,1248.0,1309.5,1344.0,1222.0,334.0,278.0,488.5,834.0,725.0,1175.0,1104.0,1172.0,1099.0,988.5,978.5,561.5,447.0,765.0,549.5,1067.5,2046.5,2150.0,2066.5,1985.0,1416.0,777.0,343.0,709.0,387.0,1085.5,2687.0,3114.5,3082.5,2900.5,1567.5,808.5,246.0,579.5,388.0,1121.0,3076.5,3828.5,3912.0,3903.5,1799.0,928.0,270.5,587.5,476.5,1130.5,2933.0,3801.0,3955.5,4055.0,1840.5,970.5,250.5,512.5,438.5,991.5,2753.5,3766.5,3966.5,4105.5,2184.0,1820.0,641.0,850.5,1114.0,1279.5,1306.0,1396.0,1437.5,1533.5,1872.5,957.5,259.0,565.5,376.0,1016.0,3094.0,4085.0,4131.5,4398.5,1826.0,930.0,319.0,798.5,442.0,1426.0,3571.5,4411.0,4554.0,4719.5,1850.0,962.0,415.0,886.5,596.5,1539.5,3653.5,4273.0,4346.5,4633.0,2104.5,1160.0,599.5,1091.0,941.0,1985.0,3421.0,3869.0,4081.5,4242.5,2265.5,1347.0,634.0,1140.5,1114.5,2027.5,3128.0,3498.0,3934.5,4007.0,2660.0,1647.0,705.0,1235.0,1465.0,2354.0,3070.0,3382.0,3688.0,3927.0,4247.0,2832.0,1167.0,1652.5,2320.0,2852.5,3163.0,3385.5,3711.0,3955.0,4034.5,2786.0,1073.5,1530.0,2276.0,2750.5,2968.5,3266.5,3570.0,3680.0,3440.5,2567.0,946.5,1376.0,1969.5,2289.0,2574.0,2754.0,2980.0,3090.0,2376.5,1828.5,759.0,1057.0,1450.0,1659.5,1776.5,1915.0,1969.0,2057.5,2027.5,1698.0,518.5,761.5,1028.5,1163.0,1208.0,1322.0,1425.5,1448.5,2425.5,1883.0,790.0,1087.5,1471.5,1685.0,1794.5,1924.5,1987.0,2086.0,2190.5,1740.5,852.0,1075.5,1378.0,1549.5,1626.0,1710.5,1838.5,1882.0,2042.5,1678.0,639.0,796.0,1069.5,1198.0,1282.5,1366.0,1446.0,1498.0,1978.0,1598.0,577.0,791.5,1047.5,1171.5,1240.5,1325.5,1391.5,1470.0,1334.0,1136.0,342.5,467.0,628.5,699.0,772.0,775.0,883.0,841.0,0.0,0.0,0.0,0.0,0.0,0.0,0.0,0.0,0.0,0.0,1740.5,1394.5,478.0,667.0,881.5,999.5,1048.0,1121.0,1224.5,1205.0,1916.5,1599.5,617.5,760.0,929.5,1053.0,1108.0,1183.0,1273.5,1255.5,2324.0,1984.5,751.5,940.5,1165.0,1352.5,1402.0,1460.5,1551.5,1611.5,2366.5,1993.0,724.0,910.5,1185.0,1346.5,1393.5,1451.0,1586.5,1582.0,2215.5,1819.0,763.0,853.5,1079.0,1208.5,1245.0,1342.5,1416.0,1460.0,2185.0,1866.5,728.5,899.5,1172.0,1265.0,1341.5,1397.5,1541.5,1520.0,2215.5,1878.5,764.0,996.0,1249.0,1375.0,1448.0,1516.5,1616.0,1616.0,"{""type"":""MultiPoint"",""coordinates"":[]}"
402_0,3,2060.0,1684.0,644.0,787.0,1051.5,1204.5,1247.5,1313.0,1441.0,1463.5,2249.5,1954.0,910.0,1151.0,1416.0,1531.5,1564.5,1648.0,1723.5,1725.0,2324.0,1997.5,885.0,1125.5,1403.5,1522.0,1532.5,1628.0,1692.5,1692.0,2221.0,1931.5,879.0,1119.0,1384.5,1519.5,1535.5,1622.5,1669.0,1684.5,230.0,174.0,610.0,768.0,831.0,991.0,957.0,1016.0,1032.0,965.0,230.0,174.0,489.0,730.0,743.0,982.0,953.0,1016.0,1032.0,959.0,491.0,404.0,489.0,702.0,592.0,1047.0,1203.0,1320.0,1296.0,1207.0,1080.0,659.0,432.0,702.0,408.0,1038.0,2144.0,2458.0,2393.0,2201.0,1271.0,666.0,306.0,604.0,342.0,1042.0,2802.0,3338.0,3440.0,3367.0,1539.5,851.5,271.5,594.5,408.0,1120.5,2620.5,3129.0,3270.0,3337.5,1642.0,860.0,192.5,459.0,320.0,856.5,2623.0,3434.0,3677.5,3714.5,2263.0,1883.0,699.0,890.0,1141.0,1298.0,1347.0,1393.0,1490.0,1621.0,1722.0,862.0,216.0,474.0,283.0,871.0,3022.0,3841.0,4004.0,4140.0,1699.0,862.0,178.0,647.0,289.0,1144.0,3392.0,4156.0,4311.0,4382.0,1735.0,874.0,360.0,860.0,552.0,1545.0,3589.0,4262.0,4354.0,4458.0,1923.0,1009.0,566.0,1132.0,925.0,2047.0,3447.0,3939.0,4101.0,4197.0,2099.5,1191.5,627.5,1185.5,1121.0,2117.5,3163.5,3580.5,3899.5,3904.5,2409.5,1454.0,693.0,1208.5,1371.5,2188.5,2997.5,3301.5,3536.0,3718.0,2916.5,1798.5,935.0,1384.5,1693.5,2307.0,2916.0,3229.5,3521.0,3635.0,3940.5,2690.5,944.0,1335.5,1866.0,2331.0,2688.5,2976.0,3387.0,3471.5,3559.5,2514.5,868.0,1253.5,1898.0,2228.5,2468.0,2716.5,3131.5,3153.5,2443.0,1861.0,747.0,1000.0,1394.0,1640.0,1692.0,1885.0,1954.0,2041.0,2237.5,1881.0,684.0,850.0,1127.0,1261.5,1323.0,1413.0,1536.5,1536.0,2491.0,1915.0,765.5,1018.0,1421.5,1620.5,1714.0,1879.5,1970.5,2051.5,2421.5,1865.5,858.0,1062.0,1417.0,1591.5,1689.0,1818.5,1944.5,1986.5,2173.0,1753.5,646.0,820.0,1106.0,1260.5,1322.0,1407.5,1537.5,1572.5,2253.5,1813.5,693.0,853.0,1115.5,1278.0,1320.0,1427.0,1544.5,1600.5,1892.0,1353.0,523.0,633.0,883.0,1003.0,1071.0,1127.0,1289.0,1283.0,0.0,0.0,0.0,0.0,0.0,0.0,0.0,0.0,0.0,0.0,1846.0,1531.0,550.0,713.0,920.0,1028.0,1062.0,1155.0,1240.0,1247.0,1977.0,1685.0,668.0,782.0,972.0,1058.0,1095.0,1178.0,1251.0,1253.0,2335.0,2019.0,753.0,925.0,1170.0,1318.0,1322.0,1408.0,1510.0,1562.0,2382.5,2025.5,842.5,952.5,1199.0,1341.0,1322.5,1417.5,1529.5,1563.5,2289.5,1897.0,801.0,882.5,1116.0,1236.5,1227.5,1308.5,1421.5,1456.5,2130.0,1819.0,716.0,871.0,1089.0,1204.0,1266.0,1329.0,1450.0,1494.0,2064.0,1796.0,716.0,871.0,1089.0,1204.0,1252.0,1323.0,1450.0,1456.0,"{""type"":""MultiPoint"",""coordinates"":[]}"
403_0,3,4115.0,3688.5,2039.0,2193.5,2471.0,2728.5,2843.5,3009.0,3012.5,3250.0,2742.5,2523.0,897.0,1164.5,1519.0,1687.0,1771.5,1912.5,2031.5,2073.5,2900.0,2721.0,940.0,1181.0,1537.0,1721.0,1831.0,1948.0,2084.0,2102.0,687.0,602.5,402.0,534.0,608.0,761.5,733.5,836.0,819.5,798.0,607.0,511.0,736.0,865.0,843.0,1060.0,1079.0,1183.0,1152.0,950.0,531.0,346.0,382.0,597.0,524.0,817.0,919.0,1040.0,996.0,870.0,853.0,576.0,252.0,503.0,320.0,742.0,1412.0,1519.0,1539.0,1480.0,1654.0,896.0,190.0,580.0,203.0,920.0,2691.0,3196.0,3225.0,3071.0,1602.0,852.0,140.0,450.0,133.0,832.0,2691.0,3521.0,3525.0,3534.0,1486.5,732.5,66.5,347.0,87.5,674.5,2857.0,4003.0,4001.5,4033.5,1440.5,703.0,46.0,333.0,89.5,662.0,2922.5,4173.5,4278.5,4346.5,3844.5,3196.5,1541.5,1719.0,2008.0,2298.0,2325.5,2476.5,2604.5,2717.5,1507.5,751.0,57.0,329.5,87.5,685.5,3028.0,4273.0,4337.0,4461.0,1591.0,799.0,171.0,638.5,252.0,1242.0,3459.0,4426.5,4553.5,4688.0,1693.0,843.0,581.0,949.0,713.0,1509.0,3441.0,4189.0,4254.0,4449.0,1790.0,1020.0,718.0,1129.0,990.0,1905.0,3166.0,3660.0,3820.0,3877.0,1936.0,1111.0,669.0,1188.0,1073.0,1945.0,2976.0,3293.0,3609.0,3648.0,4225.0,2866.0,1084.0,1600.0,2045.0,2779.0,3182.0,3437.0,3760.0,3853.0,4550.5,3256.5,1239.5,1722.5,2377.5,2800.0,3163.5,3456.5,3819.0,3976.0,4412.0,3226.5,1181.5,1628.5,2287.0,2606.0,2957.5,3166.5,3592.5,3642.5,4013.5,2837.5,1061.5,1476.0,2140.0,2482.0,2796.0,3018.5,3424.5,3473.5,3703.0,2725.0,954.0,1262.0,1695.0,2021.0,2309.0,2545.0,2677.0,2841.0,3520.0,2940.5,825.5,1042.0,1391.0,1626.0,1712.0,1873.5,2093.0,2169.0,3335.5,2585.0,730.0,995.5,1275.5,1576.0,1850.0,2059.0,2185.5,2315.0,4036.5,3540.5,2358.5,2480.5,2646.5,2890.0,3047.5,3180.5,3335.0,3332.5,3592.5,3205.0,2040.5,2127.0,2226.0,2422.5,2690.0,2786.0,2981.5,2894.5,2698.5,2323.0,643.0,767.5,913.0,1145.0,1362.0,1505.5,1613.0,1676.5,2347.0,1947.0,467.0,623.0,781.0,1011.0,1246.0,1396.0,1506.0,1571.0,0.0,0.0,0.0,0.0,0.0,0.0,0.0,0.0,0.0,0.0,3425.0,2726.0,837.0,1156.0,1561.0,1853.0,1987.0,2153.0,2336.0,2431.0,3516.0,3002.0,924.0,1208.0,1561.0,1869.0,2036.0,2153.0,2336.0,2472.0,3516.0,3002.0,930.0,1225.0,1559.0,1917.0,2185.0,2304.0,2533.0,2667.0,3792.5,3071.0,1028.0,1295.5,1556.5,1949.0,2321.5,2517.0,2744.0,2775.0,2910.5,2369.5,791.0,1013.5,1256.0,1533.5,1807.5,1934.5,2114.0,2148.5,2395.0,2163.0,685.0,894.5,1184.5,1348.5,1422.0,1538.0,1654.5,1698.5,2302.0,2132.0,677.0,854.0,1151.0,1279.0,1324.0,1459.0,1586.0,1612.0,"{""type"":""MultiPoint"",""coordinates"":[]}"
404_0,3,1961.5,1646.5,554.5,698.0,963.5,1086.0,1145.5,1222.0,1322.5,1371.0,2448.0,2116.0,971.0,1268.5,1557.0,1686.0,1726.5,1784.5,1894.5,1896.0,2459.0,2133.0,858.0,1135.0,1436.5,1596.0,1601.0,1684.0,1768.0,1782.0,407.5,396.0,708.5,999.5,1005.0,1269.5,1076.0,1163.0,1059.0,973.0,183.0,134.0,578.5,818.5,899.5,1124.0,962.0,1040.0,994.5,966.0,310.5,258.0,536.5,859.0,858.5,1151.0,1111.5,1230.0,1171.5,1070.5,636.0,469.0,400.5,732.0,534.0,1089.5,1492.5,1654.0,1602.5,1466.5,1377.5,761.0,351.0,713.0,433.0,1074.0,2712.5,3062.5,3114.5,3030.0,1681.5,822.5,264.0,613.0,315.5,1043.0,3082.5,3928.5,3924.0,4022.5,1683.0,837.5,220.5,583.0,335.0,1026.0,3019.5,3869.5,3910.0,4099.0,1646.5,820.0,187.5,427.0,268.5,786.5,2808.0,3843.5,4010.5,4238.5,2211.0,1912.5,610.5,812.5,1076.5,1237.5,1285.0,1381.0,1441.0,1517.0,1697.5,829.0,213.5,465.5,273.5,839.5,2967.0,4053.5,4168.0,4395.5,1649.0,805.0,269.0,763.0,389.5,1365.0,3476.5,4332.0,4436.5,4580.0,1707.0,854.0,381.5,846.5,600.0,1512.0,3421.0,4099.5,4124.0,4370.5,1880.5,1034.0,588.5,1041.5,970.5,1930.5,3168.5,3620.0,3830.0,3969.5,2158.5,1278.0,638.0,1113.5,1229.0,2031.5,2928.0,3294.0,3623.5,3712.0,2543.0,1556.0,714.0,1169.0,1477.0,2196.0,2855.0,3197.0,3436.0,3638.0,4064.5,2765.5,1075.5,1514.5,2207.0,2628.5,2870.0,3165.5,3503.5,3604.5,3961.5,2741.0,963.0,1380.0,2095.5,2473.0,2730.5,3078.0,3368.5,3579.0,3522.5,2640.5,963.0,1395.5,2025.0,2365.0,2581.5,2805.5,3170.0,3185.5,2121.0,1577.5,659.0,931.5,1317.5,1543.0,1578.0,1729.5,1794.5,1872.5,2106.0,1795.0,511.0,745.5,1020.5,1157.0,1199.5,1301.5,1405.0,1438.0,2437.0,1868.5,776.5,1044.0,1439.0,1693.5,1735.5,1881.0,1987.5,2058.5,2384.5,1837.5,862.0,1092.5,1429.5,1629.5,1722.5,1825.5,1944.5,1992.0,2050.5,1687.5,646.5,793.0,1059.0,1215.0,1264.0,1370.5,1446.0,1522.5,1797.0,1526.5,540.0,749.5,1017.5,1141.5,1214.0,1289.0,1343.5,1425.0,1407.5,1214.0,375.5,489.0,712.5,781.5,815.5,879.0,970.0,951.5,0.0,0.0,0.0,0.0,0.0,0.0,0.0,0.0,0.0,0.0,1564.5,1217.0,438.5,604.5,804.5,929.5,979.5,1067.0,1184.0,1151.5,1941.5,1574.0,629.5,769.0,957.5,1082.5,1152.5,1196.0,1312.0,1330.0,2506.0,2095.5,835.5,1067.5,1311.5,1478.0,1527.0,1615.0,1718.0,1745.5,2474.0,2084.5,813.0,1024.0,1298.0,1453.5,1472.5,1545.0,1705.0,1691.0,2313.5,1923.5,832.0,940.5,1189.0,1315.5,1332.5,1399.0,1551.5,1540.0,2233.5,1956.0,723.5,938.0,1215.0,1309.5,1400.5,1475.5,1581.0,1556.0,2237.5,1930.0,770.0,998.5,1269.0,1374.5,1442.5,1530.0,1625.5,1598.0,"{""type"":""MultiPoint"",""coordinates"":[]}"
405_0,3,1804.5,1533.5,564.0,709.5,922.0,1047.0,1071.5,1137.0,1222.5,1234.5,2422.5,2071.5,1006.0,1306.5,1562.5,1692.5,1733.0,1789.5,1902.5,1873.0,2256.0,1903.0,805.5,1081.0,1348.0,1465.0,1477.0,1538.5,1659.5,1662.5,163.5,153.0,507.0,794.5,830.0,957.0,687.5,746.0,742.5,625.0,129.0,104.5,577.0,832.0,888.5,1036.5,838.5,945.5,883.0,820.5,250.0,183.0,525.5,841.0,852.5,1117.0,956.5,1057.0,1028.5,877.5,493.0,378.5,386.0,720.5,568.5,1018.0,1106.0,1234.0,1224.0,1033.0,1002.0,627.5,394.5,694.0,483.5,1018.0,1858.5,2061.5,2130.0,1992.0,1550.0,765.5,285.0,603.5,301.5,972.0,2867.5,3558.0,3600.5,3589.5,1603.5,807.5,232.0,598.0,305.0,981.0,2954.5,3808.0,3776.0,3892.0,1569.5,791.0,191.0,466.0,245.0,823.5,2872.5,3919.0,4055.0,4085.5,2046.0,1765.0,597.0,796.0,1043.0,1162.0,1179.5,1276.0,1343.5,1382.0,1685.5,819.0,217.5,525.0,277.0,933.5,3216.0,4396.0,4494.0,4632.0,1678.5,830.0,307.0,853.0,456.5,1538.0,3617.5,4575.0,4694.5,4810.0,1741.5,867.5,457.0,969.5,712.5,1708.5,3508.5,4108.0,4163.0,4397.5,1958.5,1087.0,638.0,1141.0,1112.5,2050.5,3163.5,3573.0,3782.5,3917.5,2288.0,1383.5,731.5,1208.0,1390.0,2198.0,2952.0,3285.0,3625.0,3724.5,2587.0,1639.0,768.0,1265.0,1577.0,2300.0,2909.0,3210.0,3443.0,3619.0,4027.5,2749.0,1088.5,1531.0,2157.0,2606.0,2876.5,3122.5,3403.5,3558.5,4125.0,2766.0,1043.5,1500.5,2275.5,2841.0,3084.0,3375.0,3638.5,3852.5,3536.5,2642.5,940.5,1413.0,2053.5,2367.0,2623.0,2836.5,3215.0,3172.0,2067.5,1574.5,638.5,920.5,1273.5,1514.5,1538.5,1655.5,1681.5,1766.0,1918.5,1657.5,523.0,696.5,944.0,1054.5,1079.0,1193.0,1294.0,1311.5,2356.5,1851.0,747.5,1026.0,1390.0,1644.0,1662.0,1809.5,1800.0,1919.0,2284.0,1815.0,865.0,1062.5,1388.0,1589.0,1643.5,1742.0,1826.5,1889.0,1984.5,1634.5,624.0,771.5,1014.0,1172.5,1217.0,1303.0,1368.5,1427.5,1585.5,1360.0,480.0,667.0,898.5,1013.0,1031.5,1109.0,1183.0,1204.0,1337.5,1147.5,343.0,477.0,642.5,723.0,761.5,817.0,875.0,886.0,0.0,0.0,0.0,0.0,0.0,0.0,0.0,0.0,0.0,0.0,1548.0,1239.0,419.0,568.5,758.0,864.0,905.0,941.5,1058.0,1085.5,1808.0,1556.5,592.0,709.5,861.0,990.0,1020.0,1096.0,1165.0,1170.0,2032.5,1742.5,670.0,856.0,1055.5,1154.5,1199.0,1274.0,1388.0,1367.5,2075.0,1765.0,668.5,804.0,1018.0,1112.5,1109.5,1209.5,1282.0,1307.0,2168.0,1867.5,771.0,904.5,1104.0,1208.0,1233.5,1326.0,1412.5,1429.0,2145.0,1832.0,703.5,912.5,1154.0,1287.5,1302.5,1385.5,1500.5,1501.0,2206.0,1902.0,809.5,1048.5,1310.0,1415.5,1452.5,1519.5,1625.0,1621.0,"{""type"":""MultiPoint"",""coordinates"":[]}"
406_0,3,3122.5,2433.5,895.5,1024.5,1334.5,1542.5,1653.5,1786.5,1964.0,2041.0,2103.0,1939.0,631.0,883.0,1154.0,1283.0,1308.0,1419.0,1513.0,1549.0,2182.0,2059.0,724.0,929.0,1213.0,1373.0,1396.0,1481.0,1537.0,1578.0,1761.5,1655.5,624.0,836.0,1104.5,1210.5,1243.5,1245.0,1345.5,1366.5,492.0,468.0,794.0,868.0,894.0,1051.0,884.0,898.0,880.0,787.0,492.0,424.0,454.0,713.0,626.0,889.0,884.0,898.0,905.0,829.0,711.0,535.0,347.0,576.0,469.0,862.0,1170.0,1251.0,1194.0,1168.0,1415.0,791.0,273.0,576.0,386.0,862.0,2115.0,2343.0,2455.0,2495.0,1160.0,621.0,151.0,385.0,220.0,656.0,2009.0,2707.0,2746.0,2672.0,1261.0,628.5,77.5,301.5,91.0,566.0,2372.0,3272.5,3276.5,3272.5,1266.5,586.5,26.0,209.0,34.5,435.0,2475.5,3624.0,3718.0,3689.5,3450.0,2959.5,1902.0,2017.0,2163.5,2292.5,2412.5,2455.0,2751.5,2625.0,1268.5,584.5,30.0,201.0,22.0,430.5,2524.0,4085.5,4135.0,4237.0,1121.0,525.0,54.5,286.0,38.5,551.0,2672.0,4041.0,4198.0,4282.5,1213.0,566.0,459.0,737.0,502.0,1088.0,3023.0,4061.0,4208.0,4303.0,1268.0,660.0,598.0,962.0,736.0,1519.0,3115.0,3744.0,3882.0,3949.0,1296.0,705.0,503.0,923.0,740.0,1597.0,2846.0,3285.0,3510.0,3527.0,1579.0,923.0,457.0,954.0,1003.0,1852.0,2742.0,3085.0,3287.0,3404.0,4154.0,2926.0,1148.5,1627.0,2345.0,2761.5,3149.5,3481.0,3762.0,3898.0,4190.0,3034.5,1172.0,1624.0,2392.0,2752.5,2979.0,3220.0,3560.5,3638.0,3610.0,2814.0,1005.0,1424.0,2093.0,2354.0,2560.0,2773.0,3066.0,3083.0,4021.5,2963.5,1086.0,1481.0,2108.5,2503.0,2646.5,2847.5,3053.5,3257.5,3333.0,2654.0,699.0,942.0,1329.0,1491.0,1565.0,1689.0,1895.0,1987.0,3575.5,2808.5,864.5,1135.5,1556.5,1822.0,1970.5,2144.5,2269.5,2435.0,4845.0,4218.0,2610.5,2799.5,3123.5,3408.0,3530.0,3644.0,3812.5,3876.5,3243.0,2725.0,814.5,960.0,1214.0,1440.5,1539.0,1684.5,1807.0,1893.0,3095.0,2605.0,793.0,929.5,1155.0,1377.5,1484.0,1622.5,1732.5,1814.5,2172.5,1641.0,451.5,633.5,855.0,1060.5,1196.5,1276.5,1451.5,1505.5,0.0,0.0,0.0,0.0,0.0,0.0,0.0,0.0,0.0,0.0,3771.0,3023.0,909.0,1235.0,1716.0,1967.0,2028.0,2158.0,2346.0,2450.0,4027.0,3358.0,1244.0,1434.0,1716.0,2010.0,2047.0,2178.0,2346.0,2450.0,3615.0,2945.0,1010.0,1300.0,1634.0,1833.0,1913.0,2082.0,2317.0,2340.0,2762.5,2357.0,801.0,967.0,1297.5,1478.5,1491.5,1610.5,1754.5,1777.5,1832.0,1598.0,526.0,672.0,942.0,1085.0,1024.0,1108.0,1178.0,1196.0,1844.5,1709.5,516.0,691.5,954.0,1043.0,1079.5,1134.0,1240.5,1250.5,1913.0,1764.0,563.5,755.0,1020.0,1120.0,1163.0,1225.0,1332.5,1339.0,"{""type"":""MultiPoint"",""coordinates"":[]}"
407_0,3,1725.0,1425.5,586.0,714.0,914.5,1030.5,1067.5,1129.5,1189.5,1242.5,2143.5,1801.0,795.5,991.0,1208.5,1329.5,1372.5,1462.0,1521.5,1549.5,2271.5,1951.0,862.0,1114.0,1342.5,1471.0,1483.0,1559.5,1606.5,1657.0,2595.5,2236.0,1189.5,1494.5,1764.5,1895.5,1891.0,1945.0,2002.5,2034.0,2226.0,1929.0,1179.0,1481.0,1725.0,1910.0,1642.0,1651.0,1689.0,1697.0,319.0,309.0,1075.0,1415.0,1389.0,1521.0,1094.0,1122.0,1037.0,833.0,422.0,325.0,723.0,1043.0,1071.0,1394.0,1298.0,1374.0,1324.0,1191.0,422.0,325.0,580.0,971.0,945.0,1378.0,1233.0,1337.0,1207.0,1117.0,508.0,411.0,438.0,736.0,637.0,991.0,1086.0,1210.0,1164.0,1005.0,1242.5,698.5,236.0,561.5,299.5,893.0,2286.5,2662.5,2853.0,2611.5,1558.5,790.0,125.5,372.5,123.5,647.5,2781.0,3922.5,4064.0,3888.0,1883.0,1584.0,663.0,824.0,1008.0,1122.0,1176.0,1219.0,1310.0,1334.0,1513.0,737.0,155.0,387.0,131.0,627.0,2973.0,4269.0,4312.0,4185.0,1479.0,720.0,59.0,376.0,95.0,740.0,3229.0,4524.0,4702.0,4611.0,1553.0,751.0,200.0,573.0,275.0,1016.0,3412.0,4669.0,4815.0,4913.0,1624.0,784.0,452.0,966.0,598.0,1728.0,3648.0,4417.0,4634.0,4632.0,1657.5,902.0,511.5,1077.0,768.5,1874.0,3475.5,3987.5,4342.5,4274.5,1972.0,1166.0,564.0,1198.0,1151.5,2183.0,3297.5,3659.5,3985.5,4038.0,2419.0,1466.0,963.5,1531.0,1675.0,2523.0,3278.5,3580.0,3923.0,3966.5,2762.0,1793.0,993.0,1564.5,1984.0,2718.5,3239.0,3523.5,3922.5,3901.0,3700.0,2573.0,1179.5,1663.5,2307.0,2857.0,3182.0,3507.0,3845.0,3889.0,3383.0,2487.0,1056.0,1565.0,2317.0,2681.0,2847.0,3153.0,3411.0,3503.0,1762.0,1474.0,489.0,685.0,890.0,1012.0,1044.0,1101.0,1187.0,1258.0,3541.0,2588.0,987.0,1374.0,1925.0,2326.0,2399.0,2653.0,2896.0,3002.0,3264.0,2426.5,1026.5,1337.0,1833.5,2155.0,2256.5,2428.0,2666.0,2727.5,2974.5,2412.0,815.0,1006.0,1333.5,1579.0,1656.0,1788.0,1915.0,2015.0,2989.0,2510.0,872.0,1012.0,1341.0,1589.0,1662.0,1808.0,1862.0,1985.0,1698.0,1373.0,513.0,652.0,908.0,1027.0,1028.0,1129.0,1242.0,1241.0,864.0,643.0,733.0,751.0,760.0,764.0,771.5,769.0,1008.0,803.0,1305.0,984.0,413.0,577.0,713.0,821.0,846.0,889.0,970.0,981.0,365.0,283.0,185.0,163.0,172.0,205.0,198.0,226.0,218.0,252.0,2081.0,1772.0,762.0,976.0,1173.0,1282.0,1323.0,1381.0,1451.0,1499.0,2147.0,1833.0,951.0,1119.0,1266.0,1387.0,1424.0,1483.0,1617.0,1576.0,1809.0,1548.0,565.0,704.0,874.0,994.0,966.0,1037.0,1076.0,1131.0,2106.5,1789.5,811.5,982.0,1161.0,1238.5,1291.0,1351.5,1410.5,1412.5,2107.5,1786.5,823.0,1005.5,1178.0,1290.0,1333.5,1402.5,1480.0,1475.0,"{""type"":""MultiPoint"",""coordinates"":[]}"
408_0,3,1942.0,1611.5,563.0,746.5,985.0,1099.0,1132.5,1212.5,1334.5,1350.0,2551.0,2192.5,935.5,1254.0,1561.0,1693.0,1734.0,1811.0,1948.0,1937.0,2536.0,2165.5,899.0,1172.0,1493.0,1618.5,1653.5,1705.0,1845.5,1850.0,2467.5,2149.5,886.0,1145.0,1446.5,1566.0,1583.5,1648.5,1763.5,1797.0,259.0,221.5,434.0,660.5,693.5,827.0,679.5,750.0,725.5,656.0,294.5,240.5,631.0,825.5,913.0,1083.5,1007.5,1049.0,1020.5,980.0,622.5,482.0,417.0,776.5,559.0,1066.0,1195.5,1275.5,1248.5,1125.5,1464.0,923.0,352.5,779.0,398.0,1143.0,2637.5,2989.0,2828.0,2733.0,1684.0,892.0,258.0,672.0,365.0,1161.0,3209.5,3794.5,3881.0,3909.5,1875.5,1021.5,308.5,720.5,456.0,1294.0,3176.5,3854.0,3969.5,4105.5,1778.5,944.0,269.0,654.0,408.5,1247.5,3153.0,3867.0,4034.5,4169.5,2197.5,1886.0,629.0,840.5,1090.0,1238.0,1266.5,1364.5,1440.5,1463.0,1673.0,877.5,221.5,592.0,338.0,1107.5,3084.5,3827.0,3893.5,4105.0,1484.0,767.5,205.5,559.5,309.0,1040.0,3085.0,3870.5,3909.0,4086.5,1513.5,767.5,261.0,636.0,296.0,1144.0,3366.0,4018.0,4134.0,4318.0,1847.0,954.0,470.5,1040.0,539.0,1693.5,3690.0,4319.0,4442.5,4519.5,1851.5,1014.5,464.5,1109.5,654.5,1794.0,3441.0,3911.5,4209.5,4197.5,1945.0,1103.0,546.0,1232.0,1023.0,2252.0,3354.0,3644.0,3949.0,3953.0,2278.0,1322.5,839.5,1580.5,1502.5,2635.0,3466.5,3744.0,4097.5,4171.5,2576.0,1579.0,833.0,1585.5,1640.0,2710.0,3354.0,3652.0,4103.0,4149.5,4032.0,2758.0,1295.0,1846.5,2614.5,3082.0,3334.5,3632.5,4120.0,4160.0,2681.0,2027.5,943.0,1260.0,1742.0,2035.0,2139.5,2276.5,2360.0,2457.0,2058.5,1748.0,519.5,718.5,990.0,1102.0,1151.0,1218.5,1348.0,1380.5,2651.0,2077.5,884.5,1186.0,1596.5,1818.0,1891.0,2023.5,2139.0,2233.0,2684.0,2115.0,1023.0,1283.0,1671.0,1837.5,1888.5,2018.0,2190.5,2233.0,2344.5,1896.5,704.5,905.0,1203.0,1369.0,1400.5,1536.0,1672.0,1649.5,2488.0,2079.5,770.5,963.5,1253.0,1460.5,1456.0,1615.0,1696.0,1730.0,2128.5,1511.0,576.0,745.5,1027.5,1144.0,1229.0,1331.5,1466.0,1442.0,0.0,0.0,0.0,0.0,0.0,0.0,0.0,0.0,0.0,0.0,1991.5,1743.0,531.0,730.0,941.5,1044.0,1093.5,1156.0,1253.5,1282.5,1936.5,1713.0,592.5,695.5,870.5,961.0,990.0,1074.0,1143.5,1163.0,2326.0,2046.5,649.5,848.5,1091.0,1197.5,1249.5,1331.5,1440.0,1483.5,2420.0,2115.5,683.5,865.0,1141.5,1242.5,1271.5,1346.5,1481.5,1486.5,2150.5,1860.0,648.0,790.0,1007.5,1099.0,1149.0,1236.5,1330.0,1343.0,1955.5,1700.0,569.0,752.5,970.0,1049.0,1100.0,1201.5,1312.0,1285.0,2314.0,1979.5,787.5,1082.0,1363.5,1482.0,1500.5,1598.0,1725.5,1682.0,"{""type"":""MultiPoint"",""coordinates"":[]}"
409_0,3,1665.5,1356.0,567.5,721.5,931.0,1007.5,1067.0,1117.5,1249.0,1259.5,2056.0,1753.5,782.0,991.0,1191.0,1289.5,1343.0,1408.5,1515.0,1485.0,2213.5,1895.5,823.5,1081.0,1334.0,1429.5,1452.0,1514.0,1600.5,1611.0,2570.5,2212.5,1159.0,1503.0,1782.5,1902.0,1878.0,1947.0,2014.0,1992.5,2165.0,1897.0,1054.0,1298.0,1440.0,1532.0,1534.0,1599.0,1675.0,1667.0,342.0,308.0,1054.0,1298.0,1318.0,1411.0,1128.0,1173.0,1196.0,1053.0,387.0,276.0,756.0,1041.0,1090.0,1414.0,1157.0,1330.0,1196.0,1387.0,424.0,332.0,703.0,1041.0,1090.0,1414.0,1373.0,1440.0,1404.0,1315.0,415.0,358.0,469.0,838.0,750.0,1132.0,1070.0,1214.0,1128.0,977.0,1188.0,647.0,259.5,589.5,386.5,930.5,2087.5,2497.0,2385.5,2374.0,1583.0,791.5,195.5,468.5,189.5,775.0,2859.0,3994.5,3950.0,3879.5,1836.0,1524.0,679.0,851.0,1061.0,1148.0,1161.0,1250.0,1347.0,1343.0,1506.0,732.0,167.0,437.0,142.0,720.0,3072.0,4215.0,4196.0,4347.0,1453.0,705.0,74.0,375.0,95.0,771.0,3184.0,4388.0,4416.0,4493.0,1497.0,727.0,151.0,499.0,226.0,948.0,3328.0,4554.0,4641.0,4699.0,1588.0,776.0,420.0,937.0,563.0,1631.0,3585.0,4261.0,4444.0,4463.0,1591.0,860.5,470.5,1046.5,701.0,1806.0,3361.0,3846.5,4185.5,4148.0,1909.5,1111.0,535.0,1128.0,1071.0,2134.0,3188.5,3557.5,3829.0,3926.5,2380.5,1414.5,901.0,1502.5,1670.5,2450.0,3206.5,3517.0,3823.0,3899.0,2706.0,1769.0,1004.5,1578.5,1953.0,2770.5,3310.5,3590.0,3911.0,3997.5,3675.0,2531.5,1235.0,1733.0,2394.5,3044.0,3369.5,3638.5,4098.5,4127.0,3841.0,2668.0,1196.0,1687.0,2541.0,2902.0,3050.0,3349.0,3688.0,3778.0,1722.0,1465.0,496.0,699.0,921.0,989.0,1063.0,1089.0,1239.0,1230.0,3826.0,2668.0,1182.0,1617.0,2330.0,2662.0,2894.0,3016.0,3282.0,3441.0,3464.5,2514.0,1091.0,1421.5,1981.0,2275.0,2400.0,2595.5,2893.0,2932.0,3080.5,2420.0,823.5,1072.5,1456.5,1660.0,1750.5,1901.5,2134.0,2123.0,3217.0,2627.0,897.0,1088.0,1468.0,1674.0,1745.0,1897.0,2103.0,2116.0,1649.0,1366.0,467.0,625.0,866.0,957.0,998.0,1087.0,1190.0,1158.0,839.0,671.5,738.0,740.5,720.5,733.5,759.0,804.0,1013.5,858.0,1354.0,1049.0,429.0,594.0,745.0,816.0,841.0,893.0,991.0,1013.0,335.0,279.0,158.0,159.0,159.0,173.0,188.0,211.0,205.0,225.0,2042.0,1737.0,723.0,924.0,1103.0,1213.0,1258.0,1305.0,1394.0,1398.0,2066.0,1786.0,932.0,1055.0,1199.0,1291.0,1332.0,1401.0,1588.0,1491.0,1773.0,1485.0,567.0,694.0,866.0,947.0,909.0,987.0,1057.0,1066.0,2034.0,1753.0,820.0,969.0,1143.5,1204.0,1227.5,1299.0,1401.5,1382.5,2047.5,1748.5,818.0,991.0,1157.5,1235.0,1295.5,1352.5,1461.0,1439.0,"{""type"":""MultiPoint"",""coordinates"":[]}"
410_0,3,1749.0,1466.0,559.5,660.0,882.5,1010.5,1051.0,1119.0,1201.5,1238.0,1908.0,1661.5,687.0,857.0,1071.0,1176.0,1206.0,1296.0,1352.5,1378.5,2083.0,1821.0,835.5,1052.5,1273.5,1371.5,1366.0,1432.5,1476.0,1515.5,2349.0,2076.5,994.0,1222.0,1475.0,1621.5,1610.0,1710.5,1757.5,1762.0,1280.0,1168.0,830.0,1035.0,1254.0,1359.0,1385.0,1426.0,1507.0,1490.0,396.0,348.0,792.0,1035.0,964.0,1216.0,975.0,969.0,951.0,805.0,366.0,303.0,603.0,848.0,804.0,1068.0,1011.0,1144.0,1084.0,941.0,452.0,326.0,562.0,808.0,776.0,1068.0,1133.0,1180.0,1197.0,1120.0,565.0,448.0,424.0,716.0,582.0,947.0,1232.0,1241.0,1383.0,1236.0,1110.0,649.5,272.0,531.0,334.5,849.5,2019.5,2664.0,2778.5,2527.5,1404.5,730.5,163.5,412.5,190.0,714.5,2692.0,3667.5,3876.0,3704.0,1960.0,1649.0,625.0,767.0,989.0,1124.0,1170.0,1216.0,1302.0,1398.0,1590.0,776.0,194.0,421.0,197.0,695.0,3039.0,4195.0,4357.0,4404.0,1590.0,762.0,117.0,422.0,217.0,785.0,3157.0,4376.0,4536.0,4579.0,1608.0,773.0,190.0,513.0,327.0,980.0,3230.0,4524.0,4720.0,4814.0,1685.0,804.0,426.0,825.0,596.0,1521.0,3263.0,4051.0,4245.0,4333.0,1731.5,931.0,444.5,870.5,695.0,1594.5,3098.5,3643.5,3953.0,3968.5,1964.0,1175.5,487.0,919.5,995.0,1827.0,2797.0,3257.0,3477.0,3602.5,2645.5,1630.5,778.5,1239.5,1550.5,2242.0,2863.0,3157.5,3530.5,3636.0,3064.0,2006.5,902.5,1389.5,1872.0,2554.0,2955.0,3244.0,3637.0,3736.0,4177.0,2876.0,1126.0,1532.0,2191.0,2659.0,2944.0,3279.0,3628.0,3745.0,4010.0,2741.0,980.0,1388.5,2145.5,2631.5,2865.0,3074.0,3158.0,3629.0,1918.0,1638.0,593.5,745.5,967.5,1093.5,1106.5,1184.0,1289.0,1330.0,3473.0,2492.0,831.0,1147.5,1673.0,2022.5,2245.5,2371.5,2543.0,2799.0,3420.5,2491.0,900.0,1181.0,1660.5,1980.0,2140.0,2372.5,2464.5,2692.5,3146.5,2458.5,698.0,912.0,1285.5,1525.5,1619.5,1729.0,1925.0,2091.0,3197.0,2502.5,778.0,936.5,1293.5,1497.0,1624.5,1706.5,1892.0,2016.0,1629.0,1291.0,427.0,544.0,786.0,894.0,921.0,996.0,1103.0,1131.0,0.0,0.0,0.0,0.0,0.0,0.0,0.0,0.0,0.0,0.0,1507.0,1238.0,482.0,660.0,803.0,890.0,913.0,954.0,1056.0,1065.0,1693.0,1483.0,611.0,702.0,847.0,936.0,929.0,1012.0,1072.0,1119.0,2164.0,1872.0,771.0,947.0,1152.0,1292.0,1270.0,1369.0,1435.0,1480.0,2073.5,1783.5,776.5,908.0,1108.0,1202.0,1214.0,1269.5,1352.5,1396.0,1701.0,1448.0,542.0,637.5,812.0,899.0,883.5,929.0,1006.5,1030.0,2071.0,1817.0,760.0,882.5,1055.0,1171.0,1258.0,1321.5,1394.5,1437.5,2066.5,1774.5,784.5,925.5,1107.0,1206.5,1285.0,1371.5,1455.5,1454.5,"{""type"":""MultiPoint"",""coordinates"":[]}"
411_0,3,1797.5,1506.5,608.5,747.0,961.0,1082.5,1108.0,1186.0,1274.5,1319.0,2213.0,1869.0,830.0,1044.5,1276.5,1394.0,1454.5,1525.5,1631.5,1609.5,2379.5,2015.5,964.0,1252.0,1520.0,1644.0,1654.0,1755.0,1818.5,1848.0,2672.0,2276.5,1212.0,1553.0,1862.0,2009.0,2009.5,2066.5,2144.0,2152.5,2275.0,1970.0,1130.0,1398.0,1531.0,1682.0,1659.0,1705.0,1790.0,1777.0,493.0,466.0,1130.0,1398.0,1402.0,1602.0,1306.0,1312.0,1294.0,1098.0,371.0,281.0,675.0,961.0,1008.0,1212.0,870.0,983.0,914.0,982.0,371.0,281.0,567.0,946.0,931.0,1313.0,1197.0,1306.0,1160.0,1059.0,513.0,401.0,408.0,708.0,642.0,976.0,956.0,1074.0,989.0,864.0,1155.5,646.0,237.5,541.0,322.0,894.5,1959.0,2461.5,2416.5,2362.5,1464.5,697.5,112.5,354.5,102.5,659.0,2642.0,3851.5,3846.5,3658.0,1976.0,1717.0,682.0,832.0,1026.0,1156.0,1169.0,1265.0,1355.0,1368.0,1420.0,689.0,140.0,375.0,111.0,613.0,2990.0,4115.0,4358.0,4166.0,1400.0,660.0,53.0,362.0,73.0,754.0,3353.0,4463.0,4661.0,4564.0,1477.0,699.0,188.0,566.0,254.0,1091.0,3495.0,4797.0,4816.0,4893.0,1526.0,726.0,446.0,991.0,599.0,1758.0,3637.0,4356.0,4524.0,4476.0,1589.0,867.5,499.0,1080.5,770.0,1945.0,3344.0,3819.5,4213.5,4063.5,2017.0,1193.5,582.5,1173.0,1151.5,2185.5,3160.0,3589.0,3866.0,3878.0,2432.0,1465.0,1027.5,1550.5,1687.5,2520.5,3271.0,3564.5,3944.5,3978.0,2750.0,1771.5,1097.0,1643.5,1983.5,2870.0,3394.5,3655.5,4016.0,4064.5,3774.5,2614.0,1150.5,1677.5,2353.5,2937.5,3185.5,3455.5,3798.0,3925.5,2995.0,2010.0,1105.0,1610.0,2407.0,2699.0,2852.0,3168.0,3438.0,3404.0,1858.0,1604.0,529.0,706.0,936.0,1060.0,1080.0,1152.0,1278.0,1298.0,3718.0,2727.0,1091.0,1507.0,2111.0,2410.0,2590.0,2701.0,3042.0,3040.0,3482.5,2597.0,1120.5,1472.5,2019.5,2321.0,2439.0,2632.5,2906.5,2880.5,3108.0,2500.5,872.5,1118.5,1487.5,1675.0,1745.0,1883.5,2110.0,2094.5,3188.0,2634.0,929.0,1118.0,1478.0,1650.0,1726.0,1865.0,2066.0,2072.0,1536.0,1288.0,451.0,561.0,801.0,906.0,930.0,996.0,1080.0,1105.0,1137.0,1012.0,710.0,684.0,814.0,951.0,1111.0,1175.0,877.0,1229.0,1376.0,1063.0,439.0,592.0,726.0,818.0,861.0,927.0,987.0,1026.0,299.0,238.0,183.0,152.0,146.0,159.0,149.0,175.0,187.0,191.0,2086.0,1794.0,728.0,922.0,1117.0,1243.0,1280.0,1347.0,1440.0,1482.0,2022.5,1730.0,774.0,918.0,1074.0,1178.0,1206.5,1256.5,1391.0,1403.0,1611.0,1361.0,495.0,659.0,791.0,890.0,890.0,968.0,1045.0,1055.0,2135.5,1839.5,817.5,970.0,1146.5,1242.0,1280.0,1354.5,1453.5,1441.5,2158.0,1849.0,833.0,1007.5,1195.0,1318.5,1371.0,1430.0,1540.0,1531.0,"{""type"":""MultiPoint"",""coordinates"":[]}"
412_0,3,2128.0,1890.0,1109.0,1140.5,1285.0,1418.5,1503.0,1582.5,1683.5,1683.0,2818.0,2605.0,884.0,1168.0,1534.0,1745.0,1826.0,1916.0,2005.0,2075.0,2558.0,2353.0,668.0,946.0,1295.0,1466.0,1536.0,1641.0,1786.0,1837.0,253.0,227.0,217.5,299.0,320.5,403.0,252.5,329.0,312.0,223.0,246.0,199.0,235.5,375.5,360.5,483.0,445.0,493.5,484.5,402.5,445.5,335.5,274.5,461.5,394.0,667.0,758.5,817.5,832.5,746.5,862.0,672.0,237.0,533.0,266.0,830.0,1276.0,1475.0,1377.0,1308.0,1360.0,725.0,220.0,525.0,228.0,830.0,2274.0,2669.0,2668.0,2624.0,1474.0,726.0,130.0,431.0,113.0,737.0,2904.0,3777.0,3798.0,3871.0,1460.5,682.5,109.5,396.0,91.5,696.5,2974.0,4185.5,4115.0,4217.5,1378.0,651.5,93.5,368.5,90.0,641.0,2883.0,4113.0,4200.0,4239.5,2344.0,2054.5,1205.5,1247.0,1355.5,1458.5,1553.5,1653.5,1724.5,1724.5,1442.0,684.0,98.5,375.5,107.0,716.0,3025.5,4206.0,4314.5,4432.0,1503.0,719.5,194.0,730.5,294.5,1273.0,3460.0,4251.0,4379.0,4519.0,1592.0,779.0,511.0,885.0,681.0,1429.0,3364.0,3938.0,4018.0,4273.0,1748.0,979.0,707.0,1071.0,1023.0,1863.0,2990.0,3363.0,3589.0,3695.0,1958.0,1168.0,606.0,1046.0,1042.0,1824.0,2582.0,2944.0,3281.0,3307.0,4182.0,2932.0,927.0,1348.0,1955.0,2356.0,2684.0,3003.0,3247.0,3445.0,4384.0,3170.0,1024.5,1417.5,1960.0,2360.5,2703.5,2979.0,3284.0,3445.5,4250.5,3170.0,988.0,1344.0,1964.0,2324.0,2593.0,2877.5,3244.5,3319.5,4053.0,3094.0,965.0,1316.0,1957.0,2304.0,2570.0,2830.0,3224.0,3265.0,3521.5,2637.0,857.0,1138.5,1598.0,1919.0,2166.5,2420.0,2580.5,2734.5,2512.0,2221.0,637.0,834.0,1083.0,1281.0,1434.0,1570.0,1714.0,1745.0,3438.5,2685.5,736.0,967.0,1286.0,1577.5,1854.0,2052.5,2166.5,2334.5,3798.5,3321.0,1943.0,2037.5,2242.0,2509.5,2584.5,2715.0,2915.0,2848.0,2615.5,2333.5,604.5,715.5,892.5,1094.0,1289.0,1432.0,1597.5,1623.5,2686.5,2409.5,644.0,758.5,925.0,1110.0,1322.0,1455.0,1595.5,1660.0,2408.0,1759.0,484.0,597.0,790.0,994.0,1165.0,1284.0,1461.0,1529.0,0.0,0.0,0.0,0.0,0.0,0.0,0.0,0.0,0.0,0.0,2019.0,1664.0,436.0,645.0,852.0,1113.0,1303.0,1411.0,1566.0,1577.0,1804.5,1649.5,558.5,701.5,852.5,1080.0,1346.0,1492.0,1313.0,1573.5,2447.0,2022.5,612.0,867.0,1023.5,1350.5,1656.5,1796.0,1977.0,1970.0,2532.5,2096.0,711.5,913.0,1096.0,1404.0,1806.0,1952.5,2147.5,2121.0,2407.0,2163.0,751.0,933.0,1164.0,1379.0,1533.0,1704.0,1765.0,1810.0,2248.0,2063.5,579.0,758.5,1046.5,1203.0,1289.0,1395.0,1514.0,1521.0,2522.0,2374.0,681.5,928.5,1243.0,1393.0,1496.0,1598.5,1743.5,1753.5,"{""type"":""MultiPoint"",""coordinates"":[]}"
413_0,3,1972.5,1599.5,618.5,770.5,1043.5,1160.0,1187.5,1237.5,1364.0,1402.0,2344.5,1982.5,797.5,1040.0,1301.5,1426.0,1452.0,1535.5,1634.5,1653.5,2704.0,2292.0,986.5,1284.5,1594.5,1705.5,1740.5,1800.0,1904.5,1930.5,2993.5,2555.0,1178.5,1494.5,1813.0,1971.5,2006.5,2096.5,2201.0,2216.0,1248.0,1140.0,978.0,1301.0,1556.0,1703.0,1711.0,1789.0,1692.0,1598.0,384.0,322.0,965.0,1301.0,1334.0,1552.0,1095.0,1132.0,1160.0,1074.0,603.0,412.0,541.0,850.0,815.0,1143.0,1223.0,1285.0,1235.0,1188.0,829.0,651.0,600.0,850.0,766.0,1181.0,1469.0,1561.0,1531.0,1425.0,1471.0,852.0,467.0,785.0,526.0,1104.0,2399.0,2868.0,2769.0,2763.0,1726.0,876.5,265.5,586.0,282.5,951.5,2971.5,3829.5,3869.5,3968.0,1570.5,752.0,107.0,325.5,135.0,660.5,2868.5,4164.5,4241.0,4314.0,2205.0,1805.0,719.0,900.0,1146.0,1290.0,1301.0,1408.0,1473.0,1530.0,1575.0,758.0,149.0,368.0,189.0,650.0,2973.0,4368.0,4390.0,4546.0,1613.0,739.0,68.0,374.0,136.0,750.0,3338.0,4691.0,4855.0,4961.0,1679.0,801.0,261.0,705.0,372.0,1283.0,3594.0,4757.0,4960.0,5080.0,1885.0,941.0,483.0,986.0,682.0,1774.0,3701.0,4485.0,4657.0,4758.0,1918.5,1070.5,518.5,1058.5,834.0,1881.5,3410.5,3981.5,4302.0,4276.5,2401.0,1467.5,666.0,1234.0,1379.5,2265.5,3257.0,3579.0,3904.0,4027.5,3155.5,2040.0,1087.5,1614.5,2126.0,2907.0,3589.0,3936.0,4321.0,4414.0,4030.0,2861.5,1140.0,1603.5,2304.5,2856.5,3131.5,3428.0,3668.0,3823.5,3922.0,2736.0,1104.0,1559.0,2283.0,2770.0,2882.0,3084.0,3326.0,3413.0,3831.5,2644.5,1179.5,1650.0,2415.0,2878.0,2995.5,3190.0,3370.0,3627.0,2152.0,1804.0,672.5,851.5,1132.5,1235.5,1278.5,1372.5,1485.0,1488.5,2945.5,2284.0,821.0,1135.5,1593.0,1817.5,1976.5,2035.0,2125.0,2247.0,2866.5,2172.5,881.5,1155.0,1572.5,1814.5,1880.5,1997.5,2070.5,2203.5,2609.5,2087.0,711.0,911.5,1249.0,1414.0,1466.5,1577.5,1714.0,1759.0,2654.0,2169.0,766.5,943.0,1264.5,1417.5,1476.5,1595.0,1690.5,1766.0,1977.0,1327.0,554.0,684.0,978.0,1070.0,1113.0,1206.0,1341.0,1309.0,0.0,0.0,0.0,0.0,0.0,0.0,0.0,0.0,0.0,0.0,1791.0,1343.0,566.0,759.0,966.0,1061.0,1103.0,1130.0,1264.0,1270.0,2050.0,1675.0,699.0,846.0,1027.0,1162.0,1161.0,1239.0,1312.0,1351.0,2566.0,2135.0,893.0,1103.0,1364.0,1531.0,1521.0,1602.0,1724.0,1771.0,2734.0,2305.0,1135.0,1315.0,1543.0,1670.0,1750.0,1805.0,1993.0,1929.0,2011.5,1606.5,651.5,804.0,1002.0,1126.0,1121.0,1177.0,1264.5,1299.0,2492.0,2120.0,915.0,1087.0,1297.0,1432.0,1543.0,1665.0,1779.0,1806.0,2378.0,2010.0,789.0,1028.0,1294.0,1420.0,1464.0,1545.0,1633.0,1662.0,"{""type"":""MultiPoint"",""coordinates"":[]}"
414_0,3,1758.0,1438.0,562.0,723.0,950.0,1059.0,1114.5,1169.0,1246.5,1278.0,2278.0,1966.5,847.0,1115.5,1365.5,1482.0,1513.0,1591.5,1710.5,1702.0,2369.0,2061.5,907.5,1188.0,1440.5,1544.0,1602.0,1673.5,1764.5,1729.0,2389.5,2111.0,937.5,1205.5,1437.5,1553.5,1610.0,1688.5,1759.0,1744.5,288.0,249.0,937.0,1197.0,1209.0,1301.0,1000.0,1009.0,1000.0,844.0,288.0,249.0,772.0,1113.0,1209.0,1301.0,1000.0,1009.0,1000.0,844.0,487.0,362.0,653.0,1078.0,963.0,1330.0,1507.0,1625.0,1661.0,1425.0,676.0,566.0,577.0,953.0,827.0,1487.0,1701.0,1853.0,1724.0,1603.0,774.0,561.0,496.0,809.0,721.0,1248.0,1572.0,1779.0,1681.0,1507.0,1040.5,619.5,312.5,571.5,414.0,1014.0,2079.5,2433.5,2334.0,2204.0,1375.5,738.0,243.0,542.0,286.5,969.5,2751.0,3403.0,3579.0,3552.0,1934.0,1608.0,651.0,834.0,1063.0,1189.0,1217.0,1274.0,1324.0,1406.0,1423.0,722.0,268.0,548.0,334.0,916.0,2635.0,3477.0,3525.0,3504.0,1274.0,614.0,128.0,329.0,164.0,676.0,2602.0,3533.0,3676.0,3504.0,1261.0,614.0,128.0,379.0,146.0,701.0,2898.0,3956.0,4079.0,4089.0,1632.0,836.0,394.0,799.0,426.0,1248.0,3574.0,4436.0,4704.0,4617.0,1749.5,879.0,437.5,952.5,482.5,1493.5,3724.0,4502.0,4880.5,4663.0,1785.5,997.0,457.0,1066.0,606.0,1805.0,3655.5,4133.0,4405.0,4312.5,2156.5,1185.0,991.5,1638.0,1479.5,2423.5,3593.5,4010.5,4399.0,4254.0,2675.0,1645.5,1053.5,1713.0,2010.5,2882.5,3564.5,3907.0,4382.5,4280.5,3761.0,2595.0,1213.0,1707.5,2358.5,2829.0,3127.0,3375.5,3794.0,3732.5,2981.0,2235.0,1116.0,1423.0,1893.0,2168.0,2275.0,2470.0,2422.0,2675.0,1826.0,1541.0,478.0,700.0,948.0,1054.0,1130.0,1191.0,1278.0,1276.0,2802.0,2195.0,838.0,1135.0,1532.0,1802.0,1855.0,1958.0,2127.0,2184.0,2660.5,2081.0,867.5,1109.0,1444.0,1659.0,1746.5,1873.0,1972.5,2023.5,2408.0,1936.5,687.5,885.0,1160.5,1302.5,1361.0,1450.5,1570.0,1623.5,2508.0,2103.0,807.0,930.0,1210.0,1364.0,1412.0,1504.0,1610.0,1689.0,2148.0,1582.0,592.0,718.0,968.0,1074.0,1170.0,1279.0,1385.0,1407.0,0.0,0.0,0.0,0.0,0.0,0.0,0.0,0.0,0.0,0.0,1641.0,1329.0,521.0,707.0,897.0,983.0,1030.0,1083.0,1181.0,1197.0,1930.0,1662.0,661.0,822.0,1011.0,1126.0,1169.0,1224.0,1268.0,1306.0,2300.0,1954.0,791.0,1031.0,1254.0,1387.0,1441.0,1489.0,1618.0,1617.0,2132.0,2137.0,970.0,1187.0,1417.0,1516.0,1573.0,1653.0,1814.0,1748.0,1906.0,1646.0,572.0,731.0,947.0,1086.0,1075.0,1155.0,1219.0,1211.0,2025.0,1709.0,711.0,862.0,1079.0,1186.0,1218.0,1298.0,1391.0,1388.0,2146.5,1837.5,786.0,988.0,1211.0,1315.0,1366.5,1450.5,1559.0,1549.0,"{""type"":""MultiPoint"",""coordinates"":[]}"
415_0,3,2045.5,1622.5,685.0,834.0,1079.5,1242.5,1284.0,1363.5,1434.5,1510.0,2453.5,2056.0,851.0,1081.0,1367.0,1484.5,1522.5,1627.5,1727.0,1747.5,2552.0,2163.5,861.0,1141.5,1436.5,1546.0,1552.0,1682.5,1756.5,1753.0,2697.5,2303.5,940.0,1265.0,1579.0,1711.0,1708.0,1815.5,1893.0,1923.5,570.0,457.0,823.0,1052.0,1112.0,1341.0,1162.0,1191.0,1175.0,1081.0,570.0,457.0,779.0,1014.0,1095.0,1312.0,1162.0,1191.0,1175.0,1081.0,568.0,389.0,544.0,853.0,791.0,1086.0,1109.0,1196.0,1170.0,1032.0,875.0,681.0,542.0,863.0,669.0,1124.0,1432.0,1548.0,1457.0,1420.0,1632.0,887.0,410.0,786.0,465.0,1117.0,2803.0,3307.0,3131.0,3299.0,1791.5,916.0,248.0,655.0,278.0,1075.5,3284.0,4003.0,4026.5,4154.0,1672.0,835.0,114.5,433.5,166.5,867.5,3152.5,4117.0,4126.5,4278.5,2243.0,1853.0,731.0,927.0,1173.0,1308.0,1369.0,1448.0,1543.0,1614.0,1616.0,794.0,161.0,457.0,211.0,843.0,3062.0,4026.0,4214.0,4229.0,1616.0,794.0,89.0,482.0,185.0,959.0,3406.0,4444.0,4560.0,4712.0,1673.0,823.0,300.0,824.0,469.0,1451.0,3777.0,4721.0,4694.0,5005.0,1864.0,966.0,491.0,1064.0,765.0,1968.0,3798.0,4436.0,4524.0,4690.0,2007.0,1101.0,557.5,1137.0,986.0,2132.0,3493.0,3967.5,4237.5,4216.0,2383.0,1414.0,653.0,1226.5,1327.0,2280.5,3377.5,3674.0,3895.5,4126.5,2728.0,1615.5,887.5,1401.0,1602.0,2532.5,3437.5,3748.0,4041.5,4203.0,3896.0,2674.0,1109.0,1614.5,2118.0,2801.5,3294.5,3602.0,3908.0,4085.5,3593.0,2699.0,1191.0,1623.0,2214.0,2685.0,2890.0,3206.0,3456.0,3625.0,3547.0,2419.0,984.0,1398.5,2038.0,2475.5,2776.0,2983.0,3036.0,3481.0,2119.0,1720.0,755.0,866.0,1078.0,1221.0,1211.0,1327.0,1422.0,1464.0,3204.5,2236.5,843.5,1179.5,1629.0,1953.0,2179.5,2275.5,2423.5,2596.5,2973.0,2115.5,843.5,1114.0,1476.0,1768.0,1929.0,2137.5,2215.0,2358.0,2700.5,2073.0,639.0,835.5,1109.0,1315.5,1447.5,1535.5,1659.5,1815.5,2730.5,2085.5,675.5,838.5,1110.0,1279.0,1427.5,1543.0,1644.0,1749.5,1842.0,1208.0,510.0,638.0,865.0,992.0,1037.0,1105.0,1235.0,1285.0,0.0,0.0,0.0,0.0,0.0,0.0,0.0,0.0,0.0,0.0,1889.5,1499.5,690.0,837.0,1041.0,1156.5,1172.5,1272.5,1337.0,1362.0,2045.0,1712.0,680.0,767.0,972.0,1075.0,1080.0,1157.0,1229.0,1279.0,2396.0,2040.0,786.0,984.0,1223.0,1358.0,1357.0,1476.0,1559.0,1568.0,2590.0,2189.0,1010.0,1195.0,1373.0,1500.0,1581.0,1662.0,1824.0,1791.0,2101.5,1697.5,681.0,803.5,1009.5,1122.0,1141.5,1214.0,1302.0,1360.0,2441.0,2025.0,851.0,1021.0,1194.0,1331.0,1469.0,1518.0,1633.0,1650.0,2331.5,1930.0,748.0,969.0,1214.0,1361.5,1415.5,1526.5,1640.0,1666.0,"{""type"":""MultiPoint"",""coordinates"":[]}"
416_0,3,1783.5,1500.5,520.0,665.5,892.5,1010.0,1056.5,1120.0,1222.0,1225.0,2426.0,2069.0,997.0,1280.0,1554.5,1673.5,1711.5,1786.0,1893.5,1879.5,2256.5,1908.0,780.5,1041.0,1325.5,1446.0,1466.5,1510.5,1644.5,1652.0,142.5,138.0,487.5,761.0,801.0,933.5,626.5,686.0,658.5,529.0,122.5,105.0,544.0,776.0,831.5,964.0,719.5,792.5,750.0,637.5,266.5,206.5,518.5,848.0,820.5,1071.0,884.5,978.5,929.0,790.5,536.0,403.5,379.0,721.0,572.0,982.5,1066.0,1206.5,1089.5,982.5,1001.0,637.0,340.5,665.5,433.0,952.5,1760.0,2031.0,1957.5,1919.5,1703.0,825.5,236.5,555.5,241.0,916.5,3183.0,4138.0,4192.5,4078.0,1764.5,866.5,230.0,571.0,279.0,947.5,3266.5,4365.0,4519.0,4566.0,1696.0,826.5,167.5,422.5,237.0,803.0,3042.5,4400.0,4610.0,4673.0,2066.5,1784.0,598.0,772.0,1019.0,1131.0,1221.0,1277.0,1357.0,1419.5,1752.0,846.0,198.0,462.0,251.0,876.5,3320.5,4739.5,4905.0,5012.5,1719.5,847.5,276.5,787.0,408.0,1406.0,3718.5,4854.5,5065.0,5099.5,1812.0,916.5,442.5,950.5,635.5,1663.0,3735.0,4486.5,4642.5,4773.5,2134.0,1151.5,659.5,1213.0,1047.5,2184.5,3666.5,4152.0,4413.5,4580.0,2540.5,1537.5,798.0,1431.5,1465.0,2527.0,3592.5,4022.5,4437.0,4425.5,3093.0,2014.0,975.0,1598.0,2014.0,2851.0,3529.0,3825.0,4194.0,4348.0,4258.0,2979.0,1281.5,1787.5,2429.5,2928.5,3227.5,3532.5,3850.5,3951.5,4300.5,2955.5,1246.0,1789.5,2657.0,3110.5,3395.5,3593.0,4000.5,4065.0,3631.0,2761.5,1203.5,1627.5,2269.5,2541.5,2781.5,3002.5,3434.0,3343.5,2221.0,1708.5,774.5,1060.5,1471.0,1672.5,1701.5,1794.0,1878.5,1967.0,1939.0,1648.0,489.0,713.5,953.5,1077.5,1114.0,1212.0,1316.0,1324.5,2522.0,1986.0,886.5,1162.5,1584.5,1786.0,1850.5,1919.5,2040.0,2111.5,2452.0,1945.0,944.5,1167.5,1526.0,1673.5,1754.0,1840.0,1993.5,1992.0,2111.0,1767.0,679.5,849.5,1126.5,1242.5,1302.5,1370.0,1504.0,1508.5,1753.5,1454.0,535.5,773.5,1032.5,1158.5,1179.5,1288.5,1359.5,1336.5,1429.5,1222.5,368.0,512.0,688.0,770.5,808.5,869.5,952.0,931.0,0.0,0.0,0.0,0.0,0.0,0.0,0.0,0.0,0.0,0.0,1524.5,1227.5,433.0,594.5,793.5,902.0,955.5,1042.0,1114.5,1110.0,1782.5,1520.0,603.5,729.0,889.0,998.5,1032.5,1119.5,1191.5,1205.5,2217.0,1909.0,731.5,943.0,1165.0,1302.5,1366.0,1397.5,1522.5,1510.5,2213.5,1892.0,798.5,967.0,1185.5,1319.5,1321.5,1384.5,1559.5,1517.0,2116.0,1784.0,786.5,899.5,1112.0,1215.5,1246.5,1334.5,1436.5,1450.0,2171.5,1868.0,704.0,900.5,1142.0,1257.5,1314.5,1379.5,1499.5,1503.0,2222.5,1935.0,811.0,1030.5,1305.0,1413.0,1455.0,1529.5,1654.0,1640.0,"{""type"":""MultiPoint"",""coordinates"":[]}"
417_0,3,3121.0,2427.5,911.0,1043.0,1390.5,1558.0,1643.5,1780.0,1980.5,2037.0,2060.0,1913.0,614.0,861.0,1137.0,1252.0,1250.0,1349.0,1437.0,1477.0,2185.0,2042.0,712.0,915.0,1194.0,1351.0,1369.0,1466.0,1513.0,1557.0,2112.5,1966.5,702.5,932.5,1215.0,1346.0,1381.5,1464.0,1525.5,1554.5,533.0,470.0,754.0,854.0,890.0,992.0,915.0,988.0,985.0,891.0,405.0,329.0,362.0,584.0,565.0,790.0,718.0,744.0,712.0,614.0,537.0,429.0,351.0,568.0,509.0,809.0,922.0,1026.0,1010.0,982.0,1547.0,1009.0,351.0,621.0,509.0,937.0,1558.0,1780.0,1815.0,1791.0,949.0,547.0,225.0,435.0,317.0,632.0,1578.0,1953.0,1855.0,2006.0,1059.5,551.5,103.5,332.0,153.0,582.5,1919.5,2413.5,2300.0,2459.0,1185.5,570.0,78.5,282.5,82.0,495.0,2150.0,3015.5,2997.0,3063.0,3477.5,2869.0,1428.5,1465.5,1690.0,1812.5,1875.5,2002.5,2185.5,2186.0,1238.0,571.5,58.5,274.5,64.5,501.5,2418.5,3633.5,3555.5,3706.5,1108.0,521.0,58.5,310.0,74.5,606.0,2612.0,3669.0,3688.5,3893.0,1164.0,545.0,473.0,772.0,537.0,1139.0,2902.0,3718.0,3803.0,3876.0,1260.0,666.0,622.0,1004.0,800.0,1604.0,3011.0,3610.0,3683.0,3792.0,1307.0,729.0,540.0,972.0,818.0,1646.0,2698.0,3107.0,3264.0,3305.0,1665.0,987.0,509.0,978.0,1077.0,1873.0,2590.0,2862.0,3033.0,3179.0,4143.0,2927.0,1120.0,1630.5,2338.0,2846.5,3115.5,3386.5,3682.5,3772.5,4206.5,3063.5,1195.0,1663.0,2419.5,2831.5,3069.5,3366.5,3628.0,3706.0,3610.0,2872.0,1031.0,1504.0,2109.0,2372.0,2584.0,2803.0,3126.0,3139.0,3473.0,2536.5,984.0,1365.5,1939.5,2331.0,2467.5,2631.5,2825.0,2953.5,3545.5,2878.0,819.0,1059.5,1485.5,1674.0,1744.0,1886.5,2133.0,2181.5,3594.5,2785.5,887.0,1183.5,1610.0,1891.5,2085.5,2235.0,2370.0,2523.0,4848.0,4184.5,2778.0,2940.0,3256.0,3513.0,3611.0,3717.0,3927.0,3925.5,3223.5,2735.0,839.0,978.5,1224.0,1471.0,1615.0,1733.0,1853.0,1902.0,3070.5,2598.5,808.5,962.5,1176.5,1423.0,1555.0,1678.5,1789.0,1854.5,2289.5,1751.0,520.5,708.0,940.5,1183.5,1307.5,1403.5,1563.5,1614.5,0.0,0.0,0.0,0.0,0.0,0.0,0.0,0.0,0.0,0.0,3783.0,3053.0,982.0,1327.0,1818.0,2019.0,2047.0,2217.0,2418.0,2529.0,4017.0,3379.0,1343.0,1614.0,1921.0,2161.0,2338.0,2576.0,2676.0,2777.0,3689.0,3073.0,1076.0,1359.0,1849.0,2042.0,2104.0,2221.0,2478.0,2519.0,3008.0,2479.0,1154.0,1322.0,1626.0,1797.0,1900.5,2039.5,2218.5,2247.5,2028.0,1830.0,707.0,855.0,1088.0,1195.0,1231.0,1371.0,1425.0,1495.0,1841.0,1713.5,517.0,688.0,951.5,1039.5,1057.5,1124.5,1226.5,1235.5,1913.0,1760.5,561.5,750.5,1011.5,1122.0,1162.0,1216.5,1325.0,1335.0,"{""type"":""MultiPoint"",""coordinates"":[]}"
418_0,3,2095.5,1704.0,644.0,798.0,1059.0,1176.5,1227.0,1285.0,1430.5,1457.5,2126.0,1819.5,681.5,876.5,1145.0,1275.5,1349.0,1399.0,1518.0,1537.5,2297.5,2004.5,772.0,1004.0,1294.0,1407.0,1448.0,1514.5,1594.5,1628.0,2444.0,2138.0,841.5,1091.5,1400.0,1539.5,1574.0,1639.5,1718.5,1756.0,372.0,310.0,756.0,904.0,968.0,1123.0,882.0,979.0,950.0,786.0,372.0,310.0,710.0,885.0,960.0,1123.0,882.0,979.0,950.0,786.0,428.0,327.0,517.0,743.0,677.0,953.0,899.0,986.0,969.0,809.0,675.0,529.0,507.0,789.0,563.0,1016.0,1125.0,1237.0,1235.0,1104.0,1745.0,851.0,394.0,789.0,376.0,1226.0,3333.0,3772.0,3839.0,3730.0,1939.5,987.0,289.5,695.5,332.0,1242.5,3590.5,4452.5,4597.0,4643.0,1729.5,844.5,162.5,442.0,212.0,837.5,3133.0,4352.5,4521.0,4601.0,2308.0,1915.0,734.0,898.0,1136.0,1319.0,1313.0,1421.0,1485.0,1588.0,1715.0,834.0,214.0,472.0,241.0,834.0,3178.0,4485.0,4530.0,4628.0,1649.0,828.0,148.0,464.0,253.0,927.0,3360.0,4629.0,4924.0,4892.0,1704.0,832.0,306.0,722.0,433.0,1260.0,3554.0,4716.0,5050.0,5092.0,1858.0,967.0,478.0,953.0,686.0,1735.0,3769.0,4657.0,4970.0,5027.0,1929.0,1053.5,524.5,1044.0,833.5,1878.0,3609.0,4177.5,4621.0,4566.0,2234.5,1301.5,593.5,1145.0,1145.5,2098.0,3417.0,3959.5,4313.0,4323.5,2540.0,1482.5,874.5,1346.0,1434.5,2387.0,3349.0,3775.0,4172.0,4197.5,3878.5,2634.5,1153.0,1623.5,2144.0,2811.5,3316.0,3636.5,4017.0,4157.0,3510.5,2502.5,1170.0,1620.5,2291.5,2745.5,3030.5,3201.0,3575.0,3660.0,3503.0,2442.0,1245.0,1732.0,2515.0,2939.0,2936.0,3366.0,3618.0,3646.0,2329.0,1914.0,674.0,853.0,1125.5,1231.5,1288.0,1375.5,1535.5,1536.0,3430.5,2428.0,1169.5,1609.0,2301.5,2635.0,2673.0,2950.0,3252.5,3284.5,3157.0,2266.5,1102.0,1445.5,1953.5,2215.5,2360.0,2508.0,2895.0,2904.0,2876.0,2175.0,852.5,1087.5,1443.0,1589.5,1717.0,1876.5,2147.0,2120.0,2964.5,2285.5,885.0,1061.0,1423.0,1599.0,1639.0,1844.5,2083.0,2055.5,2010.0,1437.0,595.0,763.0,1055.0,1203.0,1284.0,1346.0,1506.0,1517.0,0.0,0.0,0.0,0.0,0.0,0.0,0.0,0.0,0.0,0.0,2026.0,1713.0,563.0,733.0,936.0,1040.0,1046.0,1131.0,1242.0,1297.0,2093.0,1803.0,664.0,749.0,959.0,1051.0,1044.0,1140.0,1251.0,1252.0,2238.0,1923.5,692.0,868.0,1081.0,1178.5,1224.5,1291.5,1424.5,1460.0,2318.0,1948.0,689.0,783.0,1031.0,1161.0,1072.0,1165.0,1298.0,1261.0,2356.0,1967.0,771.0,862.5,1082.0,1201.5,1163.5,1250.0,1391.0,1391.0,2425.0,2077.0,784.0,942.0,1133.0,1298.0,1375.0,1440.0,1535.0,1557.0,2233.0,1868.0,684.0,909.0,1168.0,1315.0,1367.0,1408.0,1524.0,1588.0,"{""type"":""MultiPoint"",""coordinates"":[]}"
419_0,3,1983.0,1609.0,586.5,748.0,1014.0,1133.0,1149.5,1239.5,1355.5,1385.5,2301.5,1923.5,807.5,1042.0,1302.5,1406.0,1466.0,1543.0,1668.5,1660.5,2613.5,2207.5,1016.0,1306.0,1595.0,1706.0,1714.0,1799.5,1900.5,1911.5,2995.0,2547.0,1236.0,1580.0,1899.5,2022.5,2060.0,2155.5,2260.0,2271.0,1003.0,726.0,1034.0,1342.0,1401.0,1641.0,1234.0,1257.0,1311.0,1218.0,441.0,414.0,1034.0,1342.0,1401.0,1641.0,1234.0,1244.0,1228.0,1036.0,546.0,386.0,579.0,882.0,857.0,1176.0,1216.0,1327.0,1278.0,1190.0,906.0,646.0,585.0,882.0,813.0,1270.0,1678.0,1825.0,1709.0,1693.0,1476.0,830.0,442.0,765.0,503.0,1087.0,2548.0,2981.0,2947.0,2877.0,1664.0,829.5,272.0,604.5,312.0,978.0,2960.0,3755.0,3752.0,3765.0,1527.0,722.0,127.0,351.0,138.5,666.5,2902.0,4145.5,4243.5,4281.5,2241.0,1835.0,703.0,872.0,1126.0,1262.0,1293.0,1399.0,1464.0,1541.0,1541.0,730.0,153.0,373.0,160.0,638.0,3037.0,4326.0,4383.0,4512.0,1646.0,724.0,88.0,433.0,144.0,844.0,3499.0,4791.0,5001.0,5050.0,1698.0,804.0,308.0,825.0,434.0,1470.0,3874.0,4951.0,5091.0,5192.0,1896.0,955.0,543.0,1116.0,757.0,1980.0,3804.0,4516.0,4674.0,4766.0,1944.5,1083.0,576.5,1187.0,947.5,2081.5,3469.0,3942.5,4271.0,4276.0,2426.5,1480.0,709.5,1287.0,1480.0,2388.5,3302.0,3605.0,3865.5,4050.5,2928.0,1850.5,1034.5,1591.0,2026.0,2875.5,3543.5,3837.5,4194.0,4267.0,3699.5,2506.0,1209.0,1758.0,2406.5,3030.0,3458.0,3733.0,4089.5,4154.0,3978.0,2839.0,1174.0,1659.0,2429.0,2868.0,3062.0,3200.0,3640.0,3651.0,4020.5,2799.5,1219.5,1726.5,2549.0,2925.0,3029.5,3301.0,3577.0,3720.0,2210.5,1816.0,653.5,831.5,1120.0,1204.5,1257.5,1357.5,1489.0,1504.5,3047.5,2314.5,859.5,1189.0,1683.0,1920.5,2002.0,2159.0,2339.5,2387.0,2966.0,2260.0,904.0,1173.0,1631.5,1843.0,1907.5,2058.0,2263.5,2309.5,2643.0,2118.5,691.5,897.0,1219.5,1356.5,1419.0,1566.0,1697.5,1727.5,2650.5,2139.5,742.5,908.0,1195.5,1351.5,1406.5,1539.5,1681.0,1712.5,1983.0,1396.0,521.0,693.0,944.0,1063.0,1099.0,1193.0,1342.0,1332.0,0.0,0.0,0.0,0.0,0.0,0.0,0.0,0.0,0.0,0.0,1816.0,1429.0,566.0,736.0,940.0,1064.0,1071.0,1143.0,1253.0,1260.0,2032.0,1683.0,675.0,799.0,983.0,1091.0,1092.0,1183.0,1255.0,1301.0,2571.0,2127.0,859.0,1095.0,1329.0,1451.0,1478.0,1551.0,1678.0,1702.0,2719.0,2294.0,1082.0,1268.0,1504.0,1636.0,1696.0,1764.0,1959.0,1955.0,2056.5,1636.0,637.0,787.0,1006.5,1117.5,1113.5,1174.0,1293.5,1309.0,2553.0,2153.0,912.0,1113.0,1326.0,1478.0,1575.0,1664.0,1781.0,1806.0,2433.0,1991.0,826.0,1057.0,1329.0,1467.0,1481.0,1617.0,1697.0,1737.0,"{""type"":""MultiPoint"",""coordinates"":[]}"
420_0,3,1729.0,1437.0,623.0,768.0,988.5,1105.5,1136.5,1186.5,1279.0,1305.0,2425.5,2105.5,1061.5,1349.5,1598.5,1693.0,1735.5,1794.0,1908.5,1888.0,2434.5,2119.5,943.5,1214.5,1460.5,1596.0,1640.0,1719.0,1794.5,1804.5,2532.5,2204.0,1007.5,1309.0,1555.0,1689.5,1728.5,1804.5,1872.5,1882.5,1141.0,1077.0,1002.0,1268.0,1472.0,1599.0,1626.0,1680.0,1638.0,1580.0,256.0,236.0,714.0,1005.0,1092.0,1189.0,825.0,920.0,883.0,696.0,400.0,344.0,688.0,1027.0,1048.0,1345.0,1112.0,1162.0,1164.0,948.0,579.0,404.0,669.0,991.0,977.0,1316.0,1159.0,1259.0,1184.0,1053.0,729.0,518.0,673.0,959.0,868.0,1252.0,1525.0,1746.0,1673.0,1513.0,797.0,542.5,392.0,697.0,602.0,1085.0,1499.0,1796.5,1699.0,1504.5,1092.0,643.0,326.0,536.5,405.5,949.5,2167.5,2548.5,2541.5,2417.0,1911.0,1609.0,687.0,860.0,1092.0,1231.0,1216.0,1283.0,1371.0,1410.0,1464.0,804.0,337.0,639.0,468.0,1140.0,2740.0,3370.0,3302.0,3357.0,1324.0,702.0,224.0,549.0,407.0,1028.0,2649.0,3289.0,3426.0,3382.0,1324.0,695.0,199.0,488.0,332.0,894.0,2698.0,3513.0,3460.0,3461.0,1431.0,739.0,359.0,704.0,388.0,1168.0,3037.0,3630.0,3671.0,3690.0,1539.0,812.0,386.0,845.0,487.0,1399.0,3135.0,3660.0,3928.0,3803.0,1639.0,918.5,415.5,932.0,595.5,1603.0,2849.5,3155.5,3316.5,3340.0,1996.0,1122.0,761.0,1259.0,1198.0,2018.0,2744.0,2977.0,3210.0,3266.0,2292.5,1463.0,719.0,1224.5,1356.0,2145.5,2677.0,2934.0,3182.0,3251.0,2889.0,2017.0,838.0,1279.5,1696.0,2238.5,2640.0,2833.0,3107.5,3186.0,3271.0,2254.0,930.0,1287.0,1905.0,2232.0,2390.0,2643.0,2782.0,2983.0,1803.0,1516.0,515.0,751.0,979.0,1111.0,1127.0,1194.0,1284.0,1309.0,3090.0,2254.0,826.0,1163.0,1658.0,1929.0,1998.0,2194.0,2309.0,2460.0,3015.5,2267.0,831.0,1103.0,1528.0,1759.0,1921.0,2073.5,2231.5,2331.0,2623.5,2083.0,616.0,824.5,1123.0,1274.0,1371.5,1510.0,1649.0,1708.0,2704.0,2224.0,726.0,860.0,1159.0,1322.0,1394.0,1567.0,1664.0,1754.0,2315.0,1592.0,532.0,665.0,947.0,1115.0,1163.0,1241.0,1453.0,1467.0,0.0,0.0,0.0,0.0,0.0,0.0,0.0,0.0,0.0,0.0,1722.0,1389.0,579.0,776.0,955.0,1048.0,1088.0,1138.0,1258.0,1273.0,1915.0,1643.0,706.0,892.0,1073.0,1145.0,1179.0,1246.0,1338.0,1323.0,2334.0,2008.0,814.0,1079.0,1323.0,1454.0,1510.0,1527.0,1660.0,1687.0,1912.0,1629.0,1011.0,1240.0,1456.0,1581.0,1605.0,1582.0,1600.0,1624.0,1911.0,1629.0,600.0,751.0,966.0,1077.0,1068.0,1140.0,1222.0,1219.0,1911.0,1660.0,725.0,845.0,1032.0,1119.0,1143.0,1231.0,1295.0,1303.0,2135.0,1875.5,827.0,1028.0,1248.0,1333.0,1396.5,1446.0,1552.0,1541.5,"{""type"":""MultiPoint"",""coordinates"":[]}"
421_0,3,1759.5,1495.5,876.5,926.5,986.5,1170.5,1278.5,1382.0,1464.0,1454.5,2757.0,2584.0,960.0,1222.0,1549.0,1713.0,1785.0,1834.0,1975.0,1996.0,2742.0,2649.0,930.0,1177.0,1480.0,1659.0,1729.0,1817.0,1935.0,1983.0,1686.5,1567.5,603.0,794.0,988.5,1167.0,1140.0,1214.0,1225.0,1245.5,1144.5,1039.0,564.0,759.0,867.0,1069.5,908.0,1014.5,947.5,977.0,1167.0,972.0,417.5,648.0,704.0,1010.0,1055.5,1156.5,1079.5,1108.0,1245.0,1020.0,451.0,648.0,714.0,1030.0,1085.0,1237.0,1098.0,1190.0,1658.0,1216.0,434.0,657.0,678.0,1040.0,1419.0,1513.0,1627.0,1700.0,1544.0,1197.0,332.0,518.0,510.0,837.0,1655.0,2058.0,1974.0,2049.0,1923.5,1314.5,281.5,515.5,444.0,896.0,2294.5,3483.5,3665.5,3650.0,1854.0,1236.0,275.5,473.5,421.5,813.0,2340.5,3911.0,4161.0,4116.5,2685.5,2370.0,1577.5,1589.5,1624.5,1956.5,2138.0,2218.0,2343.5,2363.5,1849.5,1215.5,270.0,461.5,431.0,783.5,2326.5,3961.5,4263.0,4399.5,1797.0,1187.0,291.0,492.0,465.5,832.0,2481.0,4031.0,4285.5,4332.0,1766.0,1201.0,547.0,808.0,633.0,1254.0,2747.0,3871.0,4120.0,4337.0,1706.0,1115.0,696.0,986.0,833.0,1557.0,2924.0,3661.0,3867.0,3833.0,1706.0,1115.0,571.0,937.0,829.0,1544.0,2780.0,3462.0,3672.0,3670.0,1990.0,1325.0,511.0,947.0,915.0,1582.0,2748.0,3280.0,3535.0,3619.0,4097.0,2970.5,1120.5,1555.0,2001.5,2491.0,3001.5,3302.5,3631.5,3657.5,4263.0,3160.0,1129.0,1570.0,2143.0,2542.0,2929.0,3140.0,3497.0,3444.0,4131.0,3045.0,1137.0,1574.0,2241.0,2575.0,2896.0,3208.0,3535.0,3506.0,3500.5,2540.0,1036.5,1417.0,2023.5,2388.0,2615.0,2755.0,3040.0,3128.5,1875.0,1498.0,492.0,693.0,815.0,1115.0,1536.0,1640.0,1791.0,1803.0,3526.0,2844.0,926.5,1263.5,1643.0,1933.0,2285.0,2462.5,2614.0,2693.0,2554.5,2074.5,904.0,1083.0,1275.0,1526.0,1781.0,1931.0,2055.0,2096.5,2426.0,2062.5,664.0,795.5,862.5,1188.5,1654.0,1885.5,1902.0,2040.0,2455.5,2126.5,618.5,788.5,838.5,1171.0,1709.0,1920.5,1873.5,1974.5,1739.0,1231.0,335.5,576.5,549.0,994.0,1777.5,2129.5,2196.0,2102.0,0.0,0.0,0.0,0.0,0.0,0.0,0.0,0.0,0.0,0.0,1797.0,1269.0,348.0,574.0,579.0,1089.0,1648.0,1884.0,1985.0,1966.0,2864.0,2383.0,2071.0,2245.0,2190.0,2616.5,3005.0,3098.0,3459.0,3067.0,2170.5,1629.0,472.5,781.0,877.5,1355.5,1970.0,2202.5,2362.5,2367.0,2145.0,1708.0,549.0,776.5,922.0,1236.5,1680.0,1880.0,2017.5,2015.5,2150.0,1877.0,554.0,772.0,964.0,1170.0,1471.0,1626.0,1694.0,1777.0,2175.5,2013.0,662.0,862.0,1084.0,1239.0,1446.0,1553.0,1669.0,1737.0,2703.0,2610.0,883.0,1141.0,1475.0,1648.0,1686.0,1755.5,1901.0,1939.0,"{""type"":""MultiPoint"",""coordinates"":[]}"
422_0,3,3100.5,2368.5,917.0,1051.5,1334.5,1558.0,1768.5,1968.0,2079.0,2152.0,2184.0,2005.0,623.0,869.0,1152.0,1258.0,1293.0,1444.0,1522.0,1502.0,2211.0,2106.0,705.0,931.0,1201.0,1356.0,1378.0,1495.0,1543.0,1558.0,1268.5,1171.0,514.5,679.5,812.5,910.5,883.0,924.0,963.0,1033.0,525.0,464.0,778.0,855.0,898.0,956.0,846.0,872.0,864.0,729.0,525.0,464.0,354.0,622.0,561.0,831.0,799.0,843.0,838.0,763.0,765.0,530.0,334.0,554.0,441.0,810.0,1153.0,1270.0,1176.0,1189.0,1427.0,867.0,314.0,604.0,435.0,959.0,2233.0,2416.0,2469.0,2526.0,1191.0,667.0,149.0,382.0,206.0,575.0,1902.0,2613.0,2621.0,2632.0,1291.0,655.0,79.5,316.0,101.5,494.5,2309.5,3155.5,3198.5,3234.5,1286.0,620.0,39.0,229.5,60.0,390.5,2390.5,3660.0,3637.5,3714.5,3414.0,2905.0,1706.0,1677.0,1862.0,2131.0,2277.5,2441.5,2479.0,2603.0,1258.0,623.5,43.0,216.5,48.0,408.5,2431.5,3996.5,3981.5,4138.5,1190.5,575.5,59.0,324.0,79.5,573.5,2611.0,3954.5,4084.5,4172.0,1273.0,643.0,472.0,772.0,526.0,1118.0,3018.0,4002.0,4129.0,4175.0,1326.0,720.0,597.0,969.0,746.0,1501.0,3038.0,3731.0,3857.0,3881.0,1374.0,772.0,501.0,913.0,746.0,1531.0,2801.0,3255.0,3459.0,3537.0,1618.0,935.0,444.0,937.0,918.0,1735.0,2726.0,3111.0,3272.0,3423.0,4185.0,3017.5,1217.5,1690.5,2357.0,2813.5,3230.5,3490.0,3755.0,3927.5,4273.5,3185.0,1238.0,1690.0,2400.5,2796.0,3058.0,3290.5,3527.5,3653.5,3992.0,2924.0,1146.0,1528.0,2185.0,2551.0,2731.0,2964.0,3280.0,3338.0,4009.0,3078.5,1124.5,1532.0,2154.0,2582.5,2719.5,2949.0,3076.0,3241.0,3249.0,2617.0,655.0,889.0,1248.0,1444.0,1556.0,1627.0,1816.0,1940.0,3606.5,2881.5,912.0,1190.5,1573.0,1891.0,2064.0,2211.0,2365.5,2484.5,4293.5,3674.5,2129.0,2313.0,2602.5,2882.5,3013.5,3128.0,3303.0,3344.0,3209.5,2746.0,850.5,998.0,1211.5,1483.0,1611.5,1746.5,1900.0,1966.5,3097.0,2632.0,803.0,952.5,1158.0,1417.5,1547.0,1686.5,1814.0,1892.0,2128.5,1598.5,453.5,634.5,818.0,1089.0,1223.0,1327.0,1531.0,1554.0,0.0,0.0,0.0,0.0,0.0,0.0,0.0,0.0,0.0,0.0,3749.0,3025.0,907.0,1257.0,1696.0,2004.0,2088.0,2258.0,2412.0,2525.0,4015.0,3377.0,1206.0,1442.0,1731.0,2109.0,2088.0,2271.0,2545.0,2568.0,3604.0,2970.0,1019.0,1322.0,1726.0,1914.0,2058.0,2235.0,2465.0,2419.0,2709.0,2332.0,799.0,961.5,1290.5,1446.0,1486.0,1605.5,1765.0,1795.5,1731.0,1542.0,521.0,648.0,911.0,983.0,924.0,1031.0,1134.0,1123.0,1891.5,1756.0,520.0,676.0,952.0,1068.5,1079.0,1131.0,1248.0,1270.5,1942.5,1790.5,557.0,746.5,1013.0,1137.0,1167.5,1257.5,1331.0,1365.0,"{""type"":""MultiPoint"",""coordinates"":[]}"
423_0,3,166.0,154.0,247.5,300.0,325.5,423.0,337.5,373.0,386.5,336.5,2096.5,1752.0,650.0,840.5,1028.5,1156.5,1233.0,1330.0,1431.5,1447.0,2255.0,1935.0,737.0,935.0,1152.5,1278.0,1367.5,1448.0,1522.5,1575.0,2438.0,2149.0,933.0,1170.5,1430.0,1562.5,1581.5,1678.0,1744.0,1774.5,2622.0,2312.0,1164.0,1397.0,1663.0,1789.0,1818.0,1912.0,1994.0,1960.0,1363.0,1274.0,1002.0,1303.0,1422.0,1857.0,1590.0,1772.0,1330.0,1826.0,326.0,267.0,634.0,836.0,778.0,951.0,900.0,917.0,959.0,836.0,515.0,386.0,582.0,836.0,728.0,1054.0,1162.0,1251.0,1102.0,1114.0,1070.0,722.0,464.0,820.0,522.0,1213.0,2041.0,2357.0,2228.0,2069.0,1338.0,735.5,299.5,680.0,336.5,1119.0,2872.5,3423.0,3343.0,3202.0,1337.5,708.5,204.5,508.5,232.0,899.5,2819.5,3589.0,3635.5,3621.0,580.5,434.5,356.0,469.5,576.5,773.0,784.0,893.5,966.5,960.5,1503.0,783.0,232.0,477.0,261.0,813.0,2490.0,3487.0,3566.0,3765.0,1510.0,785.0,146.0,381.0,205.0,735.0,2591.0,3630.0,3823.0,3816.0,1583.0,788.0,170.0,487.0,231.0,877.0,2844.0,4049.0,4166.0,4279.0,1621.0,832.0,427.0,866.0,533.0,1519.0,3418.0,4102.0,4359.0,4398.0,1698.0,935.0,451.0,990.0,745.0,1781.0,3418.0,4021.0,4246.0,4261.0,2102.5,1224.0,569.5,1163.0,1052.0,2148.5,3430.5,3826.5,4148.0,4246.0,2581.0,1583.0,962.0,1538.0,1612.0,2619.0,3452.0,3847.0,4137.0,4248.0,3345.5,2273.5,1120.5,1645.0,1969.5,2858.0,3413.0,3717.5,4085.5,4167.5,4252.0,2820.5,1449.0,2046.0,2761.0,3536.0,3824.5,4079.5,4404.0,4552.0,4732.0,3122.0,1741.0,2412.0,3418.0,4108.0,4272.0,4514.0,4705.0,5018.0,510.0,360.0,408.0,477.0,576.0,784.0,810.0,904.0,989.0,981.0,4564.0,3136.0,1515.0,2058.0,2841.0,3304.0,3472.0,3733.0,3760.0,4061.0,4289.0,3047.5,1363.5,1805.5,2433.5,2870.5,3027.5,3236.5,3454.0,3568.5,2121.5,1631.5,719.0,903.0,1237.5,1426.0,1420.5,1518.5,1662.5,1611.0,358.0,265.0,405.0,492.0,598.0,725.0,612.0,626.0,677.0,615.0,192.0,171.0,193.0,269.0,254.0,432.0,401.0,408.0,457.0,356.0,308.0,259.0,650.0,544.0,433.0,428.0,399.0,418.0,636.0,379.0,160.0,154.0,144.0,236.0,290.0,490.0,448.0,511.0,531.0,477.0,668.0,419.0,290.0,382.0,506.0,725.0,869.0,960.0,947.0,1057.0,3374.0,2534.0,1054.0,1348.0,1650.0,1977.0,2081.0,2273.0,2368.0,2540.0,2842.0,1880.0,782.0,992.0,1359.0,1707.0,1834.0,1994.0,2159.0,2261.0,3379.5,2487.5,968.0,1242.0,1592.0,1958.0,2112.0,2278.0,2477.5,2542.5,4407.5,3634.5,1382.0,1712.0,2048.0,2433.0,2743.5,2943.0,3148.5,3176.5,4138.5,3378.5,1316.0,1603.0,1928.5,2256.5,2514.5,2703.0,2813.0,2913.0,"{""type"":""MultiPoint"",""coordinates"":[]}"
424_0,3,1646.5,1407.5,890.5,900.5,978.5,1131.0,1268.0,1341.5,1435.5,1431.5,2550.0,2410.0,940.0,1169.0,1472.0,1616.0,1611.0,1711.0,1817.0,1826.0,2563.0,2497.0,905.0,1120.0,1412.0,1552.0,1614.0,1684.0,1815.0,1839.0,736.5,704.5,560.0,727.0,860.0,1006.5,917.0,950.0,846.0,869.0,276.5,241.5,280.0,432.5,406.5,584.5,408.5,514.5,402.5,387.0,461.5,340.0,304.0,541.5,380.0,743.0,929.5,973.5,956.5,835.5,679.0,456.0,263.0,531.0,318.0,780.0,1224.0,1267.0,1204.0,1215.0,949.0,626.0,197.0,474.0,229.0,822.0,1649.0,1937.0,1763.0,1813.0,1101.0,594.0,103.0,316.0,76.0,558.0,1949.0,2474.0,2443.0,2358.0,1355.5,631.5,54.0,264.5,17.5,481.5,2544.0,3968.0,3992.5,4035.5,1304.0,598.5,48.5,244.5,26.0,435.5,2612.5,4393.5,4529.0,4503.0,1931.5,1623.0,827.5,884.5,921.5,1163.0,1406.0,1539.5,1643.0,1617.5,1356.5,618.5,49.0,237.5,38.5,452.5,2679.5,4622.0,4733.0,4859.5,1358.5,623.5,121.0,454.5,138.0,809.5,3047.5,4522.5,4782.0,4889.0,1432.0,674.0,488.0,806.0,567.0,1238.0,3234.0,4372.0,4444.0,4687.0,1598.0,851.0,667.0,981.0,824.0,1607.0,3065.0,3737.0,3971.0,4025.0,1670.0,901.0,532.0,920.0,824.0,1607.0,2744.0,3275.0,3618.0,3672.0,1966.0,1168.0,475.0,920.0,951.0,1719.0,2770.0,3123.0,3400.0,3519.0,4526.0,3136.5,1117.0,1574.5,2107.5,2561.0,2940.0,3221.5,3575.0,3641.5,4686.0,3393.0,1155.0,1631.0,2338.0,2803.0,3084.0,3276.0,3550.0,3525.0,4347.0,3248.0,1184.0,1674.0,2340.0,2680.0,2926.0,3152.0,3524.0,3523.0,4005.5,2928.0,1152.0,1581.0,2326.0,2581.5,2591.5,2831.0,3382.5,3207.5,1649.0,1320.0,382.0,586.0,682.0,1003.0,1376.0,1428.0,1554.0,1564.0,3954.5,3106.5,880.0,1176.5,1629.5,1946.0,2118.0,2274.5,2448.5,2669.5,3271.0,2780.0,909.0,1078.5,1350.5,1608.5,1738.5,1846.5,2034.0,2119.5,2430.0,2202.0,635.5,721.0,810.5,1052.5,1399.0,1457.5,1598.0,1672.0,2455.0,2247.0,584.5,735.0,817.0,1058.5,1382.0,1501.0,1587.0,1684.5,1723.5,1289.0,306.0,546.0,572.5,953.5,1593.0,1671.5,1835.0,1994.5,0.0,0.0,0.0,0.0,0.0,0.0,0.0,0.0,0.0,0.0,1527.0,1110.0,304.0,558.0,562.0,987.0,1462.0,1538.0,1718.0,1648.0,1875.0,1439.5,1590.0,1467.0,1167.0,1455.0,1892.0,1952.5,2753.0,2000.5,1830.5,1327.5,394.0,721.5,669.0,1189.5,2026.5,2170.5,2317.0,2316.5,1834.5,1466.0,509.0,703.0,780.0,1124.5,1584.0,1766.0,1898.0,1856.0,1892.0,1640.0,519.0,680.0,857.0,1090.0,1208.0,1346.0,1437.0,1420.0,2189.0,2067.5,682.5,837.5,1101.5,1229.0,1313.0,1400.5,1526.0,1516.5,2365.0,2293.0,750.5,971.5,1243.5,1371.5,1432.0,1512.0,1654.0,1634.0,"{""type"":""MultiPoint"",""coordinates"":[]}"
425_0,3,1842.0,1516.5,512.5,678.5,922.0,1044.5,1107.5,1173.0,1263.0,1315.0,2409.0,2059.5,886.5,1204.0,1499.0,1635.5,1690.5,1760.5,1870.5,1867.5,2442.5,2091.5,851.5,1141.5,1460.5,1593.0,1642.5,1709.0,1803.0,1812.5,2382.0,2079.5,840.0,1108.5,1409.0,1549.5,1599.0,1654.5,1735.0,1757.5,299.5,270.5,704.0,959.0,1067.0,1163.5,923.0,992.5,932.5,841.5,298.0,269.5,575.0,841.0,831.0,1187.5,1008.0,1050.5,1022.0,818.5,592.0,518.5,542.0,820.0,700.0,1159.0,1380.5,1463.5,1432.0,1288.5,1428.5,844.5,379.0,778.0,383.0,1114.0,2769.0,3129.0,3170.0,2966.0,1685.5,832.5,173.5,538.0,162.0,963.5,3829.0,4950.0,5012.5,5101.5,1807.0,938.0,217.0,586.0,402.0,1215.5,3372.5,4290.0,4593.5,4834.5,1940.0,1037.0,254.0,612.5,429.5,1219.5,3161.0,3913.0,4249.0,4528.5,2152.0,1795.5,594.5,801.0,1069.0,1240.0,1279.5,1367.0,1421.5,1513.0,1868.0,979.5,240.5,602.5,377.0,1115.5,2963.5,3720.0,3927.0,4141.0,1736.5,846.0,181.0,547.5,297.0,1004.5,3004.0,3834.5,3929.5,4214.5,1643.5,822.5,237.5,577.5,290.5,1028.0,3079.0,3764.5,3862.0,4068.5,1929.5,971.5,485.0,952.5,531.0,1592.0,3558.0,4160.0,4354.0,4488.0,1953.5,1030.5,472.0,1063.0,663.5,1817.0,3517.5,4001.0,4312.0,4355.5,2126.0,1206.0,558.0,1246.0,991.0,2236.0,3356.0,3686.0,4001.0,4066.0,2550.0,1480.0,913.5,1600.0,1603.5,2790.5,3513.5,3857.5,4191.0,4307.5,2803.5,1787.5,919.5,1518.0,1777.5,2709.5,3228.0,3513.5,3896.5,3993.0,3961.5,2627.5,1118.5,1583.0,2104.0,2690.0,3033.0,3402.0,3806.5,3877.5,3217.5,2226.0,1091.5,1564.5,2333.5,2721.5,2854.5,3082.5,3379.5,3505.0,2014.0,1640.5,469.5,712.5,967.0,1099.0,1164.0,1268.5,1356.5,1385.5,3272.0,2409.0,972.0,1373.5,1949.5,2233.0,2395.5,2519.0,2776.5,2876.0,3026.0,2287.5,1016.5,1341.0,1834.0,2064.0,2203.5,2385.5,2589.5,2618.5,2777.5,2204.5,788.0,1011.5,1367.5,1583.5,1671.5,1809.5,2005.0,2051.0,2674.5,2119.0,753.0,936.5,1257.5,1448.5,1574.5,1721.0,1855.0,1944.5,1805.0,1487.0,495.0,654.0,888.5,1013.0,1041.0,1189.0,1267.0,1285.5,0.0,0.0,0.0,0.0,0.0,0.0,0.0,0.0,0.0,0.0,1726.5,1316.0,484.5,647.5,863.5,989.0,1007.5,1144.5,1248.0,1244.5,1936.0,1570.5,619.5,775.0,933.0,1070.5,1152.5,1225.0,1317.5,1302.0,2464.5,2041.0,791.5,1026.0,1239.5,1449.5,1565.5,1644.5,1757.0,1779.0,2374.5,1990.0,746.0,975.0,1221.5,1373.0,1457.0,1546.0,1691.0,1686.5,2170.0,1782.0,711.5,839.0,1055.5,1168.0,1250.0,1366.5,1463.0,1490.0,2076.5,1778.0,648.0,822.5,1086.5,1191.5,1279.5,1331.0,1414.5,1473.0,2177.5,1853.0,709.0,942.0,1207.0,1328.0,1388.0,1486.5,1555.0,1581.5,"{""type"":""MultiPoint"",""coordinates"":[]}"
426_0,3,1670.5,1415.0,529.5,652.0,844.0,938.0,967.5,1023.0,1109.5,1095.5,2369.5,2106.5,885.5,1152.5,1369.0,1485.5,1515.5,1592.0,1677.5,1675.5,2448.5,2189.5,940.5,1190.0,1413.5,1519.0,1549.0,1635.5,1702.5,1710.0,470.0,459.5,780.5,1065.0,1139.0,1275.5,930.0,994.5,955.5,835.5,414.0,376.0,892.0,1099.0,1147.0,1289.0,959.0,985.0,973.0,795.0,414.0,376.0,892.0,1099.0,1147.0,1289.0,1067.0,1133.0,1158.0,1040.0,333.0,242.0,457.0,658.0,593.0,1016.0,932.0,1044.0,965.0,842.0,453.0,310.0,444.0,665.0,595.0,1138.0,1301.0,1494.0,1275.0,1130.0,447.0,274.0,333.0,525.0,450.0,1016.0,1209.0,1355.0,1172.0,1018.0,508.0,330.0,272.0,418.0,311.5,847.5,1234.5,1454.5,1307.5,1175.0,712.0,435.0,221.5,346.0,232.0,735.5,1411.5,1748.0,1607.5,1493.0,1898.0,1642.5,665.5,812.5,1012.0,1102.0,1126.5,1175.5,1288.0,1309.5,971.0,518.0,190.0,349.0,234.0,643.0,1779.0,2265.0,2081.0,2251.0,1222.0,624.0,182.0,422.0,202.0,774.0,2220.0,2645.0,2697.0,2753.0,1285.0,659.0,301.0,681.0,407.0,1161.0,2658.0,3276.0,3113.0,3273.0,1455.0,776.0,513.0,942.0,782.0,1609.0,2809.0,3142.0,3211.0,3331.0,1948.0,1141.0,620.0,1050.0,1017.0,1764.0,2700.0,2945.0,3199.0,3301.0,2235.0,1398.5,642.5,1072.5,1188.0,1848.0,2507.0,2851.5,2952.0,3110.5,3582.5,2553.0,1039.5,1452.0,1790.0,2203.5,2492.0,2698.5,2988.0,3074.0,2908.0,2247.5,910.5,1169.0,1498.5,1695.0,1834.5,1960.0,2235.5,2219.5,2464.5,1986.0,648.0,913.0,1279.5,1464.0,1498.0,1628.0,1766.5,1861.5,2056.0,1665.0,648.0,836.0,1097.0,1245.0,1314.0,1444.0,1469.0,1565.0,1729.0,1456.0,444.0,635.0,871.0,957.0,971.0,1046.0,1144.0,1166.0,1881.0,1638.0,489.0,646.0,881.0,978.0,1038.0,1091.0,1161.0,1214.0,1767.5,1532.5,548.0,673.5,872.0,983.5,1010.5,1063.5,1116.5,1162.0,1847.5,1619.0,519.0,708.0,921.0,1030.0,1054.0,1108.0,1222.0,1223.5,2279.0,2064.0,811.0,986.0,1215.0,1368.0,1382.0,1461.0,1518.0,1557.0,1182.0,1047.0,274.0,376.0,493.0,557.0,592.0,641.0,694.0,709.0,707.0,529.0,731.0,603.0,562.0,579.0,594.0,615.0,785.0,599.0,1764.0,1554.0,541.0,719.0,916.0,979.0,1003.0,1062.0,1175.0,1135.0,237.0,203.0,212.0,170.0,142.0,154.0,166.0,173.0,176.0,173.0,2172.0,1951.0,727.0,939.0,1148.0,1245.0,1252.0,1362.0,1424.0,1441.0,1571.0,1394.0,522.0,644.0,839.0,1078.0,1274.0,1460.0,870.0,1571.0,1571.0,1349.0,405.0,506.0,674.0,749.0,738.0,780.0,870.0,913.0,1900.0,1702.0,664.0,827.0,989.0,1073.0,1099.0,1165.0,1249.0,1233.0,2085.5,1905.5,727.0,905.5,1103.5,1205.0,1237.0,1312.0,1407.5,1401.0,"{""type"":""MultiPoint"",""coordinates"":[]}"
427_0,3,1978.0,1671.5,589.5,745.0,997.5,1140.0,1199.5,1259.0,1341.5,1369.0,2634.0,2223.0,1028.0,1355.5,1657.0,1801.5,1843.0,1940.5,2037.0,2045.0,2659.5,2224.0,982.5,1274.0,1633.5,1777.5,1781.0,1862.5,1973.5,1977.5,2791.5,2365.0,1062.0,1389.5,1735.0,1898.0,1914.0,1990.0,2076.5,2106.0,407.5,360.0,899.0,1137.5,1219.0,1454.5,1274.5,1295.0,1326.0,1208.0,284.0,264.0,709.0,988.0,1108.0,1342.0,1144.5,1190.5,1189.5,1105.5,371.0,276.0,643.0,919.5,971.5,1251.5,1198.0,1296.0,1255.5,1147.0,716.0,605.0,604.5,919.5,880.0,1244.0,1600.5,1641.0,1545.0,1449.0,1310.5,741.0,376.0,722.5,443.0,1129.0,2589.5,2995.0,3042.0,2931.0,1787.5,987.0,328.5,718.0,550.5,1329.0,2987.5,3566.5,3775.0,3940.5,1781.5,1006.0,331.0,723.5,610.5,1398.0,2799.0,3353.5,3558.5,3673.0,2295.0,1937.0,651.0,867.0,1159.0,1321.0,1386.5,1428.0,1489.5,1604.0,1774.0,976.0,317.5,704.5,600.0,1371.0,2796.5,3361.0,3567.0,3649.5,1595.5,854.5,288.5,666.0,498.0,1253.0,2851.5,3451.5,3610.0,3717.0,1520.0,844.0,316.5,667.5,444.0,1154.5,2747.0,3299.0,3381.5,3546.0,1721.0,915.5,440.5,910.5,532.0,1537.0,3111.5,3507.5,3658.5,3745.5,1751.5,947.0,455.0,965.0,635.5,1610.0,2931.0,3282.5,3523.0,3538.5,1890.0,1096.0,486.0,1070.0,867.0,1892.0,2794.0,3011.0,3256.0,3322.0,2198.5,1273.5,750.0,1321.0,1364.5,2256.5,2866.0,3139.5,3429.0,3536.0,2501.5,1550.0,783.0,1350.0,1566.0,2272.0,2846.5,3096.5,3420.5,3523.5,3691.5,2545.5,1015.0,1452.0,1938.5,2363.5,2648.5,2909.0,3297.0,3376.0,2018.5,1535.0,600.0,851.0,1191.0,1381.0,1423.5,1543.5,1636.5,1745.0,2133.0,1797.5,540.0,791.5,1092.0,1187.5,1244.0,1321.5,1442.5,1502.5,2122.0,1672.0,616.5,872.0,1197.0,1368.0,1413.0,1522.5,1628.0,1686.0,2340.0,1866.5,826.5,1026.5,1312.0,1456.0,1523.0,1620.5,1742.5,1764.0,2077.0,1748.5,645.5,800.5,1032.0,1172.0,1216.5,1300.5,1403.0,1440.5,2193.0,1769.5,677.5,863.0,1098.5,1256.0,1302.0,1381.0,1456.5,1523.5,1840.0,1546.0,504.0,625.5,851.5,972.0,997.0,1079.5,1210.5,1199.0,0.0,0.0,0.0,0.0,0.0,0.0,0.0,0.0,0.0,0.0,1768.5,1447.5,511.5,719.0,935.5,1023.0,1083.5,1170.0,1245.0,1243.5,1975.5,1698.5,665.5,817.5,997.0,1110.0,1147.0,1210.0,1309.0,1295.5,2415.0,2055.5,821.5,1038.0,1275.5,1436.5,1465.0,1556.0,1638.0,1668.5,2452.0,2075.5,831.5,1034.0,1280.0,1417.5,1429.0,1517.0,1639.5,1625.5,2303.5,1921.5,813.0,960.5,1163.5,1301.5,1299.0,1394.0,1487.5,1506.5,2221.0,1873.5,698.0,902.5,1163.5,1281.0,1298.5,1378.5,1495.0,1501.0,2402.0,2053.5,869.0,1149.5,1455.0,1559.0,1610.0,1657.0,1809.5,1788.5,"{""type"":""MultiPoint"",""coordinates"":[]}"
428_0,3,3417.5,2694.0,948.5,1110.0,1454.5,1685.0,1770.0,1903.5,2083.0,2253.5,2306.0,2138.0,625.0,861.0,1162.0,1255.0,1245.0,1350.0,1517.0,1511.0,2440.0,2306.0,738.0,942.0,1227.0,1369.0,1380.0,1512.0,1594.0,1626.0,2361.5,2254.0,738.5,973.5,1274.5,1402.0,1420.5,1513.0,1622.5,1634.0,446.0,390.0,828.0,904.0,927.0,933.0,709.0,729.0,793.0,535.0,446.0,390.0,836.0,904.0,927.0,933.0,709.0,729.0,793.0,535.0,945.0,598.0,416.0,714.0,539.0,1044.0,1253.0,1488.0,1053.0,1171.0,1408.0,898.0,424.0,782.0,553.0,1303.0,2173.0,2284.0,2255.0,2478.0,1372.0,726.0,256.0,651.0,323.0,1110.0,2729.0,2814.0,2871.0,2884.0,1465.5,775.5,189.0,555.5,360.0,1071.0,2717.0,3286.5,3287.0,3323.5,1292.0,663.0,151.0,440.0,249.5,813.5,2410.5,3112.5,3151.5,3187.5,3451.0,2869.5,1174.0,1320.5,1604.0,1832.5,1779.0,1911.0,2043.5,2121.5,1233.0,581.5,98.0,291.0,94.5,546.0,2362.5,3373.5,3422.0,3470.0,1050.0,475.5,47.5,243.0,45.0,481.5,2341.0,3411.5,3426.0,3514.0,1029.0,468.0,424.0,620.0,427.0,861.0,2364.0,3472.0,3462.0,3603.0,1222.0,609.0,555.0,856.0,551.0,1256.0,2824.0,3659.0,3742.0,3794.0,1225.0,631.0,423.0,781.0,551.0,1256.0,2751.0,3376.0,3575.0,3599.0,1416.0,764.0,333.0,748.0,638.0,1386.0,2688.0,3188.0,3347.0,3449.0,2042.0,1157.0,677.5,1187.5,1171.5,2034.5,3006.0,3346.5,3653.0,3747.0,2501.0,1578.0,1016.0,1495.0,1725.5,2406.0,3050.5,3353.0,3665.5,3786.0,3649.0,2821.0,1214.0,1612.0,2190.0,2556.0,2747.0,2988.0,3376.0,3305.0,3487.0,2373.5,1212.0,1635.0,2357.5,2687.0,2818.5,3016.0,3297.0,3411.0,3540.5,2885.0,783.5,1005.5,1416.0,1620.0,1683.5,1777.5,2017.0,2122.5,4027.0,2910.0,1170.5,1558.5,2144.0,2476.5,2575.0,2761.5,2999.5,3107.5,4836.0,4018.0,2806.5,3048.0,3449.5,3811.5,3888.5,4007.5,4139.5,4212.0,3460.0,2826.0,1063.5,1261.5,1649.5,1889.0,1961.5,2119.5,2308.5,2369.5,3483.0,2792.5,999.5,1186.5,1546.5,1773.5,1891.0,2043.0,2191.5,2264.5,2949.5,2248.0,763.0,971.0,1325.5,1565.5,1660.5,1757.0,1960.0,2004.5,0.0,0.0,0.0,0.0,0.0,0.0,0.0,0.0,0.0,0.0,3658.0,2899.0,833.0,1153.0,1628.0,1875.0,1938.0,2066.0,2244.0,2371.0,2976.0,2415.0,940.0,1209.0,1628.0,1903.0,1949.0,2114.0,2244.0,2402.0,3606.0,2914.0,1011.0,1269.0,1695.0,1989.0,2057.0,2169.0,2388.0,2542.0,1951.5,1742.0,554.0,685.0,956.0,1039.0,1041.0,1102.5,1239.0,1260.5,2035.0,1793.0,555.0,700.0,1008.0,1114.0,1040.0,1113.0,1237.0,1288.0,2048.0,1920.5,543.0,718.0,988.0,1065.5,1076.0,1139.0,1263.0,1300.5,2110.0,1968.5,585.0,769.0,1050.5,1133.5,1166.5,1212.5,1360.0,1374.0,"{""type"":""MultiPoint"",""coordinates"":[]}"
429_0,3,1881.5,1523.5,586.0,718.0,969.0,1088.5,1103.5,1182.0,1305.5,1335.5,2228.0,1855.0,779.0,973.0,1197.5,1329.5,1430.0,1527.5,1613.0,1638.5,2303.0,1986.0,832.5,1072.0,1357.5,1463.0,1460.5,1532.0,1597.0,1623.5,2538.0,2211.0,978.0,1260.5,1563.5,1683.5,1711.0,1789.5,1864.0,1874.0,1171.0,1100.0,827.0,1070.0,1312.0,1415.0,1438.0,1508.0,1498.0,1586.0,423.0,385.0,807.0,1035.0,1016.0,1265.0,1039.0,1088.0,1036.0,885.0,438.0,318.0,477.0,736.0,684.0,934.0,1005.0,1018.0,959.0,957.0,587.0,390.0,446.0,717.0,629.0,960.0,1105.0,1251.0,1114.0,1060.0,739.0,517.0,351.0,592.0,432.0,882.0,1382.0,1764.0,1588.0,1378.0,1556.0,814.0,219.5,515.5,250.0,883.0,2856.0,3540.0,3420.5,3464.5,1604.5,779.0,99.5,341.0,105.5,680.0,2944.5,4210.0,4134.0,4224.5,2125.0,1769.0,649.0,844.0,1059.0,1205.0,1230.0,1329.0,1402.0,1459.0,1629.0,775.0,120.0,350.0,110.0,668.0,3190.0,4424.0,4526.0,4579.0,1640.0,751.0,62.0,400.0,126.0,817.0,3427.0,4659.0,4773.0,4866.0,1696.0,808.0,187.0,584.0,309.0,1118.0,3600.0,4756.0,4953.0,5100.0,1800.0,885.0,421.0,901.0,575.0,1627.0,3653.0,4513.0,4678.0,4805.0,1849.0,1026.0,463.5,990.5,739.5,1753.0,3474.5,3992.5,4388.5,4408.0,2099.0,1211.5,517.0,1090.5,1069.5,2037.5,3200.5,3632.0,3887.5,4034.0,2503.0,1472.5,805.0,1287.0,1462.0,2336.0,3209.0,3595.5,3899.0,4033.0,2839.0,1801.0,900.0,1408.5,1756.0,2528.5,3163.5,3513.0,3871.5,3979.5,4171.0,2814.0,1143.0,1553.0,2261.0,2773.0,3037.0,3354.0,3791.0,3849.0,4024.0,2750.5,1062.5,1490.5,2284.0,2769.0,2973.0,3339.0,3438.0,3659.5,2094.0,1720.5,624.0,803.0,1067.5,1166.0,1180.0,1266.5,1447.0,1433.5,3707.0,2624.0,956.0,1336.5,1926.0,2262.0,2446.0,2628.0,2812.5,3069.0,3550.5,2529.5,968.5,1283.0,1816.5,2177.5,2288.5,2503.5,2654.0,2849.0,3106.5,2411.5,743.5,937.5,1282.0,1549.5,1608.0,1780.0,1897.5,2033.0,3115.0,2447.0,754.5,942.5,1265.0,1500.0,1573.0,1748.5,1835.0,1960.5,1953.0,1247.0,504.0,675.0,954.0,1083.0,1135.0,1194.0,1409.0,1378.0,0.0,0.0,0.0,0.0,0.0,0.0,0.0,0.0,0.0,0.0,1506.0,1160.0,460.0,605.0,795.0,882.0,859.0,958.0,1046.0,1073.0,1722.0,1372.0,565.0,692.0,842.0,961.0,985.0,1039.0,1107.0,1132.0,2299.0,1890.0,800.0,993.0,1211.0,1320.0,1405.0,1455.0,1584.0,1606.0,2237.5,1833.5,861.0,984.0,1196.0,1273.0,1326.5,1379.5,1542.0,1521.5,1872.0,1511.5,584.0,713.0,903.5,988.5,995.5,1051.5,1180.0,1198.0,2242.5,1904.5,794.5,956.0,1143.0,1281.0,1382.5,1490.5,1588.5,1585.0,2335.0,1937.0,831.0,1049.0,1241.0,1355.0,1503.0,1540.0,1709.0,1677.0,"{""type"":""MultiPoint"",""coordinates"":[]}"
430_0,3,2080.5,1666.0,616.5,759.0,1038.5,1169.0,1231.0,1316.0,1441.5,1494.0,2373.5,1972.0,772.0,963.0,1218.0,1368.0,1499.0,1600.5,1690.5,1722.0,2357.5,2029.0,797.0,1035.5,1350.0,1464.0,1490.0,1551.5,1645.0,1681.5,2567.5,2238.5,934.5,1197.0,1537.0,1658.0,1717.5,1776.0,1892.0,1897.5,1651.0,1264.0,870.0,1052.0,1306.0,1427.0,1457.0,1527.0,1548.0,1594.0,503.0,443.0,870.0,1052.0,1022.0,1194.0,945.0,972.0,940.0,812.0,390.0,301.0,505.0,670.0,665.0,900.0,829.0,901.0,872.0,812.0,422.0,353.0,401.0,637.0,623.0,899.0,910.0,1002.0,953.0,877.0,923.0,526.0,356.0,608.0,447.0,906.0,1727.0,2069.0,2005.0,1896.0,1728.5,898.0,207.0,532.0,223.0,878.0,3217.0,4079.0,4132.5,4137.0,1769.5,852.5,78.0,348.5,85.5,701.0,3303.5,4759.5,4817.0,4966.5,2288.0,1874.0,650.0,848.0,1092.0,1273.0,1319.0,1404.0,1502.0,1549.0,1733.0,831.0,114.0,375.0,119.0,722.0,3314.0,4838.0,4889.0,5023.0,1729.0,821.0,92.0,410.0,184.0,881.0,3441.0,4873.0,5005.0,5217.0,1830.0,881.0,219.0,624.0,359.0,1151.0,3572.0,4944.0,5140.0,5383.0,1927.0,983.0,440.0,900.0,593.0,1655.0,3751.0,4704.0,4966.0,5093.0,1984.5,1099.0,464.0,976.5,734.0,1785.0,3568.5,4265.0,4707.0,4670.5,2205.0,1294.5,536.0,1108.5,1081.0,2048.0,3368.5,3871.5,4284.0,4399.5,2715.0,1622.5,861.0,1370.0,1522.0,2489.0,3475.5,3869.5,4334.5,4420.5,3138.0,2032.5,982.5,1528.5,1930.5,2821.0,3451.0,3866.5,4293.0,4361.0,4190.0,2906.0,1158.0,1636.0,2371.0,2948.0,3219.0,3515.0,3977.0,4116.0,4014.5,2749.0,1125.0,1563.0,2342.5,2868.5,2979.5,3338.5,3471.5,3844.0,2296.0,1886.0,640.5,810.5,1090.5,1227.5,1287.0,1383.5,1529.5,1558.5,3641.5,2596.5,954.5,1341.0,1927.5,2317.0,2475.5,2645.5,2816.0,3067.5,3401.0,2471.5,994.0,1297.0,1775.0,2127.0,2231.0,2426.5,2633.5,2783.5,3073.5,2331.0,728.0,932.5,1262.0,1524.5,1634.0,1791.0,1916.0,2000.5,3091.0,2398.0,753.0,926.5,1248.5,1494.5,1581.5,1748.0,1826.5,1961.0,1774.0,1285.0,482.0,601.0,879.0,942.0,990.0,1071.0,1274.0,1169.0,0.0,0.0,0.0,0.0,0.0,0.0,0.0,0.0,0.0,0.0,1678.0,1301.0,484.0,623.0,815.0,916.0,961.0,1029.0,1150.0,1169.0,1902.0,1549.0,574.0,685.0,852.0,1018.0,1025.0,1141.0,1180.0,1259.0,2421.0,2009.0,728.0,911.0,1130.0,1294.0,1373.0,1487.0,1609.0,1631.0,2234.0,1830.0,965.0,1135.0,1344.0,1478.0,1628.0,1724.0,1897.0,1842.0,2060.5,1692.5,603.0,725.5,933.5,1052.5,1105.5,1191.5,1317.5,1331.5,2401.5,2035.0,779.5,938.0,1122.5,1285.5,1427.0,1551.5,1665.0,1695.5,2500.0,2069.0,815.0,995.0,1206.0,1370.0,1538.0,1648.0,1777.0,1805.0,"{""type"":""MultiPoint"",""coordinates"":[]}"
431_0,3,1083.0,936.5,322.0,394.5,489.0,546.5,557.0,599.0,654.5,656.0,1905.0,1700.0,705.0,908.5,1061.5,1149.5,1169.5,1235.0,1316.0,1299.5,2063.0,1846.5,748.5,956.0,1124.0,1215.0,1245.0,1317.5,1374.5,1383.0,2476.0,2216.5,1075.0,1346.5,1525.5,1640.5,1640.5,1710.0,1780.5,1797.0,2677.0,2447.0,1204.0,1418.0,1645.0,1761.0,1814.0,1893.0,2000.0,1988.0,2353.0,2132.0,1068.0,1285.0,1470.0,1555.0,1573.0,1642.0,1717.0,1706.0,338.0,312.0,776.0,1002.0,1009.0,1186.0,882.0,875.0,847.0,712.0,431.0,403.0,897.0,1144.0,1204.0,1358.0,1009.0,1074.0,992.0,839.0,223.0,168.0,663.0,902.0,956.0,1091.0,847.0,932.0,855.0,762.0,233.5,172.0,598.0,902.0,929.0,1115.0,871.0,954.5,910.5,815.0,339.0,238.0,467.0,769.5,721.0,1011.5,966.5,998.0,950.0,912.5,1328.0,1151.5,473.0,563.5,684.0,738.0,757.0,803.5,886.5,879.5,729.0,467.0,383.0,634.0,514.0,891.0,1464.0,1748.0,1485.0,1506.0,867.0,473.0,200.0,438.0,256.0,752.0,1566.0,1901.0,1646.0,1817.0,1045.0,529.0,200.0,377.0,203.0,665.0,2048.0,2680.0,2356.0,2554.0,1202.0,606.0,313.0,525.0,313.0,877.0,2324.0,2848.0,2708.0,2854.0,1245.0,661.0,304.0,626.0,368.0,1128.0,2423.0,2810.0,2760.0,2872.0,1255.0,706.5,350.0,710.0,510.0,1349.5,2436.0,2769.0,2714.0,2818.0,1731.0,1012.0,718.0,1113.0,1238.0,1879.0,2597.0,2813.0,3059.0,3099.0,2200.0,1437.0,685.5,1074.0,1314.0,1944.0,2546.5,2819.0,3069.0,3143.0,3342.0,2355.0,941.0,1396.0,1898.0,2390.0,2637.0,2888.0,3241.0,3255.0,2184.5,1490.0,739.5,1015.5,1423.0,1726.5,1824.5,1986.5,2072.0,2247.5,1366.0,1134.0,511.0,591.0,712.0,769.0,769.0,828.0,893.0,887.0,3327.0,2589.0,978.0,1312.0,1781.0,2059.0,2197.0,2350.0,2567.0,2627.0,3280.5,2512.5,1062.0,1367.0,1781.5,2077.5,2179.5,2335.5,2501.5,2586.5,2986.0,2400.0,871.0,1100.5,1429.0,1648.0,1738.0,1854.0,2010.5,2083.5,2950.0,2386.0,950.0,1175.0,1483.0,1705.0,1756.0,1894.0,2015.0,2128.0,2317.0,1529.0,762.0,949.0,1253.0,1438.0,1506.0,1614.0,1837.0,1870.0,0.0,0.0,0.0,0.0,0.0,0.0,0.0,0.0,0.0,0.0,2114.0,1910.0,778.0,996.0,1190.0,1285.0,1346.0,1399.0,1486.0,1482.0,357.0,332.0,253.0,202.0,198.0,205.0,196.0,228.0,235.0,239.0,2320.0,2110.0,877.0,1160.0,1360.0,1469.0,1482.0,1586.0,1649.0,1613.0,2501.0,2275.0,1056.0,1301.0,1513.0,1597.0,1661.0,1722.0,1850.0,1808.0,1755.0,1536.0,527.0,677.0,849.0,910.0,912.0,949.0,1035.0,1027.0,1722.0,1535.0,725.0,804.0,897.0,984.0,992.0,1089.0,1187.0,1145.0,1767.0,1591.0,645.5,798.0,933.5,1000.5,1041.0,1115.0,1178.0,1177.5,"{""type"":""MultiPoint"",""coordinates"":[]}"
432_0,3,1965.0,1616.0,599.0,717.0,985.5,1119.5,1143.5,1216.0,1321.5,1369.0,2242.0,1970.5,903.5,1150.5,1392.5,1516.0,1540.5,1604.0,1689.0,1693.5,2297.0,2007.5,863.5,1098.5,1362.0,1481.0,1490.5,1563.0,1662.0,1674.5,2261.0,1978.0,861.0,1083.5,1335.0,1457.0,1471.5,1550.0,1630.0,1650.5,300.0,240.0,663.0,847.0,883.0,1038.0,851.0,916.0,923.0,789.0,330.0,253.0,556.0,789.0,823.0,1038.0,918.0,1004.0,923.0,894.0,577.0,407.0,529.0,692.0,654.0,1021.0,1208.0,1219.0,1159.0,1114.0,887.0,619.0,474.0,680.0,477.0,1041.0,1790.0,1992.0,1875.0,1659.0,1246.0,687.0,372.0,651.0,426.0,1096.0,2611.0,3050.0,2970.0,2912.0,1501.5,828.0,305.0,618.5,427.5,1127.0,2678.5,3276.0,3333.5,3354.5,1482.0,748.5,179.0,415.5,242.0,774.5,2698.0,3555.0,3641.0,3707.0,2168.0,1810.0,662.0,825.0,1077.0,1217.0,1261.0,1343.0,1450.0,1479.0,1514.0,774.0,190.0,491.0,269.0,881.0,3003.0,3858.0,3869.0,4011.0,1614.0,808.0,205.0,623.0,378.0,1131.0,3248.0,4062.0,4175.0,4296.0,1703.0,855.0,333.0,792.0,553.0,1443.0,3424.0,4107.0,4225.0,4347.0,1820.0,985.0,499.0,1023.0,858.0,1866.0,3210.0,3673.0,3809.0,3981.0,1978.0,1140.5,553.0,1047.0,996.0,1899.0,2962.5,3320.5,3587.0,3657.5,2293.0,1395.0,604.5,1068.0,1219.5,1970.5,2753.5,3076.0,3272.0,3440.0,3112.0,2063.5,939.5,1323.5,1607.0,2228.0,2767.0,3092.5,3295.5,3452.5,3819.0,2688.0,965.5,1341.5,1893.5,2409.5,2687.5,2881.5,3194.5,3363.5,3501.5,2528.0,918.5,1301.0,1905.5,2286.5,2460.5,2705.5,2947.0,3053.0,2302.0,1828.0,716.0,987.0,1353.0,1572.0,1666.0,1730.0,1831.0,1952.0,2137.5,1791.0,626.5,799.5,1071.0,1207.0,1222.5,1318.0,1443.5,1481.5,2355.5,1865.5,763.0,1022.5,1399.0,1587.5,1677.0,1764.5,1886.5,1974.5,2321.0,1808.0,853.5,1077.5,1409.0,1584.5,1631.5,1746.0,1848.0,1907.5,2125.0,1692.5,647.0,843.0,1130.0,1248.5,1305.0,1412.0,1525.5,1537.0,2133.5,1744.0,724.5,863.0,1138.0,1277.5,1322.5,1428.0,1508.0,1571.0,1835.0,1450.0,557.0,680.0,921.0,1012.0,1073.0,1161.0,1276.0,1248.0,0.0,0.0,0.0,0.0,0.0,0.0,0.0,0.0,0.0,0.0,1726.0,1416.0,531.0,689.0,881.0,980.0,961.0,1019.0,1151.0,1185.0,1898.0,1636.0,617.0,721.0,894.0,1000.0,995.0,1063.0,1159.0,1185.0,2195.0,1882.5,751.0,925.5,1138.5,1251.5,1261.5,1332.5,1439.5,1465.5,2074.0,1728.0,619.0,731.0,971.0,1074.0,1033.0,1088.0,1193.0,1238.0,2152.0,1799.0,741.5,826.5,1043.0,1147.5,1158.0,1248.0,1313.0,1397.0,1983.0,1736.0,648.0,788.0,1006.0,1112.0,1175.0,1230.0,1318.0,1348.0,1983.0,1736.0,672.0,846.0,1065.0,1143.0,1175.0,1230.0,1333.0,1348.0,"{""type"":""MultiPoint"",""coordinates"":[]}"
433_0,3,122.5,109.5,179.0,226.0,307.0,358.5,227.5,258.0,272.0,179.5,2341.0,1941.5,737.0,937.0,1183.5,1333.0,1391.5,1504.0,1595.0,1622.5,2444.5,2072.0,820.0,1051.5,1297.0,1444.5,1504.5,1593.5,1695.5,1754.5,2566.0,2259.5,1071.5,1323.5,1564.5,1699.0,1728.5,1794.0,1874.0,1890.5,2747.0,2411.0,1371.0,1627.0,1857.0,1971.0,2000.0,2075.0,2170.0,2116.0,1177.0,1182.0,1137.0,1454.0,1531.0,1771.0,1623.0,1675.0,1349.0,1501.0,302.0,236.0,690.0,911.0,907.0,1060.0,885.0,937.0,954.0,773.0,463.0,373.0,690.0,968.0,907.0,1303.0,1225.0,1300.0,1230.0,1107.0,601.0,451.0,491.0,807.0,643.0,1199.0,1324.0,1452.0,1335.0,1165.0,834.5,520.0,284.0,551.0,351.5,957.0,1841.5,2195.0,2109.5,1923.0,1032.5,576.0,214.5,463.5,251.5,798.0,2190.0,2703.5,2692.0,2517.5,170.0,142.0,239.0,370.0,424.0,483.0,359.0,397.0,418.0,322.0,1224.0,618.0,221.0,469.0,246.0,752.0,2358.0,3156.0,3058.0,3082.0,1251.0,618.0,101.0,360.0,125.0,678.0,2541.0,3348.0,3346.0,3331.0,1308.0,648.0,167.0,481.0,236.0,907.0,2852.0,3832.0,3808.0,3926.0,1510.0,774.0,434.0,886.0,555.0,1538.0,3262.0,3782.0,3868.0,3954.0,1510.0,833.0,441.0,942.0,747.0,1699.0,2957.0,3336.0,3637.0,3588.0,1960.0,1163.0,543.5,1052.5,1041.0,1956.5,2832.5,3172.5,3366.5,3410.5,2401.0,1445.0,882.0,1379.0,1491.0,2303.0,2884.0,3179.0,3434.0,3522.0,3274.0,2238.5,1007.5,1494.5,1852.0,2563.5,2973.0,3254.0,3527.0,3646.0,4266.0,2867.5,1262.5,1806.0,2531.0,3171.5,3419.5,3693.5,4046.0,4190.0,4645.0,3213.0,1489.0,2100.0,2989.0,3539.0,3686.0,3980.0,4142.0,4281.0,170.0,142.0,239.0,290.0,391.0,434.0,356.0,397.0,418.0,322.0,4473.0,3213.0,1357.0,1855.0,2578.0,2958.0,3108.0,3291.0,3445.0,3721.0,4210.0,3126.5,1219.0,1602.0,2210.5,2558.5,2696.5,2875.5,3114.0,3216.0,2720.0,2132.0,737.0,959.0,1331.5,1550.5,1594.5,1678.0,1883.0,1875.5,289.0,223.0,314.0,418.0,595.0,691.0,528.0,611.0,650.0,516.0,146.0,103.0,109.0,154.0,242.0,272.0,210.0,237.0,275.0,185.0,0.0,0.0,0.0,0.0,0.0,0.0,0.0,0.0,0.0,0.0,102.0,109.0,105.0,166.0,267.0,368.0,250.0,291.0,305.0,246.0,571.0,336.0,255.0,354.0,517.0,701.0,791.0,871.0,953.0,986.0,3533.0,2663.0,927.0,1237.0,1632.0,1937.0,2063.0,2196.0,2379.0,2510.0,1330.0,778.0,396.0,527.0,856.0,1077.0,1181.0,1273.0,1447.0,1592.0,2387.5,1642.5,657.5,873.5,1243.0,1570.5,1680.5,1760.5,1958.0,2120.0,4428.0,3470.0,1397.5,1691.0,2127.0,2437.0,2600.5,2813.5,3060.5,3120.0,4213.0,3341.5,1312.5,1603.0,2020.0,2297.0,2396.5,2596.0,2760.5,2894.0,"{""type"":""MultiPoint"",""coordinates"":[]}"
434_0,3,3299.0,2595.5,924.0,1055.5,1347.5,1588.0,1710.5,1880.0,2040.0,2197.0,2079.0,1924.0,597.0,870.0,1136.0,1273.0,1324.0,1393.0,1500.0,1523.0,2363.0,2262.0,789.0,1030.0,1368.0,1522.0,1564.0,1654.0,1734.0,1775.0,665.0,666.5,529.5,718.5,890.5,1032.0,838.0,852.0,758.0,759.0,353.0,321.0,698.0,776.0,775.0,848.0,631.0,692.0,648.0,532.0,353.0,317.0,333.0,594.0,547.0,788.0,631.0,692.0,648.0,532.0,592.0,450.0,273.0,550.0,389.0,804.0,1039.0,1116.0,1020.0,960.0,1338.0,774.0,253.0,611.0,361.0,920.0,1970.0,2231.0,2196.0,2303.0,1076.0,604.0,145.0,385.0,174.0,641.0,2000.0,2423.0,2326.0,2436.0,1231.5,600.0,73.5,313.0,78.0,549.5,2368.5,3218.0,3121.5,3212.0,1198.0,550.0,21.5,196.0,26.5,380.5,2321.5,3370.0,3399.0,3443.0,5065.5,4581.0,3163.5,3194.0,3476.0,3719.0,3837.5,3939.0,4055.5,4153.0,1247.0,578.0,20.0,184.0,4.5,406.0,2541.5,3969.0,3986.0,4121.5,1240.0,577.0,97.5,469.5,134.5,851.0,2962.5,4216.0,4269.0,4376.5,1285.0,625.0,483.0,808.0,569.0,1252.0,3204.0,4100.0,4119.0,4295.0,1443.0,782.0,685.0,1110.0,942.0,1830.0,3231.0,3702.0,3843.0,3918.0,1526.0,857.0,590.0,1098.0,942.0,1830.0,2892.0,3217.0,3518.0,3549.0,1846.0,1072.0,569.0,1112.0,1129.0,2045.0,2911.0,3208.0,3451.0,3549.0,4316.5,3069.0,1136.5,1588.5,2223.0,2746.5,3064.5,3353.5,3614.5,3757.5,4221.0,3146.5,1103.5,1531.5,2218.0,2613.0,2822.5,3094.5,3381.5,3483.5,3951.0,2877.0,1108.0,1508.0,2043.0,2382.0,2548.0,2745.0,3180.0,3084.0,3527.0,2520.5,996.0,1329.5,1879.0,2231.5,2390.0,2583.0,2783.0,2883.0,3313.0,2667.0,662.0,913.0,1291.0,1473.0,1613.0,1701.0,1958.0,2028.0,3516.0,2794.5,828.5,1097.0,1471.0,1757.5,1949.5,2109.0,2239.0,2365.0,4454.0,3784.0,2272.5,2463.5,2738.0,3116.0,3292.0,3424.0,3541.0,3605.0,3192.0,2658.0,854.0,974.0,1193.0,1445.5,1636.0,1800.5,1910.5,1969.0,3066.5,2549.0,790.5,924.0,1137.0,1405.5,1569.5,1731.5,1857.0,1918.5,1998.0,1455.5,396.0,585.0,780.0,1024.5,1224.0,1296.5,1475.0,1533.5,0.0,0.0,0.0,0.0,0.0,0.0,0.0,0.0,0.0,0.0,3735.0,2982.0,861.0,1197.0,1668.0,1885.0,1941.0,2148.0,2316.0,2414.0,3953.0,3283.0,1175.0,1408.0,1891.0,2213.0,2293.0,2560.0,2793.0,2858.0,3639.0,2958.0,967.0,1268.0,1701.0,1899.0,2031.0,2098.0,2398.0,2449.0,2167.5,1830.0,609.0,703.5,931.0,1074.5,1036.0,1157.0,1310.5,1278.5,1302.0,1122.0,368.0,491.0,680.0,760.0,759.0,816.0,915.0,918.0,1761.5,1613.5,498.5,665.0,917.5,1020.0,1033.0,1117.5,1217.5,1220.0,1874.0,1744.5,552.5,738.5,1007.5,1093.0,1136.0,1218.0,1311.0,1310.5,"{""type"":""MultiPoint"",""coordinates"":[]}"
435_0,3,2396.0,1931.5,749.5,936.5,1251.0,1410.0,1418.5,1527.0,1671.0,1701.5,2239.5,1927.5,780.5,987.0,1279.5,1407.0,1454.0,1502.0,1630.0,1646.5,2431.5,2102.5,841.0,1099.5,1440.0,1569.0,1586.5,1672.0,1743.0,1759.5,2561.5,2236.0,873.0,1163.5,1523.5,1667.5,1723.5,1808.5,1876.0,1914.5,461.0,456.0,765.0,950.0,964.0,1214.0,965.0,1000.0,972.0,869.0,307.0,254.0,670.0,843.0,920.0,1045.0,901.0,992.0,976.0,851.0,492.0,422.0,492.0,680.0,648.0,952.0,1251.0,1333.0,1271.0,1274.0,947.0,578.0,482.0,699.0,544.0,986.0,1782.0,1958.0,1897.0,1869.0,1438.0,676.0,307.0,686.0,284.0,891.0,3086.0,3733.0,3847.0,3768.0,1825.5,922.0,272.5,591.5,316.5,1036.5,3208.5,4075.0,4326.5,4427.0,1755.0,873.0,150.5,389.0,230.0,761.5,2885.0,3970.5,4245.0,4388.5,2602.0,2176.0,837.0,1011.0,1313.0,1471.0,1502.0,1612.0,1694.0,1781.0,1728.0,862.0,212.0,409.0,253.0,744.0,2845.0,4090.0,4212.0,4399.0,1593.0,741.0,99.0,368.0,142.0,703.0,3036.0,4276.0,4462.0,4533.0,1593.0,741.0,252.0,667.0,340.0,1176.0,3283.0,4440.0,4556.0,4811.0,1771.0,893.0,457.0,953.0,647.0,1710.0,3743.0,4540.0,4783.0,4846.0,1870.0,999.0,533.5,1069.5,836.0,1893.0,3620.5,4273.0,4698.5,4602.5,2232.0,1260.5,612.0,1196.5,1157.5,2131.0,3524.0,4008.5,4393.5,4466.5,2598.5,1478.5,845.0,1422.5,1501.5,2465.5,3601.5,4060.0,4455.0,4477.0,3873.0,2601.0,1038.5,1514.0,1998.0,2652.5,3302.5,3672.0,4006.5,4191.0,3539.0,2476.5,1030.5,1493.0,2122.5,2623.0,2922.0,3169.0,3543.0,3615.0,3538.0,2401.0,992.0,1488.0,2248.0,2687.0,2914.0,3130.0,3433.0,3580.0,2598.5,2156.0,808.5,989.5,1322.5,1443.0,1489.5,1593.0,1744.5,1781.5,3370.0,2374.5,934.0,1297.0,1846.5,2218.5,2438.0,2698.5,2934.0,3047.5,3163.5,2211.0,982.0,1276.5,1786.0,2096.5,2317.5,2546.5,2815.5,2922.0,2793.5,2103.5,700.5,889.5,1203.5,1430.0,1593.0,1763.0,1962.5,2014.5,2744.5,2097.0,716.5,866.0,1166.0,1368.0,1518.5,1668.0,1849.5,1937.0,1888.0,1478.0,583.0,746.0,1055.0,1185.0,1211.0,1277.0,1463.0,1405.0,0.0,0.0,0.0,0.0,0.0,0.0,0.0,0.0,0.0,0.0,2374.0,2060.0,712.0,908.0,1166.0,1285.0,1298.0,1353.0,1482.0,1489.0,1749.0,1358.0,755.0,758.0,891.0,921.0,880.0,919.0,1209.0,990.0,2540.5,2141.5,819.5,991.0,1262.0,1378.0,1370.0,1451.5,1602.5,1601.5,2641.0,2213.0,856.0,969.0,1273.0,1382.0,1305.0,1393.0,1526.0,1564.0,2654.0,2194.0,908.5,1022.5,1282.0,1411.5,1354.0,1449.0,1605.0,1607.0,2716.0,2364.0,917.0,1076.0,1291.0,1446.0,1490.0,1596.0,1706.0,1737.0,2310.0,1965.0,766.0,988.0,1298.0,1443.0,1477.0,1537.0,1651.0,1669.0,"{""type"":""MultiPoint"",""coordinates"":[]}"
436_0,3,2604.0,1868.0,821.0,921.5,1199.5,1401.5,1438.5,1590.0,1683.5,1826.5,2219.0,2067.0,640.0,887.0,1152.0,1285.0,1304.0,1403.0,1490.0,1557.0,2273.0,2143.0,707.0,908.0,1186.0,1345.0,1322.0,1452.0,1490.0,1557.0,2255.0,2134.0,732.5,968.5,1256.0,1379.0,1424.5,1510.0,1588.0,1625.5,604.0,550.0,433.0,535.0,706.0,847.0,727.0,787.0,848.0,784.0,604.0,550.0,868.0,951.0,1002.0,1102.0,874.0,893.0,894.0,784.0,582.0,483.0,349.0,690.0,401.0,998.0,1158.0,1236.0,1181.0,1161.0,1303.0,810.0,333.0,717.0,423.0,1154.0,2325.0,2427.0,2307.0,2398.0,1227.0,636.0,226.0,524.0,279.0,791.0,2083.0,2366.0,2274.0,2386.0,1261.5,636.0,107.5,393.0,119.0,675.0,2662.0,3406.5,3457.0,3423.0,1287.5,598.0,88.0,358.5,104.5,633.5,2646.5,3711.0,3715.5,3780.5,2974.0,2405.5,824.5,992.0,1305.0,1510.5,1593.5,1765.5,1995.5,2055.0,1278.5,582.0,65.0,255.5,70.0,440.0,2467.5,3854.5,3893.0,4001.5,1122.0,522.0,36.0,224.0,33.5,426.0,2466.5,3949.5,4068.0,4161.5,1127.0,517.0,433.0,672.0,456.0,954.0,2612.0,3892.0,3921.0,4068.0,1317.0,659.0,546.0,867.0,588.0,1314.0,2978.0,3820.0,3991.0,4088.0,1303.0,659.0,429.0,826.0,588.0,1300.0,2899.0,3616.0,3855.0,3911.0,1441.0,786.0,350.0,793.0,710.0,1460.0,2816.0,3316.0,3507.0,3631.0,2101.0,1185.5,662.0,1234.5,1285.0,2177.0,3011.5,3400.5,3674.5,3771.5,2644.0,1648.0,1010.0,1493.5,1856.5,2579.0,3132.5,3458.0,3780.5,3870.5,3928.0,2913.0,1227.0,1634.0,2313.0,2710.0,2881.0,3171.0,3600.0,3624.0,3785.5,2616.5,1100.0,1566.5,2358.0,2709.5,2845.5,3102.5,3349.5,3527.5,3455.5,2706.5,745.0,966.5,1372.5,1571.5,1644.0,1789.0,2021.0,2131.5,4097.0,2939.5,1065.0,1469.0,2098.5,2442.0,2554.5,2782.5,2987.5,3189.0,4416.5,3592.5,2290.0,2508.5,2939.5,3249.5,3345.5,3456.0,3685.0,3739.0,3449.5,2731.5,929.5,1128.0,1503.0,1736.0,1810.5,1982.0,2182.0,2235.5,3480.5,2739.5,958.0,1148.0,1502.5,1771.0,1828.0,1989.5,2168.5,2245.5,2947.0,2207.0,674.5,911.5,1278.0,1498.5,1588.5,1716.0,1935.0,1994.0,0.0,0.0,0.0,0.0,0.0,0.0,0.0,0.0,0.0,0.0,3669.0,2788.0,869.0,1176.0,1664.0,1894.0,1974.0,2094.0,2322.0,2417.0,4082.5,3206.0,1071.5,1309.0,1752.0,2035.0,2175.0,2349.0,2552.5,2664.5,3680.0,2912.5,947.0,1213.5,1578.5,1842.0,1938.5,2099.5,2324.5,2409.5,1870.5,1656.5,550.5,693.0,940.5,1043.5,1060.5,1153.5,1276.5,1259.0,2025.0,1771.0,579.0,728.0,1019.0,1122.0,1088.0,1187.0,1309.0,1287.0,1979.0,1859.0,551.0,715.0,1002.5,1090.0,1102.5,1190.5,1284.5,1298.5,2050.5,1904.0,596.0,781.5,1066.0,1148.5,1179.0,1263.0,1370.0,1371.0,"{""type"":""MultiPoint"",""coordinates"":[]}"
437_0,3,1922.0,1623.0,507.0,659.0,914.0,1029.0,1076.5,1183.5,1289.0,1313.0,2228.0,1925.0,892.0,1154.5,1398.5,1509.5,1547.5,1615.5,1721.5,1698.5,2323.0,2018.0,872.0,1105.0,1372.0,1495.0,1529.0,1623.0,1686.5,1708.0,2193.5,1922.5,869.5,1092.5,1337.0,1464.5,1498.5,1567.0,1631.5,1643.5,309.0,246.5,559.0,785.0,814.0,1044.5,871.5,840.0,817.0,751.0,309.0,246.5,661.5,824.5,898.5,1084.0,982.0,978.5,998.5,923.0,417.5,283.0,457.5,645.5,617.0,953.5,1064.0,1135.5,1110.0,947.0,708.0,466.5,436.5,638.0,514.5,1001.0,1438.0,1617.5,1413.5,1344.0,1010.0,664.5,356.5,603.5,422.0,1031.0,2065.0,2337.5,2237.5,2227.5,1363.0,728.0,226.5,515.0,320.5,960.0,2489.0,3072.0,2978.5,2982.0,1362.0,668.5,195.0,393.5,200.5,673.0,2527.5,3374.5,3357.0,3353.0,2217.0,1895.5,586.0,785.0,1041.0,1196.5,1255.0,1326.0,1416.0,1483.5,1437.5,694.0,219.0,437.5,237.5,788.5,2876.0,3776.5,3734.5,3911.0,1564.5,748.5,234.5,543.5,327.0,943.0,3160.5,4129.0,4218.5,4292.5,1687.0,820.0,403.0,841.0,550.0,1461.0,3389.5,4198.5,4204.5,4408.5,1838.0,1017.5,594.0,1087.5,905.0,1921.0,3319.5,3777.0,3887.5,4025.0,2024.0,1174.5,620.0,1123.5,1080.0,1964.0,2966.5,3348.5,3531.5,3664.0,2399.0,1474.0,654.0,1126.0,1315.0,2050.0,2770.0,3042.0,3236.0,3428.0,3259.5,2139.0,962.0,1392.5,1715.0,2299.5,2761.0,3093.0,3274.5,3430.5,3812.5,2666.5,952.5,1307.0,1911.0,2316.5,2569.0,2816.5,3076.0,3173.5,3449.5,2491.0,862.5,1216.0,1795.5,2160.5,2332.5,2526.0,2698.5,2799.5,2260.5,1801.5,604.0,828.5,1180.5,1389.0,1474.0,1587.0,1611.5,1748.0,2009.0,1688.0,439.5,672.5,940.0,1054.0,1102.5,1224.0,1357.0,1316.0,2163.0,1695.0,604.0,828.0,1146.0,1347.0,1426.0,1520.5,1581.0,1692.5,2280.5,1805.5,790.0,973.5,1267.5,1437.0,1511.0,1611.0,1691.5,1776.5,2071.5,1682.0,593.5,769.5,1039.0,1174.5,1243.5,1309.5,1411.0,1450.5,2241.5,1848.0,697.5,846.5,1119.5,1238.0,1304.0,1415.0,1465.0,1574.0,1818.0,1467.0,475.5,598.5,841.0,927.5,1024.0,1105.5,1216.5,1204.5,0.0,0.0,0.0,0.0,0.0,0.0,0.0,0.0,0.0,0.0,1568.5,1208.0,430.5,565.0,763.0,890.0,929.5,1021.5,1112.0,1144.0,1802.0,1439.0,548.0,679.5,850.0,996.5,1045.5,1123.5,1215.0,1239.5,2455.5,2020.5,830.5,1062.5,1293.5,1449.0,1516.0,1603.5,1706.5,1751.5,2329.0,1922.5,776.5,958.0,1214.0,1349.5,1402.0,1508.0,1643.0,1655.5,2128.5,1740.0,699.0,812.5,1040.0,1162.5,1174.0,1262.0,1389.0,1423.0,1993.0,1737.5,631.0,790.5,993.0,1098.5,1183.0,1272.0,1331.5,1362.0,1972.5,1737.5,653.0,835.0,1053.0,1121.0,1183.0,1272.0,1331.5,1362.0,"{""type"":""MultiPoint"",""coordinates"":[]}"
438_0,3,2895.0,2430.0,1922.5,1929.0,2064.0,2189.0,2262.0,2378.5,2503.5,2492.5,2949.0,2737.0,892.0,1185.0,1565.0,1731.0,1835.0,1904.0,2069.0,2104.0,2815.0,2732.0,880.0,1116.0,1471.0,1627.0,1675.0,1810.0,1907.0,1965.0,576.5,570.0,598.0,781.0,887.5,992.5,803.5,830.5,736.0,686.0,708.0,680.0,804.0,972.5,1025.5,1201.5,986.5,1026.5,901.5,947.0,392.5,300.0,283.5,503.0,416.5,698.0,742.0,804.5,783.5,670.0,780.0,587.0,243.0,623.0,257.0,938.0,1310.0,1398.0,1324.0,1292.0,1617.0,846.0,216.0,643.0,205.0,1030.0,2910.0,3490.0,3393.0,3417.0,1387.0,746.0,174.0,440.0,162.0,755.0,2419.0,3014.0,3056.0,2907.0,1276.0,638.5,67.0,313.0,50.5,565.5,2483.5,3490.0,3511.0,3460.0,1246.5,603.5,48.0,276.5,46.5,520.5,2558.0,3664.0,3814.0,3822.5,3908.5,3222.0,1946.5,2142.5,2357.5,2644.0,2771.0,2878.5,3021.0,3091.5,1295.0,627.0,43.0,266.0,37.0,517.0,2661.0,3794.0,3889.5,3958.0,1457.5,691.0,177.0,634.0,206.5,1086.0,3295.5,4307.5,4392.0,4425.5,1562.0,782.0,549.0,914.0,666.0,1435.0,3416.0,4157.0,4218.0,4360.0,1665.0,916.0,742.0,1162.0,1028.0,1882.0,3223.0,3657.0,3878.0,3927.0,1806.0,1014.0,678.0,1215.0,1099.0,1967.0,3048.0,3378.0,3678.0,3676.0,4259.0,2972.0,1104.0,1554.0,2075.0,2751.0,3048.0,3378.0,3530.0,3676.0,4721.5,3456.0,1179.5,1631.5,2275.5,2731.0,2986.0,3281.5,3544.5,3722.0,4567.5,3390.5,1138.0,1563.5,2264.5,2662.5,2910.0,3186.0,3475.0,3567.0,4345.0,3192.0,1081.5,1478.5,2135.5,2523.0,2793.5,3069.0,3417.5,3506.5,3890.0,3003.0,988.0,1295.0,1761.0,2119.0,2271.0,2537.0,2706.0,2853.0,3483.5,2717.5,760.5,1062.5,1380.5,1701.0,1986.5,2152.5,2403.5,2490.0,3490.5,2801.5,748.5,1037.0,1345.0,1640.0,1872.5,2060.5,2184.0,2317.0,2625.0,2306.0,1251.0,1333.5,1453.5,1652.5,1771.5,1861.0,1939.0,2008.5,3003.0,2718.5,871.5,987.5,1124.5,1376.0,1633.5,1801.0,1908.0,1974.5,2693.0,2412.0,652.0,779.0,898.5,1153.0,1451.5,1595.5,1685.5,1782.5,2374.0,1929.0,451.0,644.0,729.0,1091.0,1641.0,1815.0,1989.0,2001.0,0.0,0.0,0.0,0.0,0.0,0.0,0.0,0.0,0.0,0.0,3450.0,2604.0,818.0,1193.0,1414.0,1979.0,2450.0,2654.0,2893.0,2936.0,2050.0,1521.0,553.5,735.5,835.0,1181.5,1554.5,1678.5,1775.0,1851.0,2936.0,2080.0,683.0,1055.0,1093.5,1769.0,2669.0,2885.0,3155.0,3149.5,2867.0,1977.5,725.5,1097.0,1038.5,1858.0,3067.0,3342.0,3635.0,3599.5,2291.0,2000.0,712.0,907.0,1052.0,1280.0,1514.0,1643.0,1741.0,1776.0,2291.0,2000.0,651.0,853.0,1093.0,1280.0,1441.0,1560.0,1659.0,1686.0,2353.0,2215.0,650.5,859.5,1141.5,1258.0,1324.0,1463.0,1570.0,1591.0,"{""type"":""MultiPoint"",""coordinates"":[]}"
439_0,3,1991.5,1458.5,718.5,796.5,976.0,1155.0,1241.0,1361.0,1481.5,1612.5,2156.0,1982.0,659.0,852.0,1129.0,1237.0,1271.0,1364.0,1452.0,1502.0,2253.0,2117.0,750.0,917.0,1178.0,1331.0,1331.0,1436.0,1501.0,1592.0,2157.0,2032.5,741.5,949.5,1211.5,1325.5,1350.0,1443.0,1524.0,1541.0,638.0,534.0,871.0,938.0,980.0,978.0,810.0,846.0,834.0,711.0,638.0,534.0,871.0,938.0,980.0,978.0,810.0,846.0,834.0,711.0,670.0,443.0,336.0,583.0,401.0,822.0,1205.0,1234.0,1222.0,1139.0,830.0,522.0,439.0,807.0,606.0,1132.0,1447.0,1530.0,1488.0,1404.0,1255.0,699.0,311.0,656.0,364.0,1050.0,2450.0,2618.0,2613.0,2624.0,1541.5,827.5,227.0,607.5,409.5,1152.5,2620.5,3078.5,3143.5,3214.5,1311.5,696.0,177.5,479.0,277.0,890.0,2330.5,2920.5,2965.0,3014.5,3090.0,2467.0,743.5,971.5,1352.0,1569.0,1697.5,1886.5,2117.0,2160.0,1200.5,589.5,100.0,312.0,106.0,557.5,2232.5,3204.0,3239.5,3272.0,981.0,485.5,49.0,218.0,40.0,446.5,2157.5,3180.5,3184.0,3278.0,968.0,471.0,403.0,629.0,416.0,860.0,2283.0,3224.0,3168.0,3297.0,1189.0,605.0,553.0,872.0,586.0,1271.0,2805.0,3545.0,3616.0,3690.0,1189.0,630.0,444.0,817.0,586.0,1271.0,2648.0,3206.0,3418.0,3428.0,1484.0,852.0,371.0,796.0,721.0,1457.0,2638.0,3028.0,3237.0,3318.0,1930.0,1116.5,652.5,1192.0,1223.0,2055.0,2894.5,3216.5,3461.5,3535.5,2412.5,1562.5,1049.5,1535.5,1846.0,2472.5,2939.0,3196.5,3557.5,3634.5,3575.0,2712.0,1125.0,1538.0,2159.0,2519.0,2764.0,2937.0,3294.0,3350.0,3242.5,2311.5,1052.5,1414.0,2066.0,2397.0,2523.5,2755.0,2890.0,3134.0,3446.0,2677.0,768.5,1013.0,1433.0,1648.0,1785.0,1947.0,2177.0,2216.0,4004.5,2927.5,1087.5,1474.5,2056.0,2424.5,2569.0,2751.5,2949.5,3140.5,3498.0,2820.5,1642.0,1873.0,2219.0,2518.5,2646.5,2802.5,2962.0,3033.0,3600.5,2879.5,978.0,1186.0,1556.0,1817.0,1956.0,2128.5,2284.0,2384.5,3412.5,2716.0,927.5,1132.0,1460.0,1730.5,1890.5,2050.5,2201.0,2299.0,2764.0,2045.5,644.0,852.5,1175.5,1446.0,1594.5,1734.0,1922.0,1987.5,0.0,0.0,0.0,0.0,0.0,0.0,0.0,0.0,0.0,0.0,3522.0,2637.0,823.0,1112.0,1560.0,1816.0,1904.0,2085.0,2286.0,2430.0,3796.0,2882.0,984.5,1213.0,1600.0,1873.5,2020.5,2236.5,2455.0,2574.0,3473.5,2661.0,863.5,1144.0,1451.5,1751.5,1999.0,2177.5,2425.0,2473.0,1824.0,1609.5,577.0,692.0,931.0,1047.5,1026.5,1145.5,1242.0,1282.0,1946.0,1725.0,606.0,737.0,1018.0,1142.0,1048.0,1160.0,1262.0,1322.0,1889.5,1764.0,566.5,713.5,959.0,1043.5,1086.0,1155.0,1253.5,1280.5,1950.0,1823.0,612.5,770.5,1024.5,1121.5,1165.0,1244.0,1348.0,1384.0,"{""type"":""MultiPoint"",""coordinates"":[]}"
440_0,3,2237.0,2038.5,1223.0,1250.5,1357.5,1524.0,1592.5,1646.5,1727.0,1770.5,2792.0,2621.0,865.0,1152.0,1512.0,1680.0,1715.0,1799.0,1947.0,1968.0,2650.0,2530.0,790.0,1035.0,1354.0,1503.0,1590.0,1699.0,1779.0,1845.0,552.0,526.0,348.5,481.5,526.5,691.5,711.5,780.0,680.5,714.0,251.0,204.5,249.5,404.5,396.5,596.0,536.0,626.5,584.0,514.5,500.0,409.5,368.0,555.0,522.5,759.0,872.5,942.5,918.0,852.5,618.0,534.0,283.0,502.0,372.0,791.0,1000.0,1050.0,996.0,987.0,1118.0,789.0,261.0,479.0,340.0,806.0,1552.0,1885.0,1731.0,1846.0,1217.0,641.0,128.0,289.0,149.0,515.0,2038.0,2672.0,2703.0,2720.0,1344.5,660.5,40.0,199.5,8.0,426.0,2594.0,4103.0,4183.5,4227.5,1401.0,645.0,43.5,210.0,11.0,446.0,2754.5,4529.5,4734.5,4728.5,2416.0,2115.0,1402.5,1372.5,1491.5,1615.5,1728.5,1771.0,1952.5,1874.5,1461.5,674.5,42.0,231.5,19.0,505.0,2966.0,4850.0,4974.5,5110.5,1508.5,703.5,172.0,581.5,192.0,1066.5,3453.0,4754.0,4928.0,5056.5,1613.0,779.0,503.0,887.0,624.0,1444.0,3502.0,4497.0,4524.0,4780.0,1729.0,956.0,703.0,1139.0,999.0,1837.0,3245.0,3771.0,3998.0,4078.0,1834.0,1036.0,608.0,1116.0,999.0,1876.0,3029.0,3474.0,3864.0,3831.0,4095.0,2801.0,1004.0,1431.0,1810.0,2496.0,2995.0,3306.0,3628.0,3748.0,4379.5,3148.0,1103.0,1504.0,2167.5,2533.5,2870.5,3151.5,3488.5,3586.0,4410.0,3254.0,1046.0,1463.0,2147.0,2492.0,2674.0,2937.0,3334.0,3424.0,4252.0,3285.0,1099.0,1506.0,2206.0,2512.0,2754.0,3011.0,3392.0,3373.0,4213.0,3173.5,1051.0,1431.0,2049.5,2390.0,2606.0,2863.5,3068.0,3270.5,2328.0,1841.0,666.0,815.0,1077.0,1251.0,1426.0,1494.0,1674.0,1656.0,3824.5,3011.0,889.5,1164.5,1593.5,1873.0,2037.0,2219.5,2378.5,2537.0,3571.5,3047.5,1644.5,1756.5,2023.5,2206.0,2293.5,2387.5,2554.5,2566.5,2636.0,2748.5,649.5,721.0,916.5,1069.0,1121.0,1275.0,1353.5,1409.5,2456.5,2529.0,616.5,710.0,895.0,1027.0,1097.0,1240.5,1292.5,1360.5,2081.0,1876.0,411.5,553.0,792.0,954.5,1035.5,1123.0,1294.5,1339.5,0.0,0.0,0.0,0.0,0.0,0.0,0.0,0.0,0.0,0.0,1953.0,1568.0,358.0,624.0,831.0,1123.0,1347.0,1437.0,1569.0,1614.0,2800.0,2540.0,2013.0,2050.0,2067.5,2374.0,2708.0,2787.0,2971.5,2828.5,2355.0,1942.5,586.0,857.0,984.5,1377.0,1793.5,1956.5,2097.0,2096.0,2412.0,1960.0,679.5,898.5,1018.5,1420.5,1948.0,2095.0,2267.5,2266.0,2361.0,2052.0,680.0,911.0,1068.0,1323.0,1487.0,1577.0,1699.0,1748.0,2355.5,2193.5,620.5,830.0,1119.5,1280.5,1367.5,1483.5,1618.0,1652.5,2407.5,2287.5,643.0,900.5,1195.5,1337.5,1406.5,1494.5,1619.0,1637.5,"{""type"":""MultiPoint"",""coordinates"":[]}"
441_0,3,1697.5,1426.0,485.0,622.0,801.0,933.0,988.0,1057.5,1123.0,1148.5,2509.0,2133.0,990.0,1310.5,1572.5,1713.5,1796.5,1871.5,1962.5,1955.0,2511.0,2093.0,918.5,1195.0,1484.0,1642.5,1672.5,1778.0,1857.5,1874.5,2436.5,2054.0,904.5,1171.0,1441.5,1593.0,1645.0,1740.0,1800.5,1849.0,634.0,622.5,743.0,964.0,1029.5,1269.5,1126.5,1180.5,1177.0,1059.5,357.5,291.0,586.0,818.0,915.0,1221.5,994.0,1178.0,1046.5,994.0,421.0,302.0,579.0,826.0,857.5,1117.0,1164.5,1267.5,1264.5,1127.0,899.0,577.5,557.5,807.5,802.5,1131.5,1765.0,1919.0,1715.5,1782.0,1301.0,758.0,326.5,651.0,415.5,1102.5,2639.5,2934.5,2982.0,2919.5,1818.5,1036.5,334.5,699.5,569.0,1310.0,2953.5,3524.5,3702.0,3854.5,1863.0,1056.5,360.0,738.0,602.5,1317.5,2872.5,3480.0,3603.5,3742.5,1971.0,1664.0,551.5,734.5,957.0,1084.5,1117.5,1176.0,1258.0,1318.5,1770.5,974.0,333.5,703.5,545.0,1241.5,2777.0,3385.5,3362.0,3576.5,1537.5,793.5,243.0,617.0,432.0,1087.0,2696.0,3444.5,3369.0,3547.5,1480.0,793.5,277.5,596.5,344.5,1012.0,2924.0,3571.5,3488.0,3769.0,1737.0,894.0,469.0,923.5,514.5,1471.5,3294.0,3882.0,3897.0,4007.5,1772.0,938.0,462.5,998.0,603.5,1564.0,3188.0,3669.5,3807.5,3836.0,1853.0,1048.0,492.0,1084.0,775.0,1836.0,3100.0,3361.0,3518.0,3649.0,2168.5,1207.0,747.5,1330.0,1241.0,2283.5,3125.0,3485.0,3609.5,3750.0,2582.0,1562.5,751.0,1384.5,1527.0,2593.0,3002.0,3287.0,3533.0,3683.0,3974.5,2712.5,1027.0,1494.0,1993.5,2575.5,2845.5,3077.5,3419.0,3552.5,1793.5,1375.0,573.0,717.0,992.5,1141.5,1202.0,1316.5,1374.5,1442.5,1835.5,1544.5,439.0,621.5,856.5,968.5,996.5,1081.5,1178.0,1226.0,2104.5,1683.0,616.5,830.5,1129.5,1271.0,1356.0,1435.0,1531.5,1584.5,2781.5,2164.0,1474.5,1611.5,1788.5,2005.0,2193.0,2274.5,2429.0,2413.0,1859.5,1535.0,547.0,712.0,918.5,1021.0,1108.0,1174.5,1296.5,1322.5,2047.0,1712.0,632.0,790.0,1009.5,1152.0,1212.0,1311.0,1356.0,1434.0,1635.5,1344.5,424.0,533.5,716.5,815.0,877.5,958.5,1060.0,1055.5,0.0,0.0,0.0,0.0,0.0,0.0,0.0,0.0,0.0,0.0,1375.0,1041.5,354.5,483.5,632.0,751.0,777.0,844.0,918.0,950.0,1795.0,1416.5,676.5,774.5,864.0,958.0,1024.5,1092.0,1329.5,1164.0,2151.5,1770.5,711.5,920.0,1098.5,1255.0,1332.5,1415.0,1471.0,1523.5,2151.5,1790.5,770.5,912.0,1121.0,1246.5,1329.0,1385.5,1547.0,1494.5,2009.0,1658.0,685.0,786.0,946.0,1057.0,1148.5,1242.5,1331.5,1360.5,2079.5,1766.5,607.0,828.0,1043.0,1151.5,1261.0,1322.5,1394.5,1420.0,2260.0,1948.0,825.0,1115.0,1368.5,1478.0,1522.0,1609.5,1736.5,1720.0,"{""type"":""MultiPoint"",""coordinates"":[]}"
442_0,3,1919.0,1594.0,584.5,712.0,973.0,1106.5,1136.0,1202.5,1315.5,1356.5,2487.5,2120.0,972.0,1270.0,1564.5,1692.0,1735.5,1796.5,1897.5,1894.5,1380.0,1148.0,564.0,794.5,998.0,1098.0,1080.5,1150.5,1214.0,1198.5,162.0,152.5,409.0,594.5,651.5,818.5,656.0,727.0,740.0,641.0,137.0,122.5,493.0,681.5,749.0,893.0,776.5,846.5,846.0,776.5,311.5,241.0,570.0,766.0,788.0,1003.0,942.0,1032.5,1001.5,882.5,1031.0,614.0,393.5,718.5,493.0,1018.0,1940.5,2008.5,1899.0,1906.0,1375.0,796.0,367.5,708.5,411.0,1023.5,2310.5,2648.0,2665.5,2557.0,1618.5,796.0,232.5,568.5,264.0,955.0,2908.5,3647.5,3781.5,3834.5,1705.5,868.5,217.0,573.5,316.5,1030.5,2970.5,3937.5,3988.5,4072.0,1676.0,849.0,192.0,475.5,271.5,854.0,2919.5,4026.0,4205.5,4233.5,2218.5,1861.0,602.5,813.0,1090.5,1218.5,1285.0,1380.0,1401.0,1494.0,1762.5,871.5,234.5,526.5,282.5,943.5,3255.0,4437.5,4639.0,4706.5,1764.5,877.0,325.0,895.0,467.5,1590.5,3737.0,4770.5,4934.5,4981.5,1846.5,953.5,457.5,986.0,698.5,1762.5,3657.5,4405.5,4563.5,4676.0,2117.5,1157.5,659.5,1198.5,1072.0,2200.0,3524.5,3962.0,4249.0,4372.0,2416.0,1430.0,757.0,1332.0,1355.0,2344.0,3442.5,3824.5,4193.5,4203.5,2676.0,1657.0,784.0,1343.0,1522.0,2433.0,3263.0,3625.0,3958.0,4100.0,4023.0,2722.0,1177.0,1648.0,2242.0,2684.5,2951.5,3255.5,3578.0,3675.0,3883.0,2678.5,1072.0,1575.5,2254.5,2633.0,2939.0,3248.0,3695.5,3578.5,2463.5,1898.0,787.0,1130.0,1574.0,1726.0,1878.5,1930.5,2162.5,2179.5,2190.0,1665.5,762.0,1069.5,1476.5,1635.5,1704.5,1808.0,1948.0,1986.0,2082.5,1735.0,491.0,733.0,1011.5,1135.0,1206.0,1277.5,1369.5,1438.0,2473.5,1928.0,863.5,1162.0,1580.0,1759.0,1824.0,1915.5,2029.0,2099.0,2405.5,1890.0,943.0,1185.5,1540.0,1711.5,1751.0,1859.5,2026.5,2026.5,2084.5,1729.0,664.5,846.5,1115.0,1264.0,1305.5,1368.0,1538.0,1540.0,1657.0,1408.5,484.0,634.5,830.5,936.0,979.0,1027.0,1109.0,1142.0,1253.5,1068.5,365.0,490.0,668.0,738.0,785.5,807.0,911.0,870.5,0.0,0.0,0.0,0.0,0.0,0.0,0.0,0.0,0.0,0.0,1667.5,1293.0,439.5,603.0,815.5,947.0,985.0,1064.0,1162.5,1173.0,2134.0,1814.0,648.5,820.5,1029.0,1154.5,1247.5,1330.5,1360.5,1424.0,2203.5,1837.0,688.5,904.5,1134.0,1276.0,1336.0,1410.0,1522.0,1498.5,2286.0,1899.5,715.5,857.0,1125.0,1252.5,1249.5,1314.5,1442.5,1449.0,2364.0,1952.5,793.5,948.5,1196.5,1319.0,1363.5,1430.0,1553.0,1568.5,2202.0,1895.0,642.0,860.0,1133.5,1258.0,1301.5,1415.0,1472.5,1483.5,2242.0,1954.5,752.0,985.5,1268.0,1397.0,1429.0,1513.0,1598.5,1607.0,"{""type"":""MultiPoint"",""coordinates"":[]}"
443_0,3,1737.5,1451.5,511.0,672.5,872.5,1005.0,1042.0,1092.0,1189.5,1202.0,2426.0,2044.5,998.5,1302.5,1555.0,1689.5,1765.5,1834.5,1938.0,1944.5,2407.0,1987.0,919.5,1198.0,1471.5,1567.0,1647.0,1746.5,1844.5,1850.0,2588.5,2152.0,1010.0,1309.0,1594.0,1728.5,1782.5,1873.0,1959.5,1987.5,515.5,464.0,795.5,1093.0,1121.5,1291.0,996.0,1061.0,1019.0,849.0,393.0,339.0,582.0,843.5,913.5,1073.0,844.0,964.0,902.0,768.0,508.5,402.5,540.5,853.5,863.0,1111.0,1068.5,1107.5,1113.0,1012.5,920.5,658.5,581.0,840.0,810.5,1128.5,1382.5,1536.0,1428.0,1342.5,1298.0,892.0,417.5,778.0,533.0,1186.5,2029.5,2312.0,2284.5,2143.5,1887.0,1091.5,363.0,757.0,504.5,1242.5,2927.5,3636.0,3582.0,3653.5,1750.5,971.0,331.0,660.5,449.5,1094.0,2869.5,3689.5,3751.0,3774.0,2006.5,1715.0,607.5,807.0,1022.5,1171.5,1221.5,1254.5,1384.0,1403.5,1724.0,939.5,304.5,633.5,446.5,1041.5,2852.5,3689.5,3850.5,3875.0,1479.5,801.0,229.0,541.0,399.5,909.0,2778.0,3553.0,3775.5,3792.0,1448.0,801.0,275.5,523.0,361.0,870.5,2920.5,3699.5,3777.0,3870.0,1754.0,917.5,474.5,888.0,537.0,1416.0,3355.5,4037.5,4205.0,4195.0,1773.0,987.5,467.0,944.5,605.5,1512.0,3193.5,3728.0,4104.5,3956.0,1794.0,1053.0,475.0,1009.0,770.0,1815.0,3103.0,3488.0,3662.0,3714.0,2134.0,1238.5,748.5,1348.0,1217.5,2294.0,3215.0,3570.0,3830.0,3808.0,2558.0,1594.0,772.0,1391.0,1496.0,2512.5,3162.5,3394.0,3674.5,3766.5,3750.5,2608.5,1120.0,1583.0,2133.5,2530.5,2768.0,3035.5,3344.5,3406.5,1796.0,1370.0,523.5,756.0,1050.0,1173.0,1243.0,1336.0,1412.5,1457.5,1865.0,1556.0,467.0,700.0,941.5,1025.5,1093.5,1149.5,1272.5,1296.5,1837.0,1437.5,527.0,762.0,1026.5,1148.0,1210.0,1312.0,1394.0,1437.5,2145.5,1701.0,825.0,1002.0,1213.5,1361.5,1492.5,1582.5,1664.5,1712.0,1848.0,1509.0,556.5,734.0,930.0,1040.5,1099.0,1204.5,1287.0,1306.0,1970.5,1668.5,626.0,815.5,996.0,1120.0,1178.0,1288.5,1321.5,1412.0,1637.0,1345.0,452.0,566.0,766.5,854.0,924.0,994.0,1125.5,1092.0,0.0,0.0,0.0,0.0,0.0,0.0,0.0,0.0,0.0,0.0,1476.5,1090.0,367.5,537.5,707.0,808.0,857.5,945.5,1030.5,1040.0,2248.5,1932.5,924.5,1048.0,1156.0,1285.0,1518.5,1630.0,1734.0,1742.0,2176.0,1799.5,733.5,972.0,1174.5,1281.5,1362.0,1450.0,1563.0,1572.0,2185.0,1785.0,821.5,1012.5,1183.5,1317.5,1402.0,1559.5,1664.0,1641.5,2068.5,1683.5,757.5,909.5,1077.0,1206.5,1314.5,1419.0,1506.0,1538.5,2102.0,1762.0,679.0,873.5,1083.5,1186.0,1286.0,1370.0,1473.0,1462.0,2222.5,1905.0,841.5,1115.5,1332.5,1460.5,1503.5,1582.5,1683.5,1672.5,"{""type"":""MultiPoint"",""coordinates"":[]}"
444_0,3,1633.0,1351.5,553.5,686.0,895.5,1001.5,1002.0,1072.5,1140.5,1176.5,2385.5,2097.0,1009.5,1278.0,1501.5,1615.0,1661.0,1704.5,1815.0,1800.0,2400.5,2098.5,903.5,1163.0,1400.0,1507.0,1559.5,1634.5,1710.5,1726.0,2480.5,2177.5,961.0,1246.0,1488.0,1613.0,1641.0,1707.0,1792.5,1817.0,422.0,348.0,839.0,1106.0,1133.0,1268.0,861.0,939.0,872.0,806.0,316.0,301.0,684.0,956.0,1038.0,1136.0,813.0,901.0,792.0,674.0,332.0,287.0,684.0,1011.0,994.0,1260.0,991.0,1003.0,948.0,778.0,504.0,394.0,628.0,953.0,925.0,1319.0,1120.0,1219.0,1119.0,982.0,593.0,430.0,509.0,878.0,786.0,1244.0,1394.0,1571.0,1472.0,1360.0,645.5,424.0,327.0,549.0,425.0,920.5,1341.0,1531.5,1409.0,1305.5,1026.5,609.5,283.0,517.0,365.0,939.5,2185.5,2596.5,2510.5,2423.5,1814.0,1526.0,619.0,811.0,1010.0,1120.0,1133.0,1201.0,1235.0,1298.0,1334.0,710.0,257.0,534.0,353.0,946.0,2484.0,3264.0,3014.0,3052.0,1178.0,602.0,150.0,429.0,251.0,812.0,2320.0,3056.0,2940.0,2901.0,1153.0,577.0,150.0,376.0,195.0,748.0,2449.0,3168.0,3021.0,3054.0,1284.0,647.0,319.0,622.0,311.0,997.0,2821.0,3439.0,3607.0,3556.0,1565.0,782.0,354.0,855.0,450.0,1433.0,3280.0,3861.0,3948.0,3942.0,1639.5,889.0,395.5,913.5,527.5,1602.0,3094.0,3493.0,3608.5,3622.0,1990.0,1111.0,755.0,1316.0,1190.0,2157.0,2916.0,3156.0,3445.0,3436.0,2282.5,1440.5,745.0,1322.5,1385.5,2284.0,2915.5,3142.0,3416.0,3451.0,3100.0,2138.5,979.5,1487.0,1962.5,2530.0,2894.5,3105.0,3445.5,3500.0,2934.0,2134.0,920.0,1293.0,1756.0,2057.0,2206.0,2335.0,2456.0,2617.0,1708.0,1413.0,452.0,672.0,900.0,1008.0,1034.0,1090.0,1182.0,1196.0,3010.0,2191.0,831.0,1200.0,1669.0,2013.0,2114.0,2266.0,2327.0,2475.0,2863.5,2194.5,873.0,1125.5,1502.5,1733.5,1846.5,1977.0,2105.5,2210.0,2557.5,2046.5,668.0,859.0,1143.0,1331.0,1411.5,1517.5,1664.5,1740.0,2740.0,2222.0,753.0,909.0,1181.0,1365.0,1463.0,1562.0,1689.0,1799.0,2248.0,1619.0,551.0,713.0,920.0,1067.0,1137.0,1218.0,1409.0,1405.0,1086.0,910.0,960.0,968.0,924.0,957.0,1029.0,1043.0,1209.0,1050.0,1673.0,1362.0,531.0,714.0,889.0,992.0,1004.0,1075.0,1166.0,1151.0,1874.0,1604.0,675.0,833.0,1007.0,1116.0,1122.0,1195.0,1272.0,1286.0,2231.0,1965.0,778.0,1012.0,1255.0,1395.0,1402.0,1486.0,1548.0,1549.0,2321.0,2041.0,966.0,1189.0,1405.0,1520.0,1575.0,1625.0,1754.0,1740.0,1819.0,1554.0,562.0,689.0,899.0,953.0,1014.0,1046.0,1122.0,1168.0,1881.0,1644.0,689.0,820.0,992.0,1074.0,1076.0,1184.0,1239.0,1267.0,2108.5,1871.0,794.5,982.5,1196.5,1288.0,1318.0,1398.5,1485.5,1501.0,"{""type"":""MultiPoint"",""coordinates"":[]}"
445_0,3,1664.0,1400.0,512.5,627.5,836.0,935.0,988.0,1053.0,1115.0,1151.5,2424.5,2038.0,1022.0,1312.0,1556.5,1671.0,1723.5,1783.0,1880.5,1883.5,2443.5,2037.5,962.0,1230.5,1493.5,1603.0,1620.5,1690.5,1778.5,1806.5,2500.5,2125.0,1061.0,1351.5,1611.0,1748.0,1748.0,1847.0,1915.5,1940.5,392.5,453.5,771.0,1043.0,1126.0,1357.0,1227.5,1286.0,1320.5,1192.0,455.5,316.0,781.0,1052.0,1171.5,1374.5,1318.0,1373.5,1416.5,1353.0,513.0,326.0,813.0,1106.5,1199.5,1501.5,1444.5,1546.0,1568.5,1502.5,524.0,350.0,777.0,1093.0,1148.0,1490.5,1524.5,1613.5,1710.5,1590.5,1022.0,707.0,457.0,760.5,637.5,1180.0,1997.0,2213.0,2152.0,2132.0,1753.0,998.5,396.0,739.5,705.0,1390.0,2588.5,3083.0,3214.0,3306.0,1667.0,950.5,359.0,691.5,629.0,1353.5,2653.5,3180.5,3333.5,3396.5,2011.0,1657.5,574.0,793.0,1001.0,1162.5,1167.0,1221.0,1327.5,1371.5,1623.5,866.0,311.5,665.0,497.5,1289.5,2847.5,3457.0,3614.5,3604.0,1493.5,780.5,291.5,662.0,426.5,1225.5,2983.0,3560.5,3734.5,3758.0,1468.0,769.0,330.5,712.5,426.5,1193.0,2942.5,3448.0,3666.5,3709.0,1674.5,875.0,440.0,891.0,521.0,1496.5,3159.5,3637.5,3860.5,3864.0,1717.5,939.0,437.5,955.0,621.5,1588.0,2954.5,3344.5,3590.5,3621.0,1853.0,1061.0,459.0,1002.0,762.0,1752.0,2828.0,3123.0,3368.0,3448.0,2177.5,1235.5,715.5,1254.0,1308.5,2188.5,2891.0,3214.5,3518.0,3609.5,2504.5,1538.0,791.5,1296.0,1452.5,2210.5,2807.5,3089.5,3529.0,3643.5,3907.0,2598.5,920.0,1355.0,1884.5,2407.0,2687.0,2983.0,3433.5,3543.5,2028.5,1535.0,556.5,803.0,1124.5,1317.5,1352.5,1519.5,1608.5,1647.5,1827.5,1524.5,478.5,674.0,888.0,1029.5,1100.0,1132.5,1205.5,1247.5,2047.5,1598.5,599.0,818.5,1110.0,1293.5,1327.0,1461.5,1583.0,1609.5,2343.5,1870.5,891.5,1077.0,1346.0,1505.5,1563.0,1667.5,1789.5,1838.0,2057.5,1710.0,628.0,798.5,1037.5,1130.0,1200.0,1282.0,1419.0,1439.5,2239.0,1766.0,691.0,864.0,1105.0,1263.0,1275.5,1404.0,1473.5,1561.0,1815.0,1493.0,512.5,627.0,825.0,918.5,987.0,1043.0,1222.0,1177.0,1667.5,1349.5,740.0,907.0,1062.0,1175.0,1242.5,1286.0,1361.5,1392.0,1586.0,1246.5,483.5,670.0,842.0,945.5,942.5,1029.0,1111.5,1101.0,1817.5,1547.5,616.5,739.5,894.5,1002.0,1049.5,1124.0,1164.5,1222.0,2247.5,1901.0,785.5,1014.5,1204.0,1318.0,1366.5,1464.0,1516.5,1546.5,2261.5,1887.5,882.5,1027.0,1211.5,1304.0,1335.0,1400.5,1593.5,1509.0,2074.0,1696.0,831.5,911.0,1051.5,1147.5,1178.0,1270.0,1407.5,1352.5,2050.0,1713.0,698.5,885.0,1100.5,1189.5,1207.5,1298.0,1395.0,1387.0,2209.5,1879.0,872.5,1134.5,1341.5,1456.0,1484.0,1562.5,1675.0,1652.0,"{""type"":""MultiPoint"",""coordinates"":[]}"
446_0,3,1624.5,1349.5,543.5,673.0,868.5,985.5,1021.5,1061.5,1135.5,1187.5,2253.0,1958.5,896.0,1165.0,1398.0,1505.0,1545.0,1609.0,1688.5,1699.0,2281.0,1990.5,897.5,1161.0,1391.5,1501.0,1537.5,1615.5,1672.5,1693.5,2228.5,1980.0,897.5,1148.0,1360.5,1470.0,1509.0,1591.0,1625.0,1650.5,307.0,260.0,966.0,1258.0,1310.0,1417.0,1090.0,1123.0,1093.0,894.0,307.0,260.0,846.0,1150.0,1213.0,1417.0,1090.0,1123.0,1093.0,909.0,406.0,325.0,689.0,1067.0,1041.0,1516.0,1436.0,1545.0,1531.0,1350.0,617.0,488.0,621.0,936.0,845.0,1461.0,1650.0,1804.0,1637.0,1526.0,657.0,472.0,474.0,780.0,696.0,1274.0,1573.0,1755.0,1637.0,1503.0,822.5,550.5,277.5,535.0,392.5,973.5,1784.0,2094.5,1989.0,1864.5,1241.5,688.5,256.0,552.0,329.5,986.5,2579.5,3123.5,3137.5,3100.5,1823.0,1512.0,665.0,828.0,1017.0,1152.0,1187.0,1199.0,1261.0,1359.0,1442.0,774.0,303.0,594.0,441.0,1061.0,2588.0,3172.0,3149.0,3191.0,1320.0,692.0,181.0,476.0,311.0,909.0,2570.0,3244.0,3205.0,3208.0,1299.0,665.0,181.0,450.0,254.0,858.0,2787.0,3543.0,3454.0,3567.0,1504.0,777.0,374.0,765.0,418.0,1226.0,3212.0,3776.0,3892.0,3986.0,1592.5,828.5,412.5,899.5,485.0,1416.5,3253.5,3812.0,3989.0,3978.0,1649.0,936.5,434.5,979.5,639.5,1697.0,2905.0,3217.0,3303.0,3387.0,1971.5,1124.0,723.5,1318.5,1214.5,2078.0,2930.5,3207.5,3370.5,3497.0,2330.5,1447.0,761.0,1315.0,1358.0,2277.5,2924.0,3157.0,3380.5,3467.0,3357.5,2371.0,1069.0,1519.5,2003.0,2464.0,2822.5,3042.0,3276.0,3354.5,3453.0,2419.0,1064.0,1494.0,2155.0,2561.0,2782.0,2937.0,3106.0,3265.0,1701.0,1408.0,464.0,651.0,900.0,1026.0,1042.0,1122.0,1186.0,1242.0,3344.0,2431.0,971.0,1378.0,1933.0,2279.0,2438.0,2591.0,2685.0,2850.0,3196.0,2358.0,891.0,1194.5,1643.0,1926.5,2077.5,2254.5,2406.5,2527.0,2857.0,2245.5,657.5,897.0,1222.5,1408.0,1514.5,1664.5,1819.5,1863.5,2978.0,2399.0,771.0,928.0,1236.0,1418.0,1523.0,1686.0,1798.0,1888.0,2412.0,1552.0,554.0,700.0,983.0,1135.0,1268.0,1376.0,1543.0,1566.0,0.0,0.0,0.0,0.0,0.0,0.0,0.0,0.0,0.0,0.0,1572.0,1270.0,517.0,710.0,875.0,985.0,1036.0,1103.0,1150.0,1155.0,1875.0,1572.0,644.0,810.0,993.0,1128.0,1176.0,1236.0,1256.0,1257.0,2296.0,1989.0,825.0,1074.0,1300.0,1439.0,1468.0,1554.0,1632.0,1656.0,2477.0,2159.0,1014.0,1249.0,1456.0,1574.0,1653.0,1715.0,1841.0,1800.0,1852.0,1585.0,578.0,755.0,939.0,1037.0,1053.0,1135.0,1168.0,1218.0,2013.0,1682.0,739.0,886.0,1069.0,1160.0,1175.0,1272.0,1352.0,1364.0,2041.0,1746.5,786.5,984.0,1179.5,1285.0,1310.5,1399.0,1466.5,1464.5,"{""type"":""MultiPoint"",""coordinates"":[]}"
447_0,3,1700.5,1442.5,477.5,616.0,830.0,943.5,959.5,1029.5,1104.0,1159.5,2445.5,2065.0,984.0,1289.0,1553.0,1674.0,1705.0,1778.5,1880.5,1865.5,2453.5,2065.5,902.5,1186.5,1480.0,1582.5,1602.5,1658.0,1769.0,1781.0,2362.0,2015.0,953.5,1214.0,1488.0,1549.0,1569.5,1627.0,1768.5,1734.0,340.5,317.0,861.5,1085.5,1187.0,1390.0,1255.5,1297.0,1323.5,1189.0,340.5,260.0,716.5,984.0,1080.5,1340.0,1227.5,1297.0,1298.5,1207.5,437.5,327.0,702.5,1007.5,1023.5,1426.0,1475.0,1541.0,1374.0,1447.0,824.5,510.0,674.5,1007.5,992.0,1426.0,1913.5,2087.5,1986.5,1961.5,1225.5,686.0,375.0,707.5,462.0,1156.0,2599.0,2929.0,3043.5,2896.5,1720.5,949.5,301.0,654.0,531.0,1298.0,2867.5,3439.0,3630.5,3744.0,1742.0,988.0,353.5,715.5,595.5,1401.0,2795.5,3313.0,3516.5,3639.5,1995.5,1685.5,560.0,756.5,987.0,1094.0,1161.5,1220.5,1287.5,1297.0,1738.0,972.5,336.5,754.0,578.0,1407.5,2899.0,3342.0,3500.0,3661.5,1533.5,824.5,310.0,725.5,454.5,1241.0,2905.0,3432.0,3558.0,3623.0,1494.0,810.5,324.0,720.0,404.5,1201.0,2822.0,3279.0,3365.5,3509.5,1664.5,873.0,443.0,934.0,518.5,1517.5,3125.0,3545.5,3669.5,3782.0,1725.0,920.0,440.0,993.5,623.5,1663.0,2983.0,3341.0,3553.5,3624.5,1886.0,1065.0,485.0,1079.0,857.0,1912.0,2864.0,3163.0,3375.0,3502.0,2185.5,1244.0,758.0,1323.0,1367.5,2266.0,2920.5,3203.5,3511.0,3635.5,2472.0,1530.5,785.5,1339.0,1513.0,2325.5,2832.0,3105.0,3510.0,3653.0,3902.5,2602.5,939.5,1375.0,1922.0,2428.0,2682.0,2991.0,3435.5,3569.5,2028.0,1544.5,558.5,795.5,1136.5,1332.5,1390.0,1517.5,1607.5,1672.5,1853.5,1553.0,450.0,660.0,893.0,1017.0,1029.0,1127.5,1220.0,1209.0,2082.5,1626.0,583.5,826.0,1127.5,1311.5,1359.5,1494.5,1578.0,1621.0,2309.5,1877.5,833.0,1020.0,1291.0,1471.0,1532.5,1622.5,1713.0,1770.5,2057.0,1713.5,621.0,794.0,1030.5,1152.5,1218.5,1304.0,1397.5,1438.0,2119.5,1733.0,675.0,854.5,1102.5,1237.5,1304.0,1421.5,1450.0,1542.0,1812.5,1523.0,503.5,611.0,833.0,934.5,974.5,1060.0,1205.0,1179.0,0.0,0.0,0.0,0.0,0.0,0.0,0.0,0.0,0.0,0.0,1571.5,1249.0,447.5,644.0,804.0,900.5,945.0,1030.0,1073.5,1100.0,1729.0,1482.5,583.0,706.5,866.5,958.5,996.0,1047.5,1121.0,1122.0,2195.5,1877.0,742.0,951.5,1189.5,1292.0,1340.0,1396.0,1483.5,1507.0,2176.0,1845.5,794.0,926.0,1143.0,1254.5,1277.0,1368.0,1473.5,1450.5,1990.0,1652.5,742.5,838.5,1007.0,1090.5,1110.0,1186.5,1280.0,1286.0,2040.0,1743.0,663.0,845.5,1078.0,1191.0,1197.5,1288.5,1375.0,1353.5,2240.0,1901.5,827.5,1108.5,1384.0,1458.0,1467.5,1553.5,1697.5,1650.0,"{""type"":""MultiPoint"",""coordinates"":[]}"
448_0,3,2166.5,1745.5,647.5,795.5,1093.0,1252.5,1301.0,1413.5,1547.0,1587.5,2315.5,1945.0,667.5,873.0,1175.5,1330.0,1448.0,1554.5,1693.0,1692.5,2472.5,2108.5,769.0,1020.5,1377.5,1517.5,1566.0,1678.0,1779.0,1793.5,2729.5,2350.0,913.5,1202.0,1612.5,1767.5,1805.0,1910.5,2048.5,2045.0,1563.0,1371.0,775.0,1029.0,1372.0,1483.0,1554.0,1649.0,1764.0,1740.0,586.0,526.0,635.0,782.0,881.0,1101.0,1046.0,1103.0,1110.0,984.0,545.0,453.0,501.0,759.0,745.0,1045.0,1140.0,1218.0,1215.0,1133.0,943.0,679.0,498.0,715.0,592.0,956.0,1595.0,1707.0,1634.0,1624.0,1646.0,884.0,336.0,649.0,363.0,956.0,2850.0,3322.0,3390.0,3359.0,2022.5,1032.5,256.5,571.5,285.5,970.0,3560.0,4691.5,4695.0,4905.5,1971.5,969.5,159.0,490.0,257.0,930.0,3541.5,5034.5,5056.0,5379.5,2416.0,1995.0,726.0,916.0,1178.0,1326.0,1427.0,1523.0,1639.0,1732.0,1933.0,958.0,209.0,531.0,293.0,992.0,3644.0,5139.0,5083.0,5437.0,1863.0,931.0,186.0,581.0,323.0,1085.0,3750.0,5141.0,5256.0,5564.0,1882.0,931.0,271.0,677.0,436.0,1224.0,3883.0,5224.0,5305.0,5605.0,1990.0,933.0,456.0,876.0,655.0,1624.0,3824.0,4763.0,5037.0,5304.0,2017.0,1083.0,491.0,919.0,814.0,1682.0,3409.0,4092.0,4523.0,4587.0,2207.0,1290.5,517.0,972.5,1031.5,1891.0,3332.5,3877.5,4110.0,4301.5,2504.0,1469.5,736.0,1178.5,1338.5,2097.0,3185.5,3642.0,3972.0,4096.5,3104.0,2110.0,1033.0,1405.0,1943.0,2543.0,3095.0,3502.0,3893.0,4005.0,4274.0,2948.0,1233.0,1751.0,2572.0,3273.0,3722.0,3924.0,4380.0,4587.0,4259.0,2966.5,1308.5,1810.0,2711.0,3321.0,3536.5,3833.0,3867.0,4298.0,2388.0,1975.0,680.5,870.5,1171.5,1303.5,1367.0,1477.0,1655.5,1679.0,3907.5,2827.5,1195.0,1636.5,2378.5,2888.0,3066.0,3264.0,3409.5,3661.5,3695.0,2702.5,1108.5,1484.0,2029.0,2430.5,2632.5,2764.0,2945.5,3179.0,3305.0,2585.0,815.5,1083.5,1459.5,1723.0,1896.5,1969.5,2184.5,2308.5,3372.5,2668.0,890.0,1118.0,1485.5,1701.5,1874.0,2008.5,2209.5,2264.0,1934.0,1312.0,475.0,634.0,941.0,1084.0,1193.0,1265.0,1428.0,1464.0,0.0,0.0,0.0,0.0,0.0,0.0,0.0,0.0,0.0,0.0,1940.0,1559.0,572.0,740.0,938.0,1059.0,1121.0,1232.0,1368.0,1377.0,2107.0,1739.0,673.0,793.0,964.0,1116.0,1226.0,1304.0,1421.0,1452.0,2488.0,2058.0,720.0,928.0,1120.0,1329.0,1537.0,1646.0,1767.0,1793.0,2520.0,2052.0,820.5,965.5,1171.5,1351.5,1557.5,1684.0,1845.5,1861.0,2146.0,1706.0,589.5,737.5,903.5,1101.0,1331.5,1426.5,1607.5,1604.5,2467.0,2031.5,754.0,914.0,1064.5,1296.0,1579.5,1743.0,1866.5,1883.0,2463.0,1978.0,744.5,950.5,1122.5,1331.5,1650.5,1806.0,1973.0,1947.5,"{""type"":""MultiPoint"",""coordinates"":[]}"
449_0,3,1910.0,1570.0,594.5,716.5,958.5,1076.5,1114.0,1211.0,1313.5,1353.0,2185.5,1898.5,859.0,1108.0,1381.0,1477.0,1508.0,1573.0,1668.5,1664.0,2271.5,1953.5,825.0,1059.0,1342.0,1447.5,1467.0,1549.0,1649.5,1641.5,1464.5,1241.5,578.0,772.0,970.0,1096.0,1079.5,1118.5,1156.5,1200.5,229.0,185.0,514.0,720.0,742.0,859.0,622.0,692.0,639.0,557.0,355.0,309.0,498.0,721.0,736.0,957.0,885.0,1009.0,940.0,847.0,559.0,454.0,469.0,702.0,568.0,1016.0,1160.0,1255.0,1211.0,1114.0,1150.0,654.0,402.0,702.0,430.0,1059.0,2619.0,2929.0,2992.0,2847.0,1352.0,682.0,310.0,623.0,372.0,1109.0,3206.0,3854.0,3881.0,4025.0,1632.5,886.0,278.0,617.0,424.5,1165.5,2793.5,3365.0,3505.0,3678.0,1748.0,923.0,201.0,496.0,309.5,982.5,2831.0,3643.5,3837.0,3911.5,2115.0,1783.0,651.0,809.0,1052.0,1196.0,1219.0,1317.0,1430.0,1460.0,1808.0,937.0,220.0,528.0,302.0,971.0,3139.0,3884.0,4053.0,4149.0,1808.0,931.0,200.0,650.0,357.0,1207.0,3320.0,4090.0,4226.0,4324.0,1861.0,958.0,335.0,852.0,561.0,1514.0,3452.0,4090.0,4246.0,4354.0,2095.0,1132.0,566.0,1137.0,916.0,2009.0,3366.0,3846.0,4032.0,4170.0,2241.5,1292.5,609.5,1170.0,1079.5,2049.0,3207.5,3514.5,3872.5,3936.0,2474.5,1484.0,644.0,1187.5,1246.0,2107.0,2992.0,3329.0,3563.0,3684.0,3091.5,1913.5,883.0,1344.5,1576.0,2270.5,2887.0,3205.0,3463.0,3610.5,3888.5,2665.0,966.0,1336.5,1815.5,2290.0,2623.5,2920.0,3277.0,3377.5,3472.0,2441.0,831.0,1197.5,1772.0,2147.0,2397.0,2665.5,3046.5,3018.5,2580.0,1957.0,781.0,1049.0,1461.0,1694.0,1855.0,1985.0,2061.0,2172.0,2112.5,1773.0,628.0,780.0,1045.0,1164.0,1201.5,1281.0,1433.0,1440.5,2615.0,1984.5,788.0,1049.5,1459.0,1698.5,1826.5,1984.5,2018.5,2151.5,2527.0,1943.5,844.0,1067.5,1429.5,1665.5,1731.5,1885.5,1992.5,2062.5,2293.5,1823.0,644.0,825.0,1080.5,1276.0,1321.5,1474.5,1520.5,1592.5,2318.0,1879.5,694.0,835.5,1097.5,1280.0,1362.0,1471.0,1512.5,1607.5,2055.0,1361.0,562.0,696.0,946.0,1041.0,1136.0,1243.0,1391.0,1400.0,0.0,0.0,0.0,0.0,0.0,0.0,0.0,0.0,0.0,0.0,1836.0,1557.0,507.0,667.0,870.0,970.0,978.0,1047.0,1176.0,1199.0,1871.0,1592.0,585.0,674.0,852.0,945.0,944.0,1001.0,1107.0,1152.0,2094.5,1777.5,651.0,814.5,1032.0,1125.0,1172.5,1232.0,1346.0,1377.0,2167.0,1785.0,617.0,747.0,983.0,1077.0,1024.0,1133.0,1238.0,1295.0,2166.0,1749.0,710.0,803.0,1021.0,1104.5,1104.0,1197.0,1337.0,1334.0,1984.0,1703.0,640.0,771.0,991.0,1085.0,1134.0,1239.0,1333.0,1360.0,1910.0,1689.0,640.0,803.0,1016.0,1082.0,1134.0,1239.0,1328.0,1306.0,"{""type"":""MultiPoint"",""coordinates"":[]}"
450_0,3,89.5,86.0,121.5,160.5,256.5,320.5,211.0,221.5,210.0,167.5,2291.0,1876.5,739.0,953.0,1195.5,1301.0,1391.0,1469.5,1633.5,1636.0,2336.5,2006.5,830.0,1052.0,1280.5,1427.5,1458.5,1587.0,1693.5,1696.0,2493.0,2181.5,1060.5,1309.0,1542.0,1667.5,1703.0,1787.5,1863.5,1873.5,2605.0,2317.0,1281.0,1532.0,1751.0,1870.0,1907.0,1971.0,2064.0,2036.0,1569.0,1526.0,1133.0,1356.0,1531.0,1617.0,1621.0,1695.0,1751.0,1768.0,202.0,163.0,616.0,894.0,894.0,1065.0,926.0,981.0,927.0,800.0,411.0,312.0,721.0,1016.0,975.0,1372.0,1259.0,1353.0,1150.0,1124.0,519.0,429.0,526.0,872.0,697.0,1227.0,1258.0,1382.0,1287.0,1130.0,832.0,499.5,302.5,589.0,391.5,1014.5,1996.5,2263.0,2050.5,2001.0,1096.0,596.5,226.0,452.5,253.0,796.5,2349.0,2885.5,2762.0,2736.5,115.0,97.0,190.0,261.0,324.0,403.0,300.0,323.0,316.0,263.0,1243.0,605.0,199.0,400.0,190.0,724.0,2415.0,3147.0,3022.0,3077.0,1214.0,597.0,77.0,326.0,91.0,661.0,2504.0,3319.0,3221.0,3224.0,1255.0,598.0,147.0,442.0,196.0,821.0,2801.0,3768.0,3600.0,3718.0,1474.0,762.0,400.0,850.0,509.0,1468.0,3119.0,3758.0,3755.0,3849.0,1481.0,795.0,400.0,924.0,677.0,1571.0,2868.0,3232.0,3433.0,3402.0,1905.0,1146.5,517.5,999.5,1044.5,1871.5,2653.5,2920.5,3130.0,3216.0,2301.5,1394.5,838.0,1320.0,1563.5,2143.0,2690.0,2919.0,3191.5,3286.5,2727.0,1772.0,896.5,1351.0,1726.5,2341.5,2753.0,2995.5,3275.0,3408.5,4382.0,2885.5,1375.5,1943.5,2777.0,3319.5,3594.5,3847.5,4307.0,4335.0,4683.0,3173.0,1526.0,2120.0,3025.0,3538.0,3752.0,3949.0,4153.0,4426.0,115.0,97.0,193.0,212.0,315.0,403.0,300.0,323.0,316.0,263.0,4566.0,3193.0,1325.0,1833.0,2637.0,3085.0,3211.0,3411.0,3528.0,3796.0,4259.0,3092.5,1197.5,1592.0,2217.0,2553.0,2704.0,2885.5,3112.0,3269.0,3655.5,2837.0,855.5,1126.5,1559.5,1773.5,1878.5,2014.0,2251.0,2298.0,232.0,177.0,308.0,420.0,574.0,704.0,587.0,669.0,668.0,603.0,80.0,80.0,59.0,97.0,156.0,227.0,124.0,149.0,130.0,107.0,149.0,143.0,147.0,238.0,279.0,304.0,258.0,280.0,290.0,256.0,54.0,71.0,70.0,147.0,222.0,324.0,167.0,221.0,197.0,107.0,93.0,92.0,139.0,182.0,295.0,425.0,369.0,433.0,435.0,396.0,1935.0,1249.0,599.0,826.0,1074.0,1306.0,1446.0,1607.0,1805.0,1812.0,1073.0,801.0,616.0,702.0,838.0,994.0,1087.0,1194.0,1392.0,1452.0,2889.0,1966.0,934.0,1231.0,1634.0,1847.0,2022.0,2110.0,2424.0,2365.0,4677.0,3652.0,1683.0,2027.0,2520.0,2718.0,2916.0,3062.0,3437.0,3419.0,4497.0,3555.5,1670.5,1987.0,2457.5,2672.0,2807.5,2965.0,3334.5,3313.0,"{""type"":""MultiPoint"",""coordinates"":[]}"
451_0,3,2254.0,1848.5,735.0,918.0,1226.5,1389.5,1472.0,1557.5,1686.0,1709.5,2689.5,2254.5,1033.5,1349.5,1677.0,1852.5,1940.0,2039.0,2173.5,2167.5,2423.0,2024.5,792.0,1069.5,1393.0,1542.0,1628.5,1717.5,1834.5,1855.0,611.0,479.5,421.5,554.0,669.5,817.0,798.0,844.5,877.5,892.0,373.5,288.0,464.5,623.5,681.0,854.0,826.5,893.0,873.5,851.5,469.0,351.5,518.5,692.0,681.5,955.5,975.5,1060.0,1013.5,963.5,741.0,496.5,479.0,686.5,605.5,973.5,1219.5,1411.5,1400.5,1289.0,1014.5,589.5,411.5,667.0,504.0,912.0,1715.0,1948.0,1779.5,1866.0,1256.0,719.5,317.5,551.5,394.0,910.5,2068.5,2371.5,2419.5,2496.0,1497.0,865.5,311.0,608.0,484.5,1022.0,2231.5,2707.0,2721.0,2866.0,1609.5,882.0,241.0,479.5,338.5,780.0,2483.5,3391.5,3494.5,3570.0,2528.5,2163.0,766.0,1017.5,1318.5,1511.5,1536.5,1669.0,1707.0,1827.5,1820.0,943.5,244.5,512.0,304.0,836.0,2960.5,4172.0,4216.0,4354.5,1776.0,909.5,319.0,765.5,433.0,1244.5,3375.5,4457.5,4457.0,4588.5,1780.0,943.0,427.0,870.0,622.5,1430.5,3360.0,4208.5,4183.0,4476.0,1974.5,1118.5,659.5,1122.5,994.5,1883.5,3366.5,3973.0,4090.0,4239.0,2246.0,1338.5,705.5,1226.5,1229.5,2095.5,3310.0,3784.0,3997.5,4147.5,2681.0,1674.0,814.0,1349.0,1552.0,2369.0,3274.0,3657.0,3927.0,4070.0,4049.5,2777.5,1166.5,1658.5,2232.0,2725.5,3042.0,3395.0,3632.0,3892.0,3820.0,2677.0,1021.0,1509.0,2220.0,2660.5,2975.0,3226.0,3532.0,3617.5,3253.5,2188.0,880.0,1283.0,1890.0,2260.0,2439.0,2651.0,2851.0,2988.5,2062.5,1565.0,653.0,919.5,1272.0,1500.5,1584.5,1680.0,1769.0,1853.5,2382.0,2003.5,690.5,924.5,1247.5,1404.5,1472.0,1566.0,1698.5,1756.0,2304.0,1798.0,750.0,1020.5,1362.5,1584.5,1693.5,1782.5,1835.5,1942.5,2310.5,1809.5,886.5,1096.0,1388.0,1597.5,1717.0,1833.5,1960.0,1970.5,1863.0,1516.5,574.5,740.5,967.0,1085.0,1150.5,1280.5,1388.0,1369.5,1728.5,1430.5,507.0,693.5,879.5,964.5,1045.5,1177.0,1239.0,1249.0,1282.0,1070.0,367.5,463.0,614.0,655.5,734.0,795.5,892.5,867.0,0.0,0.0,0.0,0.0,0.0,0.0,0.0,0.0,0.0,0.0,2415.0,2051.5,706.5,952.0,1249.5,1410.5,1461.5,1544.5,1674.5,1691.5,2603.5,2235.5,867.5,1049.0,1299.5,1464.0,1689.0,1873.5,1769.0,2030.5,2509.0,2089.0,794.0,1019.0,1310.5,1458.5,1560.5,1645.0,1803.0,1801.5,2706.0,2208.0,939.0,1092.0,1387.0,1557.0,1631.0,1741.0,1861.0,1917.0,2694.0,2229.5,977.0,1109.5,1377.0,1535.0,1658.5,1782.5,1903.5,1941.5,2434.0,2043.5,724.0,963.0,1255.0,1427.5,1529.5,1627.0,1753.5,1779.0,2512.0,2120.5,844.5,1122.5,1436.5,1599.0,1662.5,1763.5,1883.5,1869.5,"{""type"":""MultiPoint"",""coordinates"":[]}"
452_0,3,1791.0,1458.5,613.5,769.0,1007.5,1164.0,1163.5,1244.5,1299.5,1338.5,2369.0,2079.0,961.0,1237.5,1478.0,1600.5,1651.0,1694.0,1805.0,1804.0,2410.0,2088.0,879.0,1144.0,1400.5,1522.0,1560.0,1629.0,1722.5,1739.5,2491.5,2165.0,944.5,1225.5,1486.0,1625.0,1664.5,1739.5,1799.0,1826.0,1085.0,1011.0,947.0,1213.0,1391.0,1514.0,1519.0,1591.0,1646.0,1611.0,276.0,247.0,742.0,1038.0,1128.0,1193.0,881.0,938.0,910.0,740.0,380.0,285.0,646.0,987.0,958.0,1270.0,1093.0,1148.0,1132.0,936.0,572.0,468.0,649.0,987.0,926.0,1328.0,1174.0,1271.0,1234.0,1068.0,926.0,619.0,550.0,898.0,814.0,1328.0,1752.0,2000.0,1877.0,1912.0,942.5,584.5,291.5,579.0,435.5,974.0,1771.5,2055.5,1944.5,1958.5,1214.0,649.0,214.5,503.0,292.0,889.5,2530.0,3159.5,3223.0,3091.0,1974.0,1650.0,682.0,878.0,1093.0,1263.0,1267.0,1346.0,1385.0,1482.0,1480.0,746.0,214.0,475.0,293.0,889.0,2628.0,3525.0,3555.0,3640.0,1315.0,639.0,120.0,394.0,218.0,797.0,2560.0,3453.0,3555.0,3576.0,1238.0,615.0,120.0,354.0,177.0,715.0,2721.0,3651.0,3705.0,3787.0,1506.0,759.0,377.0,732.0,372.0,1156.0,3265.0,4041.0,4232.0,4114.0,1614.0,808.0,377.0,818.0,465.0,1345.0,3348.0,4067.0,4400.0,4218.0,1675.0,917.5,400.5,928.5,570.5,1586.5,3103.5,3475.0,3635.5,3721.0,1971.0,1096.0,749.0,1400.0,1248.0,2210.0,3101.0,3386.0,3566.0,3679.0,2334.5,1455.0,800.0,1449.5,1435.5,2521.0,3197.0,3481.0,3794.5,3831.0,3089.5,2157.0,1003.0,1531.5,1956.0,2665.0,3074.5,3347.0,3709.5,3627.5,3709.0,2567.0,1146.0,1616.0,2387.0,2741.0,2903.0,3102.0,3337.0,3461.0,1837.0,1530.0,525.0,719.0,993.0,1097.0,1172.0,1231.0,1323.0,1310.0,3468.0,2593.0,927.0,1312.0,1867.0,2220.0,2421.0,2510.0,2661.0,2805.0,3317.0,2506.0,959.0,1263.0,1784.5,2020.0,2141.5,2328.0,2540.0,2598.0,2902.0,2339.5,696.5,904.0,1240.5,1435.5,1516.0,1671.5,1820.5,1893.0,2991.0,2446.0,768.0,928.0,1247.0,1465.0,1531.0,1681.0,1808.0,1896.0,2540.0,1614.0,621.0,777.0,1065.0,1204.0,1316.0,1411.0,1635.0,1651.0,0.0,0.0,0.0,0.0,0.0,0.0,0.0,0.0,0.0,0.0,1698.0,1415.0,541.0,722.0,914.0,1009.0,1041.0,1080.0,1203.0,1176.0,1800.0,1541.0,615.0,767.0,941.0,1039.0,1059.0,1117.0,1181.0,1180.0,2151.0,1862.0,701.0,918.0,1166.0,1258.0,1316.0,1385.0,1477.0,1468.0,1856.0,1595.0,899.0,1069.0,1173.0,1212.0,1174.0,1230.0,1630.0,1369.0,1856.0,1595.0,563.0,689.0,912.0,1035.0,1019.0,1084.0,1153.0,1187.0,1930.0,1679.0,651.0,812.0,1024.0,1098.0,1148.0,1220.0,1277.0,1289.0,2111.0,1870.0,771.0,960.0,1177.5,1284.5,1329.5,1389.5,1497.5,1484.5,"{""type"":""MultiPoint"",""coordinates"":[]}"
453_0,3,1588.0,1338.5,513.0,627.0,862.0,930.0,949.5,1015.0,1119.5,1145.5,2185.5,1921.5,785.5,1034.0,1280.5,1381.0,1424.5,1486.0,1575.5,1581.0,2292.0,2053.5,809.5,1061.5,1313.0,1424.0,1466.0,1524.5,1613.5,1632.0,2204.5,2008.0,803.0,1038.5,1272.5,1380.0,1409.0,1476.5,1550.0,1562.0,394.0,377.0,876.0,1122.0,1179.0,1283.0,1007.0,1033.0,1050.0,874.0,394.0,377.0,948.0,1122.0,1179.0,1283.0,1007.0,1042.0,1050.0,874.0,368.0,279.0,674.0,884.0,914.0,1139.0,1049.0,1107.0,1017.0,874.0,599.0,498.0,566.0,840.0,780.0,1251.0,1394.0,1500.0,1387.0,1414.0,768.0,551.0,507.0,753.0,657.0,1087.0,1511.0,1709.0,1550.0,1541.0,900.5,575.0,252.0,503.0,357.5,892.5,1622.5,1938.5,1793.0,1691.5,1311.0,706.5,205.5,456.0,245.0,849.0,2574.5,3277.0,3268.5,3200.5,1766.0,1518.0,611.0,781.0,976.0,1083.0,1078.0,1160.0,1224.0,1232.0,1415.0,701.0,199.0,514.0,232.0,855.0,2743.0,3904.0,3859.0,3950.0,1260.0,624.0,60.0,307.0,101.0,637.0,2730.0,3867.0,3907.0,3918.0,1256.0,607.0,78.0,313.0,113.0,616.0,2896.0,3967.0,4077.0,4217.0,1507.0,739.0,316.0,669.0,297.0,1062.0,3334.0,4429.0,4559.0,4586.0,1628.5,793.0,353.0,843.0,397.0,1336.0,3530.5,4414.5,4758.5,4628.5,1638.0,860.5,367.0,899.5,483.5,1536.5,3373.0,3877.0,4098.0,4145.5,1923.0,997.0,769.0,1375.0,1091.0,2202.0,3505.0,3864.0,4117.0,4180.0,2304.0,1393.5,864.0,1595.0,1531.5,2794.5,3671.5,4028.5,4423.0,4366.5,3395.0,2358.0,1070.5,1668.0,2077.5,2667.5,2998.0,3249.0,3622.0,3639.5,1991.0,1411.0,648.0,973.0,1405.0,1643.0,1742.0,1873.0,1977.0,2045.0,1644.0,1416.0,455.0,629.0,889.0,948.0,996.0,1052.0,1164.0,1143.0,2657.0,2065.0,788.0,1075.0,1504.0,1721.0,1808.0,1975.0,2028.0,2181.0,2611.0,2031.5,855.5,1098.0,1476.5,1697.0,1757.5,1899.0,2025.5,2114.5,2321.0,1891.0,657.5,853.0,1130.0,1286.5,1361.5,1455.5,1577.5,1626.0,2453.0,2057.0,741.0,925.0,1179.0,1361.0,1424.0,1517.0,1622.0,1713.0,2036.0,1460.0,553.0,669.0,922.0,1052.0,1137.0,1231.0,1354.0,1332.0,0.0,0.0,0.0,0.0,0.0,0.0,0.0,0.0,0.0,0.0,1498.0,1267.0,460.0,632.0,812.0,889.0,946.0,982.0,1099.0,1079.0,1819.0,1654.0,642.0,784.0,957.0,1053.0,1130.0,1207.0,1198.0,1308.0,2081.0,1828.0,748.5,939.5,1140.5,1239.0,1301.5,1360.0,1483.5,1463.0,2173.0,1922.0,843.0,1030.0,1207.0,1314.0,1362.0,1436.0,1587.0,1531.0,1462.0,1397.0,509.0,643.0,817.0,948.0,924.0,990.0,1032.0,1084.0,1846.0,1622.0,643.5,795.5,998.0,1075.0,1135.5,1187.0,1299.5,1286.5,1994.5,1755.5,704.5,904.5,1114.5,1202.5,1236.0,1300.5,1409.5,1398.5,"{""type"":""MultiPoint"",""coordinates"":[]}"
454_0,3,972.0,794.0,350.0,403.0,502.0,533.0,550.0,591.0,630.5,643.5,1859.5,1596.5,778.0,1002.0,1138.5,1226.5,1249.0,1315.0,1388.0,1368.5,2033.5,1745.0,850.5,1071.5,1225.0,1321.5,1354.0,1424.0,1476.0,1477.5,2519.0,2195.5,1228.0,1507.5,1680.5,1816.5,1829.5,1902.5,1953.0,1983.5,2607.0,2287.0,1289.0,1545.0,1746.0,1859.0,1910.0,1972.0,2057.0,2047.0,2607.0,2266.0,1289.0,1545.0,1746.0,1859.0,1910.0,1972.0,2057.0,2047.0,1768.0,1636.0,1408.0,1681.0,1857.0,1979.0,1987.0,2046.0,2075.0,2096.0,391.0,355.0,982.0,1234.0,1287.0,1318.0,989.0,1041.0,1027.0,838.0,319.0,244.0,736.0,1048.0,1043.0,1249.0,940.0,1058.0,941.0,834.0,309.0,245.5,692.5,1048.5,1083.0,1277.5,916.5,1034.5,923.5,774.0,324.0,255.0,556.0,912.0,881.0,1124.5,867.5,979.5,868.0,738.0,1216.0,1030.5,489.0,600.0,697.0,723.0,741.0,808.0,870.0,859.0,906.0,565.0,431.0,721.0,607.0,1015.0,1613.0,1993.0,1839.0,1827.0,953.0,565.0,245.0,502.0,330.0,826.0,1761.0,2098.0,1980.0,2000.0,1130.0,598.0,245.0,502.0,320.0,823.0,2121.0,2694.0,2578.0,2701.0,1316.0,694.0,359.0,616.0,391.0,981.0,2433.0,2903.0,2882.0,2916.0,1288.0,695.0,348.0,637.0,407.0,1156.0,2356.0,2702.0,2799.0,2754.0,1292.0,750.5,368.0,772.5,610.0,1400.0,2286.0,2513.5,2604.5,2619.0,1708.0,1080.0,779.0,1156.0,1271.0,1800.0,2450.0,2693.0,2847.0,2865.0,2333.5,1572.0,719.0,1088.0,1422.5,1937.0,2392.5,2641.0,2916.0,2998.0,2683.5,1899.5,771.5,1203.5,1641.0,2160.5,2515.0,2742.5,3053.0,3103.0,3456.0,2490.0,1023.0,1424.0,2036.0,2443.0,2635.0,2882.0,2989.0,3192.0,1250.0,1078.0,531.0,635.0,731.0,739.0,780.0,845.0,903.0,868.0,3456.0,2528.0,1012.0,1388.0,1920.0,2304.0,2445.0,2604.0,2728.0,2936.0,3321.0,2481.5,1034.0,1337.5,1794.0,2115.5,2217.5,2381.0,2571.5,2679.0,2985.5,2347.5,826.0,1066.5,1415.5,1651.5,1730.5,1879.0,2039.5,2135.5,3122.0,2503.0,892.0,1117.0,1435.0,1680.0,1741.0,1910.0,2047.0,2181.0,2490.0,1576.0,702.0,892.0,1192.0,1345.0,1465.0,1604.0,1783.0,1809.0,667.0,497.0,582.0,553.0,570.0,641.0,674.0,742.0,823.0,837.0,2201.0,1911.0,858.0,1107.0,1309.0,1419.0,1434.0,1498.0,1612.0,1600.0,1447.0,1230.0,672.0,821.0,949.0,1009.0,1019.0,1056.0,1131.0,1099.0,2424.0,2165.0,1021.0,1326.0,1535.0,1644.0,1679.0,1732.0,1843.0,1817.0,2516.0,2345.0,1222.0,1488.0,1673.0,1778.0,1823.0,1905.0,1871.0,1967.0,1527.0,1246.0,500.5,642.5,781.0,829.0,826.5,900.5,971.0,968.0,1693.0,1419.0,741.0,863.0,988.0,1068.0,1091.0,1142.0,1203.0,1213.0,1728.5,1493.0,723.5,889.5,1008.0,1078.5,1114.5,1173.5,1242.5,1221.5,"{""type"":""MultiPoint"",""coordinates"":[]}"
455_0,3,1489.5,1230.5,738.5,786.5,871.5,1007.5,1126.5,1187.0,1226.0,1250.5,2479.0,2287.0,978.0,1206.0,1521.0,1637.0,1604.0,1665.0,1800.0,1814.0,2426.0,2325.0,938.0,1148.0,1434.0,1534.0,1568.0,1672.0,1780.0,1787.0,1124.5,1083.5,495.0,657.5,771.5,921.0,861.0,921.5,949.0,927.5,608.5,568.5,734.5,900.0,937.0,1040.0,833.0,980.0,907.0,845.0,611.0,427.0,356.5,624.0,460.0,864.5,1122.0,1192.0,1150.5,1091.5,806.0,553.0,334.0,650.0,415.0,936.0,1366.0,1580.0,1461.0,1429.0,1114.0,648.0,173.0,485.0,219.0,784.0,1795.0,2408.0,2148.0,2284.0,1126.0,607.0,64.0,281.0,98.0,548.0,2161.0,2752.0,2716.0,2721.0,1321.0,624.5,45.0,242.5,32.5,463.0,2587.0,4116.5,4105.5,4150.0,1318.5,609.5,35.0,242.0,30.5,444.5,2704.5,4443.0,4548.0,4553.0,1892.0,1608.5,974.0,1023.0,1086.5,1254.0,1455.0,1563.0,1579.0,1657.0,1369.5,640.5,45.5,253.0,41.5,501.5,2852.5,4665.5,4746.5,4883.5,1390.0,668.5,173.5,507.5,196.5,937.5,3266.0,4610.5,4805.5,4960.5,1471.0,698.0,513.0,873.0,629.0,1372.0,3393.0,4331.0,4444.0,4701.0,1625.0,878.0,712.0,1104.0,962.0,1811.0,3232.0,3807.0,3971.0,4085.0,1667.0,929.0,601.0,1090.0,962.0,1829.0,2968.0,3412.0,3682.0,3751.0,2090.0,1217.0,628.0,1149.0,1282.0,2164.0,2912.0,3225.0,3448.0,3612.0,4489.5,3113.5,1194.0,1714.5,2304.0,2918.5,3259.5,3587.0,3946.5,4047.0,4621.0,3327.0,1241.0,1722.0,2500.0,2907.0,3091.0,3361.0,3612.0,3627.0,4254.0,3158.0,1241.0,1568.0,2350.0,2707.0,2915.0,3123.0,3557.0,3545.0,3667.0,2673.5,1173.0,1400.5,2041.5,2311.0,2493.0,2706.0,2986.0,3086.5,1710.0,1393.0,390.0,636.0,787.0,1005.0,1240.0,1332.0,1448.0,1467.0,3882.5,3049.5,926.0,1237.5,1683.5,1950.5,2128.5,2263.5,2467.0,2622.5,2931.0,2635.5,865.0,1012.5,1260.0,1445.5,1563.0,1655.0,1815.5,1888.5,2922.5,2802.0,1448.0,1467.5,1530.5,1732.0,1957.5,1992.0,2217.0,2160.0,2145.0,2204.5,540.5,625.5,754.0,907.5,1064.5,1133.5,1220.5,1271.5,1597.5,1358.0,320.5,469.5,614.0,820.0,1001.0,1107.5,1234.0,1273.0,0.0,0.0,0.0,0.0,0.0,0.0,0.0,0.0,0.0,0.0,1602.0,1213.0,325.0,537.0,669.0,964.0,1270.0,1396.0,1458.0,1471.0,2650.5,2300.0,1925.5,1992.0,1896.0,2190.5,2636.0,2763.0,3193.0,2807.5,1843.0,1403.5,446.0,714.5,770.0,1169.5,1720.5,1830.0,1987.0,1963.5,1874.5,1518.5,552.0,727.5,880.5,1139.0,1444.0,1575.0,1713.5,1714.5,1941.0,1667.0,548.0,713.0,953.0,1132.0,1200.0,1285.0,1407.0,1433.0,1985.5,1791.5,646.5,815.5,1062.5,1179.5,1234.0,1351.0,1444.5,1468.5,2449.5,2331.0,903.5,1145.5,1447.0,1574.0,1579.0,1648.5,1770.5,1769.5,"{""type"":""MultiPoint"",""coordinates"":[]}"
456_0,3,1774.5,1488.0,568.5,706.0,908.0,1054.5,1098.5,1167.5,1203.0,1284.0,2201.0,1851.0,788.5,999.5,1202.0,1334.5,1390.0,1470.5,1539.5,1553.0,2363.5,2015.5,926.0,1208.5,1460.0,1620.5,1622.5,1680.5,1747.5,1800.0,2680.0,2281.0,1196.5,1534.5,1820.5,1977.5,1966.0,2035.0,2082.5,2104.5,2294.0,1966.0,1122.0,1399.0,1524.0,1631.0,1599.0,1662.0,1746.0,1732.0,535.0,489.0,1122.0,1399.0,1428.0,1557.0,1315.0,1323.0,1331.0,1120.0,366.0,320.0,707.0,1018.0,1017.0,1181.0,940.0,1041.0,996.0,935.0,423.0,320.0,589.0,933.0,915.0,1316.0,1235.0,1363.0,1269.0,1193.0,467.0,379.0,426.0,717.0,645.0,969.0,1031.0,1176.0,1080.0,935.0,1225.0,705.5,293.0,615.5,389.5,967.5,2136.0,2619.0,2530.5,2484.0,1480.0,745.0,170.0,438.5,182.5,745.5,2710.0,3828.0,3740.0,3690.0,1948.0,1625.0,656.0,817.0,997.0,1159.0,1194.0,1265.0,1313.0,1330.0,1402.0,684.0,184.0,446.0,175.0,714.0,2914.0,3982.0,4008.0,3998.0,1388.0,669.0,88.0,449.0,190.0,900.0,3165.0,4193.0,4317.0,4231.0,1491.0,727.0,238.0,654.0,378.0,1185.0,3409.0,4381.0,4423.0,4501.0,1528.0,769.0,455.0,1019.0,671.0,1815.0,3467.0,4108.0,4177.0,4206.0,1568.5,884.5,500.5,1085.5,843.0,1953.5,3152.0,3559.0,3800.0,3795.0,2019.0,1225.5,594.5,1151.0,1208.5,2163.5,2981.5,3349.0,3522.0,3643.0,2433.5,1487.5,938.5,1456.5,1635.5,2421.5,3015.5,3288.0,3545.0,3696.0,2716.5,1777.5,996.5,1509.5,1868.0,2686.0,3119.5,3339.0,3682.5,3738.0,3476.0,2434.0,1149.0,1576.0,2135.0,2774.0,3016.0,3243.0,3672.0,3736.0,3139.0,2212.5,1032.0,1321.0,1932.5,2465.5,2569.0,2748.5,2781.0,3037.0,1841.0,1554.0,479.0,679.0,894.0,1032.0,1074.0,1111.0,1191.0,1248.0,3363.0,2489.0,913.0,1309.0,1890.0,2257.0,2317.0,2524.0,2607.0,2886.0,3125.5,2316.0,937.5,1215.0,1645.0,1949.0,2045.5,2180.5,2305.5,2488.0,2811.5,2248.5,753.5,959.0,1243.5,1444.5,1515.5,1620.0,1753.0,1838.5,2860.0,2389.0,804.0,959.0,1226.0,1454.0,1454.0,1576.0,1701.0,1802.0,1529.0,1255.0,446.0,567.0,764.0,863.0,917.0,961.0,1049.0,1041.0,901.0,792.5,603.5,683.0,723.0,769.5,839.5,873.5,896.0,919.5,1396.0,1121.0,430.0,586.0,734.0,828.0,858.0,912.0,977.0,1019.0,307.0,266.0,176.0,144.0,139.0,161.0,179.0,188.0,197.0,191.0,2089.0,1779.0,725.0,912.0,1082.0,1216.0,1233.0,1312.0,1389.0,1407.0,2010.0,1746.0,748.5,857.5,1040.5,1145.0,1170.0,1248.0,1299.0,1323.0,1581.0,1355.0,497.0,631.0,754.0,859.0,862.0,885.0,963.0,1010.0,2130.0,1840.5,776.5,937.5,1108.0,1213.0,1231.0,1305.5,1375.0,1406.0,2152.0,1836.0,792.5,991.5,1165.0,1276.0,1338.5,1380.5,1474.5,1492.5,"{""type"":""MultiPoint"",""coordinates"":[]}"
457_0,3,1726.0,1458.5,898.0,921.5,1018.5,1083.0,1129.0,1185.0,1310.5,1279.5,2757.0,2552.0,821.0,1173.0,1571.0,1707.0,1771.0,1868.0,1967.0,2001.0,2469.0,2263.0,596.0,911.0,1286.0,1426.0,1483.0,1563.0,1678.0,1720.0,208.5,200.5,310.5,439.0,428.5,495.5,242.5,283.5,248.0,162.5,183.5,151.0,252.5,406.5,381.5,521.0,353.0,405.0,344.5,292.5,405.0,312.0,302.0,518.0,423.5,699.0,753.5,821.5,781.5,698.0,923.0,653.0,247.0,487.0,283.0,778.0,1406.0,1511.0,1392.0,1375.0,1179.0,653.0,213.0,435.0,240.0,720.0,1819.0,2057.0,1982.0,2004.0,1387.0,696.0,125.0,372.0,120.0,659.0,2739.0,3599.0,3532.0,3568.0,1429.5,645.0,62.5,324.0,28.5,580.5,2896.0,4271.0,4234.0,4363.5,1323.0,592.0,52.5,291.0,25.5,511.5,2816.0,4288.0,4270.5,4386.0,3173.5,2871.5,1885.5,1999.0,2224.5,2372.0,2415.0,2437.0,2492.5,2557.5,1355.0,610.0,63.0,293.5,30.5,556.0,2915.5,4287.0,4385.0,4522.5,1446.5,653.5,181.0,689.5,233.5,1189.5,3502.5,4458.5,4593.0,4696.0,1525.0,747.0,511.0,878.0,631.0,1402.0,3419.0,4131.0,4214.0,4462.0,1711.0,943.0,646.0,1089.0,995.0,1864.0,3110.0,3527.0,3649.0,3814.0,1942.0,1121.0,619.0,1054.0,1048.0,1892.0,2649.0,3040.0,3298.0,3380.0,4324.0,2919.0,1010.0,1454.0,1850.0,2533.0,2828.0,3099.0,3446.0,3558.0,4675.0,3354.5,1122.5,1554.0,2171.0,2625.0,2889.5,3197.0,3518.0,3704.0,4448.0,3276.0,996.0,1384.0,2087.0,2492.0,2740.0,3024.0,3386.0,3427.0,4287.5,3090.5,995.5,1380.0,2035.0,2376.0,2615.0,2896.5,3234.5,3384.5,3993.0,2953.0,930.0,1255.0,1731.0,2093.0,2324.0,2503.0,2716.0,2866.0,2305.5,2014.0,528.5,742.0,1044.5,1166.5,1277.5,1354.5,1493.0,1507.0,3601.0,2906.0,756.5,1023.0,1395.5,1664.5,1833.0,2028.0,2181.5,2335.5,3005.5,2587.5,1267.5,1402.0,1611.0,1775.0,1833.0,2017.5,2173.0,2120.0,2892.0,2546.0,797.5,907.5,1139.0,1352.0,1497.5,1698.5,1826.0,1871.5,2949.5,2653.0,719.0,836.0,1036.5,1235.0,1375.0,1543.0,1666.5,1698.0,2693.0,1864.0,556.0,705.0,927.0,1114.0,1280.0,1395.0,1586.0,1592.0,0.0,0.0,0.0,0.0,0.0,0.0,0.0,0.0,0.0,0.0,2184.0,1879.0,466.0,704.0,1020.0,1202.0,1290.0,1343.0,1498.0,1531.0,1508.5,1329.0,471.0,550.5,709.0,814.5,899.0,1001.0,1029.0,1082.5,2391.0,2070.0,651.0,887.0,1161.5,1348.0,1466.0,1581.0,1712.5,1727.0,2514.5,2172.0,762.5,939.0,1230.0,1408.0,1563.5,1660.5,1813.5,1849.5,2426.0,2199.0,770.0,951.0,1222.0,1409.0,1480.0,1627.0,1706.0,1738.0,2425.0,2199.0,639.0,910.0,1222.0,1376.0,1425.0,1535.0,1633.0,1681.0,2383.0,2232.5,686.5,919.5,1242.5,1379.5,1470.5,1557.0,1665.5,1676.5,"{""type"":""MultiPoint"",""coordinates"":[]}"
458_0,3,1046.0,895.5,349.0,408.0,493.0,560.0,544.0,598.0,640.0,648.5,1906.5,1681.0,722.5,943.5,1085.5,1171.5,1197.5,1261.5,1324.5,1315.0,2044.5,1809.5,775.5,981.0,1134.5,1234.0,1263.5,1324.0,1379.0,1400.0,2587.5,2319.0,1192.5,1446.5,1633.0,1773.5,1760.5,1837.0,1912.0,1921.5,2689.0,2428.0,1277.0,1504.0,1703.0,1816.0,1866.0,1929.0,2053.0,2019.0,2345.0,2125.0,1082.0,1320.0,1482.0,1570.0,1597.0,1654.0,1719.0,1715.0,366.0,357.0,870.0,1093.0,1133.0,1262.0,943.0,984.0,947.0,775.0,414.0,389.0,1049.0,1338.0,1411.0,1532.0,1198.0,1222.0,1194.0,1001.0,249.0,198.0,645.0,950.0,995.0,1152.0,889.0,966.0,895.0,791.0,257.5,202.5,626.5,956.5,986.0,1176.5,842.5,957.5,842.5,718.5,325.0,247.0,475.0,805.0,759.5,1063.0,905.0,1003.5,888.5,798.5,1279.5,1112.5,487.5,591.5,695.5,735.5,759.0,796.0,878.0,875.0,916.0,555.0,404.0,691.0,545.0,1085.0,1715.0,1956.0,1935.0,1821.0,965.0,533.0,162.0,436.0,248.0,763.0,1760.0,2157.0,2093.0,1959.0,1126.0,569.0,162.0,403.0,193.0,705.0,2237.0,2896.0,2832.0,2789.0,1289.0,663.0,322.0,580.0,341.0,962.0,2484.0,3040.0,3100.0,3042.0,1281.0,673.0,335.0,728.0,437.0,1208.0,2489.0,2934.0,2975.0,2938.0,1287.0,722.0,389.5,803.5,603.0,1457.0,2450.0,2718.5,2841.0,2856.0,1656.0,1041.0,806.0,1215.0,1395.0,2002.0,2596.0,2855.0,3073.0,3077.0,2298.5,1505.0,746.0,1157.0,1441.0,2052.5,2539.0,2792.0,3071.5,3128.5,3327.0,2301.0,975.0,1415.0,1973.0,2440.0,2641.0,2851.0,3218.0,3250.0,2296.0,1586.5,816.5,1140.0,1608.0,1882.0,2031.5,2177.5,2326.5,2417.5,1326.0,1178.0,534.0,623.0,726.0,763.0,774.0,830.0,894.0,918.0,3249.0,2461.0,955.0,1253.0,1752.0,2007.0,2151.0,2360.0,2562.0,2616.0,3190.5,2402.0,1031.5,1301.0,1759.5,2025.5,2149.0,2340.0,2506.0,2576.5,2877.0,2287.5,796.5,1034.5,1359.0,1572.0,1685.5,1814.0,1958.0,2012.5,2957.0,2316.0,910.0,1079.0,1404.0,1599.0,1697.0,1836.0,1961.0,2050.0,2392.0,1504.0,697.0,870.0,1157.0,1301.0,1454.0,1542.0,1766.0,1748.0,0.0,0.0,0.0,0.0,0.0,0.0,0.0,0.0,0.0,0.0,2294.0,2023.0,881.0,1119.0,1332.0,1439.0,1474.0,1492.0,1667.0,1608.0,532.0,462.0,290.0,290.0,307.0,327.0,332.0,347.0,352.0,394.0,2549.0,2294.0,1051.0,1322.0,1546.0,1600.0,1706.0,1741.0,1837.0,1809.0,2300.0,1908.0,1177.0,1448.0,1648.0,1746.0,1777.0,1895.0,2012.0,1948.0,1999.5,1787.0,755.0,923.0,1079.0,1159.5,1162.0,1213.5,1299.5,1292.0,1724.0,1526.0,680.0,805.0,936.0,1008.0,1045.0,1102.0,1144.0,1190.0,1763.5,1580.5,683.5,843.5,960.0,1031.5,1072.5,1126.0,1199.0,1204.0,"{""type"":""MultiPoint"",""coordinates"":[]}"
459_0,3,1931.5,1579.0,615.0,770.0,1014.5,1178.5,1186.5,1272.5,1340.5,1403.0,2264.5,1883.0,759.5,1006.0,1237.5,1351.5,1400.0,1490.5,1588.0,1607.0,2740.5,2339.5,1060.5,1377.5,1689.5,1800.5,1828.5,1880.5,2016.0,2007.0,2970.0,2519.0,1170.5,1509.0,1823.5,1954.5,2004.5,2068.5,2172.0,2206.0,1152.0,1010.0,835.0,1089.0,1311.0,1483.0,1428.0,1527.0,1518.0,1454.0,613.0,491.0,730.0,1004.0,1082.0,1335.0,1210.0,1257.0,1153.0,1177.0,529.0,416.0,626.0,889.0,949.0,1209.0,1180.0,1257.0,1281.0,1174.0,736.0,524.0,604.0,884.0,841.0,1265.0,1387.0,1533.0,1499.0,1415.0,1144.0,756.0,463.0,783.0,617.0,1128.0,1915.0,2090.0,2004.0,2056.0,1554.0,828.5,307.0,643.0,376.0,1037.5,2782.5,3371.0,3298.5,3372.5,1567.5,793.5,161.5,421.5,210.5,773.5,2873.0,3863.0,3893.0,3987.0,2184.0,1815.0,716.0,908.0,1156.0,1318.0,1321.0,1449.0,1494.0,1564.0,1559.0,782.0,184.0,429.0,236.0,754.0,2983.0,4064.0,4214.0,4231.0,1634.0,769.0,123.0,491.0,229.0,895.0,3267.0,4373.0,4503.0,4596.0,1702.0,856.0,280.0,734.0,444.0,1309.0,3582.0,4553.0,4668.0,4789.0,1819.0,931.0,468.0,973.0,707.0,1759.0,3475.0,4190.0,4276.0,4437.0,1864.5,1038.5,507.0,1017.5,843.5,1863.0,3251.0,3676.0,3974.5,4026.5,2316.0,1403.5,617.0,1129.5,1293.5,2109.5,2948.5,3327.0,3531.0,3688.0,2985.0,1889.5,964.0,1421.0,1863.5,2687.0,3327.0,3658.5,3950.0,4058.0,4088.0,2897.5,1195.5,1724.5,2338.5,2995.0,3318.0,3592.5,3872.0,4055.5,3828.0,2886.0,1219.0,1648.0,2381.0,2781.0,2981.0,3122.0,3523.0,3557.0,3724.0,2630.0,1078.0,1512.0,2234.5,2706.5,2793.0,3082.0,3076.0,3431.0,2156.0,1792.5,683.0,868.0,1132.0,1235.0,1303.0,1383.5,1502.5,1520.0,3039.0,2254.0,855.0,1190.5,1660.5,1951.0,1960.0,2235.0,2274.5,2455.0,2905.0,2185.0,900.5,1178.5,1599.5,1869.0,1937.5,2135.5,2207.0,2355.5,2649.5,2078.0,690.5,914.5,1231.5,1396.5,1464.5,1622.5,1710.0,1782.0,2617.0,2092.5,758.5,924.0,1211.0,1387.0,1447.0,1589.5,1669.5,1717.5,1798.0,1291.0,516.0,627.0,880.0,993.0,1011.0,1099.0,1215.0,1257.0,0.0,0.0,0.0,0.0,0.0,0.0,0.0,0.0,0.0,0.0,1765.0,1345.0,564.0,742.0,946.0,1052.0,1082.0,1155.0,1257.0,1265.0,2021.0,1672.0,713.0,840.0,1011.0,1152.0,1166.0,1254.0,1293.0,1375.0,2482.0,2062.0,860.0,1104.0,1319.0,1453.0,1458.0,1550.0,1674.0,1712.0,2169.0,1713.0,1095.0,1258.0,1367.0,1534.0,1649.0,1757.0,1784.0,1862.0,2019.0,1613.0,662.0,822.0,1022.0,1140.0,1130.5,1202.5,1296.0,1310.5,2466.0,2086.0,912.0,1093.0,1299.0,1451.0,1541.0,1652.0,1754.0,1793.0,2400.0,1999.0,771.0,1015.0,1275.0,1439.0,1477.0,1557.0,1638.0,1652.0,"{""type"":""MultiPoint"",""coordinates"":[]}"
460_0,3,1755.0,1422.0,577.5,692.0,905.0,1026.0,1037.5,1119.5,1196.0,1235.0,2077.0,1752.0,740.0,941.5,1171.5,1273.0,1296.5,1384.5,1476.0,1498.5,2223.5,1910.5,884.5,1117.5,1370.0,1475.5,1460.5,1543.0,1598.0,1627.5,2523.0,2187.5,1063.5,1322.5,1598.5,1723.0,1745.5,1802.5,1878.0,1891.5,2160.0,1875.0,1058.0,1365.0,1576.0,1707.0,1730.0,1799.0,1609.0,1659.0,398.0,329.0,901.0,1202.0,1276.0,1538.0,1155.0,1138.0,1016.0,887.0,466.0,420.0,867.0,1119.0,1173.0,1380.0,1126.0,1194.0,1150.0,981.0,466.0,370.0,738.0,1048.0,1086.0,1332.0,1126.0,1194.0,1150.0,1008.0,547.0,387.0,652.0,958.0,975.0,1209.0,1106.0,1262.0,1098.0,1117.0,732.0,427.0,340.5,649.0,543.0,1090.0,1435.5,1660.0,1456.0,1536.0,951.0,544.0,180.0,444.5,222.0,834.0,1804.0,2255.0,2090.5,2181.0,1977.0,1638.0,656.0,819.0,1028.0,1172.0,1194.0,1270.0,1321.0,1399.0,1244.0,617.0,140.0,405.0,138.0,808.0,2803.0,3356.0,3139.0,3310.0,1366.0,691.0,134.0,435.0,241.0,916.0,3064.0,3822.0,3747.0,3790.0,1491.0,761.0,232.0,560.0,411.0,1082.0,3126.0,4039.0,3947.0,4098.0,1649.0,866.0,385.0,748.0,529.0,1392.0,3124.0,3758.0,3903.0,3985.0,1857.0,1020.0,461.0,883.0,741.0,1531.0,2956.0,3422.0,3865.0,3807.0,2136.0,1280.5,485.0,920.5,870.0,1675.0,2843.0,3260.5,3588.5,3680.5,2436.0,1489.0,670.5,1057.0,1128.0,1848.0,2788.0,3146.5,3498.5,3594.0,2786.5,1812.0,765.5,1154.5,1365.5,2055.0,2865.5,3172.5,3519.5,3675.5,3873.0,2631.0,949.0,1452.0,1914.0,2465.0,2962.0,3266.0,3707.0,3761.0,3973.0,2737.0,1000.0,1419.0,2045.0,2615.0,2916.5,3081.5,3249.0,3698.0,1941.0,1613.5,609.5,768.0,998.5,1106.5,1124.0,1200.0,1318.5,1343.5,3701.5,2657.0,922.5,1277.0,1802.5,2189.0,2477.0,2566.5,2723.0,2990.5,3459.5,2566.0,929.5,1194.0,1634.0,1967.5,2153.0,2351.0,2483.5,2632.0,3126.0,2477.5,729.0,916.5,1236.0,1476.0,1576.5,1726.0,1818.5,1968.5,3205.5,2579.5,781.5,922.0,1225.5,1473.0,1569.5,1684.0,1789.5,1973.5,1639.0,1252.0,441.0,536.0,741.0,818.0,844.0,964.0,1068.0,1059.0,1401.0,1285.0,1096.0,1145.0,1085.0,1141.0,1303.0,1398.0,1458.0,1485.0,1551.0,1172.0,505.0,657.0,806.0,915.0,922.0,979.0,1073.0,1091.0,1811.0,1475.0,627.0,736.0,900.0,1019.0,1036.0,1094.0,1149.0,1169.0,2258.0,1865.0,847.0,1039.0,1237.0,1388.0,1388.0,1472.0,1564.0,1583.0,2165.0,1798.5,840.5,954.5,1156.0,1263.0,1270.5,1343.0,1445.0,1473.5,1752.5,1433.5,560.5,662.0,847.0,953.5,921.5,979.5,1071.0,1089.5,2125.0,1819.5,801.0,954.0,1123.5,1223.0,1318.5,1399.0,1493.5,1520.5,2121.5,1772.5,826.5,989.5,1161.5,1267.0,1341.0,1442.0,1551.0,1545.5,"{""type"":""MultiPoint"",""coordinates"":[]}"
461_0,3,1818.5,1525.0,638.5,770.5,996.5,1100.0,1136.0,1205.0,1299.5,1323.0,2227.0,1886.0,817.5,1029.5,1237.0,1357.5,1401.0,1482.5,1593.0,1576.5,2370.5,2033.5,954.0,1231.0,1501.0,1628.0,1623.5,1699.0,1780.5,1800.0,2679.0,2294.5,1213.0,1567.0,1870.5,1987.0,1981.0,2049.0,2121.5,2132.0,2308.0,1996.0,970.0,1288.0,1534.0,1657.0,1706.0,1712.0,1789.0,1786.0,495.0,448.0,970.0,1167.0,1229.0,1419.0,1214.0,1263.0,1234.0,1111.0,323.0,242.0,656.0,947.0,985.0,1073.0,905.0,1006.0,979.0,910.0,414.0,324.0,581.0,926.0,911.0,1326.0,1254.0,1353.0,1264.0,1192.0,434.0,358.0,414.0,684.0,602.0,957.0,1046.0,1160.0,1076.0,940.0,1273.0,713.0,259.0,578.5,324.5,944.5,2311.0,2858.5,2803.0,2694.5,1505.0,742.5,126.0,395.5,125.0,725.5,2848.5,4041.5,4049.5,3941.0,1993.0,1693.0,721.0,877.0,1079.0,1190.0,1202.0,1253.0,1382.0,1395.0,1428.0,676.0,147.0,415.0,131.0,701.0,2963.0,4179.0,4343.0,4239.0,1388.0,669.0,48.0,408.0,114.0,834.0,3248.0,4419.0,4580.0,4489.0,1472.0,699.0,218.0,636.0,297.0,1141.0,3498.0,4552.0,4719.0,4686.0,1531.0,718.0,453.0,1015.0,644.0,1877.0,3571.0,4250.0,4343.0,4332.0,1578.5,884.5,507.5,1100.5,845.5,1983.5,3289.5,3776.5,4083.0,3981.0,2068.5,1252.0,614.5,1222.0,1236.0,2247.5,3244.5,3587.0,3884.5,4001.0,2526.5,1553.5,997.0,1561.0,1746.5,2533.0,3232.5,3456.5,3907.0,3946.5,2805.0,1830.0,1057.0,1671.0,2064.0,2884.0,3297.5,3617.5,4019.5,3951.5,3662.0,2608.0,1153.0,1710.0,2242.0,2760.0,2973.0,3240.0,3654.0,3700.0,3359.5,2339.0,1074.0,1598.0,2201.5,2571.5,2720.0,2923.5,3314.0,3290.5,1863.0,1602.0,536.0,742.0,988.0,1089.0,1104.0,1170.0,1313.0,1295.0,3582.0,2629.0,1017.0,1459.0,2092.0,2502.0,2561.0,2815.0,2933.0,3157.0,3277.0,2428.0,970.5,1277.5,1744.5,2001.5,2114.5,2290.0,2576.0,2558.0,2933.0,2361.5,737.5,946.0,1260.0,1468.5,1534.0,1665.0,1847.0,1899.5,3044.0,2490.0,773.0,930.0,1236.0,1446.0,1501.0,1649.0,1817.0,1878.0,1532.0,1262.0,445.0,580.0,783.0,884.0,896.0,988.0,1066.0,1050.0,908.5,798.0,556.0,676.0,720.0,786.5,840.5,882.0,880.5,949.5,1381.0,1123.0,460.0,611.0,765.0,853.0,875.0,928.0,1027.0,1019.0,304.0,275.0,182.0,153.0,151.0,165.0,161.0,190.0,198.0,189.0,2053.0,1787.0,715.0,920.0,1125.0,1217.0,1277.0,1316.0,1419.0,1399.0,2056.5,1763.5,786.5,881.5,1076.0,1139.5,1192.5,1250.0,1360.5,1347.0,1598.0,1370.0,512.0,655.0,792.0,863.0,873.0,932.0,1022.0,1013.0,2153.5,1875.0,818.0,968.0,1135.5,1221.0,1242.5,1349.0,1434.5,1425.5,2186.0,1870.0,838.5,1004.5,1188.5,1272.0,1320.5,1407.0,1513.5,1492.5,"{""type"":""MultiPoint"",""coordinates"":[]}"
462_0,3,1841.0,1569.5,522.0,644.5,886.0,1006.5,1048.5,1132.5,1218.5,1215.5,2455.0,2110.0,988.5,1271.0,1559.0,1679.5,1720.0,1797.0,1898.5,1879.0,2267.5,1913.0,753.0,1020.0,1305.0,1406.5,1441.0,1500.0,1597.0,1613.0,286.5,271.0,472.0,670.5,703.5,915.0,818.0,861.5,838.0,775.0,359.5,279.5,571.5,787.0,867.0,1080.0,1017.0,1047.0,1054.0,965.0,330.0,287.0,658.5,885.0,928.5,1206.5,1064.0,1095.5,1107.5,968.5,911.0,551.5,474.5,770.5,599.0,1133.0,1782.0,1979.5,1922.5,1738.0,1292.5,751.5,454.5,783.0,571.5,1107.0,2236.0,2352.0,2396.5,2354.5,1509.5,784.5,305.5,602.5,388.0,1000.5,2604.0,3146.0,3197.0,3250.5,1612.5,827.0,252.5,581.0,397.0,1014.0,2787.5,3575.5,3571.5,3680.0,1599.5,820.5,223.5,492.5,363.0,902.5,2672.5,3654.0,3800.0,3895.5,2170.5,1845.5,588.0,788.5,1042.5,1186.0,1217.0,1315.0,1391.0,1462.0,1699.0,847.0,258.5,548.0,367.5,959.0,2988.5,4028.5,4116.5,4252.5,1655.5,858.0,300.0,784.0,458.0,1394.0,3424.0,4227.0,4348.0,4466.0,1700.0,865.0,405.5,870.0,625.0,1569.0,3386.0,3964.0,4017.5,4209.5,1936.0,1049.5,579.5,1022.0,977.5,1950.5,3208.0,3587.5,3813.5,3936.5,2263.0,1344.5,652.5,1131.5,1255.0,2115.5,2991.5,3339.0,3666.5,3744.5,2774.0,1761.0,792.0,1332.0,1686.0,2413.0,2986.0,3328.0,3566.0,3751.0,4083.5,2863.5,1159.5,1610.0,2331.5,2703.5,2953.0,3204.5,3570.0,3647.5,3982.0,2763.0,1004.5,1399.0,2119.5,2505.5,2712.5,2995.0,3308.0,3412.0,3422.0,2603.0,959.0,1360.5,1959.5,2238.0,2480.5,2654.5,2945.0,2957.5,2082.0,1593.0,662.0,939.0,1316.5,1492.5,1530.5,1654.5,1732.0,1796.0,2033.5,1744.5,478.0,704.5,943.5,1093.0,1145.5,1222.0,1341.5,1362.0,2356.5,1864.0,787.5,1046.0,1455.5,1630.5,1649.5,1807.5,1916.0,1974.0,2310.0,1807.5,894.5,1096.0,1439.0,1600.0,1618.0,1738.0,1861.0,1938.0,2017.5,1691.0,651.0,814.5,1095.5,1200.0,1236.0,1326.0,1440.0,1445.0,1673.0,1424.5,499.0,673.5,911.0,1014.0,1062.0,1127.5,1180.5,1225.0,1378.5,1191.0,353.0,486.0,667.0,719.5,782.5,828.5,924.0,904.0,0.0,0.0,0.0,0.0,0.0,0.0,0.0,0.0,0.0,0.0,1495.5,1148.5,398.5,537.5,754.0,855.5,914.0,970.0,1077.5,1070.5,1797.5,1456.0,568.5,701.5,868.5,997.0,1022.0,1116.0,1185.0,1188.0,2352.0,1967.5,795.5,1040.5,1266.5,1385.5,1463.5,1511.0,1613.5,1655.0,2343.0,1964.0,776.5,971.0,1212.5,1356.0,1363.5,1455.5,1579.0,1565.5,2195.5,1848.0,792.5,898.5,1103.5,1215.0,1227.0,1343.0,1412.5,1456.0,2177.0,1883.0,688.0,879.5,1118.0,1253.5,1299.5,1373.0,1442.0,1461.5,2255.0,1929.0,783.5,1035.5,1293.5,1423.5,1472.0,1556.5,1644.5,1641.5,"{""type"":""MultiPoint"",""coordinates"":[]}"
463_0,3,182.5,155.5,217.5,289.5,417.5,480.0,334.5,363.0,377.5,288.5,2217.0,1878.0,728.5,930.0,1155.0,1298.5,1364.0,1458.0,1578.0,1585.5,2338.5,2053.5,782.0,1007.5,1249.5,1391.0,1440.5,1536.5,1621.0,1649.0,2498.5,2227.5,944.0,1200.0,1445.5,1567.0,1618.0,1700.5,1782.0,1802.5,2636.0,2397.0,1062.0,1311.0,1592.0,1702.0,1752.0,1843.0,1954.0,1931.0,1174.0,1109.0,1043.0,1284.0,1506.0,1601.0,1641.0,1714.0,1484.0,1651.0,335.0,322.0,731.0,1066.0,1073.0,1352.0,997.0,1065.0,942.0,846.0,918.0,620.0,876.0,1176.0,1182.0,1613.0,1593.0,1722.0,1646.0,1625.0,594.0,450.0,615.0,991.0,870.0,1505.0,1464.0,1619.0,1481.0,1351.0,947.5,598.5,364.0,699.0,494.0,1111.5,2059.5,2388.0,2282.5,2198.0,1178.0,667.0,244.5,499.0,311.0,864.5,2364.0,2974.5,2916.0,2805.0,230.0,194.0,330.0,448.0,548.0,655.0,540.0,595.0,620.0,528.0,1466.0,752.0,263.0,508.0,312.0,853.0,2727.0,3614.0,3556.0,3648.0,1467.0,757.0,187.0,446.0,274.0,813.0,2610.0,3587.0,3646.0,3686.0,1548.0,793.0,187.0,456.0,258.0,835.0,2964.0,4041.0,4065.0,4262.0,1588.0,827.0,408.0,806.0,505.0,1346.0,2971.0,3698.0,3812.0,3881.0,1614.5,872.0,434.0,863.0,594.0,1432.5,2858.0,3288.0,3577.5,3543.0,1893.0,1093.0,468.5,887.5,879.0,1596.5,2508.5,2878.5,3140.0,3237.0,2224.0,1339.5,826.0,1210.5,1405.5,1903.5,2492.5,2777.5,3062.0,3146.5,3686.0,2547.0,996.0,1420.0,1886.0,2391.5,2734.0,3004.0,3364.5,3392.0,4238.0,2818.0,1289.0,1807.5,2556.0,3042.0,3326.5,3612.0,4044.5,4077.5,3664.0,2614.0,1284.0,1728.0,2367.0,2579.0,2801.0,3029.0,3298.0,3330.0,226.0,183.0,333.0,407.0,545.0,642.0,540.0,595.0,615.0,501.0,3594.0,2662.0,1087.0,1502.0,2021.0,2332.0,2478.0,2625.0,2819.0,2921.0,3399.5,2559.0,1052.0,1385.0,1844.5,2086.5,2247.5,2438.0,2672.5,2646.0,2967.0,2392.5,800.0,1055.5,1390.0,1597.0,1728.5,1847.5,2068.0,2061.5,413.0,301.0,406.0,528.0,671.0,785.0,704.0,775.0,812.0,760.0,142.0,121.0,127.0,212.0,276.0,346.0,280.0,304.0,306.0,249.0,0.0,0.0,0.0,0.0,0.0,0.0,0.0,0.0,0.0,0.0,153.0,136.0,180.0,278.0,423.0,572.0,389.0,447.0,461.0,330.0,672.0,432.0,348.0,489.0,683.0,904.0,992.0,1085.0,1167.0,1228.0,3145.0,2407.0,1201.0,1524.0,1974.0,2186.0,2311.0,2453.0,2756.0,2705.0,1749.0,1070.0,906.0,930.0,1181.0,1456.0,1511.0,1724.0,1965.0,1986.0,2516.0,1775.5,903.5,1174.0,1598.0,1832.0,1906.0,2083.5,2368.5,2366.0,4080.0,3244.5,1574.0,1921.0,2376.5,2584.5,2711.5,2889.0,3235.5,3140.0,3838.0,3088.5,1516.0,1796.5,2225.5,2422.5,2534.5,2701.5,2996.5,2974.5,"{""type"":""MultiPoint"",""coordinates"":[]}"
464_0,3,1568.0,1326.0,493.5,620.5,808.0,917.0,938.5,1001.0,1059.0,1109.5,2228.0,1940.5,795.5,1058.0,1304.5,1423.5,1465.0,1534.5,1613.5,1618.0,2314.5,2053.5,831.5,1095.5,1331.0,1463.5,1501.0,1568.0,1634.5,1650.5,2235.5,2003.0,824.5,1069.0,1292.0,1421.5,1452.5,1512.5,1575.0,1592.0,329.0,299.0,837.0,1050.0,1090.0,1154.0,885.0,875.0,876.0,726.0,387.0,327.0,837.0,1050.0,1090.0,1288.0,1170.0,1249.0,1203.0,1106.0,389.0,327.0,726.0,981.0,965.0,1288.0,1206.0,1289.0,1203.0,1106.0,714.0,601.0,630.0,926.0,866.0,1486.0,1349.0,1575.0,1357.0,1278.0,874.0,613.0,573.0,815.0,735.0,1192.0,1588.0,1680.0,1638.0,1549.0,831.0,569.0,398.0,619.0,555.0,1008.5,1531.5,1771.0,1652.5,1561.0,1125.0,665.0,295.5,542.0,387.0,943.5,2073.5,2492.0,2434.0,2415.5,1738.0,1502.0,584.0,754.0,943.0,1060.0,1038.0,1127.0,1208.0,1183.0,1237.0,682.0,263.0,542.0,366.0,902.0,2188.0,2641.0,2599.0,2595.0,1216.0,614.0,133.0,409.0,224.0,714.0,2435.0,3238.0,3040.0,3058.0,1231.0,614.0,134.0,394.0,177.0,698.0,2635.0,3517.0,3416.0,3494.0,1481.0,748.0,340.0,677.0,352.0,1084.0,3215.0,3983.0,3977.0,4002.0,1597.0,802.5,378.5,819.5,419.0,1306.5,3403.5,4111.0,4278.0,4265.0,1579.0,855.0,384.0,871.0,524.5,1524.5,3108.5,3515.0,3672.0,3713.0,1848.0,953.0,662.0,1191.0,937.0,2020.0,3068.0,3376.0,3573.0,3704.0,2149.0,1310.0,668.5,1247.0,1218.5,2239.0,3108.5,3399.0,3648.5,3728.0,3211.0,2201.0,845.0,1309.5,1735.0,2344.0,2692.0,2929.0,3146.0,3227.0,1995.0,1398.0,615.0,976.0,1414.0,1658.0,1830.0,1924.0,2131.0,2148.0,1643.0,1408.0,401.0,608.0,815.0,931.0,963.0,1064.0,1094.0,1165.0,2621.0,1992.0,743.0,1032.0,1468.0,1732.0,1819.0,1986.0,2014.0,2198.0,2595.0,1995.0,810.5,1072.5,1451.5,1694.0,1790.0,1949.5,2112.5,2139.0,2316.0,1853.5,641.0,833.5,1128.0,1284.5,1357.0,1475.0,1615.5,1625.0,2434.0,2029.0,745.0,906.0,1192.0,1343.0,1405.0,1562.0,1661.0,1710.0,2042.0,1437.0,523.0,663.0,945.0,1072.0,1168.0,1228.0,1429.0,1398.0,0.0,0.0,0.0,0.0,0.0,0.0,0.0,0.0,0.0,0.0,1490.0,1220.0,420.0,592.0,759.0,861.0,890.0,944.0,1015.0,1034.0,1636.0,1410.0,527.0,656.0,811.0,898.0,943.0,995.0,1053.0,1069.0,2023.0,1750.0,632.0,838.0,1064.0,1174.0,1224.0,1295.0,1379.0,1380.0,2164.0,1899.0,827.0,997.0,1201.0,1302.0,1354.0,1429.0,1534.0,1508.0,1609.0,1487.0,491.0,615.0,810.0,932.0,941.0,985.0,980.0,1078.0,1894.0,1649.0,606.5,806.5,1005.0,1116.0,1165.5,1229.5,1316.5,1297.0,2056.0,1796.5,728.0,921.0,1135.5,1248.0,1285.0,1355.5,1434.0,1439.0,"{""type"":""MultiPoint"",""coordinates"":[]}"
465_0,3,1923.0,1568.5,594.0,749.5,1004.5,1116.0,1133.5,1217.5,1349.5,1370.5,2290.5,1927.0,795.5,1028.5,1277.5,1384.5,1404.5,1501.5,1625.0,1607.5,2603.5,2213.5,1004.0,1259.5,1529.0,1668.5,1660.0,1742.5,1834.5,1842.5,2930.5,2483.5,1192.0,1505.0,1806.0,1922.0,1974.0,2049.0,2180.0,2168.5,816.0,702.0,872.0,1149.0,1322.0,1459.0,1303.0,1479.0,1293.0,1255.0,385.0,348.0,809.0,1060.0,1069.0,1316.0,959.0,1083.0,1043.0,934.0,565.0,382.0,552.0,875.0,795.0,1154.0,1120.0,1193.0,1043.0,1007.0,844.0,625.0,567.0,877.0,751.0,1155.0,1525.0,1635.0,1492.0,1479.0,1368.0,835.0,421.0,762.0,488.0,1087.0,2417.0,2593.0,2887.0,2738.0,1694.0,861.0,250.5,561.5,277.5,961.0,2950.0,3654.0,3861.0,3759.0,1594.0,782.0,102.0,320.0,112.5,694.5,2930.5,4264.0,4407.0,4284.5,2204.0,1827.0,726.0,900.0,1155.0,1279.0,1297.0,1417.0,1478.0,1547.0,1588.0,769.0,146.0,336.0,135.0,685.0,3018.0,4484.0,4553.0,4645.0,1585.0,742.0,24.0,325.0,75.0,698.0,3268.0,4762.0,5048.0,4983.0,1651.0,785.0,244.0,664.0,323.0,1202.0,3435.0,4803.0,5147.0,5168.0,1833.0,907.0,479.0,958.0,655.0,1654.0,3761.0,4529.0,4862.0,4902.0,1902.0,1046.5,525.5,1063.0,796.0,1817.5,3532.0,4163.5,4628.0,4462.0,2425.5,1473.0,706.5,1311.0,1405.5,2258.5,3429.5,3856.5,4297.5,4397.0,3273.0,2163.0,1165.0,1770.0,2361.0,3146.5,3837.5,4164.5,4716.5,4663.0,4094.0,2912.0,1353.5,1893.0,2690.0,3243.5,3559.5,3810.0,4165.0,4311.5,3978.0,2930.0,1338.0,1908.0,2720.0,3045.0,3164.0,3325.0,3815.0,3772.0,4093.0,2906.0,1393.0,1915.5,2749.5,2927.5,3015.5,3381.5,3680.5,3709.0,2162.5,1803.5,673.5,845.0,1123.0,1248.0,1272.5,1368.0,1501.5,1513.0,3119.0,2378.0,952.0,1289.5,1804.0,2023.5,2073.0,2228.5,2471.5,2485.5,3077.5,2351.0,1043.0,1324.5,1807.0,2033.5,2047.5,2197.5,2439.5,2442.5,2734.0,2237.5,790.0,1001.0,1346.0,1502.5,1559.5,1688.5,1823.0,1832.0,2769.5,2246.0,818.5,994.0,1298.0,1478.5,1494.5,1679.0,1743.0,1767.5,1862.0,1367.0,541.0,678.0,946.0,1017.0,1024.0,1132.0,1286.0,1258.0,0.0,0.0,0.0,0.0,0.0,0.0,0.0,0.0,0.0,0.0,1860.0,1424.0,557.0,773.0,981.0,1102.0,1106.0,1194.0,1292.0,1302.0,2126.0,1755.0,725.0,877.0,1047.0,1180.0,1203.0,1284.0,1353.0,1385.0,2616.0,2171.0,908.0,1155.0,1384.0,1552.0,1583.0,1620.0,1768.0,1777.0,2785.0,2349.0,1138.0,1329.0,1547.0,1666.0,1805.0,1879.0,2030.0,2010.0,2005.0,1577.0,647.0,813.5,987.0,1141.5,1219.5,1272.0,1387.0,1416.5,2361.0,1892.0,864.0,1070.0,1191.0,1431.0,1749.0,1964.0,2044.0,1956.0,2326.0,1834.0,808.0,1041.0,1153.0,1428.0,1446.0,1535.0,1651.0,1652.0,"{""type"":""MultiPoint"",""coordinates"":[]}"
466_0,3,1304.0,1072.5,554.5,658.5,800.5,867.0,883.5,917.5,975.0,1010.0,1731.5,1449.0,715.5,888.5,1058.5,1131.5,1185.0,1276.0,1324.5,1329.0,282.0,255.5,552.0,785.5,838.5,975.5,720.5,785.5,747.5,637.5,441.5,333.5,523.5,734.5,800.0,953.5,825.0,853.0,872.5,823.5,449.0,379.0,472.0,736.0,695.0,967.0,911.0,946.0,989.0,942.0,793.0,572.0,544.0,855.0,724.0,1136.0,1461.0,1553.0,1475.0,1400.0,1307.0,817.0,511.0,929.0,617.0,1432.0,2307.0,2443.0,2173.0,2338.0,1534.0,852.0,511.0,991.0,548.0,1433.0,3379.0,3394.0,3461.0,3581.0,1606.0,820.0,413.0,904.0,468.0,1419.0,3912.0,4556.0,4144.0,4423.0,1481.0,743.5,326.0,804.5,398.0,1319.0,3796.5,4679.5,4363.5,4712.0,1473.5,726.0,230.5,664.0,291.0,1181.0,3803.5,4865.0,4582.5,4951.5,1537.0,1287.0,633.0,792.0,939.0,1038.0,1049.0,1089.0,1173.0,1165.0,1525.0,746.0,259.0,664.0,304.0,1146.0,3792.0,4844.0,4641.0,4955.0,1576.0,751.0,183.0,643.0,248.0,1186.0,3949.0,4893.0,4769.0,5196.0,1667.0,807.0,304.0,749.0,355.0,1277.0,3977.0,4994.0,4895.0,5202.0,1760.0,889.0,421.0,928.0,508.0,1651.0,3819.0,4535.0,4636.0,4816.0,1772.0,918.0,472.0,1017.0,635.5,1779.5,3599.0,4109.5,4371.5,4405.0,1987.5,1120.5,514.0,1094.0,866.5,2020.5,3476.5,3819.0,4011.0,4245.0,2356.0,1367.0,1237.0,1548.0,1388.0,2409.0,3500.0,3806.0,4005.0,4236.0,4163.5,2780.5,1381.5,1899.5,2563.5,3313.0,3604.5,4010.5,4354.0,4451.5,4134.0,2816.0,1390.5,1915.5,2737.0,3346.0,3568.0,4026.0,4232.0,4516.5,2573.0,1756.0,1001.0,1300.0,1788.0,2257.0,2198.0,2483.0,2406.0,2640.0,1651.0,1253.0,707.0,877.0,1036.0,1097.0,1114.0,1156.0,1253.0,1229.0,3154.0,2299.0,1001.0,1300.0,1788.0,2225.0,2198.0,2399.0,2406.0,2640.0,2165.5,1772.0,639.5,803.5,1042.5,1253.5,1260.5,1375.0,1424.0,1490.0,2094.5,1760.0,541.5,714.5,972.0,1096.5,1139.5,1247.5,1364.0,1382.0,2351.0,2056.0,682.0,839.0,1132.0,1288.0,1331.0,1393.0,1532.0,1592.0,1812.0,1432.0,478.0,606.0,854.0,934.0,1032.0,1096.0,1247.0,1252.0,0.0,0.0,0.0,0.0,0.0,0.0,0.0,0.0,0.0,0.0,2175.0,1917.0,815.0,1041.0,1233.0,1354.0,1397.0,1444.0,1572.0,1571.0,2027.0,1713.0,759.0,940.0,1015.0,1225.0,1453.0,1511.0,1572.0,1586.0,1542.0,1319.5,502.0,643.0,764.0,851.5,991.0,1044.0,1134.5,1141.5,1292.0,1149.0,641.0,768.0,898.0,990.0,1009.0,1050.0,1263.0,1163.0,1481.0,1257.5,534.0,629.0,760.5,844.5,872.5,944.0,988.5,1016.0,1651.5,1418.0,691.5,823.0,956.5,1065.5,1118.0,1194.0,1234.5,1226.0,1624.5,1365.5,665.0,839.5,984.5,1055.0,1124.0,1178.0,1242.5,1249.5,"{""type"":""MultiPoint"",""coordinates"":[]}"
467_0,3,1881.0,1549.5,558.0,701.5,941.0,1055.5,1076.0,1165.5,1277.5,1288.0,2246.0,1982.5,911.5,1156.0,1407.0,1514.5,1528.5,1593.0,1692.5,1679.5,2283.0,1992.5,882.5,1125.5,1380.5,1464.5,1484.0,1569.5,1664.0,1679.5,2011.0,1774.5,822.5,1044.5,1300.0,1382.0,1430.0,1452.0,1539.5,1557.5,261.0,233.0,731.0,897.0,953.0,1067.0,920.0,989.0,1010.0,845.0,268.0,233.0,494.0,743.0,734.0,1013.0,920.0,989.0,1010.0,845.0,566.0,428.0,452.0,672.0,585.0,980.0,1163.0,1227.0,1064.0,1009.0,958.0,656.0,435.0,672.0,431.0,1060.0,1924.0,2070.0,2066.0,1879.0,1303.0,746.0,326.0,642.0,349.0,1050.0,2629.0,3148.0,3102.0,2956.0,1384.0,753.5,257.0,563.5,319.0,1013.5,2635.5,3223.0,3123.0,3148.0,1382.5,681.5,137.5,349.5,162.5,660.0,2598.0,3531.5,3605.0,3659.0,2104.0,1749.0,626.0,794.0,1034.0,1154.0,1196.0,1306.0,1403.0,1424.0,1484.0,734.0,154.0,407.0,155.0,808.0,3030.0,3955.0,3947.0,4123.0,1585.0,775.0,150.0,588.0,244.0,1091.0,3424.0,4307.0,4419.0,4491.0,1669.0,829.0,353.0,881.0,550.0,1530.0,3653.0,4418.0,4539.0,4581.0,1823.0,985.0,545.0,1137.0,908.0,2039.0,3447.0,3891.0,4121.0,4240.0,1994.0,1149.0,619.5,1189.5,1117.0,2098.0,3196.5,3530.0,3902.0,3845.0,2352.0,1442.5,708.5,1245.5,1408.5,2215.0,2957.5,3311.0,3560.0,3657.0,3111.0,2065.0,982.0,1440.5,1727.0,2376.5,2906.0,3253.0,3531.5,3641.5,3764.0,2599.5,1026.5,1426.5,2030.0,2440.5,2720.5,2976.5,3374.0,3401.5,3484.0,2474.0,965.0,1387.5,2058.5,2326.5,2526.0,2785.0,3228.0,3155.5,2493.0,1938.0,835.0,1111.0,1583.0,1810.0,1842.0,2009.0,2072.0,2152.0,2084.0,1739.0,619.0,774.5,1043.5,1134.0,1163.0,1240.0,1389.5,1402.0,2541.5,1977.5,854.0,1130.5,1584.0,1799.5,1841.0,2002.5,2057.0,2168.0,2446.5,1907.5,891.0,1120.0,1507.0,1701.0,1743.5,1883.0,1997.5,2035.0,2228.5,1789.0,690.0,877.5,1173.5,1344.0,1397.0,1479.0,1584.5,1643.0,2378.0,1872.0,789.0,939.0,1233.0,1438.0,1454.0,1563.0,1626.0,1733.0,1936.0,1473.0,575.0,696.0,974.0,1104.0,1137.0,1213.0,1371.0,1377.0,0.0,0.0,0.0,0.0,0.0,0.0,0.0,0.0,0.0,0.0,1634.0,1316.0,499.0,638.0,825.0,911.0,905.0,969.0,1088.0,1131.0,1839.0,1554.0,626.0,716.0,883.0,973.0,979.0,1051.0,1121.0,1150.0,2247.0,1957.0,774.0,946.0,1179.0,1279.0,1304.0,1357.0,1496.0,1498.0,2236.0,1894.5,823.5,919.0,1143.0,1226.5,1233.5,1287.0,1456.0,1435.5,2106.0,1741.0,726.0,802.0,1024.5,1101.5,1068.5,1158.0,1286.0,1304.5,1987.0,1752.0,709.0,854.0,1055.0,1146.0,1194.0,1253.0,1370.0,1368.0,1974.0,1752.0,709.0,854.0,1055.0,1146.0,1194.0,1253.0,1370.0,1368.0,"{""type"":""MultiPoint"",""coordinates"":[]}"
468_0,3,1760.5,1448.0,595.5,736.0,978.5,1128.0,1141.5,1205.0,1275.0,1303.5,2378.5,2069.0,987.5,1256.5,1499.5,1617.0,1658.0,1719.0,1806.5,1808.5,2397.5,2098.5,892.0,1163.0,1407.0,1544.0,1564.0,1652.0,1719.0,1742.5,2492.0,2176.5,961.5,1246.5,1501.0,1631.0,1658.0,1750.0,1797.5,1819.0,1192.0,1173.0,994.0,1281.0,1410.0,1512.0,1574.0,1632.0,1710.0,1644.0,265.0,256.0,751.0,1037.0,1133.0,1211.0,838.0,929.0,880.0,730.0,399.0,291.0,675.0,1005.0,998.0,1317.0,1114.0,1155.0,1140.0,941.0,602.0,452.0,676.0,1005.0,952.0,1363.0,1207.0,1299.0,1224.0,1045.0,801.0,565.0,574.0,954.0,884.0,1363.0,1617.0,1800.0,1700.0,1640.0,825.0,530.0,302.5,593.5,495.5,995.5,1558.0,1841.5,1735.0,1622.5,1137.5,629.5,241.0,497.0,339.0,900.0,2251.0,2764.0,2826.5,2641.5,1940.0,1605.0,663.0,860.0,1094.0,1213.0,1268.0,1301.0,1355.0,1460.0,1450.0,765.0,223.0,500.0,329.0,923.0,2584.0,3260.0,3311.0,3304.0,1292.0,642.0,135.0,417.0,264.0,858.0,2522.0,3199.0,3330.0,3304.0,1258.0,633.0,135.0,374.0,203.0,777.0,2628.0,3470.0,3480.0,3584.0,1441.0,738.0,367.0,696.0,369.0,1126.0,3114.0,3726.0,3928.0,3835.0,1575.0,795.0,367.0,856.0,475.0,1428.0,3292.0,3896.0,4236.0,4066.0,1670.5,924.5,414.5,977.0,585.5,1678.0,3007.5,3360.5,3569.0,3502.0,2006.0,1134.0,794.0,1353.0,1270.0,2161.0,2927.0,3133.0,3438.0,3455.0,2312.5,1471.5,776.5,1371.5,1437.0,2310.5,2922.0,3133.5,3497.5,3498.5,3028.0,2123.0,961.0,1474.0,1902.5,2443.0,2881.5,3095.5,3535.5,3489.0,3549.0,2520.0,1072.0,1511.0,2218.0,2653.0,2775.0,3025.0,3192.0,3277.0,1825.0,1518.0,503.0,699.0,979.0,1084.0,1168.0,1188.0,1290.0,1338.0,3352.0,2531.0,861.0,1252.0,1789.0,2150.0,2313.0,2454.0,2619.0,2765.0,3249.5,2451.5,945.5,1234.5,1732.0,1997.5,2108.0,2283.0,2517.0,2530.5,2844.0,2272.5,684.5,878.0,1204.5,1398.5,1490.5,1653.0,1794.5,1843.5,2914.0,2408.0,743.0,913.0,1228.0,1427.0,1501.0,1675.0,1787.0,1864.0,2534.0,1649.0,618.0,733.0,1029.0,1180.0,1269.0,1377.0,1592.0,1580.0,0.0,0.0,0.0,0.0,0.0,0.0,0.0,0.0,0.0,0.0,1720.0,1419.0,541.0,723.0,940.0,1026.0,1057.0,1104.0,1221.0,1195.0,1865.0,1602.0,654.0,810.0,979.0,1094.0,1134.0,1198.0,1239.0,1268.0,2201.0,1914.0,748.0,987.0,1234.0,1335.0,1371.0,1405.0,1545.0,1557.0,1858.0,1602.0,930.0,1138.0,1363.0,1420.0,1361.0,1300.0,1741.0,1346.0,1858.0,1602.0,570.0,702.0,921.0,1057.0,1019.0,1111.0,1177.0,1197.0,1914.0,1663.0,666.0,823.0,1012.0,1114.0,1130.0,1204.0,1267.0,1288.0,2114.0,1849.5,782.0,975.5,1193.5,1289.5,1350.5,1406.0,1501.0,1503.0,"{""type"":""MultiPoint"",""coordinates"":[]}"
469_0,3,2009.0,1689.5,564.0,723.0,996.5,1126.5,1162.0,1244.5,1334.0,1367.5,2466.5,2132.5,925.0,1235.0,1510.5,1629.0,1645.5,1730.0,1836.0,1827.0,2466.0,2130.0,864.5,1153.0,1450.5,1576.5,1548.0,1625.0,1729.0,1746.5,2418.0,2134.5,865.0,1132.0,1408.0,1535.0,1506.5,1596.5,1667.0,1701.0,309.5,251.0,771.5,1023.5,1117.0,1261.5,1117.0,1179.0,1197.0,1089.5,280.0,236.5,630.5,896.5,996.5,1256.5,1093.5,1152.5,1167.5,1079.5,716.5,465.5,629.0,889.0,907.0,1240.0,1661.5,1766.0,1752.0,1618.0,1341.5,822.0,438.0,774.5,500.5,1129.0,2490.0,2805.0,2684.0,2651.5,1511.0,762.5,236.5,579.5,301.5,1013.5,3152.5,3882.5,3916.5,4039.0,1753.5,943.5,285.5,660.0,448.0,1255.5,3145.5,3800.0,3956.5,4197.5,1819.0,964.5,289.5,676.0,469.5,1286.5,3180.0,3778.0,4007.5,4184.0,2335.0,1979.0,652.0,877.5,1152.0,1316.0,1349.0,1432.5,1474.0,1573.0,1767.0,919.5,262.0,661.0,411.5,1247.5,3141.5,3754.5,3843.0,4177.5,1602.0,783.0,254.0,619.0,355.0,1154.5,3116.0,3675.0,3772.0,4064.0,1604.5,779.0,270.5,679.5,371.5,1235.0,3199.5,3786.0,3903.0,4130.0,1902.0,966.0,477.0,1007.5,590.5,1709.0,3580.0,4044.5,4153.0,4322.0,1918.5,1015.5,493.0,1057.0,731.5,1812.0,3285.0,3697.0,3926.0,4045.5,2127.0,1204.0,583.0,1226.0,1100.0,2214.0,3181.0,3463.0,3719.0,3844.0,2457.0,1443.5,851.0,1512.0,1586.0,2520.0,3230.0,3501.5,3815.5,3963.5,2779.0,1705.0,868.0,1479.0,1753.0,2583.5,2964.0,3279.5,3643.0,3766.0,3715.0,2587.5,1031.0,1484.5,2071.0,2597.0,2883.0,3157.0,3593.0,3632.5,2355.0,1750.5,743.5,1046.0,1504.0,1767.5,1831.5,1939.0,2072.0,2140.0,2184.5,1854.0,578.0,781.5,1059.0,1193.5,1245.0,1328.5,1451.5,1462.0,2476.0,1882.5,796.0,1099.5,1514.5,1720.5,1756.5,1920.0,2089.5,2101.5,2546.5,1981.0,943.0,1183.5,1559.5,1765.0,1772.5,1913.5,2067.0,2094.0,2363.5,1897.0,703.5,927.5,1234.0,1395.0,1438.0,1561.5,1695.0,1740.0,2554.0,2012.5,786.0,989.5,1305.0,1491.0,1522.5,1657.5,1749.0,1813.5,2115.5,1552.5,582.0,732.0,1025.0,1164.5,1215.0,1314.0,1473.0,1454.5,0.0,0.0,0.0,0.0,0.0,0.0,0.0,0.0,0.0,0.0,1799.0,1488.5,486.5,685.5,899.0,1023.5,1033.5,1102.0,1202.5,1224.5,1961.0,1731.0,624.5,753.5,946.0,1063.5,1090.5,1170.5,1236.0,1282.5,2395.0,2102.5,772.0,980.0,1226.0,1326.5,1372.5,1488.0,1582.5,1571.5,2393.5,2086.5,787.0,968.0,1245.5,1348.0,1339.0,1453.5,1562.0,1554.0,2229.0,1895.5,730.0,892.0,1120.0,1218.0,1204.5,1294.0,1404.5,1410.5,2019.0,1782.5,578.5,777.0,1019.0,1125.0,1157.0,1222.5,1302.5,1323.0,2250.0,1984.0,789.0,1067.5,1332.0,1430.0,1478.5,1534.5,1640.5,1636.0,"{""type"":""MultiPoint"",""coordinates"":[]}"
470_0,3,178.5,163.5,202.5,273.0,343.0,411.0,267.0,289.0,334.0,247.0,1977.5,1651.0,684.0,882.0,1058.0,1189.0,1275.0,1360.0,1464.5,1475.0,1976.5,1702.5,722.5,919.0,1120.5,1213.5,1237.0,1304.0,1371.0,1390.5,2146.5,1868.5,862.0,1096.5,1288.5,1409.0,1426.5,1499.5,1554.0,1575.0,2066.0,1829.0,982.0,1232.0,1409.0,1479.0,1490.0,1535.0,1592.0,1584.0,1140.0,1003.0,840.0,1016.0,1126.0,1290.0,1151.0,1227.0,1208.0,1155.0,239.0,220.0,624.0,865.0,849.0,1001.0,711.0,794.0,759.0,582.0,466.0,354.0,663.0,928.0,892.0,1260.0,1081.0,1148.0,1070.0,963.0,477.0,383.0,443.0,738.0,594.0,1111.0,1035.0,1119.0,1103.0,893.0,593.0,412.5,354.5,600.5,457.0,1086.0,1702.0,1936.0,1822.5,1676.0,697.0,486.0,260.5,460.5,326.5,818.0,1733.0,2056.0,1973.5,1784.5,213.0,165.0,364.0,472.0,486.0,580.0,440.0,476.0,518.0,440.0,1156.0,606.0,203.0,376.0,246.0,692.0,2248.0,2988.0,2989.0,2974.0,1217.0,606.0,135.0,342.0,187.0,644.0,2434.0,3190.0,3287.0,3224.0,1274.0,619.0,165.0,437.0,215.0,764.0,2752.0,3610.0,3634.0,3697.0,1482.0,767.0,390.0,791.0,477.0,1301.0,3210.0,3770.0,3901.0,3926.0,1482.0,767.0,390.0,890.0,605.0,1512.0,3037.0,3510.0,3805.0,3695.0,1860.5,1084.5,505.5,1025.5,931.0,1852.5,2816.5,3216.0,3436.0,3455.5,2312.0,1491.0,1084.0,1466.0,1499.0,2214.0,2774.0,3069.0,3301.0,3395.0,3502.5,2535.0,1059.0,1462.5,1999.5,2413.0,2670.5,2853.0,3120.5,3212.5,3583.0,2562.5,1059.0,1450.0,2045.5,2424.5,2629.5,2851.0,3112.5,3219.0,3344.0,2316.0,962.0,1323.0,1936.0,2302.0,2446.0,2662.0,2739.0,2966.0,171.0,160.0,424.0,580.0,598.0,595.0,374.0,372.0,377.0,295.0,3566.0,2713.0,1000.0,1380.0,1908.0,2308.0,2356.0,2553.0,2620.0,2880.0,3430.5,2608.0,961.0,1278.5,1764.0,2074.5,2173.5,2368.0,2511.0,2638.5,2921.5,2395.0,750.5,980.5,1281.0,1503.5,1568.5,1693.0,1845.5,1902.0,462.0,376.0,394.0,524.0,652.0,766.0,644.0,632.0,744.0,662.0,165.0,129.0,125.0,186.0,230.0,302.0,205.0,232.0,266.0,191.0,0.0,0.0,0.0,0.0,0.0,0.0,0.0,0.0,0.0,0.0,124.0,122.0,130.0,212.0,287.0,350.0,202.0,236.0,238.0,167.0,121.0,121.0,159.0,211.0,278.0,342.0,193.0,236.0,258.0,208.0,785.0,527.0,374.0,532.0,673.0,834.0,905.0,954.0,1101.0,1103.0,963.0,540.0,400.0,574.0,765.0,968.0,1024.0,1135.0,1260.0,1245.0,2074.0,1336.0,619.0,878.0,1054.0,1349.0,1451.0,1553.0,1672.0,1724.0,3770.0,3024.0,1343.0,1708.0,2040.0,2312.0,2439.0,2603.0,2809.0,2798.0,4015.5,3273.5,1531.0,1863.5,2197.0,2481.5,2664.5,2795.0,3043.5,3024.0,"{""type"":""MultiPoint"",""coordinates"":[]}"
471_0,3,1281.0,1100.5,523.5,585.0,727.5,795.0,824.5,863.5,911.5,912.0,1712.0,1509.0,682.0,820.0,981.0,1074.0,1120.5,1188.5,1257.0,1262.0,781.5,714.0,501.0,675.0,766.0,912.0,842.0,895.5,939.5,859.5,341.0,298.0,475.0,654.5,691.5,842.0,739.0,825.5,831.0,741.0,382.0,296.0,479.0,682.0,613.0,920.0,810.0,934.0,912.0,818.0,647.0,483.0,493.0,793.0,599.0,1073.0,1339.0,1438.0,1424.0,1288.0,1305.0,792.0,470.0,874.0,463.0,1358.0,2751.0,3119.0,3103.0,2820.0,1528.0,796.0,380.0,852.0,430.0,1362.0,3586.0,4123.0,4192.0,3976.0,1496.0,735.0,257.0,682.0,248.0,1126.0,4167.0,5252.0,5377.0,5231.0,1568.0,762.0,199.5,667.5,230.0,1139.0,4138.5,5381.5,5458.5,5444.5,1647.5,801.5,166.5,649.5,214.5,1114.5,4152.0,5360.0,5712.5,5641.5,1522.0,1311.0,599.0,719.0,870.0,941.0,968.0,1009.0,1134.0,1110.0,1814.0,874.0,207.0,726.0,247.0,1217.0,4058.0,5296.0,5582.0,5671.0,1832.0,915.0,207.0,736.0,275.0,1301.0,3994.0,5086.0,5319.0,5454.0,1883.0,915.0,273.0,803.0,361.0,1330.0,3979.0,4889.0,4944.0,5255.0,1963.0,990.0,453.0,1044.0,572.0,1771.0,3914.0,4612.0,4889.0,4948.0,1997.5,1053.0,528.0,1167.0,743.5,1944.0,3867.0,4373.5,4752.5,4806.0,2167.5,1191.5,551.5,1228.5,933.5,2077.5,3691.0,4125.0,4440.0,4529.0,2424.0,1325.0,1063.5,1538.5,1393.0,2400.5,3679.5,4053.0,4450.0,4540.5,4740.5,3093.5,1436.0,1953.0,2511.5,3450.5,3909.5,4231.5,4808.0,4885.0,4680.0,3022.5,1371.0,1934.0,2677.0,3271.5,3621.5,4105.5,4538.0,4678.5,3660.0,2773.0,1340.0,1781.0,2513.0,2815.0,2776.0,3132.0,3413.0,3274.0,1574.0,1218.0,656.0,776.0,926.0,1002.0,1013.0,1038.0,1142.0,1122.0,3523.0,2659.0,1202.0,1590.0,2224.0,2487.0,2552.0,2748.0,3131.0,3124.0,2543.5,1991.0,940.0,1187.5,1585.0,1690.0,1783.0,1896.0,2177.0,2179.0,2186.5,1839.5,561.5,728.5,980.5,1123.0,1169.5,1254.5,1370.0,1436.5,2289.0,2000.0,656.0,788.0,1048.0,1185.0,1253.0,1315.0,1425.0,1507.0,1899.0,1349.0,499.0,627.0,883.0,971.0,1031.0,1107.0,1288.0,1284.0,0.0,0.0,0.0,0.0,0.0,0.0,0.0,0.0,0.0,0.0,2046.0,1868.0,737.0,900.0,1035.0,1186.0,1249.0,1282.0,1395.0,1374.0,1952.0,1708.0,710.5,878.0,928.5,1139.0,1372.0,1479.0,1528.0,1531.5,1668.0,1452.0,613.0,724.0,804.0,958.0,1153.0,1226.0,1334.0,1301.0,1485.0,1291.5,482.5,569.5,691.5,811.0,903.5,978.0,1064.0,1053.0,1302.0,1131.0,352.0,459.0,586.0,664.0,666.0,735.0,797.0,805.0,1639.0,1426.0,629.0,781.0,923.0,1012.0,1066.0,1126.0,1186.0,1205.0,1600.5,1402.0,646.5,786.0,936.5,1011.5,1045.0,1113.0,1178.5,1173.5,"{""type"":""MultiPoint"",""coordinates"":[]}"
472_0,3,1560.0,1285.5,524.0,631.0,817.0,893.5,930.0,1000.5,1135.5,1150.5,1791.5,1542.0,696.0,867.0,1038.5,1110.5,1152.5,1239.0,1328.5,1328.0,1983.0,1719.0,862.5,1060.5,1256.5,1330.5,1316.0,1389.0,1456.5,1474.5,2293.5,1996.0,1035.5,1288.5,1494.5,1574.5,1603.0,1666.0,1745.0,1729.5,1313.0,1237.0,863.0,1070.0,1241.0,1310.0,1343.0,1400.0,1500.0,1458.0,418.0,386.0,787.0,1002.0,977.0,1206.0,1078.0,1086.0,1077.0,980.0,751.0,510.0,860.0,1145.0,1196.0,1430.0,1430.0,1503.0,1500.0,1506.0,487.0,396.0,645.0,909.0,926.0,1233.0,1224.0,1293.0,1278.0,1185.0,441.0,381.0,519.0,811.0,760.0,1008.0,984.0,1080.0,1008.0,859.0,782.5,489.5,296.5,597.0,467.5,901.0,1343.0,1505.0,1401.0,1423.0,1024.0,569.0,144.5,338.0,161.0,624.5,1738.5,2143.5,2067.5,2036.0,1723.0,1464.0,589.0,737.0,920.0,1017.0,1047.0,1145.0,1267.0,1249.0,1285.0,681.0,148.0,314.0,117.0,581.0,2318.0,3077.0,2865.0,2882.0,1348.0,681.0,84.0,331.0,99.0,674.0,2640.0,3621.0,3585.0,3510.0,1440.0,740.0,164.0,456.0,237.0,867.0,2957.0,4144.0,4079.0,4153.0,1554.0,788.0,436.0,868.0,568.0,1475.0,3288.0,3800.0,3977.0,4002.0,1623.5,908.0,487.0,990.5,691.0,1677.0,3099.0,3493.5,3773.5,3682.0,1946.0,1175.0,570.5,1092.0,1129.5,1976.0,2806.5,3102.0,3360.5,3467.0,2392.0,1492.5,868.5,1335.0,1659.0,2340.0,2856.5,3123.0,3421.0,3486.0,2782.0,1859.5,986.0,1448.5,2012.5,2556.0,2917.5,3137.0,3510.0,3516.5,3807.0,2570.0,1006.0,1482.0,2114.0,2606.0,2915.0,3089.0,3526.0,3547.0,3708.0,2547.0,1023.5,1439.0,2281.0,2570.0,2789.5,3130.0,3430.0,3405.5,1723.0,1460.5,564.5,710.5,915.0,967.0,1040.5,1092.5,1254.0,1216.0,3137.5,2304.5,818.5,1174.0,1761.5,2051.5,2144.5,2366.5,2724.5,2666.5,3088.5,2250.5,918.5,1245.0,1748.0,2020.5,2119.5,2307.5,2670.0,2602.5,2702.5,2150.5,723.0,915.5,1277.5,1467.5,1482.0,1672.0,1926.5,1901.0,2748.0,2114.5,719.0,893.0,1228.5,1394.0,1469.5,1647.5,1844.0,1809.5,1398.0,1162.0,400.0,524.0,732.0,804.0,788.0,852.0,1027.0,989.0,0.0,0.0,0.0,0.0,0.0,0.0,0.0,0.0,0.0,0.0,1314.0,1007.0,406.0,553.0,695.0,750.0,791.0,855.0,971.0,961.0,1470.0,1216.0,545.0,640.0,769.0,815.0,856.0,931.0,1026.0,1051.0,1957.0,1622.0,728.0,921.0,1094.0,1138.0,1206.0,1254.0,1356.0,1372.0,1895.5,1582.5,762.0,860.0,1044.0,1069.0,1127.5,1212.0,1351.5,1286.5,1519.0,1252.0,501.0,592.5,741.5,769.0,778.0,846.5,938.5,936.0,1888.5,1680.5,750.0,873.5,1027.5,1130.5,1168.5,1301.0,1375.5,1358.5,1986.0,1729.0,800.0,986.0,1143.0,1227.0,1259.0,1361.0,1475.0,1473.0,"{""type"":""MultiPoint"",""coordinates"":[]}"
473_0,3,1830.0,1494.0,535.5,652.5,889.5,1024.5,1039.5,1112.5,1217.0,1287.5,2158.5,1814.0,755.5,944.5,1165.0,1294.5,1354.0,1453.0,1542.0,1553.5,2283.0,1958.5,834.5,1072.0,1343.0,1463.5,1442.0,1510.5,1569.0,1582.0,2528.5,2193.5,1001.0,1266.0,1555.5,1677.5,1700.5,1774.0,1860.5,1846.5,1234.0,1136.0,833.0,1048.0,1315.0,1404.0,1441.0,1512.0,1567.0,1570.0,414.0,363.0,749.0,1015.0,995.0,1265.0,1051.0,1028.0,975.0,902.0,410.0,297.0,505.0,735.0,708.0,968.0,911.0,987.0,894.0,864.0,538.0,363.0,463.0,726.0,671.0,1000.0,1148.0,1176.0,1116.0,1137.0,739.0,472.0,349.0,587.0,454.0,879.0,1417.0,1572.0,1481.0,1395.0,1535.5,814.0,213.5,514.0,247.5,896.0,2875.5,3699.5,3579.5,3576.5,1618.0,784.0,97.0,340.5,101.0,685.0,3030.0,4271.0,4324.5,4328.0,2086.0,1703.0,627.0,791.0,1019.0,1178.0,1157.0,1257.0,1339.0,1432.0,1626.0,772.0,129.0,364.0,106.0,656.0,3224.0,4532.0,4675.0,4667.0,1644.0,756.0,57.0,383.0,140.0,801.0,3414.0,4731.0,4854.0,4911.0,1673.0,784.0,173.0,538.0,273.0,1055.0,3538.0,4746.0,4983.0,5121.0,1769.0,866.0,387.0,848.0,558.0,1585.0,3635.0,4487.0,4702.0,4805.0,1858.0,1023.5,426.0,924.0,679.0,1700.5,3387.0,4036.5,4398.0,4317.5,2056.0,1203.5,488.0,1013.5,1000.0,1949.0,3161.5,3564.0,3913.0,4045.5,2485.0,1479.5,788.0,1282.5,1433.5,2265.5,3160.0,3552.5,3948.5,4020.0,2853.5,1814.5,913.0,1409.5,1752.5,2476.5,3129.5,3491.5,3924.5,3962.0,4178.0,2847.0,1148.0,1563.0,2233.0,2700.0,3047.0,3334.0,3792.0,3807.0,4065.0,2747.5,1083.5,1531.0,2296.5,2754.0,2954.5,3198.0,3446.0,3793.5,2033.5,1692.0,575.5,741.5,1002.5,1108.5,1136.0,1215.5,1335.0,1362.5,3763.5,2602.0,977.0,1352.5,1944.5,2285.0,2499.5,2665.0,2896.5,3087.5,3552.5,2516.0,1001.5,1301.0,1834.0,2179.0,2312.5,2560.0,2755.5,2859.5,3127.5,2439.0,754.5,953.5,1298.5,1510.5,1661.0,1795.5,1926.5,2048.5,3157.0,2433.0,791.0,946.5,1280.0,1496.5,1597.0,1752.5,1845.5,1971.0,1893.0,1264.0,495.0,661.0,940.0,1017.0,1096.0,1168.0,1333.0,1315.0,0.0,0.0,0.0,0.0,0.0,0.0,0.0,0.0,0.0,0.0,1485.0,1139.0,423.0,580.0,730.0,826.0,857.0,889.0,1010.0,1028.0,1657.0,1332.0,536.0,639.0,767.0,916.0,914.0,952.0,1036.0,1073.0,2281.0,1877.0,797.0,979.0,1171.0,1323.0,1342.0,1436.0,1521.0,1558.0,2185.0,1810.0,830.0,933.0,1134.0,1241.5,1299.0,1334.0,1452.0,1459.5,1826.0,1492.5,536.0,670.0,848.0,954.5,967.0,991.5,1088.5,1133.5,2205.5,1897.0,778.5,931.0,1105.0,1233.0,1314.5,1439.0,1518.5,1518.5,2294.0,1939.0,816.0,1012.0,1211.0,1356.0,1412.0,1501.0,1635.0,1616.0,"{""type"":""MultiPoint"",""coordinates"":[]}"
474_0,3,3870.0,3415.5,2235.5,2283.0,2488.0,2655.5,2753.5,2893.0,3090.5,3072.0,2753.0,2473.0,836.0,1118.5,1466.5,1706.0,1902.0,2023.0,2091.0,2222.0,2996.0,2750.0,949.0,1221.0,1583.0,1880.0,1938.0,2160.0,2202.0,2336.0,1344.5,1117.0,659.0,827.5,1012.0,1231.0,1223.5,1431.0,1328.0,1402.0,1267.0,993.0,749.0,960.0,1051.0,1366.0,1309.0,1541.0,1413.0,1386.0,1206.0,945.0,549.0,731.0,814.0,1134.0,1185.0,1305.0,1164.0,1317.0,1448.0,1054.0,346.0,610.0,501.0,1192.0,1613.0,1786.0,1687.0,1803.0,1910.0,1299.0,487.0,813.0,722.0,1327.0,2275.0,2656.0,2543.0,2786.0,1950.0,1258.0,322.0,623.0,505.0,1123.0,2379.0,3112.0,2780.0,3080.0,1880.0,1140.0,231.0,490.0,428.0,1032.0,2556.0,3406.0,3329.5,3491.0,1850.5,1111.0,216.5,442.0,380.0,930.5,2619.0,3694.5,3658.5,3845.0,4369.0,3896.5,2110.0,2304.5,2632.5,2947.0,3064.0,3234.0,3260.0,3398.5,1868.0,1181.5,244.5,486.5,422.5,1047.5,2627.0,3724.5,3677.5,3944.5,1908.5,1119.5,252.0,557.5,433.5,1353.5,2813.5,3797.0,3777.5,4048.5,1955.0,1172.0,584.0,877.0,784.0,1499.0,2940.0,3767.0,3749.0,3948.0,2122.0,1379.0,707.0,1042.0,984.0,1781.0,2899.0,3392.0,3559.0,3722.0,2303.0,1455.0,632.0,1023.0,1014.0,1715.0,2851.0,3187.0,3399.0,3527.0,4191.0,3102.0,1174.0,1627.0,2086.0,2853.0,3136.0,3408.0,3743.0,3843.0,4520.0,3335.0,1260.0,1764.0,2460.0,2912.0,3162.5,3478.0,3832.5,3884.5,4381.0,3301.5,1162.5,1598.5,2286.5,2646.5,2931.5,3182.0,3541.0,3582.5,3721.0,2873.5,1036.0,1440.0,2036.0,2360.5,2581.5,2825.5,3089.0,3171.5,3775.0,2934.0,955.0,1282.0,1694.0,2021.0,2256.0,2435.0,2584.0,2814.0,3380.0,2897.5,808.5,1050.5,1352.0,1622.5,1890.5,2071.5,2237.0,2255.0,3435.5,2827.5,755.0,1016.5,1346.0,1654.5,1871.0,2035.5,2133.0,2315.5,3742.0,3291.0,2048.0,2167.5,2349.0,2565.0,2815.5,2853.0,2980.5,3145.0,3187.5,2910.0,1721.5,1815.0,1930.0,2104.0,2361.5,2409.0,2582.0,2563.5,2661.0,2465.0,644.5,755.5,928.5,1088.0,1320.0,1400.0,1503.0,1614.5,2375.0,1895.0,476.0,601.0,797.0,1066.0,1335.0,1551.0,1533.0,1693.0,0.0,0.0,0.0,0.0,0.0,0.0,0.0,0.0,0.0,0.0,3434.0,2802.0,825.0,1241.0,1601.0,2045.0,2376.0,2457.0,2706.0,2834.0,3251.0,2771.0,981.0,1349.0,1625.0,2105.0,2474.0,2543.0,2706.0,2891.0,3251.0,2771.0,851.0,1174.0,1408.0,1892.0,2702.0,2812.0,3019.0,3292.0,3565.5,2804.5,929.5,1251.0,1433.5,1934.0,2665.5,2948.5,3162.0,3251.5,2846.5,2227.0,727.5,1002.5,1209.5,1614.0,2120.5,2264.0,2452.5,2558.5,2434.0,2211.0,680.0,877.0,1179.0,1361.0,1635.0,1715.0,1831.0,1954.0,2434.0,2211.0,685.0,877.0,1179.0,1361.0,1530.0,1715.0,1743.0,1776.0,"{""type"":""MultiPoint"",""coordinates"":[]}"
475_0,3,3154.5,2441.0,878.0,1023.0,1330.0,1537.5,1644.0,1738.5,1928.0,2054.5,2101.0,1938.0,618.0,858.0,1150.0,1269.0,1284.0,1391.0,1476.0,1498.0,2181.0,2058.0,722.0,925.0,1186.0,1353.0,1358.0,1433.0,1518.0,1534.0,2090.5,1982.0,718.0,946.0,1215.0,1321.5,1358.5,1421.0,1513.5,1524.5,551.0,489.0,723.0,814.0,875.0,1009.0,930.0,999.0,987.0,914.0,551.0,421.0,414.0,682.0,599.0,876.0,930.0,985.0,987.0,914.0,592.0,455.0,375.0,605.0,479.0,883.0,1142.0,1149.0,1241.0,1128.0,1745.0,1043.0,312.0,619.0,428.0,959.0,2234.0,2396.0,2550.0,2533.0,1022.0,549.0,143.0,355.0,209.0,594.0,1723.0,2366.0,2228.0,2071.0,1076.5,539.0,68.0,275.0,72.5,508.5,2089.0,2888.0,3019.0,2909.5,1229.0,577.0,54.0,246.5,53.0,453.0,2391.0,3551.0,3732.5,3650.0,3282.0,2721.5,1095.5,1105.0,1281.5,1421.5,1489.0,1671.5,1846.0,1898.0,1252.5,572.0,52.5,246.5,49.0,477.5,2535.0,4009.0,4128.5,4114.0,1090.5,504.5,60.5,303.5,59.5,593.0,2613.0,3901.5,4107.0,4086.0,1172.0,544.0,469.0,795.0,531.0,1149.0,2965.0,3885.0,4046.0,3991.0,1287.0,677.0,590.0,975.0,759.0,1551.0,3060.0,3728.0,3865.0,3913.0,1313.0,714.0,524.0,944.0,759.0,1574.0,2786.0,3254.0,3457.0,3516.0,1617.0,953.0,473.0,957.0,1018.0,1823.0,2656.0,2959.0,3208.0,3305.0,4249.0,2986.5,1169.5,1635.0,2270.5,2760.5,3034.5,3312.0,3623.5,3719.5,4380.5,3179.0,1212.5,1650.5,2436.0,2801.5,3042.0,3339.0,3646.0,3765.0,3996.0,2950.0,1160.0,1537.0,2256.0,2580.0,2762.0,3028.0,3395.0,3475.0,4012.0,3231.0,1164.0,1546.0,2264.5,2642.5,2808.0,3085.0,3200.0,3496.5,3407.0,2787.0,721.0,946.0,1306.5,1503.5,1590.0,1734.0,1928.5,1990.5,3792.0,2961.5,914.0,1239.0,1699.0,2000.5,2132.0,2326.0,2474.5,2609.0,4400.0,3734.0,2343.5,2539.0,2840.0,3154.0,3204.0,3337.0,3500.0,3548.5,3400.5,2870.0,900.0,1026.5,1307.5,1522.0,1638.5,1761.5,1917.5,1981.0,3274.0,2735.5,860.5,1003.5,1254.0,1461.5,1598.5,1713.5,1845.0,1926.0,2246.5,1671.0,514.0,699.5,965.0,1180.5,1274.0,1346.5,1545.0,1632.5,0.0,0.0,0.0,0.0,0.0,0.0,0.0,0.0,0.0,0.0,3694.0,2976.0,880.0,1200.0,1708.0,1982.0,1989.0,2157.0,2342.0,2441.0,3878.0,3266.0,1209.0,1425.0,1759.0,1984.0,2173.0,2374.0,2522.0,2566.0,3537.0,2926.0,988.0,1281.0,1752.0,1957.0,2027.0,2192.0,2419.0,2474.0,3427.5,2827.5,1484.0,1707.0,2014.0,2282.0,2549.5,2741.0,2674.5,2964.0,2016.0,1832.0,698.0,847.0,1087.0,1225.0,1275.0,1372.0,1426.0,1433.0,1838.5,1724.5,517.0,684.0,951.5,1034.5,1052.0,1123.5,1234.0,1244.0,1914.0,1779.0,559.0,747.0,1010.0,1108.0,1142.5,1219.0,1323.5,1329.0,"{""type"":""MultiPoint"",""coordinates"":[]}"
476_0,3,1533.0,1310.0,718.0,781.0,860.0,1018.5,1157.0,1208.0,1291.0,1318.5,2651.0,2528.0,1014.0,1253.0,1594.0,1710.0,1734.0,1842.0,1939.0,1964.0,2715.0,2658.0,998.0,1227.0,1554.0,1700.0,1730.0,1806.0,1938.0,1933.0,1115.5,1108.0,576.0,724.5,858.0,964.0,938.0,1024.5,1027.5,982.5,191.0,167.5,344.0,450.5,473.0,604.0,530.5,598.0,577.0,490.0,469.0,356.5,382.0,550.0,497.0,747.5,868.5,961.0,921.0,935.0,622.0,482.0,406.0,568.0,501.0,787.0,976.0,1148.0,967.0,956.0,826.0,581.0,244.0,505.0,370.0,824.0,1423.0,1477.0,1371.0,1483.0,812.0,546.0,109.0,290.0,153.0,504.0,1409.0,1694.0,1579.0,1557.0,1268.0,601.5,32.5,199.5,0.0,374.5,2505.5,3971.5,4002.5,4053.0,1320.0,603.0,20.5,170.5,0.0,342.5,2536.0,4484.5,4638.0,4673.0,2215.0,1898.5,1343.0,1440.5,1508.0,1741.0,1930.5,1946.0,1985.5,2027.5,1344.5,607.5,26.5,169.0,0.5,357.5,2551.0,4767.5,4861.5,5025.5,1292.5,592.0,51.0,226.5,12.5,470.5,2726.0,4643.0,4889.0,5025.5,1386.0,657.0,473.0,777.0,523.0,1165.0,2934.0,4383.0,4507.0,4766.0,1559.0,802.0,594.0,944.0,663.0,1458.0,3038.0,3804.0,4101.0,4179.0,1552.0,809.0,492.0,886.0,663.0,1442.0,2912.0,3635.0,3921.0,3963.0,1851.0,1048.0,451.0,886.0,840.0,1640.0,2928.0,3441.0,3718.0,3812.0,4493.5,3126.0,1130.0,1580.5,2104.5,2633.5,3117.0,3452.5,3814.5,3898.0,4710.0,3442.0,1179.0,1638.0,2426.0,2788.0,3034.0,3272.0,3628.0,3588.0,4683.0,3533.0,1309.0,1722.0,2486.0,2811.0,3036.0,3297.0,3714.0,3745.0,4040.0,2905.5,1225.0,1617.0,2318.0,2612.0,2780.5,2963.5,3276.0,3382.0,1670.0,1358.0,462.0,647.0,780.0,1021.0,1405.0,1466.0,1603.0,1579.0,4036.0,3150.5,1003.0,1345.5,1825.5,2064.5,2271.5,2454.5,2646.0,2757.5,3439.5,2861.5,1001.5,1220.5,1504.5,1780.0,1933.0,2036.5,2252.0,2309.0,2603.5,2192.0,687.5,836.0,934.5,1248.5,1717.5,1840.5,2022.5,1998.5,2623.5,2236.0,682.5,854.5,919.0,1249.5,1715.5,1836.5,2055.0,2090.5,1945.5,1406.5,384.5,648.5,652.0,1085.5,2002.5,2059.5,2346.0,2330.0,0.0,0.0,0.0,0.0,0.0,0.0,0.0,0.0,0.0,0.0,1608.0,1200.0,261.0,522.0,558.0,1006.0,1554.0,1656.0,1753.0,1784.0,1812.5,1582.5,719.5,822.0,852.0,1210.0,1744.5,1935.0,1869.0,2053.5,1785.0,1292.0,372.0,682.0,653.5,1164.0,2003.0,2153.5,2290.0,2306.0,1867.5,1495.0,494.5,697.0,783.0,1100.5,1601.5,1745.5,1867.0,1888.0,1923.0,1724.0,508.0,698.0,888.0,1076.0,1196.0,1290.0,1401.0,1404.0,1976.5,1841.5,574.0,742.0,956.0,1101.0,1171.5,1256.0,1369.0,1378.0,2642.5,2553.0,946.5,1199.0,1528.5,1641.5,1681.5,1778.0,1886.5,1888.0,"{""type"":""MultiPoint"",""coordinates"":[]}"
477_0,3,1947.5,1655.0,572.0,718.5,981.5,1117.5,1167.0,1220.5,1324.0,1373.5,2397.0,2053.5,997.0,1260.5,1531.5,1636.0,1684.0,1740.0,1838.5,1828.5,1576.5,1313.5,630.5,849.0,1071.0,1176.0,1156.5,1240.0,1286.5,1297.5,169.0,140.5,483.0,778.5,798.5,987.5,710.5,802.5,778.5,656.5,177.0,140.0,574.0,834.0,910.5,1068.5,895.5,964.0,955.5,879.0,303.5,229.5,558.0,866.0,889.0,1128.0,978.5,1064.0,1049.0,910.0,559.5,424.0,420.0,739.5,636.0,1002.0,1144.5,1254.0,1174.5,1094.0,929.0,638.5,465.0,742.5,555.0,996.5,1546.0,1751.0,1656.5,1617.0,1587.0,765.5,286.0,567.0,295.0,940.5,2787.5,3546.0,3615.0,3558.5,1701.0,847.0,213.0,575.5,294.5,973.0,3000.5,3935.5,4090.0,4163.0,1625.0,798.5,183.5,431.0,244.5,770.5,2884.5,3993.0,4184.5,4247.5,2224.5,1894.0,632.5,833.5,1099.0,1260.5,1340.0,1420.5,1440.5,1524.5,1695.0,823.0,207.0,480.5,264.0,848.0,3068.5,4294.0,4429.5,4510.5,1641.0,816.0,269.0,745.0,382.0,1351.0,3571.5,4502.5,4716.0,4785.0,1715.0,874.0,403.5,897.0,608.5,1562.5,3566.5,4290.0,4361.5,4573.0,1974.0,1080.5,606.5,1119.5,995.0,2017.0,3369.5,3801.0,4053.5,4175.5,2320.5,1353.5,710.5,1249.0,1291.5,2252.0,3228.0,3602.0,4022.5,4042.0,2731.0,1705.0,813.0,1336.0,1676.0,2446.0,3153.0,3553.0,3843.0,3984.0,4164.5,2853.5,1158.0,1628.0,2316.5,2702.5,3008.5,3294.5,3591.5,3716.5,4027.5,2853.5,1092.5,1556.0,2316.5,2697.5,2917.5,3185.0,3570.0,3638.5,3510.5,2658.5,1022.0,1471.0,2037.5,2327.5,2546.0,2745.0,3153.5,3127.0,2102.0,1601.0,720.0,1015.5,1406.0,1558.5,1582.0,1697.5,1826.5,1876.0,2096.5,1779.0,532.0,749.0,1025.0,1195.5,1211.5,1302.5,1417.5,1462.0,2415.0,1900.0,852.0,1140.5,1549.5,1718.5,1735.5,1821.5,2003.5,2037.0,2342.5,1843.5,920.5,1163.0,1499.5,1680.0,1673.5,1775.5,1967.5,1950.0,2075.0,1724.5,689.0,840.5,1136.0,1257.5,1317.5,1373.0,1509.5,1508.0,1705.0,1457.0,520.0,717.5,953.0,1066.5,1090.5,1176.5,1243.5,1249.5,1400.5,1192.0,379.5,493.5,701.0,760.5,805.0,838.0,941.0,910.0,0.0,0.0,0.0,0.0,0.0,0.0,0.0,0.0,0.0,0.0,1362.0,1032.5,397.0,545.5,721.5,856.0,877.0,983.5,1044.5,1091.5,1824.0,1501.5,581.0,722.5,894.5,1034.5,1089.5,1170.0,1259.5,1294.5,2361.0,1962.0,817.0,1032.0,1268.0,1442.0,1478.0,1535.0,1635.0,1642.5,2390.0,2015.0,901.0,1029.0,1291.0,1412.0,1448.0,1523.0,1682.5,1675.0,2306.0,1904.0,842.5,990.5,1215.0,1322.0,1392.5,1464.0,1565.0,1584.5,2158.0,1840.0,680.0,888.5,1125.0,1276.0,1305.0,1354.5,1461.5,1453.0,2203.5,1925.5,807.5,1023.0,1280.0,1411.5,1444.0,1503.5,1604.5,1616.0,"{""type"":""MultiPoint"",""coordinates"":[]}"
478_0,3,1958.5,1596.5,656.0,816.5,1074.0,1176.0,1227.5,1285.0,1426.5,1433.5,2205.5,1847.0,764.5,948.0,1218.5,1310.5,1399.0,1460.5,1597.5,1619.5,2355.5,2014.5,873.5,1103.5,1384.5,1501.5,1515.5,1584.0,1670.5,1705.5,2611.5,2260.5,1036.5,1302.0,1607.5,1723.0,1754.0,1830.0,1941.5,1942.5,1100.0,933.0,733.0,943.0,1052.0,1155.0,1065.0,1161.0,1095.0,1146.0,425.0,351.0,610.0,805.0,839.0,997.0,869.0,933.0,898.0,788.0,522.0,418.0,698.0,924.0,885.0,1211.0,1093.0,1130.0,1081.0,947.0,522.0,402.0,612.0,891.0,885.0,1199.0,1125.0,1238.0,1164.0,1033.0,722.0,542.0,549.0,813.0,720.0,1052.0,1371.0,1560.0,1456.0,1470.0,1255.5,704.5,305.5,579.0,371.0,947.5,2417.0,2694.5,2754.0,2816.0,1504.0,750.0,158.5,432.5,168.0,818.0,2858.0,3803.0,3824.5,3705.5,2175.0,1805.0,728.0,913.0,1165.0,1316.0,1350.0,1403.0,1511.0,1580.0,1541.0,759.0,142.0,395.0,138.0,768.0,2924.0,4261.0,4153.0,4103.0,1601.0,794.0,94.0,353.0,171.0,876.0,3003.0,4400.0,4432.0,4464.0,1672.0,836.0,185.0,498.0,323.0,1011.0,3208.0,4543.0,4610.0,4811.0,1799.0,893.0,393.0,797.0,539.0,1431.0,3325.0,4218.0,4494.0,4454.0,1833.0,987.0,429.0,872.0,668.0,1458.0,3075.0,3755.0,4198.0,4069.0,2066.5,1204.5,456.0,916.0,867.5,1711.0,2985.5,3518.0,3867.5,3918.0,2534.0,1530.5,818.5,1257.5,1443.5,2147.5,3010.5,3422.0,3853.0,3858.0,3007.0,1974.5,974.5,1446.5,1864.0,2532.5,3088.0,3414.0,3883.0,3857.0,4242.0,2898.0,1163.0,1595.0,2321.0,2753.0,3089.0,3362.0,3808.0,3837.0,3921.0,2793.5,1169.5,1610.5,2331.0,2727.0,2821.5,3155.5,3386.5,3501.5,2213.0,1803.5,693.5,881.5,1165.5,1270.5,1301.0,1384.0,1574.5,1549.5,3533.0,2624.0,997.0,1346.5,1901.5,2241.5,2304.0,2510.0,2756.5,2802.0,3368.5,2543.5,1043.5,1322.0,1841.5,1990.5,2120.5,2242.0,2622.5,2595.0,3016.0,2399.5,791.5,1003.5,1321.0,1511.5,1614.5,1713.5,1903.0,1982.5,3052.0,2474.0,796.0,978.5,1295.5,1496.0,1605.0,1705.0,1840.0,1948.5,1514.0,1229.0,378.0,492.0,693.0,766.0,783.0,881.0,990.0,996.0,1261.0,1034.0,1158.0,1089.0,1030.0,1087.0,1196.0,1280.0,1471.0,1295.0,1665.0,1254.0,563.0,722.0,907.0,1007.0,1048.0,1087.0,1235.0,1250.0,1891.0,1521.0,691.0,814.0,977.0,1122.0,1144.0,1230.0,1328.0,1372.0,2469.0,2032.0,908.0,1101.0,1332.0,1509.0,1555.0,1643.0,1797.0,1807.0,2400.5,1961.0,902.5,1062.0,1292.5,1445.0,1489.5,1583.0,1724.0,1711.5,1968.5,1595.0,637.5,791.0,993.5,1109.0,1142.0,1217.0,1355.0,1331.0,2322.5,1961.0,854.0,1027.5,1224.5,1370.0,1519.0,1596.0,1738.0,1726.5,2336.0,1899.0,879.5,1056.0,1237.0,1383.0,1556.5,1656.0,1826.0,1786.5,"{""type"":""MultiPoint"",""coordinates"":[]}"
479_0,3,1705.0,1438.5,585.5,716.0,918.5,1058.5,1109.5,1161.5,1221.0,1199.5,2194.5,1884.5,786.5,1001.5,1224.0,1336.5,1409.0,1453.5,1558.5,1589.5,2299.5,2023.0,803.5,1048.5,1302.5,1429.0,1463.5,1570.0,1594.5,1640.5,2629.5,2301.5,1144.0,1459.0,1737.0,1900.0,1907.0,1951.0,2011.0,2064.5,1348.0,1123.0,1111.0,1404.0,1445.0,1552.0,1450.0,1481.0,1364.0,1351.0,541.0,516.0,675.0,952.0,993.0,1494.0,1147.0,1176.0,954.0,865.0,557.0,496.0,608.0,891.0,842.0,1100.0,1061.0,1045.0,1043.0,907.0,737.0,572.0,595.0,891.0,810.0,1111.0,1156.0,1251.0,1164.0,1087.0,981.0,745.0,411.0,733.0,554.0,1032.0,1467.0,1738.0,1592.0,1513.0,1571.0,890.0,258.0,594.5,319.5,1008.5,2683.0,3106.0,3090.0,3179.0,1644.0,906.0,177.5,477.0,192.0,787.0,2928.0,3993.5,3941.0,3905.5,1896.0,1617.0,674.0,848.0,1050.0,1197.0,1250.0,1283.0,1342.0,1388.0,1616.0,874.0,188.0,492.0,185.0,784.0,3187.0,4294.0,4304.0,4352.0,1610.0,859.0,123.0,477.0,238.0,931.0,3275.0,4455.0,4586.0,4634.0,1680.0,910.0,253.0,623.0,417.0,1162.0,3275.0,4469.0,4644.0,4670.0,1804.0,990.0,441.0,956.0,684.0,1687.0,3584.0,4306.0,4416.0,4480.0,1839.0,1094.0,509.0,1001.5,790.0,1779.0,3366.0,3880.5,4115.5,4136.5,2095.0,1281.0,542.0,1043.0,1018.0,1967.5,3085.5,3555.0,3710.0,3852.0,2411.5,1519.5,817.5,1411.5,1433.0,2331.0,3171.0,3495.5,3721.0,3975.5,2696.5,1812.0,893.0,1430.0,1723.0,2605.0,3280.0,3522.0,3777.5,4012.0,3487.0,2554.5,1142.0,1584.0,2087.5,2696.0,3090.0,3296.0,3585.5,3763.0,3316.0,2487.0,979.0,1339.0,1896.0,2401.0,2589.0,2668.0,2670.0,3135.0,1789.0,1540.0,503.0,696.0,915.0,1060.0,1131.0,1162.0,1240.0,1261.0,3323.0,2588.0,979.0,1339.0,1896.0,2401.0,2447.0,2603.0,2670.0,2848.0,3185.5,2453.5,963.5,1257.5,1649.0,2017.0,2081.5,2268.5,2292.0,2510.5,2902.5,2352.0,779.5,1001.5,1335.5,1552.5,1670.0,1728.5,1842.5,1987.5,3041.0,2529.0,885.0,1078.0,1367.0,1557.0,1704.0,1812.0,1867.0,2092.0,1542.0,1276.0,415.0,528.0,730.0,853.0,905.0,921.0,1019.0,1062.0,586.0,521.0,259.0,386.0,451.0,504.0,520.0,546.0,602.0,612.0,1532.0,1193.0,467.0,643.0,779.0,889.0,908.0,1001.0,1074.0,1075.0,996.0,831.0,362.0,415.0,480.0,548.0,610.0,654.0,597.0,744.0,2263.0,1970.0,815.0,1046.0,1237.0,1377.0,1417.0,1469.0,1567.0,1626.0,2331.0,2052.0,993.0,1132.0,1333.0,1445.0,1519.0,1586.0,1700.0,1696.0,1795.5,1524.5,586.0,726.0,906.0,1011.0,984.0,1068.0,1142.5,1169.0,2226.5,1919.5,850.0,1022.5,1212.5,1320.0,1361.0,1413.5,1512.0,1534.0,2240.0,1929.0,863.0,1046.0,1219.5,1338.0,1403.5,1467.5,1560.0,1554.5,"{""type"":""MultiPoint"",""coordinates"":[]}"
480_0,3,1872.5,1513.0,584.5,736.0,967.5,1102.5,1112.5,1233.0,1294.0,1342.5,2261.5,1891.5,762.5,1012.5,1257.5,1365.5,1402.0,1509.0,1609.5,1597.5,2719.5,2299.0,1010.5,1322.0,1641.0,1780.0,1781.5,1838.5,1958.5,1983.5,2949.5,2522.5,1145.0,1478.5,1794.0,1945.5,1972.0,2049.0,2152.0,2192.0,511.0,402.0,949.0,1247.0,1276.0,1513.0,1172.0,1211.0,1144.0,989.0,479.0,369.0,727.0,1008.0,1113.0,1513.0,1101.0,1211.0,1144.0,1071.0,470.0,380.0,602.0,909.0,907.0,1151.0,1101.0,1233.0,1172.0,1071.0,1062.0,729.0,563.0,849.0,667.0,1206.0,1674.0,1819.0,1694.0,1662.0,1683.0,910.0,357.0,702.0,408.0,1038.0,2735.0,3229.0,3077.0,3208.0,1819.5,920.5,265.5,615.5,308.0,977.0,3165.0,4045.0,4081.5,4194.5,1591.5,781.0,101.0,364.0,155.0,689.5,2931.5,4286.5,4196.5,4334.0,2118.0,1729.0,673.0,866.0,1085.0,1233.0,1272.0,1371.0,1461.0,1474.0,1569.0,791.0,139.0,385.0,194.0,686.0,3014.0,4326.0,4448.0,4423.0,1643.0,810.0,74.0,449.0,184.0,854.0,3459.0,4731.0,4781.0,4935.0,1731.0,871.0,332.0,846.0,456.0,1475.0,3754.0,4744.0,4781.0,5053.0,1902.0,979.0,531.0,1070.0,803.0,1940.0,3657.0,4356.0,4490.0,4665.0,1980.5,1142.0,569.5,1140.0,971.0,2071.5,3413.0,3877.5,4159.5,4208.5,2564.5,1574.0,722.0,1319.5,1488.5,2423.5,3293.5,3657.0,3891.0,4052.5,3219.0,2084.0,1044.0,1618.0,2097.5,3061.5,3673.5,3969.0,4273.5,4427.0,4336.0,3058.0,1346.0,1894.5,2637.0,3322.5,3600.0,3942.0,4224.0,4392.5,3917.0,2885.0,1213.0,1667.0,2361.0,2782.0,2899.0,3247.0,3484.0,3564.0,3980.0,2767.0,1116.0,1530.5,2253.0,2677.0,2960.5,3203.0,3144.0,3478.5,2096.5,1749.5,648.5,812.5,1069.0,1202.5,1251.5,1328.5,1431.5,1439.5,3547.5,2547.5,953.5,1296.0,1851.5,2121.5,2335.5,2456.5,2543.5,2764.0,3262.5,2412.0,946.0,1204.0,1632.0,1959.0,2026.5,2248.0,2261.0,2457.5,2939.5,2375.5,722.0,916.5,1227.0,1452.5,1490.5,1637.0,1730.5,1845.0,3007.0,2430.0,770.5,926.5,1213.5,1407.0,1517.0,1646.0,1715.5,1808.0,1760.0,1185.0,464.0,597.0,837.0,931.0,962.0,1024.0,1159.0,1150.0,0.0,0.0,0.0,0.0,0.0,0.0,0.0,0.0,0.0,0.0,1842.0,1445.0,579.0,757.0,972.0,1067.0,1122.0,1163.0,1275.0,1290.0,1972.0,1648.0,705.0,799.0,998.0,1084.0,1107.0,1188.0,1276.0,1322.0,2392.0,2001.0,795.0,1028.0,1263.0,1380.0,1419.0,1498.0,1578.0,1658.0,2573.0,2169.0,1010.0,1208.0,1420.0,1537.0,1636.0,1753.0,1855.0,1849.0,1964.0,1572.0,631.0,766.5,961.5,1068.5,1098.5,1148.5,1239.5,1286.5,2368.0,2023.0,881.0,1025.0,1207.0,1342.0,1469.0,1594.0,1657.0,1684.0,2250.5,1849.5,814.0,1024.0,1187.0,1358.0,1537.0,1664.0,1753.5,1790.5,"{""type"":""MultiPoint"",""coordinates"":[]}"
481_0,3,1186.5,1000.5,485.5,567.0,699.5,784.5,802.5,847.5,880.5,876.5,1668.0,1437.0,707.5,840.0,1018.0,1101.5,1146.5,1204.0,1268.5,1285.0,145.5,144.0,415.5,601.5,640.0,737.5,474.5,547.0,487.0,388.0,225.0,210.0,439.0,663.5,707.5,827.0,599.5,648.0,641.5,532.5,239.0,229.0,416.0,633.0,574.0,810.0,679.0,765.0,679.0,555.0,530.0,400.0,464.0,744.0,574.0,1051.0,1128.0,1260.0,1220.0,1048.0,1317.0,740.0,477.0,1031.0,497.0,1600.0,3094.0,3383.0,3545.0,3177.0,1613.0,792.0,512.0,1053.0,515.0,1650.0,4586.0,4772.0,5052.0,5080.0,1612.0,759.0,358.0,883.0,342.0,1516.0,4606.0,5447.0,5677.0,5660.0,1599.5,756.0,273.5,804.0,294.0,1381.0,4500.0,5576.5,5704.5,5654.0,1655.5,772.0,211.5,747.0,236.0,1267.0,4272.5,5352.5,5638.0,5541.0,1412.0,1221.0,605.0,730.0,880.0,936.0,963.0,1021.0,1103.0,1072.0,1745.0,818.0,235.0,759.0,260.0,1267.0,4134.0,5149.0,5425.0,5432.0,1739.0,813.0,194.0,711.0,249.0,1161.0,4002.0,4819.0,5114.0,5228.0,1750.0,823.0,266.0,747.0,350.0,1268.0,3957.0,4779.0,4855.0,5097.0,1836.0,911.0,423.0,951.0,507.0,1646.0,3784.0,4502.0,4703.0,4789.0,1863.5,944.0,464.5,1061.5,624.0,1781.0,3735.5,4214.5,4582.0,4642.5,2019.0,1072.0,507.0,1147.5,828.0,2002.5,3543.0,4045.0,4311.5,4407.0,2370.0,1345.0,1357.0,1604.0,1399.0,2394.0,3627.0,4040.0,4308.0,4465.0,4531.0,2966.0,1506.5,2075.5,2863.0,3527.0,3914.0,4254.0,4820.0,4827.0,4447.5,3019.0,1527.5,2129.0,3139.0,3607.0,3924.0,4096.0,4824.5,4670.0,3259.0,2039.0,1169.0,1556.0,2184.0,2460.0,2347.0,2798.0,3024.0,2828.0,1498.0,1314.0,690.0,797.0,950.0,1015.0,1019.0,1049.0,1168.0,1151.0,3264.0,2354.0,905.0,1231.0,1672.0,2041.0,2075.0,2215.0,2236.0,2675.0,2313.0,1873.5,707.0,875.5,1190.0,1289.5,1370.5,1490.0,1673.0,1635.5,2091.5,1767.5,525.5,698.0,949.5,1066.5,1128.5,1226.5,1364.0,1364.0,2253.0,1950.0,639.0,771.0,1022.0,1170.0,1219.0,1327.0,1462.0,1466.0,1793.0,1412.0,451.0,599.0,834.0,953.0,1023.0,1104.0,1257.0,1230.0,0.0,0.0,0.0,0.0,0.0,0.0,0.0,0.0,0.0,0.0,2218.0,2014.0,851.0,1051.0,1196.0,1376.0,1412.0,1479.0,1624.0,1575.0,2063.0,1734.0,755.0,948.0,953.0,1226.0,1602.0,1708.0,1755.0,1776.0,1511.0,1278.0,472.5,614.5,703.0,865.5,1065.5,1130.0,1237.5,1231.5,1684.0,1454.0,630.0,759.0,859.0,1006.0,1189.0,1264.0,1389.0,1354.0,1162.0,985.0,369.5,419.0,568.0,629.0,644.5,681.0,757.0,781.5,1605.0,1404.0,721.0,803.0,959.0,1056.0,1096.0,1152.0,1198.0,1192.0,1570.0,1349.5,673.5,834.5,978.5,1053.5,1083.5,1140.5,1212.5,1203.0,"{""type"":""MultiPoint"",""coordinates"":[]}"
482_0,3,2002.5,1606.5,637.5,795.5,1026.5,1192.5,1269.5,1387.5,1419.5,1493.5,2340.5,1948.0,735.5,997.5,1257.5,1386.5,1480.0,1569.0,1658.5,1713.0,2631.5,2220.5,931.0,1205.5,1506.5,1632.0,1687.5,1767.0,1838.5,1896.0,2932.0,2522.0,1117.5,1446.5,1761.5,1927.0,1942.5,2068.0,2113.5,2174.5,1281.0,1163.0,873.0,1139.0,1186.0,1393.0,1081.0,1213.0,1224.0,1199.0,545.0,463.0,873.0,1139.0,1186.0,1393.0,1081.0,1185.0,1164.0,1098.0,523.0,431.0,557.0,868.0,782.0,1099.0,1040.0,1163.0,1164.0,1098.0,1083.0,823.0,557.0,824.0,618.0,1106.0,1707.0,1873.0,1733.0,1625.0,1869.0,1003.0,312.0,675.0,318.0,1063.0,3160.0,3797.0,3649.0,3587.0,1940.5,1006.0,242.0,621.5,259.0,996.5,3523.0,4774.5,4645.5,4808.0,1727.5,848.5,93.5,362.0,133.0,674.0,3279.0,4931.0,4876.5,5053.5,2207.0,1797.0,702.0,909.0,1127.0,1300.0,1395.0,1428.0,1567.0,1651.0,1675.0,821.0,128.0,385.0,164.0,677.0,3269.0,4942.0,4955.0,5198.0,1675.0,821.0,73.0,398.0,181.0,811.0,3454.0,4950.0,5082.0,5258.0,1703.0,864.0,302.0,773.0,435.0,1391.0,3719.0,4938.0,4985.0,5258.0,2003.0,1022.0,507.0,1007.0,763.0,1942.0,3824.0,4784.0,4833.0,5105.0,2094.5,1177.5,549.5,1103.0,910.5,2041.5,3716.0,4271.0,4547.0,4710.0,2897.5,1830.5,853.0,1520.5,1797.0,2964.0,3817.5,4340.5,4431.0,4647.5,3707.5,2496.0,1257.5,1894.0,2637.5,3584.0,4139.5,4489.0,4670.0,4971.0,4556.0,3208.5,1438.0,1997.0,2889.0,3689.5,3907.5,4228.5,4406.0,4703.0,4252.0,2979.0,1274.0,1780.0,2613.0,3055.0,3181.0,3528.0,3643.0,3718.0,4160.5,2994.0,1281.0,1789.5,2609.5,3305.5,3366.5,3611.5,3531.0,3954.5,2187.0,1784.5,675.5,859.5,1121.5,1244.5,1339.5,1426.5,1540.5,1604.0,3628.0,2677.0,1051.5,1427.5,2024.0,2593.5,2649.5,2876.5,2816.0,3132.0,3418.5,2549.5,1004.5,1294.5,1747.0,2142.0,2278.0,2354.5,2416.5,2685.5,3138.5,2481.0,802.5,1015.0,1334.5,1540.5,1688.5,1756.5,1856.0,2030.0,3141.5,2616.0,855.5,1050.5,1371.5,1549.0,1661.5,1751.0,1921.0,2051.0,1918.0,1196.0,486.0,619.0,862.0,997.0,1098.0,1204.0,1238.0,1273.0,0.0,0.0,0.0,0.0,0.0,0.0,0.0,0.0,0.0,0.0,1941.0,1593.0,645.0,820.0,1023.0,1147.0,1199.0,1315.0,1367.0,1396.0,2050.0,1705.0,724.0,824.0,996.0,1133.0,1149.0,1254.0,1343.0,1343.0,2473.0,2108.0,844.0,1041.0,1283.0,1402.0,1452.0,1570.0,1649.0,1714.0,2627.0,2239.0,1035.0,1227.0,1465.0,1589.0,1738.0,1841.0,1911.0,1990.0,2053.5,1657.0,655.0,800.0,989.5,1135.5,1159.5,1273.0,1322.5,1369.5,2451.0,2035.0,843.0,1030.0,1213.0,1346.0,1555.0,1653.0,1712.0,1793.0,2339.5,1886.0,846.0,1042.0,1204.0,1392.5,1696.0,1804.0,1859.0,1944.0,"{""type"":""MultiPoint"",""coordinates"":[]}"
483_0,3,1620.5,1384.5,479.0,618.5,809.0,941.0,997.0,1024.0,1082.5,1128.0,2249.0,1977.0,757.0,1030.0,1255.5,1384.5,1426.0,1500.5,1586.0,1612.5,2323.5,2079.0,801.0,1069.0,1316.5,1457.5,1475.0,1557.5,1621.5,1639.0,2240.5,2026.0,803.0,1046.5,1281.0,1401.5,1431.5,1497.0,1567.0,1583.5,339.0,330.0,693.0,963.0,995.0,1125.0,869.0,940.0,878.0,698.0,372.0,330.0,810.0,987.0,1044.0,1125.0,924.0,1067.0,1005.0,914.0,423.0,354.0,681.0,913.0,910.0,1142.0,1097.0,1155.0,1073.0,936.0,662.0,526.0,542.0,811.0,750.0,1257.0,1399.0,1521.0,1398.0,1417.0,746.0,563.0,440.0,713.0,627.0,1044.0,1349.0,1530.0,1443.0,1321.0,1049.5,672.0,323.0,593.5,428.0,957.5,1858.0,2182.5,2048.5,2082.0,1365.5,774.5,275.5,573.0,369.0,939.0,2547.5,3189.5,3080.5,3084.5,1844.0,1560.0,574.0,738.0,939.0,1052.0,1119.0,1110.0,1192.0,1268.0,1447.0,761.0,280.0,556.0,369.0,885.0,2695.0,3558.0,3481.0,3679.0,1320.0,684.0,132.0,406.0,201.0,740.0,2695.0,3558.0,3483.0,3712.0,1310.0,675.0,132.0,405.0,171.0,725.0,2879.0,3936.0,3872.0,4048.0,1632.0,822.0,371.0,743.0,407.0,1229.0,3538.0,4297.0,4367.0,4563.0,1688.0,866.5,423.0,877.0,499.0,1427.0,3562.5,4311.0,4491.5,4471.0,1677.0,932.5,423.0,915.5,583.5,1641.5,3159.0,3650.5,3746.0,3860.0,2027.0,1077.0,777.0,1375.0,1167.0,2183.0,3306.0,3694.0,3750.0,4048.0,2362.5,1450.5,816.0,1465.0,1426.0,2635.0,3450.0,3794.0,3990.0,4208.0,3543.0,2523.0,1081.5,1559.5,2075.5,2808.0,3156.5,3342.5,3615.5,3757.5,1901.0,1375.0,625.0,914.0,1300.0,1536.0,1649.0,1710.0,1842.0,1913.0,1722.0,1454.0,410.0,606.0,828.0,966.0,1003.0,1038.0,1124.0,1193.0,2465.0,1931.0,729.0,988.0,1314.0,1560.0,1619.0,1754.0,1728.0,1959.0,2490.0,1957.0,822.5,1048.5,1390.0,1600.5,1678.0,1778.5,1918.0,1944.0,2180.5,1795.0,614.5,825.5,1068.0,1220.0,1268.5,1363.0,1473.5,1492.5,2317.0,1946.0,725.0,882.0,1123.0,1317.0,1340.0,1451.0,1500.0,1575.0,1903.0,1483.0,525.0,666.0,906.0,1001.0,1100.0,1172.0,1337.0,1300.0,0.0,0.0,0.0,0.0,0.0,0.0,0.0,0.0,0.0,0.0,1690.0,1450.0,490.0,676.0,868.0,971.0,975.0,1068.0,1132.0,1135.0,1774.0,1556.0,572.0,720.0,875.0,975.0,992.0,1053.0,1135.0,1153.0,2084.0,1840.0,634.0,843.0,1055.0,1208.0,1236.0,1299.0,1387.0,1421.0,2216.0,1977.0,836.0,994.0,1194.0,1327.0,1367.0,1453.0,1550.0,1556.0,1538.0,1305.0,513.0,588.0,737.0,821.0,818.0,896.0,956.0,975.0,1918.0,1664.0,625.0,779.5,980.0,1086.5,1159.0,1212.5,1271.0,1314.5,2069.5,1807.0,680.5,875.5,1090.5,1218.5,1255.5,1323.0,1383.5,1408.0,"{""type"":""MultiPoint"",""coordinates"":[]}"
484_0,3,2239.0,1827.5,733.5,936.0,1243.0,1376.0,1456.0,1547.5,1670.5,1698.0,2668.5,2249.5,990.5,1294.0,1619.0,1744.0,1862.0,1936.5,2063.5,2082.5,2141.5,1773.5,717.0,975.0,1275.5,1386.5,1450.5,1518.0,1685.0,1639.0,734.0,667.0,496.5,642.0,786.0,955.5,931.0,1005.5,1024.5,989.5,325.0,229.5,457.0,606.0,639.0,832.5,793.5,865.5,878.5,821.0,519.5,399.5,478.0,651.0,643.0,936.0,1092.0,1194.5,1153.5,1109.0,1169.0,668.5,448.0,674.0,525.5,961.5,1983.0,2103.0,2140.0,2145.0,1385.5,748.0,333.5,652.5,364.5,934.5,2541.0,2889.5,2867.0,2925.0,1611.0,800.0,229.0,539.0,314.0,946.5,3040.0,3937.0,4117.5,4186.5,1839.5,963.5,250.0,576.0,388.0,1022.0,3142.0,4233.0,4457.5,4632.0,1855.0,946.5,249.0,526.0,387.0,938.0,2966.0,4217.0,4507.5,4672.5,2602.5,2146.5,786.0,1032.5,1366.0,1555.0,1607.0,1702.0,1792.0,1871.5,1866.0,938.0,278.5,564.5,376.0,948.5,3119.5,4452.5,4656.0,4816.5,1776.0,902.0,306.5,766.0,436.0,1333.5,3603.0,4763.0,5008.0,5063.5,1876.5,951.5,415.5,877.0,574.0,1472.5,3630.0,4575.0,4783.5,4916.0,2101.5,1121.0,624.0,1078.5,882.5,1897.0,3613.5,4313.5,4622.5,4684.5,2383.0,1362.0,653.5,1165.5,1107.5,2112.0,3561.5,4179.5,4553.0,4628.0,2817.0,1703.0,782.0,1347.0,1500.0,2428.0,3574.0,4013.0,4340.0,4538.0,4392.0,3006.5,1369.5,1851.0,2545.5,3019.0,3392.5,3799.5,4183.0,4240.0,4203.0,2897.5,1315.5,1831.5,2648.5,3073.0,3310.5,3533.0,4001.0,4035.0,3311.5,2273.0,1099.0,1548.5,2105.5,2384.5,2619.5,2851.0,3156.0,3153.0,2229.5,1694.0,908.5,1079.0,1461.5,1676.0,1716.0,1858.5,1908.5,1987.0,2414.5,2018.5,717.5,959.0,1286.5,1454.0,1546.5,1600.0,1764.5,1789.5,2515.5,1964.0,886.5,1192.0,1584.0,1810.0,1848.0,2002.5,2080.5,2141.0,2479.0,1934.0,982.0,1228.5,1555.0,1762.0,1862.5,1945.5,2100.5,2125.0,2151.0,1735.5,713.0,911.0,1176.0,1281.0,1382.5,1469.5,1624.0,1625.5,1596.0,1367.5,480.0,668.5,899.0,1013.5,1060.0,1140.5,1261.0,1213.5,1376.5,1181.0,360.5,469.5,645.0,719.0,760.5,832.0,917.5,945.5,0.0,0.0,0.0,0.0,0.0,0.0,0.0,0.0,0.0,0.0,2395.0,2036.0,718.5,966.0,1269.0,1412.5,1499.5,1533.0,1686.5,1698.5,2573.0,2156.5,860.5,1014.5,1271.5,1425.0,1484.5,1593.5,1707.5,1727.0,2539.5,2106.0,832.5,1043.0,1346.5,1501.0,1568.0,1690.5,1821.0,1828.0,2727.0,2214.5,942.5,1115.5,1394.0,1577.0,1633.0,1714.5,1872.0,1923.0,2703.0,2219.5,975.5,1132.5,1372.5,1556.0,1678.5,1780.0,1917.0,1979.5,2398.0,1978.5,706.0,919.5,1201.0,1334.0,1445.0,1532.5,1676.5,1694.0,2450.0,2102.0,807.5,1068.5,1387.5,1537.5,1595.5,1671.5,1802.0,1799.5,"{""type"":""MultiPoint"",""coordinates"":[]}"
485_0,3,1827.0,1542.5,467.5,596.5,851.5,981.0,1030.0,1120.0,1233.0,1263.0,2122.5,1852.5,820.5,1071.0,1306.5,1402.5,1460.5,1519.0,1608.0,1581.5,2235.0,1951.5,807.0,1043.5,1288.0,1399.0,1456.0,1518.0,1612.5,1615.0,1843.0,1610.0,749.0,954.5,1162.0,1240.0,1272.0,1362.0,1423.0,1454.5,358.0,277.0,698.0,868.0,944.5,1183.0,1099.5,1143.5,1132.0,1054.5,358.0,277.0,698.0,868.0,944.5,1183.0,1099.5,1143.5,1132.0,1054.5,403.0,258.0,480.5,710.5,628.5,975.5,1077.0,1196.5,1127.0,1019.5,725.0,531.5,386.5,650.5,495.0,974.0,1549.5,1660.0,1497.5,1441.0,1169.0,653.0,257.0,525.0,291.5,930.0,2600.5,3043.5,3017.5,2938.5,1608.5,848.5,209.5,532.0,317.5,965.0,2855.5,3562.0,3674.0,3676.0,1559.5,767.5,189.0,409.0,243.5,753.5,2792.0,3756.0,3857.5,3945.0,2146.0,1809.5,535.0,740.5,984.0,1147.5,1159.0,1235.0,1384.0,1442.0,1624.0,795.0,207.5,446.5,238.5,814.5,2935.5,3970.5,3969.5,4174.0,1659.5,793.5,207.5,534.5,250.5,962.0,3246.5,4305.5,4431.0,4573.5,1730.0,826.5,388.0,839.0,502.0,1461.0,3480.5,4327.0,4427.0,4595.5,1883.0,1031.5,587.5,1109.0,894.5,1948.5,3481.0,4046.5,4142.0,4333.0,2044.0,1145.0,633.0,1170.5,1071.0,2041.5,3237.5,3755.0,4003.0,4050.0,2393.0,1418.0,660.0,1179.0,1310.0,2120.0,3012.0,3379.0,3636.0,3830.0,3258.5,2060.5,936.5,1405.5,1743.5,2428.5,2944.0,3342.0,3599.5,3854.5,3956.5,2702.0,1022.5,1444.0,2106.5,2610.5,2890.0,3201.0,3589.0,3666.5,3901.5,2694.0,1008.5,1431.5,2140.5,2644.0,2903.0,3210.0,3531.0,3668.5,2636.0,2047.5,788.5,1077.5,1567.0,1826.0,1904.5,2077.5,2181.0,2309.0,1925.5,1608.0,403.0,594.0,881.5,1014.0,1089.5,1193.5,1258.0,1348.0,2472.0,1904.0,736.5,1011.5,1463.0,1674.0,1774.0,1918.5,2050.0,2113.0,2620.5,2027.0,891.0,1130.5,1536.0,1748.5,1846.5,1964.5,2089.5,2158.5,2334.5,1897.5,674.5,874.0,1171.0,1323.5,1420.0,1533.5,1638.0,1695.5,2537.5,2098.5,792.0,952.0,1259.0,1398.0,1505.5,1604.5,1696.5,1789.0,2060.0,1468.5,523.0,666.5,946.5,1066.5,1177.5,1228.0,1406.5,1423.5,0.0,0.0,0.0,0.0,0.0,0.0,0.0,0.0,0.0,0.0,1638.0,1278.0,425.5,574.0,791.0,910.5,964.5,1065.5,1160.5,1168.0,1780.5,1446.0,543.5,672.5,849.0,974.0,1057.0,1135.5,1219.5,1241.0,2432.0,2026.0,752.5,970.5,1208.5,1383.5,1443.0,1541.5,1675.5,1717.0,2288.0,1911.5,709.5,890.0,1149.5,1276.5,1337.5,1442.0,1610.0,1608.5,2068.5,1692.0,640.5,735.0,965.5,1088.5,1115.0,1215.5,1348.0,1371.5,1890.0,1665.5,613.0,762.5,964.0,1045.5,1146.5,1188.5,1268.0,1281.5,1883.5,1665.5,575.5,766.5,964.0,1045.5,1146.5,1188.5,1268.0,1281.5,"{""type"":""MultiPoint"",""coordinates"":[]}"
486_0,3,270.5,221.5,205.0,275.0,338.5,491.0,446.5,515.5,508.5,436.5,2165.5,1870.5,655.0,836.0,1040.0,1154.0,1207.0,1283.5,1402.5,1416.5,2439.5,2177.5,772.0,987.0,1251.5,1373.0,1432.5,1548.5,1634.5,1653.0,2646.5,2380.0,947.5,1212.5,1491.0,1614.0,1647.5,1732.5,1835.0,1876.0,2751.0,2492.0,1057.0,1286.0,1586.0,1693.0,1742.0,1851.0,1963.0,1950.0,673.0,674.0,816.0,1072.0,1152.0,1294.0,985.0,1089.0,919.0,935.0,493.0,362.0,648.0,926.0,923.0,1123.0,1001.0,1042.0,945.0,907.0,738.0,503.0,671.0,938.0,923.0,1166.0,1237.0,1326.0,1198.0,1146.0,954.0,681.0,461.0,797.0,557.0,1131.0,1574.0,1749.0,1685.0,1562.0,1697.5,922.5,305.0,657.0,335.0,1018.5,2886.0,3432.0,3415.0,3452.5,1409.0,739.5,181.5,427.0,224.0,750.5,2557.5,3548.5,3580.5,3564.0,524.5,433.0,308.0,406.0,488.0,633.5,633.5,681.0,752.5,766.5,1546.0,783.0,226.0,451.0,282.0,751.0,2473.0,3562.0,3646.0,3789.0,1592.0,789.0,178.0,379.0,260.0,692.0,2649.0,3818.0,4099.0,4108.0,1652.0,816.0,178.0,431.0,237.0,758.0,2842.0,4139.0,4271.0,4499.0,1632.0,822.0,433.0,841.0,533.0,1434.0,3377.0,4147.0,4349.0,4468.0,1729.0,956.0,447.0,911.0,698.0,1649.0,3377.0,4147.0,4395.0,4419.0,2094.5,1184.0,562.5,1128.5,1003.0,2038.5,3549.0,4079.0,4351.5,4437.5,2690.0,1671.0,1101.5,1640.0,1762.0,2567.0,3646.0,4003.5,4419.5,4508.0,3892.5,2703.5,1140.5,1658.0,2098.5,2871.5,3248.0,3570.0,3805.5,4015.0,4289.5,2917.0,1462.5,2032.0,2758.0,3416.0,3747.5,3981.0,4451.0,4482.0,4380.0,2976.0,1581.0,2209.0,3145.0,3727.0,3785.0,4184.0,4367.0,4469.0,433.0,319.0,354.0,387.0,455.0,574.0,577.0,632.0,698.0,652.0,4053.0,2964.0,1257.0,1709.0,2413.0,2814.0,2903.0,3186.0,3473.0,3459.0,3921.0,2878.0,1252.0,1648.5,2237.5,2599.0,2746.0,2937.5,3169.0,3259.5,2012.5,1584.5,708.5,875.0,1178.5,1331.5,1365.0,1430.0,1565.5,1540.0,566.0,502.0,419.0,555.0,695.0,808.0,726.0,775.0,799.0,793.0,264.0,199.0,195.0,275.0,268.0,396.0,320.0,341.0,358.0,294.0,520.0,435.0,658.0,553.0,511.0,557.0,560.0,563.0,658.0,499.0,299.0,262.0,175.0,278.0,356.0,506.0,460.0,525.0,550.0,485.0,887.0,560.0,432.0,533.0,671.0,898.0,924.0,1024.0,1153.0,1150.0,3251.0,2428.0,1177.0,1477.0,1826.0,2066.0,2172.0,2210.0,2540.0,2400.0,2806.0,1917.0,1468.0,1279.0,1452.0,1729.0,1776.0,1919.0,2183.0,2209.0,3234.5,2448.5,1028.0,1275.0,1650.0,1934.5,2049.0,2178.0,2431.5,2491.5,4216.0,3476.0,1484.5,1805.5,2184.5,2440.0,2593.0,2794.0,3100.5,3024.5,3631.5,3063.5,1273.5,1514.0,1808.5,2015.0,2137.5,2243.0,2492.5,2524.0,"{""type"":""MultiPoint"",""coordinates"":[]}"
487_0,3,1672.5,1427.0,387.0,520.5,738.5,877.0,906.5,1001.5,1083.5,1134.0,2093.5,1818.5,765.0,1003.5,1256.0,1378.0,1443.0,1497.5,1577.0,1597.5,2212.5,1941.0,754.5,977.5,1245.5,1371.5,1424.5,1510.5,1581.0,1615.0,2004.5,1772.5,747.0,949.0,1199.5,1314.0,1381.0,1460.0,1514.0,1527.5,316.5,320.5,415.5,632.5,644.0,861.0,723.5,729.0,603.0,598.5,382.5,329.0,833.0,995.5,1028.5,1222.0,1003.0,1024.0,985.0,836.5,409.0,309.5,413.5,599.0,499.5,883.0,981.0,1085.5,910.5,798.0,746.0,584.0,330.0,578.0,378.5,917.0,1543.0,1665.0,1601.5,1381.0,1257.0,647.0,224.0,502.5,262.0,913.5,2625.0,3236.5,3195.5,3065.5,1578.5,854.0,215.5,531.5,370.0,997.0,2807.0,3487.5,3472.0,3624.5,1559.5,769.5,167.0,379.0,257.0,720.0,2603.5,3663.0,3693.5,3836.0,1895.5,1631.5,464.0,636.5,859.0,1036.5,1070.0,1107.5,1202.0,1289.5,1625.5,800.0,196.0,411.0,250.0,804.0,2865.5,3755.0,3795.5,4061.0,1699.5,819.5,205.5,536.0,278.5,982.0,3159.0,4092.0,4293.0,4432.0,1772.0,889.0,393.5,840.0,510.0,1432.0,3408.0,4255.0,4278.0,4473.5,1966.5,1084.0,590.5,1104.0,877.0,1883.5,3408.0,3953.0,4105.0,4218.5,2096.5,1183.5,624.0,1172.0,1035.0,1972.0,3262.5,3728.5,3992.5,4075.5,2348.0,1369.0,631.0,1163.0,1166.0,2060.0,3092.0,3512.0,3744.0,3885.0,3172.5,1973.5,930.0,1338.5,1566.0,2240.0,2901.0,3268.0,3546.5,3708.5,3721.0,2533.0,884.0,1249.0,1790.5,2229.0,2519.0,2874.0,3229.0,3212.5,3525.5,2491.0,853.0,1273.0,1791.0,2192.5,2449.5,2682.0,3060.5,3131.0,2531.5,1940.5,768.0,1047.0,1496.5,1733.5,1845.5,1981.5,2100.5,2176.0,1756.0,1486.0,377.5,550.5,806.5,941.0,1017.0,1091.5,1184.0,1207.0,2395.5,1815.0,706.5,988.5,1406.5,1596.0,1706.5,1825.5,2014.5,2050.5,2496.5,1917.5,905.0,1109.5,1476.0,1641.0,1773.5,1917.0,2073.5,2105.0,2247.0,1804.5,633.0,821.5,1089.5,1251.0,1346.5,1441.0,1581.5,1616.0,2601.5,2088.0,800.0,1013.5,1312.0,1488.0,1607.0,1730.5,1850.0,1900.5,2054.0,1547.0,1699.0,1665.5,1733.5,1862.5,1931.5,1999.0,2114.0,2132.5,0.0,0.0,0.0,0.0,0.0,0.0,0.0,0.0,0.0,0.0,1503.5,1178.5,383.5,524.5,711.5,801.0,878.5,954.0,1050.5,1066.0,1735.5,1455.0,497.5,613.5,778.0,930.5,1004.5,1077.5,1157.5,1202.5,2125.5,1768.0,676.5,882.0,1047.0,1217.5,1330.0,1397.5,1547.0,1612.0,2117.5,1741.0,602.0,762.0,1011.5,1197.5,1304.5,1406.5,1534.0,1546.0,1767.5,1424.5,534.5,608.0,788.0,959.5,1043.5,1127.5,1239.5,1262.0,1884.0,1662.0,581.5,722.5,918.5,1022.0,1091.0,1180.0,1260.0,1298.0,1884.0,1682.0,551.5,739.5,953.0,1066.5,1103.5,1180.0,1260.0,1298.0,"{""type"":""MultiPoint"",""coordinates"":[]}"
488_0,3,1647.5,1419.5,838.5,891.0,971.0,1113.5,1254.0,1290.5,1387.5,1396.0,2635.0,2479.0,959.0,1201.0,1533.0,1679.0,1696.0,1793.0,1889.0,1934.0,2666.0,2616.0,955.0,1180.0,1487.0,1675.0,1679.0,1783.0,1877.0,1912.0,1215.5,1190.0,518.5,681.0,807.5,949.0,875.5,947.0,972.0,944.0,263.0,273.0,420.5,549.0,578.0,688.0,587.0,651.5,602.5,521.5,528.5,380.5,345.5,593.5,436.0,836.0,1034.5,1134.0,1129.0,1027.5,694.0,490.0,313.0,575.0,374.0,905.0,1250.0,1405.0,1368.0,1203.0,911.0,608.0,169.0,470.0,227.0,773.0,1607.0,1859.0,1755.0,1801.0,993.0,529.0,68.0,239.0,88.0,467.0,1732.0,2327.0,2224.0,2223.0,1219.0,575.0,8.5,174.5,0.0,347.5,2497.0,4046.5,4054.5,4114.5,1288.5,583.0,8.5,191.0,0.0,349.0,2607.0,4528.0,4651.5,4753.0,3082.5,2771.0,2087.5,2213.5,2329.5,2511.5,2604.5,2687.0,2766.0,2706.0,1327.5,594.0,16.5,182.5,0.0,365.5,2698.0,4774.0,4917.0,5031.5,1301.0,581.5,72.0,307.5,36.5,612.0,2991.0,4717.5,4917.5,5076.0,1363.0,641.0,487.0,827.0,550.0,1250.0,3214.0,4466.0,4568.0,4762.0,1556.0,798.0,636.0,1035.0,809.0,1645.0,3205.0,3834.0,4083.0,4142.0,1556.0,839.0,531.0,998.0,825.0,1650.0,3038.0,3612.0,3870.0,3945.0,1902.0,1129.0,512.0,1018.0,1093.0,1883.0,2929.0,3336.0,3610.0,3699.0,4478.0,3107.0,1100.5,1516.5,2089.5,2587.0,3079.0,3362.0,3712.0,3835.5,4684.0,3447.0,1157.0,1616.0,2383.0,2783.0,2992.0,3159.0,3511.0,3564.0,4505.0,3240.0,1157.0,1616.0,2381.0,2740.0,2946.0,3194.0,3404.0,3585.0,3971.5,2857.5,1032.5,1407.5,2056.5,2419.0,2589.0,2790.5,2940.0,3196.5,1796.0,1483.0,523.0,724.0,889.0,1131.0,1406.0,1510.0,1613.0,1613.0,4043.0,3118.0,948.5,1252.0,1693.0,2073.5,2216.5,2411.5,2531.5,2748.0,3334.5,2800.0,962.5,1133.5,1421.5,1681.0,1823.5,1992.5,2146.0,2226.0,2832.0,2556.5,672.0,775.5,922.5,1205.0,1401.5,1580.0,1694.5,1741.0,2713.0,2386.5,644.0,783.5,909.5,1226.0,1476.0,1646.5,1689.0,1777.0,2054.5,1586.5,375.5,594.0,708.0,1059.5,1466.0,1592.5,1773.5,1802.0,0.0,0.0,0.0,0.0,0.0,0.0,0.0,0.0,0.0,0.0,1781.0,1375.0,332.0,592.0,727.0,1095.0,1532.0,1642.0,1783.0,1794.0,1941.5,1620.5,956.0,1102.0,1098.5,1403.0,1886.0,1987.0,2116.0,2043.0,1853.0,1379.5,431.5,728.0,761.5,1218.5,1972.0,2142.0,2266.5,2284.0,1938.5,1562.0,556.0,739.5,869.5,1185.0,1662.0,1763.5,1930.0,1944.0,1993.0,1799.0,577.0,744.0,961.0,1125.0,1250.0,1335.0,1439.0,1489.0,2024.5,1889.0,584.0,748.5,977.0,1128.0,1203.0,1299.0,1384.5,1434.0,2592.0,2505.5,895.0,1137.0,1460.0,1590.0,1631.5,1712.5,1819.5,1851.5,"{""type"":""MultiPoint"",""coordinates"":[]}"
489_0,3,1996.0,1574.0,664.0,807.0,1047.5,1165.0,1277.0,1363.0,1507.0,1516.0,2237.0,1842.5,782.5,1011.5,1258.0,1396.0,1534.0,1648.0,1781.5,1762.0,2366.0,1945.0,838.0,1094.5,1343.5,1485.5,1648.0,1719.5,1862.5,1876.0,2620.5,2181.5,940.0,1216.5,1513.5,1672.0,1814.5,1948.5,2023.5,2084.0,1285.0,970.0,880.0,1082.0,1213.0,1351.0,1433.0,1557.0,1574.0,1493.0,1066.0,878.0,731.0,968.0,1145.0,1330.0,1423.0,1557.0,1574.0,1493.0,1269.0,872.0,687.0,930.0,964.0,1259.0,1412.0,1532.0,1506.0,1503.0,1527.0,1052.0,772.0,1070.0,1068.0,1444.0,1921.0,2116.0,2137.0,2103.0,1959.0,1172.0,593.0,934.0,775.0,1359.0,2904.0,3139.0,3336.0,3280.0,2123.5,1251.0,493.0,878.0,740.5,1464.5,3101.5,3801.0,3975.0,3979.0,2192.0,1309.0,518.5,874.0,838.0,1462.0,2867.5,3515.0,3758.5,3707.0,2166.0,1720.0,717.0,894.0,1117.0,1281.0,1361.0,1496.0,1617.0,1653.0,2235.0,1395.0,625.0,959.0,1008.0,1529.0,2831.0,3375.0,3550.0,3670.0,2128.0,1298.0,558.0,935.0,887.0,1495.0,2972.0,3555.0,3781.0,3872.0,2128.0,1264.0,558.0,935.0,887.0,1509.0,2975.0,3611.0,3852.0,3968.0,2164.0,1264.0,656.0,1061.0,1060.0,1758.0,2988.0,3508.0,3719.0,3697.0,2187.0,1376.5,700.5,1133.5,1113.5,1796.0,2865.0,3186.5,3466.5,3546.5,2370.5,1551.5,734.0,1158.0,1280.5,1945.5,2783.0,3130.0,3390.5,3466.0,2567.0,1644.0,919.5,1290.5,1459.0,2111.5,2809.0,3082.5,3411.5,3448.5,3468.0,2490.0,1123.0,1518.0,1969.0,2478.5,2808.5,3088.0,3402.0,3413.5,3266.5,2412.0,1122.5,1548.0,2084.0,2386.5,2631.0,2807.0,3143.5,3124.5,3031.0,2175.0,1086.0,1485.0,2062.0,2279.0,2415.0,2709.0,2880.0,2817.0,2184.5,1766.5,690.5,851.0,1100.5,1266.5,1328.5,1404.0,1577.5,1592.0,3042.0,2245.5,1045.0,1407.5,1923.0,2171.5,2211.5,2541.5,2750.0,2569.0,2765.5,2084.0,993.5,1268.5,1632.0,1919.5,1970.5,2140.5,2362.5,2338.0,2514.5,1967.0,760.5,980.5,1260.0,1428.5,1527.0,1690.0,1895.5,1790.5,2715.5,2183.5,834.5,1007.0,1304.5,1470.0,1543.0,1732.0,1904.0,1880.5,1559.0,1250.0,447.0,596.0,757.0,867.0,1021.0,1078.0,1206.0,1128.0,0.0,0.0,0.0,0.0,0.0,0.0,0.0,0.0,0.0,0.0,2118.0,1747.0,660.0,846.0,1056.0,1232.0,1269.0,1338.0,1412.0,1520.0,2131.0,1789.0,706.0,811.0,992.0,1096.0,1146.0,1233.0,1307.0,1326.0,2211.5,1855.5,736.0,925.5,1131.0,1300.5,1341.5,1421.5,1562.0,1583.5,2276.0,1829.0,693.0,836.0,1064.0,1223.0,1185.0,1285.0,1377.0,1397.0,2078.0,1675.5,731.5,812.5,990.0,1109.5,1136.0,1208.5,1323.0,1357.5,2433.0,2070.0,805.0,971.0,1151.0,1304.0,1442.0,1545.0,1654.0,1691.0,2302.0,1920.0,765.0,971.0,1182.0,1376.0,1442.0,1545.0,1654.0,1691.0,"{""type"":""MultiPoint"",""coordinates"":[]}"
490_0,3,1751.5,1455.5,607.0,764.0,997.0,1112.5,1133.0,1220.0,1294.5,1315.0,2444.0,2127.0,1015.0,1307.5,1554.5,1679.5,1717.0,1778.0,1889.0,1867.0,2489.5,2164.0,959.5,1234.5,1502.5,1633.0,1685.5,1753.5,1832.0,1854.0,2585.0,2235.0,1023.0,1322.0,1590.5,1720.0,1758.5,1849.0,1902.5,1930.0,1162.0,1095.0,966.0,1209.0,1432.0,1546.0,1551.0,1616.0,1696.0,1659.0,174.0,145.0,645.0,908.0,993.0,1080.0,795.0,851.0,805.0,649.0,326.0,245.0,618.0,924.0,928.0,1185.0,1010.0,1100.0,1044.0,856.0,494.0,399.0,604.0,897.0,836.0,1313.0,1262.0,1384.0,1276.0,1135.0,790.0,562.0,538.0,860.0,753.0,1414.0,1848.0,2040.0,1897.0,1873.0,789.5,506.5,292.0,559.5,423.0,960.5,1507.5,1762.0,1637.0,1529.5,1070.0,622.0,278.0,546.0,377.0,1009.0,2142.5,2539.0,2540.0,2390.0,1974.0,1651.0,703.0,869.0,1102.0,1237.0,1260.0,1318.0,1370.0,1434.0,1360.0,728.0,279.0,608.0,415.0,1060.0,2589.0,3160.0,3113.0,3051.0,1209.0,629.0,210.0,508.0,299.0,961.0,2478.0,3091.0,3076.0,2957.0,1203.0,612.0,210.0,508.0,278.0,957.0,2648.0,3191.0,3161.0,3186.0,1355.0,677.0,374.0,758.0,403.0,1228.0,2921.0,3401.0,3507.0,3445.0,1565.0,824.0,403.0,943.0,542.0,1590.0,3093.0,3541.0,3731.0,3689.0,1668.5,938.0,464.5,1041.0,672.5,1769.0,2916.5,3136.0,3278.5,3348.5,2088.0,1220.0,814.0,1341.0,1388.0,2200.0,2753.0,2973.0,3221.0,3255.0,2354.5,1514.0,751.0,1272.5,1459.0,2196.5,2614.0,2823.5,3062.0,3168.0,3081.5,2151.0,957.0,1431.5,1899.5,2388.5,2664.5,2904.0,3240.0,3255.5,3425.0,2424.0,1125.0,1560.0,2247.0,2628.0,2749.0,2958.0,3088.0,3221.0,1828.0,1535.0,508.0,736.0,1004.0,1113.0,1135.0,1221.0,1321.0,1388.0,3397.0,2424.0,908.0,1265.0,1787.0,2110.0,2202.0,2395.0,2636.0,2708.0,3257.5,2454.0,965.0,1257.5,1751.0,2026.0,2133.5,2293.5,2512.0,2584.0,2840.5,2305.5,714.5,927.5,1258.0,1428.0,1515.5,1645.5,1862.5,1889.5,2934.0,2374.0,766.0,953.0,1271.0,1438.0,1526.0,1656.0,1860.0,1922.0,2467.0,1568.0,594.0,768.0,1047.0,1193.0,1323.0,1410.0,1640.0,1597.0,927.0,829.0,809.0,701.0,746.0,812.0,878.0,972.0,976.0,984.0,1712.0,1393.0,573.0,760.0,958.0,1053.0,1093.0,1144.0,1249.0,1238.0,1917.0,1644.0,680.0,850.0,1029.0,1144.0,1168.0,1219.0,1327.0,1319.0,2389.0,2056.0,856.0,1079.0,1355.0,1484.0,1520.0,1607.0,1691.0,1674.0,1955.0,1653.0,1031.0,1255.0,1407.0,1470.0,1478.0,1482.0,1826.0,1525.0,1955.0,1653.0,608.0,769.0,998.0,1103.0,1100.0,1176.0,1248.0,1296.0,1991.0,1734.0,726.0,867.0,1076.0,1171.0,1190.0,1284.0,1354.0,1389.0,2205.5,1940.5,833.5,1035.5,1265.5,1376.5,1414.0,1476.0,1592.5,1589.0,"{""type"":""MultiPoint"",""coordinates"":[]}"
491_0,3,1764.5,1436.0,654.5,802.0,1024.5,1143.5,1171.0,1250.5,1346.0,1335.0,2204.0,1877.5,793.5,1013.5,1243.0,1356.0,1426.0,1494.0,1583.5,1582.5,2267.0,1954.5,794.0,1043.5,1316.5,1448.5,1475.5,1556.5,1632.5,1660.0,2635.0,2283.5,1081.5,1389.0,1698.0,1833.5,1887.5,1940.0,2044.0,2027.5,2098.0,1731.0,956.0,1183.0,1441.0,1530.0,1557.0,1618.0,1725.0,1693.0,355.0,308.0,639.0,837.0,913.0,1091.0,932.0,1054.0,1002.0,898.0,403.0,363.0,587.0,864.0,877.0,1091.0,932.0,1054.0,1002.0,898.0,897.0,733.0,580.0,886.0,751.0,1155.0,1626.0,1737.0,1714.0,1588.0,1620.0,918.0,423.0,730.0,459.0,1075.0,2716.0,3178.0,3220.0,3257.0,1853.5,972.0,282.0,649.5,295.0,1032.5,3291.5,4164.0,4172.5,4234.5,1676.5,821.0,156.5,502.5,188.0,870.0,3252.5,4475.5,4516.5,4532.5,1978.0,1615.0,722.0,897.0,1122.0,1280.0,1262.0,1346.0,1445.0,1413.0,1637.0,801.0,204.0,524.0,210.0,856.0,3285.0,4553.0,4568.0,4723.0,1614.0,791.0,149.0,540.0,295.0,993.0,3440.0,4681.0,4769.0,4815.0,1674.0,828.0,300.0,748.0,482.0,1333.0,3571.0,4662.0,4817.0,4929.0,1768.0,930.0,458.0,984.0,730.0,1821.0,3617.0,4420.0,4505.0,4592.0,1791.5,1009.0,522.5,1035.5,871.0,1905.5,3296.0,3804.0,4091.0,4071.0,1992.0,1202.5,565.0,1109.5,1141.0,2113.5,3055.5,3374.5,3630.5,3768.5,2372.0,1433.0,931.5,1447.5,1623.5,2349.5,3052.0,3329.0,3664.0,3731.5,2635.5,1732.0,898.5,1440.0,1784.0,2549.0,3080.5,3416.5,3745.5,3785.0,3534.5,2441.5,1158.5,1635.5,2175.5,2713.5,3073.5,3375.0,3720.0,3786.0,3375.0,2329.0,1090.0,1556.0,2227.0,2578.0,2740.0,2968.0,3199.0,3271.0,1886.0,1555.0,560.0,781.0,1044.0,1151.0,1195.0,1264.0,1348.0,1369.0,3264.0,2329.0,964.0,1363.0,1895.0,2332.0,2378.0,2582.0,2730.0,2910.0,3059.5,2200.5,976.0,1295.5,1743.5,2050.0,2182.5,2329.5,2566.5,2581.5,2753.5,2099.0,738.0,967.5,1284.5,1515.0,1620.0,1747.0,1897.5,1937.0,2842.0,2240.0,831.0,1011.0,1325.0,1586.0,1615.0,1780.0,1878.0,1952.0,1654.0,1362.0,461.0,623.0,864.0,972.0,1038.0,1054.0,1200.0,1187.0,632.0,559.0,283.0,410.0,510.0,509.0,559.0,602.0,619.0,676.0,1610.0,1285.0,528.0,713.0,872.0,961.0,987.0,1035.0,1143.0,1182.0,1610.0,1429.0,561.0,637.0,777.0,914.0,952.0,994.0,1006.0,1090.0,2215.0,1886.0,756.0,955.0,1177.0,1284.0,1315.0,1404.0,1507.0,1520.0,1930.0,1612.0,969.0,1085.0,1080.0,1138.0,1147.0,1219.0,1401.0,1226.0,1804.5,1505.5,595.5,733.5,914.5,1003.0,996.5,1059.5,1153.0,1167.0,2186.5,1878.0,841.0,994.5,1185.0,1280.0,1309.5,1376.0,1472.5,1497.0,2190.5,1889.5,858.5,1035.5,1225.5,1324.0,1378.5,1450.5,1547.0,1541.5,"{""type"":""MultiPoint"",""coordinates"":[]}"
492_0,3,2153.0,1780.0,626.5,834.5,1131.5,1300.5,1349.0,1406.0,1555.5,1564.0,2561.5,2180.5,989.5,1303.0,1640.5,1774.5,1824.0,1897.5,2028.0,1989.5,2570.0,2173.0,928.5,1234.5,1581.5,1711.5,1749.0,1820.0,1958.5,1925.0,2452.5,2124.0,871.5,1153.5,1477.5,1595.5,1647.0,1723.5,1826.0,1804.5,230.0,205.0,574.5,846.0,920.0,1064.5,874.0,943.5,874.0,824.0,283.0,223.5,703.5,923.0,1025.5,1171.5,1086.0,1160.5,1174.5,1074.5,431.5,382.0,568.0,872.5,812.5,1128.0,1096.0,1149.5,1067.5,990.0,1067.0,702.0,405.5,776.5,460.0,1094.0,2064.5,2250.0,2291.0,2130.0,1534.5,776.5,230.5,586.0,226.5,975.5,3410.0,4152.5,4149.0,4166.5,1712.0,904.0,202.0,618.0,424.5,1196.5,3074.0,3813.5,4053.0,4288.5,1860.5,1015.5,268.0,616.0,480.5,1218.0,2860.0,3588.0,3895.0,4095.5,2422.5,2063.5,706.5,956.5,1274.5,1414.0,1486.5,1600.0,1670.5,1734.0,1800.0,954.5,239.5,567.5,410.5,1088.5,2756.0,3388.5,3630.5,3843.0,1607.0,796.0,162.0,501.0,311.0,953.0,2771.0,3416.0,3640.5,3882.5,1516.0,766.0,223.0,552.0,266.5,974.0,2822.0,3514.5,3571.0,3829.0,1829.5,920.5,474.5,971.0,509.0,1567.0,3454.0,4008.5,4145.0,4282.0,1860.5,978.5,458.5,1063.0,640.5,1764.0,3385.0,3837.5,4052.5,4079.0,1998.0,1131.0,530.0,1208.0,921.0,2165.0,3249.0,3556.0,3765.0,3977.0,2361.0,1338.0,835.0,1491.5,1429.5,2560.0,3327.5,3622.5,3899.5,4127.0,2635.0,1655.5,844.0,1468.0,1634.5,2697.5,3108.5,3399.5,3777.5,3906.5,3981.5,2639.5,1048.5,1538.5,2083.0,2720.0,3066.0,3360.5,3759.0,3893.0,2157.5,1629.5,693.5,971.5,1367.0,1557.5,1630.5,1744.5,1836.5,1956.5,2265.5,1887.5,606.5,841.5,1190.5,1343.5,1370.5,1501.0,1621.5,1626.5,2306.0,1785.0,716.0,995.5,1358.5,1548.5,1636.0,1743.0,1856.0,1941.0,2413.5,1906.5,826.0,1069.5,1380.0,1571.0,1631.0,1740.5,1848.0,1922.5,2209.5,1798.5,664.0,863.0,1138.0,1288.0,1352.0,1438.0,1551.0,1581.5,2171.5,1758.0,749.0,931.0,1211.0,1373.5,1447.0,1510.5,1620.0,1681.5,1963.0,1554.5,561.0,707.5,929.5,1050.0,1120.5,1225.0,1351.0,1369.5,0.0,0.0,0.0,0.0,0.0,0.0,0.0,0.0,0.0,0.0,1993.5,1608.0,553.5,792.0,1037.5,1184.5,1199.0,1340.5,1441.5,1448.5,2124.0,1778.5,827.5,925.0,1114.0,1209.5,1267.0,1365.5,1493.0,1469.5,2430.0,2070.0,772.5,1008.5,1272.0,1424.5,1513.0,1590.0,1727.0,1694.0,2476.5,2062.0,806.0,1009.0,1306.0,1423.5,1519.0,1578.0,1762.5,1772.5,2366.0,1935.5,826.5,994.0,1234.0,1330.0,1416.5,1506.0,1650.0,1625.0,2228.5,1886.5,683.0,937.0,1218.0,1334.0,1394.5,1460.5,1617.0,1567.5,2321.0,1976.0,791.5,1037.5,1348.0,1433.0,1507.0,1621.0,1748.5,1708.0,"{""type"":""MultiPoint"",""coordinates"":[]}"
493_0,3,1590.5,1343.5,514.0,655.5,863.5,964.0,963.0,1034.0,1110.5,1120.5,2425.0,2140.0,948.5,1221.5,1454.0,1580.0,1600.5,1643.5,1762.5,1749.0,2340.0,2049.5,834.0,1111.0,1339.5,1455.5,1452.0,1526.0,1614.5,1626.5,235.5,222.0,570.0,789.0,864.5,983.5,691.0,770.5,716.0,593.5,291.0,252.0,638.0,897.0,958.0,1141.0,854.0,856.0,790.0,725.0,490.0,445.0,897.0,1162.0,1234.0,1402.0,1182.0,1227.0,1165.0,1148.0,403.0,252.0,507.0,822.0,746.0,1104.0,1082.0,1158.0,1116.0,955.0,698.0,514.0,507.0,763.0,657.0,1113.0,1344.0,1584.0,1338.0,1339.0,683.0,459.0,331.0,573.0,407.0,944.0,1442.0,1679.0,1625.0,1463.0,928.5,518.5,185.5,403.5,207.5,704.5,2261.0,2770.5,2731.5,2653.0,1226.0,658.5,170.0,386.0,232.0,760.0,2310.0,2982.5,3062.0,3090.5,1814.0,1564.5,655.0,818.0,1023.5,1115.0,1132.0,1197.0,1306.5,1306.5,1547.0,823.0,238.0,421.0,333.0,824.0,2445.0,3140.0,3169.0,3338.0,1615.0,873.0,180.0,477.0,288.0,916.0,2689.0,3409.0,3536.0,3589.0,1615.0,873.0,296.0,707.0,465.0,1248.0,2798.0,3443.0,3521.0,3631.0,1669.0,939.0,495.0,924.0,766.0,1654.0,2749.0,3110.0,3251.0,3338.0,2039.0,1229.0,527.0,977.0,971.0,1735.0,2594.0,2935.0,3171.0,3278.0,2293.0,1402.5,594.0,1008.0,1108.0,1811.0,2534.0,2816.5,3101.0,3221.0,3868.5,2666.0,1052.5,1400.0,1794.5,2222.0,2563.0,2849.5,3142.5,3318.5,3128.0,2358.5,879.5,1170.5,1539.0,1785.0,1993.5,2144.5,2304.0,2371.0,2691.0,2154.0,705.0,963.0,1365.0,1588.0,1667.0,1806.0,1978.0,2059.0,1975.5,1544.5,512.0,678.0,942.0,1154.5,1187.0,1375.5,1339.5,1495.0,1760.5,1501.5,565.5,744.0,963.5,1043.5,1058.0,1127.0,1248.5,1264.5,2235.0,1755.0,586.0,752.0,1037.0,1267.0,1294.0,1394.0,1438.0,1581.0,2049.0,1679.5,659.0,794.5,1024.0,1190.0,1251.0,1358.0,1374.5,1485.5,1719.5,1488.0,450.5,623.0,828.5,907.0,939.5,1024.5,1130.5,1102.0,1880.5,1680.0,575.0,725.5,926.5,1009.5,1027.0,1096.0,1179.5,1186.5,1477.0,1321.0,394.0,502.0,668.0,753.0,771.0,839.0,916.0,898.0,0.0,0.0,0.0,0.0,0.0,0.0,0.0,0.0,0.0,0.0,1914.0,1653.0,634.0,845.0,1056.0,1156.0,1162.0,1237.0,1328.0,1320.0,289.0,229.0,246.0,204.0,202.0,206.0,217.0,214.0,220.0,229.0,2306.0,2050.0,838.0,1084.0,1322.0,1433.0,1433.0,1497.0,1595.0,1595.0,1971.0,1710.0,1005.0,1220.0,1451.0,1554.0,1602.0,1674.0,1795.0,1759.0,1918.0,1699.0,660.0,794.0,997.0,1084.0,1073.0,1137.0,1220.0,1244.0,1918.0,1699.0,668.0,827.0,997.0,1084.0,1122.0,1186.0,1274.0,1266.0,2077.5,1861.0,721.5,928.0,1120.0,1210.5,1242.0,1320.5,1413.5,1411.0,"{""type"":""MultiPoint"",""coordinates"":[]}"
494_0,3,1842.0,1533.0,565.0,721.0,957.0,1086.0,1124.0,1190.0,1307.0,1319.0,2462.0,2075.5,975.5,1277.0,1572.0,1691.5,1752.0,1824.5,1929.5,1912.5,2470.0,2068.0,898.5,1183.0,1502.0,1630.5,1657.0,1741.0,1840.0,1850.0,2386.0,2039.0,898.0,1170.0,1466.0,1596.0,1622.5,1695.0,1775.0,1778.5,237.0,193.0,777.0,1004.5,1077.0,1201.5,1025.5,1067.0,1079.5,945.5,210.0,187.5,705.0,992.0,1038.0,1181.0,939.5,1031.0,1000.5,855.5,430.5,366.5,555.0,850.5,782.0,1223.0,1104.0,1175.5,1057.0,959.5,1005.5,738.0,416.0,799.0,475.0,1181.0,1985.5,2184.0,2128.0,1969.5,1507.0,819.0,265.0,679.0,276.5,1085.5,3307.0,3922.0,3909.0,3826.0,1694.0,918.0,229.0,684.5,387.0,1282.0,3137.5,3785.5,3960.0,4070.0,1737.5,946.5,264.5,652.0,454.5,1257.5,2891.5,3532.0,3734.5,3821.0,2165.5,1827.5,620.0,845.0,1123.5,1293.5,1299.0,1380.0,1468.5,1517.5,1670.5,883.5,230.0,595.0,412.5,1173.5,2804.5,3440.0,3654.5,3778.0,1488.5,741.0,159.5,516.0,312.0,1027.0,2816.5,3469.5,3661.5,3806.0,1417.5,717.0,227.5,571.5,271.5,999.5,2843.5,3460.5,3579.5,3770.5,1759.5,895.0,473.5,1012.0,513.5,1603.0,3442.0,3966.5,4156.0,4184.5,1798.5,951.0,469.5,1094.5,665.5,1852.5,3337.0,3750.0,3995.0,3992.0,1920.0,1086.0,539.0,1243.0,976.0,2197.0,3160.0,3427.0,3669.0,3766.0,2241.0,1264.5,830.0,1527.0,1448.0,2619.0,3261.0,3514.5,3828.5,3906.5,2660.5,1602.0,855.5,1485.0,1767.5,2530.5,2983.0,3244.0,3603.5,3660.0,3732.0,2498.5,1030.0,1490.0,2041.5,2510.0,2751.5,3051.0,3461.5,3554.0,1926.5,1470.5,560.0,795.5,1128.5,1328.5,1391.5,1507.0,1558.0,1644.5,1992.0,1692.0,523.5,755.5,1037.5,1128.5,1220.5,1274.5,1407.5,1393.0,2042.0,1616.5,581.0,820.5,1139.5,1331.0,1379.0,1488.0,1557.5,1619.0,2239.0,1783.5,786.0,965.0,1245.0,1421.5,1469.5,1572.5,1657.5,1742.5,1972.5,1631.0,601.5,761.5,991.5,1125.5,1151.0,1247.5,1342.0,1367.0,2132.5,1828.0,681.0,829.5,1058.5,1205.5,1223.5,1337.5,1390.5,1447.0,1749.0,1479.5,472.0,588.0,822.5,912.5,972.5,1050.5,1166.0,1182.0,0.0,0.0,0.0,0.0,0.0,0.0,0.0,0.0,0.0,0.0,1562.5,1176.0,428.5,596.0,804.0,907.0,959.5,1041.0,1141.5,1138.0,1796.0,1495.5,609.5,756.0,923.5,1026.5,1080.0,1124.0,1228.5,1240.0,2248.0,1892.0,735.5,975.5,1207.5,1336.5,1382.0,1478.0,1589.0,1574.0,2246.5,1883.5,785.0,954.0,1216.5,1326.0,1323.5,1440.5,1589.5,1552.5,2117.0,1747.5,783.0,888.0,1105.5,1226.0,1243.5,1357.5,1432.5,1463.5,2082.0,1772.0,682.0,870.0,1110.5,1223.0,1257.5,1369.5,1445.0,1467.0,2233.0,1933.5,786.5,1029.5,1300.0,1440.5,1490.0,1552.0,1647.0,1642.0,"{""type"":""MultiPoint"",""coordinates"":[]}"
495_0,3,2985.5,2360.5,792.0,894.5,1202.5,1356.0,1474.5,1644.5,1773.0,1883.5,2054.0,1909.0,632.0,852.0,1129.0,1255.0,1314.0,1378.0,1482.0,1521.0,2288.0,2193.0,796.0,1013.0,1326.0,1464.0,1505.0,1583.0,1665.0,1715.0,743.0,724.5,516.0,685.5,863.0,974.0,904.0,951.5,827.5,835.5,348.0,325.0,705.0,765.0,778.0,848.0,648.0,708.0,679.0,546.0,348.0,318.0,359.0,587.0,545.0,773.0,648.0,708.0,679.0,546.0,568.0,457.0,336.0,549.0,420.0,849.0,1009.0,1109.0,1004.0,947.0,1313.0,788.0,296.0,635.0,384.0,932.0,1841.0,2097.0,2093.0,2165.0,1111.0,616.0,85.0,345.0,139.0,598.0,2005.0,2487.0,2449.0,2416.0,1269.5,604.5,37.5,260.5,39.0,494.0,2359.5,3369.0,3360.0,3428.0,1193.5,550.0,5.0,179.5,4.5,395.5,2376.0,3576.5,3623.5,3629.5,3573.5,3142.5,2107.5,2090.0,2246.5,2456.5,2525.5,2637.5,2860.5,2824.0,1222.5,566.5,5.0,174.5,1.0,399.5,2492.0,3978.5,4018.0,4096.5,1177.0,534.5,55.0,365.5,84.0,685.5,2768.5,4142.0,4218.0,4315.5,1244.0,567.0,463.0,765.0,516.0,1151.0,3117.0,4117.0,4157.0,4328.0,1323.0,699.0,620.0,990.0,810.0,1608.0,3028.0,3594.0,3774.0,3827.0,1394.0,794.0,517.0,954.0,818.0,1704.0,2724.0,3127.0,3389.0,3433.0,1729.0,991.0,491.0,999.0,1050.0,1886.0,2730.0,3046.0,3253.0,3338.0,4309.0,3066.5,1128.0,1586.5,2264.5,2786.5,3087.5,3352.0,3614.0,3773.0,4297.5,3195.5,1123.5,1549.0,2271.5,2677.0,2837.0,3105.0,3388.5,3494.0,3573.0,2887.0,981.0,1396.0,2019.0,2306.0,2503.0,2703.0,2985.0,3000.0,3311.5,2402.5,891.5,1241.0,1776.5,2087.0,2216.5,2392.0,2536.5,2681.5,3359.5,2698.0,671.5,897.0,1276.0,1452.0,1510.0,1647.5,1905.5,1977.5,3670.5,2872.5,895.5,1185.0,1621.0,1910.0,2027.0,2202.5,2334.0,2492.5,4694.0,4110.5,2596.0,2772.0,3092.5,3421.5,3523.5,3647.0,3790.5,3849.0,3303.0,2753.5,893.5,1035.0,1296.5,1522.5,1663.5,1792.5,1931.0,2028.0,3173.0,2652.0,851.5,1005.5,1245.5,1468.0,1636.0,1757.0,1881.0,1973.5,1962.5,1441.0,441.5,621.0,870.0,1074.5,1191.5,1319.0,1453.0,1535.5,0.0,0.0,0.0,0.0,0.0,0.0,0.0,0.0,0.0,0.0,3683.0,2952.0,947.0,1288.0,1790.0,1941.0,2080.0,2153.0,2459.0,2569.0,3990.0,3346.0,1270.0,1526.0,2004.0,2221.0,2453.0,2556.0,2891.0,2906.0,3616.0,3031.0,1065.0,1345.0,1848.0,2102.0,2149.0,2285.0,2497.0,2573.0,2722.5,2317.0,806.5,977.5,1315.0,1439.5,1493.0,1597.5,1788.0,1776.5,1747.0,1565.0,488.0,624.0,887.0,978.0,925.0,1027.0,1110.0,1115.0,1772.0,1607.0,503.5,658.0,918.5,1004.5,1026.0,1106.0,1206.0,1217.5,1847.5,1695.0,555.0,729.0,989.5,1085.5,1119.0,1205.5,1301.5,1296.0,"{""type"":""MultiPoint"",""coordinates"":[]}"
496_0,3,2642.0,1935.0,733.0,862.0,1173.0,1383.0,1459.0,1646.0,1746.0,1963.0,2214.0,2033.0,643.0,909.0,1218.0,1334.0,1382.0,1453.0,1585.0,1583.0,2451.0,2320.0,776.0,1033.0,1381.0,1496.0,1577.0,1646.0,1763.0,1757.0,1131.5,1095.0,484.5,640.0,820.5,892.0,815.0,849.5,904.0,850.5,264.0,246.0,399.0,563.0,648.0,747.0,670.0,723.0,710.0,573.0,357.0,328.0,373.0,597.0,555.0,820.0,670.0,723.0,710.0,573.0,498.0,404.0,244.0,526.0,345.0,779.0,848.0,950.0,867.0,810.0,1352.0,785.0,244.0,565.0,319.0,872.0,2000.0,2418.0,2385.0,2329.0,1162.0,625.0,148.0,375.0,176.0,631.0,1955.0,2418.0,2387.0,2317.0,1172.0,578.5,68.0,296.5,74.0,547.5,2190.0,2890.0,2858.5,2905.0,1179.5,561.0,24.5,207.0,22.5,416.0,2265.0,3251.5,3338.0,3355.0,3357.0,2669.5,1549.5,1595.0,1786.0,1969.5,2170.5,2290.0,2420.0,2518.0,1299.5,602.0,20.5,212.0,3.5,444.5,2671.0,4028.5,4060.0,4108.0,1279.0,593.5,110.0,473.0,133.0,890.0,3062.0,4255.0,4319.5,4372.5,1316.0,624.0,456.0,848.0,566.0,1293.0,3302.0,4173.0,4184.0,4372.0,1392.0,769.0,683.0,1116.0,992.0,1866.0,3140.0,3555.0,3759.0,3782.0,1572.0,904.0,632.0,1116.0,1004.0,1921.0,2893.0,3250.0,3499.0,3485.0,1963.0,1151.0,620.0,1168.0,1241.0,2136.0,2902.0,3250.0,3410.0,3521.0,4494.5,3254.5,1210.5,1667.0,2347.0,2815.5,3142.5,3412.0,3700.5,3857.0,4285.5,3231.0,1135.0,1547.5,2251.5,2584.5,2817.0,3061.0,3381.0,3436.0,3893.0,2814.0,1035.0,1396.0,1975.0,2268.0,2445.0,2683.0,3044.0,3052.0,3431.0,2572.0,876.5,1194.0,1670.0,1961.0,2080.0,2282.5,2469.5,2580.0,3388.5,2663.0,686.0,905.0,1306.5,1515.0,1633.0,1760.0,2031.5,2083.0,3600.0,2886.0,808.0,1081.5,1445.0,1703.0,1887.5,2068.5,2196.0,2326.5,4547.0,3979.5,2319.0,2502.0,2772.5,3105.0,3295.0,3429.5,3558.5,3562.0,3259.5,2752.5,829.0,941.0,1159.0,1392.0,1581.0,1724.5,1857.0,1962.5,3125.0,2627.0,777.5,923.0,1107.5,1344.0,1536.0,1678.5,1821.0,1902.5,2159.5,1582.0,420.5,600.5,821.5,1023.0,1176.5,1317.0,1498.0,1545.5,0.0,0.0,0.0,0.0,0.0,0.0,0.0,0.0,0.0,0.0,3646.0,2784.0,797.0,1077.0,1589.0,1814.0,1875.0,2059.0,2267.0,2380.0,2676.0,2173.0,899.0,1160.0,1618.0,1858.0,1923.0,2100.0,2267.0,2455.0,3590.0,2838.0,924.0,1191.0,1642.0,1866.0,1985.0,2108.0,2368.0,2451.0,2035.5,1633.5,593.5,681.0,907.0,993.5,1057.5,1166.0,1318.5,1334.5,1388.0,1181.0,425.0,556.0,742.0,812.0,857.0,945.0,1059.0,1045.0,1949.5,1773.0,603.0,781.5,1039.0,1152.0,1230.5,1299.5,1435.0,1429.0,1999.5,1847.0,580.0,785.5,1063.5,1170.0,1235.5,1310.5,1424.5,1435.0,"{""type"":""MultiPoint"",""coordinates"":[]}"
497_0,3,2481.5,2012.0,744.0,907.0,1233.5,1407.0,1454.5,1534.0,1671.0,1739.0,2193.5,1884.5,730.5,913.5,1192.5,1294.5,1368.0,1416.0,1557.0,1575.0,2393.0,2095.5,832.5,1073.5,1381.0,1503.0,1530.5,1600.0,1713.0,1721.0,2519.5,2206.0,873.5,1126.0,1454.5,1589.5,1634.5,1732.5,1816.0,1842.5,1029.0,972.0,827.0,1043.0,1317.0,1423.0,1458.0,1436.0,1336.0,1401.0,313.0,267.0,574.0,753.0,799.0,948.0,937.0,959.0,954.0,776.0,595.0,423.0,574.0,753.0,756.0,1015.0,1272.0,1371.0,1372.0,1270.0,1162.0,812.0,490.0,723.0,488.0,987.0,1756.0,1902.0,1864.0,1786.0,1728.0,882.0,324.0,657.0,311.0,953.0,2980.0,3860.0,3662.0,3673.0,1899.0,930.5,262.5,597.0,283.5,935.0,3400.0,4517.5,4556.5,4816.5,1698.0,784.0,137.5,367.5,181.5,635.5,3061.0,4738.5,4796.5,5034.0,2731.0,2246.0,813.0,1008.0,1323.0,1511.0,1575.0,1635.0,1711.0,1849.0,1656.0,753.0,189.0,369.0,178.0,589.0,3058.0,4853.0,4842.0,5128.0,1514.0,690.0,102.0,364.0,196.0,624.0,3156.0,4960.0,5033.0,5240.0,1514.0,690.0,243.0,627.0,375.0,1092.0,3327.0,4947.0,5069.0,5297.0,1754.0,866.0,438.0,866.0,614.0,1542.0,3834.0,4883.0,5031.0,5296.0,1865.5,1001.0,497.0,997.5,754.5,1753.0,3780.0,4598.5,4935.0,5018.0,2420.5,1402.0,622.0,1253.0,1216.5,2307.0,3960.5,4491.5,4719.5,5017.0,3383.0,2122.0,1048.5,1655.0,2010.5,2981.5,4022.5,4527.5,4786.5,5142.0,4485.0,3089.0,1275.0,1776.0,2498.5,3136.5,3724.5,4041.5,4315.0,4576.0,3876.5,2777.0,1212.5,1691.5,2382.5,2881.5,3048.5,3329.5,3572.5,3702.0,3823.0,2598.0,1190.0,1644.0,2340.0,2819.0,3284.0,3358.0,3254.0,3822.0,2712.5,2248.5,793.5,987.0,1324.5,1482.5,1533.5,1629.5,1773.5,1805.5,3792.5,2625.5,1132.5,1540.5,2209.5,2713.0,3017.5,3068.5,3108.5,3519.0,3468.0,2423.5,1096.0,1401.5,1949.5,2376.5,2518.5,2735.5,2724.0,2910.0,3178.5,2505.0,865.0,1096.0,1447.5,1711.0,1784.0,1895.0,2048.5,2112.0,3263.0,2528.0,942.5,1118.0,1467.0,1647.5,1785.5,1892.5,2042.5,2084.0,1989.0,1466.0,596.0,741.0,1047.0,1224.0,1247.0,1316.0,1482.0,1502.0,0.0,0.0,0.0,0.0,0.0,0.0,0.0,0.0,0.0,0.0,2471.0,2121.0,714.0,903.0,1194.0,1304.0,1343.0,1412.0,1537.0,1595.0,2428.0,2084.0,804.0,897.0,1133.0,1289.0,1270.0,1335.0,1486.0,1500.0,2610.5,2209.0,817.0,1007.0,1277.0,1399.5,1422.0,1503.5,1641.0,1656.5,2717.0,2250.0,785.0,932.0,1226.0,1381.0,1339.0,1402.0,1511.0,1570.0,2736.5,2273.5,874.5,997.5,1259.0,1406.5,1413.0,1494.0,1608.5,1655.5,2740.0,2390.0,886.0,1056.0,1292.0,1432.0,1475.0,1578.0,1686.0,1732.0,2265.0,1939.0,701.0,919.0,1200.0,1318.0,1396.0,1428.0,1574.0,1605.0,"{""type"":""MultiPoint"",""coordinates"":[]}"
498_0,3,3234.0,2599.5,1637.0,1720.5,1921.0,2083.0,2343.0,2536.5,2733.5,2723.0,2260.0,2082.0,669.0,935.0,1250.0,1352.0,1424.0,1549.0,1625.0,1652.0,2494.0,2368.0,786.0,1060.0,1398.0,1548.0,1588.0,1701.0,1786.0,1837.0,1208.5,1155.5,527.0,707.5,862.5,955.5,850.5,905.5,940.0,893.5,448.0,400.0,717.0,810.0,808.0,927.0,741.0,770.0,770.0,626.0,369.0,302.0,285.0,509.0,436.0,709.0,721.0,742.0,702.0,626.0,621.0,487.0,290.0,632.0,315.0,839.0,1028.0,1135.0,1062.0,988.0,1168.0,741.0,283.0,632.0,315.0,997.0,2121.0,2339.0,2421.0,2257.0,1034.0,601.0,282.0,515.0,266.0,768.0,1716.0,2040.0,1947.0,1899.0,968.5,525.5,129.0,333.5,140.0,629.5,1785.0,2257.5,2156.0,2204.5,1026.0,506.0,63.0,258.5,68.5,482.5,1950.0,2676.5,2660.5,2658.0,3250.0,2627.0,792.0,1011.0,1426.0,1602.0,1651.0,1834.0,2108.0,2158.0,1261.5,599.5,53.0,270.5,44.0,547.5,2511.5,3501.0,3485.5,3538.5,1280.5,607.0,151.0,579.5,198.5,1000.5,2943.0,3776.5,3778.0,3865.0,1305.0,627.0,508.0,872.0,631.0,1378.0,3120.0,3747.0,3752.0,3923.0,1439.0,807.0,732.0,1150.0,1086.0,1927.0,2954.0,3317.0,3421.0,3471.0,1665.0,987.0,640.0,1143.0,1086.0,1927.0,2817.0,3067.0,3235.0,3280.0,2156.0,1306.0,682.0,1219.0,1330.0,2183.0,2908.0,3233.0,3390.0,3514.0,4522.5,3273.5,1243.0,1663.0,2327.5,2767.5,3166.0,3434.5,3729.0,3924.5,4289.0,3222.0,1105.5,1502.5,2148.0,2553.0,2805.5,3092.5,3373.5,3436.0,4004.0,2860.0,1021.0,1337.0,1798.0,2121.0,2418.0,2643.0,2912.0,3097.0,3393.0,2514.5,759.5,1067.0,1487.5,1846.5,2070.5,2257.0,2409.0,2580.0,3375.0,2676.0,736.0,1006.0,1403.0,1561.0,1651.0,1787.0,2052.0,2121.0,3436.0,2793.5,719.0,972.0,1261.0,1588.0,1851.5,2023.0,2122.5,2291.5,3288.0,2663.0,1467.5,1615.5,1796.5,2052.5,2319.5,2450.0,2587.5,2660.5,3112.0,2600.5,725.0,845.5,1005.0,1286.5,1553.5,1727.5,1834.5,1922.0,2965.0,2444.0,702.0,825.5,968.0,1248.0,1539.0,1696.5,1813.0,1872.5,2369.5,1753.5,415.5,603.5,790.0,1062.5,1304.5,1427.0,1619.0,1643.0,0.0,0.0,0.0,0.0,0.0,0.0,0.0,0.0,0.0,0.0,3755.0,2895.0,909.0,1223.0,1719.0,1943.0,2004.0,2161.0,2370.0,2476.0,2584.0,2020.0,980.0,1240.0,1615.0,1823.0,2013.0,2223.0,2370.0,2493.0,3602.0,2842.0,1000.0,1283.0,1623.0,1832.0,2047.0,2235.0,2427.0,2471.0,1998.0,1635.5,591.0,675.0,904.0,1003.0,1037.5,1161.5,1303.5,1307.0,916.0,779.0,297.0,364.5,503.5,543.5,546.0,589.5,678.5,667.0,2054.0,1897.0,609.0,795.0,1085.0,1193.0,1217.0,1304.0,1441.0,1437.0,2074.5,1908.5,604.0,816.5,1114.0,1229.5,1258.5,1356.0,1463.0,1472.5,"{""type"":""MultiPoint"",""coordinates"":[]}"
499_0,3,1718.0,1392.0,537.0,655.5,858.0,961.5,1043.5,1118.0,1229.0,1253.0,1812.5,1543.0,622.0,775.5,977.0,1074.5,1138.5,1224.0,1305.5,1321.5,1964.0,1689.5,761.0,966.5,1167.0,1275.5,1285.0,1340.5,1408.5,1443.5,2264.0,1981.5,937.0,1165.5,1395.5,1507.0,1519.5,1620.5,1689.0,1706.5,1293.0,1165.0,786.0,964.0,1189.0,1276.0,1311.0,1366.0,1453.0,1426.0,443.0,399.0,600.0,800.0,815.0,1016.0,799.0,867.0,776.0,789.0,566.0,417.0,606.0,859.0,828.0,1071.0,1093.0,1160.0,1131.0,1085.0,566.0,417.0,565.0,787.0,740.0,1001.0,1004.0,1146.0,1082.0,942.0,698.0,477.0,419.0,640.0,543.0,891.0,1198.0,1351.0,1316.0,1213.0,1438.5,799.0,269.0,563.5,309.0,891.5,2495.5,2984.0,2995.0,3059.0,1631.5,820.0,147.5,393.5,153.0,713.5,2811.5,3918.5,3929.0,3978.5,1866.0,1535.0,618.0,762.0,945.0,1081.0,1128.0,1217.0,1334.0,1378.0,1565.0,784.0,165.0,382.0,160.0,650.0,2899.0,4185.0,4215.0,4188.0,1558.0,759.0,108.0,391.0,181.0,762.0,3095.0,4479.0,4516.0,4602.0,1568.0,765.0,205.0,529.0,305.0,937.0,3222.0,4526.0,4618.0,4793.0,1633.0,773.0,435.0,890.0,590.0,1537.0,3496.0,4324.0,4463.0,4546.0,1801.0,1004.5,509.5,1029.5,741.0,1770.0,3569.5,4051.5,4385.0,4460.0,2257.0,1372.5,646.0,1296.5,1196.5,2347.0,3620.0,4096.0,4302.5,4371.5,2747.0,1721.5,915.5,1487.0,1651.5,2642.0,3545.0,3945.5,4194.0,4229.0,3079.5,1995.0,1003.5,1566.5,1890.0,2744.0,3415.0,3757.0,4085.5,4121.0,3786.0,2698.0,1109.0,1504.0,2050.0,2531.0,2939.0,3131.0,3513.0,3578.0,3644.0,2675.5,1167.0,1591.5,2307.5,2712.5,2780.0,3071.5,3229.5,3323.5,1881.0,1570.5,574.0,724.5,940.5,1023.0,1097.0,1201.5,1316.0,1301.0,3109.0,2377.5,961.0,1312.5,1843.5,2138.0,2235.5,2345.0,2601.0,2748.0,3085.5,2370.5,1028.0,1322.5,1798.5,1992.5,2112.5,2242.0,2483.0,2634.0,2710.5,2211.0,816.5,1014.0,1362.5,1508.0,1580.5,1668.0,1928.0,1968.0,2742.5,2254.0,871.0,1053.0,1384.5,1450.5,1561.5,1680.5,1922.5,1902.0,1591.0,1322.0,453.0,577.0,805.0,898.0,887.0,974.0,1122.0,1068.0,0.0,0.0,0.0,0.0,0.0,0.0,0.0,0.0,0.0,0.0,1534.0,1275.0,490.0,601.0,766.0,818.0,890.0,972.0,1079.0,1066.0,1658.0,1415.0,554.0,662.0,789.0,871.0,898.0,1002.0,1104.0,1133.0,2025.0,1745.0,645.0,829.0,1001.0,1108.0,1147.0,1226.0,1347.0,1373.0,2017.5,1711.0,722.5,835.5,1006.0,1119.5,1151.0,1251.0,1390.0,1328.5,1668.5,1393.0,505.0,585.5,751.5,838.5,856.0,944.5,1020.0,1038.5,2000.5,1724.0,690.0,827.0,970.5,1099.0,1232.0,1326.0,1416.5,1459.0,2025.0,1672.0,713.5,866.0,1006.0,1140.5,1302.0,1402.0,1520.0,1510.0,"{""type"":""MultiPoint"",""coordinates"":[]}"
500_0,3,282.0,238.0,257.0,355.0,459.0,546.5,422.0,442.5,428.5,363.0,1845.5,1534.5,628.5,802.5,970.0,1068.5,1172.0,1226.5,1308.0,1369.0,1941.0,1658.5,677.0,861.0,1051.5,1144.5,1176.0,1246.0,1320.0,1352.0,2177.5,1891.5,865.0,1095.5,1299.0,1393.5,1423.0,1467.5,1554.5,1574.0,2086.0,1865.0,957.0,1185.0,1349.0,1462.0,1440.0,1478.0,1555.0,1578.0,490.0,427.0,957.0,1185.0,1253.0,1318.0,989.0,952.0,920.0,777.0,405.0,346.0,640.0,875.0,878.0,1084.0,880.0,927.0,904.0,784.0,582.0,414.0,663.0,935.0,868.0,1140.0,1187.0,1274.0,1230.0,1131.0,744.0,566.0,467.0,766.0,591.0,1122.0,1484.0,1578.0,1493.0,1380.0,1067.5,636.0,256.0,523.0,309.5,962.0,2160.5,2599.5,2476.5,2351.5,1166.0,656.5,173.5,385.5,186.0,725.0,2496.0,3211.0,3198.0,3079.5,520.5,415.0,335.5,446.5,571.5,690.0,623.0,685.5,730.5,674.5,1616.0,810.0,233.5,461.0,280.0,811.5,2829.5,3987.0,4104.5,4308.0,1567.0,791.0,144.0,358.0,200.0,728.0,2848.0,4087.0,4296.0,4290.0,1600.0,770.0,146.0,397.0,214.0,807.0,2954.0,4299.0,4486.0,4568.0,1634.0,815.0,435.0,860.0,524.0,1479.0,3479.0,4437.0,4605.0,4615.0,1715.0,917.0,458.0,943.0,666.0,1661.0,3487.0,4068.0,4513.0,4393.0,1958.5,1115.5,529.0,1126.0,918.0,1987.0,3416.0,3882.5,4340.5,4311.0,3524.0,2521.0,1211.0,1621.0,1844.0,2500.0,3116.0,3466.0,3745.0,3862.0,3773.0,2700.0,1192.5,1633.5,2262.5,2666.0,2946.0,3234.5,3570.0,3588.0,3931.0,2720.0,1174.0,1641.0,2387.0,2753.0,2975.0,3335.0,3634.0,3580.0,4133.5,2896.5,1244.5,1727.5,2520.5,2976.5,3129.5,3395.0,3647.5,3776.5,390.0,297.0,385.0,552.0,640.0,720.0,634.0,655.0,713.0,659.0,3892.0,2847.0,1081.0,1520.0,2113.0,2621.0,2714.0,2869.0,2985.0,3254.0,3679.0,2760.0,1082.0,1413.0,1966.0,2252.5,2368.0,2587.5,2831.5,2880.5,2021.0,1615.0,654.5,794.5,1072.5,1230.0,1256.0,1345.5,1494.0,1470.5,637.0,526.0,469.0,526.0,662.0,763.0,721.0,768.0,746.0,727.0,256.0,206.0,129.0,224.0,204.0,347.0,300.0,326.0,347.0,285.0,0.0,0.0,0.0,0.0,0.0,0.0,0.0,0.0,0.0,0.0,331.0,268.0,296.0,425.0,494.0,548.0,418.0,488.0,495.0,460.0,331.0,270.0,285.0,361.0,453.0,554.0,511.0,608.0,612.0,603.0,1762.0,1189.0,576.0,774.0,919.0,1084.0,1183.0,1250.0,1425.0,1433.0,1618.0,986.0,509.0,668.0,866.0,1069.0,1139.0,1243.0,1373.0,1372.0,2945.0,2263.0,934.0,1207.0,1428.0,1683.0,1750.0,1837.0,2077.0,2062.0,3560.0,2919.0,1302.0,1593.0,1861.0,2070.0,2228.0,2348.0,2553.0,2481.0,3579.5,2940.0,1331.0,1609.5,1874.5,2119.5,2327.0,2475.0,2681.5,2663.0,"{""type"":""MultiPoint"",""coordinates"":[]}"
501_0,3,2119.0,1939.5,1438.5,1424.0,1495.5,1639.0,1705.5,1744.5,1846.5,1806.0,2526.0,2344.0,816.0,1110.0,1447.0,1601.0,1727.0,1797.0,1944.0,1955.0,2329.0,2089.0,638.0,932.0,1236.0,1401.0,1447.0,1595.0,1709.0,1701.0,1218.5,1095.5,463.5,648.5,781.5,934.5,838.5,933.0,936.5,899.5,1210.0,1050.5,525.0,720.5,848.5,998.0,945.0,1038.0,1051.0,1009.0,1308.0,1149.5,568.5,796.0,900.0,1105.0,1136.0,1259.0,1249.0,1206.0,1652.0,1326.0,480.0,792.0,807.0,1237.0,1505.0,1664.0,1646.0,1615.0,1701.0,1426.0,473.0,732.0,712.0,1089.0,1974.0,2184.0,2217.0,2373.0,1931.0,1347.0,418.0,676.0,683.0,1050.0,2298.0,2975.0,3061.0,3020.0,1899.5,1322.0,375.0,628.0,656.5,942.0,2444.0,3680.0,3740.5,3740.5,1961.5,1407.0,408.0,622.0,667.5,984.5,2416.0,3645.0,3820.5,3751.0,2124.5,1871.5,1268.5,1324.0,1389.0,1527.0,1629.5,1734.5,1717.5,1797.5,1986.5,1429.5,413.0,663.0,636.5,1031.0,2561.0,3778.5,3970.0,4034.0,2007.0,1413.5,465.5,951.0,758.5,1495.5,2953.0,3905.0,3948.5,3952.0,2141.0,1483.0,706.0,1034.0,990.0,1596.0,2917.0,3495.0,3636.0,3609.0,2062.0,1533.0,858.0,1198.0,1227.0,1796.0,2748.0,3163.0,3367.0,3355.0,2116.0,1548.0,760.0,1173.0,1227.0,1809.0,2660.0,2854.0,3154.0,3124.0,3637.0,2831.0,1146.0,1604.0,2228.0,2549.0,2673.0,3013.0,3378.0,3415.0,4002.0,2981.5,1204.5,1606.0,2143.0,2442.5,2787.5,3001.5,3301.0,3372.5,3574.0,2786.0,1084.0,1510.5,2140.5,2259.0,2644.0,2788.0,3213.0,3189.0,3156.0,2352.0,983.0,1291.0,1766.0,1864.0,2071.0,2249.0,2617.0,2498.0,1796.0,1298.0,663.5,774.0,1047.0,1313.0,1383.0,1518.5,1707.5,1789.0,1787.0,1371.0,447.0,592.0,704.0,823.0,1033.0,1183.0,1189.0,1279.0,2476.0,1918.0,629.0,929.0,1205.0,1435.0,1463.0,1744.0,1833.0,1813.0,2095.0,1900.0,1366.0,1411.0,1531.0,1717.0,1756.0,1877.0,1793.0,1910.0,1967.0,1632.5,511.0,661.0,798.5,1059.5,1175.5,1361.0,1450.5,1414.5,1949.0,1713.0,590.5,714.0,822.0,1083.0,1235.0,1317.0,1405.5,1458.0,1269.0,940.0,230.0,317.0,374.0,543.0,847.0,940.0,860.0,948.0,0.0,0.0,0.0,0.0,0.0,0.0,0.0,0.0,0.0,0.0,1295.0,912.0,258.0,434.0,529.0,720.0,992.0,1120.0,1253.0,1200.0,1362.0,1164.5,418.0,544.5,570.5,801.5,1047.5,1148.0,1116.5,1157.0,2125.5,1764.5,535.5,840.5,935.5,1272.5,1639.0,1769.0,1949.5,1814.5,2145.0,1723.5,618.0,883.0,990.5,1331.0,1679.5,1886.5,2030.0,2000.5,2089.0,1633.0,546.0,847.0,921.0,1277.0,1560.0,1608.0,1792.0,1792.0,2104.5,1860.0,614.0,822.5,1055.5,1207.0,1312.5,1450.0,1571.5,1542.0,2334.5,2173.5,680.0,928.5,1223.0,1382.5,1492.0,1617.0,1739.0,1715.5,"{""type"":""MultiPoint"",""coordinates"":[]}"
502_0,3,1907.0,1589.0,585.0,706.0,968.0,1084.5,1129.5,1195.5,1283.5,1335.0,2237.5,1858.0,754.5,938.0,1172.0,1337.5,1408.0,1480.5,1548.0,1599.0,2284.5,1960.0,824.5,1042.5,1317.0,1434.5,1437.0,1505.5,1560.0,1605.0,2523.5,2206.5,969.0,1232.5,1525.0,1671.5,1685.5,1759.0,1823.5,1857.0,1364.0,1298.0,970.0,1214.0,1290.0,1459.0,1428.0,1488.0,1554.0,1556.0,490.0,427.0,970.0,1269.0,1264.0,1459.0,1229.0,1217.0,1172.0,1024.0,420.0,337.0,594.0,774.0,784.0,983.0,974.0,1025.0,1051.0,922.0,595.0,397.0,543.0,772.0,699.0,983.0,1173.0,1237.0,1211.0,1189.0,815.0,582.0,426.0,707.0,526.0,903.0,1448.0,1587.0,1724.0,1558.0,1432.5,764.5,246.5,526.5,297.0,891.5,2573.5,3030.0,3119.0,3087.0,1540.5,773.5,157.5,403.0,171.0,711.0,2925.0,3846.5,3996.0,4102.0,2167.0,1808.0,662.0,820.0,1065.0,1212.0,1269.0,1293.0,1401.0,1434.0,1632.0,778.0,178.0,404.0,168.0,689.0,3252.0,4472.0,4638.0,4650.0,1655.0,775.0,97.0,435.0,191.0,847.0,3371.0,4633.0,4755.0,4868.0,1709.0,814.0,220.0,611.0,356.0,1143.0,3516.0,4682.0,4849.0,4972.0,1875.0,908.0,414.0,870.0,599.0,1577.0,3550.0,4365.0,4576.0,4783.0,1939.0,1074.0,444.5,910.5,709.0,1672.5,3416.5,4009.5,4282.5,4323.5,2173.0,1289.5,485.5,989.0,960.0,1951.0,3239.0,3645.5,3868.0,4093.5,2579.0,1538.5,745.5,1244.5,1299.0,2218.5,3244.0,3662.0,3919.5,4086.5,2918.0,1853.0,876.5,1366.5,1653.5,2428.5,3270.0,3564.5,3895.5,4039.0,4077.0,2787.0,1120.0,1533.0,2107.0,2612.0,2945.0,3205.0,3599.0,3688.0,3660.0,2623.5,1073.0,1495.5,2207.5,2584.5,2959.0,3154.5,3219.0,3456.0,2139.0,1802.0,620.5,779.5,1044.5,1197.0,1201.5,1306.5,1397.0,1449.5,3816.5,2731.0,964.0,1342.5,1914.0,2320.5,2493.5,2565.0,2791.0,3014.0,3558.0,2615.0,971.0,1242.5,1743.5,2044.5,2188.0,2383.5,2469.5,2659.0,3159.0,2560.5,770.5,975.5,1345.5,1520.0,1656.5,1730.0,1924.0,2023.5,3269.5,2607.0,808.5,969.5,1327.0,1511.5,1636.0,1732.0,1900.0,1988.0,1613.0,1258.0,393.0,513.0,726.0,855.0,861.0,900.0,1044.0,1065.0,0.0,0.0,0.0,0.0,0.0,0.0,0.0,0.0,0.0,0.0,1594.0,1255.0,509.0,629.0,820.0,905.0,909.0,994.0,1080.0,1118.0,1771.0,1455.0,574.0,666.0,836.0,955.0,983.0,1030.0,1099.0,1120.0,2310.0,1943.0,792.0,970.0,1186.0,1345.0,1389.0,1435.0,1544.0,1565.0,2263.0,1877.5,827.0,950.0,1171.5,1293.5,1335.0,1401.0,1509.0,1537.5,1913.5,1566.5,571.5,707.0,901.0,1025.0,1025.5,1078.5,1162.5,1215.0,2273.0,1910.5,773.0,919.5,1116.0,1254.0,1366.5,1453.0,1539.0,1586.0,2368.0,1984.0,814.0,1021.0,1213.0,1364.0,1468.0,1560.0,1663.0,1667.0,"{""type"":""MultiPoint"",""coordinates"":[]}"
503_0,3,1932.5,1616.5,761.5,916.0,1177.5,1297.0,1338.5,1355.0,1493.5,1520.0,2436.5,2102.5,912.5,1153.5,1429.0,1565.0,1610.5,1678.5,1774.0,1788.5,2530.0,2180.5,905.0,1125.5,1435.5,1572.0,1536.0,1629.0,1745.5,1767.0,689.0,661.0,675.5,880.5,1017.0,1180.0,1085.0,1175.0,1063.5,1083.0,253.5,236.5,470.5,608.0,653.5,774.0,625.5,703.0,686.5,628.5,365.0,301.0,526.0,713.0,697.5,908.0,853.5,940.5,938.0,828.5,671.5,534.0,430.5,736.0,503.0,997.0,1258.0,1373.0,1344.0,1251.5,1663.0,882.5,333.5,708.5,334.0,1030.5,3254.0,3679.5,3904.5,3604.5,1814.5,939.5,222.5,603.5,267.0,996.5,3470.5,4555.5,4646.0,4713.5,1799.0,936.5,209.5,543.5,292.0,923.5,3206.0,4464.0,4619.0,4748.0,1729.5,862.5,159.5,389.5,213.5,655.0,2902.5,4465.0,4645.0,4825.5,2243.5,1860.0,810.5,1027.0,1305.0,1445.0,1455.5,1564.5,1588.5,1702.5,1734.5,859.5,184.0,421.0,251.0,708.5,2973.0,4574.0,4799.5,4991.0,1678.0,838.0,239.5,690.5,365.0,1195.0,3502.5,4727.0,4994.0,5108.5,1769.0,930.0,429.0,885.0,584.5,1446.5,3625.0,4559.5,4822.0,4984.0,2040.5,1140.0,651.5,1137.5,983.5,1889.5,3514.0,4252.5,4489.0,4693.5,2490.5,1474.5,805.0,1351.5,1430.5,2411.5,3605.0,4166.5,4568.0,4650.0,3458.0,2249.0,1164.0,1709.0,2372.0,3060.0,3872.0,4299.0,4678.0,4902.0,4234.5,3009.0,1319.5,1791.0,2574.0,2976.0,3231.0,3592.5,3953.0,4061.5,4214.5,2969.5,1316.5,1810.5,2647.0,3060.0,3343.5,3560.5,3985.5,4146.0,3469.0,2659.0,1196.5,1575.5,2218.0,2579.0,2630.5,2977.0,3343.5,3306.0,2238.5,1684.0,890.0,1183.0,1625.0,1748.5,1766.0,1909.0,2105.5,2142.5,2092.5,1712.5,696.5,922.0,1179.5,1314.5,1328.0,1408.5,1506.5,1542.5,2488.5,1928.5,973.0,1273.5,1686.0,1788.5,1937.5,2009.5,2171.5,2227.5,2459.0,1915.0,1051.5,1310.5,1658.5,1792.0,1826.0,2004.5,2161.0,2136.5,2196.0,1781.0,807.5,998.5,1282.0,1403.0,1427.5,1555.0,1697.0,1671.0,1761.0,1502.0,614.0,731.0,946.0,1075.5,1103.0,1173.0,1281.5,1270.5,1298.5,1128.0,372.0,483.0,668.0,730.0,780.5,788.0,920.5,888.0,0.0,0.0,0.0,0.0,0.0,0.0,0.0,0.0,0.0,0.0,2249.5,1892.5,734.0,939.5,1197.5,1333.0,1311.5,1387.5,1523.5,1529.0,2601.0,2316.5,1295.5,1305.5,1389.0,1514.5,1698.5,1810.5,2039.5,1919.0,2301.5,1964.0,837.5,992.5,1254.5,1346.5,1429.0,1459.5,1595.5,1590.0,2310.5,1957.5,829.0,970.0,1185.0,1290.5,1307.5,1372.5,1453.0,1490.5,2310.5,1957.5,829.0,970.0,1185.0,1290.5,1307.5,1372.5,1453.0,1490.5,2061.0,1729.5,646.5,828.0,1064.5,1187.0,1222.5,1270.5,1408.0,1377.0,2189.5,1937.0,715.5,898.5,1140.5,1256.5,1272.5,1398.0,1511.5,1486.0,"{""type"":""MultiPoint"",""coordinates"":[]}"
504_0,3,1798.0,1474.5,625.0,788.0,1020.5,1132.5,1156.0,1211.5,1325.5,1334.0,2453.5,2155.5,994.5,1287.0,1543.5,1675.0,1702.0,1765.5,1881.5,1863.0,2468.5,2156.0,911.0,1198.0,1461.0,1600.5,1629.5,1717.0,1782.5,1806.5,2547.0,2228.5,973.5,1271.5,1553.5,1696.5,1703.0,1792.5,1843.5,1897.0,639.0,629.0,1020.0,1258.0,1302.0,1428.0,1123.0,1180.0,1018.0,1003.0,416.0,379.0,1020.0,1258.0,1302.0,1428.0,1055.0,1037.0,1018.0,822.0,427.0,328.0,671.0,972.0,956.0,1259.0,1124.0,1161.0,1195.0,973.0,556.0,361.0,660.0,897.0,845.0,1259.0,1218.0,1320.0,1287.0,1281.0,551.0,357.0,431.0,698.0,607.0,1104.0,1262.0,1349.0,1285.0,1069.0,652.5,413.5,293.0,537.0,382.5,861.0,1382.5,1696.5,1659.0,1435.0,1077.5,605.0,267.5,513.0,336.5,885.0,2141.5,2690.5,2670.0,2596.5,2029.0,1725.0,754.5,931.5,1167.5,1293.5,1299.0,1380.5,1453.0,1491.5,1265.0,688.0,281.0,521.0,352.0,870.0,2395.0,3129.0,2987.0,3065.0,1144.0,596.0,155.0,386.0,234.0,697.0,2264.0,3009.0,2996.0,2961.0,1149.0,584.0,155.0,365.0,207.0,665.0,2499.0,3236.0,3258.0,3343.0,1290.0,650.0,308.0,618.0,312.0,974.0,2959.0,3750.0,3813.0,3853.0,1551.0,783.0,366.0,868.0,433.0,1419.0,3405.0,4079.0,4157.0,4162.0,1624.5,865.0,383.5,932.5,501.0,1560.5,3286.5,3691.5,3909.0,3959.5,1842.5,981.5,800.0,1451.0,1222.5,2197.5,3247.5,3528.5,3765.0,3816.0,2208.0,1330.5,781.5,1434.0,1416.0,2472.5,3203.5,3455.5,3765.5,3844.0,3217.0,2355.0,1021.0,1498.0,2008.0,2654.0,2884.0,3193.0,3428.0,3584.0,3171.5,2155.5,885.5,1232.5,1848.5,2225.0,2397.5,2642.0,2842.5,3011.5,1849.0,1547.0,535.0,746.0,1006.0,1122.0,1148.0,1215.0,1303.0,1330.0,3313.0,2369.0,807.0,1165.0,1715.0,2008.0,2206.0,2393.0,2489.0,2664.0,3111.5,2315.0,814.0,1091.0,1556.5,1846.5,1956.0,2124.5,2328.0,2464.0,2968.5,2348.0,746.5,956.5,1350.0,1544.5,1648.5,1808.5,1983.0,2028.5,2173.0,1707.0,797.0,983.0,1251.0,1376.0,1421.0,1522.0,1696.0,1752.0,1926.0,1557.0,506.0,645.0,922.0,1033.0,1095.0,1170.0,1347.0,1329.0,0.0,0.0,0.0,0.0,0.0,0.0,0.0,0.0,0.0,0.0,1654.0,1389.0,512.0,705.0,889.0,989.0,1020.0,1069.0,1130.0,1150.0,285.0,236.0,208.0,165.0,161.0,160.0,178.0,202.0,196.0,186.0,2110.0,1857.0,681.0,896.0,1130.0,1244.0,1281.0,1345.0,1407.0,1437.0,2099.0,1991.0,872.0,1059.0,1281.0,1366.0,1433.0,1502.0,1599.0,1576.0,1910.0,1637.0,602.0,730.0,943.0,1036.0,1000.0,1073.0,1160.0,1189.0,2056.0,1780.0,715.0,853.0,1076.0,1187.0,1223.0,1313.0,1372.0,1387.0,2176.0,1926.0,785.0,980.5,1216.0,1343.0,1370.5,1440.0,1541.0,1540.0,"{""type"":""MultiPoint"",""coordinates"":[]}"
505_0,3,1105.5,941.5,369.0,426.5,522.5,574.0,567.0,625.5,652.0,660.5,2015.5,1807.0,776.0,971.0,1136.0,1243.0,1259.0,1323.5,1402.5,1406.5,2167.5,1945.0,819.0,1029.0,1214.0,1310.5,1354.5,1415.5,1465.5,1492.0,2630.0,2373.5,1169.5,1425.0,1638.0,1767.0,1787.5,1845.5,1914.5,1922.5,2827.0,2546.0,1297.0,1547.0,1774.0,1915.0,1950.0,2019.0,2135.0,2119.0,2486.0,2278.0,1273.0,1547.0,1774.0,1915.0,1822.0,2019.0,1853.0,1854.0,364.0,320.0,823.0,1083.0,1090.0,1170.0,883.0,878.0,856.0,704.0,437.0,423.0,892.0,1168.0,1218.0,1352.0,920.0,996.0,893.0,764.0,239.0,188.0,663.0,935.0,958.0,1091.0,765.0,859.0,785.0,650.0,237.5,186.0,539.0,850.0,840.5,1069.5,756.0,838.0,774.0,631.0,239.0,171.0,417.0,689.0,617.5,928.0,762.5,865.0,801.0,627.5,1342.5,1186.5,491.0,606.0,710.0,756.0,778.0,839.5,906.5,889.0,389.0,270.0,330.0,599.0,446.0,888.0,1082.0,1209.0,1128.0,964.0,368.0,258.0,199.0,428.0,290.0,714.0,1017.0,1102.0,1021.0,836.0,609.0,351.0,218.0,403.0,256.0,668.0,1358.0,1679.0,1547.0,1379.0,742.0,415.0,266.0,435.0,271.0,712.0,1693.0,1994.0,1922.0,1703.0,865.0,467.0,257.0,480.0,274.0,764.0,1899.0,2210.0,2159.0,2030.0,995.5,557.0,287.5,571.0,356.0,963.5,2140.0,2433.5,2454.5,2365.0,1595.5,919.5,729.5,1072.5,1053.5,1557.0,2413.0,2669.0,2886.0,2917.0,2201.0,1422.5,655.0,976.5,1154.5,1586.5,2333.0,2558.5,2882.0,2854.5,3358.0,2332.0,908.0,1357.0,1740.0,2275.0,2583.0,2807.0,3108.0,3189.0,3373.5,2434.0,1058.5,1468.0,1994.0,2466.0,2618.5,2798.0,2955.5,3139.0,1385.0,1126.0,539.0,643.0,740.0,775.0,790.0,858.0,914.0,906.0,3653.0,2851.0,1164.0,1521.0,2036.0,2391.0,2476.0,2661.0,2738.0,2934.0,3434.5,2670.5,1138.0,1412.0,1820.0,2145.0,2275.0,2395.0,2557.0,2658.5,3125.5,2572.5,929.0,1162.0,1483.0,1709.5,1812.0,1938.5,2082.5,2120.5,3086.0,2582.0,993.0,1235.0,1540.0,1733.0,1846.0,1956.0,2051.0,2187.0,2307.0,1533.0,814.0,1025.0,1300.0,1508.0,1621.0,1733.0,1907.0,1903.0,0.0,0.0,0.0,0.0,0.0,0.0,0.0,0.0,0.0,0.0,2156.0,1874.0,829.0,1053.0,1252.0,1335.0,1383.0,1414.0,1540.0,1513.0,350.0,305.0,288.0,230.0,211.0,212.0,230.0,232.0,228.0,244.0,2494.0,2213.0,1036.0,1311.0,1529.0,1652.0,1672.0,1740.0,1830.0,1841.0,2636.0,2300.0,1215.0,1452.0,1667.0,1744.0,1805.0,1885.0,2017.0,1970.0,1778.0,1549.0,560.0,678.0,852.0,921.0,914.0,965.0,1026.0,1073.0,1827.0,1621.0,655.0,819.0,959.0,1051.0,1081.0,1158.0,1202.0,1222.0,1876.5,1706.5,708.0,870.0,1009.5,1085.0,1131.5,1189.0,1265.0,1261.5,"{""type"":""MultiPoint"",""coordinates"":[]}"
506_0,3,1747.0,1444.0,428.5,570.5,787.5,922.5,968.5,1071.0,1104.0,1182.0,2113.5,1852.0,884.5,1119.5,1335.0,1447.0,1491.5,1563.5,1633.5,1620.0,2213.5,1922.5,859.5,1100.0,1317.5,1438.0,1480.5,1534.0,1621.5,1638.0,2071.0,1860.0,853.0,1082.0,1290.0,1412.5,1444.0,1505.5,1560.0,1587.0,343.5,282.5,656.0,878.5,945.0,1073.5,996.0,1085.0,1014.0,984.5,443.5,282.5,773.5,964.5,1060.0,1252.0,1190.0,1249.5,1287.0,1212.0,252.5,155.0,596.5,853.0,846.0,1095.5,1039.0,1132.5,1084.0,919.5,435.5,263.0,501.0,784.0,699.0,1073.5,1161.5,1312.5,1191.5,1041.0,721.5,473.5,381.5,623.0,446.0,930.0,1628.0,1854.5,1784.5,1598.5,1392.0,752.0,232.5,535.5,283.5,924.5,2716.0,3328.5,3319.0,3204.5,1473.0,721.5,195.5,431.0,214.5,744.0,2816.0,3877.5,3889.0,3861.5,1998.5,1686.0,509.0,703.0,913.5,1054.0,1112.5,1213.0,1220.0,1362.0,1510.5,727.0,192.0,436.0,213.5,774.0,2997.5,4050.0,4033.0,4091.5,1547.5,723.0,188.0,492.0,213.0,874.0,3323.5,4324.0,4426.0,4481.0,1656.5,784.5,340.0,760.5,423.5,1346.5,3446.0,4401.5,4439.5,4599.0,1789.5,933.0,561.5,1092.0,790.5,1862.0,3493.0,4017.5,4152.5,4307.0,1930.0,1071.0,607.5,1148.0,998.5,2009.0,3212.0,3629.0,3965.5,3946.5,2417.0,1476.0,712.0,1196.0,1503.0,2255.0,2921.0,3271.0,3512.0,3655.0,3381.0,2215.5,1146.0,1538.5,2033.5,2639.0,3086.5,3374.0,3761.5,3828.0,4029.0,2819.5,1056.0,1530.0,2307.5,2785.0,3034.5,3349.0,3742.5,3811.0,4127.0,2811.5,1076.5,1575.0,2414.0,2893.0,3165.5,3425.5,3781.0,3927.0,2499.5,1899.5,776.5,1087.5,1545.0,1783.5,1879.0,2022.0,2085.5,2163.0,1824.5,1527.0,387.0,604.5,823.5,944.5,1001.0,1065.5,1175.0,1197.0,2526.0,1938.5,792.0,1104.0,1527.5,1781.0,1831.0,2012.5,2006.0,2127.5,2443.5,1914.5,916.0,1159.0,1529.0,1725.5,1841.0,1933.0,2073.5,2095.0,2196.5,1765.0,688.0,884.5,1166.5,1352.0,1381.5,1515.0,1615.5,1665.0,2346.0,1915.0,760.0,952.0,1237.0,1402.5,1447.0,1595.0,1668.0,1763.0,1918.5,1541.5,581.0,733.0,992.0,1100.5,1193.0,1274.5,1426.0,1428.5,0.0,0.0,0.0,0.0,0.0,0.0,0.0,0.0,0.0,0.0,1523.5,1155.0,389.5,544.5,727.0,861.0,885.0,954.5,1055.0,1091.5,1758.5,1412.5,536.5,651.0,815.0,956.5,996.5,1078.5,1134.5,1182.5,2279.5,1880.0,776.5,992.0,1211.5,1356.5,1417.0,1500.0,1589.5,1581.0,2183.5,1807.5,691.5,895.5,1138.5,1272.5,1309.0,1393.0,1497.5,1519.0,1784.5,1464.0,557.0,650.5,832.5,940.0,973.5,1032.5,1118.0,1165.5,1892.0,1681.5,658.0,816.5,992.5,1123.0,1125.0,1218.0,1302.5,1303.5,1892.0,1681.5,619.5,816.5,992.5,1123.0,1125.0,1218.0,1302.5,1303.5,"{""type"":""MultiPoint"",""coordinates"":[]}"
507_0,3,1770.0,1474.5,535.0,692.0,902.5,1022.0,1080.5,1137.5,1237.0,1207.0,2363.5,2042.5,1048.5,1343.5,1552.0,1677.0,1740.0,1846.5,1913.5,1864.0,2396.5,2081.0,997.5,1269.5,1508.5,1634.0,1671.5,1796.5,1841.0,1798.5,2396.5,2084.5,1042.5,1306.0,1526.5,1676.5,1691.5,1767.5,1830.5,1847.5,675.5,527.0,713.0,1047.0,1081.0,1270.5,939.5,1177.5,1038.0,1051.5,827.0,602.0,822.0,1047.0,1146.0,1330.0,1100.5,1177.5,1174.5,1186.5,824.0,601.5,514.0,799.0,745.0,1216.0,1074.5,1226.5,1043.0,1055.0,935.5,779.0,537.0,776.0,706.0,1327.5,1439.0,1588.5,1528.0,1430.0,1125.5,866.5,487.0,730.5,614.5,1320.5,1924.0,2095.5,1993.0,1860.5,1332.5,818.5,307.5,589.5,460.0,1148.5,2005.5,2370.5,2312.0,2173.0,1385.0,820.5,269.0,466.0,346.5,887.5,2180.5,2670.0,2670.0,2579.5,2092.0,1745.5,631.5,848.5,1096.5,1271.0,1282.5,1345.0,1453.0,1504.5,1562.5,906.5,294.0,553.5,376.0,995.5,2623.0,3188.5,3191.5,3280.0,1675.5,973.5,320.0,614.5,399.0,1266.0,2881.5,3496.0,3612.0,3423.0,1759.0,989.5,436.5,864.0,624.5,1492.0,3073.5,3608.0,3681.0,3553.5,1915.5,1193.5,679.0,1140.5,1045.5,1913.5,2916.0,3392.5,3474.0,3398.5,2199.0,1416.5,725.5,1195.0,1240.0,1969.5,2732.5,2935.0,3326.0,3232.0,2437.0,1606.0,745.0,1203.0,1481.0,2091.0,2593.0,2844.0,3086.0,3171.0,3362.0,2306.5,1166.5,1597.0,2052.0,2525.5,2779.5,2995.5,3416.0,3464.5,4037.5,2884.0,1228.5,1686.0,2363.5,2664.0,2853.0,3021.0,3538.5,3479.0,3720.5,2736.5,1203.5,1643.0,2340.5,2561.0,2650.0,2894.0,3309.5,3305.0,2104.5,1679.0,653.5,858.0,1154.0,1343.0,1286.0,1403.5,1540.0,1577.0,1811.0,1526.5,478.0,698.5,942.5,1032.0,1139.5,1158.5,1301.5,1303.5,2175.0,1753.5,699.0,939.5,1246.5,1412.5,1410.0,1474.0,1589.5,1662.0,2139.5,1696.0,798.0,1004.5,1277.0,1425.5,1398.5,1522.0,1618.0,1694.5,1960.0,1595.5,633.5,825.0,1062.5,1168.5,1217.0,1302.0,1407.0,1439.0,2146.0,1797.0,752.5,907.5,1138.5,1294.0,1344.0,1378.5,1454.5,1490.5,1674.5,1381.5,514.0,655.5,876.0,991.5,1021.0,1057.5,1226.5,1222.5,0.0,0.0,0.0,0.0,0.0,0.0,0.0,0.0,0.0,0.0,1659.5,1277.5,469.5,626.5,813.0,917.0,1070.0,1144.5,1172.5,1227.5,1779.5,1386.0,588.0,721.5,893.5,1023.5,1078.0,1166.0,1219.0,1289.0,2440.0,1976.5,900.0,1147.5,1392.0,1574.5,1617.5,1653.5,1771.0,1780.0,2311.5,1875.5,841.5,1044.0,1284.5,1453.5,1466.0,1563.0,1639.0,1616.5,2068.5,1673.5,757.0,889.0,1083.5,1215.5,1186.5,1277.0,1375.0,1378.5,2129.5,1818.5,745.0,898.5,1099.0,1215.5,1294.5,1450.0,1453.0,1497.5,2129.5,1818.5,763.0,983.5,1156.5,1282.0,1354.5,1450.0,1453.0,1590.5,"{""type"":""MultiPoint"",""coordinates"":[]}"
508_0,3,1601.0,1331.0,559.5,694.0,908.0,1014.0,1037.0,1091.0,1165.5,1217.0,2388.0,2093.0,971.5,1247.5,1491.5,1608.5,1634.0,1690.0,1807.5,1780.0,2262.0,1962.5,938.5,1200.5,1427.5,1488.5,1534.5,1538.0,1695.0,1670.0,487.0,449.5,781.5,1057.5,1191.5,1273.0,997.0,1041.5,983.0,861.0,223.0,191.0,630.0,913.0,962.0,1056.0,740.0,824.0,732.0,589.0,437.0,360.0,756.0,1012.0,1073.0,1265.0,1150.0,1192.0,1243.0,1106.0,463.0,320.0,541.0,862.0,845.0,1175.0,1178.0,1217.0,1183.0,1106.0,757.0,491.0,533.0,801.0,726.0,1246.0,1448.0,1568.0,1433.0,1468.0,614.0,381.0,449.0,705.0,611.0,954.0,1223.0,1385.0,1310.0,1223.0,770.5,461.0,233.0,435.0,290.5,743.0,1619.5,1964.5,1883.5,1814.5,935.0,567.0,224.0,392.0,254.5,679.0,1739.5,2168.0,2085.5,2055.0,1823.5,1548.0,688.0,839.0,1048.5,1155.0,1189.5,1262.5,1340.0,1358.0,1231.0,632.0,193.0,410.0,213.0,730.0,2382.0,3017.0,2935.0,3052.0,1406.0,710.0,177.0,482.0,252.0,887.0,2749.0,3372.0,3412.0,3500.0,1421.0,755.0,305.0,725.0,431.0,1246.0,2927.0,3577.0,3544.0,3685.0,1561.0,839.0,475.0,973.0,765.0,1743.0,2909.0,3272.0,3350.0,3428.0,1998.0,1186.0,575.0,1050.0,1000.0,1857.0,2675.0,2933.0,3190.0,3364.0,2227.5,1378.5,577.5,1015.5,1165.0,1888.0,2548.5,2922.0,3066.5,3198.5,3670.5,2623.0,1141.5,1528.5,1902.0,2342.5,2634.5,2890.5,3143.0,3263.0,3752.5,2728.0,1017.0,1392.0,1947.0,2276.5,2618.5,2808.0,3161.0,3219.5,3907.0,2751.0,987.0,1362.0,1959.0,2308.0,2594.0,2842.0,3104.0,3261.0,2076.0,1611.0,620.0,793.0,1054.5,1237.5,1301.5,1415.0,1483.0,1594.0,1639.0,1378.0,589.0,727.0,913.0,1016.0,1058.0,1121.0,1238.0,1203.0,2329.0,1866.0,680.0,882.0,1155.0,1353.0,1409.0,1525.0,1630.0,1724.0,2264.0,1791.5,720.0,904.5,1147.0,1305.0,1353.0,1442.0,1540.0,1588.5,1707.5,1451.0,462.5,625.5,831.0,919.5,958.5,1032.0,1138.0,1115.5,1980.0,1760.0,641.0,775.0,988.0,1108.0,1135.0,1207.0,1325.0,1329.0,1453.0,1280.0,416.0,493.0,685.0,765.0,803.0,809.0,938.0,929.0,0.0,0.0,0.0,0.0,0.0,0.0,0.0,0.0,0.0,0.0,1900.0,1664.0,642.0,854.0,1051.0,1170.0,1197.0,1275.0,1361.0,1337.0,247.0,201.0,233.0,188.0,166.0,183.0,176.0,181.0,178.0,210.0,2268.0,2011.0,834.0,1062.0,1312.0,1425.0,1426.0,1496.0,1589.0,1607.0,1609.0,1329.0,960.0,1075.0,1237.0,1374.0,1519.0,1599.0,1538.0,1637.0,1754.0,1494.0,597.0,718.5,906.0,992.5,991.5,1081.5,1137.0,1153.0,1922.0,1672.0,740.0,871.0,1053.0,1140.0,1170.0,1276.0,1326.0,1334.0,2034.5,1804.0,725.0,923.5,1130.0,1215.5,1244.5,1319.0,1415.5,1404.0,"{""type"":""MultiPoint"",""coordinates"":[]}"
509_0,3,2598.0,1885.0,777.0,886.0,1145.0,1342.0,1493.0,1629.0,1756.0,1852.0,2259.0,2073.0,643.0,895.0,1205.0,1366.0,1433.0,1481.0,1590.0,1600.0,2492.0,2367.0,768.0,1048.0,1387.0,1541.0,1593.0,1700.0,1778.0,1788.0,1177.5,1126.5,465.5,646.5,818.5,911.0,825.5,889.0,920.5,883.0,321.0,266.0,365.0,513.0,620.0,738.0,684.0,724.0,715.0,584.0,362.0,338.0,370.0,581.0,555.0,788.0,684.0,724.0,715.0,584.0,518.0,413.0,253.0,488.0,362.0,785.0,895.0,964.0,893.0,842.0,1312.0,765.0,243.0,551.0,318.0,855.0,1932.0,2367.0,2437.0,2260.0,1133.0,610.0,148.0,396.0,183.0,665.0,1932.0,2367.0,2350.0,2250.0,1141.0,586.5,90.0,330.5,94.5,602.0,2148.5,2788.5,2774.5,2742.5,1152.5,563.5,39.0,212.0,36.5,448.0,2229.0,3099.0,3209.5,3155.0,3164.0,2553.5,1456.0,1466.0,1620.0,1805.0,1965.0,2137.0,2227.5,2348.5,1295.0,594.0,31.0,221.5,15.0,461.5,2639.0,3883.5,3926.0,3994.5,1267.5,599.0,108.0,489.0,146.0,872.0,3024.0,4144.5,4261.5,4259.5,1297.0,610.0,463.0,844.0,568.0,1295.0,3179.0,4115.0,4151.0,4175.0,1376.0,753.0,686.0,1114.0,1002.0,1862.0,3084.0,3475.0,3701.0,3751.0,1551.0,893.0,595.0,1086.0,1002.0,1862.0,2822.0,3120.0,3389.0,3411.0,1927.0,1155.0,613.0,1148.0,1232.0,2090.0,2822.0,3121.0,3358.0,3429.0,4397.0,3161.0,1193.5,1667.5,2323.0,2776.0,3071.5,3359.5,3655.0,3765.0,4204.0,3139.0,1124.5,1540.5,2240.5,2581.5,2817.5,3057.0,3351.0,3417.0,3888.0,2767.0,1031.0,1390.0,1970.0,2274.0,2494.0,2733.0,3023.0,3116.0,3400.0,2544.5,866.0,1184.5,1665.5,1975.0,2126.0,2312.0,2470.0,2644.0,3204.0,2558.0,643.5,835.0,1198.5,1379.0,1453.5,1604.0,1860.5,1934.5,3535.0,2825.0,786.0,1050.5,1413.0,1695.5,1876.0,2055.5,2194.0,2344.5,4687.0,4147.5,2573.5,2741.5,2997.0,3278.5,3440.5,3535.5,3759.5,3793.5,3187.0,2703.0,785.0,936.5,1126.5,1367.0,1553.5,1716.0,1839.5,1919.5,3059.5,2580.5,742.5,895.5,1077.0,1324.0,1521.5,1679.5,1795.5,1864.5,2280.5,1727.5,448.5,619.5,833.0,1061.0,1236.0,1381.0,1509.0,1563.0,0.0,0.0,0.0,0.0,0.0,0.0,0.0,0.0,0.0,0.0,3552.0,2705.0,738.0,1027.0,1495.0,1737.0,1750.0,1914.0,2129.0,2247.0,2547.0,2029.0,826.0,1069.0,1521.0,1758.0,1792.0,1980.0,2129.0,2247.0,3476.0,2704.0,867.0,1118.0,1547.0,1758.0,1838.0,1995.0,2239.0,2319.0,1957.0,1590.0,553.0,621.5,844.0,977.5,1021.0,1132.0,1249.5,1267.0,1474.0,1240.0,420.0,563.0,765.0,868.0,915.0,978.0,1070.0,1107.0,2042.5,1840.0,594.5,793.0,1053.0,1187.0,1245.0,1329.5,1454.0,1497.5,2059.0,1891.5,581.0,791.5,1070.5,1195.0,1256.0,1323.5,1448.5,1492.0,"{""type"":""MultiPoint"",""coordinates"":[]}"
510_0,3,3092.5,2425.5,978.5,1090.5,1371.0,1573.5,1658.5,1821.0,2000.5,2076.5,2071.0,1898.0,593.0,846.0,1122.0,1262.0,1284.0,1392.0,1458.0,1471.0,2290.0,2165.0,770.0,992.0,1316.0,1442.0,1483.0,1585.0,1668.0,1671.0,1073.0,1028.5,435.0,589.5,712.0,830.5,733.5,796.0,801.5,781.0,487.0,429.0,793.0,902.0,903.0,990.0,800.0,829.0,788.0,709.0,418.0,366.0,493.0,716.0,685.0,874.0,800.0,838.0,814.0,781.0,539.0,399.0,328.0,551.0,470.0,813.0,1033.0,1138.0,1049.0,988.0,1234.0,738.0,280.0,592.0,415.0,942.0,1721.0,2029.0,1958.0,1994.0,1001.0,593.0,169.0,407.0,247.0,710.0,1774.0,2151.0,2098.0,2030.0,1243.0,626.5,88.5,358.0,101.5,688.0,2367.0,3153.0,3142.5,3183.5,1222.0,589.5,47.5,240.0,42.0,491.0,2389.5,3351.5,3436.5,3427.5,3141.5,2679.0,1507.5,1623.5,1900.5,2085.0,2109.0,2205.5,2321.5,2390.5,1205.5,580.5,37.5,233.5,29.5,487.0,2470.5,3709.0,3805.0,3821.0,1107.0,526.0,62.0,320.5,58.0,637.0,2634.5,3796.0,3908.5,3959.5,1177.0,538.0,458.0,768.0,520.0,1123.0,2990.0,3784.0,3940.0,3954.0,1233.0,656.0,603.0,976.0,772.0,1559.0,2972.0,3574.0,3745.0,3776.0,1262.0,696.0,503.0,922.0,772.0,1593.0,2751.0,3142.0,3349.0,3395.0,1592.0,918.0,456.0,948.0,928.0,1803.0,2745.0,3073.0,3261.0,3374.0,4295.0,3043.5,1244.5,1749.0,2412.5,2973.0,3239.5,3583.0,3892.5,4031.0,4326.5,3166.5,1252.0,1715.5,2431.0,2828.5,3065.0,3310.0,3626.5,3685.5,3563.0,2851.0,1039.0,1501.0,2032.0,2299.0,2547.0,2729.0,3061.0,3071.0,3358.5,2374.0,984.5,1352.5,1881.0,2251.0,2413.5,2584.0,2764.5,2880.0,3319.5,2722.5,795.5,989.0,1361.0,1545.5,1588.0,1722.5,1954.0,2011.0,3565.0,2789.0,928.0,1234.5,1605.5,1914.0,2146.5,2285.0,2427.5,2567.5,4435.0,3700.5,2213.0,2424.5,2734.5,3067.0,3218.0,3356.5,3489.5,3557.0,3240.0,2698.0,864.5,1037.0,1245.0,1514.5,1761.0,1894.5,2017.5,2085.0,3073.5,2561.0,830.0,1008.5,1183.0,1473.0,1696.5,1821.5,1941.5,2016.0,2205.0,1633.5,490.5,703.0,892.0,1143.5,1356.0,1451.0,1620.0,1661.5,0.0,0.0,0.0,0.0,0.0,0.0,0.0,0.0,0.0,0.0,3556.0,2851.0,867.0,1208.0,1649.0,1882.0,1894.0,2018.0,2197.0,2297.0,2746.0,2192.0,978.0,1228.0,1649.0,1888.0,1899.0,2058.0,2197.0,2362.0,3400.0,2845.0,1005.0,1241.0,1666.0,1884.0,1918.0,1999.0,2242.0,2312.0,2619.0,2252.5,774.0,926.0,1219.0,1378.5,1406.0,1484.5,1642.0,1679.0,1791.0,1593.0,527.0,650.0,919.0,1019.0,972.0,1017.0,1108.0,1170.0,1787.5,1636.5,501.0,664.0,931.0,1028.5,1044.0,1097.5,1180.5,1209.0,1853.5,1719.0,550.5,738.0,1000.5,1110.5,1131.5,1200.0,1288.0,1312.0,"{""type"":""MultiPoint"",""coordinates"":[]}"
511_0,3,3382.0,2803.5,1060.5,1200.5,1478.0,1690.5,1830.0,1994.5,2138.0,2245.0,2137.0,1926.0,616.0,842.0,1131.0,1245.0,1264.0,1399.0,1475.0,1503.0,2375.0,2245.0,785.0,1006.0,1317.0,1439.0,1496.0,1586.0,1700.0,1698.0,723.0,694.5,516.0,694.0,876.0,872.0,803.5,790.5,797.0,738.0,566.0,502.0,656.0,753.0,758.0,853.0,781.0,795.0,794.0,686.0,478.0,448.0,483.0,703.0,711.0,853.0,781.0,795.0,794.0,686.0,652.0,556.0,344.0,595.0,486.0,889.0,1079.0,1099.0,1070.0,1038.0,1186.0,767.0,345.0,705.0,494.0,1096.0,1856.0,2039.0,2019.0,2078.0,1261.0,732.0,235.0,516.0,312.0,865.0,1926.0,2217.0,2166.0,2157.0,1382.5,770.5,124.5,392.5,200.0,809.0,2291.0,2879.5,2932.0,2940.0,1295.0,688.0,91.5,282.0,128.5,570.5,2220.0,3097.0,3192.5,3152.5,3319.5,2864.5,1086.0,1099.0,1262.0,1449.0,1532.0,1654.5,1839.5,1900.0,1303.0,671.5,82.0,260.5,94.5,519.5,2372.5,3491.0,3591.5,3630.0,1207.0,648.5,94.5,341.0,118.0,634.0,2569.0,3608.0,3804.5,3886.5,1271.0,668.0,443.0,741.0,524.0,1080.0,2854.0,3651.0,3892.0,3891.0,1334.0,752.0,592.0,935.0,749.0,1458.0,2934.0,3552.0,3707.0,3762.0,1371.0,780.0,500.0,881.0,749.0,1511.0,2711.0,3158.0,3382.0,3443.0,1653.0,974.0,418.0,881.0,892.0,1643.0,2675.0,3087.0,3243.0,3373.0,4114.5,2951.0,1179.5,1637.5,2229.5,2877.0,3231.0,3452.5,3719.5,4011.5,4117.5,3102.0,1235.0,1681.5,2281.5,2685.0,2952.0,3138.0,3443.0,3570.0,3502.0,2804.0,1100.0,1493.0,2033.0,2312.0,2561.0,2744.0,3048.0,3045.0,3201.5,2319.5,1065.0,1471.0,2026.0,2338.5,2479.0,2633.0,2827.5,2974.0,3386.0,2891.0,755.0,966.5,1329.0,1523.5,1580.5,1677.5,1874.5,1958.0,3538.5,2828.5,1000.5,1330.5,1757.5,2012.0,2171.5,2322.0,2475.5,2589.0,3986.0,3352.5,2093.0,2294.0,2562.0,2847.0,2985.5,3090.5,3238.0,3310.0,3207.0,2761.5,942.0,1102.0,1332.5,1559.5,1717.0,1886.0,1977.0,2065.0,3067.0,2639.5,895.0,1062.0,1277.5,1499.5,1686.5,1835.0,1930.0,2031.0,2225.0,1691.5,537.5,711.5,919.5,1179.5,1321.0,1468.5,1594.5,1678.0,0.0,0.0,0.0,0.0,0.0,0.0,0.0,0.0,0.0,0.0,3747.0,3084.0,986.0,1325.0,1812.0,2000.0,2071.0,2191.0,2388.0,2445.0,3989.0,3423.0,1340.0,1563.0,1812.0,2067.0,2353.0,2587.0,2630.0,2724.0,3612.0,3051.0,1075.0,1356.0,1758.0,1973.0,2102.0,2227.0,2457.0,2521.0,2834.5,2428.0,855.5,1020.0,1368.5,1490.0,1535.5,1637.0,1841.5,1865.0,1978.0,1724.0,581.0,704.0,1007.0,1060.0,1023.0,1096.0,1257.0,1290.0,1921.5,1725.0,524.5,688.0,944.0,1045.5,1072.0,1125.5,1240.5,1262.5,1980.5,1810.5,584.0,760.0,1017.0,1120.5,1178.5,1228.0,1344.0,1342.5,"{""type"":""MultiPoint"",""coordinates"":[]}"
512_0,3,1688.0,1406.5,543.0,679.0,886.0,1011.5,1024.5,1109.5,1173.0,1188.5,2405.5,2044.0,979.0,1277.0,1542.5,1644.0,1694.0,1756.5,1826.0,1853.0,2312.0,1939.0,842.5,1127.5,1385.0,1481.5,1513.5,1560.5,1650.0,1667.0,615.0,598.5,600.0,845.0,908.0,1078.0,1077.5,1125.0,1032.5,1069.0,379.0,351.5,662.0,902.0,891.0,1138.0,964.0,1040.5,886.0,903.0,514.5,385.0,530.5,879.5,770.0,1181.5,1172.0,1276.5,1167.0,1132.0,855.0,670.0,440.5,787.5,525.0,1115.5,1663.0,1801.0,1679.0,1624.0,1401.5,758.5,360.0,762.5,388.0,1155.5,2893.0,3393.5,3430.5,3350.0,1562.5,767.5,275.5,671.0,344.0,1153.0,3320.5,4051.5,4232.5,4164.0,1686.5,891.0,249.5,612.5,382.0,1148.0,2966.5,3759.5,3859.0,4000.0,1740.0,900.5,209.5,517.0,318.5,982.5,2939.0,3855.0,4035.5,4186.5,1994.0,1651.0,603.0,814.0,1035.0,1198.0,1210.0,1273.0,1315.5,1329.0,1798.5,934.0,241.0,579.5,339.5,1044.5,3179.0,4102.0,4294.0,4458.5,1817.0,923.5,285.5,819.5,468.5,1489.5,3496.0,4278.5,4394.5,4597.0,1877.5,971.0,424.5,933.5,622.0,1629.5,3440.5,4054.5,4178.5,4403.5,2076.0,1137.0,610.5,1104.0,972.5,2035.0,3312.5,3729.0,3972.5,4146.0,2286.0,1311.5,669.0,1166.5,1201.0,2107.0,3198.5,3543.5,3918.0,3967.0,2519.0,1511.0,722.0,1213.0,1430.0,2209.0,2981.0,3320.0,3609.0,3807.0,4023.5,2760.5,1091.0,1535.0,2214.5,2638.5,2972.5,3311.5,3636.5,3832.5,4061.5,2763.0,1024.0,1501.5,2214.5,2659.0,2905.0,3245.0,3581.0,3656.5,3455.0,2337.5,865.5,1262.0,1824.5,2254.5,2452.5,2796.0,2852.5,3056.5,2200.5,1638.5,662.5,925.5,1343.5,1539.5,1585.0,1737.0,1787.0,1894.5,1861.0,1524.0,514.5,723.5,954.5,1055.5,1129.0,1180.0,1254.5,1302.0,2484.5,1898.0,795.5,1061.5,1475.0,1695.5,1708.5,1860.5,1946.0,2009.5,2399.0,1810.5,878.5,1108.0,1441.5,1641.5,1679.5,1765.0,1879.5,1936.5,2109.0,1714.5,669.5,841.0,1107.0,1251.5,1290.0,1383.5,1506.5,1518.0,1752.0,1451.5,550.5,691.0,915.0,1011.0,1057.0,1103.5,1206.0,1218.0,1246.5,1087.0,326.0,450.0,605.5,683.0,720.5,754.0,823.0,831.0,0.0,0.0,0.0,0.0,0.0,0.0,0.0,0.0,0.0,0.0,1605.5,1304.0,443.5,625.0,795.0,892.5,944.5,1001.0,1095.0,1119.5,2032.5,1794.0,638.0,773.0,963.0,1096.0,1151.5,1250.0,1196.5,1367.0,1971.0,1684.0,687.5,885.5,1074.0,1186.5,1204.5,1266.5,1353.0,1368.0,1964.5,1662.0,637.5,760.5,958.5,1054.5,1014.0,1070.0,1165.0,1191.5,1964.5,1662.0,637.5,760.5,958.5,1054.5,1014.0,1070.0,1165.0,1191.5,1877.0,1568.0,628.0,774.0,984.5,1093.0,1113.5,1167.5,1269.5,1288.0,2133.5,1863.5,742.0,948.0,1153.5,1249.0,1322.0,1362.5,1468.0,1507.5,"{""type"":""MultiPoint"",""coordinates"":[]}"
513_0,3,1627.5,1410.5,835.5,866.5,943.0,1076.5,1215.0,1278.0,1357.5,1365.0,2633.0,2492.0,928.0,1169.0,1522.0,1670.0,1673.0,1763.0,1883.0,1895.0,2656.0,2605.0,913.0,1129.0,1449.0,1612.0,1667.0,1780.0,1862.0,1921.0,1255.5,1226.0,465.0,652.0,822.0,944.5,926.5,1003.0,1003.0,1028.5,285.5,269.5,278.5,424.5,435.5,600.5,556.0,625.0,515.5,531.0,591.0,432.5,360.5,564.0,477.0,777.5,1050.5,1089.0,1084.0,1065.5,744.0,518.0,317.0,526.0,421.0,762.0,1190.0,1313.0,1242.0,1285.0,1186.0,722.0,210.0,492.0,324.0,792.0,1730.0,2104.0,2013.0,2126.0,1074.0,568.0,35.0,195.0,63.0,442.0,2093.0,2946.0,2950.0,2935.0,1311.5,633.0,12.5,157.5,0.0,406.5,2606.0,4340.0,4424.0,4494.5,1377.0,648.5,23.0,181.5,0.0,407.0,2697.5,4830.0,4921.5,5033.0,2951.5,2697.5,1737.0,1809.0,1907.0,2203.5,2393.0,2488.0,2523.0,2620.0,1417.0,667.5,21.5,177.0,6.5,409.0,2731.5,4949.0,5080.0,5226.5,1352.5,632.5,55.0,251.5,30.0,548.5,2909.0,4853.0,5082.0,5206.5,1420.0,668.0,504.0,826.0,548.0,1236.0,3035.0,4542.0,4618.0,4894.0,1591.0,824.0,623.0,1012.0,727.0,1603.0,3260.0,4008.0,4308.0,4369.0,1558.0,831.0,515.0,960.0,745.0,1603.0,3119.0,3857.0,4101.0,4192.0,1886.0,1081.0,498.0,996.0,1008.0,1827.0,3080.0,3576.0,3836.0,3983.0,4610.5,3212.0,1236.0,1699.0,2267.0,2928.5,3399.0,3690.5,4054.0,4159.5,4697.0,3447.0,1288.0,1774.0,2553.0,2851.0,3079.0,3323.0,3627.0,3650.0,4605.0,3488.0,1293.0,1777.0,2500.0,2841.0,3065.0,3297.0,3710.0,3731.0,4088.0,2940.0,1169.0,1595.5,2298.5,2672.0,2815.0,3050.5,3204.0,3427.0,1696.0,1345.0,447.0,649.0,765.0,1051.0,1426.0,1524.0,1648.0,1644.0,4070.5,3200.5,1064.5,1379.5,1862.0,2144.5,2339.5,2500.0,2672.5,2819.5,3069.5,2559.5,974.5,1133.0,1406.5,1636.0,1750.0,1891.5,2029.0,2086.5,2687.5,2475.5,663.0,731.5,893.5,1152.0,1351.5,1474.5,1542.0,1603.5,2587.5,2396.0,649.5,752.0,899.5,1166.5,1392.0,1513.0,1553.0,1599.5,2018.0,1600.0,424.5,610.0,774.5,1043.0,1374.5,1510.5,1637.0,1640.5,0.0,0.0,0.0,0.0,0.0,0.0,0.0,0.0,0.0,0.0,1643.0,1171.0,260.0,537.0,566.0,1062.0,1738.0,1857.0,1962.0,1962.0,2015.0,1651.0,1306.0,1263.5,1112.5,1501.0,2110.0,2256.5,2616.5,2319.0,1777.5,1254.5,354.0,675.0,629.0,1216.0,2175.0,2304.0,2491.5,2456.5,1865.5,1482.5,487.0,705.0,776.5,1160.5,1711.5,1879.0,2032.5,2020.5,1941.0,1720.0,513.0,706.0,887.0,1087.0,1226.0,1342.0,1411.0,1440.0,1985.5,1833.5,559.0,721.0,950.0,1087.5,1181.0,1284.0,1375.0,1399.0,2606.5,2529.5,844.0,1096.0,1425.0,1574.5,1601.0,1690.0,1803.0,1831.0,"{""type"":""MultiPoint"",""coordinates"":[]}"
514_0,3,2105.0,1702.5,609.0,716.0,987.5,1120.0,1149.0,1236.5,1342.0,1413.0,2030.5,1753.0,662.0,849.0,1078.0,1167.5,1230.5,1297.5,1392.0,1409.0,2215.5,1946.5,768.0,977.0,1243.0,1340.0,1362.5,1418.0,1538.0,1534.0,2358.0,2089.0,831.5,1066.0,1339.0,1453.0,1492.5,1566.0,1657.5,1660.5,964.0,854.0,828.0,1029.0,1057.0,1221.0,986.0,978.0,962.0,819.0,362.0,291.0,660.0,836.0,910.0,1096.0,955.0,978.0,962.0,914.0,482.0,369.0,540.0,726.0,708.0,935.0,1040.0,1139.0,1089.0,1051.0,897.0,670.0,494.0,726.0,502.0,991.0,1510.0,1667.0,1540.0,1572.0,1731.0,837.0,348.0,737.0,330.0,991.0,3155.0,3868.0,3789.0,3789.0,1885.0,937.0,289.0,679.5,317.0,1068.5,3449.0,4442.5,4439.0,4641.0,1713.5,812.5,166.5,422.5,219.5,765.0,3107.0,4572.0,4663.5,4789.0,2334.0,1906.0,670.0,840.0,1071.0,1211.0,1244.0,1336.0,1451.0,1533.0,1718.0,811.0,221.0,457.0,248.0,742.0,3253.0,4603.0,4656.0,4896.0,1694.0,797.0,166.0,501.0,305.0,799.0,3375.0,4804.0,4862.0,5031.0,1741.0,821.0,287.0,697.0,435.0,1266.0,3498.0,4804.0,4918.0,5190.0,1931.0,1025.0,464.0,954.0,701.0,1714.0,3807.0,4697.0,4753.0,5017.0,2016.0,1131.0,532.0,1047.5,872.5,1891.0,3552.5,4264.0,4501.5,4676.5,2376.5,1413.0,616.5,1159.5,1233.5,2162.0,3455.0,3944.5,4102.5,4425.5,2918.0,1759.5,903.0,1394.5,1625.0,2571.5,3504.5,3878.5,4089.5,4437.5,4044.0,2752.5,1063.0,1523.5,2120.5,2793.5,3339.0,3681.0,3949.5,4148.0,3624.0,2508.0,1024.0,1485.0,2172.0,2572.5,2831.5,3105.5,3397.5,3501.5,3569.0,2385.0,955.0,1374.0,1995.0,2588.0,2910.0,3009.0,2978.0,3437.0,2267.0,1881.5,633.0,791.0,1055.0,1186.5,1221.0,1307.0,1432.5,1486.0,3532.0,2409.0,916.5,1294.5,1868.0,2321.0,2634.0,2850.0,2806.0,3131.0,3219.0,2216.0,932.5,1215.0,1678.5,2156.0,2226.0,2515.0,2442.0,2718.0,2948.5,2210.5,725.5,927.5,1287.0,1544.0,1604.5,1780.0,1831.0,1968.0,3003.0,2321.0,802.5,943.5,1268.5,1490.0,1614.5,1728.0,1804.5,1979.5,1986.0,1399.0,558.0,720.0,1013.0,1187.0,1231.0,1339.0,1427.0,1459.0,0.0,0.0,0.0,0.0,0.0,0.0,0.0,0.0,0.0,0.0,1963.0,1640.0,537.0,674.0,879.0,1014.0,1001.0,1077.0,1182.0,1222.0,2122.0,1799.0,593.0,682.0,857.0,973.0,980.0,1057.0,1159.0,1189.0,2222.5,1872.5,661.0,825.5,1047.5,1144.0,1170.0,1242.5,1351.0,1398.5,2256.0,1874.0,613.0,717.0,967.0,1078.0,1037.0,1063.0,1180.0,1248.0,2322.0,1922.5,721.5,795.5,1024.5,1135.5,1119.5,1175.0,1301.5,1360.0,2411.0,2076.0,755.0,923.0,1122.0,1247.0,1319.0,1390.0,1479.0,1527.0,2108.0,1802.0,647.0,858.0,1104.0,1196.0,1224.0,1322.0,1417.0,1438.0,"{""type"":""MultiPoint"",""coordinates"":[]}"
515_0,3,1912.5,1589.0,543.0,679.0,909.5,1039.5,1114.5,1187.5,1278.5,1308.5,2396.5,2061.5,982.5,1269.0,1533.5,1661.5,1711.0,1776.5,1872.5,1863.0,2493.0,2140.5,967.0,1234.0,1524.0,1656.5,1697.5,1770.0,1869.5,1881.5,2445.5,2114.5,972.0,1224.0,1496.0,1630.0,1648.5,1738.0,1812.5,1830.0,166.5,126.0,476.5,753.0,831.5,940.0,704.0,776.5,712.5,623.0,314.5,268.0,709.0,927.0,1016.5,1194.5,1008.0,1092.0,1033.5,937.5,588.0,411.5,586.5,831.5,824.0,1215.0,1508.0,1646.0,1632.5,1444.0,996.0,700.0,486.5,789.5,615.5,1222.5,2004.0,2208.0,2169.0,1989.5,1429.0,790.0,346.5,662.5,399.0,1096.5,2912.5,3504.0,3467.5,3393.0,1635.5,857.0,279.5,617.0,397.0,1119.0,2993.5,3714.0,3628.5,3712.5,1621.5,810.5,193.5,430.5,275.5,841.0,2876.0,3919.0,4005.5,4156.5,2247.5,1862.5,611.5,825.0,1088.5,1266.0,1318.5,1371.5,1457.5,1565.0,1678.0,838.0,209.0,449.5,282.0,901.5,3067.5,4049.0,4103.0,4336.5,1731.5,855.0,230.0,552.5,310.0,1051.5,3349.0,4319.5,4516.5,4601.5,1806.0,897.0,390.0,836.0,534.5,1477.5,3506.5,4403.0,4464.0,4649.5,1894.0,1061.5,556.5,1004.5,853.5,1834.5,3368.0,3855.5,4009.0,4166.5,2031.5,1167.5,576.5,1049.5,1009.0,1888.0,3016.5,3430.0,3746.0,3763.0,2382.0,1474.0,628.0,1064.0,1285.0,1973.0,2725.0,3049.0,3323.0,3447.0,3377.0,2202.5,1066.5,1457.0,1876.0,2418.5,2900.0,3216.0,3579.0,3661.5,4074.5,2768.5,1048.5,1473.0,2206.0,2632.5,2929.5,3230.0,3603.0,3695.5,3746.0,2623.0,862.5,1274.5,1909.0,2330.0,2576.5,2809.0,3194.0,3313.0,2349.0,1855.0,722.5,966.5,1380.5,1607.5,1639.0,1800.5,1871.5,1981.5,2013.5,1658.5,484.0,691.5,951.5,1093.0,1160.0,1236.0,1359.5,1380.5,2241.5,1767.0,703.5,963.5,1346.0,1550.5,1585.0,1721.0,1848.0,1913.5,2318.5,1839.0,867.5,1071.5,1396.5,1587.0,1636.5,1752.5,1861.0,1933.0,2103.5,1715.0,681.0,849.0,1117.0,1285.0,1317.0,1416.5,1512.0,1558.0,2253.0,1883.0,784.5,924.5,1192.0,1365.5,1388.5,1511.5,1573.0,1645.0,1835.5,1499.0,545.5,695.5,939.5,1032.5,1097.0,1181.5,1358.5,1314.5,0.0,0.0,0.0,0.0,0.0,0.0,0.0,0.0,0.0,0.0,1654.0,1268.0,445.5,611.0,839.0,948.0,1003.0,1092.0,1191.5,1201.0,1904.0,1539.5,637.0,777.0,940.0,1072.0,1125.0,1174.0,1261.5,1294.0,2527.5,2100.0,874.0,1134.0,1374.0,1532.0,1565.0,1636.5,1775.0,1821.5,2346.0,1940.0,826.0,1024.5,1273.5,1387.5,1439.5,1532.5,1647.5,1663.0,1967.0,1599.0,695.0,785.0,968.5,1079.5,1099.0,1157.5,1263.5,1280.0,2116.0,1839.0,734.5,893.5,1096.5,1203.5,1263.0,1363.0,1457.5,1474.0,2116.0,1851.5,724.0,935.5,1132.5,1242.0,1293.0,1383.0,1511.5,1474.0,"{""type"":""MultiPoint"",""coordinates"":[]}"
516_0,3,2089.0,1753.0,617.0,821.5,1102.0,1254.5,1284.0,1372.5,1504.0,1518.0,2525.5,2173.5,1017.0,1330.0,1633.5,1759.5,1783.0,1865.0,1997.5,1977.5,2170.0,1847.5,828.0,1096.0,1406.0,1517.5,1523.5,1572.5,1732.0,1719.5,138.5,120.5,413.5,648.5,673.5,888.0,724.0,790.0,791.5,711.5,209.0,155.0,520.0,753.5,835.5,987.0,959.0,1022.0,1045.5,951.5,346.0,262.5,529.0,827.0,795.0,1211.0,1085.5,1163.5,1150.5,1033.0,1088.5,649.0,435.0,710.5,532.0,1055.5,2058.0,2230.0,2060.5,2026.0,1474.5,835.5,352.5,691.5,398.5,1035.0,2603.5,3144.5,3243.0,2974.0,1702.5,835.5,219.5,542.0,234.5,909.0,3076.0,4076.5,4229.5,4164.0,1624.5,779.0,187.0,507.0,215.5,874.5,3113.5,4291.5,4281.5,4465.0,1576.0,746.5,127.0,353.0,150.5,648.0,2969.5,4356.5,4554.5,4533.5,2420.5,2076.0,696.0,937.0,1229.0,1400.0,1461.5,1559.0,1625.0,1703.5,1683.0,793.5,164.5,428.0,183.5,756.0,3204.0,4716.0,4915.5,4925.0,1692.0,817.0,318.0,900.0,443.0,1555.5,3758.5,4880.5,5063.0,5065.0,1804.5,927.0,484.0,1004.5,754.5,1781.0,3752.5,4507.5,4675.5,4841.0,2233.5,1237.5,715.0,1310.0,1169.0,2372.5,3817.5,4332.0,4727.5,4744.5,2576.5,1554.5,841.0,1502.5,1592.0,2680.5,3771.5,4218.0,4656.0,4684.0,3099.0,1959.0,972.0,1623.0,1967.0,2809.0,3676.0,4060.0,4407.0,4502.0,4270.0,2959.5,1210.5,1704.5,2365.0,2789.5,3024.5,3319.0,3605.0,3718.0,4100.5,2902.5,1087.5,1529.0,2254.5,2602.0,2840.0,3125.0,3452.5,3522.0,3216.0,2359.5,896.0,1315.5,1886.0,2102.0,2225.0,2384.0,2663.0,2712.5,2098.5,1608.5,670.0,960.5,1339.5,1482.0,1568.0,1658.5,1717.5,1832.5,2269.5,1935.0,610.0,845.5,1201.5,1341.5,1348.0,1506.5,1636.0,1619.5,2383.5,1872.5,768.0,1069.0,1457.0,1598.5,1701.0,1747.0,1838.5,1956.0,2308.5,1800.0,856.0,1086.0,1404.5,1569.0,1592.5,1717.0,1818.0,1832.0,1987.5,1663.0,621.0,764.0,1016.5,1148.5,1187.5,1264.5,1337.0,1409.0,1765.5,1454.5,525.5,729.5,993.0,1123.5,1127.0,1237.0,1279.5,1370.5,1370.5,1192.5,347.0,474.5,682.0,751.0,731.5,822.0,913.0,892.0,0.0,0.0,0.0,0.0,0.0,0.0,0.0,0.0,0.0,0.0,1548.0,1172.5,460.0,661.5,876.0,1028.5,1075.0,1164.0,1278.5,1250.5,1987.5,1621.5,692.5,820.0,1052.0,1175.5,1223.0,1309.5,1412.5,1437.5,2528.0,2130.5,886.0,1094.5,1400.5,1542.5,1604.5,1682.0,1834.0,1834.0,2572.5,2136.5,908.0,1106.5,1414.0,1555.0,1603.0,1666.0,1823.5,1821.5,2511.5,2100.5,908.0,1082.0,1342.0,1472.0,1528.0,1598.0,1714.0,1745.0,2322.0,2016.5,785.0,1002.0,1284.5,1399.5,1430.5,1553.0,1673.0,1656.0,2331.0,2000.5,811.5,1066.0,1370.5,1473.5,1529.0,1593.5,1725.0,1717.5,"{""type"":""MultiPoint"",""coordinates"":[]}"
517_0,3,2782.0,2354.5,1750.0,1758.0,1886.5,2066.5,2197.0,2220.0,2371.0,2406.0,2916.0,2682.0,865.0,1152.0,1540.0,1735.0,1775.0,1901.0,2052.0,2072.0,2800.0,2679.0,874.0,1122.0,1470.0,1621.0,1700.0,1770.0,1925.0,1941.0,536.0,538.0,546.0,696.5,731.0,879.0,670.0,722.5,656.5,642.5,871.5,802.0,1055.5,1234.0,1270.5,1389.5,1204.0,1251.0,1208.0,1125.0,449.0,345.5,306.5,529.5,435.0,710.5,850.0,910.0,892.5,817.0,826.0,639.0,227.0,576.0,249.0,863.0,1298.0,1391.0,1322.0,1339.0,1558.0,858.0,217.0,624.0,212.0,1041.0,2678.0,3034.0,3103.0,3119.0,1455.0,780.0,145.0,453.0,153.0,764.0,2474.0,3110.0,3104.0,3024.0,1356.0,680.5,72.0,327.0,77.0,593.5,2597.0,3650.0,3704.0,3652.0,1324.0,637.0,39.5,291.0,66.0,538.5,2622.5,3882.0,3980.5,3998.5,3874.0,3225.5,2006.0,2155.0,2417.5,2675.5,2778.0,2889.0,3000.5,3028.0,1379.5,663.5,50.0,291.0,55.0,567.0,2781.5,4002.5,4102.5,4197.5,1493.0,712.0,173.0,659.5,251.5,1148.5,3345.0,4343.0,4449.0,4557.5,1603.0,794.0,535.0,900.0,664.0,1407.0,3379.0,4106.0,4198.0,4358.0,1678.0,948.0,710.0,1124.0,997.0,1789.0,3169.0,3668.0,3847.0,3911.0,1783.0,999.0,656.0,1167.0,1037.0,1865.0,3025.0,3339.0,3689.0,3653.0,4173.0,2892.0,1022.0,1512.0,1950.0,2595.0,2967.0,3295.0,3513.0,3645.0,4590.5,3399.5,1185.5,1631.0,2273.5,2718.5,2981.5,3189.5,3528.0,3640.5,4484.5,3371.5,1127.5,1538.5,2223.0,2571.5,2877.5,3100.0,3414.0,3457.5,4235.0,3174.0,1052.0,1422.0,2055.5,2415.0,2675.0,2936.0,3281.5,3351.5,3795.0,2961.0,968.0,1287.0,1726.0,2060.0,2262.0,2466.0,2680.0,2810.0,3469.0,2750.5,799.0,1056.0,1388.0,1701.0,1989.0,2158.0,2398.5,2414.0,3454.0,2777.0,747.0,1024.5,1347.0,1643.5,1848.5,2035.0,2160.0,2311.0,2668.5,2306.0,1263.5,1338.5,1497.5,1674.0,1786.0,1881.0,1966.5,2032.5,2979.5,2732.5,758.0,885.0,1044.5,1263.0,1496.0,1611.5,1817.0,1851.0,2679.0,2446.0,653.5,793.5,923.0,1161.0,1383.5,1484.5,1673.0,1706.0,2423.0,1972.0,468.0,634.0,738.0,1061.0,1425.0,1589.0,1750.0,1754.0,0.0,0.0,0.0,0.0,0.0,0.0,0.0,0.0,0.0,0.0,3640.0,2772.0,952.0,1307.0,1627.0,2079.0,2537.0,2700.0,2954.0,2998.0,2175.5,1638.5,632.5,811.0,951.0,1232.0,1563.5,1677.0,1823.5,1867.5,3089.5,2254.5,762.0,1116.5,1241.5,1812.5,2636.0,2856.0,3114.5,3157.5,3068.5,2164.0,800.0,1170.5,1199.5,1898.5,3038.5,3321.0,3607.0,3578.0,2366.0,2086.0,759.0,951.0,1135.0,1411.0,1598.0,1767.0,1885.0,1922.0,2329.0,2086.0,646.0,901.0,1135.0,1385.0,1577.0,1657.0,1828.0,1860.0,2367.5,2215.0,662.5,857.0,1137.0,1287.5,1376.5,1459.0,1610.0,1604.0,"{""type"":""MultiPoint"",""coordinates"":[]}"
518_0,3,2020.5,1703.0,625.0,793.5,1067.5,1193.0,1218.5,1298.0,1419.0,1406.5,2535.0,2179.0,964.5,1289.5,1599.5,1693.5,1739.0,1832.0,1928.0,1911.0,2525.5,2159.5,931.0,1205.0,1532.0,1655.0,1641.0,1706.0,1842.0,1879.0,2465.0,2144.5,912.0,1178.5,1477.0,1600.0,1594.0,1664.0,1773.0,1806.0,416.0,356.5,748.0,965.5,1037.0,1232.5,986.5,1006.0,1022.5,863.0,311.0,265.0,570.5,895.0,943.0,1232.5,980.0,1028.0,1010.5,866.0,644.5,536.5,541.0,827.5,779.5,1168.5,1294.0,1380.0,1375.5,1260.0,1377.0,829.0,414.5,757.0,425.0,1104.0,2545.0,2955.0,2853.0,2751.0,1594.0,808.0,225.0,595.0,299.5,1047.0,3274.0,4046.0,4167.5,4199.5,1795.0,951.5,280.0,659.5,393.0,1161.0,3175.5,3917.0,4098.0,4251.5,1723.0,889.5,232.0,614.5,354.5,1135.5,3093.5,3944.5,4133.5,4262.5,2316.0,1971.0,678.0,916.0,1184.0,1331.5,1406.0,1488.0,1578.0,1562.5,1655.0,825.0,182.5,558.5,291.0,1067.5,3046.5,3890.5,4060.0,4218.5,1477.5,722.0,179.0,522.0,265.0,990.0,3048.0,3933.5,4139.0,4230.0,1530.5,743.0,241.5,615.0,290.5,1093.5,3372.0,4167.0,4254.0,4458.0,1871.5,930.5,467.5,997.5,537.0,1684.5,3762.5,4379.5,4623.5,4653.0,1887.0,967.5,479.0,1061.0,664.0,1796.5,3627.0,4117.0,4432.5,4415.0,2060.0,1155.0,573.0,1252.0,1021.0,2273.0,3459.0,3788.0,4108.0,4220.0,2393.5,1387.0,874.5,1595.0,1588.5,2691.5,3553.0,3858.0,4238.5,4291.5,2790.0,1687.5,913.5,1575.5,1817.5,2716.0,3314.5,3597.5,4002.5,4031.5,3824.5,2629.0,1143.0,1592.5,2354.5,2813.0,3055.5,3361.5,3786.5,3799.0,2476.5,1908.0,811.5,1119.0,1541.0,1762.0,1861.0,1977.0,2055.0,2150.0,2155.5,1813.5,592.0,823.0,1115.0,1246.5,1264.0,1365.5,1484.5,1531.5,2413.5,1857.5,781.5,1082.0,1487.0,1676.0,1711.0,1844.0,2036.0,2017.5,2566.5,2010.5,1002.0,1232.0,1597.5,1792.5,1815.5,1927.5,2100.0,2101.0,2273.5,1857.5,713.5,886.0,1172.0,1346.0,1379.5,1476.5,1597.5,1633.0,2449.5,1925.5,764.5,930.0,1221.0,1442.0,1459.5,1535.0,1624.0,1704.0,2062.0,1542.5,565.0,732.0,1018.0,1130.5,1179.5,1243.5,1467.0,1458.5,0.0,0.0,0.0,0.0,0.0,0.0,0.0,0.0,0.0,0.0,1941.5,1688.5,580.5,772.5,1015.0,1102.5,1141.5,1235.5,1321.0,1329.5,2003.5,1738.0,657.0,764.0,980.0,1069.0,1121.0,1175.5,1252.5,1275.5,2357.0,2079.0,750.0,946.5,1215.5,1331.5,1360.5,1419.0,1560.0,1561.0,2447.5,2114.5,790.0,963.5,1247.5,1355.5,1367.0,1423.5,1569.5,1570.0,2196.0,1872.0,690.5,833.0,1069.5,1155.5,1183.5,1246.0,1356.5,1365.0,1953.5,1686.0,603.0,782.0,1022.5,1118.0,1135.0,1204.5,1358.0,1315.5,2297.0,2013.0,815.5,1102.0,1378.0,1486.0,1522.0,1586.5,1718.5,1712.0,"{""type"":""MultiPoint"",""coordinates"":[]}"
519_0,3,1765.5,1458.5,583.0,727.0,951.0,1098.0,1101.5,1195.0,1219.5,1259.0,2409.5,2083.5,1035.5,1334.0,1562.5,1711.5,1727.0,1802.5,1897.0,1904.5,2432.0,2091.0,939.5,1219.5,1478.5,1615.0,1649.5,1734.0,1798.0,1819.5,2538.5,2191.0,1023.5,1318.0,1582.5,1736.0,1754.0,1829.0,1891.0,1930.0,1101.0,1008.0,981.0,1235.0,1482.0,1589.0,1510.0,1645.0,1417.0,1440.0,322.0,229.0,697.0,961.0,1019.0,1082.0,717.0,780.0,719.0,579.0,460.0,367.0,687.0,1035.0,1020.0,1277.0,1033.0,1099.0,1004.0,845.0,640.0,510.0,615.0,980.0,849.0,1323.0,1210.0,1275.0,1211.0,1074.0,969.0,665.0,514.0,868.0,792.0,1323.0,1574.0,1719.0,1693.0,1520.0,1013.0,661.0,417.5,671.0,621.5,1012.5,1431.0,1648.0,1584.5,1599.5,1181.5,710.0,365.0,603.5,509.0,985.5,1934.5,2227.5,2144.0,2214.0,1941.0,1620.0,668.0,844.0,1076.0,1187.0,1254.0,1283.0,1312.0,1401.0,1511.0,830.0,383.0,682.0,565.0,1137.0,2535.0,3036.0,2915.0,3115.0,1375.0,736.0,259.0,559.0,463.0,1014.0,2605.0,3305.0,3254.0,3419.0,1375.0,707.0,259.0,500.0,368.0,911.0,2712.0,3572.0,3452.0,3716.0,1458.0,755.0,367.0,676.0,403.0,1073.0,2911.0,3606.0,3582.0,3696.0,1577.0,842.0,395.0,858.0,502.0,1395.0,3129.0,3827.0,3887.0,3899.0,1708.0,937.0,423.0,933.5,587.5,1611.0,3059.0,3413.0,3462.5,3596.5,2027.0,1104.0,714.0,1225.0,1099.0,2014.0,2970.0,3255.0,3323.0,3515.0,2310.0,1444.5,700.5,1224.5,1303.0,2140.0,2871.0,3083.5,3216.5,3400.5,3113.5,2187.5,901.0,1348.0,1794.5,2338.0,2761.5,2942.0,3183.0,3242.0,3929.0,2769.0,1032.0,1440.0,2120.0,2655.0,2760.0,3057.0,3164.0,3368.0,1811.0,1516.0,499.0,695.0,951.0,1094.0,1116.0,1140.0,1271.0,1326.0,3570.0,2653.0,960.0,1360.0,1906.0,2294.0,2423.0,2679.0,2701.0,2857.0,3398.5,2543.0,908.0,1189.0,1648.0,1999.5,2151.0,2311.0,2426.5,2580.0,3010.0,2393.5,681.0,904.0,1271.0,1467.5,1610.0,1735.0,1879.0,1976.0,3162.0,2565.0,801.0,959.0,1281.0,1513.0,1659.0,1749.0,1871.0,2004.0,2334.0,1470.0,586.0,734.0,1031.0,1222.0,1371.0,1482.0,1633.0,1640.0,0.0,0.0,0.0,0.0,0.0,0.0,0.0,0.0,0.0,0.0,1652.0,1394.0,509.0,719.0,882.0,1007.0,1001.0,1109.0,1165.0,1160.0,1925.0,1637.0,633.0,790.0,981.0,1088.0,1153.0,1223.0,1262.0,1275.0,2296.0,2005.0,774.0,1026.0,1238.0,1409.0,1405.0,1534.0,1573.0,1599.0,1862.0,1624.0,655.0,701.0,914.0,1007.0,1035.0,1108.0,1160.0,1176.0,1862.0,1624.0,565.0,701.0,914.0,1007.0,1035.0,1108.0,1160.0,1176.0,1959.0,1681.0,700.0,856.0,1026.0,1140.0,1188.0,1232.0,1321.0,1337.0,2171.5,1881.0,808.5,1025.5,1235.5,1370.0,1408.5,1478.0,1570.0,1560.5,"{""type"":""MultiPoint"",""coordinates"":[]}"
520_0,3,1945.0,1586.5,592.0,727.0,984.5,1116.5,1131.5,1236.5,1315.5,1386.0,2149.5,1810.0,703.0,905.5,1169.5,1301.5,1335.0,1420.5,1511.0,1542.0,2350.5,2025.0,848.0,1075.5,1353.5,1506.0,1517.0,1577.0,1643.5,1673.5,2578.0,2251.5,995.0,1270.0,1585.5,1737.0,1743.0,1823.5,1913.0,1923.0,1215.0,1154.0,833.0,1071.0,1345.0,1454.0,1479.0,1558.0,1473.0,1632.0,437.0,376.0,704.0,953.0,898.0,1218.0,1007.0,1013.0,917.0,860.0,450.0,353.0,605.0,846.0,815.0,1072.0,1014.0,1090.0,1098.0,944.0,473.0,353.0,553.0,808.0,778.0,1031.0,1070.0,1136.0,1099.0,1055.0,619.0,458.0,427.0,682.0,560.0,901.0,1319.0,1378.0,1454.0,1312.0,1300.5,718.5,250.5,536.5,308.0,901.5,2406.5,2897.5,2938.5,2936.0,1439.0,713.0,153.5,407.0,175.5,737.5,2803.0,3784.5,3766.5,3759.5,2164.0,1810.0,672.0,839.0,1094.0,1234.0,1289.0,1385.0,1435.0,1491.0,1486.0,729.0,175.0,450.0,203.0,805.0,3024.0,4142.0,4159.0,4261.0,1553.0,750.0,177.0,521.0,342.0,956.0,3168.0,4278.0,4308.0,4461.0,1633.0,799.0,272.0,655.0,464.0,1132.0,3287.0,4423.0,4310.0,4731.0,1726.0,872.0,423.0,833.0,625.0,1536.0,3409.0,4206.0,4145.0,4358.0,1816.0,1001.5,436.0,885.5,716.0,1606.0,3144.0,3781.5,3914.0,4007.5,2094.5,1254.5,484.0,951.0,955.5,1856.5,3030.0,3433.5,3619.0,3844.0,2501.0,1490.5,730.0,1176.0,1318.0,2171.5,3060.5,3402.5,3684.5,3878.0,2876.0,1830.0,823.0,1303.5,1598.0,2373.0,3016.5,3329.0,3661.0,3842.5,4067.0,2768.0,1055.0,1502.0,1999.0,2537.0,2887.0,3192.0,3590.0,3690.0,3972.5,2695.5,952.0,1334.5,2031.5,2592.0,2814.0,2930.0,3092.5,3548.5,2160.0,1809.0,634.5,806.5,1083.5,1221.0,1267.5,1356.5,1468.0,1509.5,3670.5,2550.0,835.5,1163.0,1719.0,2100.0,2424.5,2514.0,2598.5,2967.5,3436.5,2453.5,872.5,1140.5,1598.0,1987.5,2113.5,2388.5,2387.5,2651.0,3147.5,2390.5,679.0,898.0,1250.5,1472.0,1585.0,1737.0,1867.0,2000.0,3197.0,2475.5,753.5,923.0,1268.5,1465.5,1573.0,1662.0,1888.5,2000.5,1702.0,1270.0,403.0,509.0,720.0,822.0,906.0,984.0,1039.0,1089.0,0.0,0.0,0.0,0.0,0.0,0.0,0.0,0.0,0.0,0.0,1493.0,1136.0,475.0,631.0,805.0,882.0,928.0,1001.0,1104.0,1094.0,1751.0,1407.0,603.0,708.0,874.0,985.0,1021.0,1083.0,1157.0,1166.0,2331.0,1924.0,817.0,1013.0,1221.0,1403.0,1413.0,1517.0,1599.0,1628.0,2303.0,1893.5,851.5,989.5,1195.0,1326.5,1356.5,1440.0,1553.0,1586.0,1925.5,1565.5,589.5,722.0,923.0,1042.0,1041.5,1107.0,1193.0,1233.5,2286.5,1948.0,798.0,948.0,1154.0,1314.0,1399.5,1498.5,1590.0,1651.5,2416.0,2009.0,860.0,1071.0,1268.0,1436.0,1511.0,1604.0,1700.0,1732.0,"{""type"":""MultiPoint"",""coordinates"":[]}"
521_0,3,1113.5,936.0,445.5,513.5,617.5,703.0,717.5,733.5,786.0,786.0,1595.5,1409.0,640.5,798.0,957.5,1042.5,1080.5,1129.5,1193.0,1196.5,134.0,134.5,326.5,559.0,599.0,701.0,421.5,477.5,420.0,312.5,195.0,179.5,385.0,614.0,651.5,795.5,580.5,640.5,604.5,508.5,257.0,212.0,431.0,683.0,630.0,852.0,695.0,728.0,676.0,600.0,572.0,404.0,483.0,772.0,619.0,1065.0,1151.0,1218.0,1189.0,1080.0,1654.0,883.0,521.0,1086.0,547.0,1658.0,3535.0,3718.0,3683.0,3904.0,1700.0,834.0,542.0,1159.0,608.0,1744.0,4482.0,4967.0,5148.0,5246.0,1566.0,748.0,415.0,937.0,443.0,1542.0,4348.0,5032.0,5091.0,5251.0,1441.5,686.5,292.5,777.0,363.0,1270.0,3870.0,4803.0,4707.5,4902.5,1413.5,678.0,189.5,609.0,246.0,1098.0,3674.0,4652.5,4639.0,4827.0,1339.0,1141.0,525.0,664.0,790.0,856.0,876.0,930.0,1026.0,994.0,1414.0,691.0,214.0,594.0,255.0,1050.0,3498.0,4482.0,4552.0,4740.0,1542.0,726.0,188.0,626.0,259.0,1164.0,3646.0,4520.0,4632.0,4858.0,1646.0,797.0,278.0,730.0,348.0,1303.0,3788.0,4512.0,4624.0,4858.0,1819.0,931.0,450.0,976.0,536.0,1726.0,3666.0,4347.0,4473.0,4523.0,1859.0,967.0,459.0,1072.0,753.0,1923.0,3435.0,3901.0,4228.0,4260.0,2020.0,1103.5,539.5,1152.5,904.0,2081.0,3359.0,3735.5,4004.5,4151.5,2469.0,1417.0,1328.0,1551.0,1401.0,2398.0,3464.0,3775.0,4046.0,4238.0,4549.5,2969.0,1436.0,1978.5,2773.5,3500.0,3803.5,4188.0,4565.0,4742.5,4431.0,3004.5,1450.5,2007.0,2883.0,3515.0,3761.5,4082.5,4551.0,4580.0,2870.0,2258.0,919.0,1204.0,1613.0,2033.0,1951.0,2231.0,2138.0,2283.0,1401.0,1247.0,640.0,729.0,863.0,922.0,950.0,985.0,1054.0,1053.0,2763.0,2241.0,864.0,1188.0,1554.0,1893.0,1920.0,2092.0,2056.0,2283.0,2526.0,2051.5,815.0,1012.5,1334.0,1607.5,1621.0,1760.5,1796.5,1932.5,2069.5,1761.0,487.5,656.0,919.0,1082.5,1160.0,1215.5,1311.5,1341.5,2422.0,2083.0,640.0,808.0,1105.0,1258.0,1348.0,1423.0,1507.0,1584.0,1955.0,1528.0,488.0,651.0,918.0,1067.0,1154.0,1216.0,1342.0,1318.0,0.0,0.0,0.0,0.0,0.0,0.0,0.0,0.0,0.0,0.0,2395.0,2225.0,917.0,1143.0,1356.0,1480.0,1547.0,1609.0,1746.0,1694.0,2488.0,2209.0,944.0,1146.0,1267.0,1495.0,1748.0,1843.0,1955.0,1949.0,1618.0,1435.0,626.0,733.0,862.0,962.0,1045.0,1116.0,1224.0,1195.0,1618.0,1435.0,626.0,733.0,862.0,962.0,1045.0,1116.0,1224.0,1195.0,1185.0,1013.0,310.0,384.0,523.0,598.0,609.0,658.0,727.0,756.0,1510.0,1350.0,626.0,717.0,860.0,936.0,946.0,1011.0,1089.0,1083.0,1489.5,1312.5,596.0,739.0,874.5,949.0,976.0,1031.5,1094.5,1080.5,"{""type"":""MultiPoint"",""coordinates"":[]}"
522_0,3,5276.5,4847.0,4200.0,4142.5,4342.0,4596.5,4527.5,4577.0,4915.0,4772.5,2941.0,2591.0,855.0,1159.0,1510.0,1687.0,1857.0,1973.0,2076.0,2133.0,3017.0,2745.0,853.0,1100.0,1470.0,1697.0,1727.0,1937.0,2007.0,2160.0,2010.0,1740.0,570.0,732.5,956.5,1090.5,1299.0,1368.0,1373.5,1492.0,1190.0,973.0,544.0,696.0,743.0,1011.0,1069.0,1163.0,1109.0,1297.0,1033.0,662.0,327.0,579.0,558.0,942.0,1044.0,1146.0,989.0,1027.0,1053.0,756.0,277.0,554.0,452.0,836.0,1044.0,1146.0,989.0,1037.0,2479.0,1464.0,294.0,773.0,424.0,1183.0,2921.0,3211.0,3287.0,3427.0,2184.0,1361.0,350.0,639.0,424.0,1174.0,2233.0,2773.0,2743.0,2945.0,1749.5,1000.0,120.5,330.5,201.0,773.0,2195.5,2791.5,2775.5,2923.5,1787.0,1027.5,85.0,337.5,188.0,769.0,2427.5,3553.0,3704.0,3728.0,3514.0,3130.0,2387.0,2311.5,2425.0,2590.0,2619.5,2663.0,2882.0,2791.0,1881.0,1101.5,86.5,333.5,168.5,791.5,2714.0,3738.5,3860.0,3940.5,1981.0,1130.5,197.0,574.0,306.0,1132.0,3223.0,4279.5,4393.0,4399.0,1988.0,1128.0,556.0,907.0,667.0,1422.0,3381.0,4350.0,4431.0,4486.0,2122.0,1214.0,753.0,1160.0,1028.0,1848.0,3208.0,3782.0,4002.0,4068.0,2122.0,1261.0,677.0,1174.0,1062.0,1885.0,3044.0,3401.0,3802.0,3729.0,4297.0,2968.0,1223.0,1715.0,2281.0,2835.0,3266.0,3578.0,3937.0,3980.0,4737.0,3396.0,1364.5,1844.5,2640.0,3018.5,3430.5,3752.0,4160.0,4259.0,4647.5,3368.5,1286.5,1741.5,2426.0,2778.0,3166.5,3425.5,3901.0,3968.5,4294.0,3095.5,1142.5,1588.0,2340.5,2698.5,3079.0,3346.0,3815.0,3860.5,3793.0,2868.0,957.0,1264.0,1692.0,2026.0,2303.0,2541.0,2756.0,2917.0,3450.0,3023.5,742.5,1013.0,1436.5,1654.5,1778.0,1910.5,2138.5,2153.0,3417.0,2714.0,715.0,1007.0,1306.5,1607.5,1921.0,2082.0,2218.0,2357.5,2754.0,2265.5,1301.5,1400.5,1552.5,1693.5,1957.0,2007.5,2082.5,2264.5,2968.5,2566.0,747.0,868.5,1054.0,1271.0,1524.5,1646.5,1795.0,1905.0,2848.5,2549.5,667.0,791.0,957.0,1164.0,1391.0,1513.0,1632.0,1747.0,2560.0,1925.0,511.0,661.0,891.0,1186.0,1377.0,1441.0,1669.0,1772.0,0.0,0.0,0.0,0.0,0.0,0.0,0.0,0.0,0.0,0.0,3407.0,2709.0,801.0,1118.0,1574.0,1873.0,1898.0,2115.0,2349.0,2454.0,3191.0,2706.0,864.0,1176.0,1574.0,1894.0,2027.0,2180.0,2349.0,2497.0,3225.0,2706.0,909.0,1242.0,1580.0,1875.0,2182.0,2425.0,2622.0,2662.0,3704.5,3030.0,1019.0,1281.5,1576.5,1907.5,2346.0,2508.0,2774.5,2836.0,2883.5,2334.5,731.0,953.5,1205.5,1481.5,1792.5,1958.0,2088.5,2145.5,2391.0,2121.0,629.5,808.5,1074.0,1270.5,1374.5,1534.0,1592.0,1756.0,2368.0,2116.0,625.5,831.5,1084.5,1279.5,1457.5,1645.5,1670.0,1755.5,"{""type"":""MultiPoint"",""coordinates"":[]}"
523_0,3,1167.0,1010.0,482.0,572.5,704.5,776.5,798.0,857.0,877.0,895.0,1653.5,1439.0,699.5,832.5,1004.5,1095.0,1142.5,1199.5,1251.5,1256.0,158.0,137.0,428.5,627.5,670.5,728.5,489.5,525.0,494.0,374.5,203.5,183.5,413.0,630.5,680.0,755.0,543.5,602.0,572.5,449.0,217.0,173.0,393.0,620.0,547.0,802.0,611.0,680.0,596.0,503.0,576.0,450.0,472.0,793.0,569.0,1102.0,1144.0,1238.0,1193.0,1047.0,1240.0,709.0,472.0,1017.0,519.0,1575.0,2904.0,3089.0,3274.0,2716.0,1546.0,784.0,506.0,1035.0,519.0,1627.0,3999.0,4607.0,4540.0,4245.0,1525.0,742.0,341.0,893.0,347.0,1477.0,4231.0,5276.0,5345.0,5025.0,1471.5,697.5,262.0,795.0,296.0,1370.0,4242.0,5232.5,5344.5,5132.5,1514.5,697.0,195.0,696.5,223.5,1228.0,4093.0,4966.5,5373.0,5283.5,1408.0,1213.0,591.0,722.0,870.0,938.0,945.0,988.0,1082.0,1071.0,1611.0,754.0,217.0,721.0,249.0,1198.0,3868.0,4945.0,5166.0,5166.0,1611.0,770.0,193.0,669.0,233.0,1183.0,3751.0,4734.0,4979.0,4979.0,1671.0,817.0,279.0,754.0,350.0,1259.0,3797.0,4722.0,4813.0,4945.0,1819.0,909.0,427.0,952.0,499.0,1578.0,3770.0,4472.0,4636.0,4729.0,1841.5,943.0,458.0,1056.5,621.5,1778.5,3721.5,4223.0,4574.5,4567.5,2022.0,1066.0,518.0,1162.5,826.5,1978.5,3539.5,3963.0,4259.0,4354.0,2370.0,1370.0,1370.0,1574.0,1384.0,2412.0,3562.0,4043.0,4273.0,4428.0,4548.0,2981.5,1502.0,2093.0,2893.0,3513.5,3916.0,4232.0,4787.0,4802.5,4493.5,3021.0,1544.0,2156.0,3157.0,3486.0,3815.0,4213.0,4836.5,4780.0,3381.0,2463.0,1185.0,1577.0,2190.0,2388.0,2459.0,2743.0,3016.0,2937.0,1488.0,1298.0,673.0,788.0,947.0,1024.0,1015.0,1070.0,1147.0,1140.0,3132.0,2456.0,910.0,1210.0,1685.0,2157.0,2059.0,2392.0,2176.0,2448.0,2302.5,1884.0,739.5,904.5,1228.0,1321.5,1404.5,1509.5,1710.0,1686.5,2111.0,1777.5,532.5,702.0,954.0,1073.0,1116.5,1217.0,1337.0,1381.0,2224.0,1927.0,654.0,768.0,1033.0,1172.0,1236.0,1334.0,1458.0,1483.0,1833.0,1444.0,492.0,598.0,866.0,965.0,1048.0,1112.0,1324.0,1282.0,0.0,0.0,0.0,0.0,0.0,0.0,0.0,0.0,0.0,0.0,2224.0,2065.0,868.0,1071.0,1268.0,1381.0,1459.0,1515.0,1639.0,1642.0,2138.0,1826.0,786.0,1002.0,1045.0,1304.0,1634.0,1726.0,1843.0,1819.0,1481.5,1258.5,468.0,602.5,701.5,842.0,1008.5,1063.5,1171.5,1148.0,1656.0,1438.0,630.0,751.0,850.0,987.0,1144.0,1203.0,1329.0,1287.0,1149.0,973.0,526.5,430.0,556.0,611.5,617.0,664.0,753.0,738.0,1581.0,1400.0,715.0,799.0,954.0,1031.0,1062.0,1121.0,1181.0,1218.0,1550.0,1337.0,664.5,812.0,963.0,1029.0,1076.5,1126.0,1193.0,1181.0,"{""type"":""MultiPoint"",""coordinates"":[]}"
524_0,3,97.5,94.5,119.0,183.5,292.5,384.5,263.5,289.0,292.0,238.0,2291.0,1876.0,715.5,934.0,1175.5,1308.0,1394.5,1452.5,1630.5,1628.0,2366.0,2016.5,807.0,1028.0,1273.5,1432.0,1508.0,1598.5,1715.0,1729.5,2520.5,2215.5,1040.5,1290.5,1543.5,1673.0,1722.0,1808.0,1884.5,1893.5,2620.0,2319.0,1278.0,1507.0,1738.0,1889.0,1900.0,1970.0,2071.0,2058.0,1616.0,1532.0,1124.0,1341.0,1531.0,1637.0,1677.0,1743.0,1789.0,1796.0,229.0,170.0,673.0,928.0,930.0,1118.0,1027.0,1089.0,1068.0,937.0,448.0,354.0,691.0,992.0,967.0,1359.0,1323.0,1408.0,1341.0,1230.0,633.0,442.0,514.0,853.0,686.0,1176.0,1323.0,1439.0,1320.0,1226.0,916.0,534.0,282.5,592.5,379.5,1010.0,2051.0,2389.5,2367.0,2207.0,1313.5,680.5,161.0,463.5,263.0,864.5,2592.5,3475.5,3514.5,3508.0,111.0,101.0,207.0,264.0,376.0,465.0,397.0,410.0,445.0,359.0,1287.0,638.0,199.0,423.0,234.0,769.0,2488.0,3298.0,3284.0,3276.0,1293.0,620.0,94.0,333.0,122.0,643.0,2605.0,3553.0,3584.0,3624.0,1297.0,637.0,130.0,408.0,189.0,756.0,2716.0,3829.0,3768.0,3824.0,1451.0,730.0,371.0,739.0,472.0,1313.0,2978.0,3692.0,3718.0,3829.0,1471.0,783.0,391.0,840.0,563.5,1458.5,2789.0,3221.0,3441.0,3435.5,1807.0,1069.0,449.0,873.5,915.0,1659.5,2437.5,2772.5,2966.0,3089.0,2231.5,1334.0,823.0,1244.0,1528.0,2030.0,2522.5,2790.5,3050.0,3127.5,2626.0,1729.0,878.5,1266.5,1679.0,2210.5,2614.0,2893.0,3155.5,3269.5,4298.0,2822.0,1272.0,1840.5,2663.5,3211.5,3454.5,3742.5,4120.5,4262.5,4718.0,3131.0,1487.0,2124.0,3079.0,3646.0,3759.0,4074.0,4378.0,4577.0,99.0,101.0,211.0,254.0,365.0,465.0,397.0,410.0,386.0,285.0,4549.0,3141.0,1231.0,1777.0,2554.0,3060.0,3126.0,3412.0,3498.0,3815.0,4252.0,3046.0,1132.0,1559.5,2214.5,2575.5,2721.0,2944.5,3209.0,3337.5,3746.0,2899.5,802.5,1087.0,1499.0,1750.5,1857.5,2022.0,2208.0,2282.0,287.0,192.0,298.0,416.0,603.0,720.0,664.0,719.0,772.0,727.0,109.0,81.0,76.0,85.0,150.0,204.0,140.0,197.0,173.0,113.0,163.0,142.0,128.0,206.0,267.0,301.0,257.0,287.0,284.0,234.0,63.0,74.0,59.0,153.0,265.0,376.0,236.0,274.0,279.0,206.0,541.0,294.0,293.0,408.0,663.0,883.0,969.0,1120.0,1305.0,1302.0,3166.0,2341.0,1058.0,1389.0,1829.0,2076.0,2208.0,2392.0,2685.0,2677.0,1357.0,814.0,690.0,689.0,1036.0,1317.0,1408.0,1598.0,1841.0,1938.0,3521.0,2517.0,1217.0,1526.0,2002.0,2286.0,2355.0,2461.0,2861.0,2853.0,4704.0,3663.0,1582.0,1914.0,2448.0,2702.0,2884.0,3061.0,3400.0,3429.0,4496.5,3522.5,1568.5,1863.5,2356.5,2612.0,2756.5,2965.0,3312.5,3323.0,"{""type"":""MultiPoint"",""coordinates"":[]}"
525_0,3,1316.0,1106.5,529.5,635.0,790.0,877.0,896.5,951.5,984.5,991.5,1744.0,1516.0,685.5,858.5,1058.0,1162.5,1204.5,1255.5,1325.5,1338.5,181.0,162.5,381.5,607.5,676.5,769.0,544.0,589.0,577.0,449.5,247.0,227.0,465.0,675.0,724.5,836.5,668.0,763.0,762.0,631.5,273.0,240.0,484.0,712.0,696.0,896.0,737.0,840.0,855.0,721.0,524.0,396.0,538.0,793.0,692.0,1037.0,1113.0,1228.0,1169.0,997.0,1591.0,848.0,525.0,1002.0,538.0,1623.0,3394.0,4008.0,3853.0,3512.0,1716.0,838.0,517.0,1064.0,538.0,1648.0,4183.0,4965.0,4612.0,4955.0,1568.0,751.0,342.0,836.0,345.0,1407.0,4329.0,5122.0,5224.0,5186.0,1504.5,707.5,248.0,731.0,304.5,1258.5,3991.5,5010.0,5068.5,5197.5,1505.0,712.5,185.5,633.5,236.0,1118.0,3903.5,4854.5,5086.5,5176.0,1546.0,1298.0,637.0,784.0,940.0,1029.0,1067.0,1092.0,1188.0,1178.0,1513.0,717.0,201.0,639.0,262.0,1140.0,3726.0,4749.0,4793.0,5010.0,1624.0,783.0,203.0,702.0,291.0,1255.0,3736.0,4607.0,4802.0,4955.0,1741.0,818.0,296.0,809.0,366.0,1385.0,3796.0,4530.0,4663.0,4785.0,1827.0,920.0,473.0,1003.0,570.0,1715.0,3608.0,4222.0,4370.0,4535.0,1831.0,962.0,487.0,1045.0,761.0,1932.0,3427.0,3765.0,4118.0,4209.0,2037.5,1108.5,569.0,1160.5,984.0,2042.0,3322.0,3734.5,3956.0,4066.5,2402.0,1435.0,1314.0,1531.0,1422.0,2362.0,3441.0,3778.0,3997.0,4276.0,4395.0,2832.0,1428.5,1977.0,2730.0,3416.0,3780.5,4036.0,4524.5,4662.0,4349.0,2909.0,1415.0,1970.0,2828.5,3325.5,3706.5,3947.0,4472.0,4544.0,2732.0,2068.0,913.0,1235.0,1655.0,1938.0,1912.0,2141.0,2192.0,2247.0,1649.0,1329.0,728.0,862.0,1049.0,1120.0,1128.0,1184.0,1261.0,1247.0,2732.0,2192.0,918.0,1235.0,1655.0,1938.0,1912.0,2115.0,2192.0,2223.0,2441.0,1981.5,857.5,1074.0,1402.0,1552.5,1645.0,1712.0,1863.5,1883.0,2074.5,1728.0,528.5,674.0,931.0,1047.0,1117.0,1190.0,1342.0,1329.5,2418.0,2083.0,670.0,832.0,1139.0,1283.0,1309.0,1430.0,1556.0,1567.0,1928.0,1541.0,470.0,633.0,881.0,975.0,1073.0,1187.0,1302.0,1295.0,0.0,0.0,0.0,0.0,0.0,0.0,0.0,0.0,0.0,0.0,2269.0,2030.0,842.0,1066.0,1239.0,1428.0,1437.0,1525.0,1629.0,1645.0,2120.0,1735.0,770.0,982.0,1000.0,1292.0,1627.0,1732.0,1757.0,1775.0,1805.0,1378.0,508.0,787.0,755.0,1044.0,1214.0,1290.0,1400.0,1374.0,1805.0,1552.0,651.0,787.0,915.0,1044.0,1214.0,1290.0,1400.0,1374.0,1288.5,1063.5,402.0,460.5,619.5,702.5,730.0,806.5,863.0,891.0,1700.0,1443.0,605.0,755.0,912.0,999.0,1035.0,1114.0,1177.0,1167.0,1655.0,1431.5,638.0,805.5,976.0,1061.0,1084.5,1151.5,1232.0,1218.0,"{""type"":""MultiPoint"",""coordinates"":[]}"
526_0,3,213.5,161.5,188.0,256.5,365.5,440.0,279.5,325.0,319.0,236.5,2059.0,1706.0,738.0,935.0,1135.5,1234.0,1385.5,1476.5,1556.5,1548.0,2076.5,1801.5,759.5,980.5,1191.0,1302.5,1313.5,1399.0,1493.5,1484.5,2256.0,1991.0,928.0,1166.5,1386.5,1497.5,1532.5,1602.5,1677.5,1681.0,2428.0,2085.0,1132.0,1385.0,1595.0,1728.0,1728.0,1818.0,1893.0,1891.0,1187.0,1190.0,1292.0,1535.0,1746.0,1851.0,1605.0,1690.0,1572.0,1510.0,279.0,216.0,631.0,883.0,898.0,1078.0,878.0,961.0,887.0,771.0,437.0,346.0,702.0,978.0,978.0,1305.0,1157.0,1220.0,1156.0,1026.0,371.0,305.0,472.0,757.0,658.0,1100.0,1036.0,1128.0,1033.0,896.0,488.0,330.0,291.0,546.5,424.5,957.5,1356.5,1544.5,1383.5,1278.5,611.5,391.0,183.0,326.0,200.0,688.5,1395.0,1611.5,1493.0,1343.0,228.0,214.0,310.0,409.0,530.0,621.0,508.0,524.0,525.0,441.0,1007.0,608.0,144.0,296.0,187.0,575.0,2017.0,2628.0,2530.0,2433.0,1160.0,619.0,84.0,281.0,137.0,575.0,2220.0,3143.0,3051.0,3023.0,1280.0,621.0,141.0,385.0,188.0,695.0,2681.0,3625.0,3568.0,3642.0,1492.0,750.0,404.0,778.0,474.0,1247.0,3163.0,3845.0,3875.0,3918.0,1515.0,774.0,414.0,832.0,589.0,1436.0,2994.0,3504.0,3752.0,3695.0,1832.0,1076.0,472.5,959.5,906.0,1773.0,2869.5,3212.0,3403.0,3537.0,2753.5,1731.5,1049.5,1473.0,1655.0,2184.0,2777.0,3054.5,3274.0,3419.0,3465.0,2443.5,1042.0,1432.5,1967.0,2421.5,2680.0,2951.0,3213.0,3299.0,3483.5,2438.5,1025.5,1423.0,1990.5,2414.5,2619.0,2871.5,3167.0,3246.5,3550.0,2541.0,970.0,1346.0,2033.0,2464.0,2625.0,2836.0,3011.0,3194.0,207.0,161.0,614.0,635.0,642.0,677.0,520.0,558.0,523.0,430.0,3554.0,2617.0,945.0,1327.0,1883.0,2212.0,2365.0,2544.0,2672.0,2841.0,3377.5,2528.0,911.0,1179.5,1666.0,1980.0,2106.5,2301.0,2515.0,2613.5,2908.5,2284.0,692.0,867.0,1202.5,1391.5,1513.5,1628.0,1837.5,1869.0,1064.0,846.0,390.0,506.0,707.0,881.0,871.0,997.0,1023.0,1037.0,193.0,147.0,109.0,145.0,217.0,292.0,208.0,244.0,241.0,213.0,0.0,0.0,0.0,0.0,0.0,0.0,0.0,0.0,0.0,0.0,145.0,141.0,129.0,243.0,307.0,421.0,241.0,270.0,231.0,174.0,150.0,133.0,140.0,217.0,309.0,369.0,223.0,250.0,231.0,156.0,640.0,463.0,366.0,513.0,634.0,773.0,835.0,901.0,1029.0,1036.0,860.0,565.0,565.0,714.0,835.0,1060.0,1113.0,1207.0,1391.0,1362.0,1981.0,1340.0,690.0,957.0,1227.0,1468.0,1596.0,1700.0,1880.0,1915.0,4048.0,3184.0,1544.0,1936.0,2356.0,2588.0,2746.0,2913.0,3210.0,3144.0,4333.5,3454.0,1734.5,2070.5,2513.5,2751.5,2932.5,3110.5,3341.5,3335.5,"{""type"":""MultiPoint"",""coordinates"":[]}"
527_0,3,1680.5,1411.0,431.5,568.5,801.5,879.0,900.5,1010.5,1129.5,1111.0,2112.5,1853.0,810.0,1069.5,1324.0,1419.5,1484.5,1543.5,1635.0,1615.0,2244.5,1955.5,778.5,1007.5,1298.5,1402.0,1460.0,1555.5,1635.5,1642.0,1623.0,1380.5,704.0,896.0,1109.0,1232.5,1215.0,1280.0,1333.5,1359.0,410.5,305.5,545.0,785.0,693.5,991.0,825.0,981.0,974.0,856.5,410.5,374.0,744.0,888.0,943.5,1095.0,1002.0,1053.5,1097.0,958.5,620.5,490.5,470.5,708.0,558.0,970.5,1167.5,1262.5,1175.0,1144.0,1034.0,710.5,398.0,683.5,468.0,996.5,1839.5,2153.0,1953.0,1983.0,1407.5,746.0,308.0,608.5,358.5,958.0,3040.5,3459.0,3482.5,3798.5,1770.5,933.0,239.0,571.5,367.5,1039.0,2973.0,3805.0,3848.0,3974.0,1695.5,854.5,215.5,432.5,286.0,760.0,2792.5,3841.0,3988.0,4181.0,1949.5,1659.0,519.0,688.5,946.5,1109.5,1096.5,1146.5,1311.0,1325.5,1736.0,874.0,250.0,475.5,294.0,840.0,2935.0,4010.5,4145.0,4325.0,1792.5,836.5,258.5,560.0,346.0,926.0,3164.5,4247.0,4406.0,4566.0,1816.5,922.0,402.5,809.5,553.0,1369.5,3392.0,4305.5,4412.5,4678.5,2057.0,1120.0,586.5,1059.0,859.5,1873.0,3488.5,4206.5,4279.5,4547.5,2157.0,1180.5,604.0,1124.5,997.0,1962.0,3409.0,3843.0,4177.0,4371.0,2388.0,1405.0,633.0,1130.0,1192.0,2061.0,3175.0,3647.0,3859.0,4077.0,3130.5,2010.5,920.5,1330.0,1587.5,2315.5,3010.5,3341.0,3598.0,3828.5,3626.0,2536.0,939.5,1292.5,1832.0,2312.5,2622.0,2874.0,3245.5,3361.0,3429.5,2411.5,844.0,1248.0,1801.5,2246.5,2445.0,2622.0,2844.5,3173.5,2586.5,1965.5,790.0,1087.5,1555.0,1848.5,1919.5,2096.5,2089.5,2234.5,1754.0,1488.0,417.0,583.0,858.0,952.0,1015.0,1074.5,1211.0,1226.5,2614.5,2032.0,835.5,1129.5,1566.0,1824.0,1928.5,2092.5,2121.5,2246.0,2565.0,2005.0,1047.0,1275.5,1616.5,1833.0,1973.0,2066.5,2186.0,2253.0,2287.5,1836.0,672.0,886.0,1177.5,1338.5,1420.5,1536.5,1675.5,1718.5,2472.0,1919.5,789.5,984.0,1298.5,1465.0,1572.0,1690.5,1793.0,1864.5,2077.0,1540.0,1714.5,1717.0,1811.5,1950.0,1983.5,2049.5,2154.5,2141.0,0.0,0.0,0.0,0.0,0.0,0.0,0.0,0.0,0.0,0.0,1533.5,1183.0,388.5,534.5,761.5,838.0,900.5,963.5,1094.0,1092.0,1773.5,1398.0,551.5,661.0,823.0,982.5,1053.5,1103.0,1221.5,1246.0,2223.5,1849.0,683.5,907.5,1114.0,1313.5,1466.0,1510.0,1648.0,1667.0,2169.0,1748.5,657.0,838.5,1053.0,1226.5,1333.0,1456.5,1592.5,1590.5,1930.0,1527.5,481.5,636.0,843.0,1000.0,1074.0,1182.5,1281.5,1330.0,1876.5,1650.0,551.5,708.5,927.5,1000.5,1102.0,1175.5,1297.0,1305.0,1920.0,1714.5,583.0,756.5,963.0,1030.0,1140.0,1227.0,1322.5,1333.0,"{""type"":""MultiPoint"",""coordinates"":[]}"
528_0,3,1016.0,847.5,329.0,405.5,482.5,541.5,548.5,593.0,643.0,635.5,1877.0,1648.0,755.0,957.5,1094.0,1195.0,1228.0,1290.0,1353.0,1348.5,2045.5,1779.0,791.5,1005.0,1167.0,1261.5,1287.5,1364.0,1411.0,1428.5,2462.5,2170.0,1152.5,1402.5,1579.0,1682.0,1694.5,1770.0,1851.5,1842.5,2613.0,2332.0,1260.0,1480.0,1689.0,1813.0,1853.0,1902.0,2020.0,2011.0,2606.0,2320.0,1244.0,1480.0,1689.0,1813.0,1853.0,1902.0,1997.0,2011.0,1919.0,1775.0,1336.0,1576.0,1761.0,1942.0,1905.0,2000.0,1997.0,2022.0,348.0,329.0,822.0,1055.0,1110.0,1303.0,1007.0,1077.0,1034.0,914.0,331.0,277.0,679.0,981.0,1017.0,1239.0,980.0,1045.0,927.0,877.0,344.0,257.5,654.0,953.5,982.5,1205.5,923.0,1022.5,907.5,807.0,412.0,292.0,559.5,882.0,878.5,1085.5,980.5,1101.5,971.0,892.5,1263.5,1089.5,486.5,584.0,687.0,732.0,752.5,789.0,871.5,866.0,921.0,537.0,383.0,654.0,542.0,973.0,1693.0,1929.0,1870.0,1907.0,1073.0,569.0,173.0,441.0,246.0,754.0,2085.0,2488.0,2425.0,2465.0,1222.0,611.0,173.0,401.0,209.0,693.0,2353.0,3214.0,3210.0,3113.0,1448.0,731.0,325.0,559.0,319.0,918.0,2647.0,3458.0,3536.0,3613.0,1432.0,728.0,325.0,684.0,392.0,1123.0,2682.0,3350.0,3486.0,3415.0,1453.5,806.5,382.0,789.5,552.5,1476.0,2734.5,3275.0,3294.5,3307.5,1726.0,1033.0,761.0,1187.0,1215.0,1995.0,2812.0,3090.0,3351.0,3379.0,2284.5,1459.0,710.0,1131.0,1370.5,2063.5,2761.5,3046.5,3330.0,3367.0,2645.0,1838.5,768.5,1242.0,1618.0,2261.5,2653.0,2886.0,3287.0,3325.0,2873.0,1965.0,890.0,1325.0,1933.0,2337.0,2545.0,2720.0,2936.0,3075.0,1310.0,1148.0,529.0,622.0,720.0,753.0,761.0,815.0,893.0,895.0,3462.0,2524.0,984.0,1365.0,1907.0,2289.0,2367.0,2570.0,2653.0,2875.0,3320.0,2499.5,1071.0,1370.5,1818.5,2138.5,2267.5,2429.5,2596.5,2734.5,2989.0,2335.0,818.0,1051.5,1375.5,1641.5,1734.0,1886.5,2025.0,2119.0,3063.0,2460.0,897.0,1083.0,1387.0,1651.0,1730.0,1905.0,2009.0,2111.0,2651.0,1703.0,745.0,948.0,1266.0,1462.0,1571.0,1676.0,1880.0,1925.0,593.0,339.0,466.0,463.0,510.0,573.0,611.0,654.0,714.0,727.0,2227.0,1988.0,841.0,1107.0,1302.0,1398.0,1413.0,1520.0,1613.0,1577.0,1953.0,1714.0,903.0,1045.0,1175.0,1245.0,1288.0,1307.0,1462.0,1360.0,2445.0,2218.0,1001.0,1272.0,1491.0,1610.0,1599.0,1705.0,1811.0,1776.0,1783.0,1580.0,957.0,1057.0,1226.0,1354.0,1356.0,1417.0,1339.0,1544.0,1635.0,1388.0,525.5,688.0,839.5,895.5,907.0,949.0,1041.5,1027.0,1694.0,1479.0,684.0,811.0,924.0,1024.0,1035.0,1108.0,1161.0,1159.0,1749.5,1537.0,688.0,855.5,981.5,1063.5,1083.5,1147.0,1221.0,1202.0,"{""type"":""MultiPoint"",""coordinates"":[]}"
529_0,3,1622.0,1359.0,549.0,697.0,892.0,1001.5,1020.5,1070.5,1169.0,1203.0,2377.5,2058.5,1017.5,1292.5,1527.0,1636.5,1662.0,1748.0,1826.5,1822.5,2393.5,2069.5,917.0,1189.5,1428.0,1545.5,1573.0,1661.5,1733.0,1740.0,2490.0,2144.5,987.0,1272.0,1521.0,1627.5,1668.0,1739.5,1818.5,1830.0,970.0,898.0,909.0,1211.0,1314.0,1396.0,1357.0,1433.0,1478.0,1309.0,271.0,256.0,720.0,1014.0,1093.0,1157.0,776.0,909.0,852.0,647.0,355.0,278.0,647.0,970.0,954.0,1236.0,1039.0,1058.0,1045.0,840.0,531.0,405.0,622.0,970.0,912.0,1339.0,1195.0,1296.0,1244.0,1075.0,639.0,473.0,621.0,955.0,872.0,1339.0,1526.0,1591.0,1567.0,1437.0,648.5,439.0,305.5,578.0,475.5,951.0,1322.5,1577.0,1505.0,1331.5,975.0,596.5,289.0,537.5,368.0,966.0,2187.0,2507.0,2584.0,2377.0,1818.0,1526.0,639.0,803.0,999.0,1084.0,1128.0,1166.0,1263.0,1272.0,1313.0,736.0,311.0,614.0,439.0,1045.0,2551.0,3168.0,3092.0,3022.0,1190.0,653.0,209.0,489.0,339.0,912.0,2519.0,3214.0,3214.0,3079.0,1183.0,611.0,189.0,430.0,285.0,874.0,2611.0,3340.0,3252.0,3177.0,1323.0,687.0,363.0,683.0,351.0,1086.0,2949.0,3486.0,3611.0,3550.0,1529.0,795.0,385.0,884.0,493.0,1447.0,3176.0,3704.0,3943.0,3836.0,1621.0,891.0,422.0,963.5,592.5,1683.5,2966.0,3286.5,3456.5,3417.0,2073.0,1174.0,769.0,1283.0,1241.0,2105.0,2740.0,3007.0,3284.0,3263.0,2345.0,1499.5,717.5,1260.5,1380.5,2144.5,2750.0,2987.0,3257.5,3264.0,2784.5,1948.0,827.5,1257.5,1626.0,2181.0,2600.5,2755.0,3025.5,3119.0,2868.0,2012.0,936.0,1289.0,1827.0,2177.0,2230.0,2462.0,2528.0,2667.0,1702.0,1421.0,454.0,652.0,893.0,1003.0,1020.0,1097.0,1198.0,1196.0,2862.0,2012.0,790.0,1144.0,1570.0,1829.0,1935.0,2069.0,2177.0,2343.0,2797.5,2085.0,845.5,1116.0,1503.5,1728.0,1824.5,1963.0,2097.5,2179.0,2464.0,1948.5,643.5,834.5,1104.0,1260.0,1336.5,1468.0,1593.0,1609.0,2557.0,2093.0,734.0,906.0,1163.0,1320.0,1384.0,1540.0,1651.0,1677.0,2149.0,1621.0,484.0,619.0,877.0,1001.0,1097.0,1190.0,1340.0,1356.0,934.0,795.0,812.0,786.0,820.0,846.0,842.0,895.0,995.0,937.0,1600.0,1285.0,503.0,672.0,869.0,971.0,969.0,1024.0,1143.0,1115.0,1845.0,1574.0,639.0,813.0,1011.0,1092.0,1118.0,1170.0,1270.0,1268.0,2219.0,1931.0,786.0,1030.0,1259.0,1385.0,1387.0,1461.0,1579.0,1627.0,1817.0,1546.0,987.0,1182.0,1375.0,1433.0,1452.0,1476.0,1761.0,1555.0,1817.0,1546.0,552.0,714.0,918.0,1003.0,996.0,1066.0,1127.0,1165.0,1853.0,1620.0,705.0,819.0,996.0,1083.0,1114.0,1166.0,1252.0,1282.0,2088.0,1832.0,810.5,995.5,1202.0,1288.0,1333.0,1389.5,1502.5,1481.0,"{""type"":""MultiPoint"",""coordinates"":[]}"
530_0,3,2720.5,1973.0,805.0,934.5,1216.5,1366.0,1508.0,1644.5,1831.0,1904.5,2343.0,2156.0,657.0,894.0,1215.0,1349.0,1360.0,1460.0,1563.0,1634.0,2441.0,2296.0,761.0,981.0,1301.0,1438.0,1431.0,1533.0,1644.0,1684.0,2659.5,2464.5,871.5,1142.0,1503.0,1647.0,1694.5,1793.5,1872.0,1927.5,678.0,605.0,665.0,814.0,1041.0,1116.0,925.0,966.0,970.0,821.0,678.0,605.0,940.0,1004.0,1059.0,1149.0,925.0,966.0,970.0,821.0,390.0,319.0,247.0,525.0,346.0,735.0,739.0,790.0,722.0,649.0,1429.0,825.0,247.0,607.0,338.0,920.0,2072.0,2356.0,2298.0,2402.0,1505.0,807.0,192.0,493.0,216.0,855.0,2420.0,3006.0,3025.0,3094.0,1321.5,646.5,75.5,313.5,79.0,574.0,2500.0,3389.0,3383.5,3377.5,1298.5,608.0,66.5,285.0,67.5,542.0,2559.0,3728.5,3790.0,3840.0,3216.0,2411.0,1282.0,1394.5,1603.5,1789.0,1846.5,1969.0,2179.0,2228.5,1290.0,595.0,45.5,197.0,31.0,385.0,2486.0,4019.5,4057.0,4168.0,1144.5,534.0,39.5,192.5,5.5,401.0,2560.0,4152.0,4217.0,4227.0,1139.0,514.0,450.0,721.0,459.0,1006.0,2789.0,4104.0,4134.0,4202.0,1306.0,659.0,564.0,912.0,624.0,1369.0,3112.0,4026.0,4244.0,4285.0,1300.0,659.0,458.0,870.0,624.0,1392.0,3044.0,3819.0,4052.0,4053.0,1440.0,783.0,396.0,867.0,807.0,1583.0,2905.0,3388.0,3644.0,3735.0,2124.5,1208.5,810.0,1383.5,1518.0,2305.5,3120.0,3535.0,3875.0,3884.5,2761.0,1718.5,1124.0,1631.5,2062.5,2702.5,3259.0,3593.5,3991.5,4035.5,3781.0,2747.0,1011.0,1343.0,2062.0,2476.0,2716.0,2984.0,3289.0,3451.0,3610.5,2427.5,950.0,1384.0,2111.5,2565.5,2703.5,2920.0,3184.0,3407.5,3488.0,2670.0,775.5,1008.0,1422.5,1653.0,1713.0,1877.5,2181.0,2297.0,3935.0,2719.5,925.5,1297.0,1899.0,2285.5,2441.0,2671.5,2872.0,3138.0,4623.0,3767.0,2526.5,2733.5,3133.5,3495.5,3566.5,3709.5,3952.5,4030.0,3137.0,2287.5,772.5,989.5,1356.5,1618.5,1746.5,1922.0,2114.5,2234.0,3254.0,2423.0,850.5,1046.5,1374.0,1660.5,1796.0,1955.5,2115.0,2262.0,2788.0,1991.5,613.5,835.0,1189.0,1423.0,1583.0,1732.5,1964.0,2029.0,0.0,0.0,0.0,0.0,0.0,0.0,0.0,0.0,0.0,0.0,3684.0,2769.0,830.0,1151.0,1613.0,1893.0,2036.0,2182.0,2395.0,2495.0,2909.0,2078.0,892.0,1018.5,1262.0,1447.5,1567.5,1722.0,2135.5,1939.0,3502.0,2633.0,870.0,1139.5,1444.5,1760.0,2041.5,2221.0,2480.0,2548.0,1914.0,1685.0,547.5,677.5,921.5,1059.0,1081.0,1147.5,1248.0,1288.5,2117.0,1857.0,586.0,724.0,1034.0,1176.0,1155.0,1215.0,1304.0,1365.0,2009.0,1871.0,569.0,690.0,971.0,1059.0,1094.0,1143.0,1248.0,1295.0,2141.0,1975.5,600.5,797.5,1087.5,1201.0,1226.5,1323.0,1419.0,1451.0,"{""type"":""MultiPoint"",""coordinates"":[]}"
531_0,3,1532.5,1279.0,716.0,776.0,846.5,1014.5,1145.0,1205.0,1285.5,1295.5,2563.0,2407.0,940.0,1198.0,1520.0,1652.0,1695.0,1773.0,1889.0,1876.0,2588.0,2512.0,939.0,1155.0,1463.0,1606.0,1652.0,1759.0,1857.0,1867.0,672.0,627.5,605.0,777.5,850.0,1009.0,839.5,890.0,782.5,759.0,256.5,202.5,312.5,475.5,438.0,596.0,414.0,492.5,454.0,365.5,424.5,312.5,341.5,579.5,419.5,765.5,861.5,963.0,918.5,818.0,792.0,521.0,286.0,566.0,330.0,855.0,1425.0,1557.0,1426.0,1401.0,880.0,584.0,273.0,566.0,318.0,888.0,1551.0,1655.0,1688.0,1570.0,1159.0,663.0,142.0,370.0,129.0,703.0,2017.0,2458.0,2464.0,2464.0,1328.0,638.5,89.5,287.0,73.5,553.0,2484.5,3768.0,3753.5,3772.5,1295.5,602.5,64.0,239.0,55.0,436.0,2482.5,4047.0,4151.5,4201.5,1787.5,1469.5,810.0,848.5,885.5,1081.5,1321.0,1410.5,1545.5,1516.5,1336.5,623.0,65.5,235.5,53.5,457.0,2582.5,4323.5,4407.0,4549.5,1359.0,628.0,163.0,533.5,210.0,942.0,3095.0,4465.5,4607.5,4795.0,1463.0,696.0,533.0,847.0,604.0,1271.0,3282.0,4318.0,4432.0,4624.0,1583.0,838.0,657.0,1014.0,854.0,1599.0,3168.0,3775.0,3996.0,4093.0,1644.0,900.0,531.0,967.0,854.0,1599.0,2862.0,3422.0,3757.0,3808.0,2141.0,1233.0,558.0,1001.0,1055.0,1908.0,2970.0,3327.0,3607.0,3742.0,4494.0,3138.0,1120.5,1561.5,2113.5,2586.5,3074.5,3354.0,3713.0,3871.0,4683.0,3393.0,1163.0,1622.0,2334.0,2816.0,3085.0,3345.0,3673.0,3674.0,4423.0,3185.0,1229.0,1665.0,2380.0,2744.0,2978.0,3242.0,3666.0,3679.0,4172.0,3077.5,1112.5,1526.0,2182.5,2544.0,2717.5,2944.0,3179.0,3337.5,1628.0,1301.0,485.0,634.0,705.0,968.0,1309.0,1362.0,1494.0,1480.0,4115.0,3210.0,939.0,1278.0,1757.0,2067.0,2240.0,2442.0,2524.0,2743.0,2911.0,2809.0,852.0,918.0,1046.0,1248.0,1303.0,1421.0,1488.0,1599.0,2524.5,2391.0,522.5,638.0,819.0,1004.5,1165.5,1274.5,1366.0,1434.5,2553.0,2478.5,589.5,690.5,841.0,1027.5,1174.5,1296.0,1338.5,1446.0,2259.0,1840.0,440.0,619.0,846.5,1068.0,1315.0,1405.5,1593.0,1674.5,0.0,0.0,0.0,0.0,0.0,0.0,0.0,0.0,0.0,0.0,1531.0,1139.0,285.0,539.0,598.0,967.0,1455.0,1605.0,1728.0,1687.0,1367.5,1208.0,614.0,676.0,580.0,875.0,1322.0,1457.5,1617.0,1571.5,1743.5,1283.5,385.5,678.0,669.0,1148.5,1925.0,2073.5,2213.0,2183.5,1785.5,1430.0,505.0,692.5,768.0,1091.0,1569.5,1711.0,1842.5,1834.0,1869.0,1616.0,508.0,662.0,842.0,1059.0,1195.0,1253.0,1389.0,1404.0,2301.5,2137.0,770.5,992.5,1255.0,1392.5,1463.0,1539.5,1677.5,1671.5,2519.5,2417.5,852.5,1100.0,1411.5,1543.0,1602.5,1702.5,1812.0,1812.5,"{""type"":""MultiPoint"",""coordinates"":[]}"
532_0,3,1248.5,1106.5,369.0,465.5,583.5,626.5,637.0,697.0,749.5,762.0,2092.5,1903.5,733.0,954.5,1128.5,1222.5,1254.5,1324.0,1420.5,1397.5,2280.0,2079.5,787.0,1029.0,1214.5,1327.0,1361.5,1431.5,1495.0,1522.5,2762.5,2511.5,1121.5,1409.0,1642.0,1774.0,1790.0,1866.5,1949.5,1995.0,2941.0,2733.0,1261.0,1520.0,1765.0,1908.0,1934.0,2035.0,2154.0,2129.0,2631.0,2457.0,1211.0,1512.0,1765.0,1896.0,1934.0,2032.0,2062.0,1943.0,323.0,285.0,814.0,1038.0,1061.0,1167.0,837.0,823.0,826.0,641.0,376.0,340.0,869.0,1122.0,1200.0,1322.0,866.0,964.0,902.0,783.0,285.0,215.0,605.0,893.0,926.0,1102.0,781.0,876.0,794.0,663.0,273.5,206.5,487.0,824.5,765.0,1053.0,751.0,863.5,736.0,631.0,296.5,214.5,404.5,690.0,581.5,940.0,801.0,893.0,772.5,660.0,1442.0,1275.0,480.0,602.0,723.0,794.0,834.0,876.0,985.0,963.0,607.0,375.0,366.0,629.0,462.0,964.0,1207.0,1283.0,1253.0,1137.0,645.0,375.0,162.0,339.0,191.0,613.0,1241.0,1399.0,1372.0,1228.0,878.0,467.0,162.0,338.0,168.0,607.0,1749.0,2319.0,2277.0,2072.0,1113.0,570.0,294.0,536.0,276.0,824.0,2151.0,2570.0,2703.0,2449.0,1131.0,602.0,299.0,635.0,346.0,1003.0,2191.0,2572.0,2673.0,2541.0,1182.0,663.0,361.0,772.0,549.5,1308.0,2235.0,2509.5,2685.0,2651.0,1930.5,1131.5,903.0,1338.5,1507.0,2089.5,2645.0,2911.0,3168.0,3155.0,2476.5,1619.0,804.0,1197.5,1508.5,2053.5,2539.0,2833.5,3141.0,3142.5,3143.0,2209.0,969.0,1375.0,1858.0,2204.0,2428.0,2631.0,2997.0,3012.0,2849.0,2079.0,892.0,1260.5,1768.0,2110.5,2178.0,2406.0,2498.5,2656.0,1544.0,1154.0,566.0,679.0,802.0,869.0,890.0,902.0,1011.0,1015.0,3127.0,2398.0,928.0,1290.0,1790.0,2182.0,2208.0,2460.0,2415.0,2692.0,3014.5,2344.5,972.5,1237.5,1617.0,1873.5,1950.5,2095.5,2244.5,2327.5,2744.0,2213.5,782.0,975.5,1271.5,1480.0,1542.5,1653.0,1778.5,1864.5,2655.0,2150.0,841.0,1011.0,1304.0,1518.0,1590.0,1683.0,1804.0,1902.0,2381.0,1535.0,723.0,876.0,1126.0,1245.0,1339.0,1428.0,1618.0,1655.0,0.0,0.0,0.0,0.0,0.0,0.0,0.0,0.0,0.0,0.0,2355.0,2139.0,874.0,1115.0,1347.0,1450.0,1491.0,1540.0,1660.0,1642.0,379.0,336.0,274.0,250.0,240.0,244.0,248.0,268.0,275.0,280.0,2645.0,2422.0,1008.0,1297.0,1569.0,1672.0,1695.0,1788.0,1890.0,1886.0,2818.0,2508.0,1184.0,1463.0,1701.0,1831.0,1832.0,1958.0,2091.0,2043.0,2035.0,1792.0,615.0,794.0,996.0,1089.0,1062.0,1143.0,1220.0,1237.0,1911.0,1740.0,620.0,798.0,975.0,1062.0,1101.0,1182.0,1242.0,1240.0,1978.5,1818.0,690.0,852.5,1010.5,1102.0,1140.5,1208.5,1301.5,1278.5,"{""type"":""MultiPoint"",""coordinates"":[]}"
533_0,3,1763.5,1481.0,460.5,619.0,847.0,976.5,1049.0,1088.5,1174.5,1204.0,2396.0,2047.5,890.0,1187.0,1458.5,1581.0,1625.5,1695.5,1806.5,1815.0,2415.5,2069.5,836.5,1103.0,1397.0,1518.0,1552.0,1630.0,1741.0,1749.5,2341.0,2036.0,820.5,1069.5,1339.0,1465.5,1485.5,1564.0,1664.5,1676.5,252.0,223.0,459.0,683.0,726.0,914.0,706.0,796.0,764.0,666.5,366.5,331.5,735.5,977.0,1030.5,1241.5,1051.5,1106.0,1143.0,1041.5,841.5,563.5,553.5,769.0,733.0,1144.5,1622.5,1702.5,1582.5,1500.5,1316.5,829.5,439.5,786.5,454.5,1153.5,2369.5,2525.0,2467.0,2443.5,1506.5,783.0,260.0,633.5,263.5,1069.0,3378.5,4190.0,4226.0,4229.0,1764.5,965.0,293.0,662.0,537.5,1292.5,2929.5,3593.0,3840.5,4048.0,1930.5,1078.5,308.5,677.5,569.5,1274.0,2802.5,3430.5,3687.5,3879.0,2058.5,1732.0,560.5,756.0,1015.5,1147.0,1189.0,1291.0,1346.5,1383.0,1842.0,1005.5,280.5,625.0,463.0,1199.5,2716.5,3338.5,3546.5,3728.0,1638.0,859.0,261.0,584.0,412.0,1077.5,2689.5,3389.5,3546.0,3725.0,1568.0,823.0,276.5,582.5,361.5,1037.5,2809.0,3468.0,3559.5,3766.5,1810.0,936.0,456.0,937.5,545.5,1536.5,3364.0,3916.5,4080.5,4173.0,1886.0,985.5,452.5,1008.0,629.5,1665.5,3290.0,3740.0,3985.5,4005.5,2023.0,1150.0,498.0,1143.0,892.0,2074.0,3107.0,3442.0,3649.0,3776.0,2351.0,1346.5,793.5,1454.5,1499.0,2480.0,3166.5,3470.0,3732.5,3867.5,2606.0,1601.0,785.5,1423.0,1551.5,2533.5,2959.5,3246.5,3637.0,3748.5,3843.5,2632.5,1083.5,1507.5,2113.5,2639.0,2935.5,3247.0,3650.5,3786.0,3199.0,2268.5,928.5,1278.0,1858.5,2206.0,2318.0,2549.5,2721.5,2907.0,1889.5,1587.5,450.5,642.5,906.5,1023.0,1087.5,1182.0,1263.5,1302.5,2518.0,1991.0,837.0,1117.0,1514.0,1740.5,1785.5,1907.0,2042.0,2119.0,2059.0,1635.0,832.0,1039.5,1314.0,1458.5,1520.0,1602.5,1718.0,1752.0,2257.5,1858.0,674.0,881.0,1175.0,1323.0,1401.5,1500.0,1640.0,1645.5,2272.0,1833.0,747.5,974.5,1249.5,1396.5,1478.5,1562.5,1695.0,1691.0,2004.0,1559.5,563.0,703.5,947.0,1066.5,1167.0,1232.5,1383.0,1379.5,0.0,0.0,0.0,0.0,0.0,0.0,0.0,0.0,0.0,0.0,1653.5,1326.5,451.0,649.0,829.0,944.0,970.5,1071.5,1151.0,1150.5,1781.5,1552.5,548.5,663.5,840.5,942.5,1016.0,1076.5,1138.0,1201.0,2206.5,1886.0,670.5,919.0,1116.5,1260.5,1326.0,1396.0,1517.5,1566.0,2197.0,1871.0,674.0,866.0,1075.5,1216.0,1261.0,1376.5,1496.0,1477.5,2109.0,1754.0,671.5,803.5,1000.5,1129.0,1214.5,1315.0,1349.5,1426.0,1858.0,1557.0,556.5,707.0,909.0,1003.0,1057.0,1133.0,1221.0,1249.0,2171.5,1893.0,734.5,971.5,1234.0,1368.0,1379.0,1475.0,1570.0,1583.5,"{""type"":""MultiPoint"",""coordinates"":[]}"
534_0,3,1478.5,1211.5,644.5,683.5,781.0,947.5,1065.0,1120.0,1202.0,1220.0,2610.0,2468.0,916.0,1184.0,1511.0,1655.0,1652.0,1768.0,1892.0,1895.0,2656.0,2602.0,914.0,1149.0,1452.0,1596.0,1648.0,1748.0,1844.0,1870.0,691.0,682.5,589.5,763.5,921.5,1038.0,925.5,952.5,861.5,859.5,330.5,336.0,454.5,599.0,607.0,716.0,508.5,581.5,500.5,477.0,589.0,418.0,357.5,667.0,434.0,956.5,1312.0,1398.0,1405.0,1239.5,755.0,531.0,326.0,646.0,382.0,956.0,1315.0,1400.0,1466.0,1287.0,920.0,557.0,190.0,455.0,233.0,804.0,1640.0,1878.0,1785.0,1780.0,805.0,516.0,77.0,256.0,47.0,509.0,1437.0,1889.0,1735.0,1667.0,1163.5,548.5,43.5,228.0,0.0,437.0,2346.0,3524.0,3495.5,3492.5,1209.0,542.5,16.5,180.5,0.0,354.0,2464.5,4116.0,4149.0,4121.0,2390.0,2017.0,1559.5,1650.0,1723.0,1921.5,2049.5,2114.5,2137.0,2168.5,1251.0,546.0,24.5,159.5,0.0,330.0,2572.0,4529.0,4626.5,4727.5,1264.5,548.5,102.5,390.0,84.0,770.0,3029.0,4626.0,4787.5,4948.0,1386.0,640.0,503.0,822.0,563.0,1234.0,3357.0,4508.0,4539.0,4708.0,1540.0,800.0,641.0,1001.0,819.0,1614.0,3167.0,3808.0,4080.0,4181.0,1566.0,847.0,534.0,961.0,823.0,1614.0,2927.0,3503.0,3760.0,3865.0,1888.0,1089.0,491.0,940.0,1013.0,1774.0,2788.0,3181.0,3430.0,3553.0,4487.5,3143.5,1076.5,1503.5,2039.0,2488.5,2907.0,3198.5,3507.0,3626.0,4709.0,3440.0,1135.0,1571.0,2318.0,2716.0,2964.0,3208.0,3455.0,3514.0,4613.0,3376.0,1146.0,1582.0,2352.0,2685.0,2940.0,3159.0,3528.0,3576.0,4087.0,2923.0,1013.5,1363.5,2001.0,2326.0,2486.0,2761.0,2907.0,3141.5,1745.0,1427.0,500.0,680.0,853.0,1066.0,1337.0,1439.0,1605.0,1569.0,4053.5,3139.5,926.0,1205.5,1645.5,1968.0,2120.5,2319.0,2491.5,2668.0,3037.5,2583.0,880.5,1014.5,1267.5,1460.5,1605.0,1732.5,1876.0,1952.5,2431.5,2274.5,549.0,649.5,796.5,980.5,1174.0,1228.5,1407.5,1469.5,2531.5,2346.0,601.0,707.0,840.5,1045.5,1258.0,1365.5,1482.5,1560.5,2076.0,1645.0,361.5,552.0,707.5,973.5,1304.0,1433.5,1578.5,1663.5,0.0,0.0,0.0,0.0,0.0,0.0,0.0,0.0,0.0,0.0,1653.0,1246.0,286.0,527.0,649.0,998.0,1441.0,1510.0,1649.0,1618.0,2081.0,1856.5,720.5,914.0,1100.0,1483.0,2062.5,2235.5,1807.5,2310.0,1826.0,1354.5,413.5,693.0,720.5,1179.5,1916.5,2053.0,2204.5,2194.5,1902.5,1554.5,530.0,716.5,851.5,1122.5,1545.5,1681.0,1811.5,1817.5,1985.0,1773.0,537.0,707.0,938.0,1113.0,1213.0,1320.0,1421.0,1429.0,2167.0,2052.5,691.0,892.0,1124.5,1275.5,1353.0,1456.0,1575.5,1577.5,2577.0,2492.5,854.5,1118.5,1431.0,1568.0,1588.5,1693.0,1809.5,1807.0,"{""type"":""MultiPoint"",""coordinates"":[]}"
535_0,3,148.5,138.5,122.5,168.0,276.5,354.0,240.5,266.0,227.0,183.5,2248.0,1841.0,718.5,944.0,1188.0,1320.5,1385.5,1477.5,1637.5,1619.5,2346.0,1974.0,824.0,1042.5,1296.0,1440.0,1503.0,1596.0,1708.5,1742.0,2477.0,2163.0,1040.5,1309.5,1548.0,1686.5,1716.0,1790.0,1880.5,1884.5,2565.0,2294.0,1253.0,1488.0,1703.0,1821.0,1863.0,1939.0,2064.0,2021.0,1704.0,1629.0,1100.0,1313.0,1505.0,1584.0,1606.0,1671.0,1735.0,1741.0,225.0,186.0,570.0,856.0,873.0,1025.0,747.0,814.0,745.0,645.0,449.0,319.0,655.0,979.0,901.0,1290.0,1126.0,1239.0,1071.0,945.0,579.0,461.0,510.0,865.0,660.0,1167.0,1177.0,1346.0,1233.0,1063.0,839.0,555.5,280.5,571.0,370.5,995.0,1794.0,2040.5,1888.0,1793.0,1176.0,631.5,191.5,466.0,305.0,917.5,2282.0,2862.5,2785.0,2832.0,156.0,155.0,183.0,259.0,322.0,432.0,301.0,350.0,338.0,253.0,1148.0,600.0,186.0,389.0,251.0,773.0,2178.0,2768.0,2551.0,2642.0,1163.0,585.0,90.0,340.0,120.0,669.0,2383.0,3088.0,2990.0,3086.0,1213.0,603.0,146.0,446.0,210.0,823.0,2596.0,3409.0,3289.0,3345.0,1345.0,691.0,419.0,831.0,532.0,1385.0,2832.0,3328.0,3328.0,3438.0,1361.0,749.0,453.5,912.5,681.5,1598.5,2619.0,2926.5,3056.0,3057.5,1905.0,1153.5,503.5,930.5,1098.5,1753.5,2339.5,2607.5,2775.0,2902.5,2218.5,1325.5,753.5,1198.5,1474.5,1978.5,2497.0,2707.0,2941.5,3041.5,2517.5,1630.5,806.5,1215.0,1550.0,2090.0,2479.5,2739.5,2972.5,3109.0,4154.5,2806.0,1173.5,1696.0,2430.0,2976.0,3222.5,3548.5,3877.0,3947.5,4255.0,2907.0,1295.0,1805.0,2625.0,3032.0,3263.0,3490.0,3706.0,3910.0,156.0,155.0,214.0,243.0,320.0,432.0,288.0,343.0,338.0,253.0,4300.0,3063.0,1181.0,1690.0,2391.0,2808.0,3013.0,3194.0,3227.0,3563.0,4141.5,3024.5,1145.0,1532.0,2137.5,2462.5,2589.5,2811.0,3063.5,3155.0,3730.0,2916.5,864.5,1110.5,1522.0,1771.0,1865.5,2018.0,2188.5,2299.5,235.0,204.0,273.0,396.0,578.0,709.0,551.0,619.0,596.0,507.0,124.0,125.0,70.0,118.0,192.0,253.0,147.0,184.0,167.0,113.0,184.0,164.0,174.0,243.0,277.0,302.0,246.0,275.0,319.0,273.0,103.0,95.0,64.0,152.0,247.0,332.0,183.0,239.0,210.0,148.0,322.0,253.0,229.0,309.0,494.0,660.0,738.0,834.0,877.0,923.0,3375.0,2494.0,1120.0,1427.0,1870.0,2056.0,2215.0,2366.0,2691.0,2663.0,1149.0,801.0,690.0,741.0,938.0,1158.0,1229.0,1380.0,1638.0,1687.0,3498.0,2451.0,1200.0,1559.0,2040.0,2289.0,2354.0,2564.0,2915.0,2819.0,4379.0,3490.0,1567.0,1907.0,2392.0,2660.0,2773.0,3003.0,3323.0,3279.0,4282.0,3390.5,1568.5,1850.0,2307.5,2554.0,2673.5,2862.5,3234.0,3171.0,"{""type"":""MultiPoint"",""coordinates"":[]}"
536_0,3,2052.0,1765.0,646.0,804.5,1074.0,1222.0,1239.0,1299.5,1419.5,1449.5,2567.5,2211.0,975.0,1291.0,1616.5,1734.5,1783.5,1863.5,1972.0,1947.0,2583.5,2215.0,955.0,1253.0,1585.5,1710.0,1702.5,1778.5,1902.0,1916.0,2522.5,2206.0,1019.5,1316.0,1637.5,1770.5,1786.5,1845.5,1976.5,1949.0,1049.0,1082.5,1016.0,1300.0,1490.5,1725.5,1602.0,1687.5,1510.5,1636.0,300.5,267.0,551.0,794.0,853.5,1074.5,972.5,1067.5,1034.5,954.5,829.5,558.0,551.0,778.0,745.5,1136.0,1690.5,1846.5,1787.0,1744.5,1372.0,800.5,429.0,743.0,445.0,1091.0,2422.0,2629.5,2707.0,2612.5,1444.0,727.0,246.0,573.5,278.0,1005.0,2999.0,3685.5,3719.0,3774.0,1617.0,869.5,242.5,580.5,406.0,1102.5,2860.0,3550.5,3643.0,3872.0,1649.0,883.0,262.0,599.0,429.5,1116.5,2860.0,3601.5,3716.5,3955.0,2316.0,2011.0,691.0,897.5,1196.5,1339.5,1365.5,1465.0,1544.5,1564.0,1568.5,818.5,210.5,543.0,346.0,1039.0,2861.5,3568.5,3679.5,3907.5,1407.0,714.0,207.0,513.5,293.0,960.5,2865.0,3584.0,3684.0,3886.5,1476.0,714.0,235.0,619.5,271.5,1087.0,3182.5,3799.0,3905.0,4125.0,1792.0,899.5,476.5,1031.0,531.5,1692.5,3560.5,4105.5,4268.5,4368.0,1814.0,961.5,465.0,1095.0,644.0,1781.0,3349.5,3785.5,4038.5,4097.5,1948.0,1092.0,574.0,1226.0,1055.0,2251.0,3275.0,3632.0,3854.0,3960.0,2323.0,1327.5,876.0,1594.0,1595.5,2672.5,3390.5,3710.5,3985.0,4148.0,2708.5,1626.0,873.5,1486.5,1826.0,2599.5,3096.0,3411.5,3743.0,3792.0,3810.0,2603.5,1070.5,1562.0,2065.0,2599.5,2897.5,3179.5,3554.5,3689.0,3219.0,2261.5,928.0,1315.0,1938.0,2348.0,2475.0,2760.5,2857.0,3088.0,2179.5,1898.5,587.5,811.5,1080.0,1210.5,1285.0,1350.0,1470.5,1483.5,2578.0,1992.0,865.0,1154.5,1630.5,1887.0,1894.0,2076.5,2172.0,2266.0,2614.5,2034.0,959.0,1184.5,1577.5,1821.0,1832.0,1958.0,2100.5,2179.5,2325.5,1889.5,699.0,916.0,1223.0,1409.5,1442.0,1564.5,1678.5,1733.5,2412.5,1889.0,771.5,970.0,1291.5,1505.5,1519.0,1658.0,1726.5,1811.5,2090.5,1539.0,588.5,716.5,1001.5,1149.0,1204.5,1307.5,1457.5,1480.0,0.0,0.0,0.0,0.0,0.0,0.0,0.0,0.0,0.0,0.0,1999.5,1792.5,587.5,766.0,1012.0,1093.5,1143.5,1212.5,1307.0,1333.0,2048.0,1810.5,638.5,761.0,963.0,1089.5,1092.5,1133.0,1245.0,1246.0,2373.5,2144.5,709.0,938.0,1153.5,1291.0,1327.0,1384.0,1492.5,1491.5,2504.5,2219.5,773.5,944.5,1212.0,1326.5,1303.0,1399.5,1530.5,1548.0,2264.0,1986.0,717.0,848.0,1083.0,1186.0,1195.0,1273.0,1397.5,1422.5,2105.0,1849.5,660.0,830.5,1066.5,1179.5,1212.0,1288.0,1393.0,1412.5,2357.0,2033.5,824.0,1114.0,1396.0,1533.5,1560.5,1609.5,1729.5,1760.5,"{""type"":""MultiPoint"",""coordinates"":[]}"
537_0,3,1264.0,1164.5,201.0,277.0,369.5,423.5,435.0,503.0,550.5,567.0,2080.5,1938.0,527.5,674.5,847.0,921.0,910.0,990.5,1099.5,1127.0,2257.0,2097.0,570.0,700.0,892.5,967.0,944.0,1022.0,1111.0,1155.0,2347.0,2192.0,612.0,717.0,920.0,1001.0,1015.0,1092.0,1183.0,1229.0,2151.5,2085.5,565.5,653.0,823.0,883.0,906.5,985.0,1089.5,1117.5,2525.0,2284.0,697.0,842.0,1031.0,1143.0,1216.0,1296.0,1422.0,1434.0,2269.0,1771.0,613.0,819.0,860.0,1164.0,1949.0,2122.0,2211.0,2228.0,2184.0,1366.0,698.0,875.0,848.0,1205.0,2905.0,3527.0,3560.0,3580.0,2043.0,1029.0,851.0,1016.0,802.0,1302.0,3935.0,4833.0,4826.0,4831.0,2062.5,860.0,866.5,1034.5,728.5,1384.5,5045.0,6493.5,6495.5,6554.0,1948.0,789.0,789.0,945.5,662.5,1290.5,5136.0,6804.5,6971.0,6931.5,1658.0,1568.0,265.5,383.0,527.5,600.5,639.0,714.0,776.5,792.0,1865.0,764.0,676.0,833.0,591.0,1220.0,4809.0,6603.0,6800.0,6725.0,1865.0,840.0,699.0,833.0,631.0,1303.0,4369.0,5832.0,6117.0,5993.0,2592.0,2249.0,669.0,817.0,1017.0,1174.0,1199.0,1328.0,1386.0,1499.0,2046.0,1884.0,613.0,660.0,792.0,874.0,900.0,1007.0,1033.0,1112.0,1420.0,1094.0,411.0,455.0,577.0,614.0,593.0,681.0,743.0,789.0,1667.0,1587.0,425.0,500.0,631.0,697.0,705.0,766.0,834.0,877.0,1981.5,1793.5,588.5,697.5,833.0,937.5,1010.0,1084.5,1148.5,1203.5,2188.0,1951.0,558.0,737.0,863.0,1012.0,1161.0,1274.0,1346.0,1383.0,2081.0,1722.0,560.0,768.0,823.0,1085.0,1487.0,1623.0,1717.0,1711.0,1739.0,1125.0,380.0,760.0,444.0,1167.0,2269.0,2473.0,2466.0,2564.0,1473.0,1332.0,344.0,439.0,514.0,564.0,588.0,647.0,710.0,726.0,1930.5,1295.0,407.5,822.5,569.0,1314.5,2564.0,2877.5,2892.0,2940.5,1469.0,1397.0,176.0,274.0,395.0,453.0,491.0,561.0,616.0,663.0,1621.0,1484.0,263.0,370.0,513.0,587.0,611.0,672.0,807.0,820.0,2452.0,2290.5,1493.0,1504.0,1591.5,1735.0,1716.0,1748.5,1898.0,1815.0,1129.5,1046.5,222.0,263.5,362.0,402.0,434.0,479.0,529.0,532.5,1127.0,1014.0,623.5,572.0,620.5,686.5,710.0,750.5,762.5,806.5,1416.0,1317.0,359.0,439.0,514.0,564.0,588.0,647.0,710.0,726.0,1416.0,1356.0,277.0,323.0,405.0,484.0,508.0,589.0,606.0,649.0,1725.0,1606.5,283.5,417.0,561.0,636.0,662.5,738.0,831.0,849.0,1486.0,1353.0,301.0,342.0,467.0,516.0,539.0,594.0,646.0,684.0,1434.5,1278.5,311.5,347.0,454.5,506.0,533.5,581.5,650.0,682.5,1966.5,1837.0,405.0,527.5,690.5,756.0,794.0,858.5,943.0,992.5,1964.0,1817.5,454.0,579.5,751.0,795.0,811.5,892.0,986.0,1016.0,"{""type"":""MultiPoint"",""coordinates"":[]}"
538_0,3,1771.0,1459.5,608.5,744.0,969.0,1057.5,1121.5,1165.0,1275.0,1280.5,2178.0,1823.5,818.0,1037.0,1254.0,1363.5,1416.0,1497.0,1620.5,1572.5,2362.0,2005.0,950.5,1233.0,1503.5,1624.0,1650.0,1699.5,1795.0,1788.0,2690.5,2264.0,1218.5,1564.0,1875.5,1995.5,1996.5,2050.5,2140.5,2114.0,2264.0,1969.0,1278.0,1597.0,1822.0,1976.0,1974.0,2012.0,1887.0,1908.0,504.0,482.0,1278.0,1597.0,1638.0,1801.0,1395.0,1394.0,1343.0,1112.0,302.0,228.0,713.0,996.0,1027.0,1371.0,1021.0,1147.0,1120.0,1096.0,421.0,309.0,702.0,996.0,1011.0,1371.0,1324.0,1380.0,1425.0,1243.0,609.0,508.0,549.0,827.0,724.0,1060.0,1198.0,1341.0,1121.0,1095.0,1307.0,724.5,297.5,584.5,374.0,928.5,2298.0,2755.0,2701.0,2647.5,1509.5,737.5,153.5,403.0,154.5,705.0,2750.5,3875.5,3875.0,3881.5,1912.0,1600.0,679.0,853.0,1056.0,1181.0,1200.0,1273.0,1380.0,1384.0,1469.0,689.0,130.0,363.0,104.0,629.0,2993.0,4153.0,4141.0,4178.0,1432.0,655.0,33.0,346.0,80.0,716.0,3174.0,4425.0,4522.0,4474.0,1535.0,713.0,179.0,543.0,252.0,1029.0,3468.0,4652.0,4816.0,4820.0,1634.0,762.0,425.0,932.0,561.0,1678.0,3637.0,4366.0,4580.0,4601.0,1670.0,885.0,467.5,1047.0,719.0,1852.0,3453.5,3951.5,4332.5,4251.5,1912.5,1105.5,535.5,1111.0,1063.0,2105.5,3197.5,3572.0,3876.5,3939.5,2288.0,1317.5,899.0,1460.5,1485.0,2387.5,3227.5,3521.5,3869.5,3949.0,2626.5,1677.5,976.5,1529.5,1836.0,2624.0,3157.0,3454.5,3783.5,3849.5,3632.0,2568.5,1079.5,1549.5,2109.5,2661.0,2985.5,3255.0,3623.5,3680.0,3702.0,2545.0,1126.0,1625.0,2377.0,2684.0,2884.0,3149.0,3478.0,3492.0,1806.0,1529.0,526.0,690.0,947.0,1045.0,1094.0,1164.0,1270.0,1280.0,3687.0,2638.0,1113.0,1518.0,2165.0,2518.0,2701.0,2858.0,3067.0,3279.0,3414.0,2492.0,1086.0,1421.5,1981.0,2280.0,2390.5,2609.5,2916.5,2886.0,3087.0,2441.0,850.5,1112.0,1492.0,1707.0,1799.5,1967.0,2195.0,2194.5,3181.0,2564.0,917.0,1117.0,1472.0,1689.0,1778.0,1939.0,2128.0,2179.0,1547.0,1258.0,464.0,615.0,825.0,909.0,931.0,1005.0,1140.0,1115.0,761.0,734.5,476.0,549.0,609.0,633.0,699.5,777.0,759.0,869.5,1243.0,940.0,421.0,562.0,697.0,780.0,841.0,875.0,970.0,941.0,269.0,211.0,152.0,126.0,124.0,125.0,133.0,164.0,159.0,167.0,2098.0,1756.0,773.0,999.0,1168.0,1293.0,1344.0,1411.0,1514.0,1478.0,2029.0,1682.5,808.5,926.5,1099.0,1219.5,1245.0,1323.0,1405.5,1389.0,1576.0,1322.0,529.0,665.0,814.0,906.0,918.0,979.0,1069.0,1041.0,2128.5,1820.0,849.0,1003.0,1184.5,1275.0,1305.5,1392.0,1478.5,1465.0,2146.5,1807.5,855.5,1031.0,1221.0,1321.5,1361.5,1446.5,1557.0,1529.5,"{""type"":""MultiPoint"",""coordinates"":[]}"
539_0,3,2095.0,1755.5,641.0,830.5,1109.5,1231.5,1278.0,1413.0,1495.0,1512.5,2487.0,2101.5,1042.5,1353.5,1635.5,1749.0,1796.5,1862.0,1975.0,1945.0,1389.5,1152.0,686.5,933.5,1114.5,1218.0,1164.5,1239.0,1311.0,1294.5,125.5,123.5,532.5,768.5,849.5,996.5,741.5,831.0,819.0,692.0,102.5,81.5,600.0,868.5,953.5,1124.0,937.0,1028.5,992.5,898.5,258.5,200.5,574.5,943.0,918.5,1311.0,1155.5,1201.5,1166.0,994.0,607.5,448.5,388.5,717.5,550.5,1050.0,1274.5,1454.5,1361.5,1210.0,1171.5,794.0,357.0,659.0,433.0,985.0,1961.5,2234.0,2189.0,2115.5,1686.5,816.0,237.0,547.5,222.0,878.5,3135.5,4144.5,4184.5,4261.0,1746.0,841.0,188.5,519.0,240.0,877.5,3215.5,4478.0,4515.5,4660.0,1657.5,783.5,152.0,391.0,194.0,691.5,3048.0,4515.5,4595.0,4696.5,2371.0,2025.5,693.5,921.0,1208.5,1370.0,1429.5,1505.5,1568.0,1676.5,1705.5,802.5,197.0,444.0,226.5,787.5,3253.5,4726.0,4851.0,5038.5,1716.0,813.0,270.5,802.0,402.0,1419.0,3728.5,4858.0,4999.5,5118.5,1812.5,903.5,434.0,948.5,639.5,1666.0,3709.5,4476.0,4618.5,4823.5,2192.0,1175.0,669.0,1197.0,1046.0,2212.0,3680.5,4209.5,4382.5,4597.5,2591.5,1526.0,783.5,1419.0,1432.0,2592.0,3660.0,4091.5,4409.5,4555.5,3117.0,1983.0,973.0,1565.0,1985.0,2861.0,3602.0,3952.0,4245.0,4422.0,4338.5,3050.0,1228.5,1700.5,2404.5,2846.5,3074.5,3394.0,3661.5,3831.5,4384.5,2998.0,1211.5,1674.0,2501.0,3035.0,3260.0,3532.0,3839.5,4046.0,2609.0,1954.5,803.0,1116.5,1574.5,1804.0,1891.5,2019.0,2154.5,2203.5,2227.0,1679.5,731.0,1026.5,1405.5,1653.5,1709.5,1806.5,1835.5,1964.0,2258.5,1900.0,607.5,855.0,1152.0,1280.5,1350.5,1465.0,1542.0,1595.0,2526.0,1963.5,848.0,1129.5,1535.5,1765.5,1852.0,1967.0,2003.0,2135.0,2411.0,1888.0,908.0,1121.5,1471.0,1670.5,1702.0,1838.5,1887.0,1956.0,2094.0,1714.5,676.0,855.5,1138.0,1279.5,1318.5,1392.0,1517.0,1538.0,1740.0,1448.0,520.0,731.5,989.5,1116.0,1154.0,1237.5,1270.5,1339.5,1422.5,1218.5,386.5,514.5,720.5,824.5,827.0,877.0,974.0,959.5,0.0,0.0,0.0,0.0,0.0,0.0,0.0,0.0,0.0,0.0,1357.5,978.0,395.0,565.5,794.0,899.0,978.0,1049.5,1144.5,1131.5,1972.5,1624.0,675.5,833.0,1039.0,1209.0,1245.5,1333.0,1413.0,1464.5,2374.5,1921.5,881.5,1101.0,1369.0,1505.0,1547.0,1622.0,1756.0,1752.5,2423.5,1983.0,845.0,1026.5,1329.0,1485.5,1466.5,1563.0,1663.0,1690.0,2504.5,2080.0,942.5,1116.5,1390.0,1547.0,1546.5,1650.5,1755.5,1776.0,2280.0,1933.5,740.5,963.0,1241.0,1383.5,1411.5,1474.0,1605.5,1642.0,2292.5,1953.0,836.5,1085.5,1350.0,1475.5,1523.5,1582.0,1699.0,1672.5,"{""type"":""MultiPoint"",""coordinates"":[]}"
540_0,3,2684.0,2278.0,1329.5,1404.0,1498.5,1766.0,2078.5,2221.0,2323.5,2378.0,2654.0,2264.0,754.0,1073.0,1287.0,1622.0,2049.0,2215.0,2386.0,2410.0,2845.0,2513.0,865.0,1159.0,1453.0,1762.0,1982.0,2215.0,2378.0,2361.0,1742.5,1499.5,658.0,964.5,1080.0,1317.5,1412.0,1536.0,1689.5,1579.5,1793.0,1562.0,745.0,1052.0,1166.0,1358.0,1491.0,1573.0,1762.0,1665.0,1874.0,1589.0,708.0,1043.0,1202.0,1490.0,1794.0,1893.0,2074.0,1926.0,1985.0,1693.0,689.0,1046.0,1213.0,1447.0,1813.0,1906.0,2100.0,2045.0,2222.0,1609.0,605.0,889.0,945.0,1396.0,1978.0,2191.0,2412.0,2331.0,2057.0,1607.0,596.0,920.0,1074.0,1419.0,1978.0,2295.0,2412.0,2459.0,2189.0,1653.0,540.0,824.5,975.5,1286.5,2230.0,3050.0,2999.5,3111.5,2176.0,1635.0,564.0,858.0,998.0,1319.5,2251.5,3107.5,3201.0,3359.0,2313.0,1986.0,928.5,978.0,1030.0,1226.5,1467.5,1582.0,1749.5,1738.0,2179.0,1588.5,523.0,813.5,902.0,1247.0,2303.0,3421.0,3474.0,3574.0,2105.5,1554.5,549.0,849.5,913.5,1272.0,2404.0,3389.0,3441.0,3628.5,2142.0,1527.0,641.0,907.0,916.0,1319.0,2564.0,3295.0,3344.0,3431.0,2068.0,1467.0,816.0,1063.0,1087.0,1560.0,2593.0,3098.0,3189.0,3330.0,2071.0,1474.0,672.0,977.0,1040.0,1530.0,2392.0,2757.0,3038.0,3075.0,2304.0,1692.0,606.0,977.0,1097.0,1611.0,2490.0,2837.0,3055.0,3139.0,3439.0,2659.5,929.0,1356.0,1753.5,2115.0,2558.0,2848.5,3138.0,3156.0,3440.0,2738.0,959.0,1309.0,1739.5,2101.0,2548.0,2831.0,3191.0,3171.5,3232.0,2469.0,889.0,1244.0,1697.0,2042.0,2407.0,2661.0,2896.0,2848.0,2539.0,1901.0,643.5,920.5,1268.0,1616.0,2006.5,2247.5,2387.5,2517.0,2221.0,1856.0,417.0,666.0,873.0,1128.0,1484.0,1618.0,1735.0,1764.0,2719.0,2195.0,678.0,947.0,1192.0,1498.5,1884.0,2079.0,2187.5,2289.5,2571.0,2251.0,1259.0,1381.5,1517.5,1765.5,2010.5,2129.0,2231.0,2318.0,2474.5,2202.5,663.5,814.5,931.0,1244.0,1697.5,1736.0,2020.5,2057.5,2193.0,1960.0,614.5,776.5,874.0,1148.0,1558.0,1644.0,1867.5,1912.0,1794.0,1410.0,359.0,552.5,711.0,1004.0,1427.0,1405.0,1630.0,1753.5,0.0,0.0,0.0,0.0,0.0,0.0,0.0,0.0,0.0,0.0,2067.0,1643.0,433.0,676.0,830.0,1188.0,1568.0,1731.0,1871.0,1883.0,2359.0,1708.0,520.0,782.0,878.0,1243.0,1775.0,1947.0,2098.0,2085.0,2417.0,1708.0,575.0,857.0,937.0,1364.0,2093.0,2283.0,2429.0,2485.0,2295.0,1689.0,1092.0,1208.5,1215.5,1507.0,2144.5,2253.0,2699.0,2426.0,1953.5,1434.5,979.0,1063.0,1057.0,1333.0,1908.0,2024.0,2408.0,2161.5,2245.0,1899.0,529.0,781.0,963.0,1225.0,1688.0,1923.0,2026.0,2026.0,2346.5,2011.0,617.5,862.5,1013.0,1308.0,1817.0,2009.5,2237.0,2225.0,"{""type"":""MultiPoint"",""coordinates"":[]}"
541_0,3,3318.0,2463.5,889.0,1042.5,1381.0,1609.5,1684.5,1881.0,2076.0,2235.5,2285.0,2134.0,608.0,847.0,1145.0,1285.0,1301.0,1403.0,1493.0,1532.0,2331.0,2239.0,712.0,908.0,1227.0,1353.0,1376.0,1453.0,1577.0,1610.0,2373.5,2260.0,737.0,991.0,1299.5,1424.5,1468.0,1535.0,1641.5,1671.0,464.0,429.0,578.0,761.0,845.0,949.0,750.0,770.0,623.0,619.0,464.0,429.0,818.0,896.0,926.0,1002.0,750.0,770.0,758.0,619.0,525.0,441.0,357.0,731.0,385.0,1037.0,1126.0,1231.0,1139.0,1116.0,1406.0,867.0,342.0,742.0,473.0,1306.0,2579.0,2702.0,2630.0,2776.0,1038.0,579.0,223.0,485.0,283.0,773.0,1899.0,2291.0,2200.0,2184.0,1236.0,594.0,74.5,334.0,81.5,614.5,2611.5,3398.0,3422.5,3474.0,1279.0,581.0,74.5,283.5,66.0,534.5,2542.5,3690.0,3722.5,3826.0,3153.5,2546.0,1280.0,1439.5,1719.5,1925.0,1935.5,2086.0,2235.5,2306.0,1241.0,567.0,40.0,185.0,28.5,375.5,2317.0,3732.0,3780.5,3958.0,1092.0,494.5,27.0,168.5,9.5,356.0,2352.5,3848.0,3945.5,4065.5,1096.0,509.0,437.0,667.0,451.0,950.0,2613.0,3835.0,3882.0,3997.0,1286.0,639.0,540.0,889.0,590.0,1331.0,3036.0,3884.0,3996.0,4134.0,1259.0,639.0,437.0,844.0,590.0,1331.0,2928.0,3619.0,3840.0,3845.0,1396.0,758.0,365.0,812.0,712.0,1491.0,2800.0,3308.0,3516.0,3641.0,1987.0,1103.0,665.0,1259.0,1229.0,2182.0,3123.0,3501.0,3785.0,3896.5,2452.0,1530.5,968.0,1480.0,1746.5,2518.0,3170.0,3508.5,3795.0,3928.5,3784.0,2900.0,1174.0,1600.0,2188.0,2563.0,2772.0,3027.0,3412.0,3502.0,3821.5,2639.0,1100.0,1549.0,2319.5,2656.0,2786.0,3089.0,3362.0,3540.5,3563.0,2787.5,754.5,1004.0,1410.0,1649.5,1698.0,1873.5,2112.5,2218.5,4134.0,2959.0,1103.5,1508.5,2144.5,2500.0,2599.5,2830.0,3065.0,3233.5,4558.5,3748.0,2670.0,2870.0,3281.5,3622.0,3686.0,3800.0,3959.0,4013.5,3733.5,2900.0,1041.5,1254.0,1677.0,1918.5,1999.0,2183.5,2411.5,2514.0,3536.5,2710.0,1019.5,1230.5,1622.5,1859.5,1963.0,2120.0,2313.5,2445.0,3029.5,2211.0,749.0,1000.0,1403.0,1650.5,1723.5,1851.0,2106.0,2173.0,0.0,0.0,0.0,0.0,0.0,0.0,0.0,0.0,0.0,0.0,3640.0,2743.0,829.0,1120.0,1611.0,1863.0,1909.0,2067.0,2322.0,2451.0,3868.0,3044.0,1141.0,1397.0,1850.0,2131.0,2331.0,2527.0,2811.0,2964.0,3616.0,2780.0,977.0,1252.0,1694.0,1978.0,2035.0,2171.0,2421.0,2555.0,1821.0,1637.5,524.0,646.0,892.0,988.0,982.5,1057.5,1165.5,1172.5,1926.0,1714.0,537.0,666.0,942.0,1046.0,993.0,1058.0,1163.0,1178.0,2029.5,1916.0,540.5,723.0,1015.5,1089.5,1093.5,1163.5,1291.0,1289.0,2098.5,1970.0,581.0,780.5,1067.5,1144.5,1185.5,1264.5,1375.5,1378.0,"{""type"":""MultiPoint"",""coordinates"":[]}"
542_0,3,164.0,141.0,189.0,247.0,331.0,403.0,264.5,289.0,314.5,249.5,2194.5,1830.5,735.0,943.0,1155.0,1287.5,1342.5,1434.5,1550.5,1557.5,2345.5,1975.5,828.0,1044.5,1279.5,1413.5,1451.0,1563.0,1635.5,1673.5,2470.0,2178.5,1053.0,1313.5,1548.5,1660.5,1687.5,1759.5,1833.5,1867.5,2660.0,2349.0,1372.0,1614.0,1840.0,1942.0,1973.0,2034.0,2127.0,2095.0,1145.0,1141.0,1185.0,1492.0,1584.0,1789.0,1576.0,1598.0,1319.0,1481.0,261.0,214.0,657.0,885.0,891.0,1045.0,852.0,950.0,891.0,712.0,492.0,387.0,657.0,994.0,889.0,1361.0,1065.0,1158.0,1088.0,918.0,545.0,409.0,437.0,730.0,544.0,1149.0,1255.0,1349.0,1264.0,1103.0,771.5,507.0,248.5,531.5,336.5,1005.0,1735.0,2007.5,1863.5,1730.5,911.0,542.5,205.0,433.0,244.5,846.0,1922.5,2395.5,2270.5,2020.5,233.0,182.0,290.0,398.0,538.0,586.0,434.0,443.0,444.0,348.0,1168.0,594.0,202.0,411.0,240.0,763.0,2274.0,2929.0,2821.0,2823.0,1211.0,594.0,105.0,349.0,115.0,709.0,2503.0,3240.0,3236.0,3160.0,1309.0,645.0,166.0,501.0,229.0,909.0,2845.0,3774.0,3716.0,3784.0,1514.0,770.0,432.0,896.0,562.0,1548.0,3161.0,3779.0,3802.0,3846.0,1522.0,840.0,436.0,953.0,767.0,1710.0,2890.0,3277.0,3554.0,3491.0,1956.0,1156.5,536.0,1047.5,1034.5,1943.0,2707.0,3045.0,3263.0,3275.0,2331.0,1377.5,871.5,1391.5,1523.0,2196.0,2823.5,3078.5,3396.5,3405.5,3240.5,2202.0,992.0,1465.0,1767.5,2498.0,2957.0,3211.0,3513.0,3604.5,4188.5,2818.0,1275.5,1817.5,2528.0,3128.0,3412.0,3647.0,4044.5,4149.0,4407.0,3095.0,1438.0,1982.0,2771.0,3257.0,3441.0,3643.0,3846.0,4065.0,226.0,182.0,290.0,349.0,463.0,512.0,394.0,421.0,444.0,347.0,4282.0,3130.0,1276.0,1717.0,2387.0,2817.0,2977.0,3172.0,3211.0,3507.0,4059.0,3041.0,1174.5,1534.5,2108.0,2412.0,2541.5,2724.5,2931.0,3049.0,3476.0,2741.5,836.0,1075.5,1468.5,1673.0,1787.0,1915.0,2123.5,2152.0,339.0,237.0,297.0,408.0,568.0,672.0,564.0,514.0,634.0,563.0,146.0,104.0,96.0,138.0,218.0,269.0,200.0,232.0,227.0,186.0,0.0,0.0,0.0,0.0,0.0,0.0,0.0,0.0,0.0,0.0,150.0,141.0,119.0,211.0,318.0,419.0,291.0,319.0,324.0,240.0,471.0,303.0,275.0,348.0,520.0,677.0,707.0,789.0,877.0,922.0,3324.0,2515.0,998.0,1311.0,1667.0,2008.0,2086.0,2190.0,2433.0,2442.0,1372.0,759.0,505.0,636.0,963.0,1198.0,1248.0,1405.0,1614.0,1659.0,2297.5,1576.5,727.0,981.0,1315.0,1574.0,1674.5,1828.0,2052.5,2077.5,4258.5,3331.5,1464.5,1794.5,2190.5,2502.0,2660.5,2853.5,3134.0,3131.5,4038.0,3209.5,1387.0,1683.5,2067.0,2325.5,2403.5,2597.0,2778.0,2893.0,"{""type"":""MultiPoint"",""coordinates"":[]}"
543_0,3,1556.5,1267.5,537.5,660.5,848.5,959.0,972.5,1046.5,1115.0,1116.5,2370.0,2027.5,1014.5,1295.0,1523.5,1621.0,1676.5,1734.5,1834.0,1805.0,2436.5,2108.5,1060.5,1347.0,1566.5,1698.0,1724.0,1776.0,1860.5,1863.5,2448.0,2120.0,1076.5,1357.0,1567.5,1675.0,1710.0,1781.0,1846.0,1851.5,396.0,386.0,888.0,1250.0,1335.0,1409.0,968.0,1023.0,875.0,780.0,801.0,548.0,1029.0,1378.0,1501.0,1579.0,1498.0,1614.0,1669.0,1623.0,364.0,293.0,772.0,1089.0,1142.0,1412.0,1121.0,1235.0,1181.0,973.0,505.0,406.0,683.0,993.0,1038.0,1271.0,1431.0,1463.0,1345.0,1275.0,314.0,253.0,571.0,832.0,811.0,1099.0,924.0,1078.0,956.0,802.0,302.0,251.5,458.5,712.5,752.0,982.0,792.0,892.5,817.0,747.0,422.0,321.5,451.5,648.0,689.0,976.5,880.0,972.0,913.0,866.5,1736.0,1463.0,610.0,809.0,973.0,1092.0,1111.0,1155.0,1246.0,1275.0,594.0,401.0,616.0,889.0,803.0,1245.0,1224.0,1322.0,1276.0,1191.0,480.0,327.0,300.0,528.0,478.0,783.0,967.0,1118.0,978.0,895.0,686.0,419.0,247.0,483.0,358.0,770.0,1420.0,1683.0,1352.0,1407.0,918.0,541.0,356.0,583.0,385.0,917.0,2063.0,2324.0,2322.0,2291.0,1945.0,1082.0,585.0,951.0,845.0,1496.0,2786.0,3281.0,3511.0,3604.0,2350.5,1422.0,608.0,985.0,1032.5,1660.0,2599.0,3055.0,3330.5,3346.0,2873.0,1870.0,918.5,1294.5,1361.0,1836.5,2564.5,2942.0,3180.5,3330.5,3788.5,2632.5,951.0,1312.0,1641.5,2142.0,2511.5,2767.5,3146.5,3279.0,3599.0,2600.0,892.0,1276.0,1731.0,2146.5,2407.0,2667.5,2959.5,2996.0,1378.0,998.0,413.0,555.0,714.0,853.0,880.0,952.0,984.0,1019.0,1613.0,1351.0,474.0,666.0,872.0,978.0,1013.0,1071.0,1128.0,1127.0,1772.0,1499.0,468.0,669.0,864.0,957.0,996.0,1057.0,1089.0,1156.0,1717.5,1440.0,563.5,705.5,862.5,966.5,1003.0,1090.0,1106.0,1160.5,1839.0,1562.5,576.0,784.5,965.0,1067.0,1110.5,1176.5,1284.0,1278.0,2232.0,1978.0,846.0,1044.0,1247.0,1395.0,1409.0,1484.0,1536.0,1578.0,1084.0,897.0,275.0,362.0,477.0,507.0,547.0,606.0,659.0,668.0,1134.0,926.0,897.0,926.0,983.0,1024.0,1028.0,1029.0,1035.0,1040.0,1620.0,1266.0,549.0,757.0,930.0,1003.0,1054.0,1125.0,1209.0,1196.0,1965.0,1657.0,843.0,939.0,1111.0,1215.0,1232.0,1286.0,1411.0,1355.0,2453.0,2062.0,936.0,1218.0,1454.0,1564.0,1613.0,1687.0,1772.0,1753.0,1720.0,1608.0,1193.0,1402.0,1464.0,1533.0,1570.0,1585.0,1751.0,1637.0,1480.0,1198.0,434.0,554.0,712.0,785.0,800.0,817.0,932.0,936.0,1884.0,1640.0,790.0,960.0,1120.0,1220.0,1239.0,1320.0,1384.0,1353.0,2060.0,1785.5,791.0,999.0,1194.0,1290.5,1327.5,1410.0,1497.5,1504.0,"{""type"":""MultiPoint"",""coordinates"":[]}"
544_0,3,2129.5,1776.0,562.0,712.5,1022.0,1169.0,1221.5,1315.0,1460.5,1478.5,2327.0,2027.5,878.0,1138.5,1411.0,1539.0,1592.5,1672.0,1776.5,1774.5,2463.0,2139.5,860.0,1111.5,1418.5,1559.0,1606.0,1708.5,1807.0,1810.5,1765.5,1462.0,682.0,886.0,1125.0,1223.5,1257.5,1338.0,1412.5,1402.5,260.0,207.0,425.0,613.5,617.5,823.5,729.5,750.5,692.0,654.5,260.0,207.0,587.0,732.5,787.0,951.0,893.0,958.0,963.5,884.0,466.0,306.0,413.5,602.5,516.0,901.0,978.5,1145.0,1003.5,946.5,765.5,579.0,379.0,627.0,455.0,975.5,1642.0,1773.0,1688.0,1552.0,1281.5,674.5,245.5,529.0,309.0,971.5,2714.0,3325.0,3325.0,3178.5,1564.5,845.0,233.0,529.5,362.5,1012.0,2770.5,3472.5,3537.5,3583.0,1535.5,779.0,184.5,404.5,272.5,775.0,2622.0,3574.5,3656.0,3790.0,2365.0,1979.0,596.0,812.5,1097.5,1277.5,1329.0,1415.0,1519.5,1618.0,1593.0,785.5,193.5,431.5,255.5,804.0,2877.5,3774.0,3822.0,4052.5,1648.0,790.0,198.0,521.0,254.0,957.5,3224.0,4120.0,4290.0,4397.5,1698.5,830.5,360.0,783.0,452.0,1358.5,3408.5,4295.5,4347.5,4554.0,1853.0,979.0,564.5,1051.0,796.5,1855.0,3443.0,3937.0,4134.0,4272.0,1981.0,1094.0,580.0,1130.5,981.0,1963.0,3240.0,3680.0,4020.5,4031.5,2251.0,1308.0,635.0,1151.0,1227.0,2073.0,3049.0,3404.0,3634.0,3808.0,3176.5,2015.5,1003.0,1433.0,1716.5,2410.0,3061.5,3438.0,3724.0,3847.5,3956.0,2696.0,1111.5,1556.0,2162.5,2648.0,2962.5,3278.5,3638.0,3752.5,3722.5,2612.0,1062.0,1540.0,2255.0,2573.0,2820.0,3075.5,3510.0,3548.0,2511.5,1935.0,798.0,1093.0,1532.5,1731.0,1803.5,1922.0,2064.5,2175.5,2191.0,1826.0,469.5,738.5,1024.0,1179.5,1224.0,1320.5,1494.5,1517.0,2393.0,1875.5,778.0,1041.5,1454.5,1640.0,1726.5,1823.0,2006.5,2057.5,2479.5,1940.5,906.0,1138.5,1503.5,1685.0,1758.5,1865.0,2046.5,2048.5,2222.0,1790.5,681.0,872.5,1161.5,1291.0,1356.5,1490.0,1601.0,1633.0,2349.0,1933.0,771.5,926.0,1230.0,1367.0,1437.0,1584.0,1647.5,1715.0,1963.0,1493.0,551.5,696.5,951.5,1097.0,1154.5,1218.0,1399.0,1380.0,0.0,0.0,0.0,0.0,0.0,0.0,0.0,0.0,0.0,0.0,1750.0,1366.5,456.5,604.5,841.5,975.0,1011.0,1107.5,1242.5,1230.0,2011.0,1642.0,605.0,735.5,937.5,1089.0,1172.5,1234.0,1343.5,1374.0,2567.0,2165.0,818.5,1017.5,1278.5,1452.0,1538.5,1653.5,1770.5,1779.0,2521.0,2061.0,785.5,976.5,1251.5,1414.5,1452.0,1584.5,1740.0,1738.5,2330.0,1879.5,720.0,831.0,1084.0,1221.5,1273.5,1396.5,1535.5,1539.5,2187.0,1894.0,662.5,830.5,1087.0,1212.5,1265.0,1375.0,1508.5,1482.5,2181.5,1894.0,641.5,842.5,1089.5,1212.5,1250.0,1375.0,1508.5,1470.0,"{""type"":""MultiPoint"",""coordinates"":[]}"
545_0,3,1554.5,1284.0,511.5,652.5,846.5,950.5,982.5,1055.5,1089.5,1130.0,2551.0,2207.0,1023.5,1336.0,1591.5,1722.0,1754.5,1838.0,1915.5,1917.0,2416.0,2062.0,907.5,1208.5,1451.0,1557.5,1573.0,1646.0,1737.5,1731.5,231.5,219.0,587.0,863.5,918.0,1090.5,763.5,866.0,793.0,644.5,443.0,393.0,832.0,1143.0,1267.0,1449.0,1098.0,1179.0,986.0,986.0,443.0,393.0,1011.0,1245.0,1310.0,1449.0,1155.0,1218.0,1175.0,1039.0,359.0,230.0,619.0,920.0,933.0,1314.0,1220.0,1267.0,1175.0,1104.0,654.0,529.0,662.0,1042.0,1018.0,1450.0,1533.0,1757.0,1519.0,1481.0,518.0,373.0,440.0,775.0,649.0,1118.0,1391.0,1600.0,1492.0,1289.0,774.5,477.0,263.5,495.0,303.0,885.0,2181.5,2509.0,2548.5,2368.5,964.5,596.5,212.5,421.5,323.5,907.5,1783.5,2142.0,2207.0,2031.5,1791.0,1524.0,658.0,822.5,1016.0,1114.5,1167.0,1224.0,1318.5,1323.0,1075.0,648.0,232.0,484.0,343.0,871.0,1909.0,2370.0,2465.0,2347.0,1251.0,707.0,232.0,526.0,356.0,998.0,2314.0,2819.0,2977.0,2746.0,1259.0,726.0,312.0,720.0,483.0,1229.0,2605.0,2986.0,3093.0,3083.0,1583.0,881.0,526.0,972.0,878.0,1727.0,2717.0,3011.0,3169.0,3254.0,2300.0,1378.0,633.0,1072.0,1111.0,1854.0,2502.0,2832.0,3076.0,3141.0,2505.5,1583.5,648.5,1074.5,1257.0,1874.0,2417.0,2679.0,2931.5,3070.5,3706.0,2576.5,1075.5,1451.0,1813.5,2231.5,2552.0,2851.5,3134.0,3240.0,3776.0,2698.0,950.5,1304.5,1889.5,2231.5,2544.5,2806.0,3189.0,3255.0,3898.0,2748.0,917.0,1318.0,1945.0,2267.0,2602.0,2833.0,3237.0,3337.0,2244.0,1767.5,639.0,815.0,1092.5,1344.5,1316.0,1476.5,1491.0,1547.0,1722.5,1455.0,549.5,741.5,949.0,1048.0,1091.5,1141.5,1235.5,1249.0,2287.0,1899.0,642.0,815.0,1065.0,1293.0,1240.0,1461.0,1454.0,1508.0,2088.5,1704.5,670.5,836.5,1036.5,1162.0,1237.0,1321.0,1386.5,1416.5,1747.5,1489.5,488.0,676.5,871.5,964.5,1020.5,1080.5,1207.5,1192.5,2053.0,1799.5,669.5,857.0,1081.0,1180.5,1244.0,1338.0,1392.0,1412.5,1498.0,1295.0,391.0,524.0,705.0,768.0,792.0,870.0,950.0,940.0,0.0,0.0,0.0,0.0,0.0,0.0,0.0,0.0,0.0,0.0,1642.0,1276.0,547.0,760.0,925.0,1048.0,1069.0,1118.0,1214.0,1210.0,240.0,171.0,246.0,205.0,173.0,186.0,191.0,183.0,196.0,183.0,2355.0,1992.0,883.0,1174.0,1401.0,1530.0,1573.0,1621.0,1720.0,1732.0,1957.0,1583.0,1067.0,1328.0,1548.0,1662.0,1692.0,1782.0,1926.0,1903.0,1586.0,1306.0,447.0,597.0,782.0,856.0,827.0,891.0,966.0,980.0,1953.0,1681.0,737.0,921.0,1073.0,1183.0,1263.0,1309.0,1396.0,1404.0,2152.5,1879.0,786.5,1003.0,1206.0,1303.5,1356.5,1424.0,1523.5,1528.0,"{""type"":""MultiPoint"",""coordinates"":[]}"
546_0,3,1573.5,1282.5,522.5,661.0,864.0,970.5,998.0,1053.5,1136.5,1143.0,2312.5,2015.5,912.5,1194.0,1436.5,1550.0,1575.5,1670.5,1756.5,1741.0,2302.5,2022.5,908.0,1161.0,1381.0,1493.0,1542.5,1610.0,1680.5,1701.0,2277.5,1971.0,946.0,1193.5,1417.5,1529.0,1569.5,1647.5,1705.5,1719.5,355.0,355.0,650.0,986.0,961.0,1192.0,865.0,917.0,830.0,686.0,355.0,354.0,822.0,1068.0,1085.0,1192.0,865.0,917.0,898.0,686.0,565.0,451.0,657.0,1069.0,960.0,1281.0,1226.0,1345.0,1288.0,1143.0,1201.0,898.0,734.0,1156.0,980.0,1636.0,1934.0,2126.0,1884.0,1937.0,1228.0,753.0,548.0,891.0,705.0,1244.0,1933.0,2120.0,2016.0,2000.0,1356.5,753.5,302.5,622.5,354.0,938.5,2416.5,2890.0,2941.0,2875.0,1622.0,818.0,213.0,516.5,276.0,861.5,2833.0,3902.0,3883.0,3895.0,1739.0,1454.0,622.0,771.0,978.0,1072.0,1111.0,1161.0,1233.0,1268.0,1474.0,737.0,244.0,486.0,278.0,778.0,2857.0,4001.0,4057.0,4262.0,1343.0,647.0,93.0,346.0,168.0,653.0,2839.0,4206.0,4354.0,4464.0,1355.0,603.0,93.0,315.0,131.0,588.0,3019.0,4598.0,4614.0,4786.0,1713.0,820.0,412.0,773.0,415.0,1223.0,3733.0,5042.0,5192.0,5222.0,1827.0,978.0,425.0,870.0,498.0,1443.0,3802.0,4935.0,5229.0,5194.0,2021.0,1044.0,461.5,1031.5,572.0,1775.5,4036.5,4648.5,4929.0,4929.0,2561.0,1508.0,1014.0,1577.0,1369.0,2750.0,4086.0,4545.0,4771.0,4928.0,3250.0,2092.5,1095.0,1708.5,2156.5,3075.5,3850.5,4179.0,4597.0,4633.0,4028.0,2731.5,1200.5,1689.0,2359.5,2965.5,3267.0,3517.0,3868.0,3967.5,3529.0,2535.0,1314.0,1784.0,2422.0,2892.0,2989.0,3311.0,3483.0,3549.0,1617.0,1346.0,447.0,631.0,865.0,976.0,996.0,1071.0,1186.0,1200.0,3790.0,2691.0,1107.0,1566.0,2197.0,2622.0,2700.0,2980.0,3175.0,3281.0,3752.0,2736.5,1076.0,1433.0,2025.5,2365.0,2502.0,2703.5,2966.5,3044.5,3297.5,2586.5,843.0,1112.5,1505.0,1727.0,1868.0,1977.0,2195.5,2243.5,3176.0,2523.0,878.0,1097.0,1459.0,1656.0,1800.0,1901.0,2097.0,2151.0,2411.0,1557.0,650.0,845.0,1186.0,1346.0,1453.0,1559.0,1764.0,1752.0,0.0,0.0,0.0,0.0,0.0,0.0,0.0,0.0,0.0,0.0,1755.0,1439.0,580.0,796.0,986.0,1104.0,1117.0,1175.0,1291.0,1275.0,1977.0,1688.0,760.0,922.0,1111.0,1191.0,1262.0,1314.0,1408.0,1386.0,2400.0,2073.0,864.0,1129.0,1385.0,1534.0,1583.0,1640.0,1749.0,1738.0,1850.0,1580.0,915.0,859.0,942.0,1094.0,1150.0,1214.0,1237.0,1299.0,1850.0,1580.0,560.0,735.0,933.0,1041.0,1093.0,1161.0,1237.0,1243.0,1914.0,1642.0,722.0,841.0,1025.0,1136.0,1163.0,1237.0,1340.0,1340.0,2033.0,1770.0,752.0,949.5,1162.5,1248.5,1292.0,1374.5,1463.5,1437.5,"{""type"":""MultiPoint"",""coordinates"":[]}"
547_0,3,3003.5,2366.5,905.5,999.0,1269.5,1435.5,1561.0,1681.5,1892.0,1941.0,2014.0,1857.0,594.0,826.0,1091.0,1203.0,1251.0,1315.0,1409.0,1441.0,2244.0,2135.0,769.0,992.0,1278.0,1428.0,1457.0,1536.0,1623.0,1656.0,454.0,416.0,441.0,552.5,610.0,699.0,564.0,595.5,542.0,482.0,356.0,350.0,685.0,773.0,807.0,887.0,689.0,740.0,692.0,583.0,356.0,345.0,408.0,661.0,618.0,886.0,712.0,806.0,808.0,691.0,527.0,429.0,339.0,611.0,439.0,876.0,976.0,1033.0,1015.0,949.0,1384.0,814.0,290.0,650.0,342.0,1012.0,2333.0,2583.0,2696.0,2709.0,1141.0,659.0,175.0,471.0,227.0,790.0,2190.0,2496.0,2544.0,2477.0,1308.5,647.5,105.0,383.0,118.0,670.0,2487.5,3299.5,3295.5,3311.0,1196.0,577.5,47.5,233.0,51.5,449.5,2406.0,3419.0,3520.0,3559.5,3143.5,2696.5,1554.0,1521.0,1606.5,1734.5,1836.0,1962.5,2158.0,2093.0,1234.5,587.0,35.0,218.0,24.5,442.0,2491.5,3812.5,3912.5,3937.5,1193.5,558.0,91.0,434.0,125.0,769.5,2811.5,4054.5,4145.5,4140.5,1232.0,570.0,470.0,793.0,548.0,1197.0,3105.0,4039.0,4044.0,4171.0,1298.0,710.0,640.0,1033.0,889.0,1694.0,3015.0,3559.0,3741.0,3785.0,1353.0,765.0,567.0,983.0,889.0,1730.0,2791.0,3194.0,3402.0,3448.0,1673.0,942.0,503.0,1010.0,1026.0,1905.0,2814.0,3123.0,3357.0,3474.0,4248.5,2977.0,1199.5,1705.0,2335.0,2860.0,3160.5,3469.5,3767.5,3984.5,4189.5,3061.5,1181.0,1633.0,2319.0,2716.0,2963.0,3210.5,3504.5,3588.5,3505.0,2776.0,1042.0,1391.0,2002.0,2258.0,2504.0,2712.0,2988.0,3003.0,3162.0,2247.5,901.5,1253.5,1729.0,2041.0,2256.0,2454.0,2601.5,2747.5,3319.0,2694.5,655.0,850.0,1200.0,1376.0,1444.5,1554.5,1794.5,1867.0,3429.5,2656.0,830.0,1140.0,1464.0,1786.0,2057.0,2236.5,2360.5,2505.5,3803.0,3101.5,1778.5,1982.5,2226.0,2534.0,2763.5,2880.5,2997.0,3061.5,3057.5,2490.5,800.5,969.0,1131.0,1426.0,1673.0,1818.5,1976.0,2044.5,2918.0,2346.5,773.0,948.5,1093.5,1380.0,1642.5,1790.0,1931.0,2007.5,2180.5,1567.0,445.5,652.5,826.5,1090.5,1309.0,1433.5,1625.5,1681.0,0.0,0.0,0.0,0.0,0.0,0.0,0.0,0.0,0.0,0.0,3575.0,2812.0,778.0,1039.0,1485.0,1693.0,1734.0,1878.0,2066.0,2178.0,3764.0,3090.0,1078.0,1268.0,1533.0,1773.0,2040.0,2276.0,2271.0,2481.0,3522.0,2875.0,892.0,1132.0,1511.0,1721.0,1780.0,1893.0,2123.0,2180.0,2624.0,2233.5,716.0,843.0,1142.5,1281.0,1310.5,1424.5,1570.0,1613.5,1720.0,1537.0,485.0,589.0,865.0,925.0,900.0,972.0,1046.0,1083.0,1744.0,1587.5,498.0,658.0,903.5,994.0,989.0,1058.0,1167.5,1190.0,1821.5,1682.0,568.5,721.5,979.5,1070.5,1096.0,1167.5,1290.0,1274.5,"{""type"":""MultiPoint"",""coordinates"":[]}"
548_0,3,1647.5,1349.0,562.0,691.5,874.5,1013.5,1038.0,1104.0,1164.5,1195.0,2088.0,1767.5,773.5,983.0,1170.5,1296.0,1333.5,1411.0,1484.0,1484.0,2229.5,1905.5,807.5,1052.5,1303.0,1421.5,1424.5,1505.0,1569.0,1599.5,2564.0,2201.5,1125.5,1442.5,1710.0,1842.5,1841.0,1902.0,1958.5,1975.5,2165.0,1874.0,1052.0,1312.0,1441.0,1589.0,1502.0,1549.0,1638.0,1628.0,1282.0,785.0,944.0,1194.0,1248.0,1453.0,1428.0,1495.0,1556.0,1467.0,533.0,446.0,735.0,1105.0,1131.0,1453.0,1428.0,1495.0,1498.0,1444.0,461.0,311.0,733.0,1025.0,1050.0,1369.0,1377.0,1456.0,1454.0,1347.0,675.0,539.0,441.0,756.0,624.0,1074.0,1340.0,1533.0,1484.0,1336.0,1432.5,775.5,278.0,607.5,351.5,993.5,2523.5,3114.5,3051.5,3017.5,1663.5,797.5,155.0,436.5,164.5,759.5,3079.5,4263.0,4244.5,4296.0,1840.0,1524.0,666.0,840.0,1006.0,1144.0,1168.0,1247.0,1273.0,1309.0,1532.0,719.0,188.0,451.0,176.0,730.0,3181.0,4473.0,4358.0,4521.0,1516.0,708.0,83.0,436.0,169.0,817.0,3362.0,4644.0,4641.0,4679.0,1581.0,760.0,206.0,581.0,309.0,1072.0,3588.0,4702.0,4757.0,4900.0,1639.0,760.0,445.0,985.0,623.0,1760.0,3597.0,4363.0,4398.0,4492.0,1639.0,923.0,486.0,1025.0,853.0,1889.0,3238.0,3736.0,3981.0,4069.0,1967.0,1172.5,546.0,1122.0,1135.0,2118.5,3064.0,3383.5,3623.0,3786.5,2424.5,1480.0,870.5,1453.5,1666.5,2432.0,3071.5,3347.0,3632.5,3762.5,2760.0,1779.0,967.0,1502.5,1906.0,2693.5,3130.0,3443.5,3738.0,3815.5,3511.5,2411.5,1024.0,1525.5,2114.0,2680.5,2909.5,3209.0,3426.0,3597.0,3080.0,2013.0,943.0,1387.0,2084.0,2574.0,2706.0,2917.0,3010.0,3113.0,1715.0,1460.0,498.0,670.0,877.0,1002.0,1021.0,1122.0,1204.0,1187.0,3517.0,2534.0,975.0,1376.0,1951.0,2234.0,2364.0,2616.0,2870.0,2900.0,3275.0,2362.5,1009.5,1356.5,1852.5,2162.5,2273.5,2483.0,2664.5,2770.5,2992.5,2324.0,796.5,1045.0,1404.5,1611.5,1691.0,1871.0,2028.5,2019.5,3122.0,2432.0,874.0,1071.0,1430.0,1656.0,1705.0,1870.0,2052.0,2080.0,1647.0,1352.0,473.0,615.0,863.0,953.0,1023.0,1072.0,1202.0,1154.0,794.0,682.5,505.0,601.5,652.5,671.0,705.0,754.5,786.0,807.0,1340.0,1021.0,417.0,592.0,730.0,806.0,826.0,913.0,975.0,992.0,372.0,262.0,222.0,208.0,195.0,232.0,235.0,257.0,261.0,244.0,2039.0,1723.0,731.0,943.0,1130.0,1268.0,1271.0,1328.0,1436.0,1421.0,2189.0,1872.0,945.0,1108.0,1282.0,1388.0,1446.0,1519.0,1612.0,1586.0,1621.0,1355.0,501.0,641.0,803.5,874.5,886.0,912.5,985.0,1021.0,1920.5,1641.0,740.5,914.5,1077.0,1177.5,1196.0,1261.0,1352.5,1354.5,2050.0,1749.0,793.5,990.0,1154.0,1256.0,1300.0,1348.0,1435.5,1458.0,"{""type"":""MultiPoint"",""coordinates"":[]}"
549_0,3,1731.0,1424.0,588.0,716.5,930.0,1069.0,1107.0,1195.5,1227.5,1268.0,2165.5,1835.5,765.5,966.0,1185.5,1318.5,1368.0,1464.5,1519.0,1518.5,2220.5,1916.5,776.0,1031.0,1260.0,1412.0,1453.0,1532.5,1567.5,1608.5,2585.0,2240.5,1076.5,1375.0,1655.0,1794.5,1842.5,1905.0,1979.0,1997.0,2206.0,1929.0,1059.0,1347.0,1507.0,1696.0,1568.0,1621.0,1684.0,1664.0,335.0,282.0,649.0,874.0,920.0,1048.0,950.0,995.0,956.0,903.0,350.0,316.0,612.0,874.0,892.0,1072.0,950.0,1025.0,1018.0,907.0,764.0,557.0,607.0,880.0,814.0,1161.0,1466.0,1593.0,1560.0,1434.0,1300.0,770.0,443.0,748.0,528.0,1049.0,2204.0,2639.0,2535.0,2463.0,1791.5,955.0,270.5,626.0,290.0,1004.5,3243.0,4046.5,3963.5,4114.0,1690.5,827.0,145.0,457.0,168.0,796.5,3245.5,4491.0,4423.0,4554.5,1925.0,1580.0,655.0,831.0,1044.0,1166.0,1209.0,1261.0,1343.0,1394.0,1612.0,776.0,188.0,478.0,186.0,784.0,3256.0,4543.0,4501.0,4650.0,1577.0,772.0,131.0,498.0,248.0,924.0,3409.0,4685.0,4692.0,4748.0,1651.0,806.0,270.0,721.0,443.0,1293.0,3596.0,4663.0,4771.0,4898.0,1696.0,870.0,455.0,990.0,701.0,1835.0,3611.0,4332.0,4407.0,4513.0,1712.5,963.0,523.0,1060.0,879.5,1942.0,3254.0,3756.5,4012.0,4023.5,1977.5,1181.5,577.5,1129.0,1167.5,2133.5,3105.0,3413.0,3621.5,3789.5,2357.0,1406.0,913.0,1453.0,1656.0,2401.0,3104.5,3383.0,3669.0,3772.5,2635.0,1718.0,925.0,1444.0,1840.5,2591.5,3165.0,3457.5,3743.0,3819.5,3515.5,2392.0,1132.0,1604.0,2149.0,2731.5,3118.0,3383.5,3714.0,3797.0,3584.0,2413.0,1090.0,1502.0,2225.0,2653.0,3030.0,3030.0,3127.0,3631.0,1819.0,1508.0,502.0,697.0,937.0,1070.0,1108.0,1170.0,1248.0,1270.0,3454.0,2413.0,1090.0,1502.0,2225.0,2504.0,2802.0,2799.0,3127.0,3246.0,3182.5,2269.0,995.0,1317.0,1796.0,2128.0,2267.5,2504.5,2551.5,2717.0,2833.0,2155.0,775.0,1022.5,1388.0,1568.0,1679.0,1863.5,1981.0,2034.5,3065.0,2347.0,890.0,1065.0,1431.0,1622.0,1694.0,1864.0,2002.0,2076.0,1767.0,1401.0,501.0,674.0,920.0,1058.0,1118.0,1199.0,1289.0,1276.0,644.0,578.0,292.0,430.0,521.0,553.0,571.0,602.0,653.0,706.0,1501.0,1185.0,474.0,640.0,790.0,896.0,908.0,982.0,1052.0,1074.0,1566.0,1374.0,525.0,616.0,750.0,855.0,916.0,959.0,953.0,1048.0,2119.0,1823.0,716.0,919.0,1114.0,1226.0,1280.0,1354.0,1423.0,1492.0,1908.0,1592.0,931.0,934.0,1010.0,1092.0,1099.0,1153.0,1163.0,1226.0,1753.5,1469.5,536.0,665.5,839.0,942.0,940.5,992.5,1057.0,1099.0,2123.0,1839.5,785.5,935.5,1112.0,1225.0,1255.0,1324.5,1389.0,1403.0,2156.5,1849.5,801.0,993.0,1164.0,1286.0,1326.0,1387.5,1465.0,1476.0,"{""type"":""MultiPoint"",""coordinates"":[]}"
550_0,3,1801.5,1489.0,610.0,741.5,988.5,1121.5,1158.0,1226.0,1315.5,1320.5,2229.5,1904.5,786.0,992.0,1237.0,1371.5,1420.0,1505.5,1584.5,1601.0,2273.0,1963.0,783.0,1051.5,1329.0,1470.5,1498.5,1557.5,1631.0,1662.0,2625.0,2273.5,1121.0,1462.5,1779.5,1913.5,1928.0,1985.0,2059.5,2080.5,1833.0,1610.0,977.0,1234.0,1460.0,1577.0,1520.0,1652.0,1687.0,1666.0,1046.0,800.0,1031.0,1234.0,1255.0,1475.0,1495.0,1535.0,1543.0,1558.0,342.0,304.0,613.0,945.0,964.0,1208.0,1127.0,1248.0,1242.0,1107.0,495.0,316.0,599.0,857.0,824.0,1123.0,1234.0,1336.0,1278.0,1180.0,1030.0,652.0,569.0,803.0,670.0,1099.0,1888.0,2068.0,1804.0,1950.0,1409.0,772.5,273.0,543.0,288.0,889.5,2491.0,3087.0,2894.0,3006.0,1616.5,780.0,138.5,398.0,113.0,693.0,2908.0,4090.0,4088.5,4121.0,2002.0,1661.0,709.0,867.0,1088.0,1230.0,1242.0,1321.0,1395.0,1457.0,1544.0,731.0,126.0,370.0,79.0,623.0,3032.0,4348.0,4247.0,4361.0,1496.0,698.0,62.0,342.0,53.0,667.0,3221.0,4560.0,4604.0,4675.0,1520.0,698.0,122.0,441.0,203.0,872.0,3318.0,4730.0,4808.0,4987.0,1578.0,730.0,409.0,871.0,523.0,1604.0,3772.0,4563.0,4808.0,4838.0,1625.5,858.0,451.0,991.5,652.5,1763.5,3574.0,4179.0,4536.5,4478.5,1888.5,1063.0,518.0,1091.0,1020.0,2113.0,3337.0,3758.0,4056.5,4157.0,2383.0,1403.0,988.0,1485.0,1668.0,2468.5,3315.5,3670.5,4000.5,4058.5,2745.0,1752.0,995.5,1559.0,1950.5,2773.5,3350.0,3696.5,4042.0,4149.0,3596.5,2424.0,1156.0,1646.0,2280.0,2921.5,3282.0,3539.5,3957.0,4019.0,3908.0,2623.0,1231.0,1725.0,2613.0,3084.0,3298.0,3590.0,3886.0,4018.0,1904.0,1600.0,526.0,722.0,991.0,1121.0,1171.0,1235.0,1341.0,1356.0,3648.0,2585.0,1017.0,1450.0,2113.0,2517.0,2624.0,2887.0,3212.0,3236.0,3417.5,2445.5,1070.0,1426.5,2019.5,2303.5,2476.5,2704.5,3003.0,3074.0,3060.5,2307.0,774.0,1012.5,1418.0,1638.5,1730.5,1887.0,2128.0,2164.5,3109.0,2426.0,869.0,1043.0,1440.0,1655.0,1745.0,1911.0,2099.0,2167.0,1731.0,1348.0,526.0,698.0,952.0,1050.0,1128.0,1177.0,1355.0,1300.0,655.0,582.0,330.0,427.0,522.0,577.0,599.0,632.0,660.0,698.0,1499.0,1197.0,467.0,625.0,804.0,888.0,963.0,1005.0,1083.0,1106.0,954.0,854.0,369.0,430.0,495.0,568.0,603.0,651.0,627.0,715.0,2155.0,1888.0,725.0,902.0,1121.0,1231.0,1312.0,1357.0,1444.0,1514.0,1987.0,1688.0,906.0,1036.0,1140.0,1239.0,1305.0,1387.0,1303.0,1498.0,1825.0,1557.0,575.0,689.5,878.0,977.0,996.5,1060.0,1125.0,1148.5,2198.0,1916.0,816.5,974.5,1163.0,1272.0,1283.5,1377.0,1457.5,1463.0,2239.5,1915.5,834.0,1018.5,1209.0,1320.5,1385.0,1451.5,1541.5,1543.5,"{""type"":""MultiPoint"",""coordinates"":[]}"
551_0,3,2053.0,1658.5,596.5,745.0,1028.5,1144.5,1175.5,1278.5,1406.5,1481.0,2333.0,1915.0,753.5,948.5,1181.5,1356.5,1480.0,1551.5,1662.5,1697.0,2378.0,2056.0,807.0,1053.0,1345.0,1486.5,1478.5,1547.0,1625.0,1670.5,2613.0,2261.0,972.5,1239.5,1560.5,1717.5,1726.0,1817.0,1906.0,1911.0,1173.0,1090.0,827.0,1045.0,1323.0,1435.0,1460.0,1548.0,1627.0,1554.0,401.0,349.0,690.0,905.0,900.0,1172.0,1043.0,1056.0,1066.0,933.0,381.0,276.0,472.0,677.0,648.0,910.0,930.0,996.0,943.0,861.0,574.0,414.0,472.0,673.0,600.0,988.0,1299.0,1312.0,1373.0,1310.0,949.0,570.0,343.0,586.0,401.0,843.0,1819.0,1945.0,1924.0,1897.0,1680.5,858.5,203.0,482.5,200.5,880.5,3038.0,3908.5,3904.5,3963.0,1658.5,791.5,83.0,355.5,105.5,708.5,3058.0,4321.0,4396.5,4470.5,2255.0,1875.0,685.0,835.0,1101.0,1268.0,1304.0,1372.0,1469.0,1555.0,1638.0,789.0,104.0,369.0,115.0,693.0,3274.0,4515.0,4687.0,4749.0,1692.0,771.0,72.0,404.0,162.0,867.0,3463.0,4700.0,4880.0,4931.0,1734.0,829.0,215.0,654.0,349.0,1218.0,3632.0,4787.0,4994.0,5139.0,1880.0,917.0,442.0,917.0,654.0,1725.0,3695.0,4536.0,4760.0,4902.0,1963.0,1082.5,473.5,990.5,760.0,1826.0,3479.0,4116.0,4495.0,4407.5,2200.5,1290.5,535.5,1101.5,1073.5,2094.5,3304.5,3695.0,4076.5,4177.0,2575.5,1517.0,808.5,1317.5,1429.5,2341.0,3334.0,3711.0,4139.5,4177.5,2896.5,1826.5,897.0,1430.0,1713.0,2483.0,3297.0,3639.5,4129.0,4080.5,3978.0,2870.0,1135.0,1528.0,2121.0,2658.0,2939.0,3171.0,3616.0,3680.0,3907.0,2816.5,1159.0,1636.5,2449.5,2760.0,3039.5,3224.0,3676.0,3793.5,2268.5,1870.0,636.5,795.5,1102.0,1242.0,1281.0,1342.5,1514.0,1534.5,3845.0,2677.5,1002.0,1404.0,2036.5,2354.0,2572.0,2715.0,3029.0,3119.5,3575.5,2569.0,1004.5,1337.5,1873.5,2121.0,2287.5,2517.5,2814.0,2833.0,3193.0,2464.0,744.5,975.0,1366.5,1546.0,1673.5,1827.5,2074.0,2098.5,3291.5,2515.5,782.5,970.5,1336.5,1513.5,1612.5,1790.0,2014.5,2041.5,1903.0,1226.0,473.0,615.0,876.0,1002.0,1046.0,1137.0,1272.0,1271.0,0.0,0.0,0.0,0.0,0.0,0.0,0.0,0.0,0.0,0.0,1648.0,1270.0,464.0,632.0,814.0,940.0,937.0,977.0,1142.0,1135.0,1879.0,1503.0,576.0,682.0,842.0,977.0,1009.0,1098.0,1168.0,1204.0,2377.0,1981.0,700.0,913.0,1130.0,1305.0,1361.0,1443.0,1557.0,1601.0,2381.0,1948.5,816.5,911.0,1143.5,1318.0,1355.5,1457.0,1572.5,1622.5,2016.5,1631.0,568.5,704.0,902.0,1052.5,1080.5,1154.5,1252.0,1316.0,2352.0,1980.5,766.0,917.5,1103.5,1274.5,1429.0,1529.5,1655.5,1663.0,2458.0,2008.0,799.0,1000.0,1184.0,1342.0,1538.0,1648.0,1797.0,1763.0,"{""type"":""MultiPoint"",""coordinates"":[]}"
552_0,3,1699.0,1388.5,625.5,764.0,1009.5,1113.0,1136.0,1218.5,1281.5,1311.0,2429.5,2120.0,1014.5,1317.5,1573.5,1684.0,1709.0,1788.5,1865.5,1874.0,2380.5,2048.5,900.0,1174.5,1426.5,1538.5,1585.0,1645.5,1721.0,1733.5,2478.5,2142.0,961.5,1260.0,1524.5,1654.0,1659.0,1742.5,1795.0,1821.0,962.0,982.0,1189.0,1454.0,1755.0,1902.0,1770.0,1861.0,1715.0,1718.0,299.0,352.0,693.0,957.0,1072.0,1279.0,1085.0,1170.0,1085.0,935.0,305.0,245.0,693.0,1007.0,1014.0,1269.0,1095.0,1170.0,1123.0,999.0,426.0,294.0,623.0,945.0,902.0,1292.0,1277.0,1398.0,1240.0,1171.0,632.0,404.0,572.0,889.0,768.0,1183.0,1342.0,1491.0,1380.0,1302.0,913.0,526.0,297.5,572.5,347.0,906.5,1842.0,2142.5,2051.5,1968.5,1325.5,680.0,200.0,525.5,256.5,861.5,2537.5,3215.0,3248.5,3228.5,1963.0,1635.0,752.5,920.5,1165.0,1289.0,1323.0,1364.0,1446.5,1478.0,1423.0,730.0,225.0,483.0,267.0,838.0,2521.0,3319.0,3300.0,3398.0,1234.0,602.0,128.0,387.0,190.0,730.0,2430.0,3204.0,3247.0,3247.0,1218.0,582.0,128.0,351.0,148.0,671.0,2590.0,3367.0,3375.0,3433.0,1433.0,711.0,303.0,678.0,319.0,1056.0,3181.0,3984.0,4039.0,4010.0,1635.0,808.0,392.0,931.0,468.0,1532.0,3587.0,4166.0,4287.0,4341.0,1696.0,898.0,414.0,1019.0,540.0,1727.0,3400.5,3815.5,4012.0,4019.5,1933.0,1033.0,803.0,1467.0,1346.0,2377.0,3261.0,3568.0,3759.0,3837.0,2266.0,1391.0,855.0,1505.5,1570.0,2667.0,3179.0,3443.0,3731.0,3766.5,3397.5,2366.0,1094.5,1576.0,2168.0,2745.0,3028.5,3292.5,3585.0,3631.0,2484.0,1626.0,766.0,1196.0,1840.0,2193.0,2334.0,2553.0,2783.0,2864.0,1776.0,1440.0,518.0,745.0,1004.0,1137.0,1168.0,1216.0,1313.0,1300.0,3358.0,2467.0,810.0,1184.0,1701.0,2074.0,2185.0,2404.0,2483.0,2713.0,3207.5,2394.0,902.0,1183.0,1668.5,1937.5,2037.5,2216.0,2407.0,2496.0,2798.0,2209.0,687.0,877.5,1235.0,1422.0,1531.0,1654.5,1814.5,1863.0,2232.0,1760.0,727.0,941.0,1212.0,1393.0,1428.0,1555.0,1665.0,1721.0,1970.0,1438.0,539.0,686.0,962.0,1059.0,1122.0,1192.0,1382.0,1349.0,572.0,341.0,440.0,391.0,440.0,480.0,516.0,574.0,602.0,608.0,1686.0,1356.0,583.0,768.0,975.0,1083.0,1089.0,1140.0,1273.0,1244.0,320.0,247.0,252.0,203.0,198.0,198.0,208.0,226.0,240.0,239.0,2253.0,1945.0,834.0,1097.0,1334.0,1464.0,1468.0,1534.0,1642.0,1646.0,2438.0,2120.0,1004.0,1234.0,1477.0,1585.0,1642.0,1693.0,1832.0,1782.0,1633.5,1376.0,655.5,816.0,963.5,1059.5,1094.5,1153.5,1177.5,1235.5,1966.0,1691.0,703.0,866.0,1076.0,1170.0,1194.0,1282.0,1341.0,1351.0,2096.0,1840.0,773.0,965.0,1201.5,1298.5,1339.0,1422.5,1515.5,1508.0,"{""type"":""MultiPoint"",""coordinates"":[]}"
553_0,3,136.0,132.0,142.0,190.0,280.0,347.0,224.5,278.5,286.0,173.0,2179.0,1823.5,685.5,878.5,1099.5,1235.5,1291.5,1385.0,1511.0,1521.5,2311.5,1972.5,774.5,989.5,1229.0,1364.5,1414.5,1497.5,1583.0,1655.5,2484.5,2179.5,1015.0,1276.0,1513.5,1642.5,1667.5,1756.0,1821.5,1838.0,2629.0,2344.0,1252.0,1499.0,1738.0,1877.0,1867.0,1954.0,2038.0,2039.0,1391.0,1349.0,1325.0,1549.0,1780.0,1910.0,1928.0,2029.0,1673.0,1852.0,240.0,171.0,629.0,891.0,901.0,1063.0,865.0,919.0,879.0,767.0,404.0,327.0,684.0,975.0,935.0,1353.0,1286.0,1339.0,1273.0,1170.0,553.0,441.0,504.0,798.0,658.0,1159.0,1351.0,1485.0,1397.0,1244.0,897.0,526.5,259.5,554.5,328.0,973.0,1969.5,2328.5,2316.5,2055.0,1083.0,583.0,193.5,453.0,221.0,809.0,2324.5,2910.5,3001.5,2739.5,162.0,162.0,216.0,295.0,373.0,429.0,334.0,378.0,428.0,327.0,1376.0,683.0,190.0,438.0,237.0,777.0,2510.0,3328.0,3334.0,3332.0,1376.0,691.0,121.0,369.0,178.0,716.0,2589.0,3516.0,3538.0,3509.0,1433.0,700.0,159.0,474.0,224.0,868.0,2872.0,3949.0,3887.0,4011.0,1540.0,789.0,426.0,873.0,543.0,1523.0,3187.0,3842.0,3883.0,3910.0,1519.0,816.0,426.0,924.0,701.0,1679.0,2941.0,3345.0,3691.0,3625.0,1935.0,1135.5,506.5,1017.0,996.0,1912.5,2814.0,3114.0,3423.5,3417.0,2385.0,1481.0,896.0,1394.0,1513.0,2281.0,2892.0,3182.0,3449.0,3479.0,3225.5,2208.5,991.0,1467.0,1845.5,2488.5,2954.5,3193.0,3567.0,3663.0,4197.5,2800.5,1233.5,1764.0,2488.0,3093.5,3344.0,3678.5,3983.5,4135.5,4578.0,3144.0,1511.0,2064.0,2928.0,3429.0,3571.0,3910.0,4058.0,4215.0,162.0,162.0,249.0,264.0,363.0,429.0,326.0,378.0,428.0,319.0,4432.0,3155.0,1348.0,1848.0,2567.0,2904.0,3086.0,3282.0,3447.0,3723.0,4145.0,3053.5,1189.0,1592.5,2168.0,2509.0,2625.0,2815.0,3067.5,3169.0,2190.0,1729.5,653.5,846.5,1194.5,1359.0,1347.0,1477.0,1673.5,1612.0,297.0,251.0,362.0,401.0,556.0,657.0,518.0,570.0,611.0,506.0,150.0,133.0,114.0,160.0,243.0,301.0,212.0,230.0,273.0,213.0,0.0,0.0,0.0,0.0,0.0,0.0,0.0,0.0,0.0,0.0,124.0,140.0,128.0,196.0,290.0,378.0,254.0,293.0,281.0,222.0,792.0,478.0,301.0,402.0,606.0,804.0,875.0,965.0,1108.0,1136.0,3696.0,2828.0,950.0,1212.0,1660.0,1944.0,2127.0,2263.0,2439.0,2552.0,1917.0,1147.0,493.0,660.0,1039.0,1210.0,1344.0,1530.0,1771.0,1804.0,2728.5,1915.0,726.5,962.0,1337.5,1586.0,1737.0,1933.5,2172.5,2213.5,4236.0,3352.5,1186.0,1478.5,1857.0,2173.0,2403.0,2607.0,2868.0,2941.5,3946.5,3177.5,1146.5,1407.5,1762.5,2069.5,2191.5,2425.0,2567.5,2678.5,"{""type"":""MultiPoint"",""coordinates"":[]}"
554_0,3,1798.0,1495.0,556.5,732.5,973.0,1099.5,1125.5,1191.5,1248.0,1343.0,2498.5,2213.5,918.5,1208.0,1462.0,1578.5,1613.0,1701.5,1788.0,1807.0,2395.5,2074.5,783.0,1073.5,1331.5,1447.5,1466.5,1537.5,1622.5,1632.5,285.5,241.0,486.5,700.5,773.5,957.0,697.5,782.5,706.0,607.0,621.0,509.0,798.0,1016.0,1126.0,1332.0,1236.0,1265.0,1101.0,1197.0,621.0,509.0,660.0,931.0,1048.0,1271.0,1133.0,1223.0,1101.0,1203.0,472.0,388.0,537.0,852.0,757.0,1186.0,1133.0,1219.0,1102.0,1094.0,1387.0,1028.0,537.0,916.0,737.0,1362.0,2102.0,2221.0,2027.0,2070.0,966.0,564.0,380.0,690.0,492.0,1036.0,1713.0,1979.0,1849.0,1878.0,1122.5,618.0,240.0,525.5,300.5,844.0,2202.5,2576.0,2658.0,2698.5,1398.0,770.0,133.5,376.5,194.0,767.5,2274.0,2913.0,3006.5,3006.0,2039.5,1719.0,704.5,879.5,1110.0,1265.0,1291.5,1358.5,1449.0,1485.0,1587.5,846.0,213.0,460.0,269.5,829.0,2736.0,3695.5,3648.0,3810.0,1579.0,856.0,125.0,454.0,184.0,884.0,2839.0,3838.0,3954.0,4033.0,1610.0,853.0,304.0,722.0,453.0,1272.0,3083.0,3893.0,3998.0,4124.0,1722.0,914.0,523.0,981.0,846.0,1744.0,3126.0,3651.0,3919.0,4019.0,1962.0,1168.0,600.0,1071.0,1133.0,1932.0,2939.0,3353.0,3660.0,3687.0,2293.5,1392.0,679.0,1151.0,1327.5,2076.5,2904.0,3346.0,3518.0,3604.0,3734.5,2619.5,1335.0,1704.5,2218.0,2653.0,2959.5,3220.0,3628.0,3619.5,3072.5,2296.0,1113.5,1454.0,1906.5,2133.5,2316.0,2460.0,2696.5,2639.5,2509.0,2033.0,827.0,1102.0,1531.0,1721.0,1785.0,1899.0,2019.0,2048.0,1798.0,1395.5,599.0,779.0,1064.0,1219.5,1276.0,1375.5,1421.5,1519.0,1962.0,1646.5,626.0,806.5,1047.0,1181.5,1225.0,1273.0,1380.0,1406.0,2024.0,1628.0,630.0,842.0,1115.0,1325.0,1377.0,1485.0,1431.0,1593.0,1881.0,1530.0,703.0,890.0,1115.0,1283.5,1317.5,1376.0,1451.0,1480.5,1920.0,1649.0,513.0,716.5,950.5,1080.5,1111.0,1188.5,1295.0,1308.5,2131.5,1894.0,674.5,843.5,1104.5,1224.5,1238.5,1340.5,1407.0,1432.0,1631.0,1397.0,422.0,557.0,774.0,853.0,889.0,949.0,1035.0,1026.0,0.0,0.0,0.0,0.0,0.0,0.0,0.0,0.0,0.0,0.0,1972.0,1688.0,627.0,838.0,1060.0,1168.0,1207.0,1249.0,1354.0,1369.0,325.0,240.0,225.0,210.0,216.0,223.0,232.0,239.0,250.0,250.0,2351.5,2044.0,829.5,1061.5,1297.0,1424.0,1439.5,1536.5,1630.0,1614.0,2265.5,1953.0,781.5,980.0,1208.0,1332.5,1316.0,1385.5,1492.0,1514.0,2015.0,1768.0,656.0,807.0,995.0,1114.0,1115.0,1164.0,1255.0,1321.0,2015.0,1791.0,658.0,807.0,995.0,1114.0,1161.0,1252.0,1300.0,1321.0,2110.0,1871.0,671.5,894.5,1101.0,1201.5,1254.0,1317.0,1403.5,1426.0,"{""type"":""MultiPoint"",""coordinates"":[]}"
555_0,3,3404.0,2898.0,1588.0,1718.5,1960.0,2244.5,2300.5,2396.0,2489.0,2662.5,2769.0,2524.5,903.0,1184.0,1543.5,1708.0,1835.0,1943.5,2080.0,2098.0,2952.0,2722.0,938.0,1201.0,1570.0,1752.0,1865.0,1981.0,2114.0,2147.0,661.5,588.5,608.0,751.0,811.0,928.5,793.5,848.0,820.0,770.5,579.0,448.0,639.0,799.0,775.0,980.0,938.0,997.0,1024.0,888.0,516.0,343.0,379.0,552.0,508.0,717.0,886.0,997.0,968.0,847.0,817.0,599.0,278.0,571.0,320.0,835.0,1279.0,1462.0,1375.0,1293.0,1654.0,905.0,202.0,608.0,213.0,967.0,2667.0,3156.0,3172.0,2997.0,1559.0,827.0,100.0,421.0,143.0,814.0,2667.0,3440.0,3403.0,3308.0,1489.0,734.5,57.5,340.5,84.5,669.0,2777.0,3865.0,3911.5,3947.0,1449.0,699.5,53.5,302.5,82.0,637.5,2839.0,4057.5,4146.0,4191.5,4313.5,3679.5,2098.5,2277.5,2610.5,2914.5,2991.5,3100.5,3183.0,3341.5,1507.0,741.0,73.5,329.5,76.0,684.5,2929.0,4178.0,4261.0,4382.5,1573.5,766.5,180.5,698.0,296.5,1240.0,3424.0,4332.0,4507.5,4609.0,1678.0,840.0,564.0,920.0,727.0,1441.0,3392.0,4113.0,4166.0,4342.0,1780.0,991.0,716.0,1079.0,1004.0,1815.0,3084.0,3551.0,3787.0,3885.0,1927.0,1089.0,636.0,1125.0,1034.0,1897.0,2945.0,3277.0,3618.0,3617.0,4228.0,2885.0,1122.0,1591.0,2053.0,2752.0,3075.0,3328.0,3673.0,3823.0,4612.0,3341.0,1225.0,1702.0,2264.0,2765.0,3078.0,3404.0,3683.5,3835.5,4426.0,3276.5,1127.5,1548.0,2193.5,2560.5,2842.0,3144.0,3451.5,3530.0,3935.0,2897.0,1019.5,1411.0,1967.5,2327.0,2630.5,2915.0,3100.5,3331.0,3723.0,2676.0,952.0,1262.0,1719.0,2100.0,2343.0,2571.0,2718.0,2842.0,3694.5,3005.0,886.0,1128.5,1537.0,1806.0,1922.0,2116.5,2331.0,2406.0,3391.0,2711.5,735.5,1024.5,1299.5,1615.5,1920.0,2077.0,2218.5,2364.0,3560.0,3110.0,1956.0,2055.0,2206.0,2459.0,2663.0,2733.5,2835.5,2945.5,3068.0,2614.0,1491.0,1615.5,1751.0,2025.0,2198.0,2326.0,2425.0,2447.5,2859.5,2423.0,715.0,847.0,986.0,1244.5,1502.0,1663.0,1764.0,1854.5,2441.0,1948.0,526.0,676.0,833.0,1148.0,1428.0,1527.0,1679.0,1796.0,0.0,0.0,0.0,0.0,0.0,0.0,0.0,0.0,0.0,0.0,3656.0,2833.0,961.0,1317.0,1744.0,2118.0,2237.0,2424.0,2637.0,2760.0,3526.0,3063.0,1020.0,1351.0,1744.0,2179.0,2237.0,2511.0,2637.0,2770.0,3526.0,3063.0,977.0,1320.0,1650.0,2095.0,2364.0,2627.0,2776.0,2855.0,3831.0,2958.5,1097.5,1372.5,1639.5,2039.5,2532.0,2729.5,2969.5,3029.0,2947.5,2314.0,839.5,1078.0,1323.5,1625.0,1949.5,2080.0,2283.0,2315.0,2440.0,2183.0,706.5,925.0,1227.0,1377.0,1486.5,1600.0,1747.5,1759.0,2344.0,2170.0,681.0,870.0,1171.0,1312.0,1407.0,1516.0,1645.0,1652.0,"{""type"":""MultiPoint"",""coordinates"":[]}"
556_0,3,1865.5,1510.0,627.5,791.0,1043.0,1165.5,1218.0,1271.0,1407.5,1405.0,2538.5,2245.0,952.5,1245.5,1509.5,1624.0,1657.0,1772.5,1886.0,1822.5,2450.5,2112.5,847.0,1146.5,1403.5,1506.5,1518.0,1579.5,1721.5,1744.0,298.0,174.5,468.5,665.0,732.5,810.0,640.5,668.0,674.0,582.0,722.0,486.0,781.0,1019.0,1095.0,1215.0,1215.0,1222.0,1017.0,1077.0,722.0,486.0,781.0,1019.0,1095.0,1215.0,1215.0,1222.0,1223.0,1206.0,473.0,357.0,540.0,828.0,737.0,1122.0,1014.0,1083.0,1045.0,1013.0,1555.0,1096.0,571.0,911.0,791.0,1324.0,1925.0,2120.0,2074.0,2120.0,1054.0,598.0,447.0,779.0,625.0,1093.0,1719.0,1863.0,1946.0,1923.0,1148.0,600.0,276.5,538.0,336.5,879.5,1779.5,2204.5,2228.5,2279.5,1213.5,676.5,161.0,400.5,230.5,728.5,1996.5,2617.5,2657.0,2642.5,2091.5,1733.5,729.5,938.5,1178.5,1300.0,1361.0,1412.5,1572.0,1534.0,1341.0,674.0,176.0,395.0,227.0,670.0,2288.0,2836.0,2800.0,3036.0,1406.0,679.0,113.0,425.0,177.0,727.0,2715.0,3447.0,3578.0,3611.0,1365.0,709.0,280.0,703.0,434.0,1160.0,2921.0,3641.0,3713.0,3907.0,1617.0,817.0,491.0,960.0,832.0,1670.0,3012.0,3509.0,3653.0,3779.0,1883.0,1061.0,581.0,1030.0,1061.0,1813.0,2812.0,3112.0,3394.0,3489.0,2128.5,1275.0,643.5,1086.5,1210.0,1962.5,2726.5,3089.5,3336.0,3415.5,3704.0,2598.5,1311.5,1721.0,2133.0,2618.0,2930.0,3151.0,3388.5,3546.5,2987.0,2281.5,1084.5,1401.5,1789.0,2052.0,2116.5,2266.0,2462.5,2556.0,2344.5,1912.5,758.0,1030.5,1382.5,1537.5,1596.5,1697.0,1812.0,1797.0,1716.0,1309.0,619.0,820.0,1073.0,1205.0,1235.0,1307.0,1385.0,1396.0,2010.5,1692.0,649.0,867.0,1117.5,1235.5,1276.5,1350.5,1495.0,1459.0,1984.0,1609.0,619.0,820.0,1073.0,1241.0,1272.0,1391.0,1404.0,1492.0,1805.5,1456.0,659.0,822.0,1019.5,1149.0,1209.5,1280.0,1334.0,1383.0,1853.5,1574.0,497.5,687.5,901.5,1013.5,1068.5,1136.5,1272.5,1218.0,2144.5,1905.0,670.0,859.5,1087.0,1225.0,1269.0,1376.0,1452.5,1444.0,1587.0,1401.0,409.0,559.0,738.0,817.0,816.0,889.0,1017.0,1020.0,0.0,0.0,0.0,0.0,0.0,0.0,0.0,0.0,0.0,0.0,1974.0,1688.0,635.0,837.0,1066.0,1140.0,1178.0,1231.0,1356.0,1390.0,300.0,225.0,220.0,203.0,198.0,200.0,194.0,224.0,224.0,222.0,2354.5,2021.0,836.5,1059.0,1290.0,1388.0,1443.0,1529.0,1663.5,1628.5,2235.5,1923.0,793.0,977.5,1207.5,1315.0,1317.0,1420.0,1539.0,1485.0,1989.0,1738.0,657.0,823.0,1013.0,1105.0,1127.0,1194.0,1312.0,1276.0,1989.0,1768.0,691.0,846.0,1016.0,1105.0,1165.0,1285.0,1374.0,1345.0,2151.5,1873.5,697.0,918.0,1115.0,1201.0,1292.0,1332.0,1478.5,1446.0,"{""type"":""MultiPoint"",""coordinates"":[]}"
557_0,3,1774.5,1466.0,639.5,794.0,1031.5,1109.0,1130.5,1240.0,1340.5,1326.0,2137.5,1821.5,816.5,1021.0,1240.0,1351.0,1413.0,1484.5,1586.5,1573.5,2307.5,1972.5,940.5,1207.5,1464.5,1577.0,1599.5,1665.0,1733.0,1734.0,2630.5,2276.5,1236.5,1556.0,1831.0,1965.0,1956.5,2015.5,2069.5,2081.5,2228.0,1967.0,1197.0,1501.0,1769.0,1883.0,1600.0,1663.0,1716.0,1724.0,460.0,436.0,1172.0,1460.0,1441.0,1638.0,1235.0,1234.0,1220.0,996.0,409.0,323.0,625.0,902.0,961.0,1185.0,917.0,1007.0,930.0,835.0,472.0,369.0,655.0,980.0,961.0,1293.0,1186.0,1252.0,1214.0,1062.0,606.0,450.0,446.0,816.0,690.0,1052.0,1093.0,1244.0,1042.0,991.0,1160.5,673.0,335.5,607.0,477.5,899.0,1794.5,2257.5,1955.0,2097.0,1443.0,728.0,243.5,528.0,280.5,774.0,2537.0,3512.5,3385.0,3427.0,1936.0,1641.0,711.0,896.0,1111.0,1211.0,1266.0,1302.0,1405.0,1434.0,1431.0,698.0,152.0,390.0,158.0,638.0,2743.0,3806.0,3778.0,3820.0,1420.0,678.0,53.0,341.0,88.0,688.0,2987.0,4203.0,4187.0,4297.0,1497.0,743.0,147.0,486.0,242.0,908.0,3237.0,4500.0,4619.0,4732.0,1621.0,767.0,431.0,907.0,558.0,1636.0,3562.0,4297.0,4484.0,4470.0,1653.5,889.0,474.5,1020.0,682.0,1800.5,3427.0,3906.5,4293.0,4205.5,1864.0,1088.0,530.5,1088.0,1045.5,2054.0,3168.0,3540.5,3838.5,3854.0,2225.5,1291.5,854.0,1416.5,1485.0,2309.5,3129.5,3478.5,3803.0,3782.0,2539.0,1627.5,952.5,1483.5,1796.5,2590.0,3068.0,3370.0,3728.5,3714.0,3557.0,2521.0,1062.5,1528.0,2122.5,2619.5,2928.0,3133.0,3624.5,3579.0,3296.0,2389.0,1101.0,1574.0,2301.0,2688.0,2798.0,3079.0,3327.0,3377.0,1813.0,1519.0,540.0,741.0,990.0,1112.0,1106.0,1182.0,1316.0,1294.0,3619.0,2717.0,1101.0,1574.0,2301.0,2663.0,2712.0,3003.0,3178.0,3323.0,3407.0,2554.0,1145.0,1466.5,2021.0,2281.0,2430.0,2616.5,2915.0,2936.0,3118.5,2429.5,894.5,1130.0,1542.5,1730.5,1848.0,1992.5,2224.5,2223.0,3252.0,2642.0,971.0,1210.0,1567.0,1764.0,1881.0,2004.0,2221.0,2266.0,1587.0,1292.0,476.0,633.0,842.0,946.0,975.0,1079.0,1160.0,1124.0,1077.0,805.0,860.0,890.0,866.0,942.0,1015.0,1009.0,1084.0,963.0,1311.0,1013.0,449.0,625.0,760.0,852.0,879.0,943.0,1027.0,1010.0,786.0,708.0,258.0,303.0,372.0,457.0,511.0,562.0,395.0,659.0,2132.0,1814.0,793.0,990.0,1196.0,1296.0,1317.0,1428.0,1513.0,1484.0,2240.0,1936.0,973.0,1144.0,1299.0,1431.0,1478.0,1561.0,1681.0,1684.0,1569.0,1335.0,619.0,748.0,947.0,1020.0,1001.0,1092.0,1177.0,1184.0,2133.0,1834.5,853.5,1021.5,1193.0,1290.0,1332.0,1397.0,1495.5,1474.5,2150.5,1835.5,865.0,1046.0,1223.5,1324.0,1383.0,1459.0,1563.0,1538.0,"{""type"":""MultiPoint"",""coordinates"":[]}"
558_0,3,2443.5,1821.5,902.0,1001.5,1241.0,1385.5,1457.5,1576.0,1742.0,1744.0,2253.0,2026.0,609.0,873.0,1178.0,1308.0,1327.0,1420.0,1540.0,1545.0,2324.0,2133.0,705.0,917.0,1217.0,1383.0,1344.0,1481.0,1559.0,1612.0,2333.0,2151.0,770.0,1004.0,1328.5,1472.0,1476.5,1595.5,1668.5,1690.5,699.0,548.0,341.0,441.0,588.0,594.0,671.0,754.0,760.0,735.0,803.0,706.0,895.0,1004.0,1105.0,1171.0,1042.0,1047.0,1085.0,913.0,700.0,554.0,354.0,653.0,464.0,973.0,1251.0,1352.0,1342.0,1356.0,1361.0,857.0,354.0,693.0,538.0,1185.0,2209.0,2365.0,2401.0,2419.0,1302.0,814.0,240.0,488.0,343.0,850.0,1981.0,2289.0,2401.0,2337.0,1395.0,760.0,117.5,387.0,150.5,686.0,2516.5,3264.0,3296.0,3309.0,1454.5,757.5,122.5,332.5,140.0,624.5,2604.0,3785.5,3831.0,3826.0,3817.0,3309.5,1888.0,2063.5,2397.0,2610.5,2625.0,2804.0,2934.5,2990.0,1415.5,718.0,98.5,277.5,112.5,502.5,2462.5,3964.5,3997.0,4091.5,1267.0,649.5,69.0,230.0,74.5,455.0,2419.5,3935.0,4103.5,4102.0,1278.0,625.0,415.0,571.0,426.0,792.0,2372.0,3856.0,3919.0,4033.0,1378.0,752.0,554.0,845.0,568.0,1245.0,2976.0,3941.0,4110.0,4249.0,1433.0,778.0,423.0,811.0,568.0,1245.0,2956.0,3889.0,4174.0,4180.0,1547.0,864.0,468.0,811.0,610.0,1338.0,2903.0,3545.0,3899.0,3976.0,3036.0,1887.5,1261.0,1744.0,2284.5,2877.0,3436.5,3890.5,4399.0,4351.5,3453.0,2288.5,1414.5,1962.0,2587.5,3042.0,3427.5,3848.5,4354.5,4279.5,4549.5,3117.0,1477.5,2051.5,3058.0,3499.0,3803.5,4158.5,4565.5,4645.0,4306.0,3034.0,1501.0,2071.0,2950.0,3476.0,3559.0,3740.0,3993.0,4201.0,3182.0,2703.5,833.0,1019.0,1334.5,1518.0,1569.0,1715.0,1918.5,1974.5,4061.5,3012.0,1262.0,1700.5,2322.0,2668.5,2802.0,2945.5,3150.0,3301.5,4280.5,3454.0,2337.0,2576.5,2942.5,3271.5,3359.0,3532.0,3690.0,3756.0,3350.0,2713.5,974.0,1220.0,1574.0,1808.0,1857.0,2057.5,2199.5,2247.0,3394.5,2837.5,1053.5,1250.0,1575.5,1805.0,1893.5,2043.0,2184.0,2247.5,2897.0,2229.0,783.5,1007.5,1351.5,1582.5,1718.0,1810.0,2026.5,2076.0,0.0,0.0,0.0,0.0,0.0,0.0,0.0,0.0,0.0,0.0,3416.0,2755.0,887.0,1169.0,1530.0,1771.0,1868.0,2009.0,2194.0,2237.0,3777.0,3085.0,1095.5,1325.0,1663.0,1935.0,2119.0,2297.0,2497.5,2541.0,3336.0,2743.5,899.5,1167.5,1415.5,1746.5,1966.0,2106.0,2362.5,2342.5,1955.0,1711.5,522.0,662.0,917.5,1055.0,1044.0,1167.0,1219.0,1269.5,2001.0,1768.0,529.0,685.0,993.0,1127.0,1035.0,1159.0,1219.0,1235.0,2056.0,1882.0,589.0,778.0,1053.0,1147.0,1172.0,1235.0,1380.0,1357.0,2068.5,1876.0,581.0,785.5,1065.5,1168.0,1201.5,1256.0,1398.5,1393.5,"{""type"":""MultiPoint"",""coordinates"":[]}"
559_0,3,1965.0,1631.0,562.5,728.0,1005.0,1141.5,1178.0,1256.0,1373.0,1393.5,2582.5,2176.0,1007.0,1342.0,1664.5,1805.0,1843.5,1907.0,2048.0,2024.5,2603.5,2177.0,953.5,1248.5,1599.0,1750.5,1773.5,1867.0,1970.5,1951.5,2462.5,2106.5,906.5,1171.0,1498.0,1643.5,1655.0,1756.0,1842.0,1845.0,281.5,248.0,544.0,766.0,846.0,975.5,817.0,893.5,973.5,888.0,277.0,204.5,667.0,940.5,949.5,1260.5,1054.0,1084.0,1090.0,917.5,499.5,438.0,628.0,919.5,853.5,1262.0,1245.0,1334.0,1205.5,1136.5,1148.0,779.5,414.5,777.0,440.5,1135.5,2356.5,2625.0,2635.5,2550.0,1560.5,786.0,188.5,552.5,190.5,985.0,3591.5,4559.0,4599.5,4678.5,1720.5,913.5,223.0,590.5,427.5,1204.0,3211.0,4011.5,4314.0,4550.0,1923.5,1045.5,264.5,610.0,514.0,1227.0,2947.0,3677.0,4022.0,4277.0,2263.0,1911.5,630.5,870.5,1140.5,1322.5,1378.5,1469.0,1517.0,1561.0,1920.0,1025.0,261.5,599.0,452.5,1157.0,2785.5,3459.5,3760.0,3984.0,1710.0,864.0,197.0,534.0,336.0,1006.5,2815.0,3523.0,3761.5,3939.0,1583.0,795.0,223.0,566.0,291.0,970.5,2750.5,3364.0,3523.0,3685.0,1841.5,932.5,479.5,971.5,526.5,1563.5,3398.5,3891.0,4072.0,4193.5,1933.0,1056.0,481.0,1098.0,660.5,1840.5,3301.0,3747.0,4023.0,4065.0,2092.0,1183.0,553.0,1212.0,962.0,2153.0,3107.0,3415.0,3636.0,3774.0,2426.0,1368.0,816.0,1479.5,1450.5,2609.0,3226.5,3510.0,3798.0,3890.0,2556.5,1623.5,850.0,1460.5,1782.0,2611.0,3051.0,3355.0,3722.0,3844.0,3827.0,2554.0,1123.5,1575.0,2188.0,2725.0,2967.5,3258.5,3667.5,3781.0,2274.0,1653.5,756.5,1091.5,1551.5,1791.5,1846.0,1962.5,2115.0,2178.5,2131.5,1755.0,541.5,775.0,1071.5,1239.5,1248.5,1349.0,1454.0,1481.5,2408.0,1819.0,756.0,1077.5,1509.5,1697.5,1762.5,1875.5,2061.0,2047.0,2507.0,1953.0,904.5,1154.5,1516.5,1701.0,1747.5,1897.0,2026.0,2041.5,2289.5,1854.0,721.5,918.0,1196.0,1361.0,1408.5,1507.5,1647.5,1663.0,2294.5,1764.5,746.5,975.5,1259.0,1438.5,1488.0,1589.0,1699.5,1747.5,2032.5,1508.5,574.5,742.0,987.5,1118.0,1179.0,1311.0,1440.5,1466.0,0.0,0.0,0.0,0.0,0.0,0.0,0.0,0.0,0.0,0.0,1697.5,1246.5,473.5,689.5,904.5,1046.5,1054.5,1205.0,1288.0,1319.0,1986.5,1593.0,676.0,837.0,1023.5,1183.0,1222.5,1288.0,1377.5,1396.5,2543.5,2093.5,879.0,1119.0,1383.0,1571.5,1663.5,1749.5,1839.5,1849.0,2459.0,2043.5,852.5,1079.5,1335.5,1485.0,1554.5,1644.5,1766.5,1763.0,2264.0,1861.0,812.5,972.0,1185.0,1324.5,1383.5,1455.0,1577.5,1605.5,2226.5,1900.5,724.0,929.0,1195.5,1316.0,1394.5,1472.0,1545.5,1566.0,2345.5,1984.5,803.5,1030.0,1331.0,1483.0,1538.0,1612.0,1718.5,1745.0,"{""type"":""MultiPoint"",""coordinates"":[]}"
560_0,3,184.0,140.5,164.5,228.5,343.0,424.0,273.5,333.5,269.5,229.0,1902.5,1612.0,729.0,922.0,1083.5,1172.5,1228.0,1290.0,1358.0,1417.0,1953.5,1686.0,734.5,939.0,1112.5,1203.5,1221.5,1311.0,1365.0,1375.0,2160.5,1882.5,896.5,1127.0,1314.0,1425.0,1435.5,1522.5,1574.5,1592.0,2364.0,2093.0,1115.0,1334.0,1535.0,1644.0,1670.0,1753.0,1799.0,1811.0,1043.0,1056.0,1284.0,1532.0,1703.0,1826.0,1482.0,1563.0,1331.0,1423.0,264.0,248.0,670.0,876.0,899.0,1094.0,867.0,916.0,874.0,760.0,356.0,303.0,670.0,940.0,923.0,1154.0,952.0,1047.0,955.0,833.0,321.0,292.0,506.0,770.0,720.0,1075.0,907.0,1037.0,868.0,747.0,376.5,266.5,207.5,489.0,378.0,913.5,1062.0,1159.5,982.0,883.0,408.0,270.0,135.0,298.5,169.5,674.0,1023.0,1150.0,958.5,896.5,200.0,218.0,321.0,391.0,464.0,524.0,392.0,425.0,374.0,380.0,766.0,470.0,102.0,268.0,115.0,594.0,1552.0,1987.0,1695.0,1632.0,970.0,526.0,65.0,268.0,109.0,594.0,1906.0,2539.0,2296.0,2193.0,1159.0,556.0,145.0,396.0,186.0,717.0,2409.0,3041.0,2910.0,2993.0,1363.0,712.0,365.0,725.0,431.0,1162.0,2787.0,3285.0,3273.0,3315.0,1363.0,749.0,378.0,812.0,643.0,1461.0,2696.0,3043.0,3183.0,3140.0,1899.0,1166.5,528.0,973.0,1095.5,1774.5,2563.0,2777.5,2943.5,3099.0,2575.0,1656.0,983.5,1324.5,1522.5,1962.0,2421.0,2686.5,2828.0,3001.0,3024.0,2184.5,933.5,1262.5,1691.0,2041.0,2281.0,2488.0,2658.5,2777.5,3013.5,2185.0,903.0,1279.0,1749.0,2066.5,2248.0,2459.5,2669.0,2715.5,2907.0,2110.0,813.0,1154.0,1632.0,1929.0,2105.0,2220.0,2307.0,2534.0,166.0,186.0,380.0,391.0,408.0,472.0,366.0,425.0,374.0,380.0,2907.0,2186.0,780.0,1097.0,1548.0,1834.0,1957.0,2115.0,2156.0,2314.0,2726.5,2064.0,761.5,995.0,1344.0,1580.0,1701.0,1839.5,1936.0,2060.0,2455.0,1955.5,591.0,753.5,1025.5,1176.0,1286.0,1380.0,1486.0,1577.5,2276.0,1848.0,584.0,711.0,927.0,1124.0,1142.0,1261.0,1377.0,1451.0,150.0,144.0,93.0,171.0,208.0,279.0,192.0,186.0,167.0,174.0,0.0,0.0,0.0,0.0,0.0,0.0,0.0,0.0,0.0,0.0,140.0,136.0,176.0,315.0,372.0,463.0,235.0,270.0,249.0,172.0,207.0,211.0,171.0,252.0,350.0,407.0,245.0,282.0,228.0,211.0,709.0,476.0,461.0,619.0,732.0,829.0,883.0,934.0,1075.0,1024.0,830.0,500.0,510.0,669.0,826.0,1024.0,1015.0,1102.0,1247.0,1242.0,2113.0,1363.0,785.0,1077.0,1278.0,1412.0,1462.0,1594.0,1779.0,1739.0,3673.0,2945.0,1595.0,1909.0,2191.0,2348.0,2493.0,2574.0,2782.0,2702.0,3895.5,3161.0,1677.0,1974.5,2318.0,2480.5,2586.5,2687.5,2894.0,2892.5,"{""type"":""MultiPoint"",""coordinates"":[]}"
561_0,3,1713.5,1461.0,534.5,702.0,930.5,1011.0,1042.0,1144.0,1246.0,1232.0,2371.0,2009.0,1031.0,1302.0,1560.0,1655.0,1692.5,1763.0,1849.5,1846.0,1424.0,1188.5,618.5,891.0,1017.0,1180.5,1045.5,1125.5,1189.0,1161.0,328.0,330.0,498.0,781.0,824.5,1009.5,777.0,808.0,747.5,622.5,531.5,458.0,683.5,954.5,1016.5,1315.0,1032.5,1057.5,1017.0,892.5,531.5,426.5,559.5,912.0,862.0,1241.5,1040.5,1114.0,1048.0,968.0,851.0,598.0,405.5,761.5,573.5,1129.5,1349.0,1432.5,1387.0,1309.5,1192.5,809.0,348.5,753.5,444.5,1160.0,2203.5,2537.0,2455.0,2364.0,1556.5,864.0,290.0,662.0,381.5,1152.5,2853.0,3345.0,3421.0,3370.5,1621.0,932.0,241.5,593.5,394.0,1124.0,2658.0,3313.5,3431.0,3505.0,1626.0,911.5,241.0,476.5,381.0,945.0,2498.0,3211.0,3401.0,3398.5,2031.5,1702.5,601.5,812.5,1053.5,1202.0,1183.5,1256.5,1373.0,1391.0,1765.0,986.0,281.0,554.0,386.0,1020.5,2712.5,3476.5,3669.0,3701.5,1784.5,1007.5,341.5,814.5,509.0,1505.0,3153.0,3807.0,3995.0,4000.5,1828.0,1025.5,451.5,906.5,695.0,1615.5,3070.5,3619.5,3750.0,3756.0,2088.5,1230.0,630.5,1133.0,1024.5,1996.5,3078.5,3387.5,3721.5,3715.0,2278.5,1398.5,662.5,1220.5,1199.0,2098.5,2977.0,3233.0,3648.5,3629.0,2538.0,1626.0,733.0,1257.0,1382.0,2226.0,2819.0,3102.0,3494.0,3513.0,3932.0,2695.0,1112.0,1564.0,2187.5,2578.5,2776.5,3051.0,3481.0,3509.5,4011.0,2746.5,1029.0,1478.0,2187.5,2526.5,2849.0,3237.5,3560.0,3620.0,2501.0,1901.5,741.0,1053.0,1504.0,1685.5,1809.0,1886.0,2093.5,2198.0,2010.0,1520.5,673.5,934.0,1326.0,1430.0,1527.0,1598.0,1789.5,1821.5,1900.0,1622.0,501.0,703.0,984.0,1079.0,1159.0,1176.0,1341.5,1300.0,2307.0,1786.5,780.5,1044.5,1454.0,1603.0,1673.0,1745.0,1923.0,1953.0,2241.5,1735.0,863.5,1088.0,1417.5,1573.5,1555.5,1695.0,1866.0,1850.0,1943.0,1560.5,627.5,813.0,1071.0,1183.5,1202.0,1285.5,1452.5,1418.0,1544.0,1266.5,495.0,642.5,852.0,928.0,1008.5,1025.0,1129.5,1102.5,781.0,522.0,286.0,417.5,536.5,612.0,614.0,659.0,718.5,696.5,0.0,0.0,0.0,0.0,0.0,0.0,0.0,0.0,0.0,0.0,1452.5,1100.5,410.0,573.5,743.0,894.5,911.0,991.0,1073.0,1053.5,1693.5,1358.5,552.5,690.0,849.0,962.0,995.0,1085.0,1142.5,1182.5,2111.0,1739.0,768.5,979.5,1185.0,1303.0,1311.0,1404.0,1522.0,1486.0,1985.5,1631.0,653.5,808.5,1034.5,1153.0,1115.5,1193.0,1299.5,1310.0,1985.5,1631.0,653.5,808.5,1034.5,1153.0,1115.5,1193.0,1299.5,1310.0,1891.0,1604.5,632.0,793.0,1010.0,1090.5,1128.0,1175.5,1281.5,1300.5,2207.0,1873.5,811.0,1068.0,1306.0,1426.0,1450.5,1513.5,1639.0,1635.5,"{""type"":""MultiPoint"",""coordinates"":[]}"
562_0,3,261.5,224.5,186.0,253.0,344.0,414.0,339.0,373.0,372.0,327.0,2162.5,1869.5,621.0,813.0,1032.0,1134.5,1187.5,1276.5,1376.0,1410.0,2397.5,2130.5,757.0,966.5,1213.5,1327.5,1396.0,1492.0,1597.0,1615.5,2553.5,2303.0,909.5,1169.0,1428.5,1542.5,1591.5,1673.0,1763.5,1805.0,2637.0,2427.0,1008.0,1247.0,1511.0,1653.0,1709.0,1771.0,1874.0,1891.0,747.0,729.0,762.0,955.0,1047.0,1120.0,885.0,976.0,957.0,914.0,599.0,496.0,693.0,925.0,911.0,1150.0,1017.0,1089.0,1191.0,933.0,773.0,573.0,693.0,925.0,911.0,1150.0,1234.0,1355.0,1373.0,1225.0,991.0,770.0,458.0,780.0,555.0,1098.0,1542.0,1680.0,1692.0,1549.0,1578.5,883.5,309.5,673.5,355.5,1078.0,2809.5,3313.0,3359.0,3277.0,1370.0,787.5,224.0,526.5,284.5,915.0,2582.5,3295.0,3370.5,3267.0,538.5,464.0,325.5,428.5,562.5,652.0,672.0,723.0,810.0,748.0,1564.0,844.0,238.0,541.0,368.0,908.0,2499.0,3294.0,3386.0,3530.0,1619.0,892.0,219.0,478.0,366.0,890.0,2532.0,3327.0,3563.0,3643.0,1728.0,943.0,227.0,522.0,330.0,897.0,2797.0,3556.0,3584.0,3903.0,1712.0,936.0,455.0,871.0,585.0,1484.0,3057.0,3619.0,3641.0,3835.0,1712.0,991.0,472.0,899.0,763.0,1621.0,2884.0,3374.0,3588.0,3718.0,1974.5,1150.0,531.5,973.5,976.5,1790.0,2784.0,3187.5,3330.5,3600.0,2303.0,1359.5,821.0,1292.5,1413.0,2058.0,2837.0,3208.5,3405.5,3555.5,3678.0,2524.5,1042.0,1477.5,1916.0,2506.5,2950.5,3276.0,3588.5,3639.5,4085.5,2801.0,1373.0,1939.5,2602.0,3139.0,3488.0,3733.5,4243.0,4231.5,3289.0,2420.0,1058.0,1336.0,1838.0,2525.0,2445.0,2755.0,2528.0,2917.0,449.0,346.0,371.0,409.0,534.0,600.0,637.0,687.0,767.0,720.0,3196.0,2420.0,990.0,1336.0,1783.0,2120.0,2114.0,2376.0,2431.0,2586.0,3075.0,2356.5,962.5,1232.0,1595.5,1947.5,2083.5,2212.5,2176.5,2370.0,1602.0,1305.5,569.0,697.5,931.5,1073.5,1090.0,1143.0,1198.0,1235.0,503.0,426.0,352.0,454.0,554.0,586.0,512.0,552.0,534.0,518.0,316.0,220.0,151.0,238.0,245.0,357.0,244.0,290.0,249.0,210.0,406.0,463.0,572.0,525.0,507.0,513.0,477.0,556.0,465.0,532.0,422.0,316.0,215.0,331.0,440.0,476.0,449.0,541.0,565.0,453.0,1063.0,698.0,455.0,567.0,727.0,869.0,949.0,1011.0,1194.0,1189.0,3061.0,2367.0,895.0,1173.0,1483.0,1735.0,1828.0,1882.0,2112.0,2118.0,2767.0,2044.0,1202.0,1121.0,1310.0,1506.0,1581.0,1734.0,1894.0,1958.0,2948.5,2300.0,803.0,1053.5,1398.0,1600.0,1677.0,1778.5,2003.5,2078.5,3614.5,2970.5,1123.0,1379.5,1725.5,1874.0,1965.5,2152.5,2404.0,2390.5,3272.0,2733.5,1081.5,1297.0,1587.0,1691.0,1731.0,1907.5,2200.0,2113.0,"{""type"":""MultiPoint"",""coordinates"":[]}"
563_0,3,1720.5,1454.5,432.5,567.5,800.5,913.0,939.5,1020.5,1138.5,1170.0,2236.5,1939.0,786.0,1062.0,1366.0,1480.5,1521.0,1580.0,1708.5,1689.5,2365.0,2066.5,747.0,1005.0,1332.5,1466.0,1520.0,1590.5,1699.5,1685.0,1378.5,1175.5,570.5,763.0,974.5,1105.0,1110.5,1193.0,1260.5,1252.5,640.0,465.5,550.0,775.5,771.0,1084.5,1073.0,1143.0,1122.5,1094.5,633.0,465.5,596.0,775.5,785.0,1084.5,1084.5,1143.0,1159.0,1094.5,899.0,637.5,489.0,752.5,591.0,1069.5,1636.0,1783.0,1933.5,1625.0,1436.5,816.0,385.5,748.0,423.5,1096.5,2795.5,3017.5,3122.0,2788.0,1727.0,915.5,232.0,592.5,280.5,1042.0,3519.0,4654.5,4865.5,4584.5,1889.5,1006.5,197.5,521.0,295.0,1026.0,3292.0,4456.5,4590.0,4727.5,1839.5,945.0,204.5,481.5,262.5,880.0,3087.0,4492.0,4591.5,4757.5,1974.5,1704.0,519.5,683.0,924.0,1040.0,1101.5,1196.5,1287.5,1316.5,1745.5,925.5,209.0,416.0,280.5,825.0,2955.0,4470.5,4568.0,4769.5,1609.5,823.5,165.5,403.5,228.0,804.5,2953.0,4318.0,4620.0,4693.0,1611.0,841.0,317.5,677.0,412.5,1254.0,3184.0,4367.5,4489.0,4596.0,2023.0,1097.0,547.0,1076.0,716.5,1704.0,3864.0,4769.0,5056.0,5054.0,2288.5,1307.5,635.5,1192.5,910.0,2053.5,4023.5,4772.5,5183.0,5160.0,2578.0,1562.0,714.0,1314.0,1249.0,2310.0,4053.0,4709.0,5031.0,5202.0,3410.5,2263.0,1218.0,1649.5,1943.5,2729.5,3442.0,3846.0,4282.0,4362.0,3965.5,2805.5,1280.5,1810.0,2441.5,2872.0,3185.0,3445.5,4033.0,3988.0,3941.0,2793.5,1301.0,1839.5,2575.5,3038.0,3296.0,3506.5,3918.0,3918.5,2632.5,2069.5,944.0,1288.5,1811.5,1932.5,2018.0,2162.5,2399.5,2416.5,1839.5,1535.0,413.0,613.0,861.5,963.5,1017.0,1072.0,1216.0,1253.0,2658.5,2077.0,982.5,1341.0,1823.0,1964.0,2064.5,2127.5,2403.5,2414.5,2609.0,2016.5,1085.5,1372.0,1800.5,1979.5,2021.5,2146.5,2421.5,2415.0,2356.0,1903.0,816.0,1050.5,1377.0,1518.5,1602.5,1631.0,1889.0,1805.0,2517.0,2028.0,898.0,1118.0,1423.0,1596.5,1625.0,1671.5,1915.5,1802.5,2038.5,1439.5,685.5,845.0,1151.5,1202.0,1314.0,1378.5,1628.5,1521.5,0.0,0.0,0.0,0.0,0.0,0.0,0.0,0.0,0.0,0.0,1761.5,1364.5,415.0,550.0,771.5,933.5,914.0,990.0,1151.0,1152.5,1835.0,1520.0,520.5,649.0,815.5,959.5,1037.5,1127.0,1226.0,1263.0,2172.5,1762.0,599.5,813.0,1011.0,1189.5,1394.0,1528.5,1644.5,1613.0,2147.0,1747.0,580.0,760.0,975.5,1177.0,1433.5,1538.5,1721.0,1739.5,2019.0,1585.5,580.0,747.0,858.0,1117.5,1544.5,1631.5,1829.5,1820.5,1996.0,1608.5,562.5,721.0,877.0,1090.5,1158.5,1245.5,1329.0,1321.0,2004.0,1779.0,525.5,731.5,965.5,1090.5,1136.0,1233.0,1329.0,1306.0,"{""type"":""MultiPoint"",""coordinates"":[]}"
564_0,3,1786.5,1468.5,625.0,786.0,1035.0,1126.0,1180.5,1241.0,1331.5,1344.0,2390.0,2081.5,996.5,1261.5,1519.0,1638.5,1672.5,1746.5,1828.0,1826.5,2421.5,2101.5,911.0,1166.5,1423.0,1548.5,1600.0,1671.5,1750.0,1772.0,2512.0,2181.0,971.5,1248.0,1517.0,1661.0,1694.0,1754.5,1830.5,1855.5,1091.0,1004.0,948.0,1217.0,1418.0,1553.0,1579.0,1634.0,1550.0,1488.0,345.0,294.0,787.0,1078.0,1167.0,1311.0,933.0,970.0,923.0,767.0,358.0,283.0,666.0,984.0,1009.0,1287.0,1034.0,1114.0,1025.0,872.0,508.0,413.0,660.0,983.0,942.0,1301.0,1150.0,1216.0,1148.0,986.0,859.0,564.0,569.0,894.0,824.0,1301.0,1597.0,1751.0,1637.0,1627.0,837.0,527.0,309.5,579.5,489.0,962.0,1595.0,1800.5,1692.0,1681.0,1074.5,614.5,294.0,524.0,355.5,909.5,2242.5,2651.0,2605.0,2549.5,1957.0,1642.0,705.0,892.0,1133.0,1280.0,1263.0,1352.0,1385.0,1454.0,1390.0,773.0,297.0,554.0,431.0,985.0,2445.0,3102.0,2958.0,3063.0,1272.0,667.0,190.0,474.0,351.0,903.0,2445.0,3054.0,2984.0,3057.0,1222.0,631.0,188.0,433.0,271.0,820.0,2502.0,3101.0,3021.0,3218.0,1398.0,727.0,357.0,709.0,383.0,1129.0,2977.0,3508.0,3476.0,3612.0,1497.0,768.0,357.0,811.0,462.0,1335.0,3087.0,3588.0,3771.0,3742.0,1584.0,889.5,409.5,909.0,583.5,1583.0,2828.0,3133.0,3251.0,3329.5,1944.0,1117.0,749.0,1267.0,1173.0,2057.0,2736.0,3043.0,3172.0,3307.0,2284.0,1437.0,685.0,1225.5,1302.5,2139.0,2737.5,3028.0,3193.0,3367.0,2986.0,2068.0,903.0,1382.5,1769.0,2351.5,2732.5,2983.5,3281.0,3355.5,3429.0,2300.0,1027.0,1408.0,2008.0,2453.0,2640.0,2893.0,3076.0,3241.0,1838.0,1524.0,542.0,742.0,1023.0,1128.0,1174.0,1243.0,1345.0,1345.0,3348.0,2477.0,878.0,1228.0,1745.0,2148.0,2296.0,2443.0,2492.0,2715.0,3211.5,2383.0,890.0,1187.0,1636.5,1906.0,2042.5,2215.5,2395.5,2480.5,2784.0,2234.0,628.5,839.5,1144.0,1352.0,1435.5,1594.0,1727.0,1805.5,2888.0,2360.0,696.0,875.0,1172.0,1377.0,1474.0,1622.0,1722.0,1841.0,2449.0,1563.0,564.0,714.0,961.0,1131.0,1201.0,1337.0,1534.0,1541.0,0.0,0.0,0.0,0.0,0.0,0.0,0.0,0.0,0.0,0.0,1696.0,1430.0,544.0,724.0,919.0,1035.0,1031.0,1112.0,1226.0,1212.0,1828.0,1577.0,646.0,777.0,945.0,1034.0,1056.0,1131.0,1223.0,1214.0,2173.0,1919.0,730.0,955.0,1189.0,1320.0,1345.0,1377.0,1509.0,1536.0,1929.0,2013.0,907.0,1095.0,1338.0,1424.0,1481.0,1561.0,1436.0,1667.0,1870.0,1598.0,564.0,717.0,921.0,1029.0,1037.0,1082.0,1180.0,1211.0,1948.0,1679.0,673.0,831.0,1031.0,1119.0,1178.0,1223.0,1308.0,1313.0,2132.0,1874.0,782.5,960.0,1185.5,1295.0,1342.0,1413.0,1507.5,1504.0,"{""type"":""MultiPoint"",""coordinates"":[]}"
565_0,3,1726.5,1424.0,619.5,770.0,1007.5,1114.0,1121.0,1214.5,1291.5,1297.5,2334.5,2055.5,933.5,1191.0,1449.0,1557.0,1579.0,1650.0,1750.5,1751.5,2309.5,2036.0,811.0,1063.5,1317.5,1435.5,1467.0,1549.5,1611.0,1622.5,2400.5,2121.5,892.0,1146.0,1411.5,1538.5,1550.5,1637.0,1678.0,1716.5,466.0,466.0,852.0,1082.0,1146.0,1328.0,1048.0,1071.0,1025.0,905.0,340.0,312.0,852.0,1082.0,1146.0,1328.0,1048.0,1071.0,1025.0,870.0,421.0,311.0,672.0,956.0,919.0,1280.0,1179.0,1244.0,1224.0,1070.0,721.0,580.0,605.0,933.0,728.0,1291.0,1620.0,1676.0,1727.0,1569.0,1149.0,676.0,444.0,826.0,605.0,1268.0,2090.0,2450.0,2443.0,2379.0,1172.0,658.5,281.0,611.5,339.0,956.5,2352.5,2788.5,2730.5,2696.0,1334.0,679.5,208.5,529.0,272.5,903.5,2626.5,3393.0,3408.0,3543.0,1953.0,1656.0,734.0,917.5,1150.0,1258.5,1289.0,1356.5,1429.5,1460.0,1422.0,716.0,215.0,456.0,296.0,787.0,2482.0,3410.0,3549.0,3709.0,1277.0,595.0,104.0,330.0,167.0,639.0,2523.0,3510.0,3615.0,3758.0,1247.0,569.0,104.0,314.0,113.0,599.0,2768.0,3843.0,3850.0,3998.0,1554.0,733.0,353.0,742.0,366.0,1138.0,3551.0,4531.0,4651.0,4674.0,1640.0,834.0,379.0,833.0,432.0,1432.0,3645.0,4487.0,4710.0,4665.0,1762.5,935.5,434.0,1045.0,556.5,1766.0,3768.0,4325.0,4534.5,4563.5,2120.0,1180.0,851.0,1605.0,1379.0,2603.0,3954.0,4363.0,4569.0,4638.0,2490.5,1471.5,902.5,1683.5,1557.5,2981.0,3892.0,4191.5,4551.0,4585.0,3442.0,2405.0,1069.5,1633.5,1959.5,2739.5,2992.0,3263.0,3623.0,3655.5,2262.0,1550.0,777.0,1033.0,1430.0,1713.0,1776.0,1967.0,1994.0,2158.0,1768.0,1474.0,528.0,742.0,1006.0,1128.0,1138.0,1203.0,1328.0,1326.0,2732.0,2123.0,703.0,989.0,1353.0,1603.0,1741.0,1820.0,1918.0,2066.0,2681.5,2056.5,783.0,1027.0,1376.0,1590.0,1675.0,1807.5,1888.5,2038.5,2386.0,1939.0,613.0,786.0,1038.5,1195.0,1265.5,1364.5,1423.5,1499.5,2459.0,2081.0,706.0,837.0,1092.0,1257.0,1321.0,1436.0,1457.0,1572.0,2048.0,1450.0,518.0,637.0,903.0,1025.0,1068.0,1178.0,1288.0,1310.0,613.0,403.0,549.0,476.0,464.0,461.0,505.0,572.0,686.0,590.0,1678.0,1427.0,548.0,691.0,905.0,984.0,977.0,1055.0,1167.0,1145.0,720.0,544.0,458.0,446.0,456.0,457.0,479.0,495.0,665.0,507.0,1997.0,1728.0,650.0,845.0,1068.0,1175.0,1193.0,1263.0,1371.0,1345.0,2172.0,1907.0,830.0,1000.0,1240.0,1321.0,1375.0,1426.0,1566.0,1525.0,1806.0,1528.0,559.0,688.0,902.0,974.0,977.0,1011.0,1110.0,1122.0,1881.0,1624.0,672.0,799.0,1020.0,1103.0,1118.0,1193.0,1266.0,1278.0,2013.5,1799.0,677.5,851.5,1076.5,1191.0,1216.0,1289.0,1383.0,1391.0,"{""type"":""MultiPoint"",""coordinates"":[]}"
566_0,3,1874.0,1682.0,1115.0,1155.0,1217.0,1379.0,1507.0,1538.5,1659.5,1649.5,2613.0,2443.0,956.0,1212.0,1526.0,1670.0,1708.0,1761.0,1923.0,1917.0,2630.0,2588.0,948.0,1174.0,1471.0,1655.0,1660.0,1765.0,1875.0,1866.0,1203.0,1151.0,517.5,688.5,809.5,952.5,884.5,943.0,978.5,916.5,281.5,288.0,412.5,544.0,583.0,750.0,550.5,582.0,574.5,483.5,549.0,389.5,349.5,588.5,436.0,799.5,1020.0,1135.0,1101.0,983.5,739.0,495.0,316.0,581.0,375.0,868.0,1263.0,1392.0,1420.0,1307.0,995.0,645.0,160.0,458.0,186.0,742.0,1725.0,2066.0,1967.0,1940.0,1141.0,562.0,55.0,229.0,59.0,458.0,2217.0,2942.0,2896.0,2927.0,1301.5,612.0,19.0,179.5,0.0,338.5,2596.5,4455.0,4474.5,4631.0,1299.0,567.5,10.5,172.5,0.0,315.5,2585.5,4802.5,4871.5,5056.5,3101.0,2707.5,1835.5,1946.5,2120.0,2398.0,2552.0,2627.5,2643.0,2687.0,1338.5,584.0,20.0,163.0,0.0,309.0,2599.5,4848.5,4962.5,5178.5,1284.5,551.5,51.5,279.0,32.5,488.5,2851.0,4760.0,4899.5,5048.0,1372.0,668.0,476.0,786.0,529.0,1199.0,3183.0,4454.0,4520.0,4766.0,1536.0,768.0,640.0,965.0,740.0,1554.0,3158.0,3870.0,4120.0,4263.0,1586.0,828.0,512.0,919.0,746.0,1554.0,3018.0,3728.0,3938.0,4037.0,1895.0,1078.0,468.0,927.0,951.0,1771.0,2964.0,3441.0,3672.0,3859.0,4472.0,3172.5,1083.5,1549.0,2115.5,2657.0,3119.5,3485.5,3745.5,3900.0,4676.0,3436.0,1176.0,1644.0,2401.0,2792.0,3030.0,3254.0,3489.0,3562.0,4528.0,3257.0,1198.0,1630.0,2288.0,2682.0,2842.0,3155.0,3412.0,3555.0,3718.5,2643.5,984.5,1346.0,1944.5,2285.0,2416.0,2650.5,2779.5,2998.0,1779.0,1440.0,515.0,697.0,841.0,1085.0,1374.0,1492.0,1655.0,1627.0,3999.5,3101.5,906.0,1213.0,1664.5,1975.0,2181.0,2361.0,2484.5,2658.5,3100.5,2694.5,913.0,1092.0,1353.0,1623.5,1641.0,1849.5,2000.5,2049.0,2735.0,2562.5,681.0,782.5,936.5,1112.0,1279.0,1481.0,1651.0,1568.5,2555.0,2351.0,656.0,788.5,914.5,1146.5,1341.0,1489.0,1656.0,1610.5,1907.0,1509.5,366.0,568.0,695.0,1005.5,1388.0,1621.0,1718.0,1698.0,0.0,0.0,0.0,0.0,0.0,0.0,0.0,0.0,0.0,0.0,1616.0,1148.0,293.0,526.0,571.0,921.0,1472.0,1513.0,1708.0,1647.0,1922.0,1601.5,1144.5,1194.0,1105.0,1417.5,1905.0,1997.5,2298.5,2032.0,1883.5,1386.5,414.0,712.5,719.5,1226.5,1942.0,2085.0,2260.0,2199.5,1915.5,1548.0,526.0,710.0,827.5,1129.0,1544.5,1698.5,1844.0,1847.5,1902.0,1726.0,529.0,677.0,900.0,1031.0,1154.0,1233.0,1334.0,1375.0,1975.5,1836.5,563.0,718.0,961.0,1094.0,1146.5,1237.0,1338.5,1376.5,2574.5,2490.5,889.5,1147.5,1456.0,1593.0,1641.5,1704.5,1853.5,1852.0,"{""type"":""MultiPoint"",""coordinates"":[]}"
567_0,3,3356.5,2679.5,1102.5,1248.5,1584.0,1796.0,2037.5,2264.0,2410.0,2567.5,2397.0,2135.0,629.0,919.0,1231.0,1429.0,1493.0,1669.0,1668.0,1734.0,2669.0,2489.0,844.0,1121.0,1480.0,1705.0,1735.0,1948.0,1934.0,2011.0,1065.5,922.0,593.0,792.5,984.5,1131.0,996.5,1109.5,881.5,1011.5,717.0,575.0,683.0,784.0,811.0,939.0,853.0,967.0,741.0,719.0,808.0,597.0,336.0,596.0,571.0,939.0,853.0,967.0,741.0,762.0,1015.0,768.0,300.0,615.0,407.0,1009.0,1285.0,1339.0,1162.0,1223.0,1760.0,1083.0,374.0,712.0,495.0,1224.0,2318.0,2632.0,2644.0,2694.0,1480.0,915.0,166.0,416.0,232.0,800.0,2226.0,2783.0,2766.0,2701.0,1505.0,820.0,88.5,346.0,137.5,685.5,2444.0,3487.5,3445.5,3473.0,1469.0,809.0,64.0,245.0,115.0,598.0,2458.5,3616.0,3675.0,3658.0,3859.5,3179.0,1654.0,1825.5,2121.0,2377.5,2618.0,2690.0,2847.5,2964.0,1488.0,831.5,76.0,263.0,133.0,629.0,2595.5,3977.0,4126.5,4120.0,1512.5,838.5,138.5,482.5,208.5,1013.0,2961.5,4069.0,4303.5,4321.0,1505.0,841.0,501.0,828.0,625.0,1278.0,3105.0,4056.0,4179.0,4229.0,1635.0,935.0,682.0,1064.0,932.0,1726.0,3038.0,3624.0,3841.0,3851.0,1730.0,1093.0,573.0,1011.0,932.0,1726.0,2876.0,3261.0,3555.0,3590.0,2005.0,1225.0,535.0,1054.0,1099.0,1943.0,2947.0,3261.0,3555.0,3556.0,4149.5,2953.5,1257.0,1715.5,2308.5,2761.5,3185.5,3438.5,3786.0,3865.0,4084.5,3067.5,1260.0,1702.0,2355.0,2661.5,2953.5,3206.0,3493.0,3538.0,4192.0,3101.0,1280.0,1741.0,2430.0,2813.0,3109.0,3406.0,3755.0,3745.0,3788.0,2866.5,1092.0,1473.5,1984.5,2348.5,2601.0,2825.0,2939.5,3153.0,3282.0,2763.0,777.0,1013.0,1387.0,1493.0,1717.0,1806.0,2041.0,2106.0,3378.0,2714.5,851.0,1127.5,1452.5,1767.0,2019.5,2213.0,2318.0,2457.0,3911.5,3261.5,1824.5,2000.0,2227.0,2539.5,2844.5,3008.0,3132.5,3187.0,2868.0,2410.0,928.0,1053.0,1213.5,1504.0,1846.5,2012.5,2141.0,2213.5,2912.0,2395.5,800.5,947.0,1095.0,1388.5,1654.5,1828.5,1951.0,1995.5,2179.5,1603.0,495.5,697.5,869.5,1164.0,1431.5,1547.0,1674.5,1809.5,0.0,0.0,0.0,0.0,0.0,0.0,0.0,0.0,0.0,0.0,3740.0,3066.0,1022.0,1399.0,1900.0,2118.0,2225.0,2463.0,2623.0,2714.0,4090.0,3472.0,1307.0,1425.0,1900.0,2234.0,2296.0,2463.0,2623.0,2737.0,3696.0,3008.0,1138.0,1365.0,1742.0,2010.0,2167.0,2292.0,2534.0,2612.0,1991.5,1662.0,594.5,694.5,895.0,1037.0,1091.0,1174.5,1315.0,1283.5,1567.0,1236.0,386.0,532.0,739.0,890.0,903.0,1044.0,1042.0,1105.0,2122.5,1908.5,530.5,725.5,1049.0,1211.0,1282.0,1354.0,1413.0,1489.5,2191.0,1972.0,580.0,779.5,1095.5,1266.5,1349.0,1392.0,1458.5,1587.0,"{""type"":""MultiPoint"",""coordinates"":[]}"
568_0,3,1636.0,1347.5,531.0,671.5,870.5,975.0,988.0,1087.5,1136.0,1153.5,2271.0,1954.0,862.5,1116.5,1355.0,1477.0,1519.5,1587.5,1682.5,1681.5,2310.0,2012.0,890.5,1151.0,1382.5,1485.0,1556.5,1610.5,1686.5,1705.0,2306.0,2046.0,919.5,1171.0,1403.0,1509.5,1559.5,1629.0,1691.5,1720.0,319.0,270.0,1000.0,1277.0,1272.0,1366.0,1003.0,992.0,940.0,750.0,319.0,270.0,747.0,1016.0,1024.0,1262.0,1003.0,992.0,940.0,750.0,456.0,394.0,688.0,1035.0,879.0,1286.0,1172.0,1280.0,1204.0,1037.0,745.0,602.0,560.0,890.0,754.0,1425.0,1679.0,1820.0,1734.0,1573.0,851.0,574.0,438.0,749.0,644.0,1237.0,1629.0,1804.0,1654.0,1537.0,1026.5,648.5,305.0,581.5,419.0,1050.5,1952.0,2271.0,2283.0,2142.0,1449.0,782.5,268.5,586.5,356.0,1042.5,2660.0,3410.0,3582.0,3532.5,1803.0,1505.0,586.0,780.0,963.0,1094.0,1098.0,1175.0,1266.0,1287.0,1429.0,741.0,337.0,603.0,412.0,883.0,2572.0,3401.0,3438.0,3438.0,1324.0,652.0,133.0,370.0,194.0,717.0,2613.0,3445.0,3629.0,3544.0,1305.0,652.0,133.0,391.0,159.0,720.0,2882.0,3987.0,4032.0,4093.0,1623.0,818.0,403.0,793.0,425.0,1247.0,3553.0,4502.0,4669.0,4682.0,1717.0,890.0,430.0,921.0,518.0,1486.0,3562.0,4417.0,4813.0,4670.0,1752.0,950.0,431.0,985.0,556.5,1667.0,3441.5,3918.0,4175.5,4178.5,2070.0,1125.0,904.0,1583.0,1356.0,2329.0,3622.0,3919.5,4268.0,4293.0,2604.0,1566.0,1002.5,1696.5,1873.5,2856.0,3664.5,3958.0,4377.5,4334.5,3882.0,2639.0,1202.5,1742.5,2374.0,2890.0,3206.5,3443.5,3931.0,3857.0,2954.0,2229.0,1143.0,1459.0,1875.0,2246.0,2235.0,2524.0,2466.0,2552.0,1722.0,1406.0,433.0,647.0,874.0,986.0,986.0,1103.0,1177.0,1208.0,2768.0,2214.0,873.0,1189.0,1616.0,1900.0,1878.0,2029.0,2108.0,2301.0,2660.5,2074.5,851.5,1104.0,1432.5,1636.5,1770.5,1853.5,1936.0,2050.5,2458.0,1977.5,696.0,901.0,1164.5,1353.0,1407.5,1489.5,1557.5,1673.0,2518.0,2138.0,805.0,954.0,1225.0,1446.0,1472.0,1615.0,1603.0,1694.0,2180.0,1603.0,574.0,743.0,996.0,1119.0,1190.0,1266.0,1424.0,1438.0,0.0,0.0,0.0,0.0,0.0,0.0,0.0,0.0,0.0,0.0,1588.0,1262.0,485.0,685.0,852.0,971.0,976.0,1059.0,1144.0,1122.0,1881.0,1596.0,655.0,815.0,999.0,1087.0,1157.0,1210.0,1274.0,1273.0,2265.0,1939.0,786.0,1031.0,1252.0,1367.0,1407.0,1503.0,1596.0,1620.0,1985.0,1997.0,964.0,1182.0,1408.0,1479.0,1571.0,1615.0,1749.0,1782.0,1823.0,1538.0,548.0,696.0,899.0,964.0,1028.0,1066.0,1170.0,1209.0,1958.0,1659.0,722.0,846.0,1045.0,1112.0,1163.0,1224.0,1347.0,1319.0,2086.0,1809.5,774.5,984.0,1183.0,1280.0,1327.0,1392.5,1509.5,1471.5,"{""type"":""MultiPoint"",""coordinates"":[]}"
569_0,3,1891.5,1620.0,513.5,667.0,894.0,1027.0,1073.5,1137.5,1229.0,1275.0,2509.5,2151.0,1005.5,1315.0,1604.5,1741.5,1780.5,1850.5,1950.0,1942.0,2309.5,1943.5,789.5,1082.0,1355.0,1480.5,1504.5,1583.0,1674.0,1690.0,201.5,175.0,452.5,754.5,748.5,960.5,733.0,812.5,804.0,700.5,147.5,105.5,573.5,840.5,904.5,1148.0,946.0,1038.5,1007.0,914.0,282.5,265.5,552.0,900.5,896.0,1186.5,1108.5,1178.0,1152.5,1016.0,629.5,469.5,406.5,743.5,568.0,1085.0,1372.0,1541.5,1462.0,1360.5,1149.5,756.0,395.5,702.5,456.5,1043.5,2087.0,2513.0,2313.0,2239.0,1574.0,778.0,237.5,549.5,257.5,945.5,2952.0,3854.5,3827.5,3882.5,1660.0,816.5,202.0,523.0,267.0,939.5,3006.5,3944.0,4045.0,4160.0,1587.0,785.5,159.0,394.0,222.5,728.5,2807.0,3949.0,4062.5,4147.5,2204.0,1894.5,580.5,782.5,1035.0,1193.0,1240.0,1311.0,1398.0,1461.5,1635.0,796.5,189.5,437.5,245.5,796.5,2965.5,4143.5,4225.0,4390.5,1611.5,789.0,256.0,748.5,387.5,1352.0,3436.5,4342.5,4448.5,4537.0,1665.0,857.0,426.0,925.0,663.5,1627.5,3434.0,4005.0,4118.5,4290.0,1986.5,1090.0,630.0,1148.5,1057.0,2085.0,3275.5,3688.5,3860.0,3981.5,2351.5,1407.5,728.0,1247.0,1394.0,2250.5,3128.5,3442.0,3696.0,3809.5,2812.0,1778.0,839.0,1376.0,1745.0,2456.0,3049.0,3363.0,3620.0,3816.0,4212.0,2902.0,1192.0,1657.5,2404.0,2792.0,3029.0,3330.0,3700.0,3801.0,4176.0,2865.5,938.5,1345.0,2058.5,2484.0,2824.0,3087.5,3434.5,3548.0,3569.5,2700.0,917.5,1345.0,1993.0,2323.0,2579.5,2774.0,3150.0,3136.0,1957.5,1505.5,594.0,830.0,1191.0,1373.5,1424.5,1522.5,1587.5,1675.0,2101.5,1770.0,496.0,698.0,966.5,1092.5,1157.5,1225.0,1356.0,1369.0,2251.0,1771.0,715.0,954.5,1321.5,1514.5,1576.5,1686.0,1737.0,1828.5,2210.5,1728.0,808.5,1008.0,1324.5,1479.0,1536.0,1624.0,1717.5,1766.5,1915.5,1588.5,598.5,750.0,1007.0,1111.0,1174.5,1208.0,1369.5,1368.5,1611.0,1381.0,510.5,718.0,971.5,1066.5,1100.5,1144.5,1271.5,1272.0,1388.0,1188.5,388.0,490.5,666.0,752.5,780.5,845.5,923.0,923.0,0.0,0.0,0.0,0.0,0.0,0.0,0.0,0.0,0.0,0.0,1446.5,1070.0,390.5,535.5,740.5,863.0,925.5,980.5,1075.0,1120.0,1854.0,1503.5,578.5,739.5,904.5,1054.0,1103.0,1188.0,1238.5,1269.0,2455.0,2005.0,840.0,1071.5,1299.5,1451.5,1493.0,1627.0,1707.0,1744.0,2417.5,1991.5,829.0,1029.0,1292.5,1430.5,1445.0,1520.5,1653.0,1669.5,2269.5,1872.5,821.5,935.5,1176.5,1292.0,1319.0,1387.5,1493.0,1542.5,2265.0,1958.5,741.0,959.0,1207.0,1325.0,1380.5,1454.0,1549.0,1590.0,2299.5,1973.5,806.5,1041.0,1302.5,1434.0,1488.0,1542.0,1660.0,1683.0,"{""type"":""MultiPoint"",""coordinates"":[]}"
570_0,3,131.0,129.0,173.0,216.5,292.5,324.0,228.0,267.0,269.5,188.0,2285.0,1878.5,712.0,919.0,1149.5,1288.5,1344.0,1451.0,1569.0,1588.5,2402.0,2029.5,820.0,1034.0,1286.5,1416.0,1488.5,1580.5,1666.5,1719.5,2540.5,2236.5,1062.0,1309.0,1537.5,1678.0,1710.5,1799.0,1853.0,1892.0,2735.0,2428.0,1398.0,1642.0,1856.0,1985.0,2013.0,2083.0,2174.0,2169.0,1121.0,1157.0,1255.0,1565.0,1643.0,1887.0,1569.0,1636.0,1358.0,1553.0,328.0,260.0,813.0,1028.0,1021.0,1104.0,902.0,935.0,943.0,755.0,404.0,326.0,653.0,985.0,930.0,1308.0,1100.0,1191.0,1043.0,913.0,561.0,407.0,443.0,715.0,538.0,1151.0,1227.0,1359.0,1246.0,1070.0,723.0,457.0,229.5,489.5,309.5,990.5,1771.5,2054.0,1896.0,1657.5,910.5,526.5,207.5,432.0,229.5,811.5,2003.0,2419.5,2403.0,2125.5,175.0,143.0,253.0,352.0,429.0,461.0,344.0,400.0,414.0,311.0,1098.0,543.0,256.0,432.0,225.0,728.0,2055.0,2732.0,2678.0,2526.0,1133.0,556.0,97.0,327.0,114.0,655.0,2282.0,2931.0,3047.0,2909.0,1255.0,612.0,165.0,478.0,210.0,890.0,2734.0,3547.0,3566.0,3646.0,1450.0,741.0,419.0,882.0,544.0,1521.0,3121.0,3618.0,3776.0,3691.0,1464.0,801.0,430.0,960.0,733.0,1694.0,2882.0,3250.0,3504.0,3452.0,1949.5,1174.5,541.5,1091.5,1011.0,1939.5,2805.0,3057.0,3288.5,3334.0,2301.5,1378.5,875.0,1445.0,1552.5,2197.0,2823.0,3085.0,3400.5,3402.0,3134.5,2181.5,1001.0,1469.5,1802.5,2425.0,2794.5,3034.0,3325.0,3403.5,4064.0,2792.5,1267.5,1779.5,2407.5,2936.0,3168.0,3407.0,3703.5,3821.0,4407.0,3083.0,1494.0,2043.0,2843.0,3277.0,3427.0,3668.0,3876.0,4044.0,175.0,143.0,253.0,282.0,379.0,461.0,324.0,400.0,414.0,311.0,4284.0,3083.0,1286.0,1744.0,2429.0,2818.0,2927.0,3139.0,3213.0,3495.0,4042.0,3024.5,1207.5,1578.5,2120.0,2419.0,2556.0,2739.0,2970.0,3047.0,2762.5,2209.0,736.0,968.0,1323.5,1507.5,1560.0,1708.5,1853.0,1877.5,224.0,241.0,293.0,401.0,534.0,642.0,441.0,531.0,529.0,419.0,133.0,91.0,91.0,145.0,206.0,255.0,214.0,240.0,216.0,154.0,0.0,0.0,0.0,0.0,0.0,0.0,0.0,0.0,0.0,0.0,109.0,124.0,120.0,188.0,281.0,380.0,251.0,276.0,291.0,220.0,460.0,277.0,244.0,321.0,509.0,634.0,733.0,821.0,920.0,933.0,3640.0,2732.0,1031.0,1326.0,1732.0,2014.0,2132.0,2239.0,2501.0,2620.0,1358.0,796.0,488.0,568.0,918.0,1130.0,1216.0,1369.0,1586.0,1642.0,2483.5,1686.5,739.0,966.0,1346.0,1603.5,1706.5,1882.0,2108.0,2148.5,4455.0,3477.0,1415.0,1729.5,2152.5,2419.5,2608.0,2798.5,3077.0,3127.5,4257.5,3348.0,1362.5,1658.5,2054.5,2325.5,2457.0,2658.5,2892.5,2946.5,"{""type"":""MultiPoint"",""coordinates"":[]}"
571_0,3,1805.5,1512.0,636.5,761.5,999.5,1087.0,1153.5,1225.5,1336.5,1324.0,2179.0,1854.5,826.0,1023.0,1243.0,1344.5,1418.5,1495.5,1597.5,1589.0,2324.5,1988.5,919.5,1203.5,1478.5,1597.0,1624.5,1696.0,1770.5,1756.5,2641.5,2267.5,1209.5,1549.0,1847.0,1971.5,1958.5,2026.5,2095.0,2088.5,2244.0,1939.0,1182.0,1514.0,1657.0,1728.0,1613.0,1691.0,1764.0,1736.0,333.0,284.0,1116.0,1428.0,1441.0,1557.0,1176.0,1200.0,1142.0,926.0,325.0,258.0,661.0,976.0,999.0,1304.0,1153.0,1291.0,1121.0,1127.0,331.0,258.0,627.0,976.0,979.0,1304.0,1235.0,1291.0,1180.0,1107.0,459.0,369.0,418.0,718.0,647.0,967.0,972.0,1095.0,997.0,878.0,1236.0,676.5,230.0,528.5,285.5,872.5,2087.5,2645.5,2529.0,2506.5,1530.5,748.5,135.0,363.5,122.5,652.5,2683.0,3871.5,3828.0,3782.0,1993.0,1685.0,692.0,867.0,1103.0,1211.0,1249.0,1291.0,1394.0,1451.0,1448.0,689.0,148.0,350.0,98.0,598.0,2881.0,4027.0,4051.0,4089.0,1432.0,672.0,24.0,332.0,69.0,724.0,3204.0,4357.0,4490.0,4506.0,1518.0,715.0,167.0,550.0,262.0,1016.0,3391.0,4613.0,4744.0,4775.0,1608.0,762.0,430.0,949.0,578.0,1736.0,3612.0,4395.0,4523.0,4521.0,1643.0,881.5,478.5,1062.0,740.5,1850.0,3385.0,3901.5,4279.0,4169.5,1939.0,1145.0,554.5,1166.0,1116.5,2171.0,3203.0,3573.0,3881.0,3914.0,2400.5,1426.0,987.0,1503.0,1689.0,2454.5,3150.5,3502.5,3865.0,3859.5,2705.0,1759.5,1005.5,1573.5,1973.5,2727.5,3219.5,3473.5,3882.5,3912.0,3533.0,2402.0,1056.5,1590.5,2206.0,2798.0,3099.5,3397.0,3679.0,3851.0,3031.0,2018.0,1050.0,1501.0,2288.0,2689.0,2925.0,3051.0,3406.0,3525.0,1840.0,1572.0,539.0,724.0,964.0,1075.0,1088.0,1212.0,1303.0,1292.0,3518.0,2529.0,983.0,1375.0,1981.0,2235.0,2500.0,2637.0,2718.0,2985.0,3326.5,2410.5,1040.0,1386.0,1935.0,2224.0,2383.0,2585.0,2838.0,2882.0,2961.5,2290.5,759.5,994.5,1339.0,1532.0,1676.5,1803.0,1937.0,2028.0,3022.0,2401.0,828.0,1026.0,1359.0,1548.0,1685.0,1813.0,1911.0,2071.0,1672.0,1374.0,513.0,669.0,926.0,1015.0,1068.0,1144.0,1270.0,1219.0,754.0,601.0,645.5,679.0,652.0,665.5,680.5,713.0,923.0,762.5,1369.0,1099.0,447.0,603.0,756.0,862.0,876.0,952.0,1038.0,1038.0,336.0,258.0,150.0,141.0,143.0,157.0,178.0,190.0,192.0,215.0,2129.0,1850.0,744.0,945.0,1148.0,1271.0,1296.0,1394.0,1471.0,1473.0,2169.0,1865.0,936.0,1082.0,1249.0,1347.0,1400.0,1471.0,1631.0,1572.0,1879.0,1608.0,624.0,757.0,956.0,1008.0,1034.0,1055.0,1174.0,1183.0,2185.5,1894.5,848.5,996.0,1199.5,1293.5,1304.0,1370.0,1489.0,1483.5,2181.0,1887.0,859.0,1036.0,1225.0,1319.0,1364.5,1437.5,1552.5,1535.0,"{""type"":""MultiPoint"",""coordinates"":[]}"
572_0,3,1305.0,1138.5,385.0,484.5,605.0,677.0,667.5,709.5,781.0,786.5,2154.0,1956.5,752.0,982.0,1178.5,1281.5,1313.0,1380.5,1471.0,1446.5,2355.0,2147.0,807.0,1049.0,1275.5,1378.0,1414.0,1482.5,1550.5,1556.0,2874.0,2622.0,1158.5,1465.5,1720.5,1842.0,1868.5,1943.5,2031.5,2035.0,3038.0,2823.0,1283.0,1567.0,1824.0,1982.0,1999.0,2118.0,2223.0,2191.0,2739.0,2591.0,1234.0,1567.0,1824.0,1982.0,1923.0,1913.0,1860.0,1891.0,455.0,397.0,971.0,1201.0,1231.0,1302.0,956.0,969.0,951.0,784.0,455.0,397.0,971.0,1201.0,1236.0,1310.0,958.0,1039.0,981.0,784.0,295.0,243.0,614.0,901.0,923.0,1139.0,794.0,892.0,806.0,661.0,263.0,200.5,473.5,837.0,738.5,1078.5,740.0,875.0,731.5,592.5,263.0,200.0,329.5,625.0,391.0,883.5,773.0,890.0,751.5,595.5,1486.0,1327.0,480.0,646.0,769.0,851.0,874.0,914.0,1015.0,1002.0,585.0,382.0,399.0,683.0,497.0,1121.0,1341.0,1542.0,1292.0,1149.0,617.0,374.0,221.0,514.0,336.0,887.0,1453.0,1578.0,1449.0,1390.0,862.0,452.0,167.0,420.0,243.0,729.0,1864.0,2160.0,2064.0,2106.0,1060.0,551.0,301.0,528.0,306.0,822.0,2117.0,2599.0,2553.0,2540.0,1137.0,596.0,301.0,598.0,350.0,981.0,2201.0,2545.0,2587.0,2574.0,1189.0,658.5,345.5,720.0,515.5,1285.0,2253.0,2592.5,2583.0,2609.0,1680.0,970.5,791.5,1196.5,1297.0,1952.0,2581.5,2820.5,3048.5,3066.5,2185.0,1412.5,774.5,1136.0,1374.5,1891.5,2459.0,2686.5,2969.0,2975.0,2807.0,2110.0,836.0,1264.0,1583.0,1941.0,2233.0,2420.0,2700.0,2721.0,2443.0,1759.0,693.0,1004.0,1428.0,1734.5,1883.0,1992.5,2121.0,2208.5,1556.0,1207.0,577.0,708.0,848.0,905.0,921.0,996.0,1061.0,1050.0,2701.0,2095.0,760.0,1021.0,1392.0,1701.0,1836.0,1957.0,2055.0,2208.0,2648.5,2029.5,833.5,1063.0,1407.0,1640.5,1740.5,1863.0,2004.0,2093.5,2370.0,1908.0,646.0,825.5,1093.0,1250.0,1311.5,1431.5,1550.5,1603.0,2438.0,1919.0,721.0,893.0,1148.0,1309.0,1378.0,1473.0,1596.0,1688.0,2115.0,1561.0,539.0,687.0,927.0,1081.0,1146.0,1228.0,1393.0,1376.0,0.0,0.0,0.0,0.0,0.0,0.0,0.0,0.0,0.0,0.0,2357.0,2086.0,821.0,1093.0,1322.0,1448.0,1454.0,1556.0,1641.0,1642.0,397.0,335.0,272.0,264.0,256.0,269.0,263.0,285.0,274.0,273.0,2671.0,2420.0,1011.0,1330.0,1584.0,1707.0,1743.0,1816.0,1916.0,1879.0,2803.0,2462.0,1167.0,1481.0,1719.0,1821.0,1885.0,1958.0,2132.0,2057.0,2035.0,1787.0,613.0,801.0,998.0,1083.0,1074.0,1132.0,1230.0,1247.0,1983.0,1777.0,626.0,828.0,1006.0,1095.0,1116.0,1219.0,1254.0,1324.0,2038.0,1857.0,704.5,891.0,1052.0,1141.5,1182.5,1255.5,1345.5,1330.5,"{""type"":""MultiPoint"",""coordinates"":[]}"
573_0,3,1841.0,1547.5,547.0,693.0,900.5,1013.0,1069.5,1131.0,1215.0,1252.0,2557.0,2293.5,911.0,1182.0,1443.0,1567.0,1618.5,1701.0,1799.5,1804.0,2642.5,2401.0,944.5,1211.5,1466.5,1593.0,1632.0,1714.0,1804.5,1815.0,726.0,702.0,788.0,1067.5,1228.0,1355.0,1144.5,1231.0,1088.0,1046.0,475.0,404.0,815.0,997.0,1066.0,1235.0,1031.0,1085.0,1077.0,925.0,491.0,404.0,629.0,918.0,1029.0,1235.0,1250.0,1328.0,1303.0,1236.0,504.0,345.0,416.0,642.0,547.0,1101.0,1250.0,1328.0,1303.0,1159.0,741.0,548.0,377.0,641.0,507.0,1255.0,1737.0,1906.0,1728.0,1633.0,716.0,487.0,412.0,648.0,510.0,1097.0,1558.0,1696.0,1582.0,1442.0,786.5,505.0,324.0,546.0,429.0,1013.5,1718.0,1982.5,1870.5,1790.0,1059.5,615.5,267.0,447.5,340.5,939.0,1910.5,2295.5,2323.5,2283.0,2075.0,1804.5,687.5,833.0,1059.0,1179.5,1242.5,1279.0,1353.0,1448.5,1156.0,657.0,253.0,435.0,322.0,828.0,2030.0,2541.0,2425.0,2525.0,1330.0,692.0,199.0,482.0,290.0,901.0,2345.0,2838.0,2981.0,2853.0,1414.0,724.0,274.0,629.0,380.0,1117.0,2575.0,3201.0,3253.0,3319.0,1468.0,795.0,480.0,889.0,653.0,1500.0,2727.0,3103.0,3245.0,3305.0,1810.0,1052.0,488.0,923.0,858.0,1599.0,2588.0,2919.0,3186.0,3169.0,2119.0,1293.0,550.5,987.5,1020.5,1747.5,2536.0,2826.5,3071.0,3155.0,3655.0,2557.0,1059.0,1425.5,1793.0,2227.0,2607.0,2888.0,3071.5,3266.0,3048.5,2347.0,963.5,1241.5,1606.5,1846.0,1958.0,2152.5,2351.0,2403.0,2582.0,2091.5,686.0,975.0,1333.5,1478.5,1560.0,1720.0,1815.0,1891.0,2366.0,1884.0,773.0,991.0,1324.0,1507.0,1548.0,1667.0,1717.0,1788.0,1911.0,1606.0,465.0,665.0,916.0,1037.0,1061.0,1142.0,1242.0,1216.0,2028.0,1782.0,515.0,695.0,926.0,1025.0,1077.0,1173.0,1251.0,1311.0,1906.0,1665.5,573.5,720.5,912.0,1031.5,1056.0,1135.5,1202.5,1249.0,2036.0,1788.5,545.5,753.5,987.0,1090.0,1131.5,1198.0,1327.0,1331.0,2419.0,2224.0,795.0,998.0,1257.0,1381.0,1404.0,1497.0,1586.0,1596.0,1348.0,1205.0,315.0,423.0,556.0,634.0,687.0,723.0,800.0,788.0,653.0,523.0,503.0,478.0,485.0,512.0,549.0,573.0,594.0,615.0,1989.0,1757.0,605.0,800.0,1014.0,1130.0,1126.0,1222.0,1319.0,1292.0,428.0,328.0,338.0,302.0,287.0,299.0,299.0,314.0,354.0,293.0,2454.0,2195.0,777.0,1017.0,1273.0,1387.0,1414.0,1493.0,1611.0,1614.0,1796.0,1526.0,456.0,572.0,770.0,862.0,896.0,961.0,1019.0,1064.0,1796.0,1526.0,456.0,572.0,770.0,862.0,896.0,961.0,1019.0,1064.0,2174.0,1931.0,701.0,887.0,1082.0,1195.0,1240.0,1337.0,1417.0,1450.0,2255.5,2054.5,724.5,896.5,1115.5,1226.0,1290.0,1360.5,1475.0,1486.0,"{""type"":""MultiPoint"",""coordinates"":[]}"
574_0,3,1569.0,1300.5,523.0,656.5,835.0,936.5,973.5,1019.5,1112.0,1129.0,2239.0,1946.5,890.0,1160.5,1376.5,1478.0,1517.5,1587.0,1687.5,1673.5,2301.5,2023.5,903.5,1167.5,1380.0,1504.5,1534.0,1618.0,1681.0,1697.5,2242.0,2011.5,906.5,1151.0,1354.5,1476.0,1502.0,1577.5,1634.5,1652.5,364.0,330.0,846.0,1211.0,1210.0,1473.0,1112.0,1150.0,968.0,840.0,364.0,330.0,1147.0,1449.0,1484.0,1585.0,1137.0,1189.0,1115.0,1013.0,413.0,340.0,627.0,986.0,861.0,1332.0,1245.0,1338.0,1191.0,1089.0,571.0,419.0,527.0,815.0,712.0,1300.0,1465.0,1630.0,1542.0,1349.0,691.0,460.0,414.0,681.0,587.0,1202.0,1498.0,1698.0,1561.0,1358.0,802.5,524.0,281.5,531.5,373.0,934.0,1695.0,1953.0,1859.0,1716.0,1154.5,661.5,268.0,523.5,343.0,924.0,2469.0,3016.5,2963.0,2932.5,1793.0,1497.0,641.0,805.0,992.0,1105.0,1118.0,1195.0,1261.0,1284.0,1322.0,701.0,275.0,554.0,331.0,862.0,2644.0,3270.0,3180.0,3179.0,1228.0,637.0,110.0,380.0,169.0,712.0,2693.0,3487.0,3542.0,3471.0,1225.0,600.0,116.0,376.0,147.0,683.0,2837.0,3834.0,3832.0,3930.0,1516.0,764.0,345.0,715.0,351.0,1131.0,3432.0,4230.0,4343.0,4380.0,1632.0,810.5,384.0,865.5,425.0,1387.5,3529.5,4305.5,4548.0,4394.5,1673.0,906.5,398.0,938.5,536.0,1645.0,3247.5,3672.5,3837.0,3814.0,1958.0,1032.0,713.0,1308.0,1069.0,2105.0,3220.0,3495.0,3762.0,3777.0,2285.0,1397.5,732.5,1350.5,1282.0,2342.0,3233.0,3476.5,3780.0,3871.0,3349.5,2337.5,1031.5,1509.0,1989.0,2562.0,2917.5,3134.5,3384.5,3519.5,3479.0,2414.0,1099.0,1564.0,2202.0,2634.0,2866.0,3040.0,3148.0,3436.0,1666.0,1388.0,439.0,636.0,843.0,957.0,1003.0,1042.0,1155.0,1178.0,3308.0,2387.0,931.0,1349.0,1918.0,2286.0,2420.0,2658.0,2726.0,2881.0,3197.0,2314.5,904.5,1223.5,1696.5,2016.5,2165.5,2336.5,2539.5,2649.5,2892.5,2224.0,684.5,906.5,1276.0,1482.5,1597.5,1732.0,1927.5,1978.0,2967.0,2347.0,776.0,953.0,1292.0,1485.0,1615.0,1748.0,1907.0,1972.0,2344.0,1525.0,589.0,738.0,1070.0,1210.0,1330.0,1450.0,1662.0,1654.0,0.0,0.0,0.0,0.0,0.0,0.0,0.0,0.0,0.0,0.0,1503.0,1181.0,468.0,667.0,839.0,930.0,961.0,1020.0,1094.0,1112.0,1811.0,1548.0,669.0,776.0,934.0,1051.0,1100.0,1148.0,1225.0,1264.0,2298.0,1943.0,826.0,1067.0,1294.0,1447.0,1469.0,1579.0,1642.0,1658.0,2488.0,2127.0,1033.0,1234.0,1469.0,1546.0,1637.0,1696.0,1824.0,1834.0,1821.0,1546.0,576.0,692.0,914.0,1006.0,1027.0,1072.0,1140.0,1163.0,1922.0,1659.0,726.0,887.0,1075.0,1175.0,1211.0,1276.0,1356.0,1377.0,2044.5,1759.0,784.0,977.0,1165.0,1271.0,1310.5,1381.5,1473.5,1451.5,"{""type"":""MultiPoint"",""coordinates"":[]}"
575_0,3,2192.0,1775.0,619.5,760.0,1015.5,1148.5,1180.5,1262.5,1390.5,1476.0,2065.0,1771.0,698.0,898.5,1140.5,1225.0,1278.0,1351.5,1449.0,1431.0,2271.5,1973.0,818.5,1039.0,1299.5,1382.0,1433.0,1500.5,1586.5,1596.0,2424.0,2123.5,877.0,1134.0,1409.5,1534.0,1569.5,1657.0,1720.5,1743.5,1047.0,864.0,905.0,1145.0,1136.0,1261.0,955.0,998.0,977.0,958.0,330.0,294.0,795.0,1004.0,1042.0,1172.0,893.0,978.0,955.0,776.0,470.0,323.0,498.0,775.0,719.0,935.0,943.0,1048.0,929.0,880.0,637.0,521.0,498.0,737.0,573.0,961.0,1215.0,1374.0,1222.0,1158.0,1545.0,795.0,364.0,698.0,339.0,961.0,2826.0,3241.0,3178.0,3182.0,1784.5,908.5,279.5,642.0,329.0,1006.5,3191.0,4140.0,4075.5,4139.5,1568.0,748.0,133.0,354.5,175.5,660.5,2904.5,4322.5,4348.0,4444.0,2389.0,1941.0,700.0,854.0,1092.0,1254.0,1271.0,1356.0,1497.0,1550.0,1565.0,758.0,182.0,368.0,198.0,652.0,2984.0,4377.0,4411.0,4613.0,1564.0,762.0,110.0,425.0,216.0,819.0,3303.0,4617.0,4787.0,4849.0,1637.0,795.0,301.0,761.0,433.0,1358.0,3602.0,4782.0,4881.0,5098.0,1916.0,997.0,515.0,1023.0,743.0,1873.0,3824.0,4703.0,4873.0,4973.0,2009.0,1106.0,566.0,1134.0,931.5,2004.5,3707.0,4296.5,4701.0,4754.5,2437.5,1444.5,686.5,1273.0,1326.5,2357.5,3567.5,4101.5,4365.0,4495.0,2917.5,1775.5,1002.5,1528.0,1703.0,2684.5,3634.5,4037.0,4320.0,4504.0,3948.0,2679.5,1076.0,1569.0,2138.5,2869.0,3341.0,3690.5,3997.5,4211.0,3570.5,2499.0,1066.0,1530.5,2198.5,2637.5,2930.5,3114.0,3484.0,3604.0,3360.0,2387.0,1015.0,1412.0,2061.0,2689.0,2756.0,3114.0,3037.0,3330.0,2389.0,1957.0,654.5,814.5,1081.5,1203.5,1245.0,1326.5,1456.0,1510.0,3317.0,2391.5,950.0,1320.0,1896.5,2413.0,2422.0,2777.0,2814.5,3037.5,3143.5,2237.5,974.5,1273.0,1733.5,2118.0,2220.5,2392.5,2516.0,2724.0,2885.0,2148.5,732.5,929.0,1258.5,1528.5,1596.0,1748.5,1784.5,1950.5,2896.5,2279.5,755.0,916.0,1248.0,1502.5,1525.0,1682.5,1750.0,1951.5,1971.0,1401.0,591.0,755.0,1062.0,1155.0,1269.0,1373.0,1487.0,1436.0,0.0,0.0,0.0,0.0,0.0,0.0,0.0,0.0,0.0,0.0,1966.0,1629.0,515.0,664.0,859.0,950.0,966.0,1047.0,1151.0,1146.0,2140.0,1811.0,609.0,699.0,880.0,964.0,977.0,1066.0,1143.0,1196.0,2281.5,1949.0,681.0,840.0,1057.0,1168.5,1186.0,1258.5,1372.5,1378.5,2343.0,1985.0,654.0,762.0,1010.0,1130.0,1049.0,1155.0,1240.0,1277.0,2402.5,2018.0,746.0,839.5,1076.0,1192.5,1148.5,1235.5,1345.5,1400.0,2479.0,2139.0,800.0,957.0,1153.0,1274.0,1325.0,1439.0,1527.0,1569.0,2147.0,1818.0,687.0,903.0,1146.0,1251.0,1286.0,1367.0,1465.0,1501.0,"{""type"":""MultiPoint"",""coordinates"":[]}"
576_0,3,1895.5,1593.0,561.5,710.0,941.0,1049.5,1100.5,1149.5,1238.5,1290.0,2521.0,2149.5,936.0,1237.5,1540.0,1654.5,1699.0,1761.5,1891.5,1866.0,2503.0,2137.0,888.5,1167.5,1471.5,1584.0,1604.5,1671.0,1786.5,1803.5,2443.5,2118.0,877.5,1139.5,1416.5,1540.0,1551.5,1626.5,1713.5,1742.0,304.5,260.0,757.5,924.0,1005.5,1129.5,978.0,1042.0,1045.0,891.0,304.5,260.0,534.5,789.5,832.5,1064.5,893.0,967.0,917.5,830.0,793.5,606.0,469.5,790.0,607.0,1148.5,1385.0,1484.0,1461.5,1343.0,1546.5,862.5,345.5,789.0,391.0,1146.5,2902.0,3254.5,3236.0,3125.5,1541.0,811.5,253.0,647.5,323.5,1099.0,3268.0,3891.5,3940.5,3982.0,1813.5,959.0,289.0,712.5,430.0,1285.5,3202.0,3904.5,3993.5,4155.0,1806.0,934.0,267.5,711.5,390.0,1277.0,3273.5,3971.0,4129.5,4268.5,2169.5,1843.0,598.5,798.0,1066.0,1203.0,1217.0,1310.0,1388.5,1444.0,1749.5,886.5,244.0,695.5,350.5,1266.0,3302.5,3975.0,4162.5,4331.0,1606.0,796.5,244.0,683.0,353.5,1261.5,3293.5,4042.5,4201.5,4347.5,1638.5,820.0,295.5,693.5,365.0,1228.0,3485.5,4152.5,4295.0,4489.0,1928.0,980.0,468.5,999.5,575.5,1707.5,3802.0,4326.5,4546.0,4649.5,1947.0,1031.5,480.0,1064.5,676.5,1823.5,3530.5,4034.5,4358.5,4304.5,2122.0,1206.0,541.0,1199.0,1024.0,2216.0,3311.0,3694.0,3983.0,4029.0,2428.0,1384.5,827.5,1495.0,1520.5,2539.0,3414.5,3735.0,4057.0,4145.5,2773.0,1681.5,875.0,1491.0,1668.0,2580.0,3179.0,3522.0,3819.5,3866.0,4087.5,2792.5,1167.0,1594.5,2344.0,2765.5,3035.5,3345.5,3789.5,3832.0,2615.0,1959.5,827.5,1126.0,1579.5,1848.0,1885.5,2085.0,2146.0,2305.5,2043.5,1724.5,489.5,705.0,955.0,1036.0,1115.0,1193.5,1291.5,1330.5,2377.0,1849.5,805.5,1059.5,1449.0,1644.5,1698.5,1797.5,1971.0,1998.0,2558.5,2008.5,904.5,1138.5,1495.0,1689.0,1727.0,1827.5,1994.0,2027.5,2286.0,1841.0,692.5,901.5,1192.5,1330.0,1413.0,1501.5,1643.0,1668.0,2466.5,2026.0,782.5,967.5,1282.0,1449.5,1467.0,1618.5,1687.5,1770.5,2056.5,1500.5,547.5,703.5,994.5,1127.0,1189.0,1243.0,1428.5,1417.5,0.0,0.0,0.0,0.0,0.0,0.0,0.0,0.0,0.0,0.0,1947.0,1711.5,522.5,694.0,891.5,991.0,1055.0,1097.0,1204.5,1206.5,1892.0,1679.0,558.5,668.5,832.5,928.0,966.0,1018.5,1091.0,1152.0,2273.0,2016.5,657.5,831.5,1072.5,1170.0,1234.0,1303.0,1397.5,1428.0,2350.5,2052.5,688.5,843.5,1105.0,1204.0,1185.5,1296.5,1425.0,1406.5,2120.0,1842.0,644.0,761.5,970.5,1084.5,1086.5,1187.0,1267.5,1295.0,1960.5,1713.5,565.5,741.5,944.0,1048.5,1062.0,1158.5,1244.5,1275.5,2299.0,1968.0,776.0,1060.0,1344.5,1444.5,1490.5,1530.0,1661.0,1655.0,"{""type"":""MultiPoint"",""coordinates"":[]}"
577_0,3,1962.5,1590.5,611.5,753.5,1020.0,1149.5,1187.0,1262.5,1388.5,1413.5,2117.0,1802.5,703.0,918.0,1176.5,1297.0,1353.5,1408.0,1498.0,1525.5,2265.0,1958.0,838.5,1070.5,1355.0,1470.0,1471.5,1534.0,1617.5,1624.5,2520.5,2192.5,998.5,1265.5,1560.5,1688.0,1720.0,1789.0,1882.5,1890.0,1421.0,1348.0,847.0,1075.0,1331.0,1422.0,1457.0,1540.0,1609.0,1610.0,383.0,362.0,768.0,1025.0,991.0,1256.0,989.0,1047.0,1050.0,845.0,499.0,396.0,646.0,879.0,834.0,1111.0,1063.0,1132.0,1141.0,976.0,499.0,396.0,527.0,777.0,706.0,1083.0,1099.0,1344.0,1304.0,1069.0,713.0,445.0,443.0,706.0,606.0,960.0,1440.0,1822.0,1690.0,1481.0,1245.0,640.5,207.5,525.0,267.0,901.5,2548.0,2857.0,3015.5,3038.5,1327.5,676.0,124.0,379.0,127.0,718.0,2824.5,3790.5,4077.5,3832.5,2205.0,1826.0,707.0,882.0,1119.0,1277.0,1327.0,1378.0,1483.0,1572.0,1458.0,706.0,129.0,369.0,127.0,729.0,3194.0,4458.0,4646.0,4390.0,1508.0,718.0,79.0,408.0,193.0,840.0,3202.0,4453.0,4689.0,4615.0,1563.0,764.0,211.0,557.0,363.0,1019.0,3263.0,4415.0,4734.0,4626.0,1699.0,846.0,400.0,837.0,582.0,1486.0,3316.0,4216.0,4445.0,4456.0,1771.0,986.0,461.0,920.0,756.0,1604.0,3140.0,3818.0,4183.0,4087.0,2083.0,1214.5,489.0,974.5,947.5,1852.0,3039.5,3563.5,3833.0,3895.0,2499.5,1483.0,783.5,1232.5,1411.0,2163.5,3061.0,3465.5,3818.5,3890.5,2894.5,1858.0,888.0,1377.0,1736.5,2440.5,3031.5,3395.5,3826.5,3875.0,4083.0,2809.0,1111.0,1508.0,2127.0,2570.0,2936.0,3170.0,3599.0,3695.0,3999.5,2827.5,1093.0,1537.5,2281.0,2705.0,2795.5,3148.0,3427.0,3442.5,2179.0,1827.0,648.0,827.0,1123.0,1244.0,1301.0,1385.0,1527.0,1493.5,3660.0,2719.5,976.0,1332.0,1891.0,2194.0,2280.5,2572.0,2804.5,2879.5,3462.5,2591.0,977.0,1261.0,1759.5,2014.0,2144.5,2305.0,2603.0,2679.5,3125.0,2421.0,744.5,980.0,1333.0,1501.0,1594.0,1774.0,1993.5,1932.5,3157.5,2580.5,798.0,981.0,1343.0,1501.5,1561.5,1710.0,1976.0,1942.5,1552.0,1242.0,384.0,496.0,722.0,792.0,840.0,891.0,1010.0,1028.0,0.0,0.0,0.0,0.0,0.0,0.0,0.0,0.0,0.0,0.0,1612.0,1235.0,546.0,693.0,867.0,979.0,1006.0,1073.0,1202.0,1192.0,1833.0,1472.0,639.0,742.0,925.0,1049.0,1068.0,1110.0,1223.0,1222.0,2422.0,2004.0,849.0,1065.0,1293.0,1431.0,1479.0,1543.0,1683.0,1681.0,2337.5,1915.5,913.5,1031.5,1279.5,1392.5,1375.0,1466.5,1613.5,1577.0,1946.0,1598.0,621.0,753.5,958.0,1083.5,1076.5,1140.5,1235.5,1255.0,2313.0,1981.5,838.5,991.5,1201.5,1345.5,1436.0,1537.5,1615.5,1670.5,2308.5,1924.0,854.5,1029.5,1251.0,1379.0,1476.0,1575.5,1676.0,1706.5,"{""type"":""MultiPoint"",""coordinates"":[]}"
578_0,3,1773.5,1438.5,606.5,762.5,993.5,1096.5,1157.5,1208.0,1322.0,1341.0,2170.5,1844.5,783.0,983.0,1208.0,1324.0,1376.5,1453.0,1533.0,1545.5,2211.5,1906.0,777.0,1033.0,1286.5,1395.0,1440.0,1511.5,1582.0,1603.0,2571.0,2212.0,1100.5,1409.5,1706.5,1826.5,1847.5,1923.5,1997.0,1993.0,2172.0,1914.0,963.0,1156.0,1418.0,1530.0,1524.0,1590.0,1669.0,1658.0,456.0,344.0,963.0,1155.0,1220.0,1345.0,1097.0,1112.0,1134.0,1089.0,456.0,315.0,723.0,982.0,1024.0,1296.0,1292.0,1343.0,1384.0,1285.0,535.0,416.0,659.0,982.0,997.0,1296.0,1347.0,1468.0,1439.0,1286.0,858.0,652.0,659.0,946.0,892.0,1218.0,1756.0,1953.0,1806.0,1801.0,1624.0,845.0,265.5,643.0,341.5,1014.5,2955.5,3700.0,3579.5,3618.5,1832.5,863.0,148.5,464.0,133.0,783.5,3357.0,4881.0,4862.0,4937.0,1964.0,1628.0,706.0,875.0,1112.0,1223.0,1308.0,1317.0,1385.0,1456.0,1693.0,808.0,183.0,495.0,148.0,853.0,3433.0,5050.0,4946.0,5156.0,1603.0,781.0,113.0,467.0,173.0,908.0,3459.0,4825.0,4971.0,5033.0,1612.0,763.0,174.0,530.0,314.0,1054.0,3570.0,4923.0,5005.0,5202.0,1643.0,768.0,412.0,860.0,573.0,1598.0,3631.0,4522.0,4718.0,4848.0,1669.5,883.0,442.5,964.0,675.5,1714.0,3462.5,4057.5,4425.5,4460.5,1895.0,1089.5,497.5,1010.0,969.5,2028.5,3254.0,3751.5,3965.5,4123.5,2514.0,1513.0,941.0,1498.0,1669.0,2458.5,3318.0,3668.5,4011.0,4131.0,2899.5,1889.5,972.5,1545.0,1929.5,2820.0,3466.0,3708.5,4144.0,4269.0,3724.0,2596.5,1216.0,1712.5,2333.5,2958.0,3336.0,3623.5,3972.5,4119.5,3706.0,2606.0,1179.0,1653.0,2414.0,2886.0,2942.0,3318.0,3424.0,3479.0,1839.0,1524.0,552.0,754.0,997.0,1096.0,1137.0,1194.0,1352.0,1315.0,3706.0,2615.0,1179.0,1653.0,2403.0,2883.0,2942.0,3235.0,3322.0,3479.0,3355.5,2443.5,1067.0,1410.5,1920.0,2189.0,2358.5,2495.0,2787.5,2847.5,3057.5,2357.5,835.0,1075.0,1466.5,1685.5,1807.0,1904.0,2145.0,2158.0,3199.0,2509.0,933.0,1147.0,1510.0,1712.0,1830.0,1953.0,2153.0,2186.0,1625.0,1349.0,443.0,595.0,821.0,968.0,989.0,1026.0,1141.0,1173.0,622.0,533.0,299.0,411.0,502.0,516.0,538.0,574.0,624.0,667.0,1518.0,1252.0,492.0,660.0,810.0,927.0,955.0,1005.0,1111.0,1096.0,1350.0,1194.0,460.0,537.0,643.0,724.0,791.0,870.0,806.0,957.0,2113.0,1853.0,706.0,909.0,1121.0,1229.0,1269.0,1344.0,1439.0,1416.0,1903.0,1638.0,927.0,1099.0,1272.0,1397.0,1411.0,1396.0,1661.0,1449.0,1749.5,1504.0,569.0,685.0,859.0,935.5,937.0,1001.0,1091.0,1079.0,2136.5,1849.5,800.0,958.0,1127.5,1218.5,1260.5,1331.5,1422.0,1425.5,2167.5,1857.0,834.0,1011.0,1192.5,1289.0,1315.5,1396.5,1502.0,1481.0,"{""type"":""MultiPoint"",""coordinates"":[]}"
579_0,3,3810.5,3250.5,3100.5,2976.0,3046.0,3230.0,3230.5,3262.0,3558.0,3394.0,2922.0,2744.0,951.0,1233.0,1582.0,1746.0,1801.0,1927.0,2061.0,2089.0,2854.0,2763.0,884.0,1123.0,1460.0,1622.0,1667.0,1791.0,1911.0,1948.0,1041.0,1007.0,474.5,615.0,759.0,851.0,838.0,906.5,946.0,915.0,454.0,389.0,734.0,833.0,823.0,1011.0,880.0,940.0,888.0,767.0,372.0,299.0,290.0,561.0,446.0,771.0,735.0,830.0,747.0,756.0,855.0,556.0,192.0,483.0,239.0,735.0,1317.0,1327.0,1256.0,1217.0,1522.0,858.0,199.0,614.0,208.0,996.0,2373.0,2787.0,2763.0,2710.0,1517.0,818.0,189.0,457.0,134.0,791.0,2465.0,3227.0,3146.0,3123.0,1344.5,665.5,71.0,322.5,57.0,609.0,2560.5,3588.5,3556.5,3576.5,1319.5,629.0,31.5,274.5,54.0,553.5,2650.0,3928.5,3938.5,4007.0,3378.5,2869.0,1911.5,1873.0,1991.5,2216.0,2317.5,2377.0,2588.0,2567.5,1361.5,656.0,43.0,263.5,38.5,549.5,2743.0,3981.5,3971.5,4123.0,1506.5,716.0,207.0,654.0,229.0,1115.5,3379.5,4375.5,4439.5,4576.5,1594.0,793.0,560.0,947.0,683.0,1466.0,3404.0,4221.0,4231.0,4412.0,1681.0,946.0,743.0,1164.0,1037.0,1931.0,3265.0,3706.0,3868.0,3948.0,1832.0,1028.0,696.0,1221.0,1102.0,1987.0,3068.0,3368.0,3718.0,3690.0,4082.0,2770.0,1065.0,1538.0,1891.0,2617.0,3068.0,3368.0,3628.0,3805.0,4662.5,3311.0,1295.0,1748.5,2453.5,2900.0,3191.5,3486.5,3823.5,3967.5,4502.0,3264.0,1186.0,1631.5,2281.5,2621.0,2973.0,3221.5,3606.0,3644.5,4197.0,3051.5,1050.0,1457.0,2092.0,2451.5,2816.0,3075.0,3456.0,3502.0,3514.0,2722.0,911.0,1197.0,1566.0,1933.0,2219.0,2422.0,2629.0,2745.0,3487.0,2817.0,733.5,1009.0,1318.0,1646.0,1851.5,1992.0,2250.5,2299.5,3281.5,2549.5,700.0,954.0,1203.5,1520.5,1839.5,2001.0,2141.5,2263.5,2864.0,2375.5,1327.0,1438.5,1572.0,1798.0,1978.0,2148.0,2228.0,2278.0,3012.0,2574.0,699.5,838.5,957.0,1251.5,1599.0,1763.0,1928.0,2000.0,2717.5,2306.0,626.5,777.5,874.0,1181.0,1479.5,1647.5,1773.5,1877.5,2371.0,1821.0,448.0,619.0,679.0,1047.0,1541.0,1650.0,1879.0,1889.0,0.0,0.0,0.0,0.0,0.0,0.0,0.0,0.0,0.0,0.0,3466.0,2659.0,759.0,1125.0,1358.0,1814.0,2175.0,2383.0,2608.0,2591.0,3418.0,2810.0,812.0,1125.0,1358.0,1814.0,2263.0,2394.0,2608.0,2685.0,3371.0,2509.0,719.0,1085.0,1193.0,1798.0,2555.0,2760.0,2985.0,3038.0,3121.5,2292.5,755.5,1123.0,1126.0,1814.0,2846.5,3086.0,3368.0,3291.0,2451.5,1853.0,581.5,892.5,931.5,1445.0,2132.0,2318.5,2496.0,2481.0,2304.0,2119.5,625.0,818.0,1075.5,1252.0,1383.0,1475.0,1604.0,1617.5,2288.0,2173.0,633.5,837.5,1097.5,1231.0,1306.0,1401.0,1512.0,1547.5,"{""type"":""MultiPoint"",""coordinates"":[]}"
580_0,3,1821.5,1509.0,633.0,766.5,982.5,1115.5,1163.0,1204.0,1308.0,1351.5,2244.5,1898.5,838.0,1046.0,1263.5,1370.0,1419.0,1493.5,1589.0,1571.5,2307.5,1980.0,883.5,1149.5,1407.5,1534.0,1550.5,1625.0,1698.0,1701.0,2634.5,2283.0,1194.0,1517.5,1807.0,1970.5,1965.5,2011.0,2082.0,2100.5,2269.0,1962.0,1034.0,1278.0,1522.0,1654.0,1655.0,1706.0,1768.0,1798.0,326.0,332.0,1034.0,1278.0,1334.0,1439.0,1187.0,1204.0,1177.0,1021.0,322.0,272.0,747.0,1091.0,1146.0,1351.0,1349.0,1350.0,1376.0,1214.0,324.0,292.0,644.0,974.0,997.0,1330.0,1206.0,1348.0,1281.0,1214.0,427.0,375.0,517.0,850.0,791.0,1105.0,1209.0,1399.0,1328.0,1163.0,846.5,512.0,300.5,657.0,447.5,1051.0,1851.5,2058.5,2027.0,1956.0,1227.0,630.5,198.5,518.0,229.0,840.5,2454.5,3034.5,3000.0,2862.0,1993.0,1703.0,715.0,884.0,1091.0,1249.0,1252.0,1318.0,1378.0,1423.0,1236.0,631.0,181.0,520.0,205.0,827.0,2709.0,3320.0,3190.0,3190.0,1243.0,599.0,123.0,523.0,180.0,973.0,2887.0,3428.0,3436.0,3419.0,1288.0,653.0,180.0,632.0,294.0,1150.0,3257.0,3944.0,3895.0,4073.0,1344.0,680.0,419.0,941.0,617.0,1697.0,3203.0,3618.0,3664.0,3727.0,1383.0,761.0,458.0,971.0,898.0,1804.0,2771.0,2999.0,3252.0,3242.0,1844.5,1076.5,513.5,979.5,1118.5,1914.0,2566.0,2795.0,3008.5,3132.0,2109.5,1247.0,762.5,1221.5,1495.5,2097.0,2599.0,2831.5,3085.0,3227.0,2349.0,1500.0,748.0,1175.0,1583.0,2196.0,2648.5,2835.0,3148.0,3283.5,3329.0,2383.0,1022.0,1470.5,2008.5,2486.0,2702.0,2962.5,3248.0,3356.0,3033.0,2127.0,938.0,1415.0,2102.0,2716.0,2876.0,2990.0,3159.0,3417.0,1846.0,1603.0,514.0,721.0,986.0,1110.0,1133.0,1211.0,1276.0,1308.0,3393.0,2532.0,869.0,1265.0,1829.0,2294.0,2482.0,2541.0,2768.0,2934.0,3230.0,2401.0,932.0,1229.5,1680.5,2096.0,2230.0,2419.0,2590.5,2733.0,2844.5,2290.5,682.5,886.0,1182.0,1427.0,1571.0,1718.5,1856.0,1943.0,2992.0,2491.0,793.0,948.0,1251.0,1426.0,1560.0,1720.0,1839.0,1958.0,1413.0,1169.0,394.0,519.0,713.0,807.0,833.0,881.0,992.0,975.0,637.0,521.5,496.0,509.5,516.5,544.5,546.0,595.0,715.0,632.0,1678.0,1392.0,534.0,723.0,895.0,998.0,998.0,1090.0,1191.0,1166.0,1076.0,742.0,649.0,666.0,674.0,696.0,660.0,634.0,1033.0,610.0,2254.0,1951.0,772.0,979.0,1175.0,1317.0,1356.0,1408.0,1505.0,1536.0,2419.0,2113.0,990.0,1159.0,1347.0,1459.0,1554.0,1626.0,1762.0,1733.0,1819.5,1565.5,576.5,698.0,873.0,978.5,965.0,1015.5,1088.5,1120.5,2109.0,1831.0,765.5,947.5,1132.5,1224.5,1276.0,1327.0,1436.5,1425.5,2244.5,1942.5,857.5,1029.0,1220.5,1320.0,1343.0,1439.0,1525.0,1507.0,"{""type"":""MultiPoint"",""coordinates"":[]}"
581_0,3,2875.0,2274.0,833.0,938.0,1216.0,1393.0,1443.5,1572.5,1748.5,1844.0,2045.0,1867.0,622.0,834.0,1106.0,1247.0,1252.0,1354.0,1414.0,1455.0,2187.0,2012.0,708.0,927.0,1216.0,1366.0,1402.0,1462.0,1561.0,1587.0,2088.0,1943.0,684.5,929.0,1222.5,1360.0,1376.5,1478.5,1532.0,1566.0,574.0,510.0,926.0,1010.0,1074.0,1140.0,993.0,1030.0,1006.0,892.0,426.0,353.0,384.0,641.0,604.0,841.0,781.0,849.0,779.0,744.0,530.0,408.0,314.0,579.0,498.0,830.0,985.0,1094.0,1045.0,1043.0,1201.0,693.0,304.0,579.0,459.0,879.0,1716.0,2012.0,2056.0,1920.0,1044.0,570.0,184.0,386.0,249.0,659.0,1716.0,2012.0,2056.0,1920.0,1082.5,557.0,81.0,308.5,98.0,584.0,2081.5,2743.5,2790.0,2771.5,1199.5,554.5,41.0,223.0,41.0,451.0,2301.5,3329.5,3367.5,3332.0,3525.5,2970.0,1671.5,1813.5,2104.5,2272.0,2284.5,2409.5,2468.0,2613.0,1209.5,556.0,32.5,212.5,29.5,462.0,2448.0,3795.0,3858.0,3914.5,1096.5,518.5,56.5,309.5,58.5,606.0,2652.0,3913.5,3984.0,4001.5,1177.0,545.0,449.0,779.0,516.0,1121.0,3014.0,3964.0,4055.0,4024.0,1230.0,652.0,600.0,970.0,768.0,1570.0,3050.0,3700.0,3871.0,3879.0,1275.0,704.0,523.0,943.0,768.0,1615.0,2762.0,3208.0,3437.0,3439.0,1609.0,943.0,489.0,980.0,1057.0,1862.0,2688.0,3013.0,3244.0,3348.0,4348.0,3047.5,1184.0,1705.0,2438.5,2865.5,3210.0,3549.5,3833.5,4009.0,4355.5,3172.5,1269.0,1738.5,2479.0,2829.5,3087.0,3333.5,3706.0,3794.0,3586.0,2865.0,1077.0,1513.0,2057.0,2342.0,2543.0,2721.0,3084.0,3034.0,3547.0,2600.5,1020.0,1412.0,1975.5,2302.0,2413.0,2606.0,2805.5,2920.0,3315.0,2647.0,683.5,903.5,1265.5,1431.0,1481.5,1628.5,1836.5,1935.5,3734.5,2911.0,964.5,1264.5,1728.0,2003.5,2151.5,2298.5,2470.0,2605.5,5025.5,4423.0,3278.0,3415.5,3729.5,4006.0,4072.5,4150.0,4316.5,4331.5,3370.5,2853.0,910.5,1063.0,1346.0,1548.5,1673.0,1803.0,1938.0,2014.5,3218.0,2709.5,896.0,1023.5,1287.5,1493.5,1625.0,1752.0,1875.0,1944.5,2246.0,1680.5,508.0,687.5,948.0,1156.5,1246.5,1402.0,1541.0,1607.0,0.0,0.0,0.0,0.0,0.0,0.0,0.0,0.0,0.0,0.0,3643.0,2898.0,841.0,1136.0,1620.0,1848.0,1906.0,1974.0,2210.0,2343.0,3865.0,3225.0,1154.0,1403.0,1861.0,2109.0,2153.0,2375.0,2658.0,2621.0,3529.0,2889.0,975.0,1213.0,1644.0,1891.0,1906.0,2061.0,2256.0,2361.0,3109.0,2504.0,1364.0,1516.0,1744.5,1971.5,2144.5,2241.5,2499.5,2426.0,1941.0,1760.0,692.0,820.0,1073.0,1203.0,1254.0,1319.0,1395.0,1428.0,1831.0,1678.0,507.0,686.5,965.5,1073.0,1085.0,1146.0,1226.5,1257.0,1902.0,1741.0,551.5,752.0,1026.5,1152.5,1194.0,1262.5,1326.0,1347.0,"{""type"":""MultiPoint"",""coordinates"":[]}"
582_0,3,1754.5,1454.5,591.0,726.0,977.5,1065.5,1096.0,1158.0,1246.0,1285.0,2376.5,2077.5,973.5,1249.0,1479.5,1579.5,1610.5,1701.5,1801.0,1764.5,2464.0,2150.5,998.5,1259.0,1507.5,1634.0,1646.0,1718.5,1793.5,1795.5,491.5,471.0,867.0,1165.5,1316.5,1456.0,1067.5,1134.5,1012.0,936.0,381.0,363.0,977.0,1229.0,1296.0,1403.0,1071.0,1090.0,1053.0,889.0,733.0,526.0,730.0,1067.0,1125.0,1396.0,1217.0,1344.0,1242.0,1199.0,390.0,282.0,525.0,830.0,768.0,1169.0,1075.0,1191.0,1218.0,943.0,617.0,406.0,515.0,744.0,636.0,1207.0,1312.0,1571.0,1342.0,1208.0,578.0,397.0,377.0,605.0,523.0,1030.0,1317.0,1454.0,1477.0,1313.0,704.0,464.0,278.5,500.0,387.0,900.5,1685.5,1948.5,1892.5,1732.0,1051.5,593.5,212.5,408.0,320.5,829.0,1996.0,2551.0,2701.5,2541.0,2028.0,1696.0,751.0,896.0,1128.5,1239.0,1252.5,1337.0,1415.0,1434.0,1260.0,658.0,251.0,442.0,274.0,744.0,2388.0,3141.0,3185.0,3079.0,1378.0,725.0,217.0,486.0,244.0,899.0,2728.0,3558.0,3664.0,3524.0,1472.0,758.0,341.0,730.0,438.0,1261.0,2980.0,3736.0,3843.0,3936.0,1567.0,851.0,495.0,968.0,761.0,1654.0,2901.0,3415.0,3570.0,3573.0,1933.0,1108.0,550.0,973.0,925.0,1654.0,2645.0,2939.0,3339.0,3258.0,2187.0,1375.5,608.5,1026.5,1153.0,1763.0,2402.0,2669.0,3021.5,3064.0,3572.0,2522.0,1126.0,1476.5,1793.0,2211.5,2524.0,2764.0,2999.0,3095.0,2995.0,2276.0,858.0,1158.5,1541.5,1781.0,1898.0,2062.0,2196.0,2303.0,2663.5,2067.5,695.0,967.5,1390.5,1559.5,1706.5,1740.0,1938.0,2039.5,1975.0,1635.0,636.0,818.0,1065.0,1189.0,1184.0,1287.0,1360.0,1369.0,1805.0,1505.0,508.0,732.0,957.0,1076.0,1113.0,1166.0,1265.0,1278.0,1857.0,1598.0,516.0,682.0,940.0,1033.0,1073.0,1170.0,1225.0,1247.0,1792.5,1520.0,600.5,743.5,963.0,1044.5,1083.5,1139.0,1208.5,1242.5,1895.5,1624.5,567.5,789.0,1016.0,1125.0,1138.5,1215.5,1342.0,1321.5,2359.0,2093.0,884.0,1091.0,1330.0,1463.0,1506.0,1581.0,1623.0,1679.0,1171.0,1003.0,302.0,398.0,549.0,594.0,624.0,663.0,730.0,731.0,0.0,0.0,0.0,0.0,0.0,0.0,0.0,0.0,0.0,0.0,1686.0,1446.0,533.0,712.0,890.0,988.0,969.0,1080.0,1164.0,1139.0,218.0,186.0,185.0,146.0,129.0,135.0,140.0,158.0,149.0,164.0,2128.0,1842.0,714.0,949.0,1155.0,1280.0,1307.0,1375.0,1454.0,1467.0,1707.0,1724.0,915.0,1079.0,1175.0,1405.0,1428.0,1520.0,1476.0,1606.0,1633.0,1370.0,446.0,575.0,755.0,845.0,837.0,901.0,971.0,985.0,1936.0,1682.0,729.0,874.0,1078.0,1172.0,1206.0,1272.0,1348.0,1341.0,2109.0,1847.0,727.5,942.5,1143.5,1249.5,1300.5,1359.5,1458.5,1464.5,"{""type"":""MultiPoint"",""coordinates"":[]}"
583_0,3,1568.0,1327.0,378.5,487.0,681.5,781.5,825.0,898.5,1014.0,1026.5,2049.0,1801.0,742.5,983.5,1219.5,1332.5,1365.5,1433.0,1536.0,1537.5,2189.5,1919.5,740.0,954.5,1225.0,1346.0,1378.5,1444.5,1553.0,1562.5,2084.0,1837.5,707.0,927.5,1189.0,1303.5,1341.0,1421.0,1502.0,1521.5,311.5,328.5,414.0,633.0,656.5,919.5,791.0,859.0,694.5,720.0,363.5,328.5,546.5,766.5,778.0,1144.0,1006.5,1055.0,964.0,913.0,601.5,435.5,481.5,726.0,552.0,987.0,1293.0,1426.5,1274.5,1233.0,1156.5,718.5,356.5,643.0,349.5,939.5,2356.0,2753.5,2703.0,2565.5,1490.0,732.5,151.5,426.0,190.5,810.5,3175.0,4258.0,4421.0,4496.5,1868.5,940.5,222.0,532.5,374.0,969.0,3076.5,4019.0,4205.0,4439.0,1849.0,900.0,187.0,410.0,280.0,766.5,2770.0,3927.0,4170.0,4308.0,1802.0,1548.5,446.5,605.5,825.0,927.5,945.0,1022.5,1165.5,1213.0,1786.5,862.0,191.0,385.0,248.5,705.0,2752.5,3905.5,4052.5,4292.5,1724.0,786.5,191.0,429.0,214.0,762.5,3072.5,4351.5,4557.5,4695.5,1734.0,851.0,344.5,755.5,420.5,1355.0,3517.0,4462.5,4685.0,4847.0,2001.5,1078.0,560.5,1069.5,773.5,1835.0,3784.5,4545.5,4769.5,4912.5,2102.0,1143.5,600.5,1147.5,933.0,2001.0,3640.0,4289.0,4660.0,4743.5,2367.0,1371.0,626.0,1163.0,1182.0,2095.0,3422.0,3910.0,4233.0,4388.0,3204.0,2014.0,956.5,1405.0,1661.5,2390.0,3103.5,3480.5,3816.0,3998.0,3776.0,2574.5,959.0,1365.5,2013.0,2426.0,2788.5,3048.5,3541.5,3617.5,3727.5,2563.5,949.0,1362.5,2038.0,2445.0,2768.5,3033.5,3500.0,3586.5,2839.5,2124.5,866.0,1165.5,1710.5,2025.0,2122.0,2343.5,2415.0,2609.0,1657.5,1402.0,353.5,501.0,742.0,819.0,852.5,940.5,1068.0,1079.5,2846.5,2143.0,904.0,1217.5,1712.0,2015.5,2115.0,2275.0,2404.0,2527.0,2769.0,2083.0,1004.5,1241.5,1688.0,1965.0,2053.0,2219.0,2377.0,2431.5,2464.0,1942.0,716.5,900.5,1218.0,1402.5,1504.0,1625.0,1739.0,1809.0,2685.0,2123.5,832.5,1045.5,1374.0,1585.0,1657.0,1794.0,1937.0,1999.0,2193.5,1637.0,1764.5,1752.5,1865.0,2019.5,2086.0,2173.5,2235.5,2235.0,0.0,0.0,0.0,0.0,0.0,0.0,0.0,0.0,0.0,0.0,1530.0,1163.0,350.5,476.0,677.0,779.0,782.0,876.5,1006.0,1035.0,1681.0,1365.0,462.5,568.0,730.5,835.5,921.0,994.5,1085.5,1134.0,2089.0,1730.0,627.0,818.0,964.5,1150.0,1273.0,1373.0,1471.0,1509.0,2051.5,1685.5,571.0,724.5,946.5,1064.5,1179.0,1267.0,1436.0,1447.0,1592.0,1259.5,424.5,540.5,692.0,837.0,929.0,1009.5,1121.5,1153.5,1788.5,1592.5,528.5,670.0,862.0,977.0,1033.5,1110.0,1194.5,1179.0,1846.0,1654.0,533.0,714.0,908.0,1003.5,1057.5,1128.5,1238.5,1209.0,"{""type"":""MultiPoint"",""coordinates"":[]}"
584_0,3,1692.5,1422.0,574.5,731.0,935.0,1059.0,1038.0,1104.5,1210.5,1191.5,2456.0,2147.0,1028.0,1318.0,1580.5,1719.5,1727.5,1793.5,1881.5,1853.0,2484.0,2161.5,932.0,1227.0,1475.0,1604.5,1644.0,1717.5,1787.0,1824.5,2344.0,2084.0,904.0,1183.0,1421.0,1554.5,1586.5,1660.5,1703.0,1740.5,515.0,518.0,840.0,1054.0,1145.0,1352.0,1043.0,1005.0,965.0,894.0,515.0,462.0,856.0,1093.0,1145.0,1352.0,1043.0,1005.0,965.0,894.0,527.0,463.0,679.0,958.0,916.0,1345.0,1221.0,1286.0,1240.0,1110.0,766.0,571.0,626.0,958.0,879.0,1345.0,1413.0,1500.0,1415.0,1335.0,832.0,584.0,457.0,744.0,603.0,1205.0,1655.0,1653.0,1726.0,1563.0,1034.0,680.0,355.0,634.5,463.0,1137.0,1874.5,2186.0,2148.5,2009.5,1201.0,753.0,303.5,566.5,395.0,1095.5,2186.5,2850.0,2822.5,2629.5,1911.5,1663.0,704.5,889.0,1100.5,1205.0,1243.5,1290.5,1368.0,1375.5,1321.0,803.0,304.0,558.0,400.0,1030.0,2518.0,3084.0,3203.0,3169.0,1292.0,663.0,211.0,454.0,311.0,893.0,2447.0,3111.0,3189.0,3169.0,1299.0,641.0,211.0,454.0,277.0,961.0,2611.0,3441.0,3441.0,3478.0,1437.0,746.0,332.0,679.0,375.0,1099.0,3044.0,3726.0,3823.0,3810.0,1597.0,894.0,381.0,889.0,495.0,1433.0,3241.0,3906.0,4116.0,3979.0,1745.5,990.0,421.5,986.5,574.5,1615.0,3100.5,3518.0,3878.0,3786.5,2035.0,1147.5,865.5,1457.5,1265.0,2173.5,3072.5,3530.0,3817.5,3698.5,2390.5,1495.5,813.5,1441.0,1441.5,2361.5,2966.0,3372.0,3648.0,3647.5,3176.0,2282.0,1030.5,1499.5,1950.5,2456.0,2831.0,2966.5,3380.5,3436.5,3201.0,2345.0,1014.0,1401.0,2008.0,2328.0,2306.0,2643.0,2757.0,2687.0,1749.0,1471.0,501.0,693.0,945.0,1040.0,1048.0,1113.0,1235.0,1208.0,3201.0,2470.0,992.0,1383.0,1962.0,2299.0,2306.0,2460.0,2634.0,2687.0,3034.5,2381.5,911.0,1229.5,1663.5,1883.0,1973.0,2118.5,2323.5,2322.0,2790.0,2343.5,723.0,946.0,1280.0,1456.0,1533.5,1625.5,1828.5,1862.5,2804.0,2304.0,810.0,1011.0,1346.0,1542.0,1624.0,1744.0,1870.0,1900.0,2139.0,1583.0,567.0,693.0,984.0,1118.0,1143.0,1247.0,1437.0,1420.0,771.0,552.0,610.0,571.0,564.0,613.0,653.0,709.0,770.0,751.0,1632.0,1343.0,504.0,676.0,833.0,917.0,944.0,1051.0,1097.0,1080.0,724.0,632.0,287.0,313.0,416.0,461.0,476.0,579.0,413.0,610.0,2169.0,1907.0,716.0,959.0,1169.0,1307.0,1313.0,1397.0,1463.0,1484.0,2331.0,2055.0,920.0,1113.0,1329.0,1439.0,1474.0,1536.0,1664.0,1652.0,1827.0,1576.0,566.0,675.0,893.0,971.0,980.0,1023.0,1087.0,1124.0,1997.0,1727.0,695.0,824.0,1040.0,1149.0,1162.0,1247.0,1304.0,1339.0,2165.0,1912.5,785.0,997.0,1213.0,1344.5,1358.5,1459.5,1541.0,1514.5,"{""type"":""MultiPoint"",""coordinates"":[]}"
585_0,3,1441.0,1205.5,508.5,614.5,802.0,887.0,899.0,977.5,1040.0,1058.5,2389.0,2097.0,989.5,1269.0,1499.5,1615.0,1632.0,1721.5,1803.0,1774.5,2436.0,2145.0,1011.5,1286.5,1513.0,1622.0,1644.5,1718.0,1798.5,1803.5,492.5,480.0,864.0,1158.5,1264.0,1405.0,1083.0,1156.0,1061.5,957.5,360.0,337.0,808.0,1135.0,1229.0,1409.0,1022.0,1061.0,914.0,895.0,1018.0,706.0,973.0,1201.0,1262.0,1455.0,1390.0,1466.0,1496.0,1487.0,1138.0,958.0,977.0,1264.0,1354.0,1674.0,1556.0,1704.0,1534.0,1599.0,446.0,374.0,725.0,1058.0,1115.0,1333.0,1161.0,1180.0,1181.0,1049.0,313.0,257.0,602.0,848.0,861.0,1064.0,840.0,978.0,857.0,755.0,349.0,241.5,449.5,670.0,742.5,925.5,895.0,991.5,875.0,922.0,438.0,304.0,424.0,634.0,694.5,920.5,923.5,974.0,914.0,974.5,1688.0,1444.5,638.0,787.5,977.5,1062.0,1097.5,1152.0,1211.0,1228.5,664.0,431.0,459.0,693.0,661.0,947.0,1083.0,1474.0,1286.0,1251.0,750.0,440.0,289.0,529.0,385.0,766.0,1282.0,1759.0,1743.0,1678.0,951.0,492.0,311.0,546.0,375.0,914.0,1946.0,2436.0,2459.0,2564.0,1210.0,603.0,421.0,751.0,533.0,1208.0,2443.0,2886.0,3038.0,3062.0,1819.0,1038.0,483.0,889.0,759.0,1476.0,2447.0,2858.0,3076.0,3204.0,2202.5,1413.5,600.5,978.5,1017.0,1612.5,2420.0,2740.5,3012.5,3069.5,3199.5,2226.5,1065.0,1443.5,1649.0,2064.5,2512.0,2799.5,3083.5,3133.5,3328.5,2414.0,946.0,1311.0,1642.0,2089.0,2471.0,2721.0,3087.5,3154.5,3405.5,2436.0,894.0,1304.0,1677.5,2119.0,2465.5,2675.0,3109.5,3163.0,1514.0,1147.0,503.0,614.0,771.0,909.0,969.0,1085.0,1100.0,1200.0,1491.0,1257.0,559.0,737.0,902.0,977.0,1032.0,1103.0,1184.0,1171.0,1937.0,1642.0,618.0,820.0,1035.0,1166.0,1205.0,1322.0,1349.0,1451.0,1970.0,1673.0,683.5,835.0,1033.0,1156.5,1173.0,1263.5,1304.5,1409.5,1669.0,1426.0,473.5,638.5,832.5,904.0,929.5,990.5,1110.0,1067.5,2000.0,1803.0,684.0,834.0,1035.0,1143.0,1145.0,1260.0,1350.0,1330.0,1402.0,1235.0,381.0,478.0,655.0,713.0,741.0,799.0,888.0,893.0,0.0,0.0,0.0,0.0,0.0,0.0,0.0,0.0,0.0,0.0,1967.0,1738.0,678.0,909.0,1133.0,1218.0,1258.0,1307.0,1450.0,1401.0,229.0,207.0,240.0,184.0,156.0,163.0,163.0,183.0,178.0,172.0,2360.0,2123.0,862.0,1141.0,1387.0,1489.0,1538.0,1622.0,1696.0,1688.0,1489.0,1248.0,439.0,540.0,711.0,774.0,776.0,792.0,870.0,923.0,1414.0,1148.0,584.5,702.5,869.5,948.0,955.5,954.0,1069.5,998.0,1833.0,1598.0,709.0,865.0,1028.0,1122.0,1135.0,1172.0,1269.0,1273.0,2015.0,1786.5,754.0,942.0,1140.0,1218.0,1253.5,1327.0,1414.5,1411.0,"{""type"":""MultiPoint"",""coordinates"":[]}"
586_0,3,1577.5,1330.5,493.0,616.0,816.0,916.5,957.5,1028.5,1088.5,1127.5,2171.5,1906.5,781.5,1027.5,1281.0,1387.5,1427.5,1495.0,1587.0,1567.5,2274.0,2032.0,813.0,1075.5,1312.0,1428.0,1483.5,1538.5,1613.5,1624.5,2197.5,1981.5,814.0,1042.5,1273.0,1381.0,1431.5,1491.0,1545.0,1553.0,421.0,393.0,674.0,971.0,945.0,1247.0,997.0,1036.0,853.0,823.0,421.0,393.0,1017.0,1245.0,1262.0,1410.0,1183.0,1243.0,1186.0,1177.0,413.0,304.0,714.0,955.0,977.0,1282.0,1220.0,1298.0,1282.0,1149.0,681.0,577.0,604.0,909.0,864.0,1479.0,1404.0,1456.0,1364.0,1230.0,839.0,606.0,527.0,808.0,702.0,1123.0,1526.0,1676.0,1548.0,1503.0,918.0,581.0,303.5,526.0,437.0,880.0,1579.5,1862.5,1785.0,1735.0,1200.0,681.0,237.0,497.5,317.5,826.5,2195.5,2714.5,2684.0,2648.5,1766.0,1501.0,626.0,754.0,941.0,1077.0,1094.0,1132.0,1216.0,1231.0,1319.0,680.0,216.0,500.0,290.0,848.0,2412.0,2944.0,2900.0,2872.0,1250.0,626.0,116.0,390.0,185.0,706.0,2597.0,3497.0,3402.0,3410.0,1247.0,614.0,116.0,373.0,155.0,659.0,2738.0,3735.0,3633.0,3807.0,1515.0,758.0,315.0,688.0,344.0,1105.0,3289.0,4138.0,4125.0,4192.0,1618.0,815.5,367.0,843.0,414.0,1311.5,3383.0,4175.5,4361.5,4323.0,1602.5,870.0,382.0,889.5,531.0,1532.5,3080.5,3486.0,3666.5,3692.5,1860.0,965.0,631.0,1259.0,996.0,2046.0,3025.0,3405.0,3574.0,3636.0,2209.0,1323.5,696.5,1312.0,1262.5,2333.0,3156.5,3425.5,3708.5,3772.0,3252.5,2246.0,850.5,1366.5,1776.0,2362.0,2628.0,2880.0,3108.5,3191.0,2712.0,2052.0,785.0,1126.0,1607.0,1927.0,2028.0,2204.0,2317.0,2371.0,1663.0,1402.0,423.0,597.0,829.0,957.0,987.0,1060.0,1135.0,1158.0,2695.0,2052.0,741.0,1064.0,1481.0,1702.0,1830.0,1905.0,2091.0,2178.0,2550.5,1959.0,809.0,1053.0,1407.5,1647.0,1726.0,1854.0,2005.5,2052.5,2297.5,1857.0,639.5,813.5,1089.5,1262.5,1346.5,1440.5,1562.0,1603.5,2432.0,2011.0,726.0,880.0,1138.0,1331.0,1407.0,1523.0,1594.0,1647.0,2053.0,1417.0,531.0,666.0,912.0,1023.0,1121.0,1229.0,1404.0,1370.0,0.0,0.0,0.0,0.0,0.0,0.0,0.0,0.0,0.0,0.0,1463.0,1165.0,426.0,578.0,745.0,881.0,898.0,946.0,1005.0,1054.0,1981.0,1826.0,819.0,968.0,1133.0,1259.0,1303.0,1379.0,1380.0,1491.0,2124.5,1855.5,757.0,960.5,1171.0,1292.5,1342.5,1402.0,1503.5,1502.0,2212.0,1929.0,857.0,1036.0,1246.0,1351.0,1423.0,1474.0,1595.0,1578.0,1583.5,1339.5,610.5,658.5,777.0,859.0,890.0,929.0,1003.0,1039.5,1960.0,1707.0,630.0,841.0,1045.0,1161.0,1189.0,1282.0,1339.0,1336.0,2003.5,1757.0,721.0,905.5,1116.5,1229.0,1274.0,1335.0,1402.0,1408.5,"{""type"":""MultiPoint"",""coordinates"":[]}"
587_0,3,1199.5,1047.0,359.5,425.5,529.0,599.5,603.0,656.5,707.0,718.0,1987.5,1810.5,683.0,876.5,1050.5,1148.0,1182.0,1251.0,1324.5,1327.0,2159.5,1966.0,728.0,938.0,1120.5,1228.5,1255.5,1323.5,1390.0,1423.5,2612.5,2382.5,1106.5,1359.0,1575.5,1691.0,1710.5,1763.5,1861.0,1893.0,2810.0,2600.0,1206.0,1428.0,1650.0,1769.0,1852.0,1923.0,2029.0,2017.0,2493.0,2323.0,1135.0,1403.0,1650.0,1769.0,1803.0,1887.0,1971.0,2011.0,383.0,339.0,893.0,1087.0,1134.0,1236.0,896.0,941.0,958.0,739.0,452.0,420.0,914.0,1145.0,1224.0,1366.0,1035.0,1064.0,1022.0,894.0,202.0,160.0,576.0,828.0,868.0,1038.0,785.0,866.0,757.0,655.0,209.0,160.5,506.0,815.5,828.5,1036.0,769.5,852.5,763.0,652.0,267.5,207.5,400.5,689.0,610.0,938.5,837.0,941.5,811.5,700.0,1367.0,1204.0,451.0,560.0,694.0,757.0,779.0,817.0,931.0,914.0,858.0,490.0,389.0,644.0,462.0,994.0,1558.0,1984.0,1844.0,1723.0,930.0,500.0,147.0,367.0,184.0,661.0,1756.0,2232.0,2168.0,1923.0,1031.0,542.0,147.0,356.0,162.0,608.0,2158.0,2787.0,2801.0,2664.0,1238.0,617.0,290.0,512.0,277.0,848.0,2430.0,3048.0,3107.0,2987.0,1242.0,653.0,318.0,696.0,395.0,1146.0,2487.0,2985.0,3136.0,2999.0,1282.5,712.0,382.0,817.5,609.5,1414.5,2535.0,2847.0,3027.5,3004.0,1833.0,1128.0,801.0,1245.0,1401.0,2058.0,2739.0,3029.0,3264.0,3283.0,2249.5,1433.0,752.0,1202.0,1434.5,2081.0,2675.0,2968.5,3299.5,3308.0,3396.0,2329.0,1060.0,1539.0,2088.0,2552.0,2830.0,3018.0,3453.0,3411.0,2919.5,2056.5,1001.0,1411.0,1989.5,2261.0,2453.0,2595.0,2854.0,2931.5,1482.0,1152.0,548.0,634.0,756.0,801.0,821.0,882.0,964.0,951.0,3231.0,2514.0,979.0,1317.0,1838.0,2099.0,2308.0,2421.0,2551.0,2735.0,3152.0,2422.5,1043.5,1320.5,1764.0,2003.5,2093.0,2247.0,2472.5,2514.0,2854.5,2339.0,839.0,1060.0,1362.0,1579.0,1639.5,1785.0,1943.5,1982.0,2800.0,2238.0,893.0,1075.0,1373.0,1541.0,1607.0,1721.0,1906.0,1929.0,2376.0,1658.0,781.0,941.0,1218.0,1379.0,1436.0,1574.0,1774.0,1736.0,0.0,0.0,0.0,0.0,0.0,0.0,0.0,0.0,0.0,0.0,2244.0,2041.0,783.0,1019.0,1223.0,1336.0,1367.0,1425.0,1532.0,1477.0,541.0,472.0,290.0,274.0,297.0,311.0,318.0,362.0,322.0,360.0,2479.0,2271.0,864.0,1161.0,1378.0,1513.0,1540.0,1584.0,1693.0,1736.0,2645.0,2472.0,1065.0,1308.0,1526.0,1634.0,1670.0,1738.0,1897.0,1846.0,1978.0,1749.0,551.0,718.0,904.0,1000.0,974.0,1051.0,1116.0,1144.0,1789.0,1624.0,573.0,731.0,874.0,963.0,1001.0,1080.0,1129.0,1156.0,1865.0,1708.0,631.5,782.5,932.0,1005.5,1064.0,1119.0,1208.0,1187.0,"{""type"":""MultiPoint"",""coordinates"":[]}"
588_0,3,1007.5,838.0,328.5,403.0,484.0,546.5,548.5,582.5,631.0,632.0,1901.0,1662.5,744.0,955.0,1097.0,1191.5,1230.0,1287.5,1355.0,1368.0,2063.5,1795.0,807.5,1017.5,1161.0,1271.5,1298.5,1369.0,1429.0,1433.5,2485.5,2195.0,1128.5,1395.0,1585.5,1694.5,1721.5,1771.0,1850.5,1860.0,2618.0,2345.0,1250.0,1471.0,1669.0,1806.0,1824.0,1925.0,2020.0,1978.0,2358.0,2103.0,1233.0,1470.0,1635.0,1719.0,1709.0,1725.0,1816.0,1783.0,1834.0,1732.0,1234.0,1470.0,1635.0,1719.0,1709.0,1725.0,1816.0,1783.0,338.0,320.0,836.0,1053.0,1136.0,1302.0,1035.0,1093.0,1064.0,922.0,283.0,236.0,671.0,994.0,1029.0,1265.0,987.0,1035.0,963.0,879.0,263.0,214.5,632.0,944.5,988.0,1204.5,889.5,954.0,891.5,758.0,296.0,228.0,552.5,853.5,868.5,1087.0,898.5,1017.5,921.5,767.0,1260.0,1080.5,494.0,586.0,687.5,738.5,754.5,785.5,877.0,860.5,773.0,482.0,431.0,720.0,635.0,993.0,1486.0,1774.0,1627.0,1583.0,964.0,535.0,200.0,463.0,278.0,731.0,1799.0,2307.0,2289.0,2231.0,1138.0,567.0,200.0,400.0,225.0,672.0,2078.0,2833.0,2709.0,2782.0,1384.0,700.0,317.0,555.0,328.0,843.0,2540.0,3214.0,3184.0,3234.0,1372.0,717.0,317.0,643.0,378.0,1109.0,2562.0,3173.0,3234.0,3234.0,1394.5,746.0,369.5,766.0,535.0,1385.5,2632.5,3015.5,3109.0,3075.5,1651.0,1026.0,791.0,1213.0,1201.0,1954.0,2757.0,2992.0,3287.0,3304.0,2307.5,1482.5,726.0,1156.5,1402.5,2030.0,2643.5,2920.5,3235.5,3266.5,2661.0,1857.0,804.0,1265.0,1653.0,2261.5,2607.0,2862.5,3210.5,3255.5,2836.0,1933.0,898.0,1353.0,1941.0,2352.0,2505.0,2729.0,2892.0,3029.0,1311.0,1138.0,545.0,623.0,725.0,776.0,767.0,811.0,899.0,855.0,3497.0,2608.0,1030.0,1428.0,1993.0,2340.0,2437.0,2655.0,2733.0,2907.0,3330.0,2495.0,1082.5,1391.0,1863.0,2133.5,2280.0,2427.0,2629.0,2738.0,3021.0,2346.5,852.5,1093.0,1456.5,1664.5,1764.5,1902.5,2113.5,2160.5,3132.0,2506.0,923.0,1159.0,1476.0,1682.0,1809.0,1927.0,2101.0,2211.0,2648.0,1635.0,751.0,899.0,1231.0,1405.0,1551.0,1643.0,1844.0,1860.0,575.0,347.0,490.0,482.0,530.0,565.0,600.0,647.0,751.0,721.0,2222.0,1969.0,830.0,1077.0,1291.0,1393.0,1413.0,1481.0,1604.0,1593.0,1973.0,1758.0,902.0,1036.0,1198.0,1282.0,1320.0,1354.0,1431.0,1383.0,2441.0,2198.0,998.0,1264.0,1477.0,1621.0,1624.0,1634.0,1767.0,1770.0,1775.0,1499.0,891.0,997.0,1097.0,1253.0,1250.0,1346.0,1284.0,1463.0,1652.0,1391.5,522.5,681.5,830.5,887.5,883.0,938.0,1035.0,1034.0,1707.0,1507.0,687.0,815.0,929.0,1011.0,1063.0,1130.0,1165.0,1174.0,1771.5,1553.0,698.0,857.0,986.5,1062.5,1089.5,1150.5,1225.5,1215.0,"{""type"":""MultiPoint"",""coordinates"":[]}"
589_0,3,1641.5,1370.0,568.5,709.5,922.5,1020.5,1038.0,1115.5,1198.5,1193.5,2378.5,2092.5,1009.5,1282.5,1524.0,1628.0,1657.0,1723.0,1841.0,1802.5,2332.5,2054.0,870.0,1122.5,1361.0,1466.0,1517.0,1568.5,1654.5,1660.0,2242.5,1985.5,928.0,1150.0,1390.0,1485.5,1538.0,1564.5,1676.5,1648.5,428.0,384.0,848.0,1076.0,1111.0,1333.0,1029.0,1026.0,1025.0,839.0,434.0,397.0,874.0,1119.0,1197.0,1333.0,1038.0,1050.0,1086.0,874.0,322.0,271.0,623.0,873.0,909.0,1227.0,982.0,1040.0,998.0,855.0,508.0,357.0,623.0,871.0,847.0,1189.0,1191.0,1274.0,1171.0,1061.0,634.0,427.0,593.0,815.0,736.0,1162.0,1427.0,1576.0,1401.0,1302.0,708.5,439.0,313.5,515.5,367.0,928.0,1473.0,1717.0,1539.5,1418.5,1095.5,617.0,275.5,559.5,369.5,974.5,2261.5,2666.5,2578.0,2488.0,1880.5,1602.0,702.0,858.0,1076.5,1172.0,1201.5,1260.0,1343.5,1355.5,1261.0,699.0,272.0,573.0,379.0,987.0,2475.0,3114.0,3003.0,2968.0,1202.0,640.0,183.0,483.0,296.0,876.0,2513.0,3151.0,3051.0,2968.0,1202.0,635.0,182.0,452.0,268.0,842.0,2768.0,3474.0,3455.0,3494.0,1321.0,659.0,309.0,656.0,333.0,1069.0,2906.0,3529.0,3550.0,3534.0,1504.0,757.0,346.0,845.0,445.0,1418.0,3199.0,3647.0,3801.0,3795.0,1592.0,858.0,409.0,968.5,555.0,1616.5,3055.5,3362.5,3529.5,3519.0,1899.0,1022.0,709.0,1263.0,1124.0,2071.0,2861.0,3162.0,3368.0,3374.0,2172.5,1339.5,648.0,1223.5,1197.5,2096.5,2785.5,3064.0,3306.0,3389.5,3152.5,2197.0,983.0,1451.5,1817.0,2306.5,2706.0,2954.5,3280.0,3301.0,2715.0,1864.0,823.0,1097.0,1539.0,1873.0,1924.0,2136.0,2113.0,2277.0,1707.0,1440.0,491.0,691.0,929.0,1036.0,1060.0,1117.0,1225.0,1255.0,2697.0,2042.0,784.0,1083.0,1466.0,1728.0,1794.0,1931.0,1984.0,2188.0,2610.0,2041.5,854.5,1067.5,1399.0,1619.0,1688.0,1817.0,1912.0,2006.5,2318.5,1881.5,653.0,828.5,1082.5,1235.0,1285.5,1397.5,1505.0,1542.0,2468.0,2109.0,763.0,901.0,1167.0,1339.0,1353.0,1477.0,1565.0,1641.0,2045.0,1530.0,544.0,665.0,894.0,985.0,1040.0,1162.0,1299.0,1280.0,714.0,572.0,705.0,555.0,546.0,592.0,647.0,688.0,791.0,786.0,1650.0,1394.0,532.0,711.0,908.0,1015.0,1010.0,1094.0,1166.0,1150.0,700.0,576.0,395.0,398.0,451.0,473.0,485.0,535.0,521.0,541.0,2133.0,1889.0,761.0,1002.0,1229.0,1312.0,1338.0,1441.0,1505.0,1513.0,1820.0,1593.0,958.0,1143.0,1309.0,1428.0,1450.0,1513.0,1659.0,1581.0,1803.0,1524.0,570.0,682.0,902.0,972.0,966.0,1012.0,1108.0,1098.0,1860.0,1586.0,675.0,816.0,1001.0,1082.0,1116.0,1170.0,1262.0,1265.0,2075.0,1848.5,752.0,943.5,1156.5,1258.0,1282.0,1355.0,1459.5,1453.0,"{""type"":""MultiPoint"",""coordinates"":[]}"
590_0,3,2632.0,2266.0,1951.5,1883.0,1962.5,2078.5,2144.5,2179.5,2394.0,2248.0,2675.0,2489.0,807.0,1105.0,1464.0,1626.0,1671.0,1766.0,1888.0,1896.0,2410.0,2215.0,592.0,858.0,1218.0,1344.0,1394.0,1479.0,1612.0,1638.0,237.0,216.0,290.5,441.0,401.0,487.5,243.0,257.5,243.0,148.0,335.5,334.5,434.0,572.5,579.5,713.0,461.0,629.5,467.0,452.0,318.5,249.5,262.0,422.5,369.0,587.0,576.5,658.0,573.0,548.0,798.0,662.0,265.0,488.0,325.0,798.0,1227.0,1283.0,1152.0,1219.0,965.0,585.0,215.0,429.0,263.0,702.0,1575.0,1810.0,1893.0,1854.0,1195.0,618.0,119.0,283.0,105.0,530.0,2213.0,2894.0,2725.0,2854.0,1301.0,626.0,37.5,225.5,5.5,453.0,2484.5,3788.5,3760.0,3876.5,1355.0,612.5,32.0,233.5,20.5,461.0,2705.5,4267.0,4238.0,4325.0,2136.0,1911.0,1195.0,1145.5,1221.0,1278.5,1317.0,1368.0,1533.5,1440.5,1422.5,655.5,41.0,263.0,23.0,543.5,2939.0,4554.5,4571.0,4740.5,1525.0,703.5,193.0,734.0,288.5,1290.5,3584.5,4685.5,4810.0,4965.5,1633.0,799.0,535.0,919.0,650.0,1472.0,3491.0,4325.0,4409.0,4643.0,1716.0,928.0,667.0,1083.0,962.0,1821.0,3198.0,3763.0,3925.0,4022.0,1803.0,1005.0,618.0,1108.0,1036.0,1894.0,2972.0,3371.0,3743.0,3694.0,3087.0,2013.0,711.0,1230.0,1395.0,2217.0,2972.0,3347.0,3561.0,3679.0,4709.5,3397.5,1222.5,1668.0,2386.5,2809.0,3148.0,3439.0,3740.5,3925.0,4589.0,3381.0,1142.0,1564.0,2314.0,2665.0,2933.5,3201.5,3549.5,3596.0,4348.0,3178.0,1062.5,1461.0,2156.0,2501.0,2758.5,3027.5,3433.0,3490.0,3867.0,3003.0,999.0,1294.0,1789.0,2130.0,2320.0,2521.0,2705.0,2866.0,2171.0,1923.5,525.5,711.0,956.0,1075.5,1175.5,1283.0,1400.0,1419.5,3501.5,2817.5,745.0,1025.5,1364.5,1645.5,1844.5,2005.5,2146.5,2305.0,2693.0,2335.0,1187.0,1294.0,1452.0,1642.0,1720.0,1858.5,1901.5,1960.5,3243.5,2901.0,750.0,856.0,1071.5,1294.5,1466.5,1629.5,1756.0,1817.5,2885.5,2562.5,696.0,801.5,972.0,1184.5,1332.5,1476.5,1578.0,1647.0,2578.0,1943.0,535.0,667.0,863.0,1103.0,1267.0,1362.0,1524.0,1604.0,0.0,0.0,0.0,0.0,0.0,0.0,0.0,0.0,0.0,0.0,1919.0,1546.0,381.0,560.0,810.0,995.0,1044.0,1180.0,1296.0,1313.0,2258.0,1962.0,516.0,700.0,948.0,1151.0,1295.0,1379.0,1456.0,1524.0,2439.0,2061.0,590.0,813.0,1069.0,1285.0,1546.0,1593.0,1753.0,1831.0,2391.5,2015.0,686.0,872.5,1097.0,1311.0,1549.5,1713.5,1840.0,1853.5,2194.0,2015.0,649.0,809.0,1056.0,1203.0,1300.0,1431.0,1503.0,1572.0,2202.0,2115.0,623.0,797.0,1090.0,1203.0,1292.0,1394.0,1490.0,1540.0,2272.5,2143.0,677.5,882.0,1181.5,1307.0,1378.5,1467.5,1597.5,1594.0,"{""type"":""MultiPoint"",""coordinates"":[]}"
591_0,3,2052.0,1738.0,631.5,802.5,1069.0,1190.0,1227.5,1292.0,1420.0,1426.0,2649.5,2248.0,1015.0,1334.0,1677.0,1838.0,1868.0,1958.0,2088.0,2063.5,2722.5,2305.0,946.5,1270.0,1630.0,1780.0,1790.0,1856.0,1998.5,2004.0,2654.0,2287.5,939.5,1245.0,1576.0,1715.5,1744.5,1807.0,1922.5,1934.0,401.0,369.0,774.5,1029.0,1137.5,1374.5,1121.0,1173.5,992.5,982.0,255.5,204.0,718.5,1027.5,1108.0,1278.0,1052.5,1140.0,1099.0,945.0,558.0,482.0,550.5,900.0,801.0,1308.0,1270.0,1396.0,1311.5,1168.5,1329.5,849.5,440.0,816.5,461.5,1198.0,2510.0,2824.5,2756.0,2690.0,1752.5,929.5,269.5,671.0,322.0,1133.5,3283.5,4067.0,4038.5,4023.5,1758.5,920.0,301.0,664.5,406.0,1165.5,3163.5,3968.5,4012.0,4134.0,1613.0,820.0,254.0,606.0,352.0,1080.0,3098.5,3933.5,4024.5,4139.5,2311.0,2010.5,680.0,904.5,1177.5,1339.5,1378.5,1461.5,1539.5,1597.5,1559.5,781.5,208.0,544.5,286.0,1012.5,3085.5,4003.0,4120.0,4230.0,1434.0,683.0,202.0,503.5,261.0,956.0,3147.5,4025.5,4193.5,4319.0,1491.5,688.0,259.0,612.5,276.5,1062.5,3319.0,4132.0,4266.5,4411.5,1829.0,926.0,482.5,1027.0,529.5,1675.5,3773.0,4352.5,4523.5,4671.0,1831.0,960.0,455.0,1041.5,614.0,1771.5,3418.5,3946.5,4239.0,4228.5,1907.0,1065.0,551.0,1213.0,975.0,2189.0,3288.0,3619.0,3843.0,3937.0,2281.0,1294.0,912.5,1624.0,1556.0,2621.0,3385.5,3667.5,4005.0,4041.5,2679.5,1639.5,962.0,1571.0,1875.5,2704.5,3174.5,3459.0,3779.0,3946.0,3817.0,2545.0,1032.0,1515.5,2147.0,2707.5,2959.0,3232.0,3629.5,3691.0,2320.0,1716.0,710.5,1004.5,1468.0,1716.5,1781.0,1899.0,2002.5,2102.5,2207.0,1885.5,589.0,825.0,1103.0,1238.5,1315.0,1384.0,1512.5,1522.5,2641.0,2042.5,812.0,1106.0,1545.0,1764.0,1814.5,1927.0,2057.0,2133.0,2715.0,2121.0,1089.0,1302.0,1653.0,1858.0,1920.5,1993.5,2158.0,2202.0,2355.5,1931.5,667.0,857.5,1147.5,1297.5,1346.0,1443.5,1568.0,1617.0,2530.5,2047.0,716.0,917.5,1199.0,1376.0,1407.5,1524.0,1611.0,1672.5,2120.0,1564.5,539.0,667.5,939.5,1062.0,1140.0,1213.0,1388.5,1366.5,1557.5,1237.5,598.5,752.0,926.0,1030.0,1057.0,1128.5,1197.5,1208.5,1995.5,1713.5,626.0,811.5,1066.5,1140.5,1220.5,1277.5,1401.5,1371.0,2080.0,1810.5,689.5,828.5,1044.0,1138.5,1151.0,1242.5,1359.0,1349.5,2427.0,2111.0,788.0,998.5,1267.5,1380.0,1434.0,1507.0,1621.5,1634.5,2510.0,2138.5,846.0,1054.0,1328.5,1443.5,1459.0,1535.0,1709.0,1679.5,2241.0,1889.5,741.5,907.0,1134.5,1253.0,1277.0,1376.5,1482.5,1493.0,2117.5,1798.0,674.0,863.5,1115.5,1200.5,1231.0,1324.5,1454.5,1447.5,2414.5,2087.0,861.0,1166.5,1480.5,1580.0,1639.5,1721.0,1843.5,1800.0,"{""type"":""MultiPoint"",""coordinates"":[]}"
592_0,3,2474.0,2062.0,780.0,952.5,1282.5,1516.5,1520.5,1624.0,1703.0,1792.5,2261.0,1944.5,788.0,1002.0,1302.0,1436.5,1467.5,1562.0,1660.5,1667.5,2429.5,2111.0,862.5,1127.0,1458.5,1606.0,1616.5,1682.5,1775.0,1793.5,2544.0,2227.5,933.5,1229.0,1568.0,1694.5,1740.0,1821.0,1899.0,1893.5,1450.0,1345.5,890.0,1115.5,1399.0,1467.5,1516.5,1544.5,1683.5,1598.5,367.5,364.0,774.0,981.0,1044.5,1180.5,862.0,951.5,924.5,853.0,523.0,372.0,541.0,785.0,674.0,963.0,1078.0,1190.0,1185.0,1100.0,1201.5,760.5,433.0,678.5,462.0,943.5,2051.5,2335.0,2252.0,2224.5,1565.0,791.0,209.5,515.5,199.0,801.5,3296.5,4135.5,4297.5,4119.0,1906.5,1020.0,194.5,557.5,305.0,962.0,3357.0,4607.5,4800.0,4813.5,1812.0,889.5,172.0,392.0,239.5,717.5,2946.5,4430.0,4671.0,4793.0,2734.5,2327.5,819.5,1035.5,1347.5,1563.5,1559.0,1691.5,1713.0,1814.5,1776.0,857.5,167.0,360.0,215.5,665.0,2960.0,4449.0,4662.5,4853.5,1567.0,726.5,104.0,323.5,127.5,585.5,3116.5,4685.0,4918.5,5070.5,1561.5,722.5,236.0,563.5,281.0,1019.5,3308.0,4690.0,4843.5,5052.5,1726.0,867.5,459.5,875.5,541.5,1499.5,3739.5,4798.0,5047.0,5127.0,1848.0,969.0,511.0,1016.0,716.0,1724.5,3763.0,4642.5,5059.5,5016.0,2349.0,1334.0,660.0,1315.0,1222.0,2315.0,3926.0,4541.0,4943.0,5024.0,3106.0,1938.0,1032.0,1690.0,2081.0,2968.0,4108.0,4650.5,5149.5,5210.0,4066.5,2848.5,1229.0,1751.0,2409.0,3078.0,3550.0,3867.5,4258.5,4376.5,3902.5,2742.0,1254.0,1762.5,2540.5,2996.0,3263.5,3501.0,3885.0,3958.0,3793.5,2633.5,1313.0,1822.0,2680.0,3112.5,3275.5,3589.0,3819.0,4048.0,2551.0,2191.0,741.0,955.0,1277.0,1506.0,1465.0,1584.0,1695.0,1687.0,3578.5,2565.0,1174.5,1582.5,2223.0,2601.5,2779.5,2964.0,3285.5,3361.5,3377.5,2434.0,1194.5,1539.5,2088.5,2459.5,2584.0,2814.5,3087.5,3138.5,2997.0,2333.5,869.0,1077.0,1452.5,1675.0,1780.5,1920.0,2156.5,2184.5,2955.0,2327.0,863.5,1039.0,1384.5,1608.5,1705.0,1846.5,2015.0,2061.0,1690.0,1449.0,515.0,661.0,919.5,1015.0,1078.0,1131.5,1290.0,1281.0,0.0,0.0,0.0,0.0,0.0,0.0,0.0,0.0,0.0,0.0,2493.0,2140.0,715.5,911.5,1219.5,1371.5,1349.0,1424.0,1507.5,1570.0,2475.0,2080.0,811.0,942.0,1176.0,1335.0,1319.0,1412.0,1508.0,1545.0,2483.0,2083.0,837.0,1026.0,1327.0,1487.0,1531.0,1591.0,1696.0,1788.0,2737.5,2256.0,864.5,998.5,1313.0,1440.5,1392.5,1436.5,1551.5,1659.0,2764.0,2298.0,926.5,1049.0,1326.0,1460.5,1467.5,1543.0,1643.0,1709.5,2713.0,2367.0,972.5,1116.5,1350.5,1498.5,1548.5,1640.0,1727.5,1750.5,2341.0,2005.0,737.0,1008.0,1308.0,1464.0,1491.0,1553.0,1690.0,1723.0,"{""type"":""MultiPoint"",""coordinates"":[]}"
593_0,3,1575.5,1286.5,554.0,671.5,853.5,946.0,990.0,1046.5,1115.0,1139.5,2403.0,2075.5,1033.0,1312.0,1546.0,1661.0,1690.5,1768.5,1855.5,1831.5,2496.5,2163.0,1088.0,1394.5,1612.5,1730.0,1766.0,1822.5,1906.0,1897.0,2263.0,2004.0,1098.0,1395.5,1613.0,1685.5,1715.0,1726.0,1855.5,1828.5,385.0,366.0,885.0,1297.0,1359.0,1489.0,1015.0,1022.0,950.0,751.0,385.0,366.0,829.0,1129.0,1231.0,1484.0,1121.0,1224.0,1117.0,994.0,388.0,314.0,601.0,967.0,969.0,1350.0,1121.0,1224.0,1117.0,952.0,493.0,390.0,538.0,810.0,747.0,1181.0,1244.0,1402.0,1250.0,1126.0,468.0,369.0,440.0,699.0,624.0,1111.0,1122.0,1273.0,1151.0,1000.0,447.0,343.0,301.0,468.0,429.0,901.0,990.0,1155.0,1065.5,890.0,531.5,370.0,234.5,369.5,302.5,765.0,1116.5,1278.5,1175.0,1019.0,1760.0,1468.0,621.0,802.0,976.0,1071.0,1128.0,1146.0,1247.0,1285.0,716.0,477.0,270.0,479.0,351.0,820.0,1587.0,1794.0,1676.0,1485.0,810.0,507.0,243.0,447.0,273.0,828.0,1731.0,2064.0,1901.0,1769.0,985.0,575.0,260.0,555.0,381.0,996.0,2213.0,2513.0,2401.0,2431.0,1079.0,635.0,422.0,713.0,581.0,1238.0,2348.0,2647.0,2591.0,2551.0,2466.0,1434.0,660.0,1085.0,1282.0,1872.0,2575.0,2925.0,3103.0,3163.0,2731.0,1758.5,706.5,1126.5,1513.5,2013.0,2549.0,2787.0,2995.0,3155.0,3592.5,2517.5,1198.0,1561.0,2038.0,2432.0,2748.0,2970.5,3257.0,3361.0,3410.0,2529.0,1057.0,1392.0,1909.0,2172.5,2344.5,2579.5,2899.0,2939.0,3154.5,2396.5,991.0,1334.5,1829.0,1984.5,2184.5,2287.5,2706.5,2632.5,1184.0,891.0,317.0,485.0,629.0,687.0,712.0,781.0,857.0,874.0,1646.0,1360.0,469.0,666.0,860.0,955.0,993.0,1054.0,1136.0,1148.0,1627.0,1369.0,475.0,643.0,808.0,914.0,977.0,1010.0,1002.0,1121.0,1607.5,1341.5,561.5,694.0,845.5,926.0,953.5,1011.5,1058.0,1085.5,1730.0,1456.5,552.5,754.5,929.0,1020.5,1034.5,1116.5,1209.5,1198.0,2127.0,1900.0,860.0,1052.0,1228.0,1373.0,1384.0,1469.0,1507.0,1533.0,1021.0,851.0,270.0,362.0,470.0,508.0,538.0,592.0,635.0,630.0,1123.0,943.0,1113.0,1031.0,971.0,984.0,1001.0,1022.0,1276.0,1060.0,1615.0,1257.0,549.0,749.0,925.0,993.0,1036.0,1073.0,1210.0,1185.0,1950.0,1646.0,826.0,969.0,1100.0,1190.0,1217.0,1283.0,1383.0,1345.0,2395.0,2003.0,953.0,1225.0,1427.0,1554.0,1564.0,1635.0,1750.0,1707.0,1870.0,1795.0,1162.0,1381.0,1513.0,1665.0,1718.0,1795.0,1721.0,1875.0,1493.0,1228.0,430.0,556.0,705.0,781.0,800.0,888.0,908.0,930.0,1928.0,1645.0,770.0,970.0,1102.0,1191.0,1230.0,1287.0,1374.0,1392.0,2088.0,1795.5,801.0,1007.5,1196.5,1285.0,1330.5,1392.5,1507.0,1501.0,"{""type"":""MultiPoint"",""coordinates"":[]}"
594_0,3,1876.0,1570.5,515.0,678.5,933.0,1052.0,1073.5,1183.0,1279.0,1313.5,2243.5,1943.0,839.5,1097.0,1370.0,1492.5,1524.5,1590.5,1686.5,1680.5,2373.0,2048.0,809.5,1056.5,1354.5,1487.0,1530.0,1613.0,1699.0,1716.5,2283.5,1984.5,794.0,1034.0,1306.5,1441.5,1497.0,1587.0,1636.5,1674.0,280.0,246.5,408.5,614.5,692.5,829.5,651.0,728.5,666.5,607.5,365.0,301.5,472.5,705.0,737.0,953.5,869.0,950.0,914.0,766.0,785.0,526.0,458.5,686.5,564.5,971.5,1329.0,1414.0,1343.0,1357.5,1286.5,798.5,331.5,668.0,386.5,997.5,2427.5,2702.0,2769.5,2658.0,1565.0,787.5,209.5,547.0,223.5,968.5,3230.5,4078.0,4191.5,4246.5,1851.5,963.0,212.0,563.5,342.5,1047.0,3129.0,4006.0,4074.5,4278.5,1755.0,871.5,178.5,374.5,244.0,746.0,2781.5,3924.0,4078.0,4299.5,2215.0,1823.0,590.5,792.5,1065.0,1234.0,1222.5,1307.0,1397.5,1536.0,1802.0,883.0,181.5,401.0,250.5,790.5,2932.5,4064.5,4114.5,4419.0,1794.5,888.0,177.0,483.0,262.0,942.5,3189.5,4357.5,4584.0,4716.5,1844.5,924.0,365.0,803.5,488.5,1407.5,3476.0,4469.0,4691.5,4820.5,2049.0,1111.5,572.5,1078.5,820.5,1896.5,3658.0,4431.0,4657.0,4778.0,2194.0,1227.5,631.0,1170.5,1017.5,2046.5,3602.0,4155.5,4559.5,4555.5,2458.0,1449.0,661.0,1240.0,1261.0,2191.0,3521.0,3954.0,4321.0,4413.0,3320.0,2154.5,1095.5,1517.0,1803.5,2545.5,3338.5,3779.0,4141.0,4335.5,3900.0,2688.5,1094.5,1530.5,2121.0,2624.5,2976.5,3279.0,3669.5,3734.5,3341.5,2452.0,897.5,1328.5,1926.5,2222.0,2506.0,2741.5,3147.5,3049.5,2335.5,1833.0,777.5,1053.0,1493.5,1701.5,1795.0,1921.5,2036.0,2108.5,2003.5,1662.5,488.0,706.0,985.5,1105.0,1199.5,1211.0,1366.0,1417.5,2381.5,1868.5,792.0,1083.0,1473.0,1671.0,1759.5,1875.0,2030.5,2065.5,2190.5,1720.0,902.5,1118.0,1454.0,1623.0,1663.5,1786.0,1953.0,1972.5,2116.5,1687.5,710.0,879.0,1158.0,1308.0,1371.0,1488.0,1599.5,1617.0,2249.5,1862.0,779.5,933.5,1210.0,1382.0,1438.0,1550.0,1632.5,1661.0,1875.0,1483.5,594.5,744.5,997.0,1085.0,1155.0,1221.0,1421.5,1353.5,0.0,0.0,0.0,0.0,0.0,0.0,0.0,0.0,0.0,0.0,1906.0,1578.0,484.0,647.5,883.0,1056.5,1090.0,1098.5,1222.5,1286.5,1989.0,1650.5,583.5,716.0,919.0,1034.5,1087.0,1185.0,1296.5,1309.0,2268.5,1868.5,701.5,890.0,1101.5,1269.5,1404.0,1485.5,1582.5,1621.5,2296.5,1871.5,669.0,883.0,1120.0,1298.5,1410.5,1486.5,1634.5,1655.5,2174.0,1740.0,679.0,812.0,1000.5,1188.0,1341.0,1443.5,1542.5,1601.5,1943.5,1683.5,528.5,704.0,919.0,1046.5,1103.5,1215.5,1285.0,1310.5,2033.5,1800.5,613.0,805.0,1035.5,1135.0,1182.0,1272.5,1378.5,1375.0,"{""type"":""MultiPoint"",""coordinates"":[]}"
595_0,3,1852.5,1513.5,618.5,788.5,1042.5,1154.0,1261.5,1339.5,1412.0,1439.5,2542.0,2209.0,1000.5,1323.0,1584.0,1666.5,1767.0,1880.5,1984.0,1977.0,2472.5,2080.0,869.0,1186.0,1448.0,1549.0,1585.0,1672.0,1764.5,1781.5,486.5,361.5,528.5,763.0,865.0,989.5,803.0,908.5,880.5,830.0,519.0,414.0,816.0,1060.0,1159.0,1319.0,1241.0,1373.0,1170.0,1192.0,584.0,414.0,816.0,1060.0,1159.0,1319.0,1241.0,1373.0,1358.0,1268.0,407.0,310.0,570.0,871.0,883.0,1196.0,1147.0,1322.0,1149.0,1100.0,586.0,455.0,570.0,871.0,848.0,1205.0,1264.0,1399.0,1399.0,1177.0,593.0,456.0,401.0,708.0,569.0,1000.0,1179.0,1327.0,1275.0,1204.0,822.0,511.5,234.0,488.0,302.0,798.0,1868.5,2187.0,2180.5,2090.5,1201.0,658.5,155.0,391.0,247.0,825.5,2003.0,2633.0,2681.0,2666.5,2065.0,1710.5,735.5,940.5,1181.0,1282.5,1408.5,1488.0,1610.0,1609.0,1238.0,688.0,168.0,369.0,232.0,659.0,1996.0,2671.0,2765.0,2735.0,1415.0,703.0,119.0,384.0,135.0,701.0,2666.0,3510.0,3580.0,3583.0,1427.0,703.0,259.0,634.0,305.0,1071.0,2868.0,3754.0,3789.0,3915.0,1505.0,769.0,452.0,883.0,651.0,1544.0,3044.0,3631.0,3748.0,3808.0,1807.0,1041.0,530.0,992.0,1035.0,1880.0,2745.0,3114.0,3405.0,3435.0,2169.0,1363.0,650.0,1081.5,1349.0,2018.0,2597.0,2957.0,3189.0,3291.5,3888.0,2693.5,1299.0,1729.5,2171.5,2595.5,2936.5,3219.0,3519.0,3633.5,3014.5,2274.5,1017.0,1346.5,1727.0,1895.5,2067.0,2220.5,2433.0,2474.0,2403.0,1921.0,710.0,954.0,1311.0,1488.0,1540.0,1766.0,1814.0,1890.0,1675.0,1348.5,517.5,681.0,871.0,1011.5,1041.0,1126.0,1133.5,1201.5,2008.5,1672.0,652.5,882.0,1141.0,1224.0,1324.0,1441.5,1538.0,1544.0,1868.0,1525.0,487.0,675.0,891.0,1057.0,1095.0,1187.0,1180.0,1260.0,1709.5,1356.0,564.0,732.0,894.5,995.0,1123.5,1211.0,1227.0,1270.0,1859.0,1562.5,471.5,699.0,911.0,1002.0,1127.0,1181.5,1304.5,1281.0,2141.5,1870.5,668.0,870.5,1095.5,1212.0,1303.0,1431.5,1459.5,1486.5,1566.0,1309.0,399.0,559.0,732.0,781.0,860.0,955.0,1027.0,1039.0,0.0,0.0,0.0,0.0,0.0,0.0,0.0,0.0,0.0,0.0,1904.0,1588.0,586.0,824.0,1051.0,1118.0,1188.0,1332.0,1384.0,1371.0,277.0,207.0,230.0,201.0,195.0,197.0,232.0,207.0,231.0,224.0,2225.0,1879.0,736.0,1000.0,1238.0,1323.0,1386.0,1488.0,1584.0,1622.0,2202.0,1851.5,792.5,1001.0,1226.0,1277.5,1358.5,1465.0,1575.5,1575.5,2002.0,1675.0,661.0,833.0,1035.0,1115.0,1145.0,1270.0,1351.0,1365.0,2013.0,1760.0,678.0,833.0,1035.0,1143.0,1240.0,1350.0,1431.0,1447.0,2151.0,1844.5,705.5,937.0,1151.0,1219.5,1333.0,1436.5,1545.5,1553.5,"{""type"":""MultiPoint"",""coordinates"":[]}"
596_0,3,1819.5,1549.5,496.0,640.0,885.5,1002.5,1034.0,1103.5,1158.5,1221.0,2553.0,2196.0,953.5,1259.5,1566.5,1707.5,1751.0,1818.5,1914.0,1930.0,2573.0,2212.5,856.0,1153.5,1487.5,1610.0,1594.5,1684.0,1778.5,1825.0,2518.5,2207.0,859.0,1139.0,1436.5,1566.0,1562.5,1655.0,1720.5,1760.0,237.0,213.0,733.0,954.5,1051.0,1203.0,1026.5,1082.5,1093.0,961.0,204.5,160.5,582.5,844.0,934.0,1105.5,980.0,1071.0,1065.5,966.5,736.5,496.0,588.5,900.5,852.5,1296.0,1658.5,1747.5,1550.5,1554.0,1263.5,856.5,534.5,895.0,700.5,1296.0,2339.5,2499.5,2409.5,2502.0,1557.5,839.5,324.0,691.0,357.5,1109.5,3115.5,3690.5,3674.0,3666.5,1634.5,875.5,282.0,653.5,373.0,1183.0,3052.0,3722.0,3749.0,3858.0,1518.0,789.0,251.0,610.5,355.5,1139.5,3037.0,3713.0,3800.5,3905.5,2091.5,1765.5,547.5,745.5,994.5,1164.0,1159.0,1253.0,1311.5,1338.0,1472.5,753.5,212.0,566.0,305.0,1079.0,3022.0,3698.5,3842.5,3970.5,1394.0,683.5,183.5,518.0,269.0,1011.0,2996.5,3725.5,3861.0,4034.5,1464.5,692.5,258.0,639.0,292.5,1110.5,3230.0,3846.0,3941.0,4109.0,1775.5,900.0,458.5,1015.0,513.5,1680.0,3536.5,4011.5,4166.0,4276.5,1787.0,952.0,441.5,1074.0,624.0,1743.0,3316.0,3682.5,3967.5,3968.5,1896.0,1041.0,550.0,1198.0,973.0,2142.0,3151.0,3413.0,3652.0,3765.0,2248.5,1282.5,876.5,1506.0,1568.5,2510.0,3171.5,3455.5,3746.5,3844.5,2638.5,1596.5,939.0,1516.5,1812.0,2640.5,3074.5,3362.5,3698.5,3806.0,4025.0,2709.0,1191.5,1619.5,2271.0,2745.0,3025.5,3316.0,3717.5,3786.0,3475.5,2438.0,987.0,1378.0,2063.5,2436.0,2554.0,2806.5,2968.5,3149.0,1933.5,1654.0,448.0,652.0,911.5,1042.0,1122.5,1152.0,1227.0,1262.5,2612.0,2023.5,801.5,1081.0,1513.0,1731.0,1779.0,1932.5,2033.5,2077.5,2707.0,2116.0,951.5,1204.5,1582.0,1784.5,1829.0,1948.5,2098.5,2120.5,2406.5,1957.0,688.5,883.5,1190.5,1360.0,1403.0,1517.0,1648.0,1686.0,2565.0,1942.0,736.0,960.0,1288.5,1418.0,1487.5,1625.5,1696.0,1765.5,2140.0,1507.5,541.5,698.0,972.5,1124.5,1164.5,1262.0,1429.5,1453.5,0.0,0.0,0.0,0.0,0.0,0.0,0.0,0.0,0.0,0.0,1722.5,1477.5,458.0,650.0,841.5,947.5,985.0,1026.0,1118.0,1164.0,1818.0,1596.0,561.0,669.0,857.5,957.0,953.5,1014.5,1093.5,1108.0,2192.0,1924.0,649.0,867.0,1118.5,1220.0,1268.0,1320.0,1390.0,1437.0,2240.0,1961.5,670.5,850.0,1092.5,1195.5,1181.0,1260.0,1378.5,1367.5,2090.5,1814.0,633.5,774.5,992.0,1105.0,1090.0,1161.5,1254.0,1281.0,2058.5,1788.5,649.5,798.5,1006.5,1132.5,1137.0,1221.5,1307.5,1340.0,2325.5,2046.0,792.5,1085.5,1367.5,1491.0,1512.5,1581.0,1688.5,1710.0,"{""type"":""MultiPoint"",""coordinates"":[]}"
597_0,3,1632.0,1359.0,527.5,648.0,848.0,982.0,994.5,1054.0,1124.0,1155.5,2227.0,1943.5,814.0,1080.5,1336.5,1453.5,1487.0,1562.5,1655.5,1636.5,2320.0,2035.0,835.5,1116.0,1368.0,1477.5,1528.0,1609.0,1675.5,1679.5,2234.5,1988.0,831.5,1093.5,1325.0,1430.0,1480.0,1536.5,1614.5,1630.5,368.0,336.0,880.0,1210.0,1232.0,1399.0,1015.0,991.0,941.0,786.0,368.0,336.0,984.0,1235.0,1250.0,1399.0,1110.0,1155.0,1091.0,1038.0,369.0,281.0,689.0,953.0,961.0,1282.0,1115.0,1230.0,1146.0,1038.0,572.0,523.0,588.0,844.0,772.0,1408.0,1301.0,1446.0,1386.0,1180.0,662.0,500.0,539.0,761.0,643.0,1184.0,1594.0,1755.0,1651.0,1546.0,743.5,507.5,329.0,544.0,450.5,1030.5,1616.0,1859.0,1705.5,1613.5,1145.5,666.5,250.0,496.0,315.5,928.5,2211.5,2719.5,2633.0,2543.0,1841.0,1547.0,614.0,787.0,980.0,1105.0,1138.0,1190.0,1261.0,1301.0,1268.0,669.0,215.0,481.0,253.0,869.0,2281.0,2800.0,2659.0,2633.0,1232.0,622.0,107.0,377.0,149.0,689.0,2544.0,3361.0,3277.0,3211.0,1232.0,608.0,107.0,359.0,137.0,660.0,2699.0,3716.0,3632.0,3678.0,1443.0,721.0,321.0,661.0,304.0,1053.0,3212.0,4116.0,4132.0,4167.0,1586.5,774.5,360.5,830.5,392.5,1326.5,3511.5,4301.5,4492.0,4456.5,1613.5,842.0,384.5,908.0,494.5,1524.5,3249.5,3712.5,3884.5,3923.5,1909.0,1009.0,743.0,1352.0,1081.0,2134.0,3249.0,3589.0,3814.0,3863.0,2336.5,1424.5,813.5,1443.0,1483.0,2660.5,3416.0,3603.0,3933.5,4050.5,3506.5,2475.5,1066.5,1572.5,2081.0,2758.0,2971.5,3255.0,3560.5,3607.0,2861.0,2134.0,762.0,1127.0,1597.0,1955.0,2051.0,2251.0,2310.0,2370.0,1684.0,1426.0,428.0,625.0,870.0,959.0,1051.0,1091.0,1158.0,1180.0,2760.0,2134.0,762.0,1123.0,1534.0,1803.0,1893.0,2013.0,2139.0,2261.0,2512.0,1942.5,773.0,1008.0,1338.5,1582.5,1668.0,1765.0,1884.5,2006.0,2427.0,1933.0,648.5,861.0,1140.5,1332.0,1398.0,1498.0,1658.0,1648.5,2557.0,2135.0,780.0,928.0,1233.0,1417.0,1482.0,1616.0,1716.0,1796.0,2144.0,1524.0,552.0,683.0,932.0,1089.0,1137.0,1273.0,1406.0,1417.0,0.0,0.0,0.0,0.0,0.0,0.0,0.0,0.0,0.0,0.0,1517.0,1199.0,439.0,606.0,788.0,894.0,934.0,982.0,1067.0,1065.0,1765.0,1521.0,562.0,699.0,873.0,1011.0,1066.0,1133.0,1123.0,1225.0,2152.0,1823.0,714.0,925.0,1158.0,1282.0,1353.0,1426.0,1485.0,1513.0,2288.0,1990.0,888.0,1079.0,1291.0,1413.0,1486.0,1573.0,1670.0,1648.0,1796.0,1517.0,517.0,652.0,860.0,981.0,1012.0,1049.0,1117.0,1128.0,2004.0,1727.0,670.0,887.0,1091.0,1201.0,1223.0,1349.0,1397.0,1427.0,2051.5,1769.5,742.5,932.0,1156.0,1256.0,1288.5,1358.5,1462.0,1438.5,"{""type"":""MultiPoint"",""coordinates"":[]}"
598_0,3,1394.0,1248.0,427.0,541.5,653.0,732.5,740.5,794.5,833.0,859.0,2181.0,2012.0,760.0,1009.0,1194.0,1301.0,1331.0,1414.0,1488.5,1466.5,2390.0,2211.5,834.5,1083.0,1308.5,1415.5,1446.5,1503.5,1571.5,1611.5,2856.0,2654.0,1153.0,1452.5,1716.0,1851.5,1866.0,1934.5,2014.5,2045.0,3083.0,2908.0,1304.0,1584.0,1844.0,1986.0,2050.0,2127.0,2238.0,2265.0,2797.0,2659.0,1261.0,1570.0,1844.0,1986.0,2035.0,2127.0,2138.0,2222.0,487.0,440.0,1045.0,1263.0,1342.0,1426.0,1018.0,1074.0,1052.0,821.0,487.0,440.0,1045.0,1263.0,1342.0,1426.0,1018.0,1074.0,1052.0,821.0,300.0,225.0,623.0,949.0,923.0,1209.0,867.0,979.0,864.0,731.0,278.5,205.5,499.5,867.0,792.5,1109.0,819.5,935.5,793.0,649.5,335.5,235.0,304.0,585.0,344.5,856.0,886.5,1022.5,890.5,715.5,1596.0,1445.0,529.0,702.0,827.0,911.0,919.0,952.0,1048.0,1023.0,797.0,463.0,306.0,545.0,360.0,868.0,1609.0,1890.0,1804.0,1642.0,868.0,476.0,146.0,346.0,157.0,653.0,1855.0,2270.0,2233.0,2035.0,1056.0,526.0,150.0,400.0,181.0,683.0,2234.0,2847.0,2835.0,2760.0,1328.0,681.0,334.0,621.0,338.0,1024.0,2683.0,3228.0,3277.0,3175.0,1339.0,705.0,338.0,784.0,457.0,1322.0,2651.0,2963.0,3190.0,3040.0,1347.5,774.5,425.0,904.5,761.0,1657.0,2459.0,2717.5,2872.5,2877.5,1905.5,1113.5,877.0,1329.0,1518.5,2139.0,2656.5,2936.5,3172.5,3187.0,2336.5,1512.5,864.5,1266.5,1580.0,2111.0,2515.5,2798.0,3083.5,3117.0,3004.0,2234.0,953.0,1364.0,1795.0,2106.0,2404.0,2621.0,2944.0,2903.0,2711.5,1909.5,801.5,1172.0,1670.0,1937.0,2018.0,2244.0,2379.5,2448.0,1690.0,1326.0,615.0,754.0,903.0,984.0,991.0,1037.0,1113.0,1110.0,2886.0,2142.0,808.0,1166.0,1584.0,1880.0,1950.0,2101.0,2150.0,2371.0,2744.5,2088.5,849.0,1097.5,1489.5,1694.5,1782.0,1938.0,2086.5,2124.0,2459.0,1974.5,666.0,840.0,1123.5,1272.0,1342.0,1455.5,1582.5,1618.0,2548.0,1993.0,734.0,914.0,1181.0,1342.0,1411.0,1508.0,1633.0,1673.0,2206.0,1585.0,546.0,705.0,950.0,1035.0,1127.0,1229.0,1418.0,1432.0,0.0,0.0,0.0,0.0,0.0,0.0,0.0,0.0,0.0,0.0,2645.0,2428.0,1019.0,1335.0,1601.0,1725.0,1761.0,1811.0,1949.0,1909.0,549.0,454.0,353.0,350.0,345.0,372.0,395.0,371.0,399.0,383.0,3080.0,2833.0,1276.0,1663.0,1933.0,2077.0,2092.0,2158.0,2286.0,2260.0,3230.0,3002.0,1416.0,1799.0,2082.0,2211.0,2230.0,2324.0,2502.0,2418.0,2249.0,1990.0,746.0,999.0,1223.0,1351.0,1349.0,1393.0,1505.0,1470.0,2020.0,1861.0,660.0,877.0,1049.0,1127.0,1173.0,1244.0,1311.0,1324.0,2066.5,1914.5,708.5,906.5,1075.5,1170.0,1199.0,1276.5,1357.5,1347.0,"{""type"":""MultiPoint"",""coordinates"":[]}"
599_0,3,139.5,126.0,187.0,249.0,339.0,397.5,231.5,295.5,261.0,205.5,2146.0,1844.5,645.0,848.0,1066.0,1175.0,1230.5,1308.0,1432.0,1449.0,2318.0,2066.5,728.5,935.5,1172.0,1296.5,1359.0,1442.5,1527.0,1555.0,2492.0,2228.0,841.0,1103.5,1336.0,1467.0,1512.5,1611.0,1666.0,1698.5,2613.0,2382.0,985.0,1222.0,1472.0,1597.0,1651.0,1730.0,1830.0,1863.0,704.0,644.0,688.0,856.0,997.0,1183.0,1093.0,1156.0,852.0,964.0,335.0,279.0,690.0,971.0,950.0,1216.0,990.0,1028.0,978.0,855.0,507.0,386.0,783.0,1077.0,1001.0,1410.0,1300.0,1370.0,1282.0,1154.0,676.0,560.0,555.0,855.0,727.0,1247.0,1414.0,1596.0,1354.0,1286.0,1405.0,786.0,331.0,644.5,412.0,1047.5,2448.5,2933.5,2800.5,2949.0,1189.0,653.5,179.5,395.5,213.5,682.0,2163.5,2846.5,2792.0,2719.0,327.5,291.5,301.5,412.0,508.5,598.5,490.0,500.5,537.5,477.5,1560.0,784.0,207.0,414.0,230.0,693.0,2660.0,3885.0,4132.0,4097.0,1498.0,737.0,139.0,356.0,218.0,693.0,2653.0,3737.0,3873.0,3949.0,1550.0,748.0,139.0,361.0,190.0,719.0,2797.0,4149.0,4268.0,4496.0,1567.0,769.0,396.0,774.0,472.0,1285.0,3182.0,4044.0,4235.0,4264.0,1580.0,827.0,396.0,844.0,613.0,1490.0,2986.0,3592.0,4052.0,3968.0,1712.5,963.5,448.0,883.0,861.5,1651.0,2768.5,3251.0,3564.5,3590.0,2089.5,1228.5,870.5,1287.0,1455.0,2002.0,2732.0,3087.0,3414.0,3433.0,3799.5,2609.0,1042.0,1465.0,1984.0,2565.0,2920.5,3217.5,3576.5,3698.0,4262.0,2807.0,1365.5,1880.0,2696.5,3261.5,3579.0,3895.0,4331.0,4433.0,3299.0,2340.0,1187.0,1602.0,2238.0,2661.0,2625.0,2935.0,3134.0,3062.0,213.0,183.0,293.0,341.0,461.0,519.0,426.0,444.0,483.0,393.0,3184.0,2359.0,1112.0,1516.0,2087.0,2326.0,2517.0,2651.0,2827.0,2930.0,3019.5,2283.5,1036.5,1355.5,1795.5,2042.0,2154.5,2352.5,2518.0,2507.5,2648.5,2019.0,770.5,1000.5,1328.5,1475.5,1537.0,1678.0,1900.5,1853.5,327.0,268.0,354.0,479.0,588.0,662.0,606.0,666.0,662.0,592.0,154.0,117.0,159.0,227.0,306.0,363.0,301.0,332.0,309.0,235.0,538.0,541.0,578.0,537.0,571.0,606.0,584.0,634.0,552.0,620.0,150.0,127.0,165.0,262.0,398.0,486.0,338.0,389.0,373.0,310.0,818.0,520.0,366.0,477.0,638.0,784.0,823.0,961.0,1032.0,1074.0,3114.0,2401.0,970.0,1250.0,1644.0,1832.0,1955.0,2108.0,2354.0,2335.0,2019.0,1299.0,523.0,705.0,1057.0,1243.0,1352.0,1452.0,1691.0,1706.0,2544.0,1834.5,719.0,932.0,1286.5,1485.0,1589.0,1691.0,1898.0,1939.5,3521.0,2866.5,1131.0,1400.5,1754.0,1936.5,2097.0,2187.0,2462.0,2488.0,3251.0,2693.0,1079.5,1298.5,1605.5,1784.0,1871.5,2003.5,2214.5,2201.0,"{""type"":""MultiPoint"",""coordinates"":[]}"
600_0,3,2467.5,1847.0,883.5,974.5,1206.5,1380.0,1445.5,1563.5,1675.5,1754.5,2219.0,2019.0,601.0,853.0,1136.0,1258.0,1304.0,1378.0,1503.0,1519.0,2311.0,2141.0,697.0,883.0,1199.0,1328.0,1328.0,1410.0,1510.0,1578.0,2320.0,2134.0,734.5,972.0,1277.0,1394.0,1447.5,1519.0,1619.0,1655.0,353.0,283.0,297.0,476.0,541.0,644.0,482.0,537.0,628.0,581.0,703.0,620.0,934.0,1014.0,1094.0,1162.0,885.0,971.0,1028.0,841.0,650.0,481.0,411.0,762.0,506.0,1109.0,1277.0,1408.0,1344.0,1348.0,1535.0,909.0,411.0,802.0,602.0,1313.0,2428.0,2613.0,2531.0,2665.0,1066.0,688.0,376.0,674.0,499.0,1051.0,1771.0,1964.0,1970.0,1949.0,1302.5,693.5,219.0,494.0,239.5,840.0,2385.0,2908.5,2823.5,2869.5,1433.5,757.5,209.0,500.0,249.0,862.5,2607.5,3326.5,3279.5,3422.0,4169.5,3562.5,1766.0,1984.5,2312.5,2593.5,2658.5,2768.5,2911.0,2994.5,1430.5,732.5,167.0,385.0,184.5,651.5,2469.0,3433.0,3390.5,3575.0,1263.0,633.0,108.5,340.5,126.0,570.0,2450.0,3543.0,3523.0,3574.0,1220.0,629.0,383.0,516.0,372.0,639.0,2314.0,3453.0,3466.0,3472.0,1183.0,603.0,516.0,733.0,477.0,1017.0,2496.0,3355.0,3526.0,3552.0,1236.0,645.0,424.0,733.0,477.0,1084.0,2868.0,3559.0,3786.0,3817.0,1386.0,747.0,303.0,741.0,520.0,1250.0,2801.0,3487.0,3609.0,3715.0,2302.5,1359.5,978.5,1404.0,1690.5,2355.0,2976.5,3317.5,3615.0,3726.5,3180.5,2068.0,1263.5,1754.0,2394.0,2924.0,3262.5,3578.5,3980.5,4090.5,4331.5,2949.5,1319.0,1838.0,2734.5,3253.5,3423.0,3750.0,4206.5,4252.5,4123.0,2883.0,1336.0,1872.0,2717.0,3239.0,3316.0,3600.0,3770.0,3950.0,3204.0,2709.5,778.0,978.0,1309.0,1486.0,1558.0,1720.5,1878.5,1935.0,3957.0,2871.5,1127.0,1556.5,2190.5,2548.5,2681.0,2926.0,3091.5,3266.0,3904.0,3028.5,1797.5,2083.5,2481.0,2834.0,2985.0,3148.0,3292.5,3427.5,3193.0,2481.5,892.0,1115.0,1476.0,1731.0,1829.5,1981.5,2172.5,2243.5,3297.0,2629.0,952.5,1156.0,1480.5,1741.5,1876.0,2019.0,2164.0,2231.5,2667.0,1974.5,655.0,880.5,1193.0,1440.5,1593.5,1700.0,1893.0,1970.0,0.0,0.0,0.0,0.0,0.0,0.0,0.0,0.0,0.0,0.0,3281.0,2628.0,831.0,1078.0,1453.0,1667.0,1724.0,1843.0,2080.0,2126.0,3796.0,3090.5,1046.5,1286.0,1605.0,1920.0,2045.5,2200.0,2408.5,2493.0,3393.5,2780.0,904.5,1146.0,1449.0,1692.0,1885.0,2002.5,2218.5,2243.0,1804.5,1604.5,496.5,618.5,842.5,925.0,953.5,1000.5,1141.5,1164.5,1901.0,1688.0,506.0,646.0,904.0,993.0,968.0,964.0,1145.0,1184.0,1948.5,1771.5,524.0,699.0,957.5,1049.5,1030.5,1143.5,1261.5,1240.0,2013.5,1828.5,565.5,759.5,1021.5,1108.0,1112.5,1219.0,1351.0,1325.5,"{""type"":""MultiPoint"",""coordinates"":[]}"
601_0,3,288.0,250.5,165.5,251.0,366.0,445.5,368.0,407.5,347.0,294.5,2115.5,1731.0,720.5,924.5,1134.0,1240.5,1361.5,1478.0,1580.0,1648.5,2106.0,1803.0,762.5,967.0,1165.5,1305.0,1315.0,1421.0,1484.0,1491.0,2287.5,1977.0,925.5,1159.0,1366.5,1491.5,1514.0,1612.5,1652.0,1692.0,2113.0,1855.0,1066.0,1305.0,1433.0,1543.0,1544.0,1605.0,1637.0,1666.0,1329.0,1181.0,1066.0,1305.0,1417.0,1543.0,1278.0,1332.0,1318.0,1217.0,530.0,420.0,676.0,1015.0,979.0,1252.0,873.0,939.0,840.0,679.0,585.0,464.0,662.0,1015.0,930.0,1252.0,1017.0,1096.0,1014.0,855.0,678.0,505.0,475.0,758.0,631.0,1104.0,1128.0,1209.0,1171.0,1114.0,814.0,537.5,283.0,530.0,376.0,1027.5,1635.0,1855.0,1789.5,1685.0,956.5,577.5,212.0,390.5,267.5,817.5,1747.5,2109.0,2049.0,1888.5,345.0,330.0,341.0,464.0,533.0,634.0,506.0,529.0,511.0,501.0,1264.0,722.0,185.0,332.0,218.0,748.0,2176.0,2873.0,2873.0,2820.0,1369.0,766.0,122.0,340.0,167.0,711.0,2445.0,3257.0,3495.0,3331.0,1455.0,792.0,146.0,426.0,231.0,817.0,2733.0,3693.0,3873.0,3726.0,1587.0,840.0,399.0,811.0,491.0,1327.0,3187.0,3897.0,4103.0,3901.0,1606.0,894.0,432.0,876.0,612.0,1535.0,3109.0,3643.0,3996.0,3901.0,1909.5,1100.0,492.5,1009.5,894.0,1801.0,2961.0,3398.0,3664.0,3704.5,2732.5,1787.0,1094.0,1497.0,1713.5,2226.0,2779.5,3127.5,3316.5,3338.5,3433.0,2454.0,1021.0,1420.0,1959.0,2372.5,2567.0,2840.5,3185.0,3170.0,3519.0,2492.5,1027.0,1434.0,2066.5,2384.5,2547.5,2855.0,3217.0,3203.0,3334.0,2316.0,998.0,1369.0,1969.0,2285.0,2402.0,2629.0,2954.0,2964.0,345.0,295.0,343.0,493.0,526.0,603.0,392.0,437.0,446.0,410.0,3420.0,2549.0,856.0,1228.0,1753.0,2089.0,2166.0,2385.0,2637.0,2664.0,3299.0,2517.5,966.0,1290.0,1767.0,1962.5,2140.0,2348.0,2586.5,2588.0,2762.0,2172.0,659.0,865.5,1184.0,1303.5,1450.5,1616.5,1813.5,1808.0,610.0,483.0,419.0,526.0,660.0,796.0,611.0,656.0,728.0,732.0,352.0,249.0,134.0,177.0,227.0,352.0,261.0,298.0,235.0,233.0,0.0,0.0,0.0,0.0,0.0,0.0,0.0,0.0,0.0,0.0,303.0,298.0,128.0,224.0,339.0,423.0,274.0,276.0,347.0,243.0,343.0,310.0,133.0,205.0,313.0,451.0,299.0,330.0,317.0,346.0,938.0,636.0,397.0,551.0,717.0,861.0,944.0,1002.0,1198.0,1203.0,1313.0,748.0,443.0,625.0,906.0,1099.0,1153.0,1247.0,1486.0,1524.0,2709.0,1872.0,971.0,1290.0,1643.0,1828.0,1801.0,1996.0,2354.0,2179.0,3968.0,3079.0,1562.0,1871.0,2301.0,2437.0,2649.0,2883.0,3145.0,3029.0,4120.5,3215.5,1562.5,1877.5,2262.5,2472.5,2727.5,2862.5,3136.5,3152.5,"{""type"":""MultiPoint"",""coordinates"":[]}"
602_0,3,1830.5,1493.0,586.5,721.0,967.0,1083.0,1116.0,1184.5,1278.5,1350.5,2070.5,1758.0,713.5,919.5,1167.5,1294.0,1298.0,1397.5,1471.5,1484.0,2247.5,1949.0,870.0,1083.0,1345.5,1480.0,1475.0,1547.0,1594.5,1658.5,2521.0,2195.5,1009.5,1268.5,1553.5,1704.5,1728.0,1814.5,1880.0,1903.5,1370.0,1248.0,826.0,1024.0,1250.0,1374.0,1389.0,1439.0,1502.0,1506.0,407.0,360.0,684.0,903.0,860.0,1170.0,951.0,955.0,943.0,806.0,397.0,317.0,591.0,821.0,804.0,1114.0,1034.0,1106.0,1107.0,965.0,460.0,335.0,577.0,802.0,791.0,1076.0,1097.0,1134.0,1107.0,1039.0,584.0,455.0,465.0,733.0,591.0,985.0,1267.0,1500.0,1605.0,1257.0,1191.0,676.0,261.0,602.5,366.5,1017.0,2258.5,2773.5,2922.0,2573.5,1482.0,771.0,212.0,509.5,231.0,885.5,2934.5,3745.5,4027.0,3787.0,2036.0,1709.0,673.0,843.0,1048.0,1223.0,1242.0,1334.0,1352.0,1441.0,1643.0,814.0,226.0,507.0,246.0,876.0,3225.0,4151.0,4268.0,4343.0,1660.0,814.0,167.0,516.0,336.0,893.0,3299.0,4344.0,4507.0,4507.0,1738.0,857.0,243.0,591.0,407.0,1065.0,3334.0,4472.0,4705.0,4782.0,1727.0,882.0,424.0,855.0,638.0,1531.0,3278.0,4099.0,4234.0,4329.0,1758.0,973.5,439.5,886.5,713.0,1607.5,3108.5,3644.5,3958.0,3945.5,1950.5,1153.5,472.0,926.5,958.0,1769.0,2838.0,3263.0,3521.0,3651.5,2385.0,1443.0,723.5,1188.0,1395.0,2095.5,2814.0,3155.5,3481.0,3560.0,2836.5,1842.5,854.5,1307.0,1709.0,2400.0,2833.5,3137.5,3495.0,3563.5,4005.0,2748.0,1121.0,1531.0,2048.0,2549.0,2812.0,3127.0,3479.0,3563.0,3908.5,2624.5,940.0,1326.5,2044.5,2454.5,2720.5,2992.5,3090.0,3402.0,2001.5,1670.0,622.5,800.5,1042.0,1161.5,1192.5,1256.5,1395.0,1401.5,3392.5,2402.0,809.5,1115.0,1630.0,1988.5,2143.0,2340.0,2448.5,2665.5,3340.5,2386.0,889.5,1159.0,1619.5,1969.5,2103.5,2306.0,2364.5,2574.0,2999.0,2314.0,669.5,875.0,1219.5,1465.0,1538.5,1705.5,1841.0,1959.0,3114.0,2392.5,734.5,907.5,1240.5,1428.5,1550.5,1711.0,1835.5,1926.0,1554.0,1265.0,408.0,495.0,724.0,814.0,828.0,900.0,1021.0,1021.0,0.0,0.0,0.0,0.0,0.0,0.0,0.0,0.0,0.0,0.0,1568.0,1225.0,535.0,661.0,860.0,973.0,975.0,1029.0,1140.0,1185.0,1737.0,1405.0,640.0,749.0,904.0,1030.0,1026.0,1092.0,1171.0,1189.0,2342.0,1949.0,845.0,1035.0,1260.0,1416.0,1475.0,1521.0,1629.0,1663.0,2256.0,1856.0,876.0,973.0,1214.5,1340.0,1398.0,1430.0,1509.0,1577.5,1826.0,1503.5,578.5,700.5,902.5,1013.0,1025.0,1064.0,1142.0,1192.0,2216.5,1907.5,809.5,962.0,1159.0,1305.0,1375.0,1498.5,1550.5,1592.0,2197.0,1843.5,832.5,990.5,1193.0,1344.0,1405.5,1513.0,1615.0,1625.5,"{""type"":""MultiPoint"",""coordinates"":[]}"
603_0,3,965.0,833.5,409.0,520.0,647.0,678.5,628.0,684.5,733.5,716.0,2322.0,2038.0,894.5,1143.0,1377.0,1487.0,1580.0,1630.5,1767.0,1723.5,2506.5,2217.0,890.5,1162.0,1403.5,1543.5,1593.0,1701.5,1826.0,1808.0,2468.0,2184.5,952.0,1183.5,1429.0,1550.0,1594.5,1692.0,1825.0,1761.5,2465.0,2139.0,942.0,1190.0,1441.0,1558.0,1640.0,1702.0,1798.0,1819.0,1856.0,1721.0,974.0,1224.0,1408.0,1484.0,1394.0,1548.0,1577.0,1503.0,1916.0,1722.0,1055.0,1351.0,1513.0,1587.0,1451.0,1551.0,1624.0,1557.0,1869.0,1691.0,1033.0,1344.0,1462.0,1657.0,1604.0,1629.0,1727.0,1664.0,2152.0,1772.0,1037.0,1350.0,1454.0,1751.0,1907.0,1977.0,1979.0,1951.0,2186.0,1654.0,815.0,1152.5,1149.5,1583.5,2212.5,2393.5,2422.0,2504.0,2365.0,1939.5,1002.0,1318.5,1445.0,1645.5,2154.0,2338.5,2423.5,2393.0,1206.0,1030.0,543.0,699.0,853.0,908.0,795.0,895.0,1009.0,878.0,2417.0,1965.0,955.0,1259.0,1409.0,1596.0,2393.0,2802.0,2783.0,2944.0,2410.0,1838.0,926.0,1240.0,1395.0,1660.0,2430.0,2808.0,2826.0,2942.0,2531.0,1934.0,894.0,1254.0,1408.0,1660.0,2449.0,2967.0,2967.0,3102.0,2370.0,1739.0,904.0,1256.0,1330.0,1745.0,2588.0,2881.0,3026.0,3106.0,2387.0,1815.0,912.0,1283.0,1377.0,1800.0,2421.0,2740.0,2859.0,2920.0,2527.0,1956.0,895.5,1301.0,1446.0,1870.5,2418.5,2652.0,2826.0,2896.5,2723.0,2063.0,1058.5,1464.0,1593.0,1986.0,2496.5,2666.0,2804.5,2943.0,3220.5,2609.0,1120.5,1471.5,1819.5,2128.5,2544.5,2741.5,2937.0,3014.0,3308.5,2647.5,1148.5,1524.0,1951.5,2206.5,2508.5,2682.5,2941.5,2994.5,2727.0,2137.0,893.0,1209.0,1587.0,1905.0,1979.0,2206.0,2180.0,2237.0,1169.0,861.0,575.0,699.0,853.0,974.0,790.0,869.0,1009.0,878.0,2809.0,2191.0,893.0,1209.0,1587.0,1822.0,1938.0,2003.0,2180.0,2211.0,2567.5,2045.5,879.0,1127.5,1443.5,1640.0,1687.5,1758.5,1935.0,1952.0,2144.0,1753.0,682.0,867.5,1102.5,1230.5,1251.0,1396.5,1518.5,1479.5,1437.0,1310.0,657.0,818.0,998.0,1066.0,1026.0,1100.0,1249.0,1142.0,942.0,892.0,342.0,469.0,590.0,631.0,576.0,647.0,747.0,684.0,590.0,511.0,687.0,602.0,547.0,579.0,566.0,569.0,724.0,588.0,1376.0,1179.0,611.0,790.0,960.0,1129.0,1082.0,1049.0,1219.0,1194.0,1717.0,1435.0,655.0,790.0,960.0,1129.0,1226.0,1219.0,1270.0,1286.0,2666.0,2191.0,854.0,1150.0,1408.0,1595.0,1706.0,1769.0,1900.0,1948.0,1946.0,1430.0,667.0,756.0,951.0,1123.0,1204.0,1310.0,1396.0,1468.0,2118.0,1635.5,600.5,823.0,998.5,1183.0,1301.0,1398.5,1505.0,1570.0,2684.5,2271.0,927.0,1167.0,1350.0,1550.0,1795.5,1926.5,2045.0,2049.5,2481.5,2124.0,892.5,1112.0,1314.0,1450.0,1527.0,1655.0,1772.0,1756.0,"{""type"":""MultiPoint"",""coordinates"":[]}"
604_0,3,3151.0,2481.0,953.0,1091.0,1399.0,1603.5,1740.5,1871.5,2070.5,2181.5,2132.0,1947.0,659.0,911.0,1200.0,1328.0,1383.0,1489.0,1575.0,1609.0,2358.0,2230.0,802.0,1051.0,1373.0,1524.0,1592.0,1667.0,1744.0,1776.0,1720.0,1649.0,627.0,837.5,1108.5,1252.5,1210.0,1311.5,1363.5,1355.0,327.0,283.0,570.0,656.0,698.0,800.0,722.0,777.0,621.0,694.0,441.0,335.0,355.0,649.0,544.0,800.0,794.0,898.0,854.0,733.0,564.0,461.0,279.0,591.0,365.0,821.0,901.0,967.0,907.0,866.0,1514.0,838.0,246.0,618.0,341.0,979.0,2096.0,2464.0,2472.0,2491.0,1247.0,691.0,169.0,459.0,230.0,801.0,2075.0,2527.0,2452.0,2427.0,1262.5,630.5,86.0,360.0,141.5,713.5,2337.5,3036.5,2961.5,3047.5,1232.5,587.0,39.0,232.5,49.5,468.5,2323.0,3207.0,3307.5,3285.5,5085.5,4464.0,3085.5,3249.5,3586.5,3882.0,3866.5,3926.5,4074.5,4110.0,1347.5,630.5,35.5,242.0,21.5,514.0,2682.0,3917.0,3935.0,3946.5,1325.5,630.0,104.0,536.5,176.5,974.5,3158.5,4194.0,4287.0,4348.5,1369.0,656.0,502.0,864.0,623.0,1342.0,3312.0,4054.0,4124.0,4288.0,1424.0,789.0,712.0,1149.0,1043.0,1930.0,3142.0,3549.0,3769.0,3822.0,1569.0,877.0,615.0,1124.0,1043.0,1930.0,2849.0,3229.0,3452.0,3451.0,1878.0,1106.0,612.0,1146.0,1247.0,2135.0,2922.0,3229.0,3424.0,3492.0,4234.0,2991.5,1144.5,1611.5,2220.5,2747.0,3049.5,3342.0,3584.5,3743.5,4152.0,3083.5,1117.0,1563.5,2217.0,2677.5,2912.0,3148.0,3446.5,3528.0,3620.0,2775.0,1116.0,1506.0,2029.0,2307.0,2535.0,2809.0,3121.0,3202.0,3318.0,2407.0,881.0,1220.5,1701.5,2045.5,2261.0,2432.5,2594.5,2760.0,3404.0,2699.0,820.0,1083.0,1516.0,1657.0,1775.0,1922.0,2179.0,2182.0,3479.0,2689.0,800.0,1104.0,1441.0,1767.0,2016.5,2184.0,2301.0,2474.0,4758.5,4034.5,2526.0,2737.0,3032.0,3360.5,3577.0,3692.0,3898.5,3957.0,3073.0,2505.5,786.5,937.0,1112.5,1382.0,1641.5,1796.5,1909.5,2002.5,2939.5,2399.5,760.5,910.5,1076.5,1336.5,1620.0,1763.0,1873.0,1963.5,2263.0,1667.0,458.0,648.0,845.0,1143.5,1321.5,1436.0,1619.0,1680.0,0.0,0.0,0.0,0.0,0.0,0.0,0.0,0.0,0.0,0.0,3836.0,3028.0,1013.0,1363.0,1889.0,2105.0,2181.0,2316.0,2568.0,2647.0,4050.0,3271.0,1344.0,1620.0,1902.0,2132.0,2492.0,2638.0,2917.0,2966.0,3640.0,2914.0,1135.0,1426.0,1780.0,2027.0,2214.0,2365.0,2634.0,2701.0,2812.0,2346.5,862.0,1046.5,1410.0,1562.5,1624.0,1712.0,1922.5,1937.0,1886.0,1620.0,595.0,738.0,1053.0,1125.0,1146.0,1161.0,1304.0,1375.0,1873.0,1694.0,542.5,725.5,993.5,1097.5,1138.5,1207.0,1314.5,1334.0,1950.0,1794.5,594.5,796.0,1078.0,1182.5,1237.5,1314.0,1428.0,1424.0,"{""type"":""MultiPoint"",""coordinates"":[]}"
605_0,3,3374.0,2583.5,948.5,1106.0,1450.5,1643.0,1710.0,1903.0,2092.0,2185.5,2302.0,2137.0,648.0,877.0,1151.0,1301.0,1298.0,1379.0,1510.0,1518.0,2441.0,2308.0,754.0,946.0,1239.0,1387.0,1408.0,1513.0,1567.0,1630.0,2367.0,2243.5,739.5,981.0,1271.0,1403.5,1445.5,1534.5,1615.5,1644.0,467.0,413.0,781.0,898.0,918.0,971.0,712.0,730.0,781.0,600.0,467.0,413.0,828.0,898.0,918.0,971.0,712.0,730.0,781.0,600.0,837.0,531.0,397.0,641.0,524.0,946.0,1149.0,1254.0,920.0,1068.0,1166.0,747.0,384.0,796.0,521.0,1245.0,1936.0,2095.0,2039.0,2126.0,1325.0,660.0,296.0,646.0,362.0,1067.0,2300.0,2607.0,2498.0,2559.0,1407.5,764.5,213.0,575.0,331.0,1065.5,2619.5,3092.5,3072.0,3210.0,1276.5,653.0,177.5,490.5,266.0,845.5,2458.0,3174.0,3167.5,3284.0,3441.0,2822.5,911.0,1068.0,1378.5,1556.5,1592.0,1744.5,1969.5,2018.5,1245.5,596.5,111.0,322.0,110.0,561.0,2362.0,3350.5,3328.5,3437.5,1041.5,496.0,56.0,278.0,55.0,508.0,2344.0,3398.5,3354.5,3463.5,1026.0,489.0,426.0,633.0,433.0,924.0,2424.0,3438.0,3403.0,3548.0,1212.0,618.0,551.0,859.0,583.0,1317.0,2918.0,3588.0,3637.0,3793.0,1205.0,624.0,426.0,807.0,583.0,1317.0,2753.0,3292.0,3471.0,3498.0,1447.0,823.0,377.0,798.0,706.0,1450.0,2664.0,3090.0,3278.0,3364.0,1943.5,1094.0,618.0,1159.0,1141.0,2040.5,2937.5,3293.5,3554.5,3643.0,2353.5,1481.0,988.5,1477.0,1655.5,2324.5,2974.5,3321.5,3578.5,3675.5,3670.0,2791.0,1196.0,1619.0,2196.0,2555.0,2787.0,2985.0,3410.0,3399.0,3425.5,2329.0,1181.5,1614.5,2306.5,2611.5,2779.5,2994.5,3266.0,3370.5,3501.5,2820.5,777.5,1000.0,1401.5,1574.0,1628.0,1771.0,2027.5,2115.0,3994.0,2904.5,1151.5,1522.5,2112.5,2453.5,2550.0,2767.5,2953.5,3145.5,4551.5,3717.5,2526.0,2730.0,3149.5,3473.0,3579.0,3705.5,3858.5,3950.0,3612.5,2880.5,1027.0,1230.5,1590.0,1832.0,1937.0,2108.0,2267.0,2340.5,3426.5,2731.0,975.0,1196.0,1505.0,1742.5,1864.5,2023.0,2177.0,2246.5,2848.5,2125.5,711.5,953.5,1282.0,1493.0,1580.5,1719.0,1928.0,1967.0,0.0,0.0,0.0,0.0,0.0,0.0,0.0,0.0,0.0,0.0,3672.0,2860.0,886.0,1192.0,1653.0,1918.0,1936.0,2045.0,2328.0,2424.0,2960.0,2393.0,972.0,1250.0,1653.0,1921.0,1972.0,2140.0,2328.0,2479.0,3562.0,2827.0,983.0,1271.0,1706.0,1954.0,2084.0,2205.0,2422.0,2546.0,1958.0,1740.0,577.5,690.0,949.5,1031.0,1048.5,1144.5,1258.5,1278.5,2074.0,1824.0,599.0,711.0,1015.0,1088.0,1056.0,1141.0,1275.0,1269.0,2037.5,1937.5,555.5,715.5,998.0,1083.0,1094.5,1162.5,1281.5,1303.0,2114.0,1991.0,602.5,786.5,1058.0,1150.0,1172.0,1244.0,1370.5,1400.0,"{""type"":""MultiPoint"",""coordinates"":[]}"
606_0,3,1779.0,1482.5,504.5,639.0,873.0,979.5,1034.5,1110.0,1215.5,1228.5,2368.5,2030.0,892.0,1200.0,1484.0,1599.5,1659.5,1726.5,1862.5,1836.0,2429.5,2052.0,854.5,1130.0,1424.0,1552.0,1591.5,1682.5,1783.5,1779.5,2381.5,2059.5,848.0,1105.0,1387.0,1523.5,1562.0,1650.5,1733.5,1754.5,244.0,216.5,734.0,1006.0,1017.5,1101.0,743.0,804.5,762.0,654.5,353.5,315.5,953.5,1189.0,1162.0,1289.5,946.5,955.5,941.0,728.0,612.5,479.5,519.5,796.0,667.5,1122.0,1392.0,1476.5,1295.0,1203.0,1217.0,797.0,350.5,747.0,412.5,1122.0,2458.0,2782.0,2694.5,2535.0,1514.5,762.0,222.5,619.5,216.5,1074.0,3484.0,4294.0,4317.5,4308.5,1732.5,936.0,222.0,631.0,454.0,1284.5,3035.0,3624.5,3905.5,4082.0,1881.0,1052.0,272.0,653.5,513.5,1303.0,2806.0,3399.5,3632.5,3857.5,2045.5,1716.0,552.5,763.5,1003.5,1163.0,1211.5,1256.0,1362.0,1420.5,1854.5,1028.0,267.0,661.5,486.5,1271.5,2771.0,3319.0,3492.5,3715.0,1661.5,867.0,222.5,600.0,402.0,1157.5,2788.5,3413.0,3544.5,3707.5,1604.0,855.5,251.0,612.5,342.5,1063.5,2754.5,3273.0,3384.0,3596.5,1824.5,952.5,478.0,963.0,534.0,1559.5,3274.0,3697.5,3874.5,3964.0,1848.5,991.0,483.0,1059.5,669.5,1752.0,3176.0,3545.5,3841.5,3808.0,1983.0,1125.0,532.0,1176.0,976.0,2109.0,3020.0,3317.0,3542.0,3680.0,2326.5,1318.0,772.0,1403.5,1361.0,2378.5,3093.0,3396.5,3742.5,3783.0,2547.5,1566.5,706.5,1319.0,1450.5,2436.5,3006.0,3280.5,3706.0,3783.0,3833.0,2604.0,1139.0,1554.0,2147.0,2642.0,3006.0,3280.5,3706.0,3836.0,3136.0,2272.0,917.0,1263.5,1839.0,2238.5,2357.0,2587.5,2728.0,2948.0,1895.0,1588.5,466.0,675.5,902.5,1005.0,1101.0,1167.0,1299.5,1283.5,2693.0,2108.5,851.0,1162.0,1602.5,1857.0,1933.0,2080.0,2190.0,2274.0,2457.0,1961.0,867.5,1116.0,1441.0,1648.5,1698.0,1812.0,1966.0,2000.0,2349.5,1914.5,699.0,901.5,1185.5,1360.0,1426.0,1520.0,1668.5,1692.0,2289.0,1844.0,735.0,956.0,1214.0,1401.5,1455.5,1540.5,1702.0,1706.5,2138.5,1558.5,593.5,736.5,1009.5,1134.0,1206.0,1321.5,1483.0,1490.5,0.0,0.0,0.0,0.0,0.0,0.0,0.0,0.0,0.0,0.0,1746.0,1388.5,437.5,633.5,818.0,939.5,1008.0,1063.5,1202.0,1179.0,1780.5,1484.5,552.5,675.0,831.0,935.5,1005.0,1040.5,1148.0,1160.5,2261.0,1906.0,647.5,873.0,1099.5,1235.5,1340.5,1444.0,1524.0,1514.5,2254.5,1896.5,650.5,837.5,1058.5,1197.0,1272.0,1397.5,1543.5,1535.0,2147.0,1787.0,688.0,810.5,1006.0,1126.0,1212.0,1340.5,1448.5,1500.0,2086.0,1778.5,621.0,830.0,1071.0,1159.5,1277.5,1329.0,1447.5,1436.0,2172.0,1886.0,725.5,952.5,1218.5,1349.0,1418.5,1476.5,1592.0,1591.5,"{""type"":""MultiPoint"",""coordinates"":[]}"
607_0,3,2587.0,1875.0,724.0,834.0,1136.0,1310.0,1416.0,1585.0,1692.0,1832.0,2243.0,2052.0,636.0,891.0,1206.0,1334.0,1406.0,1498.0,1589.0,1627.0,2477.0,2326.0,782.0,1046.0,1381.0,1517.0,1586.0,1676.0,1749.0,1801.0,1162.5,1104.0,458.0,632.0,797.5,884.5,825.5,873.5,908.5,871.0,377.0,311.0,377.0,540.0,635.0,729.0,685.0,737.0,723.0,601.0,377.0,345.0,338.0,563.0,555.0,799.0,685.0,737.0,723.0,601.0,493.0,434.0,259.0,516.0,357.0,799.0,907.0,974.0,891.0,874.0,1283.0,779.0,244.0,544.0,320.0,868.0,2030.0,2297.0,2276.0,2270.0,1091.0,596.0,164.0,401.0,184.0,692.0,1833.0,2252.0,2140.0,2115.0,1103.5,572.5,95.0,344.5,106.5,639.5,2070.5,2623.0,2540.5,2556.5,1117.0,564.5,54.0,230.5,50.0,461.0,2161.5,2947.0,2994.5,2981.5,3235.5,2628.0,1558.0,1587.5,1724.0,1865.5,2065.5,2242.0,2409.5,2349.5,1286.5,605.5,36.0,229.5,17.5,480.0,2616.5,3810.0,3763.0,3821.0,1267.0,584.5,105.5,494.5,150.0,909.0,3009.5,4074.0,4065.0,4218.0,1284.0,610.0,469.0,852.0,580.0,1275.0,3189.0,3981.0,3997.0,4145.0,1369.0,752.0,683.0,1096.0,1025.0,1869.0,3037.0,3472.0,3576.0,3691.0,1544.0,906.0,595.0,1081.0,1025.0,1882.0,2784.0,3100.0,3345.0,3352.0,1947.0,1175.0,587.0,1114.0,1201.0,2073.0,2828.0,3100.0,3302.0,3427.0,4374.0,3134.5,1219.5,1688.5,2350.5,2776.0,3119.0,3379.0,3736.5,3857.0,4209.0,3098.5,1146.0,1579.0,2283.5,2625.0,2854.5,3147.0,3443.5,3448.0,3937.0,2754.0,1029.0,1395.0,2034.0,2362.0,2558.0,2798.0,3163.0,3193.0,3411.5,2531.0,861.0,1206.0,1685.5,1996.5,2152.5,2364.5,2541.0,2666.5,3262.0,2625.0,656.5,880.5,1258.0,1468.5,1552.0,1718.0,1960.5,1993.5,3527.5,2799.0,790.5,1065.5,1413.5,1721.5,1888.5,2090.0,2222.5,2331.0,4489.0,3886.0,2426.5,2592.5,2855.0,3140.0,3309.5,3454.0,3614.5,3641.5,3177.0,2657.0,796.0,919.5,1117.0,1360.5,1558.0,1733.0,1857.0,1920.0,3052.0,2553.0,745.0,887.0,1065.0,1327.5,1539.5,1704.0,1821.5,1866.0,2306.0,1721.5,462.0,643.0,865.0,1089.0,1250.5,1373.5,1554.0,1562.0,0.0,0.0,0.0,0.0,0.0,0.0,0.0,0.0,0.0,0.0,3554.0,2710.0,732.0,1012.0,1498.0,1742.0,1730.0,1968.0,2128.0,2231.0,2400.0,1881.0,812.0,1083.0,1331.0,1524.0,1829.0,1968.0,2128.0,2261.0,3464.0,2728.0,874.0,1123.0,1475.0,1696.0,1858.0,1991.0,2234.0,2309.0,1959.5,1585.5,548.5,632.0,841.0,974.5,1038.0,1128.0,1252.5,1281.0,1454.0,1231.0,406.0,560.0,752.0,857.0,889.0,1001.0,1068.0,1081.0,1995.5,1808.0,598.5,780.5,1044.5,1185.0,1256.5,1319.5,1448.5,1470.5,2024.5,1876.0,587.0,783.5,1066.5,1192.0,1261.5,1339.5,1454.5,1478.5,"{""type"":""MultiPoint"",""coordinates"":[]}"
608_0,3,1966.0,1612.5,682.0,830.5,1094.5,1210.0,1276.0,1346.0,1440.5,1454.0,2323.5,1950.0,824.5,1069.5,1313.0,1450.0,1523.5,1597.5,1699.5,1707.0,2441.5,2074.5,929.0,1221.0,1531.0,1671.5,1697.0,1768.0,1845.0,1859.5,2753.5,2365.5,1173.5,1526.5,1886.5,2044.0,2049.0,2118.5,2188.0,2201.5,2386.0,2043.0,1181.0,1531.0,1867.0,2048.0,1892.0,1951.0,1868.0,1858.0,468.0,429.0,993.0,1211.0,1275.0,1419.0,1212.0,1240.0,1254.0,1095.0,248.0,230.0,649.0,920.0,974.0,1230.0,1019.0,1082.0,1046.0,938.0,365.0,267.0,653.0,980.0,978.0,1344.0,1237.0,1316.0,1297.0,1121.0,512.0,403.0,392.0,724.0,594.0,997.0,1081.0,1212.0,1104.0,961.0,1281.0,672.5,235.0,524.5,315.5,869.5,2134.5,2688.0,2544.5,2664.0,1489.0,717.5,155.0,407.0,170.5,687.0,2624.0,3672.5,3600.5,3773.5,2129.0,1806.0,744.0,911.0,1177.0,1319.0,1361.0,1420.0,1498.0,1531.0,1400.0,656.0,150.0,390.0,124.0,619.0,2845.0,3870.0,3779.0,3949.0,1400.0,652.0,36.0,390.0,97.0,793.0,3309.0,4305.0,4372.0,4414.0,1501.0,695.0,205.0,606.0,302.0,1118.0,3520.0,4684.0,4615.0,4764.0,1572.0,730.0,436.0,978.0,614.0,1785.0,3698.0,4294.0,4354.0,4585.0,1615.0,858.0,489.5,1075.0,794.0,1921.0,3378.5,3865.5,4109.0,4125.5,1941.5,1135.0,583.0,1178.5,1188.0,2194.0,3182.0,3516.0,3750.5,3892.0,2372.0,1370.5,950.5,1485.5,1619.0,2463.5,3172.5,3445.0,3772.5,3911.0,2660.5,1693.5,1010.0,1544.5,1887.5,2708.5,3198.0,3416.0,3785.5,3884.5,3708.5,2587.5,1107.5,1601.0,2216.0,2814.5,3106.0,3346.0,3753.5,3837.5,3614.0,2574.0,1122.0,1594.0,2334.0,2838.0,3003.0,3197.0,3442.0,3606.0,2006.0,1712.0,572.0,789.0,1060.0,1198.0,1249.0,1300.0,1441.0,1419.0,3836.0,2781.0,1067.0,1544.0,2233.0,2693.0,2822.0,3040.0,3094.0,3422.0,3618.5,2698.0,1118.0,1456.5,1978.5,2354.5,2511.0,2701.0,2889.0,3039.5,3243.0,2582.5,854.0,1093.5,1445.0,1726.5,1805.5,1954.0,2145.5,2214.0,3333.0,2719.0,915.0,1109.0,1431.0,1726.0,1771.0,1914.0,2078.0,2191.0,1557.0,1292.0,435.0,574.0,797.0,866.0,953.0,990.0,1117.0,1078.0,704.0,617.5,544.5,552.0,539.0,582.0,654.5,702.5,811.5,761.5,1448.0,1140.0,469.0,648.0,811.0,917.0,935.0,1015.0,1113.0,1113.0,303.0,245.0,160.0,142.0,132.0,149.0,148.0,182.0,198.0,201.0,2244.0,1931.0,798.0,1003.0,1221.0,1372.0,1421.0,1487.0,1611.0,1619.0,2248.5,1886.0,849.5,989.0,1195.0,1328.0,1361.0,1444.0,1582.5,1572.0,1787.0,1511.0,613.0,739.0,930.0,1012.0,1041.0,1068.0,1199.0,1208.0,2363.5,2021.0,905.5,1065.5,1279.0,1390.5,1425.0,1505.5,1613.5,1622.5,2379.0,2010.5,911.0,1102.0,1308.0,1425.0,1494.0,1579.0,1691.5,1676.5,"{""type"":""MultiPoint"",""coordinates"":[]}"
609_0,3,1817.5,1544.0,583.5,740.5,978.5,1087.0,1127.5,1194.5,1311.0,1326.0,2477.5,2116.5,1022.0,1322.5,1599.0,1741.0,1785.0,1886.5,1989.5,1959.5,2238.5,1869.5,767.5,1030.5,1293.0,1412.5,1447.5,1522.5,1654.5,1643.5,386.5,316.5,410.5,622.0,682.5,790.5,661.5,711.5,735.5,607.0,377.5,306.0,582.0,733.5,770.5,942.0,879.0,943.0,910.5,841.0,416.0,306.0,560.5,733.5,768.5,939.0,879.0,955.0,910.5,876.0,678.0,446.0,419.5,670.0,585.0,939.0,1068.5,1265.0,1252.0,1070.0,989.0,635.0,356.0,605.5,479.0,869.0,1679.0,1698.5,1887.5,1667.0,1390.5,734.0,292.0,561.5,342.0,879.0,2327.5,2717.0,2761.5,2827.5,1461.5,828.0,274.5,590.0,368.5,986.5,2333.0,2990.0,3039.5,3076.5,1525.0,806.0,202.0,472.0,261.5,845.0,2579.0,3523.5,3731.5,3757.5,2051.0,1814.5,627.5,840.0,1091.5,1177.0,1269.5,1323.5,1418.5,1447.0,1652.0,889.5,236.0,533.5,297.5,954.0,2989.0,4180.0,4306.5,4320.5,1691.0,891.0,313.5,879.0,487.0,1476.0,3413.5,4289.5,4426.5,4420.5,1692.0,961.0,469.5,970.0,714.5,1634.0,3356.0,3896.0,4066.0,4165.0,1893.5,1077.5,660.5,1157.0,1068.0,1995.0,3150.5,3549.5,3745.5,3769.0,2205.5,1339.0,718.0,1215.5,1297.5,2079.5,2962.5,3242.0,3573.0,3609.0,2414.0,1560.0,773.0,1273.0,1464.0,2215.0,2818.0,3201.0,3386.0,3474.0,3837.5,2581.0,1111.5,1605.0,2163.0,2650.0,3016.5,3272.5,3574.5,3776.0,3734.0,2529.5,1030.0,1522.0,2253.0,2755.5,3018.5,3294.0,3664.0,3769.5,3409.5,2565.0,972.5,1468.5,2029.0,2341.5,2639.5,2835.0,3230.5,3161.0,2094.5,1578.0,689.5,975.0,1353.5,1541.5,1601.0,1714.0,1814.5,1822.0,1955.0,1656.5,534.0,749.5,1034.5,1160.0,1176.0,1257.5,1370.5,1408.5,2374.5,1862.5,776.5,1063.5,1432.5,1660.5,1709.0,1847.5,1910.5,1970.5,2331.0,1845.5,908.5,1123.5,1434.5,1627.0,1739.5,1812.5,1957.0,1952.5,1995.5,1668.5,584.0,755.0,992.5,1130.0,1154.5,1269.0,1387.5,1410.0,1975.0,1678.5,565.0,776.0,982.0,1118.0,1144.0,1303.5,1358.5,1405.5,1370.5,1169.0,377.5,491.0,660.5,726.0,742.0,833.5,906.0,902.0,0.0,0.0,0.0,0.0,0.0,0.0,0.0,0.0,0.0,0.0,1696.5,1322.5,451.0,639.5,852.5,979.0,960.0,1110.0,1195.5,1205.0,1902.5,1629.5,646.5,773.0,964.5,1024.0,1082.5,1166.0,1273.5,1284.0,2220.5,1886.0,737.5,940.0,1164.5,1293.5,1361.5,1429.0,1554.0,1525.0,2264.0,1910.0,857.0,973.5,1226.5,1353.0,1430.5,1515.0,1647.0,1624.0,2193.5,1837.5,790.5,932.5,1133.5,1210.0,1313.0,1391.5,1500.0,1484.0,2184.5,1871.0,699.5,917.0,1162.5,1281.5,1343.0,1414.0,1537.0,1506.0,2296.5,1962.5,834.5,1072.5,1318.0,1442.5,1465.0,1568.0,1705.5,1644.5,"{""type"":""MultiPoint"",""coordinates"":[]}"
610_0,3,1735.5,1431.5,557.0,710.5,952.5,1079.0,1106.0,1149.0,1205.0,1295.5,2366.0,2078.5,928.5,1200.0,1455.5,1568.5,1594.0,1676.5,1760.5,1773.5,2347.0,2051.0,812.5,1080.0,1337.5,1453.0,1491.0,1568.5,1629.5,1662.5,2248.0,1986.5,802.5,1044.5,1285.5,1400.0,1428.5,1499.5,1553.0,1591.5,717.0,708.0,818.0,1144.0,1176.0,1456.0,1062.0,1072.0,991.0,1053.0,223.0,207.0,610.0,844.0,927.0,1040.0,754.0,853.0,810.0,683.0,358.0,260.0,717.0,962.0,952.0,1236.0,1034.0,1070.0,1040.0,888.0,467.0,295.0,601.0,906.0,875.0,1230.0,1110.0,1208.0,1130.0,1046.0,577.0,442.0,426.0,707.0,592.0,1073.0,1185.0,1374.0,1292.0,1147.0,727.5,465.5,309.5,545.5,343.0,904.5,1691.0,1939.0,1807.0,1660.5,1081.0,575.0,245.5,520.0,297.5,910.5,2364.0,2917.0,2831.0,2762.0,1978.0,1664.5,697.5,862.5,1097.5,1240.5,1256.5,1350.0,1379.0,1430.5,1227.0,657.0,271.0,541.0,396.0,932.0,2300.0,2838.0,2774.0,2876.0,1172.0,613.0,196.0,432.0,290.0,823.0,2272.0,2767.0,2826.0,2876.0,1174.0,600.0,193.0,450.0,254.0,797.0,2471.0,3142.0,3141.0,3257.0,1414.0,689.0,354.0,700.0,339.0,1123.0,2962.0,3657.0,3623.0,3690.0,1464.0,758.0,354.0,784.0,410.0,1300.0,2997.0,3601.0,3780.0,3690.0,1544.0,826.0,373.0,844.5,471.5,1484.0,2988.0,3412.5,3540.0,3590.5,1920.0,1001.0,723.0,1316.0,1109.0,2057.0,3132.0,3386.0,3582.0,3717.0,2217.5,1330.0,732.5,1351.0,1294.5,2384.0,3172.5,3426.0,3718.5,3808.5,3291.0,2300.5,947.0,1389.0,1796.5,2460.0,2735.5,2989.5,3254.5,3397.5,2326.0,1583.0,728.0,1088.0,1560.0,1804.0,1957.0,2136.0,2393.0,2454.0,1794.0,1502.0,509.0,685.0,952.0,1078.0,1147.0,1185.0,1247.0,1311.0,2982.0,2280.0,792.0,1085.0,1490.0,1736.0,1832.0,1996.0,2208.0,2248.0,2937.5,2296.0,876.5,1123.5,1504.0,1735.0,1827.0,1982.0,2149.0,2206.5,2547.5,2126.0,682.5,857.0,1132.0,1304.5,1358.5,1463.5,1582.5,1650.0,2261.0,1846.0,775.0,908.0,1189.0,1308.0,1337.0,1419.0,1599.0,1557.0,1850.0,1461.0,476.0,579.0,776.0,896.0,970.0,1005.0,1161.0,1174.0,584.0,393.0,538.0,454.0,452.0,438.0,485.0,521.0,636.0,552.0,1627.0,1367.0,478.0,652.0,841.0,942.0,1006.0,1047.0,1103.0,1127.0,806.0,611.0,458.0,498.0,560.0,583.0,596.0,586.0,660.0,603.0,2036.0,1750.0,637.0,851.0,1073.0,1205.0,1214.0,1287.0,1352.0,1400.0,2208.0,1934.0,837.0,1024.0,1244.0,1342.0,1375.0,1462.0,1550.0,1479.0,1815.0,1521.0,528.0,663.0,871.0,970.0,951.0,1037.0,1065.0,1118.0,1907.0,1643.0,665.0,793.0,993.0,1092.0,1128.0,1187.0,1244.0,1275.0,2027.0,1791.0,702.5,872.5,1078.0,1200.5,1255.0,1311.0,1393.0,1407.0,"{""type"":""MultiPoint"",""coordinates"":[]}"
611_0,3,361.0,308.5,172.0,231.5,359.5,479.5,410.5,381.0,334.5,346.0,2135.5,1767.0,731.0,937.5,1145.5,1295.5,1423.5,1538.5,1589.5,1617.0,2169.0,1831.5,756.0,975.0,1191.5,1328.5,1371.0,1480.5,1550.0,1578.0,2354.5,2016.5,923.5,1181.5,1397.5,1521.5,1571.5,1671.0,1735.0,1743.0,2473.0,2091.0,1139.0,1397.0,1616.0,1731.0,1783.0,1900.0,1956.0,1981.0,1636.0,1428.0,1372.0,1617.0,1787.0,1891.0,1875.0,1941.0,1976.0,1949.0,737.0,625.0,680.0,952.0,1016.0,1249.0,1062.0,1135.0,1162.0,1019.0,755.0,625.0,693.0,952.0,977.0,1261.0,1210.0,1308.0,1223.0,1137.0,791.0,646.0,640.0,904.0,850.0,1129.0,1183.0,1344.0,1189.0,1179.0,1083.0,714.0,320.5,569.5,445.0,982.5,1709.0,1983.5,1847.0,1872.5,1279.0,785.5,240.5,419.0,293.0,882.0,1818.5,2210.0,2194.0,2168.5,392.0,373.0,291.0,368.0,453.0,566.0,496.0,563.0,404.0,504.0,1526.0,944.0,218.0,441.0,382.0,907.0,2260.0,3081.0,3064.0,3106.0,1529.0,912.0,163.0,390.0,285.0,826.0,2401.0,3257.0,3517.0,3413.0,1604.0,907.0,223.0,471.0,330.0,958.0,2600.0,3630.0,3836.0,3897.0,1629.0,921.0,486.0,881.0,592.0,1426.0,3016.0,3815.0,4154.0,3847.0,1701.5,1018.5,503.5,983.0,680.5,1595.5,3108.5,3672.5,3961.0,3862.5,2046.0,1274.5,568.5,1161.5,1028.5,1954.0,3217.5,3629.0,3902.5,3960.0,2826.0,1864.5,1164.0,1590.0,1827.5,2312.0,2862.5,3095.5,3368.0,3402.5,3425.5,2493.0,1161.5,1581.0,2108.5,2428.0,2552.0,2870.5,3200.5,3073.5,3452.5,2476.0,1129.0,1572.0,2217.5,2507.5,2620.0,2885.0,3229.5,3058.0,3579.0,2461.0,1226.0,1650.0,2388.0,2509.0,2545.0,2894.0,3250.0,3274.0,392.0,339.0,302.0,329.0,390.0,515.0,473.0,563.0,404.0,504.0,3515.0,2598.0,1028.0,1430.0,1993.0,2360.0,2258.0,2571.0,2813.0,2675.0,3304.0,2545.0,1046.0,1353.5,1880.5,2013.0,2201.0,2460.5,2674.5,2559.5,2825.5,2236.0,778.0,991.5,1353.0,1453.0,1517.5,1739.5,1919.5,1829.5,1394.0,1122.0,455.0,583.0,770.0,953.0,963.0,1063.0,1101.0,1115.0,362.0,294.0,145.0,180.0,239.0,373.0,347.0,257.0,252.0,338.0,0.0,0.0,0.0,0.0,0.0,0.0,0.0,0.0,0.0,0.0,405.0,345.0,130.0,217.0,310.0,417.0,327.0,393.0,313.0,296.0,529.0,411.0,173.0,256.0,351.0,518.0,383.0,486.0,366.0,332.0,900.0,624.0,372.0,548.0,722.0,879.0,930.0,1051.0,1193.0,1154.0,1255.0,746.0,518.0,552.0,808.0,1014.0,1073.0,1205.0,1391.0,1397.0,2661.0,2077.0,1106.0,1347.0,1732.0,1946.0,2048.0,2077.0,2470.0,2150.0,3748.0,3067.0,1543.0,1854.0,2341.0,2379.0,2662.0,2702.0,3108.0,2904.0,4118.0,3194.0,1520.5,1860.5,2318.0,2463.0,2619.5,2811.5,3150.0,3113.0,"{""type"":""MultiPoint"",""coordinates"":[]}"
612_0,3,1719.0,1453.5,501.0,655.5,872.5,969.0,996.0,1033.0,1155.0,1184.5,2349.5,2018.5,972.0,1281.0,1518.0,1630.5,1674.0,1759.0,1854.0,1829.5,2352.5,2002.0,876.5,1154.5,1409.5,1517.0,1568.5,1654.5,1715.0,1745.0,971.0,824.0,762.5,1058.0,1098.5,1410.5,1303.5,1295.0,1161.0,1178.0,796.5,577.5,633.0,927.5,1013.0,1225.0,1063.0,1143.0,980.5,994.5,857.0,686.0,612.5,938.5,947.0,1355.0,1222.0,1292.0,1121.5,1167.0,1033.0,709.5,516.0,833.5,725.0,1196.0,1358.0,1593.0,1351.0,1495.0,1428.0,890.0,441.0,827.5,663.5,1250.5,1999.5,2330.5,2080.5,2157.0,1632.0,1018.0,437.5,824.5,639.0,1262.5,2479.0,2905.0,2748.0,2997.5,1825.0,1066.5,455.0,846.5,739.0,1419.0,2381.0,2844.0,2846.0,2985.5,1884.0,1102.5,416.5,773.5,690.5,1279.5,2556.5,3285.5,3384.0,3490.5,1996.0,1680.0,598.0,807.0,1019.5,1149.5,1147.0,1247.5,1366.5,1399.5,1946.5,1142.0,448.0,799.5,681.5,1363.0,2841.0,3559.0,3624.5,3769.0,1884.5,1112.0,438.0,842.5,669.0,1563.0,2957.0,3584.0,3626.5,3719.0,1916.0,1112.0,461.5,885.0,701.0,1631.5,2938.5,3438.5,3421.5,3650.0,2016.5,1202.5,569.0,953.0,956.5,1794.0,2800.0,3173.5,3378.5,3517.5,2187.0,1343.5,593.0,971.0,1041.0,1794.0,2553.5,2879.0,3175.5,3213.0,2579.0,1725.0,726.0,1129.0,1403.0,1940.0,2495.0,2768.0,3012.0,3132.0,3896.0,2720.5,1262.5,1716.5,2429.0,2801.0,3021.5,3275.0,3681.0,3695.0,3867.5,2720.5,1164.5,1643.5,2377.0,2793.5,2923.5,3179.0,3548.0,3627.5,3437.5,2618.0,1142.5,1531.0,2073.0,2347.0,2587.5,2751.5,3073.5,3010.5,2023.0,1523.5,662.5,911.5,1271.5,1435.5,1506.5,1602.0,1677.0,1747.0,1850.5,1600.5,481.0,709.0,953.5,1018.5,1087.0,1151.5,1287.5,1248.0,2315.5,1799.5,789.5,1018.5,1382.5,1544.0,1634.5,1730.0,1863.5,1867.5,2122.0,1638.5,840.5,1023.5,1307.0,1442.0,1514.5,1624.5,1704.0,1723.0,2009.5,1640.0,641.0,796.0,1040.5,1167.0,1243.0,1317.5,1406.0,1428.5,1735.5,1427.0,513.5,690.5,873.5,1030.0,1049.0,1115.0,1125.5,1174.0,1386.5,1197.5,361.5,486.5,667.0,763.0,820.5,828.5,889.5,938.5,0.0,0.0,0.0,0.0,0.0,0.0,0.0,0.0,0.0,0.0,1594.0,1216.0,440.5,602.5,783.0,889.5,943.0,1019.5,1115.0,1108.0,1803.0,1457.0,619.5,765.5,916.0,1049.0,1081.5,1172.0,1216.0,1250.0,2356.0,1930.5,850.5,1099.0,1315.5,1441.5,1470.0,1583.0,1660.0,1652.5,2255.0,1858.0,806.5,1014.5,1249.5,1342.5,1330.0,1465.0,1568.0,1543.5,2090.5,1714.5,793.5,888.5,1080.0,1184.5,1167.5,1269.0,1359.0,1361.5,2141.5,1819.0,692.0,906.5,1123.0,1250.0,1285.0,1362.5,1447.0,1473.5,2191.0,1915.5,843.0,1124.5,1371.0,1455.5,1474.5,1578.0,1654.0,1579.0,"{""type"":""MultiPoint"",""coordinates"":[]}"
613_0,3,1871.0,1782.0,1064.0,1138.0,1243.0,1311.0,1316.5,1419.0,1307.5,1505.0,2098.5,1805.5,672.5,773.5,998.5,1148.5,1101.5,1204.0,1285.5,1333.5,2202.0,1895.5,692.0,828.0,1067.0,1202.0,1214.0,1312.0,1412.0,1469.5,2311.5,2016.0,755.0,906.0,1135.0,1297.5,1274.5,1393.0,1470.0,1568.0,2340.5,2022.0,733.5,918.5,1160.5,1313.0,1372.5,1529.5,1600.0,1694.0,2462.5,2097.5,816.5,997.0,1227.0,1380.0,1545.0,1645.0,1816.0,1830.5,2175.5,1825.5,705.0,873.5,1034.5,1221.5,1684.0,1842.0,1913.0,1984.5,2220.5,1683.0,587.0,870.0,867.5,1330.0,2210.5,2533.0,2515.0,2643.0,2486.0,1693.0,514.5,801.5,746.5,1232.5,2463.5,2788.5,2951.0,3008.0,2219.5,1324.0,444.5,789.5,591.5,1252.5,3287.5,3790.5,3934.0,3885.0,2265.0,1247.5,391.0,753.5,457.5,1276.0,3890.5,4657.5,4853.0,4656.0,1472.5,1275.0,401.0,510.0,651.0,738.5,765.5,855.5,911.0,961.0,2360.5,1297.5,364.0,776.5,456.5,1365.5,4246.5,5392.5,5583.0,5483.5,2348.0,1257.0,400.5,842.0,540.0,1457.5,4548.5,5406.0,5852.5,5621.5,2266.5,1166.0,594.5,977.5,672.5,1579.5,4340.0,5097.5,5500.0,5346.0,2172.5,1175.5,620.5,939.5,686.0,1539.5,4084.5,4875.5,5153.0,5031.5,2050.0,1175.5,465.5,791.0,629.0,1405.0,3741.0,4312.5,4818.5,4604.0,2029.0,1207.5,417.0,682.0,630.5,1258.5,2662.5,3061.5,3347.0,3301.5,2092.0,1300.0,597.5,810.0,818.0,1476.0,2479.5,2891.5,3214.0,3227.0,2426.0,1589.0,783.0,1010.0,1216.0,1715.0,2384.0,2730.5,3071.0,3049.0,2556.5,1795.5,970.5,1186.0,1475.0,1819.5,2114.0,2305.0,2637.0,2613.0,2773.5,2032.5,751.0,980.5,1390.0,1671.0,1870.0,2086.5,2409.5,2516.5,1420.0,1208.0,298.0,399.0,546.0,618.0,654.0,729.5,778.5,827.5,1667.5,1402.5,372.0,479.5,644.5,755.5,815.5,921.5,956.5,1065.0,1593.5,1409.5,352.5,447.0,639.5,733.0,761.0,855.0,968.0,1013.0,1543.0,1318.0,447.0,531.0,650.5,758.5,813.5,924.0,1001.0,1052.5,1523.0,1335.0,502.0,563.5,664.0,783.5,865.5,961.0,1004.5,1069.5,1182.0,1029.0,283.0,330.5,465.5,525.0,616.0,697.5,769.5,800.5,1066.5,789.5,3307.5,3205.0,3080.5,3248.0,3292.5,3282.0,3237.5,3203.5,1842.5,1613.5,510.5,678.5,871.0,987.0,974.0,1063.0,1136.5,1188.0,2235.5,1998.0,995.5,1092.0,1208.5,1365.5,1560.0,1676.0,1673.0,1771.0,2009.0,1741.0,606.5,789.5,980.5,1117.0,1121.0,1235.0,1315.5,1388.0,1392.5,1245.5,391.5,452.0,597.5,661.0,675.5,747.0,791.0,870.5,1054.0,883.0,275.5,314.0,460.5,513.5,455.5,527.5,523.0,596.0,1936.0,1645.0,589.5,730.0,916.5,1015.0,1099.0,1139.5,1247.0,1290.0,2098.5,1832.0,705.5,840.0,1049.5,1156.0,1228.0,1301.0,1412.5,1431.5,"{""type"":""MultiPoint"",""coordinates"":[]}"
614_0,3,2115.0,1719.0,604.5,782.5,1066.0,1222.0,1257.5,1361.0,1488.0,1546.5,2332.0,2042.0,893.5,1165.0,1422.5,1543.5,1591.5,1667.5,1764.0,1740.5,2415.0,2096.0,889.5,1138.5,1428.0,1561.0,1598.0,1682.0,1775.0,1782.5,2364.5,2052.0,886.0,1127.0,1398.5,1532.5,1551.0,1655.5,1718.0,1729.0,231.0,189.0,676.0,867.0,921.0,1058.0,868.0,920.5,926.5,779.5,319.5,237.5,606.5,832.5,908.0,1058.0,976.0,1050.0,980.0,953.0,539.5,382.5,536.5,778.5,714.0,1164.5,1506.5,1590.0,1470.0,1458.0,961.5,632.5,427.0,730.5,548.5,1150.5,2010.5,2221.5,2244.0,2148.0,1293.0,660.0,225.5,529.0,336.5,1016.0,2942.0,3667.5,3748.5,3814.5,1781.0,993.0,299.0,634.0,584.0,1290.5,2903.5,3591.0,3765.5,3914.5,1892.5,1008.5,246.0,537.0,501.0,1062.5,2780.5,3676.5,3820.0,4003.0,2397.0,1979.5,660.0,866.5,1181.5,1379.0,1426.0,1537.0,1583.5,1714.5,1786.0,920.0,244.0,465.5,337.0,931.0,2852.0,3716.5,3820.0,4012.0,1725.5,847.5,191.0,530.0,293.5,983.0,3128.5,4079.5,4230.5,4297.5,1761.0,880.5,330.0,760.0,451.5,1279.5,3380.5,4131.0,4325.5,4422.5,1805.5,981.0,527.0,990.5,753.0,1760.5,3363.0,3919.0,4153.0,4244.0,1967.5,1091.0,574.0,1106.5,960.5,1899.5,3165.5,3604.0,4058.5,4031.5,2278.0,1372.0,627.0,1117.0,1263.0,2016.0,2916.0,3332.0,3635.0,3748.0,3176.0,2053.5,1028.5,1433.5,1757.0,2441.5,3017.0,3357.5,3780.0,3797.0,3920.0,2685.0,1069.5,1549.5,2229.5,2716.0,3021.5,3420.0,3887.5,3909.0,3773.5,2597.0,1064.5,1544.0,2306.0,2674.0,2930.5,3260.0,3739.0,3756.5,2487.5,1937.0,822.5,1155.0,1617.0,1873.5,1973.0,2136.5,2182.0,2286.0,2164.0,1776.0,581.0,789.0,1071.0,1234.0,1284.0,1384.0,1512.0,1546.0,2543.5,1976.5,849.0,1169.0,1607.5,1876.5,1930.0,2097.5,2124.5,2242.5,2504.5,1929.0,968.0,1224.0,1624.0,1823.0,1910.0,2038.5,2150.5,2176.0,2249.0,1795.0,723.5,925.0,1220.5,1369.0,1416.0,1530.0,1651.0,1697.5,2302.0,1845.5,767.5,949.5,1229.5,1385.5,1431.5,1545.5,1652.5,1703.0,1971.5,1429.5,579.5,739.0,1005.5,1152.0,1193.0,1295.5,1449.0,1439.5,0.0,0.0,0.0,0.0,0.0,0.0,0.0,0.0,0.0,0.0,1847.0,1485.0,502.5,661.5,889.5,1031.0,1050.5,1143.0,1229.0,1293.5,2006.5,1694.5,656.5,774.5,983.5,1097.0,1108.0,1178.5,1291.5,1310.0,2484.0,2141.0,803.5,1006.0,1249.0,1390.5,1449.5,1516.0,1640.0,1680.0,2434.5,2049.5,839.5,994.0,1256.5,1401.5,1425.5,1488.5,1655.0,1612.0,2295.0,1890.5,783.0,896.5,1125.0,1258.0,1241.5,1321.5,1461.5,1477.5,2189.5,1875.0,673.0,842.5,1081.5,1212.5,1277.0,1343.0,1488.5,1495.5,2032.5,1790.0,642.5,833.0,1055.0,1168.5,1182.5,1272.5,1414.5,1401.5,"{""type"":""MultiPoint"",""coordinates"":[]}"
615_0,3,1060.5,896.5,310.0,393.0,493.5,544.5,546.0,607.0,650.5,666.0,1840.0,1615.5,676.0,868.5,1016.5,1100.5,1136.5,1191.5,1267.5,1262.0,2008.0,1775.0,718.5,929.5,1077.0,1181.5,1215.0,1277.5,1337.0,1370.5,2423.5,2148.0,1037.0,1287.5,1478.0,1592.0,1614.0,1696.0,1749.5,1781.5,2603.0,2358.0,1180.0,1419.0,1615.0,1718.0,1755.0,1848.0,1960.0,1939.0,2337.0,2107.0,1059.0,1276.0,1467.0,1558.0,1577.0,1639.0,1718.0,1721.0,387.0,364.0,898.0,1111.0,1143.0,1264.0,919.0,964.0,942.0,747.0,410.0,386.0,898.0,1127.0,1169.0,1318.0,930.0,1033.0,1027.0,865.0,229.0,179.0,686.0,945.0,976.0,1109.0,915.0,1033.0,976.0,848.0,223.0,179.0,609.0,922.0,945.0,1155.5,898.0,987.0,951.5,821.5,344.0,251.0,448.0,747.5,714.0,979.5,910.5,1065.0,963.5,830.0,1289.5,1131.5,471.5,568.5,681.5,729.0,759.5,812.0,875.0,844.5,861.0,515.0,356.0,589.0,415.0,817.0,1664.0,1947.0,1863.0,1795.0,1075.0,546.0,148.0,418.0,204.0,710.0,2065.0,2807.0,2834.0,2718.0,1222.0,587.0,148.0,370.0,172.0,648.0,2442.0,3309.0,3284.0,3289.0,1396.0,675.0,299.0,552.0,290.0,897.0,2753.0,3697.0,3714.0,3634.0,1387.0,679.0,339.0,733.0,411.0,1259.0,2835.0,3496.0,3630.0,3530.0,1452.5,765.0,398.5,848.0,592.0,1506.0,2900.0,3300.0,3519.0,3491.0,1749.0,1024.0,775.0,1246.0,1269.0,2033.0,2970.0,3332.0,3552.0,3566.0,2260.5,1428.0,732.0,1213.0,1393.5,2144.0,2911.0,3215.5,3571.0,3603.5,2606.5,1780.0,821.0,1342.0,1672.0,2339.0,2837.5,3135.0,3498.0,3482.0,2807.0,1881.0,912.0,1304.0,1851.0,2249.0,2379.0,2557.0,2718.0,2829.0,1337.0,1037.0,509.0,589.0,712.0,756.0,784.0,836.0,893.0,853.0,3445.0,2567.0,1012.0,1335.0,1894.0,2153.0,2305.0,2470.0,2736.0,2807.0,3313.5,2465.5,1062.5,1378.5,1864.0,2156.0,2253.5,2434.0,2649.5,2697.0,2984.5,2337.0,840.5,1079.0,1448.5,1619.0,1749.0,1865.0,2062.5,2110.5,3106.0,2456.0,928.0,1125.0,1455.0,1629.0,1766.0,1876.0,2063.0,2142.0,2373.0,1511.0,700.0,893.0,1204.0,1373.0,1476.0,1619.0,1789.0,1805.0,657.0,454.0,493.0,472.0,544.0,584.0,636.0,675.0,750.0,773.0,1922.0,1698.0,666.0,877.0,1041.0,1134.0,1158.0,1237.0,1327.0,1298.0,918.0,791.0,413.0,435.0,503.0,534.0,550.0,606.0,572.0,641.0,2117.0,1885.0,757.0,1004.0,1186.0,1271.0,1314.0,1376.0,1476.0,1489.0,1679.0,1443.0,728.0,701.0,771.0,844.0,810.0,885.0,974.0,960.0,1546.0,1317.5,459.5,599.5,745.0,798.5,789.0,849.5,940.5,917.5,1655.0,1469.0,588.0,720.0,853.0,939.0,971.0,1025.0,1097.0,1106.0,1713.5,1519.0,615.0,772.0,906.0,983.5,1007.0,1065.5,1146.0,1137.5,"{""type"":""MultiPoint"",""coordinates"":[]}"
616_0,3,1762.0,1438.0,603.0,709.5,952.5,1047.0,1098.5,1185.0,1333.5,1304.5,1930.0,1652.0,695.5,891.0,1103.0,1197.0,1246.0,1324.0,1443.5,1434.0,2153.0,1874.0,871.0,1096.5,1332.5,1425.5,1436.0,1527.0,1598.0,1612.5,2443.0,2148.5,1053.0,1300.0,1574.0,1681.0,1679.5,1776.0,1879.0,1879.0,1091.0,996.0,878.0,1155.0,1324.0,1386.0,1450.0,1503.0,1523.0,1451.0,475.0,408.0,861.0,1155.0,999.0,1259.0,983.0,987.0,959.0,796.0,433.0,360.0,516.0,778.0,738.0,1020.0,878.0,983.0,925.0,809.0,570.0,388.0,516.0,789.0,748.0,1070.0,1001.0,1055.0,1035.0,948.0,646.0,527.0,445.0,727.0,613.0,982.0,1077.0,1157.0,1131.0,1034.0,1232.5,732.0,237.5,527.0,285.0,872.5,2102.5,2570.5,2552.5,2367.5,1505.5,772.5,155.5,394.0,158.5,708.5,2551.5,3499.0,3594.0,3455.5,1949.0,1617.0,666.0,823.0,1043.0,1148.0,1181.0,1297.0,1414.0,1401.0,1494.0,748.0,156.0,390.0,157.0,640.0,2675.0,3676.0,3692.0,3792.0,1506.0,727.0,69.0,324.0,91.0,635.0,2898.0,4158.0,4326.0,4280.0,1566.0,751.0,131.0,436.0,210.0,816.0,3120.0,4505.0,4695.0,4684.0,1597.0,787.0,431.0,876.0,561.0,1511.0,3453.0,4236.0,4436.0,4448.0,1711.5,929.5,485.0,1006.0,697.5,1667.5,3274.5,3831.0,4182.5,4065.5,2053.5,1232.5,573.0,1124.0,1086.5,1975.5,3128.5,3535.5,3777.0,3846.5,2712.5,1750.0,956.0,1493.0,1884.5,2515.5,3199.0,3476.0,3822.5,3839.5,3262.5,2162.5,1141.5,1671.0,2231.0,2779.0,3255.5,3491.5,3921.0,3863.0,3874.0,2665.0,1156.0,1552.0,2206.0,2648.0,2890.0,3173.0,3386.0,3528.0,3391.0,2584.0,1110.5,1552.5,2246.5,2628.5,2884.0,3009.5,3200.0,3470.0,1912.5,1591.5,628.5,781.5,1026.0,1110.0,1155.5,1253.5,1407.5,1417.5,3360.5,2458.0,954.5,1285.5,1865.5,2157.0,2317.5,2465.0,2756.0,2820.0,3285.0,2416.0,1016.0,1285.0,1805.5,2118.0,2209.5,2414.0,2632.5,2659.5,2843.5,2248.5,757.0,940.5,1260.5,1473.0,1567.5,1675.5,1836.5,1904.5,2822.5,2187.0,741.5,910.5,1206.0,1393.0,1522.5,1636.5,1726.5,1816.0,1598.0,1337.0,474.0,597.0,822.0,901.0,928.0,971.0,1148.0,1120.0,1342.0,1162.0,1076.0,1050.0,1008.0,1093.0,1262.0,1328.0,1354.0,1442.0,1509.0,1201.0,513.0,671.0,843.0,952.0,968.0,1043.0,1181.0,1173.0,1698.0,1400.0,625.0,752.0,890.0,966.0,1010.0,1101.0,1210.0,1206.0,2217.0,1911.0,856.0,1039.0,1266.0,1366.0,1425.0,1521.0,1633.0,1639.0,2137.5,1785.0,834.5,983.5,1193.5,1290.5,1345.5,1374.0,1545.5,1553.0,1728.5,1437.0,587.0,707.0,894.5,968.0,1001.5,1050.0,1181.0,1184.5,2109.5,1831.5,824.5,969.0,1151.5,1258.0,1378.5,1487.0,1610.5,1591.0,2095.0,1779.0,827.5,999.0,1178.0,1269.5,1405.5,1521.0,1658.5,1618.5,"{""type"":""MultiPoint"",""coordinates"":[]}"
617_0,3,1809.0,1492.0,643.5,799.5,1048.0,1165.0,1180.0,1248.0,1366.0,1355.0,2397.5,2092.0,1026.0,1299.0,1549.5,1666.5,1689.5,1753.5,1867.5,1835.5,2426.5,2117.5,927.5,1192.0,1449.5,1569.5,1613.5,1683.0,1775.0,1778.0,2533.0,2196.5,995.0,1279.0,1555.0,1667.0,1702.5,1777.0,1861.0,1863.0,1057.0,985.0,970.0,1287.0,1446.0,1580.0,1589.0,1592.0,1483.0,1451.0,281.0,252.0,686.0,984.0,1061.0,1151.0,840.0,881.0,853.0,709.0,416.0,327.0,665.0,1026.0,1013.0,1345.0,1129.0,1178.0,1150.0,959.0,684.0,474.0,642.0,955.0,907.0,1273.0,1318.0,1396.0,1258.0,1150.0,880.0,584.0,642.0,938.0,816.0,1247.0,1623.0,1824.0,1749.0,1620.0,890.5,589.5,372.5,664.5,558.0,1056.5,1619.5,1877.0,1787.0,1674.5,1180.5,662.5,317.5,544.0,397.5,979.5,2252.5,2650.5,2611.5,2622.0,1975.0,1660.0,683.0,912.0,1139.0,1277.0,1280.0,1358.0,1410.0,1449.0,1500.0,788.0,315.0,606.0,432.0,1031.0,2728.0,3501.0,3356.0,3514.0,1339.0,684.0,180.0,485.0,339.0,924.0,2622.0,3353.0,3346.0,3449.0,1305.0,662.0,180.0,448.0,264.0,850.0,2661.0,3532.0,3416.0,3496.0,1457.0,750.0,358.0,714.0,381.0,1172.0,3090.0,3715.0,3755.0,3789.0,1573.0,804.0,386.0,840.0,491.0,1426.0,3221.0,3813.0,4017.0,3957.0,1664.0,919.5,415.0,934.0,590.5,1644.0,2952.0,3298.0,3443.5,3466.5,1989.0,1104.0,732.0,1290.0,1181.0,2127.0,2886.0,3115.0,3329.0,3393.0,2289.5,1433.5,724.0,1293.0,1346.5,2225.5,2865.5,3111.5,3357.5,3433.0,2946.5,2059.0,854.0,1344.0,1755.5,2358.0,2730.0,2987.5,3268.0,3351.5,3380.0,2381.0,998.0,1397.0,2031.0,2417.0,2633.0,2867.0,2963.0,3176.0,1856.0,1577.0,540.0,759.0,1046.0,1167.0,1181.0,1286.0,1397.0,1356.0,3198.0,2378.0,893.0,1247.0,1763.0,2072.0,2148.0,2355.0,2400.0,2597.0,3109.0,2301.5,841.0,1119.0,1570.5,1822.0,1962.0,2136.5,2290.5,2395.5,2719.0,2156.5,619.5,824.5,1138.0,1324.5,1414.5,1514.5,1672.5,1756.5,2787.0,2276.0,713.0,879.0,1180.0,1348.0,1464.0,1543.0,1693.0,1796.0,2391.0,1640.0,522.0,650.0,950.0,1074.0,1172.0,1281.0,1454.0,1485.0,0.0,0.0,0.0,0.0,0.0,0.0,0.0,0.0,0.0,0.0,1702.0,1414.0,533.0,742.0,946.0,1057.0,1075.0,1148.0,1226.0,1208.0,1921.0,1650.0,703.0,846.0,1062.0,1120.0,1158.0,1240.0,1331.0,1324.0,2258.0,1979.0,782.0,1028.0,1256.0,1388.0,1420.0,1492.0,1585.0,1569.0,1942.0,1637.0,957.0,1185.0,1258.0,1279.0,1244.0,1323.0,1805.0,1436.0,1942.0,1637.0,607.0,765.0,973.0,1084.0,1076.0,1135.0,1254.0,1259.0,1953.0,1698.0,671.0,840.0,1053.0,1137.0,1171.0,1242.0,1327.0,1349.0,2143.5,1874.0,801.5,990.5,1213.0,1329.5,1356.5,1422.5,1529.5,1531.0,"{""type"":""MultiPoint"",""coordinates"":[]}"
618_0,3,2148.0,1758.0,872.5,1079.0,1343.5,1542.0,1558.5,1631.0,1719.5,1747.5,2648.5,2238.5,1079.5,1380.5,1707.0,1856.0,1864.0,1963.0,2083.5,2084.5,2803.5,2366.5,1082.5,1387.5,1761.5,1908.0,1907.5,1990.0,2111.5,2145.5,303.5,278.0,430.5,579.0,656.0,820.0,740.5,812.5,818.5,764.5,173.0,134.0,429.0,588.5,653.5,796.5,709.0,779.0,791.5,709.0,324.0,274.5,569.5,782.5,790.0,1011.0,997.5,1110.5,1114.5,1031.0,755.5,574.5,461.0,728.0,588.5,1031.5,1619.0,1787.5,1649.5,1598.0,1357.0,689.0,317.0,678.0,330.5,999.5,3097.0,3717.5,3827.0,3775.0,1459.0,716.5,171.5,532.0,284.5,1001.0,3356.5,4216.0,4410.5,4430.5,1649.5,877.0,214.5,553.0,370.0,1062.5,2917.0,3727.5,3987.5,4201.5,1721.0,893.0,183.0,433.5,263.0,804.0,2710.5,3666.0,3921.5,4066.0,2459.0,2036.0,915.5,1162.5,1465.0,1667.0,1727.0,1781.5,1787.0,1913.0,1790.5,927.0,196.5,473.5,240.5,850.0,2863.0,3818.0,4074.5,4236.5,1777.0,896.0,233.0,708.5,357.0,1263.0,3244.5,4148.5,4351.0,4454.0,1838.0,949.5,396.0,855.5,583.0,1462.0,3336.0,4064.0,4211.5,4410.0,2109.5,1146.5,626.5,1138.0,978.5,1953.0,3288.0,3817.0,4098.5,4263.0,2350.5,1342.5,696.0,1179.0,1222.5,2059.5,3147.0,3651.5,4083.0,4114.0,2783.0,1701.0,799.0,1323.0,1620.0,2401.0,3125.0,3512.0,3866.0,4048.0,4105.0,2900.5,1212.5,1670.5,2339.0,2787.5,3003.0,3324.5,3743.0,3861.5,4208.0,2900.5,1137.0,1647.0,2360.0,2787.5,3003.0,3324.5,3743.0,3861.5,3561.5,2683.0,1123.0,1527.0,2126.0,2441.5,2694.5,2884.5,3360.0,3364.5,2117.0,1610.0,722.0,987.0,1373.0,1556.0,1585.0,1684.5,1785.5,1873.0,2320.5,1902.5,826.5,1067.5,1377.5,1551.0,1569.0,1654.0,1779.5,1809.0,2414.5,1877.0,853.5,1122.5,1501.0,1728.0,1735.5,1822.5,1935.5,2018.5,2276.5,1772.0,916.5,1137.5,1454.5,1622.0,1681.5,1731.5,1853.5,1910.0,2131.0,1697.5,733.5,896.0,1178.5,1309.5,1341.0,1435.0,1564.0,1553.5,1676.5,1388.0,530.5,650.5,872.5,952.5,1005.0,1098.5,1166.0,1144.5,1225.0,1022.0,318.5,424.5,569.5,639.0,672.5,709.5,789.0,786.5,0.0,0.0,0.0,0.0,0.0,0.0,0.0,0.0,0.0,0.0,2389.0,2029.5,845.5,1065.5,1325.0,1486.5,1554.5,1565.0,1694.5,1708.5,2459.0,2061.0,949.0,1082.5,1319.0,1431.0,1482.5,1631.5,1659.0,1764.0,2470.0,2075.0,923.0,1140.5,1410.5,1562.0,1592.0,1646.0,1775.0,1787.0,2557.0,2076.5,987.5,1128.5,1371.0,1536.5,1535.5,1621.0,1722.0,1764.0,2557.0,2076.5,987.5,1128.5,1371.0,1536.5,1535.5,1621.0,1722.0,1764.0,2293.0,1927.0,804.5,983.5,1260.0,1401.5,1425.0,1509.0,1617.0,1623.0,2444.0,2082.0,854.5,1077.5,1370.0,1498.0,1564.5,1650.5,1765.0,1779.5,"{""type"":""MultiPoint"",""coordinates"":[]}"
619_0,3,2453.5,2128.0,1367.5,1409.0,1505.0,1682.0,1833.5,1971.0,2109.0,2064.0,2625.0,2392.0,815.0,1096.0,1475.0,1627.0,1661.0,1780.0,1890.0,1884.0,2491.0,2319.0,746.0,1007.0,1357.0,1481.0,1571.0,1610.0,1738.0,1773.0,424.5,360.5,340.5,483.0,466.5,598.5,474.0,565.5,570.0,465.0,590.0,454.0,415.0,628.0,661.0,810.0,781.0,857.0,895.0,793.0,621.0,496.0,403.0,616.0,632.0,815.0,921.0,999.0,1006.0,972.0,612.0,513.0,354.0,585.0,478.0,714.0,927.0,1039.0,988.0,972.0,1342.0,870.0,322.0,585.0,465.0,822.0,1535.0,1665.0,1822.0,1785.0,1124.0,674.0,175.0,332.0,208.0,547.0,1615.0,2055.0,2013.0,2068.0,1401.5,724.5,76.0,235.0,106.0,474.5,2131.5,3327.0,3240.0,3388.0,1474.5,747.5,81.0,260.0,102.5,439.0,2425.0,4032.0,4013.0,4123.0,2120.5,1842.0,924.0,920.0,1016.5,1126.0,1237.0,1328.5,1471.0,1467.5,1552.0,781.0,94.5,271.5,98.5,507.0,2709.5,4456.5,4461.0,4693.5,1547.5,789.0,150.0,403.0,164.0,757.5,3134.0,4658.5,4816.0,4951.0,1594.0,814.0,497.0,838.0,594.0,1311.0,3265.0,4459.0,4544.0,4807.0,1749.0,981.0,723.0,1118.0,942.0,1757.0,3296.0,3900.0,4169.0,4294.0,1807.0,1028.0,608.0,1068.0,942.0,1757.0,3015.0,3524.0,3937.0,3891.0,2133.0,1293.0,571.0,1080.0,1144.0,1956.0,2974.0,3329.0,3636.0,3704.0,4531.5,3319.0,1119.5,1562.0,2224.0,2711.0,2980.5,3286.5,3590.0,3724.5,4505.0,3372.5,1116.0,1555.5,2315.5,2712.0,2937.5,3176.0,3525.5,3622.0,4177.0,3029.0,972.0,1388.0,2114.0,2504.0,2694.0,2882.0,3291.0,3359.0,3647.0,2765.5,930.0,1259.5,1798.0,2113.0,2274.0,2519.0,2665.5,2824.0,2026.0,1739.0,453.0,677.0,925.0,1070.0,1153.0,1222.0,1375.0,1409.0,3637.5,2974.5,817.0,1115.5,1508.0,1801.0,1930.5,2062.0,2238.5,2421.5,2016.0,1823.5,944.0,970.5,1091.0,1157.5,1277.0,1276.5,1411.0,1456.5,2896.0,2864.5,701.0,789.0,1013.5,1174.0,1243.5,1332.5,1513.5,1555.0,2674.5,2586.0,686.0,793.5,974.5,1083.5,1213.0,1304.5,1445.0,1469.0,2108.5,1836.0,409.5,564.0,798.5,952.5,1081.0,1123.5,1331.5,1378.5,0.0,0.0,0.0,0.0,0.0,0.0,0.0,0.0,0.0,0.0,1795.0,1436.0,339.0,576.0,799.0,1007.0,1137.0,1173.0,1361.0,1384.0,2170.0,1786.0,479.0,686.0,892.0,1148.0,1289.0,1400.0,1485.0,1550.0,2318.0,1894.0,563.0,785.0,1006.0,1292.0,1620.0,1684.0,1842.0,1871.0,1290.0,1041.0,453.5,517.0,590.5,734.5,927.5,1023.0,1143.0,1133.5,1097.0,875.0,375.5,453.5,508.5,651.5,821.5,869.0,983.0,973.0,2189.0,2019.0,588.0,792.0,1091.0,1224.0,1273.0,1374.0,1515.0,1451.0,2223.5,2050.5,654.5,892.0,1176.0,1318.5,1425.0,1533.5,1621.5,1636.0,"{""type"":""MultiPoint"",""coordinates"":[]}"
620_0,3,1987.5,1784.0,1170.0,1218.0,1271.0,1468.0,1625.0,1688.0,1748.0,1758.0,2608.0,2449.0,925.0,1182.0,1506.0,1652.0,1687.0,1767.0,1890.0,1904.0,2605.0,2529.0,919.0,1131.0,1438.0,1576.0,1645.0,1732.0,1834.0,1866.0,624.0,606.5,581.5,753.0,817.5,955.0,785.0,815.0,722.0,706.5,261.5,231.5,319.5,483.0,448.0,604.0,397.0,506.0,444.5,364.0,442.0,332.0,321.0,553.5,413.5,747.5,874.5,917.0,924.5,760.0,839.0,532.0,275.0,559.0,315.0,852.0,1450.0,1539.0,1462.0,1451.0,1051.0,625.0,258.0,559.0,291.0,855.0,1768.0,1975.0,1978.0,1867.0,1307.0,673.0,133.0,359.0,108.0,639.0,2374.0,3034.0,3034.0,3025.0,1423.5,668.0,61.0,260.5,40.0,516.0,2660.0,4261.5,4236.0,4333.0,1313.5,603.5,34.5,212.5,27.0,424.0,2596.0,4494.5,4527.5,4672.5,2030.0,1780.5,1046.0,1067.5,1111.5,1326.5,1495.5,1612.0,1718.0,1691.5,1351.0,626.0,40.0,226.0,30.0,436.5,2615.5,4554.5,4671.5,4804.0,1374.5,623.0,146.0,486.0,172.0,892.0,3085.0,4504.0,4746.5,4881.5,1469.0,697.0,516.0,827.0,598.0,1242.0,3265.0,4371.0,4459.0,4675.0,1602.0,847.0,641.0,980.0,807.0,1548.0,3155.0,3864.0,4022.0,4153.0,1654.0,916.0,525.0,945.0,807.0,1548.0,2890.0,3525.0,3825.0,3817.0,2102.0,1211.0,544.0,964.0,995.0,1805.0,2984.0,3324.0,3727.0,3772.0,4481.5,3151.0,1136.5,1574.0,2101.0,2541.5,3058.5,3326.5,3744.5,3827.0,4657.0,3411.0,1171.0,1637.0,2319.0,2738.0,3048.0,3329.0,3610.0,3644.0,4381.0,3232.0,1209.0,1655.0,2402.0,2728.0,2937.0,3214.0,3603.0,3642.0,4169.0,3096.5,1120.5,1495.5,2151.0,2520.5,2683.0,2877.0,3144.0,3284.5,1615.0,1350.0,453.0,631.0,785.0,933.0,1148.0,1259.0,1387.0,1344.0,4056.0,3209.0,921.0,1247.0,1712.0,2026.0,2207.0,2410.0,2462.0,2722.0,2684.0,2289.0,915.0,953.0,1083.0,1325.0,1340.0,1475.0,1549.0,1644.0,2617.0,2309.5,553.0,695.0,849.0,1079.0,1337.0,1456.5,1585.5,1673.0,2651.5,2412.0,628.0,733.5,886.5,1094.0,1321.0,1491.5,1546.5,1647.0,2054.0,1550.5,366.0,587.0,704.0,1043.5,1527.5,1601.0,1765.0,1940.0,0.0,0.0,0.0,0.0,0.0,0.0,0.0,0.0,0.0,0.0,1389.0,1025.0,257.0,451.0,515.0,781.0,1278.0,1249.0,1382.0,1444.0,1334.0,1157.0,458.5,558.5,560.0,839.0,1261.5,1368.5,1304.0,1422.0,1824.5,1407.5,420.0,706.0,731.0,1186.0,1820.0,1925.0,2134.0,2090.0,1796.5,1525.0,505.5,685.5,812.5,1074.5,1430.5,1525.5,1642.5,1657.5,1807.0,1620.0,455.0,612.0,800.0,992.0,1101.0,1196.0,1267.0,1328.0,2256.5,2103.5,731.5,925.0,1200.0,1342.5,1408.5,1516.0,1627.0,1631.5,2545.5,2447.0,843.0,1090.5,1390.5,1526.5,1595.0,1687.0,1798.0,1843.0,"{""type"":""MultiPoint"",""coordinates"":[]}"
621_0,3,3388.0,2639.5,1086.0,1209.0,1517.0,1733.0,1836.0,2073.0,2281.0,2307.5,2204.0,2014.0,624.0,885.0,1208.0,1327.0,1385.0,1457.0,1569.0,1616.0,2419.0,2297.0,770.0,1031.0,1355.0,1521.0,1566.0,1656.0,1751.0,1787.0,1225.5,1126.0,474.0,647.0,830.5,893.5,889.5,907.5,968.5,935.0,411.0,367.0,679.0,767.0,794.0,887.0,697.0,739.0,733.0,607.0,411.0,367.0,333.0,608.0,526.0,828.0,697.0,739.0,733.0,607.0,562.0,441.0,259.0,577.0,323.0,802.0,912.0,971.0,869.0,823.0,1536.0,864.0,259.0,613.0,320.0,941.0,2096.0,2446.0,2434.0,2449.0,1200.0,647.0,191.0,433.0,189.0,683.0,1996.0,2397.0,2398.0,2264.0,1206.0,604.0,83.0,317.5,112.0,637.5,2183.5,2859.5,2871.5,2863.0,1192.5,573.0,38.5,207.0,41.0,445.0,2261.5,3200.5,3331.0,3293.0,3738.0,3120.0,2064.0,2194.0,2489.0,2650.5,2681.0,2789.0,2921.0,2915.5,1343.5,626.0,31.0,216.0,14.0,482.5,2666.5,3954.5,4012.5,4043.0,1339.5,635.0,133.0,526.5,168.5,952.0,3139.0,4174.5,4312.0,4389.0,1415.0,720.0,512.0,869.0,610.0,1364.0,3282.0,4015.0,4088.0,4241.0,1437.0,811.0,726.0,1178.0,992.0,1939.0,3181.0,3580.0,3724.0,3699.0,2037.0,1230.0,672.0,1178.0,1097.0,2049.0,3135.0,3497.0,3739.0,3785.0,2415.0,1503.0,643.0,1237.0,1280.0,2179.0,3160.0,3524.0,3770.0,3882.0,4499.0,3062.0,1167.5,1585.0,2209.5,2701.0,3043.5,3355.0,3671.5,3865.5,4056.0,3007.0,1049.5,1414.5,2031.5,2380.5,2692.0,2915.5,3258.5,3344.0,3806.0,2772.0,1002.0,1360.0,1858.0,2138.0,2435.0,2639.0,2933.0,3028.0,3231.5,2372.5,762.0,1052.5,1469.0,1816.5,2034.0,2244.0,2418.5,2582.5,3415.0,2707.0,760.0,991.0,1380.0,1547.0,1625.0,1773.0,2029.0,2098.0,3310.0,2616.5,680.5,928.5,1235.0,1500.0,1774.0,1980.5,2085.0,2260.0,3662.0,3014.0,1520.5,1702.5,1888.5,2185.5,2454.5,2663.5,2772.0,2857.0,2980.0,2476.0,706.0,839.0,1007.0,1265.5,1516.0,1705.0,1833.0,1921.0,2875.0,2383.0,676.5,829.5,982.5,1249.5,1498.0,1679.5,1792.5,1871.5,2321.5,1734.0,419.5,599.5,791.0,1054.0,1266.0,1422.0,1566.0,1625.5,0.0,0.0,0.0,0.0,0.0,0.0,0.0,0.0,0.0,0.0,3859.0,2988.0,920.0,1243.0,1771.0,1990.0,2082.0,2210.0,2454.0,2569.0,3187.0,2788.0,1001.0,1297.0,1788.0,2046.0,2119.0,2320.0,2454.0,2583.0,3673.0,2886.0,1036.0,1327.0,1817.0,2051.0,2099.0,2291.0,2532.0,2631.0,1991.5,1625.5,567.0,638.0,850.0,946.0,1016.0,1116.0,1245.5,1239.0,1447.0,1210.0,418.0,556.0,774.0,854.0,898.0,958.0,1067.0,1078.0,1970.0,1767.5,576.0,773.5,1051.0,1177.5,1227.0,1289.0,1406.5,1431.0,2006.0,1849.5,576.0,775.5,1046.5,1172.0,1235.5,1299.5,1411.5,1427.5,"{""type"":""MultiPoint"",""coordinates"":[]}"
622_0,3,630.0,515.5,243.0,324.0,486.0,625.0,578.0,638.5,628.5,640.0,2157.5,1816.0,692.5,879.5,1110.5,1260.0,1348.5,1460.5,1594.5,1568.5,2131.5,1798.5,704.5,918.0,1144.5,1281.5,1378.5,1459.0,1552.0,1572.5,2251.5,1920.0,824.5,1079.0,1283.5,1443.0,1532.0,1632.0,1703.5,1731.0,2334.0,2022.0,1028.0,1305.0,1519.0,1621.0,1721.0,1800.0,1899.0,1887.0,923.0,833.0,657.0,839.0,981.0,1229.0,1129.0,1152.0,1084.0,1240.0,727.0,580.0,623.0,892.0,929.0,1145.0,967.0,1090.0,952.0,923.0,778.0,612.0,636.0,917.0,904.0,1154.0,1016.0,1084.0,1029.0,992.0,833.0,598.0,490.0,751.0,707.0,1067.0,1104.0,1144.0,1033.0,1041.0,1040.0,754.0,305.0,538.0,450.0,1061.0,1556.0,1720.5,1600.5,1567.0,1185.5,830.5,212.0,417.0,327.0,931.5,1613.5,1940.0,1876.0,1747.0,785.0,636.0,288.0,407.0,586.0,744.0,693.0,804.0,884.0,855.0,1309.0,805.0,171.0,346.0,261.0,783.0,2169.0,2801.0,2812.0,2670.0,1357.0,809.0,143.0,370.0,261.0,770.0,2187.0,2926.0,3072.0,2898.0,1484.0,883.0,181.0,474.0,287.0,868.0,2588.0,3351.0,3419.0,3329.0,1599.0,921.0,436.0,846.0,554.0,1466.0,3030.0,3447.0,3697.0,3571.0,1626.0,955.0,466.0,916.0,729.0,1535.0,2784.0,3166.0,3487.0,3236.0,1899.5,1192.0,557.5,1022.5,1058.0,1795.0,2606.5,2865.0,3163.5,3194.0,2676.0,1772.5,1114.5,1468.0,1684.0,2152.0,2635.5,2853.0,3222.5,3219.0,3249.5,2337.5,1040.0,1449.5,1973.0,2333.5,2611.5,2855.5,3270.0,3189.0,3224.0,2323.0,1005.0,1406.5,1991.5,2342.5,2559.0,2797.5,3223.0,3123.0,3058.0,2171.0,897.0,1264.0,1843.0,2116.0,2472.0,2540.0,2894.0,2973.0,574.0,413.0,352.0,412.0,586.0,744.0,693.0,745.0,824.0,801.0,3018.0,2171.0,754.0,1054.0,1512.0,1774.0,1995.0,2197.0,2460.0,2443.0,2905.0,2222.0,821.5,1097.0,1502.5,1770.0,1954.0,2140.5,2357.0,2378.5,2501.5,1987.0,619.5,810.0,1072.5,1283.5,1451.5,1566.0,1747.5,1775.0,2304.0,1815.0,575.0,741.0,980.0,1216.0,1356.0,1503.0,1652.0,1639.0,514.0,362.0,124.0,180.0,230.0,352.0,322.0,360.0,306.0,317.0,0.0,0.0,0.0,0.0,0.0,0.0,0.0,0.0,0.0,0.0,772.0,674.0,192.0,317.0,434.0,593.0,481.0,537.0,523.0,546.0,772.0,674.0,310.0,364.0,492.0,589.0,500.0,549.0,625.0,546.0,1464.0,1096.0,571.0,777.0,1045.0,1219.0,1267.0,1398.0,1677.0,1531.0,1667.0,1152.0,585.0,717.0,1087.0,1179.0,1325.0,1415.0,1739.0,1674.0,2782.0,2171.0,1004.0,1305.0,1696.0,1824.0,1979.0,2044.0,2446.0,2416.0,3919.0,3129.0,1386.0,1671.0,2098.0,2323.0,2400.0,2645.0,2989.0,2867.0,4038.5,3222.5,1393.0,1686.0,2146.0,2340.5,2446.5,2674.0,2997.5,2915.0,"{""type"":""MultiPoint"",""coordinates"":[]}"
623_0,3,3187.0,2796.0,2833.0,2705.5,2725.0,2856.5,2916.0,2955.0,3200.5,3027.0,2579.0,2354.0,802.0,1109.0,1475.0,1614.0,1677.0,1775.0,1885.0,1873.0,2294.0,2084.0,578.0,840.0,1173.0,1314.0,1367.0,1446.0,1566.0,1628.0,558.5,510.5,359.0,471.0,504.0,660.5,502.5,619.5,581.0,588.5,314.0,263.0,396.0,573.0,533.0,745.0,634.0,684.0,633.0,568.0,584.0,436.0,467.0,659.0,629.0,894.0,882.0,919.0,961.0,963.0,580.0,397.0,258.0,440.0,372.0,719.0,985.0,1082.0,1072.0,1002.0,728.0,562.0,258.0,514.0,389.0,785.0,985.0,1082.0,1125.0,1002.0,988.0,579.0,132.0,270.0,144.0,438.0,1449.0,1808.0,1725.0,1779.0,1213.5,611.5,20.0,173.5,8.0,378.0,2252.5,3572.5,3576.5,3578.5,1372.0,633.5,29.0,206.5,22.0,404.0,2539.5,4181.0,4303.0,4318.0,2171.0,1874.5,904.5,910.0,1017.0,1136.5,1249.0,1342.5,1485.0,1468.0,1434.0,663.5,38.5,219.0,23.0,456.0,2835.0,4609.0,4660.0,4740.5,1493.5,716.5,199.0,616.0,237.0,1121.5,3337.0,4616.5,4799.0,4916.0,1593.0,783.0,528.0,929.0,657.0,1453.0,3434.0,4357.0,4424.0,4595.0,1715.0,956.0,737.0,1157.0,1019.0,1868.0,3233.0,3763.0,3971.0,4075.0,1822.0,1051.0,646.0,1142.0,1076.0,1930.0,3023.0,3393.0,3724.0,3709.0,2341.0,1469.0,734.0,1266.0,1433.0,2328.0,3023.0,3393.0,3577.0,3709.0,4735.0,3419.0,1239.0,1696.5,2420.0,2803.0,3021.5,3325.0,3677.5,3774.5,4644.5,3469.0,1200.5,1653.5,2430.5,2734.5,2952.5,3252.5,3590.0,3574.0,4285.0,3121.0,1051.0,1492.0,2227.0,2517.0,2729.0,2950.0,3354.0,3411.0,3599.5,2818.0,996.0,1342.5,1881.0,2165.0,2266.5,2544.0,2690.5,2898.5,2073.0,1755.0,454.0,697.0,940.0,1071.0,1183.0,1282.0,1398.0,1398.0,3651.0,2987.0,866.0,1162.5,1567.0,1794.5,1957.0,2104.0,2259.0,2380.5,2685.0,2521.5,1241.0,1305.0,1476.0,1662.5,1694.5,1788.0,1836.0,1906.0,2953.5,2961.0,759.5,849.5,1093.5,1221.5,1294.0,1420.0,1566.0,1611.0,2692.0,2682.5,705.0,806.0,1017.5,1155.5,1232.0,1318.0,1442.0,1485.5,2020.0,1717.5,435.5,577.5,813.0,941.0,1015.0,1142.5,1320.5,1304.0,0.0,0.0,0.0,0.0,0.0,0.0,0.0,0.0,0.0,0.0,1652.0,1245.0,283.0,489.0,699.0,873.0,987.0,1057.0,1171.0,1246.0,2030.0,1682.0,440.0,610.0,828.0,1063.0,1176.0,1284.0,1352.0,1447.0,2408.0,2003.0,562.0,806.0,1030.0,1308.0,1532.0,1637.0,1754.0,1820.0,2228.5,1796.0,710.5,853.5,1047.5,1264.5,1526.5,1655.5,1833.5,1797.5,2049.5,1615.0,631.0,788.0,961.0,1201.5,1453.5,1556.5,1725.0,1706.5,2156.0,2001.0,549.0,768.0,1061.0,1190.0,1245.0,1342.0,1468.0,1462.0,2204.5,2044.0,658.5,887.5,1176.0,1307.5,1401.5,1481.5,1582.5,1599.0,"{""type"":""MultiPoint"",""coordinates"":[]}"
624_0,3,1822.0,1540.5,510.0,656.5,899.5,1024.0,1042.5,1124.0,1234.5,1233.5,2469.0,2114.0,976.0,1301.0,1582.5,1711.0,1749.5,1807.0,1922.0,1908.5,2399.5,2055.0,867.5,1158.0,1453.0,1581.5,1611.0,1636.0,1783.0,1767.0,503.0,473.0,729.5,1019.5,1045.5,1320.5,1184.5,1292.5,1198.5,1157.5,330.5,226.0,648.5,947.5,1047.0,1301.0,1203.0,1255.5,1274.5,1239.5,329.0,226.0,568.5,880.5,977.0,1277.5,1176.0,1256.0,1267.5,1159.0,637.5,460.0,509.5,817.0,730.5,1168.0,1510.0,1652.0,1488.5,1468.5,1365.0,765.0,529.0,822.5,643.5,1169.5,2507.5,2762.0,2734.0,2766.5,1790.0,873.0,309.5,632.5,325.5,1081.5,3273.5,4178.5,4310.5,4286.5,1893.0,942.5,218.0,586.5,310.0,1091.0,3426.0,4552.5,4618.5,4817.5,1855.5,919.0,206.0,499.5,305.5,1026.5,3230.0,4534.5,4693.0,4845.0,2110.5,1795.5,580.5,794.5,1045.5,1189.0,1244.5,1305.0,1380.5,1438.5,1865.5,925.0,225.0,548.5,297.0,1102.5,3424.0,4676.0,4820.0,5006.5,1803.0,878.0,234.0,626.0,327.5,1250.5,3645.5,4762.0,5015.0,5106.5,1816.0,894.5,344.5,751.0,485.0,1429.0,3671.0,4515.0,4682.5,4908.0,1975.0,1034.0,523.5,933.0,802.0,1833.5,3492.5,4026.5,4259.5,4417.0,2244.5,1316.0,615.5,1084.0,1138.0,2045.5,3164.5,3545.0,3970.5,4036.0,2995.0,1922.0,833.0,1376.0,1849.0,2692.0,3189.0,3515.0,3847.0,3996.0,4265.5,2939.5,1259.0,1765.5,2617.5,3069.0,3323.5,3566.0,3993.0,4083.0,4265.5,2961.5,1184.5,1649.0,2496.0,3058.0,3323.5,3566.0,3993.0,4053.5,3633.5,2731.0,1205.5,1635.0,2273.0,2538.5,2781.0,2965.0,3422.0,3330.5,2307.5,1730.0,832.0,1157.5,1613.5,1858.0,1914.5,1969.0,2080.5,2149.0,2015.0,1694.0,479.0,706.0,948.5,1073.5,1151.5,1244.5,1333.0,1345.0,2651.0,2058.5,952.5,1273.0,1739.0,1966.0,2051.5,2141.0,2279.0,2351.0,2490.0,1993.5,962.5,1203.0,1572.5,1760.0,1817.0,1924.5,2071.0,2097.5,2248.5,1845.5,720.0,934.0,1240.0,1369.5,1460.0,1535.0,1693.0,1703.0,1873.5,1599.0,555.5,753.0,1012.5,1141.0,1153.0,1239.0,1325.5,1335.5,1507.0,1284.0,407.5,549.5,769.5,830.5,900.5,952.0,1035.0,1047.0,0.0,0.0,0.0,0.0,0.0,0.0,0.0,0.0,0.0,0.0,1625.5,1226.5,456.0,636.0,842.0,951.5,989.5,1084.0,1231.0,1191.5,1946.0,1629.0,651.5,790.5,968.0,1091.5,1120.0,1207.0,1283.0,1308.0,2485.5,2029.5,840.0,1096.0,1346.5,1497.0,1537.0,1625.0,1735.5,1752.5,2410.0,2008.0,815.0,1012.0,1279.5,1408.5,1454.0,1513.0,1659.5,1663.5,2187.5,1806.0,788.5,896.5,1112.0,1210.5,1235.5,1320.0,1437.5,1439.5,2237.0,1917.5,716.0,931.5,1208.5,1324.0,1375.5,1451.5,1549.5,1569.0,2282.5,1937.0,789.0,1041.0,1301.5,1422.5,1499.5,1556.0,1653.5,1665.0,"{""type"":""MultiPoint"",""coordinates"":[]}"
625_0,3,1724.5,1441.0,599.0,750.5,978.0,1095.0,1107.0,1176.0,1262.0,1260.0,2362.5,2051.5,959.5,1229.5,1478.0,1599.5,1638.5,1709.5,1799.5,1803.0,2421.5,2086.0,904.5,1169.5,1428.5,1550.5,1592.0,1683.5,1764.0,1763.0,2504.0,2168.5,971.5,1263.0,1515.5,1654.0,1688.5,1768.5,1841.5,1873.0,1110.0,1021.0,955.0,1309.0,1403.0,1522.0,1566.0,1631.0,1602.0,1510.0,303.0,275.0,774.0,1057.0,1149.0,1228.0,840.0,922.0,854.0,683.0,392.0,341.0,629.0,980.0,942.0,1319.0,1086.0,1163.0,1096.0,946.0,616.0,508.0,593.0,958.0,813.0,1268.0,1280.0,1365.0,1343.0,1169.0,1089.0,681.0,416.0,763.0,573.0,1176.0,1943.0,2115.0,2111.0,1965.0,1097.0,663.5,285.0,576.5,380.0,963.5,1991.0,2374.0,2365.5,2275.5,1267.5,689.5,207.5,508.0,296.5,904.5,2647.5,3317.0,3464.0,3204.5,1929.0,1616.0,664.0,857.0,1067.0,1169.0,1227.0,1286.0,1329.0,1394.0,1465.0,761.0,233.0,487.0,307.0,902.0,2852.0,3801.0,3937.0,4055.0,1334.0,653.0,105.0,375.0,208.0,767.0,2678.0,3734.0,3872.0,3823.0,1265.0,616.0,105.0,334.0,148.0,670.0,2807.0,3754.0,3916.0,3920.0,1528.0,750.0,390.0,735.0,392.0,1172.0,3364.0,4149.0,4387.0,4311.0,1627.0,804.0,390.0,808.0,455.0,1316.0,3328.0,4046.0,4488.0,4245.0,1706.5,933.0,422.0,933.5,557.5,1632.5,3247.0,3635.5,3888.5,3877.5,2007.0,1105.0,785.0,1471.0,1225.0,2268.0,3272.0,3620.0,3880.0,3891.0,2385.0,1460.5,850.0,1538.5,1456.0,2557.0,3382.5,3727.0,4075.5,4038.0,3050.5,2123.0,882.5,1459.0,1763.0,2458.5,2876.0,3133.5,3424.5,3449.5,3204.0,2191.0,926.0,1255.0,1811.0,2185.0,2313.0,2478.0,2672.0,2762.0,1801.0,1526.0,495.0,723.0,960.0,1070.0,1092.0,1177.0,1285.0,1296.0,3459.0,2547.0,904.0,1305.0,1801.0,2195.0,2284.0,2434.0,2515.0,2674.0,3249.5,2431.5,889.5,1161.5,1599.5,1847.0,1977.0,2175.5,2321.5,2411.0,2860.0,2283.5,653.0,859.5,1188.5,1358.0,1462.0,1594.0,1727.0,1799.5,2958.0,2446.0,725.0,876.0,1203.0,1379.0,1471.0,1600.0,1729.0,1815.0,2380.0,1555.0,548.0,702.0,988.0,1145.0,1244.0,1358.0,1526.0,1530.0,0.0,0.0,0.0,0.0,0.0,0.0,0.0,0.0,0.0,0.0,1573.0,1320.0,483.0,641.0,821.0,912.0,944.0,1007.0,1102.0,1097.0,1698.0,1474.0,584.0,692.0,843.0,945.0,962.0,1031.0,1109.0,1092.0,2079.0,1814.0,685.0,869.0,1096.0,1207.0,1233.0,1335.0,1388.0,1407.0,2029.0,1981.0,859.0,1020.0,1244.0,1343.0,1369.0,1443.0,1538.0,1526.0,1823.0,1543.0,535.0,670.0,867.0,952.0,965.0,1044.0,1132.0,1130.0,1941.0,1693.0,655.0,824.0,1023.0,1125.0,1132.0,1233.0,1303.0,1313.0,2103.0,1848.0,776.5,954.0,1179.0,1279.0,1324.0,1393.0,1496.0,1486.5,"{""type"":""MultiPoint"",""coordinates"":[]}"
626_0,3,1908.5,1549.0,611.0,774.0,1011.0,1131.0,1158.5,1256.5,1355.0,1409.5,2237.5,1872.5,707.5,934.0,1189.0,1305.5,1353.5,1462.5,1546.0,1562.5,2574.5,2192.0,864.5,1147.0,1433.0,1569.0,1593.5,1660.0,1744.0,1792.0,2782.0,2376.5,980.5,1300.0,1616.0,1771.0,1768.0,1871.0,1923.0,1962.5,1116.0,1036.0,846.0,1119.0,1231.0,1436.0,1300.0,1371.0,1484.0,1431.0,482.0,429.0,617.0,899.0,1023.0,1365.0,1208.0,1275.0,1151.0,1113.0,614.0,423.0,543.0,889.0,847.0,1227.0,1271.0,1347.0,1302.0,1229.0,1025.0,800.0,537.0,844.0,680.0,1151.0,1716.0,1846.0,1714.0,1764.0,1821.0,930.0,302.0,683.0,319.0,1066.0,3137.0,3448.0,3581.0,3727.0,1922.5,967.0,244.0,618.5,264.5,999.0,3342.0,4481.5,4491.5,4583.0,1683.0,814.0,92.5,333.5,133.5,697.5,3125.0,4662.5,4690.0,4754.5,2102.0,1734.0,687.0,872.0,1099.0,1228.0,1280.0,1382.0,1461.0,1520.0,1658.0,799.0,129.0,363.0,167.0,685.0,3195.0,4626.0,4757.0,4977.0,1677.0,799.0,46.0,391.0,138.0,848.0,3502.0,4966.0,5101.0,5234.0,1735.0,855.0,296.0,782.0,388.0,1408.0,3895.0,4975.0,5154.0,5349.0,1976.0,994.0,508.0,1057.0,733.0,1928.0,3867.0,4740.0,4876.0,5000.0,2032.5,1138.5,546.5,1145.0,906.0,2039.0,3666.5,4184.5,4585.5,4622.5,2675.0,1633.5,769.5,1427.0,1595.5,2607.5,3600.5,4100.5,4372.0,4504.0,3515.5,2311.0,1253.5,1905.5,2564.0,3403.5,4074.5,4395.0,4851.0,4874.5,4457.5,3119.5,1451.5,2034.5,2888.0,3550.5,3817.0,4148.5,4428.0,4651.5,4057.0,2938.0,1266.0,1733.0,2531.0,2918.0,3116.0,3408.0,3663.0,3730.0,4114.5,2887.5,1333.5,1868.5,2726.5,3157.5,3202.0,3608.5,3738.0,3734.0,2116.5,1740.5,659.5,838.5,1085.5,1203.5,1266.0,1350.0,1471.5,1492.5,3350.5,2454.5,1028.5,1421.0,1987.5,2239.0,2238.5,2522.0,2750.5,2802.5,3369.0,2515.0,1063.5,1396.0,1892.0,2175.5,2234.5,2362.0,2665.0,2700.5,3056.5,2403.0,809.0,1055.5,1391.5,1593.0,1617.0,1795.0,1977.5,1926.0,3100.0,2552.5,875.5,1054.5,1410.0,1556.0,1616.5,1747.0,1987.0,1963.0,1858.0,1170.0,446.0,625.0,856.0,1015.0,1011.0,1095.0,1195.0,1267.0,0.0,0.0,0.0,0.0,0.0,0.0,0.0,0.0,0.0,0.0,1827.0,1460.0,574.0,762.0,967.0,1027.0,1061.0,1120.0,1236.0,1273.0,1934.0,1613.0,673.0,783.0,947.0,1049.0,1051.0,1111.0,1208.0,1233.0,2368.0,2002.0,780.0,995.0,1234.0,1352.0,1366.0,1460.0,1559.0,1619.0,2549.0,2190.0,996.0,1201.0,1407.0,1513.0,1592.0,1719.0,1834.0,1810.0,1982.5,1605.5,632.0,763.5,955.0,1064.5,1086.5,1140.5,1223.5,1285.0,2353.0,1984.0,836.0,996.0,1180.0,1326.0,1444.0,1540.0,1619.0,1638.0,2255.5,1850.0,757.5,968.5,1191.0,1331.0,1479.5,1597.5,1663.5,1693.0,"{""type"":""MultiPoint"",""coordinates"":[]}"
627_0,3,2013.0,1623.0,623.0,760.5,1018.5,1161.5,1184.5,1295.0,1369.0,1442.5,2404.0,1999.0,813.5,1049.5,1326.0,1451.0,1510.0,1602.5,1690.5,1697.5,2786.0,2384.0,1014.5,1322.0,1649.5,1810.0,1804.5,1899.0,1969.5,2024.5,3030.0,2585.5,1145.0,1489.5,1834.0,1999.5,1987.5,2119.0,2204.0,2234.0,1117.0,1009.0,887.0,1160.0,1441.0,1581.0,1511.0,1644.0,1553.0,1694.0,527.0,424.0,647.0,929.0,1072.0,1275.0,1078.0,1151.0,1149.0,971.0,719.0,623.0,799.0,1065.0,1147.0,1372.0,1381.0,1411.0,1511.0,1392.0,863.0,680.0,606.0,885.0,853.0,1230.0,1646.0,1756.0,1622.0,1586.0,1510.0,886.0,485.0,810.0,554.0,1144.0,2494.0,2957.0,2827.0,2769.0,1829.5,945.0,266.0,613.5,277.0,973.5,3165.0,4181.5,4130.5,4181.5,1643.5,820.5,109.5,341.5,129.0,664.5,3069.0,4405.0,4500.5,4580.0,2253.0,1848.0,701.0,879.0,1141.0,1293.0,1329.0,1403.0,1481.0,1578.0,1633.0,783.0,149.0,361.0,163.0,659.0,3099.0,4517.0,4658.0,4727.0,1641.0,808.0,66.0,373.0,135.0,791.0,3460.0,4876.0,5001.0,5016.0,1686.0,844.0,266.0,703.0,358.0,1283.0,3758.0,4915.0,5085.0,5153.0,1855.0,926.0,475.0,991.0,697.0,1837.0,3693.0,4549.0,4651.0,4757.0,1910.5,1075.0,530.5,1086.0,841.5,1942.5,3520.5,4091.5,4420.0,4407.0,2530.5,1541.0,761.0,1394.5,1583.5,2541.0,3512.0,3881.5,4221.5,4311.5,3479.5,2312.0,1262.0,1921.5,2674.0,3408.5,4013.5,4343.5,4821.5,4892.5,4296.0,3030.5,1418.5,1978.0,2835.5,3379.5,3644.0,3924.0,4246.5,4343.5,4085.0,2968.0,1241.0,1747.0,2560.0,2888.0,3041.0,3286.0,3660.0,3639.0,3868.5,2685.0,1245.0,1774.0,2627.0,3036.5,3169.5,3280.0,3607.5,3642.0,2222.0,1842.5,658.0,862.0,1110.0,1254.0,1286.5,1382.0,1507.5,1537.0,2545.0,2047.5,792.0,1063.5,1478.0,1620.5,1721.0,1746.0,1956.0,1926.0,2479.0,1945.5,828.0,1073.5,1429.5,1597.0,1672.0,1740.5,1901.5,1906.0,2304.5,1838.0,679.0,886.5,1186.0,1304.0,1360.0,1444.0,1611.5,1605.5,2336.5,1929.5,752.5,936.0,1243.0,1343.0,1403.5,1468.0,1644.5,1679.0,1937.0,1255.0,552.0,684.0,958.0,1058.0,1131.0,1209.0,1299.0,1279.0,0.0,0.0,0.0,0.0,0.0,0.0,0.0,0.0,0.0,0.0,1831.0,1461.0,568.0,734.0,942.0,1077.0,1058.0,1180.0,1250.0,1263.0,2036.0,1673.0,701.0,817.0,1010.0,1114.0,1142.0,1224.0,1322.0,1339.0,2484.0,2078.0,816.0,1053.0,1274.0,1433.0,1440.0,1531.0,1619.0,1640.0,2201.0,1746.0,701.0,853.0,1103.0,1224.0,1291.0,1457.0,1336.0,1586.0,2057.5,1635.5,665.5,791.0,1006.0,1131.5,1122.5,1202.0,1289.5,1306.5,2508.0,2125.0,886.0,1057.0,1285.0,1407.0,1526.0,1595.0,1707.0,1756.0,2267.5,1888.0,714.0,934.0,1191.5,1325.0,1378.5,1474.0,1570.5,1624.0,"{""type"":""MultiPoint"",""coordinates"":[]}"
628_0,3,2912.0,2218.0,833.0,972.5,1255.5,1442.5,1494.0,1650.0,1807.0,1902.0,1997.0,1826.0,575.0,823.0,1080.0,1207.0,1227.0,1302.0,1396.0,1429.0,2224.0,2112.0,744.0,967.0,1277.0,1430.0,1457.0,1564.0,1620.0,1663.0,1033.5,985.5,452.5,605.0,734.5,841.0,770.5,827.5,846.0,791.0,477.0,415.0,807.0,899.0,924.0,1011.0,828.0,850.0,842.0,719.0,400.0,332.0,399.0,633.0,628.0,849.0,791.0,850.0,798.0,730.0,549.0,404.0,360.0,588.0,583.0,854.0,953.0,1049.0,1073.0,1027.0,1300.0,791.0,360.0,648.0,551.0,935.0,1552.0,1861.0,1745.0,1743.0,1017.0,547.0,205.0,423.0,292.0,689.0,1553.0,1948.0,1770.0,1785.0,1190.5,611.0,93.0,346.0,128.5,613.0,2242.5,2937.5,2800.0,2926.0,1222.5,565.5,50.0,241.5,50.5,460.5,2333.0,3309.5,3297.5,3415.0,3438.0,2885.5,1539.5,1674.5,1969.0,2214.0,2185.0,2313.5,2425.0,2494.0,1212.5,554.5,35.5,232.0,17.5,440.5,2422.0,3733.5,3645.0,3797.0,1076.5,507.5,54.0,293.0,55.0,567.0,2604.0,3765.5,3806.0,3963.0,1137.0,533.0,456.0,765.0,504.0,1109.0,2944.0,3768.0,3847.0,3972.0,1206.0,630.0,591.0,984.0,766.0,1566.0,3045.0,3678.0,3809.0,3876.0,1248.0,686.0,501.0,939.0,766.0,1595.0,2765.0,3170.0,3338.0,3419.0,1607.0,939.0,495.0,990.0,1040.0,1877.0,2726.0,3048.0,3214.0,3367.0,4338.5,3065.0,1314.5,1843.0,2580.5,3160.0,3410.5,3726.5,4021.0,4151.5,4441.5,3202.0,1389.0,1920.5,2643.0,3044.5,3273.5,3557.0,3868.5,3963.0,3583.0,2863.0,1160.0,1520.0,2108.0,2389.0,2594.0,2783.0,3106.0,3183.0,3542.0,2593.5,1115.5,1534.0,2145.5,2506.0,2561.0,2737.5,2947.5,3046.0,3196.0,2532.0,772.0,946.0,1324.0,1507.0,1516.0,1698.0,1875.0,1957.0,3652.0,2858.0,1035.5,1357.5,1804.5,2050.5,2226.5,2368.0,2509.0,2619.0,5058.0,4393.0,2894.0,3101.0,3447.5,3735.5,3818.0,3955.0,4123.5,4157.5,3306.0,2821.0,946.0,1111.0,1376.5,1601.5,1702.5,1834.0,1967.0,2015.0,3149.5,2676.0,909.0,1058.5,1302.5,1533.0,1661.5,1776.0,1876.0,1953.0,2245.0,1679.5,559.5,736.5,998.0,1165.0,1267.0,1362.5,1524.0,1573.5,0.0,0.0,0.0,0.0,0.0,0.0,0.0,0.0,0.0,0.0,3539.0,2896.0,863.0,1188.0,1636.0,1894.0,1899.0,2009.0,2197.0,2285.0,2779.0,2271.0,968.0,1213.0,1583.0,1772.0,1899.0,2043.0,2197.0,2285.0,3404.0,2840.0,1005.0,1252.0,1584.0,1808.0,1899.0,2083.0,2270.0,2305.0,2627.0,2247.0,757.0,919.0,1236.0,1396.0,1437.0,1505.5,1637.5,1676.0,1742.0,1538.0,493.0,610.0,885.0,1003.0,956.0,999.0,1055.0,1108.0,1752.5,1602.0,489.0,650.0,909.5,1007.5,1000.5,1057.0,1145.0,1169.5,1827.5,1668.0,538.5,717.0,973.5,1083.5,1073.5,1161.5,1246.5,1285.5,"{""type"":""MultiPoint"",""coordinates"":[]}"
629_0,3,170.0,145.5,162.5,208.0,311.5,383.0,256.0,310.5,333.0,220.0,2231.0,1836.0,735.0,931.5,1145.5,1296.0,1344.5,1450.0,1537.0,1563.0,2330.5,1967.0,820.5,1026.5,1257.5,1408.5,1461.0,1558.0,1620.5,1685.0,2486.0,2169.5,1045.0,1299.5,1512.5,1657.5,1699.0,1782.0,1820.5,1865.5,2601.0,2319.0,1239.0,1490.0,1691.0,1838.0,1868.0,1937.0,2017.0,2025.0,1474.0,1417.0,1111.0,1340.0,1521.0,1609.0,1639.0,1716.0,1731.0,1737.0,275.0,215.0,620.0,913.0,936.0,1098.0,967.0,1014.0,937.0,827.0,425.0,353.0,714.0,1000.0,959.0,1350.0,1237.0,1300.0,1231.0,1127.0,680.0,496.0,531.0,856.0,690.0,1192.0,1350.0,1494.0,1387.0,1218.0,896.5,567.0,287.0,589.5,392.0,1015.0,1946.5,2247.0,2169.5,2044.5,1291.5,683.0,196.5,433.0,235.0,814.5,2540.5,3362.0,3363.5,3286.0,190.0,196.0,242.0,306.0,384.0,474.0,363.0,410.0,412.0,330.0,1352.0,672.0,214.0,438.0,236.0,775.0,2577.0,3468.0,3400.0,3409.0,1322.0,656.0,100.0,358.0,132.0,674.0,2749.0,3689.0,3771.0,3706.0,1363.0,661.0,150.0,432.0,192.0,809.0,2951.0,4146.0,4085.0,4118.0,1495.0,748.0,398.0,812.0,507.0,1421.0,3181.0,3882.0,3998.0,4053.0,1505.5,794.5,421.5,906.5,593.5,1572.5,2987.5,3448.5,3717.5,3610.0,1840.0,1081.0,474.0,934.0,920.0,1750.0,2697.5,3001.0,3253.0,3332.0,2253.5,1340.5,839.0,1292.5,1496.5,2081.0,2696.5,2971.5,3283.0,3316.0,2645.0,1734.5,886.5,1333.0,1663.5,2297.0,2794.5,3054.5,3326.5,3451.0,4294.0,2845.0,1209.0,1772.0,2541.5,3210.5,3463.5,3778.5,4074.5,4233.5,4649.0,3120.0,1419.0,1992.0,2922.0,3479.0,3686.0,3954.0,4147.0,4382.0,190.0,196.0,257.0,275.0,381.0,474.0,363.0,410.0,412.0,330.0,4483.0,3103.0,1228.0,1757.0,2512.0,2915.0,3115.0,3320.0,3469.0,3776.0,4203.5,2994.0,1113.5,1516.0,2144.5,2529.0,2669.0,2892.0,3112.0,3230.0,3588.5,2773.5,787.0,1028.0,1431.5,1686.5,1780.5,1909.5,2131.5,2197.5,327.0,293.0,357.0,482.0,690.0,791.0,697.0,814.0,888.0,738.0,142.0,129.0,103.0,147.0,239.0,278.0,192.0,243.0,282.0,197.0,184.0,169.0,134.0,231.0,274.0,293.0,286.0,293.0,291.0,299.0,135.0,134.0,98.0,163.0,253.0,362.0,221.0,289.0,269.0,176.0,368.0,257.0,193.0,282.0,413.0,526.0,548.0,621.0,716.0,697.0,2252.0,1534.0,640.0,928.0,1153.0,1417.0,1562.0,1696.0,1823.0,1976.0,1041.0,682.0,749.0,749.0,803.0,1004.0,1108.0,1208.0,1344.0,1448.0,2864.0,1891.0,743.0,1035.0,1373.0,1772.0,1854.0,2084.0,2077.0,2176.0,4392.0,3496.0,1505.0,1805.0,2222.0,2497.0,2666.0,2754.0,3065.0,3126.0,4266.5,3365.0,1476.0,1769.0,2185.0,2443.0,2598.5,2715.5,2948.0,2992.5,"{""type"":""MultiPoint"",""coordinates"":[]}"
630_0,3,1527.5,1288.0,748.0,792.0,888.5,1048.0,1162.0,1205.0,1312.5,1313.5,2566.0,2419.0,978.0,1234.0,1533.0,1663.0,1668.0,1748.0,1872.0,1877.0,2605.0,2521.0,976.0,1167.0,1472.0,1618.0,1655.0,1756.0,1848.0,1873.0,726.0,695.0,589.0,755.0,893.0,994.5,859.0,914.5,807.0,810.0,262.0,232.5,271.5,443.0,398.5,534.0,412.5,384.0,381.5,315.5,481.5,349.5,311.5,586.0,385.5,749.0,917.5,1008.5,974.5,811.5,899.0,585.0,277.0,597.0,322.0,906.0,1491.0,1604.0,1545.0,1487.0,1026.0,623.0,248.0,583.0,285.0,908.0,1829.0,2049.0,1980.0,1953.0,1007.0,599.0,146.0,354.0,106.0,615.0,1797.0,2332.0,2259.0,2185.0,1261.5,614.0,63.0,275.5,36.5,508.0,2494.5,3744.5,3829.0,3794.0,1313.5,608.0,57.0,259.0,31.0,477.5,2618.5,4232.0,4413.0,4425.0,1805.5,1492.0,782.0,816.5,854.5,1024.0,1322.0,1402.0,1548.5,1510.0,1363.0,630.5,65.0,271.5,47.5,493.5,2766.0,4585.5,4678.5,4839.0,1385.5,642.5,171.5,584.0,220.5,1048.5,3254.5,4578.5,4764.5,4917.0,1487.0,703.0,486.0,839.0,592.0,1294.0,3342.0,4370.0,4445.0,4669.0,1601.0,861.0,669.0,1057.0,905.0,1736.0,3138.0,3758.0,3922.0,4027.0,1696.0,940.0,566.0,1013.0,905.0,1736.0,2802.0,3275.0,3607.0,3622.0,2129.0,1274.0,574.0,1027.0,1133.0,1931.0,2802.0,3204.0,3372.0,3530.0,4499.5,3133.0,1142.5,1560.5,2114.0,2586.5,2993.0,3286.0,3558.0,3711.5,4676.0,3381.0,1169.0,1608.0,2350.0,2809.0,3054.0,3293.0,3552.0,3573.0,4490.0,3189.0,1169.0,1650.0,2344.0,2650.0,2907.0,3146.0,3517.0,3580.0,4072.5,3000.5,1149.5,1552.0,2132.5,2447.5,2623.0,2779.5,3011.5,3168.0,1641.0,1329.0,401.0,600.0,742.0,981.0,1260.0,1406.0,1534.0,1477.0,4086.0,3200.0,906.0,1223.0,1659.0,2007.0,2189.0,2387.0,2426.0,2673.0,2924.0,2704.0,974.0,1048.0,1200.0,1399.0,1538.0,1620.0,1698.0,1881.0,2594.0,2379.0,559.0,673.0,861.0,1098.5,1271.5,1371.0,1470.5,1571.5,2670.5,2489.0,622.0,715.0,883.0,1134.5,1332.5,1410.0,1484.5,1610.5,1976.5,1503.5,358.5,558.0,699.5,974.0,1361.5,1521.0,1616.0,1690.5,0.0,0.0,0.0,0.0,0.0,0.0,0.0,0.0,0.0,0.0,1602.0,1239.0,346.0,567.0,673.0,956.0,1324.0,1349.0,1507.0,1532.0,1471.5,1241.0,596.0,683.5,683.0,942.0,1295.5,1408.5,1469.5,1458.0,1830.0,1386.5,454.0,741.5,754.0,1175.5,1769.5,1925.0,2070.0,2028.5,1806.5,1483.5,534.5,721.5,828.0,1111.0,1508.0,1624.5,1763.0,1767.5,1854.0,1629.0,508.0,683.0,873.0,1068.0,1191.0,1266.0,1376.0,1439.0,2239.0,2129.0,714.5,874.5,1136.5,1268.5,1342.0,1421.0,1553.5,1575.5,2447.5,2376.0,818.5,1036.0,1329.5,1475.5,1524.0,1601.0,1740.5,1744.5,"{""type"":""MultiPoint"",""coordinates"":[]}"
631_0,3,176.0,149.5,262.0,337.0,438.0,485.5,296.5,292.0,322.0,249.5,2093.5,1805.0,722.0,919.5,1118.0,1230.0,1279.5,1365.5,1472.0,1459.0,2408.5,2137.0,868.0,1117.0,1354.0,1467.0,1520.5,1595.5,1699.5,1727.0,2622.5,2351.5,1067.0,1327.5,1581.5,1692.0,1730.0,1803.5,1896.0,1908.5,2702.0,2475.0,1162.0,1422.0,1668.0,1784.0,1829.0,1898.0,2019.0,1997.0,853.0,877.0,905.0,1130.0,1265.0,1486.0,1189.0,1270.0,1022.0,1194.0,333.0,264.0,727.0,990.0,986.0,1222.0,1020.0,1090.0,1044.0,899.0,489.0,373.0,778.0,1097.0,1053.0,1453.0,1343.0,1424.0,1259.0,1181.0,597.0,518.0,542.0,866.0,660.0,1293.0,1343.0,1424.0,1302.0,1181.0,1224.0,735.0,308.0,645.5,410.0,1086.5,2379.0,2705.0,2540.5,2609.0,1100.5,610.5,233.5,476.5,286.5,812.0,2196.5,2782.5,2680.0,2575.0,339.5,299.5,432.5,587.5,663.5,762.0,584.0,619.5,620.5,512.0,1498.0,797.0,263.0,507.0,328.0,851.0,2676.0,3590.0,3817.0,3925.0,1487.0,779.0,159.0,428.0,292.0,822.0,2547.0,3412.0,3526.0,3589.0,1557.0,802.0,159.0,422.0,243.0,801.0,2714.0,3674.0,3797.0,3899.0,1565.0,822.0,406.0,804.0,508.0,1403.0,3028.0,3624.0,3767.0,3798.0,1549.0,836.0,407.0,862.0,617.0,1446.0,2773.0,3267.0,3616.0,3520.0,1757.0,1021.0,467.5,904.5,903.0,1667.0,2569.5,2960.0,3243.0,3294.0,2225.0,1298.0,832.0,1225.0,1398.0,2003.0,2558.0,2865.0,3138.0,3242.0,3733.5,2550.0,990.0,1408.0,1900.5,2495.5,2807.5,3143.5,3449.5,3596.5,4213.5,2807.5,1327.5,1867.5,2652.0,3196.5,3488.0,3812.0,4239.0,4332.5,3271.0,2414.0,1287.0,1771.0,2477.0,2786.0,2659.0,3138.0,3420.0,3158.0,241.0,213.0,417.0,510.0,598.0,679.0,505.0,564.0,556.0,435.0,3192.0,2414.0,1050.0,1434.0,1939.0,2149.0,2314.0,2440.0,2776.0,2745.0,3086.5,2343.5,1080.0,1423.5,1876.0,2046.5,2188.5,2308.5,2635.5,2575.0,2603.5,1986.0,777.5,980.5,1314.5,1408.5,1524.0,1685.5,1857.5,1757.5,422.0,370.0,418.0,539.0,677.0,740.0,647.0,696.0,736.0,691.0,165.0,127.0,153.0,202.0,300.0,374.0,267.0,310.0,301.0,211.0,707.0,720.0,737.0,694.0,692.0,731.0,698.0,751.0,769.0,706.0,155.0,146.0,223.0,338.0,447.0,586.0,398.0,428.0,412.0,330.0,731.0,462.0,327.0,469.0,667.0,872.0,888.0,988.0,1045.0,1130.0,2749.0,2050.0,923.0,1220.0,1573.0,1749.0,1820.0,1949.0,2226.0,2172.0,1946.0,1281.0,603.0,768.0,1128.0,1343.0,1390.0,1499.0,1702.0,1717.0,2502.0,1817.5,849.0,1074.5,1457.0,1643.0,1720.5,1810.5,2057.5,2029.5,3655.5,2906.5,1377.0,1704.0,2099.5,2264.0,2395.5,2509.5,2848.5,2759.5,3141.0,2619.0,1186.5,1406.0,1724.5,1904.0,1963.5,2117.5,2279.0,2268.0,"{""type"":""MultiPoint"",""coordinates"":[]}"
632_0,3,1664.0,1363.0,561.0,742.0,959.0,1059.0,1083.0,1149.5,1247.5,1264.0,2384.0,2090.5,1001.5,1277.5,1520.5,1642.0,1664.5,1745.0,1823.0,1810.0,2347.5,2053.0,851.5,1122.0,1359.0,1475.5,1518.0,1585.0,1654.5,1670.5,2441.5,2147.0,925.0,1201.5,1451.0,1564.0,1610.0,1673.5,1742.5,1759.5,503.0,444.0,1001.0,1259.0,1295.0,1480.0,1060.0,1113.0,1039.0,870.0,503.0,444.0,1001.0,1259.0,1295.0,1480.0,1060.0,1113.0,1039.0,885.0,363.0,294.0,614.0,941.0,979.0,1268.0,1032.0,1091.0,997.0,839.0,564.0,387.0,549.0,841.0,748.0,1241.0,1310.0,1424.0,1304.0,1163.0,742.0,515.0,483.0,771.0,625.0,1166.0,1635.0,1760.0,1591.0,1503.0,891.5,527.5,265.0,512.0,360.5,938.0,1744.5,2052.0,1858.5,1754.5,1210.0,685.0,276.0,517.5,324.0,968.0,2449.0,3048.5,2930.0,2946.0,1917.0,1603.0,716.0,874.0,1121.0,1228.0,1220.5,1304.0,1396.5,1387.5,1428.0,748.0,216.0,466.0,286.0,915.0,2549.0,3330.0,3181.0,3286.0,1287.0,654.0,179.0,452.0,247.0,899.0,2550.0,3230.0,3210.0,3215.0,1247.0,635.0,179.0,420.0,226.0,825.0,2674.0,3421.0,3332.0,3458.0,1401.0,691.0,317.0,676.0,334.0,1103.0,3066.0,3680.0,3870.0,3795.0,1614.0,812.0,353.0,894.0,450.0,1525.0,3461.0,4014.0,4082.0,4125.0,1695.0,907.5,409.5,978.5,552.5,1693.0,3230.5,3611.0,3770.0,3862.0,1944.0,1043.0,721.0,1300.0,1190.0,2248.0,3077.0,3342.0,3461.0,3617.0,2209.0,1372.0,688.5,1332.5,1299.0,2355.0,3029.5,3304.5,3510.5,3608.5,3104.5,2123.0,974.0,1512.5,1884.0,2611.5,3030.5,3285.5,3578.0,3602.0,2249.0,1549.0,650.0,874.0,1285.0,1529.0,1621.0,1811.0,1864.0,2097.0,1730.0,1450.0,523.0,697.0,967.0,1073.0,1102.0,1183.0,1282.0,1252.0,2731.0,2083.0,777.0,1081.0,1468.0,1698.0,1769.0,1944.0,1969.0,2116.0,2654.5,2066.5,791.0,1032.0,1357.5,1552.5,1663.0,1785.5,1914.5,1981.5,2350.5,1914.0,611.0,801.0,1057.0,1200.5,1272.0,1385.0,1512.5,1548.0,2509.0,2120.0,725.0,877.0,1117.0,1268.0,1357.0,1465.0,1577.0,1596.0,2027.0,1687.0,472.0,612.0,838.0,944.0,994.0,1109.0,1235.0,1251.0,815.0,603.0,684.0,628.0,662.0,699.0,737.0,771.0,849.0,792.0,1610.0,1332.0,494.0,679.0,884.0,949.0,996.0,1030.0,1159.0,1161.0,1782.0,1510.0,609.0,760.0,928.0,1058.0,1100.0,1137.0,1174.0,1193.0,2078.0,1786.0,674.0,891.0,1147.0,1249.0,1289.0,1348.0,1435.0,1452.0,1788.0,1488.0,852.0,910.0,1002.0,1061.0,998.0,1046.0,1303.0,1136.0,1788.0,1488.0,534.0,667.0,883.0,977.0,963.0,1027.0,1108.0,1124.0,1933.0,1630.0,694.0,833.0,1025.0,1133.0,1147.0,1224.0,1327.0,1313.0,2089.0,1841.0,737.5,928.0,1151.0,1252.5,1303.0,1358.0,1474.5,1473.5,"{""type"":""MultiPoint"",""coordinates"":[]}"
633_0,3,1623.5,1344.0,525.5,626.5,797.5,923.5,998.0,1028.5,1081.0,1130.0,1829.0,1579.0,680.0,855.5,1036.0,1129.0,1159.0,1222.5,1297.0,1323.5,2013.0,1780.5,862.0,1048.5,1245.0,1337.0,1355.0,1380.5,1448.0,1464.0,2312.5,2045.5,1029.5,1249.0,1470.5,1587.5,1593.0,1671.5,1708.5,1735.5,1574.0,1343.0,904.0,1133.0,1277.0,1364.0,1372.0,1428.0,1440.0,1420.0,378.0,361.0,596.0,804.0,830.0,1020.0,777.0,840.0,723.0,700.0,374.0,303.0,553.0,789.0,753.0,987.0,888.0,983.0,993.0,824.0,434.0,319.0,523.0,789.0,765.0,1042.0,911.0,983.0,949.0,884.0,471.0,356.0,426.0,648.0,635.0,855.0,847.0,924.0,840.0,765.0,754.5,475.5,232.0,469.5,353.0,720.0,1214.5,1477.0,1466.5,1408.5,1057.5,592.0,161.0,353.0,162.0,577.5,1746.0,2279.5,2336.0,2054.5,1783.0,1494.0,599.0,725.0,892.0,1039.0,1062.0,1144.0,1235.0,1313.0,1222.0,626.0,153.0,339.0,136.0,547.0,2223.0,3046.0,3041.0,2890.0,1260.0,644.0,93.0,336.0,111.0,654.0,2544.0,3457.0,3634.0,3439.0,1376.0,680.0,143.0,442.0,219.0,755.0,2824.0,3937.0,4010.0,4106.0,1493.0,742.0,415.0,826.0,542.0,1345.0,3055.0,3678.0,3830.0,3801.0,1583.5,860.0,491.5,952.5,694.5,1567.5,2977.0,3385.0,3708.5,3648.0,1962.0,1190.5,557.0,1066.0,1111.5,1921.0,2740.0,3059.0,3381.5,3394.5,2507.5,1566.0,867.5,1307.0,1682.0,2300.0,2795.5,3092.0,3390.0,3409.5,2981.5,1976.0,1017.0,1477.0,2005.5,2609.0,2950.0,3236.5,3566.5,3615.0,3891.0,2700.0,1163.0,1597.0,2323.0,2797.0,3065.0,3285.0,3583.0,3615.0,3467.0,2420.5,971.5,1374.0,2063.0,2600.5,2627.0,2977.5,2973.5,3349.5,1790.0,1521.0,562.0,684.5,878.5,1009.0,1030.0,1119.0,1176.5,1238.5,3343.5,2406.5,891.5,1208.0,1737.0,2061.0,2159.5,2302.0,2516.0,2735.0,3334.5,2485.0,967.5,1223.5,1711.0,2028.5,2148.0,2297.5,2416.5,2687.5,3069.0,2364.0,752.0,918.0,1262.0,1506.5,1617.5,1723.5,1775.5,1973.0,3069.0,2400.5,749.0,915.0,1226.0,1489.0,1519.5,1667.5,1731.0,1914.5,1642.0,1327.0,437.0,570.0,805.0,887.0,955.0,998.0,1110.0,1112.0,0.0,0.0,0.0,0.0,0.0,0.0,0.0,0.0,0.0,0.0,1379.0,1134.0,452.0,576.0,719.0,798.0,788.0,877.0,949.0,922.0,1595.0,1400.0,575.0,661.0,788.0,888.0,883.0,955.0,982.0,1044.0,1982.0,1729.0,740.0,907.0,1068.0,1190.0,1182.0,1260.0,1339.0,1388.0,1904.0,1677.5,749.5,841.0,986.0,1114.0,1081.0,1159.5,1247.5,1273.0,1530.0,1339.0,478.5,572.0,723.0,833.5,800.5,846.5,895.0,939.5,1913.5,1674.5,733.0,858.5,993.5,1097.0,1192.5,1233.5,1316.5,1379.0,1927.5,1656.5,770.0,888.5,1021.0,1133.0,1216.0,1295.0,1378.5,1417.0,"{""type"":""MultiPoint"",""coordinates"":[]}"
634_0,3,1766.0,1447.0,618.0,767.5,993.0,1118.5,1153.5,1205.5,1298.5,1312.5,2430.0,2100.5,1041.5,1316.0,1557.5,1685.5,1719.0,1778.0,1887.0,1878.5,2453.0,2125.0,956.0,1241.0,1486.5,1600.0,1660.0,1726.5,1812.0,1816.5,2556.0,2208.0,1028.5,1315.5,1576.0,1710.0,1744.5,1821.5,1887.0,1900.0,1058.0,982.0,1003.0,1232.0,1473.0,1596.0,1610.0,1712.0,1519.0,1439.0,255.0,238.0,705.0,1010.0,1091.0,1199.0,812.0,878.0,806.0,679.0,345.0,267.0,668.0,1013.0,1012.0,1263.0,1020.0,1081.0,1016.0,853.0,518.0,388.0,643.0,1013.0,967.0,1313.0,1142.0,1222.0,1165.0,964.0,729.0,499.0,525.0,892.0,838.0,1308.0,1505.0,1723.0,1579.0,1552.0,721.0,493.0,338.5,614.0,525.0,1015.0,1406.5,1659.5,1554.0,1454.5,1012.5,596.5,307.5,537.0,395.0,930.5,2055.5,2423.5,2411.5,2291.0,1949.0,1654.0,685.0,862.0,1089.0,1243.0,1252.0,1313.0,1340.0,1440.0,1340.0,730.0,322.0,615.0,453.0,1094.0,2560.0,2990.0,3005.0,3079.0,1243.0,658.0,206.0,482.0,345.0,948.0,2425.0,2993.0,3107.0,3062.0,1239.0,647.0,188.0,437.0,284.0,852.0,2607.0,3252.0,3168.0,3200.0,1415.0,737.0,369.0,704.0,378.0,1175.0,3035.0,3608.0,3644.0,3670.0,1547.0,829.0,394.0,867.0,505.0,1416.0,3150.0,3609.0,3939.0,3768.0,1628.0,920.5,417.5,960.5,610.5,1655.5,2868.0,3135.5,3330.0,3326.5,2038.0,1183.0,763.0,1277.0,1288.0,2099.0,2733.0,2947.0,3257.0,3256.0,2338.0,1511.5,756.5,1273.5,1420.5,2173.5,2711.5,2914.5,3269.0,3296.5,2984.0,2087.0,911.5,1361.0,1795.5,2314.0,2657.0,2885.5,3291.5,3253.5,3193.0,2210.0,1042.0,1430.0,2034.0,2355.0,2526.0,2721.0,2942.0,3041.0,1818.0,1529.0,481.0,721.0,996.0,1098.0,1144.0,1199.0,1287.0,1311.0,3193.0,2270.0,837.0,1175.0,1676.0,1972.0,2139.0,2305.0,2504.0,2565.0,3156.5,2358.5,903.0,1199.0,1656.0,1924.0,2028.0,2205.5,2410.5,2474.5,2767.0,2210.5,676.0,870.5,1177.0,1371.0,1475.0,1623.5,1770.5,1809.0,2874.0,2320.0,754.0,922.0,1213.0,1410.0,1498.0,1650.0,1792.0,1866.0,2441.0,1562.0,575.0,714.0,998.0,1171.0,1244.0,1376.0,1589.0,1590.0,0.0,0.0,0.0,0.0,0.0,0.0,0.0,0.0,0.0,0.0,1759.0,1450.0,558.0,767.0,974.0,1070.0,1125.0,1148.0,1273.0,1271.0,1932.0,1651.0,705.0,852.0,1018.0,1158.0,1191.0,1247.0,1283.0,1310.0,2369.0,2049.0,824.0,1063.0,1304.0,1413.0,1486.0,1550.0,1641.0,1677.0,1933.0,1621.0,978.0,1127.0,1176.0,1237.0,1240.0,1266.0,1385.0,1300.0,1930.0,1621.0,620.0,740.0,969.0,1059.0,1098.0,1138.0,1206.0,1231.0,1935.0,1676.0,731.0,862.0,1077.0,1158.0,1199.0,1254.0,1345.0,1360.0,2155.5,1891.0,829.5,1022.5,1239.0,1341.0,1387.5,1457.5,1567.0,1546.0,"{""type"":""MultiPoint"",""coordinates"":[]}"
635_0,3,1734.0,1457.5,588.5,736.5,967.0,1072.0,1097.5,1154.0,1250.0,1270.0,2471.5,2173.0,1036.5,1323.0,1570.0,1702.0,1729.0,1784.5,1890.5,1871.5,2475.0,2177.0,940.0,1213.5,1476.5,1595.0,1630.0,1707.5,1792.0,1799.5,2554.5,2250.0,995.5,1290.0,1559.0,1699.0,1718.0,1794.0,1857.5,1868.5,304.0,294.0,867.0,1129.0,1164.0,1212.0,849.0,869.0,871.0,626.0,304.0,294.0,867.0,1129.0,1164.0,1212.0,849.0,945.0,894.0,682.0,371.0,322.0,572.0,885.0,909.0,1185.0,997.0,1097.0,1045.0,851.0,690.0,534.0,553.0,867.0,728.0,1281.0,1509.0,1638.0,1577.0,1384.0,881.0,676.0,443.0,770.0,610.0,1276.0,2049.0,2183.0,2112.0,2015.0,1106.0,643.0,292.0,607.0,394.5,1015.5,2152.5,2508.0,2316.5,2348.0,1295.0,741.5,304.0,619.5,397.5,1020.5,2559.5,3106.5,3006.5,3018.0,1973.0,1694.0,728.5,873.0,1120.5,1214.5,1254.0,1319.0,1394.5,1453.5,1472.0,724.0,325.0,629.0,410.0,1007.0,2863.0,3494.0,3463.0,3573.0,1316.0,662.0,204.0,497.0,300.0,834.0,2754.0,3551.0,3391.0,3494.0,1264.0,625.0,204.0,479.0,251.0,783.0,2861.0,3677.0,3559.0,3840.0,1441.0,698.0,361.0,712.0,372.0,1149.0,3190.0,3986.0,3909.0,4048.0,1681.0,841.0,407.0,948.0,517.0,1568.0,3527.0,4111.0,4251.0,4264.0,1795.5,973.0,432.5,1020.0,602.0,1763.5,3419.0,3747.5,3815.5,3903.5,2095.0,1140.0,759.0,1391.0,1153.0,2215.0,3267.0,3554.0,3712.0,3815.0,2366.0,1466.0,768.5,1418.5,1375.0,2449.5,3273.5,3447.0,3705.0,3885.5,3131.0,2177.0,948.5,1473.5,1861.5,2638.0,3063.5,3282.0,3512.5,3656.0,2864.0,2152.0,870.0,1148.0,1620.0,1978.0,2174.0,2282.0,2235.0,2473.0,1843.0,1563.0,503.0,708.0,978.0,1080.0,1135.0,1207.0,1255.0,1301.0,3078.0,2393.0,870.0,1148.0,1620.0,1978.0,2174.0,2282.0,2235.0,2473.0,2923.5,2263.5,838.0,1082.0,1460.5,1721.5,1812.5,1922.0,2012.5,2149.5,2600.5,2132.0,649.5,852.5,1152.5,1363.0,1438.0,1542.0,1654.0,1718.5,2864.0,2341.0,776.0,957.0,1259.0,1453.0,1504.0,1699.0,1756.0,1834.0,2148.0,1567.0,493.0,631.0,856.0,1032.0,1075.0,1138.0,1267.0,1329.0,1029.0,862.0,927.0,824.0,855.0,892.0,953.0,992.0,1053.0,1013.0,1619.0,1371.0,519.0,677.0,863.0,964.0,966.0,1045.0,1115.0,1103.0,1805.0,1587.0,624.0,766.0,912.0,977.0,1040.0,1100.0,1169.0,1181.0,2169.0,1917.0,728.0,934.0,1150.0,1282.0,1306.0,1375.0,1461.0,1455.0,2331.0,2073.0,912.0,1092.0,1307.0,1391.0,1446.0,1525.0,1661.0,1628.0,1861.0,1622.0,558.0,695.0,883.0,973.0,953.0,1056.0,1129.0,1138.0,2014.0,1750.0,710.0,868.0,1068.0,1172.0,1188.0,1267.0,1359.0,1347.0,2235.5,1979.5,808.5,1025.5,1270.0,1378.5,1408.5,1490.5,1599.5,1575.0,"{""type"":""MultiPoint"",""coordinates"":[]}"
636_0,3,1964.5,1613.5,646.0,810.5,1066.0,1200.5,1263.5,1349.5,1459.5,1466.5,2264.0,1870.5,752.0,993.5,1244.5,1350.0,1407.5,1498.5,1623.0,1624.0,2722.5,2292.5,1033.5,1340.5,1661.5,1798.0,1807.5,1885.5,2013.0,2004.5,2983.0,2513.5,1176.5,1494.5,1831.0,1987.5,1998.5,2117.0,2212.0,2205.5,1104.0,976.0,955.0,1245.0,1511.0,1599.0,1532.0,1642.0,1454.0,1465.0,638.0,447.0,830.0,1120.0,1172.0,1356.0,1068.0,1123.0,1106.0,1102.0,745.0,536.0,539.0,852.0,782.0,1129.0,1207.0,1376.0,1114.0,1119.0,1109.0,826.0,539.0,837.0,649.0,1150.0,1816.0,1931.0,1789.0,1686.0,1687.0,936.0,328.0,657.0,322.0,1000.0,2922.0,3575.0,3680.0,3421.0,1855.5,949.5,247.0,590.0,285.5,950.5,3370.5,4488.0,4545.0,4567.0,1649.0,859.0,93.0,338.0,136.5,669.0,3089.0,4680.5,4807.0,4831.0,2216.0,1837.0,756.0,951.0,1199.0,1330.0,1431.0,1514.0,1608.0,1644.0,1646.0,838.0,144.0,373.0,171.0,640.0,3235.0,4778.0,4975.0,5068.0,1688.0,826.0,87.0,415.0,162.0,794.0,3451.0,5046.0,5166.0,5265.0,1737.0,869.0,319.0,831.0,446.0,1439.0,3722.0,5047.0,5166.0,5293.0,1976.0,1015.0,535.0,1093.0,792.0,1938.0,3871.0,4621.0,4943.0,5002.0,2089.5,1199.0,571.5,1173.5,956.5,2067.0,3727.5,4306.5,4783.0,4615.5,2904.5,1804.0,897.0,1609.0,1804.0,2877.0,3991.0,4266.5,4797.5,4844.5,3597.0,2430.0,1271.5,1992.0,2698.5,3597.5,4160.0,4459.5,4909.5,5077.0,4432.0,3116.5,1464.5,2069.5,2903.5,3623.0,3917.5,4137.0,4499.5,4590.5,4129.0,2963.0,1471.0,2046.0,2954.0,3287.0,3475.0,3580.0,4093.0,4003.0,4121.5,2952.5,1362.0,1870.5,2736.5,3231.5,3418.5,3562.0,3682.5,3996.5,2214.0,1850.5,704.0,884.0,1169.5,1300.5,1347.5,1467.0,1601.0,1638.0,3636.0,2655.5,1081.5,1462.5,2041.5,2460.0,2647.0,2713.0,2790.5,3037.5,3384.5,2501.0,1089.5,1401.0,1900.0,2207.0,2312.0,2481.0,2627.5,2704.5,3046.5,2464.5,802.0,1015.0,1333.5,1534.5,1641.0,1757.0,1865.5,1984.0,3102.0,2513.5,818.0,991.5,1300.0,1506.5,1619.0,1741.5,1804.0,1947.5,1836.0,1216.0,536.0,691.0,957.0,1032.0,1102.0,1176.0,1345.0,1314.0,0.0,0.0,0.0,0.0,0.0,0.0,0.0,0.0,0.0,0.0,1775.0,1363.0,598.0,781.0,986.0,1065.0,1139.0,1225.0,1344.0,1329.0,2000.0,1637.0,711.0,847.0,1026.0,1132.0,1149.0,1243.0,1337.0,1371.0,2499.0,2083.0,890.0,1114.0,1354.0,1473.0,1508.0,1617.0,1723.0,1756.0,2185.0,2168.0,1157.0,1289.0,1531.0,1640.0,1701.0,1831.0,2010.0,2002.0,2034.0,1644.0,699.0,841.5,1052.0,1133.5,1165.0,1243.5,1350.5,1369.5,2473.0,2081.0,918.0,1110.0,1321.0,1440.0,1530.0,1664.0,1781.0,1809.0,2407.0,1969.5,907.5,1098.5,1293.5,1442.5,1590.0,1742.0,1858.0,1858.0,"{""type"":""MultiPoint"",""coordinates"":[]}"
637_0,3,1058.0,876.0,332.0,406.0,499.5,547.0,562.0,612.0,653.0,653.0,1903.5,1655.5,717.0,925.0,1073.5,1158.0,1206.0,1258.0,1345.5,1332.5,2059.5,1808.5,781.0,999.5,1155.5,1242.5,1296.5,1353.0,1415.5,1444.0,2481.5,2194.0,1082.0,1345.5,1525.5,1671.0,1686.0,1763.0,1819.0,1835.0,2610.0,2346.0,1219.0,1460.0,1665.0,1828.0,1844.0,1896.0,1999.0,1974.0,2330.0,2150.0,988.0,1265.0,1454.0,1585.0,1583.0,1674.0,1712.0,1700.0,1234.0,1179.0,916.0,1169.0,1157.0,1278.0,1256.0,1364.0,1393.0,1413.0,440.0,375.0,916.0,1169.0,1157.0,1278.0,872.0,940.0,882.0,732.0,406.0,332.0,701.0,1022.0,962.0,1278.0,957.0,1005.0,932.0,837.0,444.0,319.0,575.0,940.0,889.0,1173.5,882.5,1011.0,927.0,712.5,429.5,311.0,429.5,696.0,600.0,845.5,825.0,949.0,891.0,700.5,1255.0,1054.0,426.0,549.0,667.0,725.0,747.0,778.0,869.0,838.0,822.0,490.0,288.0,512.0,380.0,760.0,1634.0,2024.0,1853.0,1903.0,1033.0,565.0,192.0,422.0,264.0,668.0,2001.0,2513.0,2385.0,2311.0,1159.0,584.0,192.0,419.0,214.0,650.0,2389.0,3122.0,2962.0,3114.0,1417.0,687.0,337.0,610.0,323.0,947.0,2797.0,3496.0,3511.0,3543.0,1440.0,732.0,337.0,701.0,439.0,1180.0,2740.0,3280.0,3436.0,3418.0,1443.5,805.0,401.0,842.5,647.5,1560.5,2695.0,3101.5,3139.0,3171.5,2096.0,1307.0,829.0,1301.0,1334.0,2088.0,2898.0,3194.0,3383.0,3525.0,2567.0,1692.0,800.0,1282.0,1525.5,2279.0,2871.0,3173.0,3464.0,3560.0,2792.0,1898.0,833.5,1378.0,1817.0,2456.0,2834.0,3120.0,3468.5,3550.5,3413.0,2395.0,1050.0,1449.0,2049.0,2476.0,2713.0,2965.0,3113.0,3260.0,1351.0,1106.0,528.0,629.0,728.0,776.0,786.0,827.0,918.0,866.0,3689.0,2714.0,1089.0,1516.0,2107.0,2544.0,2693.0,2836.0,2929.0,3226.0,3350.0,2524.0,1055.0,1387.5,1888.0,2231.5,2338.5,2502.5,2693.0,2796.5,3161.5,2508.5,843.0,1127.5,1506.5,1785.0,1881.0,2026.5,2160.0,2259.0,3278.0,2693.0,928.0,1167.0,1528.0,1806.0,1915.0,2060.0,2159.0,2255.0,2483.0,1588.0,736.0,951.0,1289.0,1511.0,1673.0,1757.0,1977.0,2015.0,993.0,810.0,777.0,756.0,828.0,917.0,1015.0,1060.0,1011.0,1123.0,2029.0,1758.0,726.0,931.0,1119.0,1226.0,1237.0,1292.0,1396.0,1379.0,1986.0,1758.0,756.0,930.0,1054.0,1145.0,1169.0,1232.0,1316.0,1316.0,2260.0,2000.0,822.0,1100.0,1298.0,1403.0,1444.0,1500.0,1587.0,1574.0,1684.0,1425.0,551.0,618.0,774.0,842.0,844.0,899.0,984.0,1003.0,1684.0,1425.0,496.0,618.0,774.0,842.0,844.0,899.0,984.0,1003.0,1703.0,1477.0,590.0,773.0,877.0,944.0,997.0,1056.0,1134.0,1130.0,1763.0,1546.5,661.5,819.5,954.0,1017.0,1060.5,1113.5,1196.5,1185.0,"{""type"":""MultiPoint"",""coordinates"":[]}"
638_0,3,1790.5,1502.5,574.5,705.0,940.0,1058.5,1079.0,1139.5,1265.5,1255.0,2424.0,2132.5,942.0,1200.0,1430.5,1554.0,1590.0,1652.0,1765.5,1771.0,2522.0,2224.5,999.5,1258.5,1499.5,1603.0,1634.5,1709.5,1805.0,1813.5,613.5,539.0,683.5,923.0,972.0,1113.0,935.5,1006.5,1010.5,965.0,441.0,409.0,912.0,1097.0,1149.0,1287.0,920.0,979.0,902.0,758.0,660.0,496.0,912.0,1097.0,1149.0,1394.0,1420.0,1546.0,1211.0,1376.0,400.0,326.0,457.0,715.0,647.0,1120.0,1071.0,1179.0,1086.0,925.0,490.0,333.0,383.0,656.0,574.0,1179.0,1267.0,1424.0,1260.0,1099.0,451.0,330.0,330.0,568.0,512.0,1114.0,1267.0,1429.0,1262.0,1099.0,487.0,337.0,247.5,408.0,329.0,874.5,1168.5,1345.5,1215.0,1068.5,631.5,393.0,205.5,335.5,255.0,725.5,1250.5,1488.5,1400.0,1274.5,2042.0,1729.5,718.0,886.5,1102.0,1214.0,1225.0,1316.5,1418.5,1416.5,852.0,546.0,262.0,430.0,328.0,717.0,1652.0,1994.0,1915.0,1733.0,999.0,565.0,199.0,393.0,223.0,771.0,1931.0,2345.0,2157.0,2214.0,1115.0,607.0,272.0,589.0,366.0,1010.0,2195.0,2580.0,2543.0,2576.0,1189.0,662.0,448.0,758.0,603.0,1356.0,2321.0,2620.0,2722.0,2684.0,2042.0,1217.0,510.0,857.0,964.0,1611.0,2417.0,2714.0,3074.0,3101.0,2267.0,1454.5,572.0,925.0,1089.5,1632.0,2247.0,2555.0,2735.5,2878.0,3559.5,2522.0,1043.5,1437.0,1826.5,2233.0,2538.5,2764.5,3025.0,3158.5,3471.5,2616.5,992.5,1323.0,1809.0,2009.0,2142.5,2348.0,2736.5,2717.0,2466.0,1999.0,690.5,944.5,1283.5,1405.5,1500.5,1578.5,1753.0,1764.5,1865.0,1571.0,538.0,675.0,895.0,1046.0,1053.0,1167.0,1169.0,1257.0,1850.0,1563.0,508.0,716.0,976.0,1083.0,1116.0,1156.0,1301.0,1299.0,1858.0,1571.0,502.0,663.0,855.0,969.0,993.0,1081.0,1167.0,1183.0,1753.0,1491.5,534.5,679.0,845.0,936.5,965.0,1031.0,1107.0,1118.0,1844.5,1599.0,542.5,725.0,924.5,1007.5,1062.5,1116.0,1218.0,1222.0,2237.0,2022.0,808.0,990.0,1208.0,1331.0,1346.0,1419.0,1490.0,1535.0,1107.0,968.0,283.0,354.0,465.0,518.0,533.0,590.0,667.0,667.0,667.0,538.0,614.0,524.0,517.0,535.0,582.0,608.0,637.0,622.0,1835.0,1553.0,577.0,790.0,984.0,1069.0,1122.0,1160.0,1301.0,1277.0,2025.0,1759.0,736.0,904.0,1081.0,1168.0,1210.0,1280.0,1373.0,1349.0,2415.0,2139.0,847.0,1086.0,1319.0,1419.0,1465.0,1539.0,1648.0,1668.0,1793.0,1696.0,1027.0,1240.0,1467.0,1550.0,1604.0,1689.0,1749.0,1813.0,1673.0,1399.0,444.0,578.0,787.0,856.0,865.0,901.0,1035.0,1055.0,2047.0,1807.0,745.0,919.0,1100.0,1196.0,1238.0,1303.0,1405.0,1395.0,2159.5,1916.0,754.0,934.5,1146.0,1233.5,1282.5,1367.0,1475.5,1462.0,"{""type"":""MultiPoint"",""coordinates"":[]}"
639_0,3,3017.0,2252.0,896.0,1015.5,1353.0,1545.5,1621.0,1767.0,1963.5,2044.5,2105.0,1929.0,632.0,865.0,1155.0,1292.0,1326.0,1405.0,1470.0,1537.0,2166.0,2048.0,711.0,934.0,1197.0,1357.0,1396.0,1460.0,1508.0,1538.0,2101.5,1977.0,712.0,939.5,1218.5,1357.0,1388.5,1465.5,1515.5,1548.5,523.0,472.0,832.0,907.0,948.0,1021.0,903.0,967.0,942.0,815.0,300.0,258.0,307.0,520.0,505.0,670.0,504.0,544.0,478.0,426.0,397.0,296.0,302.0,534.0,496.0,758.0,743.0,829.0,775.0,718.0,1571.0,933.0,312.0,629.0,496.0,972.0,1723.0,1952.0,2007.0,2010.0,925.0,494.0,174.0,359.0,250.0,567.0,1404.0,1867.0,1668.0,1892.0,1021.5,502.0,60.0,244.0,69.0,473.0,1904.0,2692.5,2665.5,2661.5,1190.0,554.0,43.0,191.5,27.0,363.0,2164.0,3347.0,3443.0,3436.5,3458.0,2812.5,1342.0,1374.5,1602.0,1765.0,1848.5,1988.5,2117.5,2158.0,1203.0,546.0,36.0,186.0,20.5,386.5,2309.0,3839.0,3890.0,3926.5,1067.0,496.0,34.5,233.0,21.0,477.0,2507.5,3859.0,3975.0,4053.0,1162.0,547.0,447.0,749.0,499.0,1062.0,2831.0,3869.0,3998.0,4037.0,1273.0,651.0,574.0,929.0,687.0,1459.0,3046.0,3775.0,3890.0,3923.0,1283.0,685.0,493.0,907.0,687.0,1500.0,2780.0,3290.0,3479.0,3562.0,1554.0,900.0,448.0,925.0,950.0,1761.0,2654.0,2975.0,3194.0,3330.0,4218.5,3053.0,1130.0,1604.5,2316.5,2738.5,2965.5,3227.0,3544.5,3646.0,4352.0,3259.0,1190.0,1645.0,2404.5,2744.5,2953.5,3221.5,3555.0,3608.5,3610.0,2948.0,1018.0,1458.0,2084.0,2357.0,2538.0,2737.0,3027.0,3063.0,3306.5,2429.0,993.5,1305.5,1876.5,2149.0,2240.5,2415.5,2606.5,2759.0,3369.0,2666.0,846.0,1047.0,1410.0,1582.0,1702.0,1808.0,2030.0,2114.0,3722.0,2924.0,967.5,1264.0,1728.0,1994.5,2087.0,2227.0,2396.0,2532.0,5182.5,4658.5,3151.0,3303.0,3620.0,3920.5,3967.5,4033.5,4259.0,4238.0,3351.0,2825.0,956.5,1100.5,1411.0,1593.0,1675.5,1789.0,1975.5,2010.0,3262.0,2830.5,902.5,1071.5,1339.5,1532.0,1625.5,1715.5,1894.0,1939.0,2029.5,1561.0,508.5,688.0,958.5,1119.5,1221.0,1333.0,1488.0,1506.0,0.0,0.0,0.0,0.0,0.0,0.0,0.0,0.0,0.0,0.0,3729.0,2965.0,947.0,1331.0,1847.0,2115.0,2188.0,2316.0,2583.0,2582.0,4097.0,3457.0,1340.0,1611.0,1959.0,2245.0,2304.0,2472.0,2622.0,2723.0,3710.0,3060.0,1121.0,1414.0,1794.0,2055.0,2183.0,2344.0,2587.0,2545.0,3021.5,2494.5,1266.5,1407.0,1690.5,1850.0,1910.0,2046.5,2360.0,2194.5,1988.0,1793.0,705.0,845.0,1076.0,1224.0,1282.0,1364.0,1408.0,1475.0,1846.0,1727.0,529.0,704.5,954.5,1058.5,1098.0,1160.5,1245.5,1267.0,1921.5,1784.0,579.5,765.0,1013.5,1121.5,1199.5,1251.0,1337.5,1349.0,"{""type"":""MultiPoint"",""coordinates"":[]}"
640_0,3,1782.5,1484.0,521.0,667.5,882.5,1030.5,1074.0,1123.5,1198.5,1262.5,2509.0,2104.0,983.5,1304.5,1577.0,1709.5,1795.0,1888.5,1969.5,1978.0,2529.0,2099.5,932.0,1230.0,1508.5,1662.5,1728.0,1820.0,1902.5,1932.0,2449.5,2064.5,972.5,1248.5,1503.5,1676.5,1688.5,1802.5,1851.0,1887.0,934.0,922.5,854.5,1114.0,1177.5,1598.5,1297.5,1362.0,1167.5,1359.0,251.5,205.5,578.5,830.5,908.0,1071.0,877.0,978.0,953.5,822.0,425.5,316.5,568.0,849.5,853.5,1128.0,1085.5,1167.5,1172.5,1041.0,741.5,525.5,554.0,837.5,794.5,1161.5,1438.5,1527.5,1453.0,1369.5,1171.0,788.5,436.5,768.0,497.0,1192.0,2102.0,2324.5,2199.0,2155.0,1790.0,1006.5,361.5,765.5,509.5,1263.5,2878.0,3478.0,3399.5,3495.0,1690.5,922.5,324.0,679.0,467.0,1174.0,2806.5,3445.5,3358.5,3537.0,2088.5,1727.0,618.0,814.0,1048.0,1192.0,1202.5,1280.0,1360.5,1408.0,1604.5,875.0,317.5,654.0,459.0,1122.0,2710.0,3303.5,3260.0,3465.5,1445.0,733.5,263.0,569.0,420.0,1050.0,2656.5,3245.5,3263.5,3443.5,1402.0,733.5,288.5,594.5,373.5,992.5,2875.0,3459.0,3430.5,3666.5,1676.5,876.5,471.5,904.0,537.5,1470.5,3247.0,3792.0,3808.5,3915.0,1730.0,936.5,462.0,968.0,625.0,1583.5,3077.0,3443.0,3706.0,3698.0,1784.0,1024.0,498.0,1064.0,822.0,1866.0,2954.0,3290.0,3388.0,3505.0,2086.5,1213.5,717.5,1288.0,1178.0,2180.0,3023.5,3319.0,3518.0,3620.5,2504.5,1524.5,749.0,1335.5,1495.0,2458.0,2970.0,3247.0,3466.5,3630.5,3895.0,2667.0,1055.0,1503.5,2050.5,2524.5,2797.0,3037.5,3356.5,3466.5,1825.5,1400.0,499.5,701.0,967.0,1158.0,1218.5,1330.5,1357.5,1448.0,1896.0,1606.5,465.0,698.0,924.0,1063.5,1092.0,1183.5,1269.0,1336.0,2114.0,1685.0,585.5,821.5,1107.5,1299.5,1360.5,1464.0,1509.0,1588.0,2312.0,1835.5,916.5,1116.5,1311.0,1499.5,1636.0,1731.5,1795.0,1852.5,1892.5,1563.5,542.5,715.0,908.0,1047.5,1120.5,1179.5,1304.5,1337.0,2092.5,1767.5,635.0,805.5,1029.5,1188.0,1216.5,1315.5,1370.0,1440.0,1662.0,1395.5,446.0,550.0,739.0,837.0,883.5,954.5,1037.0,1082.0,0.0,0.0,0.0,0.0,0.0,0.0,0.0,0.0,0.0,0.0,1390.0,1008.0,387.0,521.0,679.0,798.0,828.0,901.5,999.0,1013.5,2179.5,1852.5,753.0,919.0,1092.5,1259.0,1418.0,1547.5,1495.5,1661.0,2251.0,1814.5,774.0,1007.0,1201.0,1349.0,1411.5,1511.0,1586.5,1583.0,2223.5,1830.5,803.0,1018.0,1207.0,1331.0,1395.5,1527.5,1592.5,1591.0,2103.5,1698.0,752.0,890.5,1066.0,1187.0,1259.5,1376.5,1441.5,1451.0,2118.0,1771.0,675.0,881.5,1089.0,1214.5,1296.5,1378.0,1452.5,1489.0,2252.0,1952.5,833.5,1104.0,1338.0,1454.0,1530.5,1595.5,1694.0,1675.0,"{""type"":""MultiPoint"",""coordinates"":[]}"
641_0,3,1352.0,1203.0,395.0,494.5,618.5,694.0,695.5,761.5,813.5,816.0,2162.0,1988.0,747.0,982.0,1179.5,1268.5,1301.0,1376.0,1459.5,1436.0,2368.0,2181.5,805.0,1064.5,1276.0,1387.5,1411.0,1481.0,1559.0,1578.0,2839.5,2605.5,1126.5,1425.5,1681.5,1819.5,1835.0,1913.5,1996.5,2016.0,3066.0,2863.0,1272.0,1549.0,1813.0,1982.0,2005.0,2102.0,2210.0,2221.0,2741.0,2609.0,1233.0,1549.0,1813.0,1982.0,1934.0,2070.0,1835.0,1932.0,468.0,411.0,941.0,1147.0,1186.0,1323.0,921.0,971.0,919.0,746.0,468.0,411.0,941.0,1147.0,1186.0,1323.0,940.0,971.0,919.0,751.0,274.0,225.0,618.0,928.0,909.0,1144.0,813.0,888.0,821.0,668.0,249.0,183.0,484.0,844.0,717.0,1070.5,743.0,854.5,764.5,582.5,268.0,197.5,318.5,618.5,376.5,870.0,776.0,899.0,769.0,607.5,1540.0,1368.0,516.0,660.0,780.0,853.0,880.0,914.0,1023.0,1011.0,606.0,377.0,305.0,568.0,374.0,882.0,1328.0,1504.0,1305.0,1219.0,639.0,403.0,164.0,364.0,210.0,671.0,1379.0,1638.0,1503.0,1352.0,854.0,441.0,164.0,385.0,202.0,683.0,1904.0,2206.0,2196.0,2117.0,1060.0,567.0,304.0,560.0,312.0,879.0,2165.0,2600.0,2530.0,2390.0,1115.0,609.0,309.0,660.0,387.0,1090.0,2254.0,2536.0,2575.0,2577.0,1119.0,669.5,364.5,766.5,629.0,1401.5,2178.5,2445.0,2464.5,2511.0,1759.5,1036.0,849.0,1252.0,1459.0,2026.5,2538.0,2763.0,2981.5,2992.5,2320.0,1518.5,765.5,1132.0,1418.0,1915.5,2403.0,2627.5,2885.0,2924.0,2793.0,2058.0,818.0,1212.0,1587.0,1938.0,2179.0,2418.0,2522.0,2700.0,2449.5,1752.0,695.5,1004.5,1418.0,1761.0,1837.0,1954.5,2043.0,2167.0,1606.0,1278.0,577.0,710.0,881.0,915.0,938.0,1005.0,1087.0,1088.0,2597.0,1987.0,711.0,1009.0,1372.0,1600.0,1664.0,1797.0,1857.0,2008.0,2497.5,1938.0,793.0,1018.5,1335.0,1543.5,1604.0,1771.0,1840.5,1972.5,2244.5,1809.0,600.5,801.0,1033.5,1188.5,1247.5,1344.5,1433.5,1489.5,2323.0,1870.0,726.0,872.0,1107.0,1263.0,1315.0,1413.0,1507.0,1573.0,2013.0,1588.0,491.0,634.0,870.0,997.0,1076.0,1157.0,1298.0,1308.0,0.0,0.0,0.0,0.0,0.0,0.0,0.0,0.0,0.0,0.0,2479.0,2240.0,900.0,1169.0,1420.0,1512.0,1539.0,1627.0,1743.0,1711.0,443.0,396.0,293.0,277.0,269.0,295.0,273.0,293.0,309.0,302.0,2830.0,2574.0,1062.0,1390.0,1668.0,1816.0,1813.0,1898.0,2021.0,2011.0,2901.0,2687.0,1245.0,1545.0,1798.0,1927.0,1946.0,2009.0,2221.0,2156.0,2151.0,1890.0,645.0,868.0,1076.0,1168.0,1159.0,1230.0,1322.0,1333.0,1997.0,1824.0,611.0,839.0,999.0,1099.0,1121.0,1214.0,1269.0,1309.0,2045.0,1870.0,688.5,886.0,1051.0,1142.5,1173.5,1245.5,1332.0,1330.5,"{""type"":""MultiPoint"",""coordinates"":[]}"
642_0,3,1851.5,1516.0,606.5,729.0,987.0,1098.5,1104.5,1218.0,1319.5,1347.5,2055.5,1755.0,730.0,926.5,1168.5,1277.5,1314.5,1374.0,1468.5,1482.0,2194.5,1900.5,868.0,1091.0,1353.0,1458.0,1458.0,1516.0,1586.5,1616.5,2467.0,2156.0,1018.5,1289.5,1561.0,1678.0,1695.0,1767.5,1872.0,1844.5,1430.0,1339.0,1001.0,1259.0,1302.0,1479.0,1413.0,1491.0,1575.0,1551.0,352.0,328.0,843.0,1088.0,1159.0,1322.0,1046.0,1096.0,925.0,789.0,493.0,424.0,782.0,1018.0,1006.0,1238.0,1066.0,1060.0,1117.0,932.0,440.0,374.0,592.0,843.0,861.0,1132.0,1034.0,1060.0,1052.0,932.0,475.0,361.0,489.0,728.0,697.0,953.0,928.0,1128.0,1027.0,901.0,875.5,504.5,211.5,490.0,323.5,864.0,1826.5,2024.5,2037.5,1974.0,1174.0,626.5,155.5,399.0,153.5,730.5,2430.5,3111.5,3204.5,3031.0,2058.0,1741.0,699.0,868.0,1090.0,1237.0,1248.0,1347.0,1439.0,1494.0,1434.0,711.0,152.0,381.0,113.0,692.0,2953.0,4050.0,4008.0,3967.0,1453.0,711.0,92.0,351.0,166.0,797.0,3012.0,4227.0,4323.0,4294.0,1532.0,768.0,185.0,481.0,321.0,944.0,3144.0,4343.0,4501.0,4590.0,1676.0,834.0,357.0,751.0,480.0,1362.0,3209.0,4086.0,4288.0,4262.0,1741.0,925.0,408.0,801.0,633.0,1470.0,3017.0,3646.0,4092.0,4053.0,1982.0,1132.0,424.0,860.0,785.5,1659.0,2999.5,3487.0,3788.0,3868.5,2368.5,1380.5,688.0,1144.5,1215.0,2001.5,3005.0,3444.0,3804.5,3851.0,2795.0,1774.0,810.5,1279.5,1554.5,2331.5,2975.0,3389.0,3813.0,3855.5,4002.0,2687.0,1083.0,1488.0,2110.0,2607.0,2933.0,3184.0,3689.0,3760.0,4063.0,2824.0,1107.0,1540.5,2324.0,2775.5,2867.0,3245.0,3608.0,3662.5,2055.5,1721.5,635.0,800.5,1071.0,1167.0,1207.0,1279.5,1436.0,1420.0,3749.5,2725.5,964.5,1308.0,1927.5,2244.0,2310.0,2671.0,2920.5,2994.0,3567.5,2620.5,999.0,1283.5,1849.0,2072.5,2221.5,2403.5,2765.0,2850.0,3230.5,2476.5,777.0,987.5,1366.5,1536.0,1629.0,1810.0,2053.0,2050.5,3267.5,2625.5,806.5,980.5,1352.0,1553.5,1574.5,1732.5,2003.5,2047.0,1701.0,1269.0,435.0,562.0,812.0,913.0,919.0,1005.0,1174.0,1124.0,0.0,0.0,0.0,0.0,0.0,0.0,0.0,0.0,0.0,0.0,1523.0,1203.0,520.0,660.0,831.0,920.0,925.0,976.0,1115.0,1112.0,1728.0,1416.0,623.0,719.0,871.0,968.0,995.0,1033.0,1135.0,1143.0,2268.0,1897.0,814.0,993.0,1208.0,1323.0,1349.0,1433.0,1535.0,1570.0,2204.5,1857.5,855.0,1004.0,1199.0,1301.5,1318.5,1384.0,1515.0,1473.0,1811.0,1522.5,597.5,702.0,893.5,991.0,969.5,1007.0,1120.5,1138.5,2155.5,1877.5,805.5,939.5,1138.0,1254.5,1317.0,1405.5,1507.0,1514.0,2155.5,1826.5,829.5,991.0,1179.5,1275.5,1366.5,1446.5,1581.5,1560.0,"{""type"":""MultiPoint"",""coordinates"":[]}"
643_0,3,1814.0,1507.0,519.5,645.0,867.0,1001.5,1047.0,1102.5,1204.5,1247.0,2486.5,2113.5,967.0,1264.0,1533.5,1669.0,1716.5,1799.0,1903.0,1903.0,2231.5,1884.0,738.5,998.0,1274.5,1404.0,1429.5,1500.0,1614.5,1614.5,149.5,125.0,373.0,577.0,613.5,765.5,576.0,646.0,632.5,556.0,219.0,165.0,524.0,716.5,698.5,889.5,894.5,947.0,957.0,838.0,383.0,309.5,524.0,716.5,687.5,949.5,1018.0,1120.0,1058.0,966.0,714.0,544.5,337.5,625.5,382.5,921.5,1305.0,1439.5,1371.0,1271.0,1339.5,730.0,319.5,638.0,363.0,937.0,2507.0,2929.0,2977.0,2882.5,1559.5,774.0,238.0,550.5,265.5,873.5,2830.0,3597.0,3653.5,3700.0,1534.0,771.0,190.0,481.5,264.0,835.0,2766.0,3691.0,3803.5,3940.5,1505.5,743.5,146.5,363.5,185.5,673.5,2657.0,3823.5,4031.0,4115.5,2076.0,1745.5,541.0,732.5,977.5,1097.5,1138.5,1219.0,1315.5,1374.0,1614.0,778.0,186.5,441.5,208.0,780.5,3065.0,4359.5,4550.0,4647.5,1650.5,802.0,332.0,900.0,459.0,1522.0,3730.5,4699.0,4845.0,4947.0,1730.0,889.0,482.0,1014.0,730.0,1718.0,3686.5,4364.0,4498.0,4711.5,1987.0,1115.0,677.5,1252.0,1133.0,2165.5,3464.0,3933.0,4138.5,4285.5,2293.0,1349.5,771.0,1335.0,1372.5,2329.0,3341.0,3720.5,4102.5,4125.5,2535.0,1532.0,786.0,1355.0,1535.0,2353.0,3248.0,3597.0,3880.0,4013.0,3738.5,2497.0,1036.0,1487.5,1966.5,2427.5,2768.5,3053.0,3430.0,3494.5,3683.0,2491.0,919.5,1359.5,2020.5,2476.5,2839.0,3174.0,3512.5,3592.0,3329.0,2314.5,806.5,1264.5,1887.0,2225.5,2518.5,2731.5,3111.5,3128.5,2202.5,1650.0,688.5,995.0,1395.5,1613.0,1723.5,1821.5,1916.0,2020.0,1969.5,1663.0,454.5,662.5,888.5,1024.0,1066.5,1139.0,1230.0,1304.5,2511.0,1926.5,798.0,1093.5,1505.5,1735.0,1835.5,1896.5,2071.0,2143.5,2465.5,1895.0,901.0,1140.5,1479.5,1708.0,1767.5,1884.0,2018.0,2060.5,2133.0,1783.0,638.0,788.0,1054.0,1186.0,1276.5,1356.0,1457.0,1496.0,1908.0,1543.0,567.0,780.5,1057.0,1218.5,1263.5,1331.0,1436.0,1452.0,1391.5,1197.0,376.0,480.5,668.5,730.5,781.0,813.0,906.5,914.0,0.0,0.0,0.0,0.0,0.0,0.0,0.0,0.0,0.0,0.0,1839.0,1547.5,445.0,599.5,819.0,947.0,966.0,1067.5,1179.0,1195.0,1924.5,1661.5,551.0,659.0,851.0,947.5,994.5,1083.5,1157.0,1183.0,2195.5,1886.5,603.5,790.5,1017.0,1122.5,1201.0,1298.5,1381.5,1432.0,2265.5,1931.0,700.5,807.5,1094.0,1214.5,1276.5,1361.5,1464.5,1455.0,2223.5,1847.5,714.0,833.5,1030.0,1161.5,1237.5,1312.5,1403.0,1420.0,2101.5,1793.0,606.0,817.5,1039.0,1150.0,1231.5,1326.0,1390.0,1398.0,2229.0,1915.5,760.5,968.0,1225.0,1341.0,1381.5,1493.0,1574.5,1591.5,"{""type"":""MultiPoint"",""coordinates"":[]}"
644_0,3,1480.0,1234.0,756.0,797.0,844.5,1003.5,1123.5,1189.0,1297.5,1279.5,2556.0,2421.0,905.0,1119.0,1423.0,1552.0,1553.0,1634.0,1768.0,1793.0,2529.0,2484.0,877.0,1089.0,1384.0,1518.0,1569.0,1635.0,1733.0,1776.0,796.5,763.0,593.0,764.0,912.0,1059.0,991.0,1072.5,989.0,971.0,421.0,375.5,541.5,716.5,692.0,840.5,652.5,742.0,647.0,594.5,606.0,439.0,404.5,672.5,497.5,908.0,1313.0,1352.0,1394.5,1263.5,835.0,569.0,358.0,654.0,447.0,934.0,1448.0,1611.0,1576.0,1547.0,1245.0,698.0,172.0,514.0,175.0,834.0,2155.0,2620.0,2682.0,2395.0,1307.0,696.0,58.0,308.0,74.0,627.0,2469.0,3650.0,3604.0,3478.0,1386.5,646.5,31.5,231.5,0.0,458.5,2783.0,4440.0,4474.0,4534.5,1325.5,600.5,18.0,212.5,2.0,409.0,2647.0,4571.5,4638.5,4793.5,1891.5,1601.0,827.0,896.5,964.5,1154.5,1456.5,1550.0,1646.5,1634.0,1340.5,607.5,25.0,194.5,14.0,436.5,2645.5,4636.5,4711.5,4872.0,1343.5,613.0,65.5,304.5,62.5,624.0,2908.0,4564.0,4742.5,4885.0,1418.0,667.0,495.0,798.0,551.0,1201.0,3085.0,4294.0,4387.0,4588.0,1584.0,823.0,644.0,1002.0,786.0,1534.0,3089.0,3719.0,3994.0,4027.0,1630.0,874.0,528.0,959.0,798.0,1556.0,2877.0,3418.0,3712.0,3776.0,1942.0,1129.0,478.0,970.0,1023.0,1807.0,2762.0,3127.0,3387.0,3543.0,4520.0,3131.5,1163.5,1563.0,2171.5,2566.5,2919.5,3225.5,3526.0,3666.0,4684.0,3358.0,1202.0,1691.0,2458.0,2809.0,3059.0,3222.0,3538.0,3476.0,4352.0,3305.0,1202.0,1691.0,2372.0,2738.0,2927.0,3152.0,3533.0,3648.0,4231.5,3280.5,1214.5,1674.0,2427.5,2829.5,3033.5,3337.5,3558.5,3556.5,1703.0,1368.0,367.0,627.0,713.0,1056.0,1399.0,1511.0,1626.0,1636.0,4046.5,3151.0,920.0,1253.5,1717.5,2052.5,2219.0,2403.0,2578.0,2726.5,3140.5,2691.0,891.0,1080.5,1343.5,1526.0,1714.0,1822.5,2006.5,2059.0,2316.5,2290.5,688.5,752.5,842.5,1017.0,1250.5,1335.0,1478.5,1497.0,2152.0,2118.5,539.0,647.0,730.5,904.5,1145.5,1271.0,1329.5,1419.0,1513.5,1194.5,292.0,517.0,517.5,875.5,1410.5,1541.5,1691.5,1710.0,0.0,0.0,0.0,0.0,0.0,0.0,0.0,0.0,0.0,0.0,1484.0,1060.0,303.0,536.0,555.0,988.0,1502.0,1559.0,1706.0,1700.0,2191.5,1768.0,1211.0,1521.5,1501.5,1859.0,2269.5,2318.0,2563.0,2334.5,1866.5,1376.5,400.5,738.0,695.0,1234.5,1934.5,2078.0,2225.5,2231.5,1868.0,1502.5,521.5,735.0,807.0,1146.5,1603.5,1730.0,1851.5,1872.0,1904.0,1667.0,510.0,702.0,859.0,1096.0,1242.0,1325.0,1385.0,1432.0,2130.0,2017.0,663.0,845.5,1072.0,1212.0,1321.0,1409.0,1501.0,1525.5,2378.0,2350.5,736.0,964.5,1226.0,1368.0,1463.0,1513.5,1605.5,1661.5,"{""type"":""MultiPoint"",""coordinates"":[]}"
645_0,3,2058.0,1656.5,613.0,755.0,1033.5,1181.0,1188.0,1301.5,1398.5,1471.0,2318.0,1900.0,729.0,926.0,1167.0,1356.0,1469.5,1576.0,1651.0,1701.0,2354.0,2022.5,787.5,1021.5,1328.5,1457.5,1469.5,1540.0,1631.5,1672.0,2566.0,2233.0,931.5,1194.5,1521.5,1664.0,1703.5,1787.5,1899.5,1888.0,2188.0,1914.0,922.0,1184.0,1505.0,1642.0,1693.0,1699.0,1625.0,1707.0,437.0,413.0,734.0,917.0,913.0,1115.0,934.0,965.0,947.0,818.0,413.0,324.0,559.0,742.0,749.0,923.0,918.0,949.0,994.0,856.0,460.0,355.0,448.0,675.0,607.0,882.0,933.0,1050.0,994.0,919.0,928.0,547.0,321.0,594.0,414.0,882.0,1726.0,2210.0,2243.0,1916.0,1794.5,896.5,228.5,567.0,235.5,888.5,3307.0,4226.5,4324.0,4270.0,1781.0,849.0,93.5,362.0,90.0,696.0,3314.5,4952.0,5059.0,5113.0,2266.0,1882.0,695.0,865.0,1105.0,1282.0,1269.0,1410.0,1480.0,1567.0,1733.0,829.0,138.0,398.0,133.0,708.0,3367.0,5037.0,5170.0,5225.0,1728.0,817.0,101.0,472.0,269.0,878.0,3468.0,5085.0,5287.0,5342.0,1797.0,879.0,245.0,680.0,416.0,1241.0,3602.0,5078.0,5257.0,5519.0,1976.0,959.0,443.0,905.0,660.0,1689.0,3825.0,4810.0,5047.0,5259.0,2029.5,1125.0,478.5,996.0,779.0,1809.5,3682.0,4387.0,4792.5,4929.5,2349.5,1371.5,581.0,1152.0,1138.5,2182.0,3574.0,4155.0,4454.0,4648.0,2868.0,1741.0,877.5,1373.0,1573.5,2622.5,3665.0,4113.0,4426.5,4654.0,3278.5,2126.0,993.0,1545.0,1943.0,2883.0,3620.0,4023.0,4343.0,4480.5,4298.0,3002.0,1251.0,1745.0,2562.0,3054.0,3346.0,3607.0,3993.0,4115.0,4074.0,2836.5,1165.0,1581.5,2381.0,2954.5,3127.5,3539.5,3401.5,3755.0,2250.0,1861.5,650.5,809.0,1110.0,1225.0,1269.0,1361.5,1500.5,1516.5,3731.0,2678.0,1052.0,1413.5,2070.0,2449.0,2593.5,2811.0,2914.5,3243.0,3554.5,2600.0,1053.0,1352.5,1850.5,2271.0,2377.5,2591.5,2636.5,2900.0,3143.0,2460.0,767.5,982.0,1338.5,1643.0,1660.5,1839.5,1928.0,2057.5,3142.0,2513.0,801.5,986.5,1323.5,1580.0,1632.0,1805.5,1862.5,2000.0,2019.0,1283.0,551.0,715.0,1049.0,1208.0,1217.0,1310.0,1487.0,1496.0,0.0,0.0,0.0,0.0,0.0,0.0,0.0,0.0,0.0,0.0,1702.0,1340.0,483.0,649.0,841.0,963.0,971.0,1007.0,1154.0,1165.0,1915.0,1581.0,607.0,707.0,875.0,1012.0,1005.0,1079.0,1181.0,1196.0,2360.0,1976.0,694.0,891.0,1115.0,1286.0,1355.0,1418.0,1506.0,1585.0,2204.0,1785.0,953.0,1105.0,1329.0,1484.0,1549.0,1642.0,1812.0,1807.0,2046.5,1664.5,597.5,726.5,932.5,1055.5,1094.0,1174.5,1276.0,1314.0,2357.5,1996.0,757.5,905.5,1094.0,1282.5,1433.5,1549.0,1635.5,1667.5,2444.0,1984.0,781.0,983.0,1184.0,1359.0,1528.0,1630.0,1775.0,1805.0,"{""type"":""MultiPoint"",""coordinates"":[]}"
646_0,3,3432.0,2814.0,1666.5,1715.5,1933.5,2103.5,2202.5,2366.5,2597.0,2563.0,2122.0,1970.0,641.0,878.0,1152.0,1290.0,1323.0,1399.0,1495.0,1510.0,2185.0,2078.0,716.0,919.0,1211.0,1363.0,1361.0,1461.0,1495.0,1554.0,2058.0,1963.5,712.5,925.0,1179.5,1303.0,1329.5,1390.5,1468.0,1488.0,580.0,512.0,841.0,936.0,957.0,1097.0,938.0,970.0,973.0,847.0,518.0,363.0,401.0,663.0,565.0,851.0,938.0,970.0,973.0,847.0,829.0,607.0,365.0,663.0,440.0,950.0,1460.0,1520.0,1466.0,1422.0,1936.0,1178.0,314.0,653.0,402.0,974.0,2310.0,2638.0,2660.0,2741.0,1171.0,635.0,170.0,411.0,221.0,689.0,1816.0,2348.0,2372.0,2331.0,1088.0,537.5,68.5,228.0,74.0,432.0,1867.5,2553.0,2552.5,2568.0,1237.0,579.0,54.0,197.5,46.0,378.5,2272.0,3551.5,3679.5,3705.0,3572.0,3049.5,1154.0,1160.0,1412.0,1629.0,1706.0,1851.0,2083.0,2087.0,1268.0,566.5,43.5,193.0,32.0,377.0,2371.5,4113.0,4154.5,4247.5,1064.5,478.0,40.0,180.5,14.0,385.0,2411.5,4059.5,4154.5,4208.0,1198.0,549.0,483.0,757.0,509.0,1079.0,2906.0,3951.0,4081.0,4170.0,1303.0,659.0,582.0,922.0,672.0,1420.0,3134.0,3913.0,4034.0,4111.0,1296.0,675.0,479.0,891.0,672.0,1430.0,2848.0,3409.0,3602.0,3683.0,1566.0,908.0,457.0,918.0,948.0,1748.0,2690.0,3030.0,3269.0,3403.0,4341.0,2999.0,1132.0,1593.0,2190.0,2764.0,3013.5,3332.5,3661.5,3746.0,4594.5,3324.5,1211.0,1684.0,2439.0,2847.5,3087.5,3392.0,3769.5,3823.5,4315.0,3046.0,1121.0,1473.0,2172.0,2528.0,2678.0,2947.0,3312.0,3360.0,4644.5,3397.0,1230.0,1631.5,2367.5,2744.0,2948.5,3220.0,3466.5,3683.5,3670.5,3087.0,888.0,1110.5,1500.0,1727.0,1800.5,1946.5,2158.5,2181.5,3899.0,3098.0,911.5,1199.5,1669.0,1934.5,2075.0,2220.0,2405.5,2544.5,3728.0,3092.5,1859.0,2007.0,2288.5,2522.0,2594.5,2733.5,2856.5,2949.0,3513.5,2987.5,858.0,998.5,1303.5,1496.0,1575.0,1712.0,1860.0,1946.5,3403.5,2896.5,851.0,989.0,1261.5,1452.0,1555.0,1684.5,1823.0,1931.0,2156.5,1615.5,525.5,708.5,991.0,1179.5,1247.5,1366.5,1573.5,1611.5,0.0,0.0,0.0,0.0,0.0,0.0,0.0,0.0,0.0,0.0,3885.0,3176.0,1026.0,1412.0,1944.0,2263.0,2308.0,2492.0,2689.0,2727.0,4221.0,3624.0,1369.0,1509.0,1978.0,2354.0,2409.0,2500.0,2689.0,2817.0,3798.0,3188.0,1175.0,1501.0,1830.0,2070.0,2165.0,2297.0,2582.0,2670.0,1904.5,1670.0,631.5,760.5,975.0,1105.5,1145.0,1254.5,1319.0,1367.0,2018.0,1781.0,711.0,866.0,1074.0,1197.0,1258.0,1353.0,1456.0,1503.0,1851.5,1748.5,513.0,688.0,943.5,1042.5,1070.5,1153.0,1235.5,1238.0,1920.5,1799.0,560.0,750.5,1003.5,1103.0,1146.5,1228.0,1323.5,1343.5,"{""type"":""MultiPoint"",""coordinates"":[]}"
647_0,3,122.0,109.5,181.0,277.5,357.0,389.0,247.0,271.5,252.5,205.5,2150.0,1874.5,663.5,862.0,1080.5,1182.5,1245.5,1331.5,1443.0,1457.5,2324.5,2068.0,718.5,932.0,1180.0,1309.5,1354.5,1436.0,1538.0,1558.5,2473.5,2233.5,840.5,1092.0,1338.5,1459.5,1491.0,1597.5,1676.5,1714.0,2596.0,2383.0,963.0,1215.0,1473.0,1597.0,1661.0,1734.0,1828.0,1846.0,1357.0,1323.0,1264.0,1500.0,1761.0,1894.0,1924.0,2034.0,1880.0,1922.0,312.0,258.0,660.0,902.0,902.0,1129.0,962.0,1031.0,1011.0,852.0,471.0,374.0,766.0,1030.0,1002.0,1349.0,1309.0,1433.0,1339.0,1195.0,680.0,560.0,529.0,837.0,702.0,1261.0,1470.0,1599.0,1450.0,1337.0,1571.5,855.0,331.0,666.5,445.5,1083.0,2675.5,3218.5,3182.5,3317.5,1172.0,615.0,187.5,421.5,226.0,747.5,2186.0,2860.0,2770.5,2726.0,329.5,284.0,304.0,409.5,512.5,608.0,505.0,527.5,560.0,491.0,1494.0,741.0,191.0,424.0,239.0,728.0,2687.0,3736.0,3839.0,3965.0,1448.0,731.0,157.0,370.0,239.0,728.0,2498.0,3411.0,3534.0,3633.0,1494.0,760.0,157.0,400.0,230.0,772.0,2699.0,3832.0,3852.0,4090.0,1562.0,794.0,404.0,768.0,492.0,1309.0,3027.0,3693.0,3853.0,3920.0,1566.0,834.0,405.0,828.0,629.0,1481.0,2850.0,3396.0,3674.0,3677.0,1747.5,988.0,440.5,843.0,838.5,1617.5,2611.5,2989.0,3261.0,3394.5,2089.0,1214.5,792.0,1196.5,1376.0,1914.5,2589.0,2915.5,3195.5,3305.5,3718.0,2555.0,958.0,1358.0,1827.5,2405.0,2785.0,3079.0,3419.5,3580.5,4193.0,2768.5,1309.0,1831.5,2589.0,3125.0,3447.0,3743.0,4218.0,4295.0,3141.0,2244.0,1004.0,1361.0,1877.0,2173.0,2451.0,2427.0,2569.0,2770.0,203.0,163.0,317.0,380.0,471.0,544.0,429.0,459.0,487.0,422.0,3083.0,2244.0,910.0,1213.0,1640.0,1898.0,2109.0,2148.0,2226.0,2336.0,2925.0,2194.5,947.0,1208.0,1588.5,1842.0,1915.0,2061.0,2129.5,2243.5,2489.0,1912.0,678.5,842.5,1114.0,1261.5,1355.5,1472.5,1516.5,1549.5,322.0,262.0,355.0,451.0,584.0,682.0,559.0,601.0,617.0,565.0,146.0,117.0,155.0,223.0,321.0,363.0,281.0,330.0,308.0,255.0,555.0,533.0,592.0,546.0,563.0,638.0,651.0,665.0,552.0,616.0,148.0,123.0,184.0,317.0,414.0,484.0,358.0,387.0,406.0,327.0,951.0,619.0,398.0,483.0,660.0,788.0,885.0,947.0,1033.0,1063.0,2846.0,2179.0,875.0,1134.0,1426.0,1659.0,1742.0,1849.0,1934.0,1992.0,2137.0,1454.0,548.0,724.0,1025.0,1191.0,1270.0,1344.0,1486.0,1629.0,2579.5,1918.0,731.0,948.5,1265.5,1467.0,1520.5,1597.5,1785.5,1878.0,3419.0,2781.5,1101.5,1377.5,1699.5,1914.5,1999.0,2155.0,2324.0,2369.0,2985.5,2518.0,969.5,1186.0,1455.0,1590.0,1677.0,1796.5,1916.0,1976.0,"{""type"":""MultiPoint"",""coordinates"":[]}"
648_0,3,2019.0,1630.0,636.5,797.5,1085.5,1214.5,1232.0,1318.0,1441.0,1484.0,2345.5,1964.0,823.0,1059.5,1319.5,1437.0,1478.0,1541.0,1664.0,1672.5,2666.5,2257.0,1024.5,1298.0,1592.0,1719.5,1722.0,1797.5,1901.5,1914.0,2986.0,2541.0,1210.0,1535.5,1851.0,2006.5,2026.0,2135.0,2233.0,2257.5,893.0,799.0,1091.0,1440.0,1475.0,1708.0,1309.0,1373.0,1267.0,1159.0,470.0,396.0,976.0,1243.0,1276.0,1452.0,1089.0,1077.0,1007.0,968.0,706.0,514.0,552.0,909.0,835.0,1172.0,1081.0,1221.0,992.0,1067.0,1078.0,672.0,552.0,909.0,731.0,1253.0,1694.0,1811.0,1700.0,1615.0,1448.0,855.0,431.0,783.0,513.0,1141.0,2414.0,2791.0,2625.0,2711.0,1625.5,835.0,282.0,579.5,330.0,934.5,2804.0,3582.5,3515.0,3627.5,1548.0,748.5,119.0,313.5,138.0,634.5,2755.0,4017.0,4057.5,4159.0,2260.0,1842.0,760.0,932.0,1208.0,1370.0,1379.0,1454.0,1522.0,1644.0,1586.0,751.0,150.0,339.0,161.0,613.0,2965.0,4345.0,4414.0,4523.0,1629.0,751.0,81.0,396.0,154.0,794.0,3388.0,4790.0,4938.0,4927.0,1680.0,804.0,294.0,782.0,423.0,1373.0,3671.0,4789.0,4966.0,5009.0,1871.0,927.0,497.0,1044.0,738.0,1817.0,3718.0,4514.0,4659.0,4816.0,1931.0,1072.0,540.0,1100.5,885.0,1931.5,3466.0,4021.5,4336.5,4302.0,2368.5,1421.5,668.5,1226.0,1339.5,2206.5,3289.0,3640.0,3924.5,4063.0,3070.0,2003.5,1044.0,1578.0,2007.5,2794.5,3524.0,3826.0,4149.0,4255.0,3899.0,2704.5,1178.5,1715.0,2336.0,2999.5,3461.5,3802.5,3982.5,4194.0,3943.0,2878.0,1130.0,1587.0,2315.0,2767.0,2870.0,3090.0,3410.0,3566.0,3899.5,2737.5,1083.5,1507.5,2286.0,2738.0,2848.5,3045.5,3185.0,3531.5,2253.5,1860.5,702.0,883.5,1180.0,1297.0,1349.0,1426.5,1565.5,1578.0,2663.0,2075.0,771.0,1057.5,1459.5,1691.0,1739.5,1898.0,1935.5,2075.5,2576.5,2030.0,835.0,1072.0,1455.0,1602.0,1706.5,1846.5,1962.0,1980.0,2374.0,1894.0,682.0,898.0,1217.5,1363.5,1439.0,1519.0,1619.0,1683.0,2426.5,1973.5,744.5,918.0,1222.0,1389.0,1417.0,1511.0,1612.5,1721.0,2028.0,1333.0,590.0,738.0,1022.0,1127.0,1156.0,1267.0,1424.0,1398.0,0.0,0.0,0.0,0.0,0.0,0.0,0.0,0.0,0.0,0.0,1852.0,1440.0,622.0,812.0,1041.0,1145.0,1163.0,1239.0,1346.0,1343.0,2171.0,1747.0,747.0,927.0,1108.0,1245.0,1252.0,1291.0,1414.0,1434.0,2644.0,2177.0,945.0,1179.0,1429.0,1569.0,1593.0,1652.0,1792.0,1831.0,2240.0,1753.0,1164.0,1371.0,1614.0,1728.0,1820.0,1899.0,2078.0,2061.0,2069.5,1643.0,685.5,851.5,1060.0,1182.0,1219.0,1288.0,1390.5,1432.0,2510.0,2059.0,927.0,1120.0,1302.0,1485.0,1702.0,1802.0,1916.0,1921.0,2399.0,1998.0,830.0,1065.0,1311.0,1445.0,1492.0,1553.0,1680.0,1683.0,"{""type"":""MultiPoint"",""coordinates"":[]}"
649_0,3,139.5,115.0,251.0,339.5,440.5,473.5,281.0,293.5,282.0,218.0,2110.0,1822.5,705.5,909.5,1111.5,1229.5,1259.0,1337.5,1443.0,1463.0,2404.5,2144.5,849.5,1088.5,1320.0,1450.5,1492.0,1577.5,1662.5,1695.0,2612.5,2346.5,1029.5,1299.5,1552.5,1674.0,1702.0,1782.5,1868.5,1888.0,2686.0,2447.0,1119.0,1372.0,1626.0,1732.0,1777.0,1874.0,1970.0,1961.0,768.0,800.0,883.0,1112.0,1230.0,1421.0,1178.0,1232.0,1009.0,1128.0,328.0,272.0,716.0,985.0,978.0,1226.0,1046.0,1085.0,1083.0,902.0,444.0,350.0,762.0,1072.0,1042.0,1428.0,1288.0,1373.0,1256.0,1092.0,529.0,423.0,497.0,832.0,645.0,1272.0,1288.0,1373.0,1294.0,1092.0,1194.0,712.5,288.0,629.0,372.5,1066.0,2357.0,2745.5,2620.5,2628.5,1123.5,604.0,184.0,450.5,240.5,775.0,2295.5,2943.0,2936.0,2729.0,305.0,258.5,434.0,589.0,691.5,776.5,588.0,595.5,620.5,508.5,1515.0,777.0,223.0,484.0,297.0,834.0,2721.0,3748.0,4063.0,4189.0,1503.0,785.0,179.0,413.0,290.0,820.0,2602.0,3546.0,3727.0,3770.0,1576.0,793.0,179.0,418.0,231.0,791.0,2786.0,3879.0,4003.0,4147.0,1591.0,828.0,396.0,788.0,499.0,1384.0,3075.0,3718.0,3942.0,3966.0,1575.0,845.0,402.0,846.0,615.0,1439.0,2869.0,3403.0,3779.0,3696.0,1791.0,1037.5,467.0,901.0,898.5,1677.0,2679.0,3096.5,3391.0,3431.0,2264.0,1354.0,838.0,1281.0,1436.0,2040.0,2658.0,2947.0,3301.0,3379.0,3841.0,2628.5,1025.0,1452.0,1954.0,2533.5,2870.5,3180.5,3582.0,3697.5,4313.5,2837.0,1349.0,1910.5,2719.5,3273.0,3563.5,3862.0,4378.5,4418.5,3343.0,2381.0,1255.0,1687.0,2366.0,2525.0,2609.0,2897.0,3209.0,3049.0,208.0,155.0,420.0,506.0,639.0,697.0,508.0,524.0,559.0,423.0,3271.0,2381.0,1081.0,1437.0,1952.0,2218.0,2277.0,2423.0,2736.0,2746.0,3091.5,2318.5,1090.0,1418.5,1870.0,2030.5,2107.0,2243.5,2561.0,2486.5,2612.5,2099.5,806.5,1010.0,1368.0,1510.0,1551.5,1667.5,1942.0,1898.0,357.0,298.0,372.0,523.0,622.0,722.0,559.0,613.0,660.0,600.0,138.0,109.0,139.0,228.0,301.0,344.0,258.0,276.0,260.0,204.0,670.0,705.0,669.0,664.0,656.0,689.0,677.0,730.0,698.0,726.0,147.0,114.0,205.0,320.0,461.0,573.0,384.0,407.0,412.0,291.0,664.0,398.0,431.0,524.0,706.0,915.0,961.0,1025.0,1089.0,1123.0,2864.0,2126.0,968.0,1287.0,1617.0,1812.0,1975.0,2005.0,2251.0,2217.0,2238.0,1502.0,754.0,984.0,1374.0,1544.0,1565.0,1700.0,1968.0,1915.0,2756.0,2002.0,980.5,1242.5,1621.5,1814.0,1847.5,1988.0,2216.5,2189.0,3835.0,3064.0,1456.5,1768.5,2180.5,2412.0,2486.0,2616.0,2880.0,2866.5,3420.5,2825.5,1373.0,1638.5,1968.0,2144.5,2251.5,2380.5,2560.5,2568.5,"{""type"":""MultiPoint"",""coordinates"":[]}"
650_0,3,1965.5,1562.5,676.0,842.5,1112.0,1264.0,1251.0,1296.5,1475.5,1459.5,2403.5,1956.0,839.0,1110.0,1368.0,1446.5,1528.5,1578.5,1723.0,1727.5,2715.5,2280.5,1062.0,1377.0,1667.5,1768.0,1788.0,1840.0,1982.5,1964.5,2952.0,2493.0,1261.5,1607.5,1912.5,1985.0,2027.5,2133.5,2286.5,2281.0,1590.0,1324.0,1151.0,1542.0,1737.0,1943.0,1754.0,1828.0,1900.0,1853.0,1128.0,838.0,820.0,1128.0,1161.0,1417.0,1330.0,1369.0,1406.0,1329.0,1128.0,838.0,784.0,1064.0,1161.0,1386.0,1330.0,1369.0,1406.0,1329.0,884.0,654.0,700.0,974.0,957.0,1272.0,1323.0,1426.0,1394.0,1302.0,1089.0,730.0,505.0,839.0,733.0,1203.0,1419.0,1637.0,1656.0,1530.0,1465.5,863.5,346.5,681.5,490.0,1009.0,2236.5,2469.5,2678.5,2604.0,1608.0,976.5,289.5,555.5,337.0,932.0,2462.5,3264.5,3481.5,3250.0,2237.0,1799.0,789.0,971.0,1242.0,1357.0,1427.0,1493.0,1578.0,1619.0,1693.0,955.0,324.0,561.0,399.0,934.0,2689.0,3713.0,3890.0,3763.0,1642.0,938.0,158.0,435.0,267.0,851.0,2783.0,3908.0,4247.0,4207.0,1661.0,949.0,278.0,601.0,371.0,1050.0,2857.0,3915.0,4397.0,4465.0,1779.0,977.0,438.0,836.0,554.0,1367.0,3211.0,3835.0,4307.0,3981.0,1875.5,1092.0,461.5,891.5,673.0,1461.5,3142.5,3585.5,4112.5,3839.5,2427.0,1557.5,726.0,1277.0,1400.0,2287.5,3060.5,3431.0,4004.5,3773.5,3195.0,2145.5,1171.5,1718.0,2390.5,2933.5,3410.5,3841.0,4379.5,4213.0,3873.5,2728.0,1390.5,1955.5,2750.0,3180.5,3478.5,3852.0,4411.0,4441.5,3700.0,2833.0,1570.0,2176.0,2844.0,3147.0,3325.0,3512.0,3936.0,3721.0,3480.0,2616.5,1496.5,2021.0,2780.5,3108.5,3173.0,3355.5,3603.5,3679.5,2243.5,1827.0,750.0,957.5,1248.0,1338.0,1340.5,1447.0,1651.0,1628.5,3390.0,2551.0,1223.0,1656.0,2268.0,2495.5,2546.5,2912.0,3034.0,3151.5,3312.0,2509.5,1238.0,1595.5,2128.5,2316.5,2383.0,2518.5,2887.0,2856.5,2935.0,2395.0,945.0,1166.0,1504.0,1595.0,1710.5,1792.0,2035.5,2025.0,2974.0,2436.0,954.5,1162.5,1473.5,1573.0,1663.5,1827.0,2013.5,2008.5,1666.0,1327.0,485.0,640.0,843.0,941.0,919.0,953.0,1161.0,1106.0,0.0,0.0,0.0,0.0,0.0,0.0,0.0,0.0,0.0,0.0,1966.0,1561.0,650.0,846.0,1088.0,1152.0,1163.0,1274.0,1377.0,1352.0,2138.0,1734.0,786.0,946.0,1138.0,1249.0,1239.0,1300.0,1441.0,1400.0,2614.0,2152.0,932.0,1180.0,1410.0,1538.0,1564.0,1585.0,1769.0,1738.0,2226.0,1860.0,1157.0,1374.0,1622.0,1703.0,1746.0,1882.0,2062.0,1958.0,2056.5,1633.0,690.0,869.0,1073.0,1148.0,1174.0,1259.5,1385.0,1382.0,2478.5,2020.0,908.0,1129.5,1288.0,1474.0,1674.5,1735.5,1934.0,1910.0,2437.0,1907.0,872.0,1120.0,1242.0,1483.0,1840.0,1916.0,2216.0,2049.0,"{""type"":""MultiPoint"",""coordinates"":[]}"
651_0,3,1394.0,1182.0,651.0,684.0,779.0,895.0,985.0,1029.5,1121.0,1104.0,2621.0,2473.0,973.0,1215.0,1525.0,1638.0,1663.0,1738.0,1881.0,1865.0,2648.0,2595.0,940.0,1160.0,1472.0,1613.0,1646.0,1754.0,1834.0,1842.0,1251.0,1210.0,502.5,680.5,814.5,915.5,850.0,932.5,974.5,956.5,178.5,189.5,287.0,410.5,437.0,523.0,438.5,476.0,467.0,357.5,476.0,387.0,331.5,531.5,465.5,687.5,806.0,827.0,880.0,760.0,589.0,469.0,305.0,506.0,418.0,678.0,979.0,1017.0,1103.0,968.0,1085.0,626.0,211.0,467.0,320.0,681.0,1465.0,1663.0,1732.0,1740.0,1050.0,524.0,57.0,194.0,63.0,343.0,1912.0,2694.0,2790.0,2700.0,1320.5,637.0,28.5,158.0,0.0,334.5,2451.5,4291.5,4277.5,4480.0,1321.5,614.5,20.0,178.5,0.0,327.0,2541.5,4766.0,4776.0,4968.0,2184.5,1916.0,1343.5,1441.0,1541.5,1690.5,1823.5,1862.0,1944.0,1961.0,1360.0,637.5,34.5,179.5,5.0,306.5,2577.5,4867.5,4946.0,5156.0,1295.5,613.0,69.5,237.0,41.0,465.0,2797.0,4836.0,4946.5,5192.5,1386.0,665.0,503.0,830.0,563.0,1221.0,3088.0,4577.0,4594.0,4881.0,1517.0,760.0,624.0,993.0,726.0,1551.0,3246.0,3996.0,4208.0,4239.0,1512.0,781.0,502.0,944.0,742.0,1551.0,3141.0,3767.0,4022.0,4103.0,1805.0,1016.0,496.0,982.0,982.0,1815.0,3054.0,3551.0,3774.0,3918.0,4660.0,3304.0,1224.0,1724.0,2278.0,3001.5,3385.5,3640.0,3951.5,4156.0,4764.0,3548.0,1270.0,1750.0,2532.0,2828.0,3120.0,3302.0,3561.0,3625.0,4521.0,3382.0,1298.0,1787.0,2478.0,2839.0,3050.0,3277.0,3635.0,3708.0,3970.0,2839.5,1217.5,1609.5,2211.5,2589.0,2740.5,2972.5,3117.0,3315.5,1695.0,1378.0,507.0,655.0,826.0,1011.0,1246.0,1344.0,1482.0,1372.0,4127.0,3272.5,1042.5,1363.0,1830.0,2197.0,2364.5,2564.0,2655.0,2856.5,3458.0,2949.5,1031.5,1212.5,1504.5,1800.0,1964.0,2091.0,2213.0,2336.0,2416.0,2176.5,624.0,731.0,875.0,1131.5,1371.0,1488.0,1593.0,1690.5,2491.0,2343.0,627.5,752.0,877.0,1121.0,1377.5,1481.5,1548.0,1681.5,1710.0,1312.0,361.0,562.5,636.0,937.0,1434.0,1523.5,1628.5,1716.5,0.0,0.0,0.0,0.0,0.0,0.0,0.0,0.0,0.0,0.0,1334.0,903.0,256.0,417.0,507.0,801.0,1146.0,1222.0,1334.0,1335.0,2612.0,2154.0,2488.5,2406.0,2221.5,2402.0,2694.0,2635.5,3440.0,2602.5,1918.5,1443.0,443.5,711.5,771.0,1181.0,1686.5,1825.0,1941.5,1965.0,1865.5,1527.0,525.5,703.5,834.5,1101.0,1397.5,1469.5,1627.0,1642.5,1846.0,1673.0,500.0,664.0,870.0,1005.0,1088.0,1163.0,1327.0,1339.0,1904.0,1766.0,550.0,712.0,912.5,1025.0,1081.0,1165.0,1307.5,1317.0,2589.5,2530.5,886.0,1150.0,1445.0,1542.5,1571.5,1667.5,1798.5,1787.5,"{""type"":""MultiPoint"",""coordinates"":[]}"
652_0,3,1258.0,1042.0,506.0,593.5,745.5,810.0,833.5,869.0,927.0,926.5,1706.0,1465.0,667.0,852.5,1030.0,1120.5,1172.0,1227.5,1295.0,1286.0,147.5,139.5,334.5,577.0,599.5,717.0,445.5,495.5,432.5,315.5,245.0,196.0,414.0,655.5,723.5,872.5,632.0,684.0,636.5,550.5,289.0,200.0,476.0,737.0,691.0,897.0,759.0,819.0,746.0,665.0,569.0,431.0,514.0,811.0,654.0,1068.0,1217.0,1263.0,1280.0,1093.0,1603.0,830.0,514.0,1085.0,527.0,1627.0,3671.0,3700.0,3807.0,3650.0,1688.0,818.0,522.0,1148.0,580.0,1731.0,4427.0,5193.0,5276.0,4972.0,1572.0,732.0,419.0,951.0,448.0,1546.0,4427.0,5127.0,5276.0,5331.0,1499.5,698.5,319.5,821.5,388.0,1388.5,4021.5,4748.5,4829.0,4995.0,1492.5,700.5,193.0,646.5,272.5,1204.5,3796.5,4668.0,4658.0,4866.5,1483.0,1258.0,620.0,756.0,912.0,985.0,985.0,1079.0,1125.0,1122.0,1522.0,692.0,176.0,617.0,261.0,1140.0,3673.0,4602.0,4555.0,4810.0,1582.0,757.0,176.0,665.0,275.0,1285.0,3692.0,4581.0,4618.0,4747.0,1677.0,835.0,294.0,794.0,375.0,1403.0,3804.0,4462.0,4660.0,4713.0,1828.0,905.0,460.0,1014.0,577.0,1816.0,3589.0,4203.0,4363.0,4446.0,1854.0,992.0,482.0,1074.0,782.0,1927.0,3298.0,3716.0,4047.0,4074.0,2054.0,1114.5,560.5,1168.5,985.0,2050.5,3285.0,3604.0,3881.0,4012.5,2385.0,1413.0,1293.0,1513.0,1393.0,2406.0,3326.0,3699.0,3957.0,4060.0,4482.0,2950.5,1497.0,2044.0,2845.0,3474.0,3815.0,4142.5,4553.0,4660.5,4390.5,2995.0,1510.0,2063.5,3031.5,3500.5,3748.5,4063.5,4525.0,4515.0,2625.0,1864.0,887.0,1139.0,1561.0,1746.0,1887.0,1934.0,2060.0,2239.0,1585.0,1305.0,698.0,813.0,980.0,1045.0,1081.0,1130.0,1190.0,1196.0,2707.0,2091.0,875.0,1139.0,1540.0,1731.0,1837.0,1934.0,2060.0,2156.0,2399.0,1897.5,810.5,1022.0,1325.5,1519.0,1569.5,1680.0,1741.5,1819.5,1989.5,1692.5,470.5,651.0,899.0,1043.5,1063.5,1171.5,1302.5,1301.5,2349.0,2012.0,628.0,812.0,1093.0,1241.0,1289.0,1379.0,1489.0,1526.0,1908.0,1565.0,477.0,643.0,907.0,1021.0,1089.0,1150.0,1302.0,1266.0,0.0,0.0,0.0,0.0,0.0,0.0,0.0,0.0,0.0,0.0,2269.0,2036.0,830.0,1070.0,1289.0,1416.0,1442.0,1501.0,1645.0,1642.0,2194.0,1893.0,815.0,1022.0,1079.0,1332.0,1610.0,1723.0,1729.0,1743.0,1764.0,1527.0,640.0,786.0,914.0,1037.0,1147.0,1212.0,1332.0,1311.0,1764.0,1527.0,652.0,786.0,914.0,1037.0,1147.0,1212.0,1332.0,1311.0,1314.5,1210.0,474.0,481.0,633.0,737.5,822.0,932.0,802.0,1004.5,1635.0,1429.0,610.0,738.0,890.0,972.0,1011.0,1049.0,1135.0,1130.0,1603.0,1384.5,621.0,787.0,937.5,1014.5,1068.5,1122.5,1196.5,1186.5,"{""type"":""MultiPoint"",""coordinates"":[]}"
653_0,3,1799.5,1507.5,525.5,645.0,871.5,982.5,1023.0,1084.0,1181.5,1217.5,2393.0,2042.5,996.5,1279.5,1535.5,1654.0,1687.5,1763.5,1852.0,1848.5,1728.0,1406.5,666.5,888.5,1113.5,1225.5,1227.0,1272.0,1347.5,1361.0,133.5,123.0,475.5,763.0,797.5,957.0,705.5,773.5,752.0,651.0,140.5,108.0,574.0,804.5,873.5,1085.0,888.0,963.0,902.0,816.5,297.5,251.5,552.0,877.0,887.5,1245.0,1080.5,1138.5,1095.0,946.0,470.5,371.0,399.0,714.0,567.0,1027.5,1139.5,1296.5,1228.5,1101.5,958.5,639.5,403.5,706.0,477.5,1018.5,1797.0,1936.0,1988.0,1828.0,1530.5,766.0,267.0,568.0,312.0,973.5,2800.0,3412.0,3502.5,3491.0,1668.0,852.5,234.5,597.0,349.0,1055.5,2932.0,3657.5,3702.0,3782.5,1654.5,837.5,229.5,517.0,321.5,938.5,2838.0,3770.0,3915.0,4003.0,2082.5,1767.0,571.0,754.5,1010.0,1152.0,1190.0,1261.0,1327.0,1386.5,1749.5,870.0,252.0,561.0,336.0,1018.0,3116.5,4078.5,4228.0,4404.5,1699.0,862.5,305.0,849.5,452.5,1487.5,3521.0,4273.0,4393.0,4586.5,1742.5,899.5,421.0,944.5,668.0,1670.5,3422.5,3965.0,4001.5,4221.5,1990.0,1083.0,614.5,1134.5,1068.0,2034.5,3170.0,3588.5,3754.5,3880.5,2315.5,1363.5,698.0,1217.0,1305.5,2218.5,3007.5,3326.5,3618.0,3737.0,2644.0,1645.0,757.0,1262.0,1504.0,2278.0,2896.0,3163.0,3450.0,3608.0,4047.5,2787.5,1107.0,1523.5,2168.0,2608.5,2876.0,3178.5,3472.5,3597.5,3965.5,2781.5,996.0,1465.5,2182.0,2628.5,2895.0,3197.5,3518.0,3666.5,3553.5,2658.0,980.0,1447.0,2043.0,2368.5,2595.0,2822.0,3217.0,3178.0,2142.5,1642.0,697.5,993.0,1408.5,1598.5,1648.0,1772.5,1882.5,1891.0,1955.0,1665.0,475.0,682.5,914.5,1033.0,1110.5,1166.5,1276.0,1323.0,2436.0,1923.0,795.5,1085.0,1489.0,1703.0,1742.0,1879.0,1928.0,2020.5,2364.0,1868.5,885.5,1119.5,1476.0,1657.0,1690.0,1810.0,1932.5,1955.5,2048.0,1683.5,653.5,790.5,1044.0,1202.0,1238.0,1339.0,1414.0,1448.0,1671.5,1431.0,520.5,708.0,947.5,1063.0,1112.0,1164.5,1227.0,1264.5,1368.0,1177.0,372.5,474.0,660.0,760.5,789.5,827.0,909.0,902.0,0.0,0.0,0.0,0.0,0.0,0.0,0.0,0.0,0.0,0.0,1382.5,1048.0,387.0,518.5,721.0,800.5,854.5,911.5,1027.5,1015.5,1675.5,1334.5,533.5,660.0,819.0,943.5,964.0,1054.5,1123.0,1141.5,2284.0,1901.5,766.5,974.5,1210.5,1335.5,1404.5,1460.5,1559.5,1577.5,2259.5,1887.5,816.5,952.0,1202.0,1303.5,1332.5,1404.0,1558.0,1544.0,2140.5,1770.5,790.0,913.5,1110.0,1215.5,1241.5,1325.0,1458.5,1439.0,2141.0,1857.0,689.0,896.0,1138.5,1265.0,1295.0,1400.0,1478.5,1467.0,2180.0,1885.5,791.0,1011.0,1266.5,1387.5,1447.0,1525.0,1588.5,1601.0,"{""type"":""MultiPoint"",""coordinates"":[]}"
654_0,3,1697.5,1412.0,796.5,854.5,940.0,1081.0,1229.5,1315.0,1390.0,1394.0,2637.0,2507.0,939.0,1184.0,1518.0,1644.0,1700.0,1786.0,1928.0,1934.0,2644.0,2593.0,927.0,1142.0,1456.0,1625.0,1686.0,1803.0,1886.0,1927.0,837.5,775.5,574.0,751.5,816.0,927.5,814.5,873.5,848.0,803.0,361.0,321.0,367.0,538.5,541.0,701.5,506.5,596.5,559.5,478.0,684.5,477.5,356.0,595.5,447.5,828.0,1129.0,1239.5,1251.0,1150.0,765.0,585.0,327.0,571.0,397.0,846.0,1142.0,1372.0,1366.0,1236.0,1058.0,652.0,206.0,490.0,249.0,762.0,1697.0,1943.0,1880.0,1903.0,1260.0,662.0,128.0,337.0,86.0,570.0,2283.0,2914.0,2806.0,2793.0,1420.5,631.5,64.5,268.0,19.5,469.0,2678.5,4445.0,4296.0,4467.0,1365.5,613.0,36.0,254.5,23.5,378.5,2656.5,4703.5,4666.5,4812.5,3047.5,2629.5,1820.5,1935.5,2067.5,2334.0,2458.5,2569.0,2561.5,2680.5,1375.0,622.5,43.5,238.5,33.0,348.0,2607.5,4724.5,4771.5,5089.5,1329.5,598.5,97.5,356.0,112.0,699.0,2898.5,4537.0,4759.0,4978.5,1433.0,660.0,475.0,779.0,541.0,1143.0,3085.0,4338.0,4429.0,4720.0,1600.0,834.0,617.0,938.0,745.0,1464.0,3082.0,3791.0,3980.0,4084.0,1654.0,923.0,488.0,873.0,745.0,1464.0,2761.0,3403.0,3683.0,3842.0,1994.0,1162.0,425.0,873.0,836.0,1573.0,2732.0,3284.0,3471.0,3631.0,4452.5,3126.0,1032.0,1481.0,1935.5,2467.0,2974.5,3299.0,3571.5,3719.0,4632.0,3420.0,1097.0,1539.0,2220.0,2700.0,2982.0,3252.0,3495.0,3578.0,4514.0,3295.0,1160.0,1600.0,2239.0,2705.0,2903.0,3120.0,3449.0,3613.0,3722.0,2677.0,970.5,1323.5,1944.5,2296.5,2462.0,2674.5,2789.0,3057.0,1882.0,1529.0,533.0,712.0,891.0,1147.0,1476.0,1543.0,1718.0,1703.0,4051.0,3199.5,918.5,1222.5,1673.0,2021.5,2194.0,2339.5,2493.0,2675.5,2725.5,2237.0,858.0,1024.5,1239.5,1425.0,1550.0,1659.0,1799.0,1871.0,2428.5,2269.0,630.0,720.0,852.0,1090.0,1332.5,1463.5,1632.0,1662.0,2431.5,2313.5,617.0,733.5,859.5,1099.5,1365.5,1490.0,1616.5,1651.0,1812.5,1442.0,346.5,567.0,623.0,1002.0,1639.0,1748.5,1934.5,1938.0,0.0,0.0,0.0,0.0,0.0,0.0,0.0,0.0,0.0,0.0,1762.0,1279.0,330.0,614.0,669.0,1106.0,1648.0,1722.0,1895.0,1836.0,1710.5,1358.5,763.5,888.0,856.0,1158.5,1664.5,1772.0,1923.0,1819.0,1946.5,1407.0,431.0,742.0,732.0,1234.0,2088.5,2232.5,2413.5,2398.5,1970.5,1600.5,515.0,733.0,837.5,1161.5,1638.0,1808.0,1994.5,1953.5,1974.0,1811.0,530.0,706.0,911.0,1071.0,1173.0,1330.0,1417.0,1415.0,2157.0,2006.5,649.0,829.0,1083.0,1213.0,1278.0,1396.5,1519.0,1514.5,2529.5,2443.0,820.5,1070.5,1345.0,1499.5,1552.0,1666.0,1819.5,1823.0,"{""type"":""MultiPoint"",""coordinates"":[]}"
655_0,3,337.0,266.0,239.5,337.5,441.0,561.5,416.0,458.5,469.0,411.5,2153.0,1788.5,722.5,922.0,1132.0,1305.5,1419.0,1500.0,1565.5,1615.5,2235.5,1880.5,823.5,1039.0,1252.5,1421.5,1475.5,1549.5,1616.0,1689.5,2415.0,2093.0,1074.0,1308.0,1537.5,1687.0,1739.5,1776.0,1842.5,1888.5,2546.0,2217.0,1276.0,1527.0,1736.0,1844.0,1881.0,1967.0,2029.0,1978.0,1745.0,1581.0,965.0,1174.0,1324.0,1423.0,1370.0,1422.0,1475.0,1523.0,557.0,510.0,660.0,969.0,1017.0,1256.0,1060.0,1115.0,1009.0,925.0,730.0,618.0,776.0,1097.0,1060.0,1455.0,1265.0,1405.0,1259.0,1194.0,776.0,600.0,610.0,912.0,809.0,1329.0,1440.0,1592.0,1446.0,1331.0,1327.5,906.5,420.0,746.0,580.5,1152.5,2175.5,2514.0,2455.0,2413.5,1356.5,891.0,252.5,520.5,348.0,970.5,2246.5,2819.0,2841.5,2679.0,474.0,386.0,267.0,416.0,511.0,632.0,529.0,567.0,588.0,481.0,1414.0,851.0,285.0,547.0,378.0,868.0,2409.0,3040.0,3186.0,3105.0,1425.0,832.0,201.0,458.0,284.0,906.0,2504.0,3171.0,3344.0,3330.0,1479.0,832.0,201.0,503.0,277.0,906.0,2715.0,3705.0,3697.0,3637.0,1611.0,864.0,462.0,893.0,570.0,1474.0,2939.0,3620.0,3666.0,3594.0,1602.5,937.0,479.5,966.0,717.0,1603.5,2695.5,3207.0,3413.5,3219.5,1994.5,1226.0,542.0,1016.5,1000.0,1863.0,2614.5,2919.0,3254.0,3139.5,2413.5,1481.5,914.5,1428.5,1581.5,2152.5,2819.5,3013.5,3360.0,3315.0,3150.0,2159.0,1071.5,1543.5,1850.5,2502.0,2951.5,3200.5,3508.0,3571.0,3937.5,2688.0,1344.0,1915.0,2642.5,3024.0,3424.5,3522.5,3996.0,4019.5,4013.0,2863.0,1366.0,1901.0,2703.0,3118.0,3462.0,3518.0,3674.0,3777.0,338.0,281.0,381.0,416.0,511.0,632.0,529.0,492.0,550.0,452.0,3879.0,2863.0,1283.0,1788.0,2469.0,2718.0,3040.0,3115.0,3300.0,3469.0,3707.0,2720.5,1134.5,1508.0,2068.0,2353.5,2473.5,2594.0,2869.5,2935.0,3036.0,2412.5,808.0,1054.5,1412.0,1575.0,1689.5,1756.0,2003.0,1974.0,591.0,544.0,371.0,508.0,665.0,844.0,792.0,777.0,794.0,734.0,276.0,212.0,119.0,150.0,239.0,309.0,201.0,286.0,283.0,253.0,0.0,0.0,0.0,0.0,0.0,0.0,0.0,0.0,0.0,0.0,378.0,356.0,185.0,284.0,352.0,618.0,502.0,435.0,448.0,504.0,405.0,369.0,254.0,347.0,467.0,583.0,675.0,684.0,804.0,802.0,3069.0,2518.0,994.0,1274.0,1682.0,2042.0,2103.0,2271.0,2374.0,2407.0,1835.0,1119.0,746.0,803.0,1150.0,1291.0,1394.0,1590.0,1837.0,1782.0,3339.0,2640.0,1102.0,1424.0,1847.0,2005.0,2205.0,2325.0,2654.0,2668.0,3968.0,3115.0,1395.0,1666.0,2096.0,2374.0,2492.0,2576.0,2951.0,2904.0,3710.0,3050.5,1291.5,1542.5,1936.5,2120.5,2305.5,2457.5,2682.0,2699.5,"{""type"":""MultiPoint"",""coordinates"":[]}"
656_0,3,1987.5,1780.5,1135.0,1164.5,1252.0,1412.5,1492.0,1577.0,1673.5,1690.0,2677.0,2487.0,973.0,1218.0,1547.0,1693.0,1738.0,1888.0,1958.0,1969.0,2667.0,2554.0,951.0,1166.0,1476.0,1637.0,1728.0,1866.0,1913.0,1950.0,1264.5,1119.5,491.0,672.0,779.0,1031.5,1049.5,1083.0,995.5,1070.0,694.5,610.5,387.5,517.5,598.0,815.0,833.0,841.0,760.0,833.0,1033.5,798.0,410.0,603.0,581.0,980.5,1194.5,1323.5,1162.5,1314.0,1146.0,859.0,391.0,596.0,539.0,1004.0,1325.0,1453.0,1373.0,1414.0,1325.0,914.0,402.0,624.0,541.0,1017.0,1868.0,2214.0,2171.0,2229.0,1403.0,882.0,216.0,375.0,255.0,804.0,2115.0,2803.0,2775.0,2879.0,1520.5,804.0,64.0,242.5,106.5,559.5,2395.0,3937.0,4123.0,4107.0,1540.0,845.0,90.5,234.0,140.5,639.0,2415.5,4294.0,4589.0,4475.0,2846.5,2631.0,1497.5,1558.5,1694.0,1932.5,2108.5,2175.5,2192.0,2286.5,1615.5,882.5,136.5,280.5,187.5,652.0,2420.5,4320.5,4688.0,4694.0,1617.0,887.5,127.5,334.5,192.0,726.0,2586.5,4347.5,4641.5,4622.5,1627.0,905.0,522.0,792.0,609.0,1183.0,2836.0,3997.0,4358.0,4386.0,1727.0,987.0,642.0,956.0,744.0,1440.0,2889.0,3749.0,4014.0,3947.0,1751.0,1065.0,533.0,913.0,753.0,1440.0,2807.0,3407.0,3819.0,3675.0,2227.0,1288.0,549.0,931.0,908.0,1596.0,2917.0,3348.0,3764.0,3731.0,4309.0,3066.0,1131.5,1592.5,2107.0,2604.5,3032.0,3338.5,3780.0,3851.5,4512.0,3331.0,1204.0,1662.0,2444.0,2754.0,3048.0,3259.0,3637.0,3627.0,4334.0,3072.0,1212.0,1616.0,2339.0,2603.0,2897.0,3121.0,3598.0,3536.0,3586.0,2578.0,1079.0,1452.0,2074.5,2246.5,2471.0,2746.5,2975.0,3021.5,1974.0,1593.0,544.0,726.0,930.0,1162.0,1406.0,1476.0,1631.0,1657.0,3930.0,3085.5,1000.5,1308.0,1775.5,2044.5,2196.5,2400.0,2589.0,2694.0,2834.5,2378.0,958.5,1112.5,1378.5,1547.5,1724.5,1847.5,1998.0,2012.0,2767.5,2571.0,701.5,856.0,988.0,1272.5,1547.0,1688.0,1846.0,1902.5,2602.0,2360.5,674.0,827.5,947.5,1224.5,1568.0,1705.5,1845.0,1902.0,1826.5,1366.0,365.5,625.0,652.5,1052.5,1731.5,1871.5,2160.5,2096.0,0.0,0.0,0.0,0.0,0.0,0.0,0.0,0.0,0.0,0.0,1965.0,1496.0,323.0,635.0,698.0,1181.0,1524.0,1752.0,1807.0,1795.0,1805.5,1494.5,1022.5,1054.0,974.0,1336.5,1676.5,1752.5,2060.5,1836.5,2126.5,1616.5,479.0,782.0,830.0,1324.5,1957.0,2075.5,2174.5,2248.0,2117.0,1719.0,568.0,762.0,893.0,1210.5,1660.5,1809.5,1889.0,1933.5,2045.0,1826.0,547.0,724.0,920.0,1117.0,1308.0,1461.0,1449.0,1582.0,2153.5,1982.5,634.0,810.0,1054.5,1209.5,1378.0,1471.0,1534.0,1614.5,2628.5,2510.5,900.0,1147.5,1461.5,1620.5,1681.5,1816.5,1882.5,1925.5,"{""type"":""MultiPoint"",""coordinates"":[]}"
657_0,3,71.5,84.0,123.5,173.0,253.5,338.5,214.0,253.0,223.0,177.5,2073.5,1740.5,699.5,905.5,1098.5,1237.0,1271.5,1350.0,1432.0,1437.5,2047.0,1773.0,743.5,954.0,1145.5,1255.0,1301.0,1347.0,1414.0,1448.0,2220.0,1934.5,889.0,1132.5,1323.0,1427.5,1462.5,1533.0,1583.5,1630.5,2056.0,1857.0,1074.0,1304.0,1503.0,1578.0,1483.0,1518.0,1578.0,1591.0,410.0,364.0,1193.0,1450.0,1504.0,1578.0,1122.0,1143.0,1113.0,844.0,238.0,245.0,648.0,964.0,977.0,1266.0,846.0,886.0,823.0,683.0,321.0,271.0,728.0,994.0,966.0,1267.0,957.0,1010.0,973.0,824.0,372.0,308.0,538.0,796.0,703.0,1165.0,1185.0,1270.0,1186.0,1066.0,706.5,467.0,262.0,520.0,383.0,1057.0,1724.5,2054.5,1819.5,1771.0,693.5,450.5,203.0,393.0,218.0,722.5,1510.0,1856.5,1611.5,1542.5,110.0,106.0,233.0,317.0,426.0,536.0,345.0,397.0,346.0,309.0,1234.0,616.0,149.0,325.0,155.0,629.0,2299.0,2993.0,2839.0,3028.0,1342.0,667.0,91.0,297.0,104.0,605.0,2572.0,3535.0,3563.0,3580.0,1398.0,681.0,132.0,396.0,167.0,735.0,2880.0,3967.0,3892.0,4090.0,1570.0,769.0,401.0,824.0,476.0,1341.0,3429.0,4164.0,4319.0,4270.0,1600.0,803.0,416.0,907.0,608.0,1596.0,3289.0,3872.0,4131.0,4059.0,1849.0,1040.5,501.5,1066.5,935.0,1979.5,3228.0,3536.0,3751.5,3972.5,2344.0,1482.0,1117.0,1531.0,1577.0,2410.0,2998.0,3329.0,3524.0,3605.0,3581.0,2550.0,1086.5,1505.5,2116.0,2538.5,2736.5,2984.0,3305.0,3368.0,3620.0,2547.5,1064.0,1469.0,2154.5,2547.5,2744.5,2931.0,3309.0,3384.5,3715.0,2619.0,1062.0,1515.0,2198.0,2624.0,2727.0,2987.0,3164.0,3388.0,110.0,106.0,233.0,254.0,325.0,387.0,323.0,336.0,324.0,254.0,3626.0,2642.0,995.0,1403.0,1990.0,2367.0,2428.0,2650.0,2757.0,3026.0,3458.0,2603.5,945.0,1246.5,1755.5,2067.5,2197.5,2370.0,2586.0,2705.5,3054.5,2410.0,743.0,987.5,1361.0,1565.5,1661.5,1818.0,1999.0,2033.5,297.0,229.0,402.0,485.0,546.0,648.0,488.0,492.0,436.0,404.0,88.0,77.0,91.0,134.0,147.0,235.0,138.0,154.0,113.0,59.0,0.0,0.0,0.0,0.0,0.0,0.0,0.0,0.0,0.0,0.0,82.0,76.0,81.0,134.0,235.0,311.0,180.0,246.0,203.0,143.0,82.0,85.0,98.0,132.0,207.0,295.0,210.0,259.0,223.0,172.0,709.0,463.0,330.0,470.0,607.0,768.0,843.0,937.0,1031.0,1084.0,784.0,391.0,339.0,473.0,668.0,881.0,925.0,1032.0,1144.0,1221.0,2594.0,1828.0,895.0,1201.0,1480.0,1673.0,1740.0,1952.0,2182.0,2112.0,4408.0,3473.0,1631.0,2002.0,2414.0,2666.0,2749.0,2910.0,3164.0,3130.0,4566.0,3732.0,1725.0,2050.0,2469.0,2732.5,2839.0,2968.0,3202.0,3259.0,"{""type"":""MultiPoint"",""coordinates"":[]}"
658_0,3,1716.0,1445.5,585.0,729.5,938.0,1050.0,1066.0,1129.0,1211.0,1228.0,2445.0,2151.0,1012.0,1302.0,1548.0,1676.0,1700.5,1766.5,1861.5,1859.5,2458.0,2159.0,922.5,1193.5,1449.5,1573.5,1610.0,1686.5,1760.5,1787.0,2535.5,2204.0,983.0,1277.0,1540.0,1664.0,1692.0,1773.0,1837.5,1861.0,351.0,336.0,830.0,1087.0,1140.0,1319.0,1030.0,1088.0,1088.0,840.0,351.0,336.0,830.0,1087.0,1140.0,1319.0,1030.0,1088.0,1088.0,840.0,333.0,265.0,656.0,923.0,910.0,1141.0,980.0,1073.0,1042.0,876.0,422.0,297.0,599.0,888.0,853.0,1217.0,1133.0,1204.0,1165.0,1004.0,473.0,342.0,502.0,778.0,736.0,1150.0,1277.0,1426.0,1351.0,1220.0,582.0,366.0,326.0,550.5,430.0,983.0,1309.0,1513.0,1423.5,1272.0,894.5,541.5,302.0,536.0,357.0,957.5,1861.0,2169.0,2220.5,1962.0,1937.0,1663.5,703.5,875.0,1107.5,1193.5,1228.5,1294.0,1362.0,1382.0,1177.0,662.0,299.0,560.0,377.0,1008.0,2463.0,2972.0,2975.0,2775.0,1153.0,606.0,245.0,521.0,337.0,981.0,2498.0,2979.0,3092.0,2932.0,1159.0,606.0,231.0,498.0,306.0,971.0,2722.0,3422.0,3448.0,3418.0,1291.0,671.0,338.0,679.0,366.0,1132.0,2976.0,3451.0,3617.0,3602.0,1519.0,773.0,371.0,873.0,479.0,1449.0,3224.0,3702.0,3864.0,3809.0,1579.0,852.0,408.0,963.0,555.5,1653.5,3004.5,3370.5,3519.5,3482.5,1992.0,1121.0,739.0,1266.0,1225.0,2071.0,2867.0,3064.0,3317.0,3370.0,2253.0,1416.0,695.5,1252.5,1291.5,2108.0,2744.0,2936.5,3294.5,3311.0,3172.0,2230.5,1002.0,1489.5,1924.5,2417.0,2742.0,2876.0,3326.5,3356.5,2529.0,1751.0,855.0,1152.0,1641.0,1849.0,1993.0,2180.0,2249.0,2381.0,1780.0,1496.0,504.0,714.0,952.0,1069.0,1091.0,1129.0,1236.0,1267.0,2783.0,2149.0,819.0,1139.0,1545.0,1771.0,1868.0,1976.0,2038.0,2165.0,2698.5,2128.5,873.5,1092.5,1438.5,1637.0,1705.5,1829.0,1955.5,2023.5,2392.5,1974.0,674.5,866.0,1126.5,1260.0,1315.5,1429.0,1544.5,1597.5,2551.0,2163.0,782.0,926.0,1196.0,1338.0,1410.0,1507.0,1604.0,1677.0,2118.0,1492.0,553.0,676.0,909.0,1018.0,1076.0,1165.0,1315.0,1314.0,836.0,753.0,677.0,634.0,664.0,663.0,734.0,809.0,822.0,901.0,1634.0,1403.0,527.0,721.0,917.0,1020.0,991.0,1072.0,1185.0,1166.0,1369.0,1195.0,541.0,630.0,784.0,870.0,898.0,946.0,896.0,1012.0,2214.0,1952.0,771.0,1004.0,1225.0,1345.0,1350.0,1417.0,1505.0,1554.0,2402.0,2151.0,970.0,1176.0,1384.0,1477.0,1521.0,1611.0,1750.0,1707.0,1859.0,1603.0,572.0,709.0,937.0,1026.0,994.0,1057.0,1136.0,1159.0,1964.0,1693.0,693.0,839.0,1037.0,1133.0,1172.0,1245.0,1330.0,1345.0,2186.0,1946.5,803.0,1001.5,1236.5,1337.5,1377.0,1451.0,1554.0,1550.5,"{""type"":""MultiPoint"",""coordinates"":[]}"
659_0,3,1360.0,1214.0,421.0,499.5,644.0,705.0,714.0,771.0,825.5,850.0,2171.0,1993.0,744.5,968.5,1171.5,1276.5,1313.0,1369.0,1458.5,1454.0,2378.5,2191.0,813.5,1056.0,1270.5,1392.5,1415.0,1487.5,1554.0,1581.5,2853.5,2625.5,1128.5,1426.0,1690.5,1807.0,1836.5,1904.5,1991.5,2025.0,3074.0,2888.0,1259.0,1547.0,1813.0,1944.0,1997.0,2107.0,2220.0,2210.0,2758.0,2620.0,1214.0,1547.0,1813.0,1944.0,1997.0,2076.0,1979.0,2133.0,493.0,434.0,1013.0,1241.0,1272.0,1369.0,972.0,996.0,967.0,795.0,493.0,434.0,1013.0,1241.0,1272.0,1369.0,972.0,996.0,967.0,795.0,273.0,226.0,632.0,912.0,920.0,1158.0,764.0,847.0,729.0,626.0,229.5,178.5,463.0,848.0,709.0,1062.5,717.5,830.5,693.5,532.5,256.0,200.5,292.0,583.0,313.5,854.0,766.0,885.5,735.5,549.5,1555.0,1417.0,507.0,661.0,787.0,884.0,888.0,928.0,1035.0,998.0,611.0,376.0,316.0,574.0,366.0,910.0,1334.0,1507.0,1279.0,1213.0,621.0,383.0,149.0,327.0,161.0,623.0,1340.0,1682.0,1432.0,1319.0,877.0,446.0,149.0,375.0,186.0,662.0,1789.0,2413.0,2053.0,2001.0,1088.0,575.0,298.0,547.0,283.0,867.0,2178.0,2668.0,2532.0,2524.0,1127.0,600.0,299.0,647.0,380.0,1087.0,2225.0,2605.0,2577.0,2530.0,1149.5,655.5,344.5,722.0,577.0,1299.0,2158.5,2363.0,2453.0,2464.5,1772.5,1045.5,823.5,1232.5,1405.5,2013.5,2503.0,2801.0,2960.0,2999.5,2288.5,1496.5,793.0,1168.5,1460.0,1976.5,2366.5,2651.0,2850.5,2955.0,2909.0,2154.0,845.0,1269.0,1656.0,2044.0,2349.0,2549.0,2728.0,2851.0,2710.5,1925.5,759.0,1107.0,1566.5,1909.0,1985.5,2196.5,2296.5,2470.5,1657.0,1299.0,585.0,724.0,878.0,934.0,947.0,1030.0,1095.0,1099.0,2756.0,2075.0,767.0,1109.0,1504.0,1737.0,1888.0,2041.0,2047.0,2206.0,2611.5,2020.5,811.5,1044.5,1384.5,1609.0,1692.0,1867.5,1933.0,2039.0,2374.0,1922.0,628.5,795.5,1067.0,1225.5,1306.5,1406.0,1535.0,1594.0,2459.0,1912.0,719.0,858.0,1126.0,1287.0,1347.0,1447.0,1584.0,1663.0,2144.0,1566.0,527.0,674.0,892.0,1032.0,1131.0,1213.0,1370.0,1415.0,0.0,0.0,0.0,0.0,0.0,0.0,0.0,0.0,0.0,0.0,2537.0,2332.0,930.0,1229.0,1475.0,1625.0,1653.0,1681.0,1826.0,1846.0,472.0,412.0,325.0,310.0,302.0,301.0,306.0,356.0,338.0,335.0,2940.0,2689.0,1151.0,1482.0,1762.0,1900.0,1931.0,1999.0,2107.0,2131.0,3103.0,2857.0,1294.0,1649.0,1896.0,2009.0,2027.0,2162.0,2316.0,2246.0,2204.0,1942.0,685.0,910.0,1123.0,1230.0,1221.0,1296.0,1397.0,1376.0,2010.0,1829.0,637.0,840.0,1019.0,1124.0,1142.0,1217.0,1297.0,1289.0,2032.0,1892.0,689.0,871.5,1040.0,1132.5,1172.0,1247.0,1335.5,1336.0,"{""type"":""MultiPoint"",""coordinates"":[]}"
660_0,3,3392.0,2706.5,1086.5,1234.0,1556.0,1773.0,2016.5,2161.0,2328.0,2433.0,2383.0,2134.0,635.0,916.0,1227.0,1385.0,1478.0,1662.0,1653.0,1725.0,2658.0,2470.0,842.0,1135.0,1472.0,1669.0,1793.0,1940.0,1929.0,1955.0,1111.0,944.5,584.0,835.5,1010.5,1195.0,1116.0,1212.5,978.0,1043.5,700.0,532.0,705.0,795.0,844.0,933.0,899.0,870.0,802.0,821.0,804.0,549.0,336.0,605.0,615.0,913.0,899.0,870.0,802.0,821.0,1060.0,753.0,278.0,567.0,438.0,904.0,1279.0,1442.0,1190.0,1253.0,1755.0,1126.0,392.0,695.0,529.0,1164.0,2127.0,2440.0,2374.0,2467.0,1444.0,888.0,198.0,466.0,253.0,855.0,2217.0,2594.0,2493.0,2602.0,1518.5,840.0,119.0,391.0,181.5,765.0,2439.0,3225.5,3132.0,3246.5,1429.0,804.0,91.0,289.5,137.5,652.5,2416.5,3303.5,3315.0,3400.5,3912.5,3358.0,1902.0,2062.5,2338.5,2559.0,2698.0,2824.5,2962.0,3090.5,1546.5,860.0,96.5,306.0,157.5,687.0,2665.5,3886.5,3872.0,3931.0,1591.5,881.0,169.0,560.0,268.5,1064.5,3060.0,4064.0,4168.5,4254.5,1557.0,899.0,520.0,843.0,653.0,1324.0,3210.0,3968.0,4048.0,4217.0,1673.0,1003.0,734.0,1106.0,1028.0,1843.0,3051.0,3536.0,3671.0,3743.0,1831.0,1120.0,637.0,1067.0,1028.0,1843.0,2856.0,3195.0,3420.0,3428.0,2050.0,1264.0,630.0,1103.0,1181.0,1984.0,2856.0,3195.0,3345.0,3442.0,4129.5,2930.0,1258.5,1725.0,2300.0,2804.0,3196.0,3462.0,3765.0,3841.0,4027.5,3003.5,1238.0,1661.5,2296.0,2694.0,3003.0,3255.0,3521.0,3533.5,4109.0,3024.0,1230.0,1645.0,2306.0,2705.0,3034.0,3370.0,3677.0,3706.0,3616.0,2711.5,993.0,1354.5,1813.0,2218.5,2481.5,2723.5,2794.5,2981.5,3294.0,2739.0,789.0,986.0,1356.0,1538.0,1679.0,1863.0,2049.0,2095.0,3242.5,2573.0,767.5,1055.5,1313.0,1623.0,1946.5,2122.0,2216.5,2338.5,3850.5,3248.5,1806.5,2004.0,2184.0,2500.5,2859.0,3042.5,3163.5,3207.5,2856.0,2396.0,891.5,1013.0,1120.5,1454.0,1828.0,1997.0,2123.5,2210.0,2790.0,2276.5,724.5,882.0,988.5,1310.5,1603.5,1804.0,1894.0,1977.0,2131.5,1552.5,423.0,616.0,768.0,1073.0,1379.0,1548.0,1637.0,1714.0,0.0,0.0,0.0,0.0,0.0,0.0,0.0,0.0,0.0,0.0,3739.0,3072.0,930.0,1301.0,1773.0,2014.0,2135.0,2285.0,2473.0,2555.0,4042.0,3441.0,1192.0,1336.0,1773.0,2121.0,2136.0,2364.0,2473.0,2572.0,3669.0,2979.0,1090.0,1329.0,1702.0,1945.0,2069.0,2215.0,2496.0,2524.0,1939.0,1664.5,565.5,676.5,867.0,981.5,1057.0,1126.5,1268.5,1265.0,1478.0,1234.0,378.0,526.0,715.0,829.0,902.0,980.0,1019.0,1041.0,2034.0,1837.0,533.5,730.5,1012.5,1177.0,1232.5,1282.0,1365.0,1457.0,2109.0,1905.5,561.5,779.0,1058.5,1213.5,1297.0,1355.0,1423.0,1538.5,"{""type"":""MultiPoint"",""coordinates"":[]}"
661_0,3,2998.0,2188.5,841.0,1003.0,1340.0,1540.0,1584.0,1755.0,1982.0,2092.0,2205.0,2030.0,630.0,885.0,1166.0,1271.0,1296.0,1409.0,1483.0,1545.0,2231.0,2114.0,723.0,919.0,1189.0,1311.0,1319.0,1418.0,1483.0,1545.0,2445.5,2275.0,813.0,1074.5,1402.0,1540.5,1560.0,1645.5,1740.0,1776.0,577.0,523.0,895.0,1007.0,1057.0,1129.0,877.0,916.0,905.0,766.0,577.0,523.0,908.0,1007.0,1057.0,1129.0,877.0,916.0,905.0,766.0,455.0,356.0,346.0,686.0,362.0,902.0,1017.0,1127.0,1039.0,964.0,1482.0,880.0,296.0,719.0,390.0,1195.0,2306.0,2580.0,2614.0,2501.0,1178.0,610.0,187.0,445.0,229.0,727.0,2133.0,2520.0,2541.0,2501.0,1210.0,611.0,93.5,351.0,81.5,661.5,2489.0,3189.0,3210.5,3220.5,1226.0,584.0,71.5,308.0,76.0,578.0,2445.0,3434.5,3440.0,3495.0,2822.5,2192.0,916.5,1090.0,1392.0,1534.5,1638.5,1820.0,1974.0,2019.5,1220.0,562.0,55.0,199.5,42.5,412.0,2334.5,3638.5,3682.0,3774.5,1115.5,513.5,36.0,195.5,0.5,415.5,2488.5,3937.0,4058.5,4119.5,1143.0,526.0,451.0,731.0,478.0,1063.0,2737.0,3902.0,4024.0,4051.0,1304.0,643.0,573.0,952.0,666.0,1398.0,3069.0,3812.0,3992.0,4091.0,1283.0,655.0,464.0,909.0,666.0,1420.0,2910.0,3563.0,3810.0,3799.0,1484.0,834.0,424.0,906.0,853.0,1667.0,2835.0,3271.0,3497.0,3589.0,2057.5,1166.0,699.0,1239.5,1395.5,2202.5,2979.5,3327.5,3611.5,3722.5,2553.5,1570.5,1064.5,1564.5,1888.0,2502.5,3054.5,3363.5,3724.0,3802.5,3808.0,2930.0,1256.0,1635.0,2167.0,2519.0,2701.0,2928.0,3333.0,3462.0,3745.0,2585.0,1023.5,1453.0,2205.5,2598.5,2719.5,2931.0,3200.5,3348.0,3502.0,2677.5,753.5,1007.0,1437.0,1618.5,1693.0,1879.0,2124.0,2217.0,4057.5,2901.0,982.0,1381.0,2007.5,2341.0,2488.0,2718.0,2910.0,3127.5,4426.5,3518.0,2205.5,2431.0,2860.0,3185.0,3253.5,3417.5,3622.0,3687.5,3355.0,2578.0,873.0,1078.0,1442.5,1675.5,1762.0,1926.5,2145.5,2211.0,3389.0,2600.5,901.5,1100.5,1471.0,1738.5,1811.0,1963.5,2145.5,2249.0,2847.5,2083.0,646.5,864.5,1241.0,1452.5,1520.5,1692.0,1909.5,1952.0,0.0,0.0,0.0,0.0,0.0,0.0,0.0,0.0,0.0,0.0,3603.0,2694.0,812.0,1083.0,1597.0,1770.0,1866.0,1948.0,2232.0,2345.0,4095.0,3132.5,1011.5,1264.5,1707.5,1972.5,2045.5,2260.0,2453.5,2619.5,3662.0,2850.5,910.0,1172.0,1543.0,1772.0,1901.5,2022.0,2268.0,2345.0,1785.0,1587.5,534.5,656.0,906.0,1011.5,995.5,1063.0,1172.0,1187.5,1913.0,1698.0,561.0,688.0,984.0,1092.0,1022.0,1081.0,1176.0,1257.0,1999.0,1869.0,601.0,773.0,1027.0,1133.0,1157.0,1230.0,1344.0,1349.0,2000.0,1859.5,584.5,774.5,1045.0,1153.0,1177.5,1254.5,1351.0,1361.5,"{""type"":""MultiPoint"",""coordinates"":[]}"
662_0,3,2683.0,1915.0,821.5,943.0,1222.0,1392.5,1492.0,1632.0,1842.5,1912.0,2353.0,2168.0,683.0,906.0,1225.0,1345.0,1347.0,1451.0,1586.0,1626.0,2453.0,2320.0,759.0,980.0,1341.0,1456.0,1448.0,1543.0,1661.0,1710.0,2679.5,2491.0,879.0,1158.0,1523.5,1672.0,1688.5,1803.0,1891.5,1923.0,695.0,622.0,760.0,945.0,1072.0,1149.0,945.0,981.0,967.0,843.0,695.0,622.0,946.0,1003.0,1072.0,1149.0,945.0,981.0,967.0,843.0,388.0,336.0,254.0,519.0,371.0,721.0,723.0,786.0,736.0,657.0,1516.0,855.0,254.0,632.0,326.0,961.0,2163.0,2513.0,2530.0,2467.0,1486.0,810.0,200.0,482.0,234.0,839.0,2380.0,2994.0,2831.0,2903.0,1324.0,657.0,80.5,328.5,78.0,565.5,2498.5,3384.0,3370.5,3431.0,1313.5,614.0,81.5,291.0,65.5,531.0,2573.0,3833.0,3801.0,3863.5,3298.0,2523.5,1343.0,1426.5,1650.0,1857.5,1960.5,2119.5,2187.5,2312.5,1279.0,590.0,56.5,221.5,36.5,415.0,2499.5,4040.5,4086.5,4193.5,1124.0,521.5,39.5,209.5,20.0,404.5,2571.5,3983.0,4102.0,4126.0,1133.0,498.0,435.0,706.0,458.0,975.0,2771.0,3905.0,3967.0,4095.0,1285.0,651.0,583.0,924.0,621.0,1370.0,3107.0,3970.0,4137.0,4190.0,1279.0,651.0,474.0,884.0,621.0,1388.0,3043.0,3732.0,3945.0,3982.0,1414.0,777.0,407.0,862.0,807.0,1573.0,2862.0,3323.0,3548.0,3641.0,2080.0,1151.5,745.0,1273.0,1420.5,2254.0,3116.0,3446.0,3763.5,3851.5,2693.0,1695.0,1088.0,1606.0,1938.0,2647.0,3212.0,3529.5,3860.5,4018.5,3760.0,2778.0,1121.0,1495.0,2195.0,2580.0,2833.0,3144.0,3460.0,3487.0,3645.5,2451.0,1063.5,1488.5,2265.0,2670.0,2824.0,3103.0,3343.5,3569.5,3414.5,2619.0,791.5,1022.0,1399.5,1598.0,1708.5,1885.5,2200.0,2244.0,3971.5,2767.0,1018.5,1427.0,2041.5,2426.5,2569.5,2819.0,3013.5,3226.0,4574.5,3772.0,2606.5,2827.0,3247.0,3564.0,3664.0,3812.0,4032.5,4086.5,3113.5,2281.5,852.5,1056.0,1412.5,1670.5,1838.0,2008.0,2243.5,2332.0,3262.5,2421.0,902.0,1102.0,1431.5,1717.0,1887.0,2076.0,2251.5,2376.5,2749.5,1934.5,615.0,868.5,1194.0,1476.5,1679.0,1828.5,2061.5,2123.5,0.0,0.0,0.0,0.0,0.0,0.0,0.0,0.0,0.0,0.0,3584.0,2677.0,811.0,1128.0,1521.0,1832.0,2007.0,2175.0,2433.0,2504.0,3050.0,2092.0,919.5,1128.5,1337.5,1571.0,1759.0,1888.0,2454.5,2088.0,3330.0,2451.0,810.5,1082.5,1314.0,1685.0,2112.0,2283.0,2552.0,2589.5,1940.0,1714.5,559.5,692.0,947.0,1078.5,1099.5,1184.5,1301.0,1311.5,2164.0,1906.0,617.0,752.0,1064.0,1198.0,1156.0,1261.0,1376.0,1378.0,2009.0,1869.0,548.0,686.0,984.0,1073.0,1093.0,1166.0,1266.0,1288.0,2156.0,2003.0,613.0,819.5,1102.0,1218.5,1247.5,1331.0,1439.0,1469.0,"{""type"":""MultiPoint"",""coordinates"":[]}"
663_0,3,2994.5,2316.5,1253.5,1338.0,1557.0,1653.0,1840.0,1995.5,2276.5,2191.0,2224.0,2055.0,629.0,844.0,1144.0,1279.0,1281.0,1372.0,1482.0,1539.0,2295.0,2160.0,720.0,896.0,1183.0,1321.0,1324.0,1428.0,1501.0,1566.0,2258.0,2136.0,719.5,956.0,1239.5,1363.5,1403.0,1487.5,1564.0,1601.0,583.0,516.0,891.0,960.0,1005.0,1058.0,808.0,807.0,829.0,707.0,583.0,516.0,891.0,960.0,1005.0,1058.0,808.0,807.0,829.0,707.0,316.0,284.0,355.0,534.0,437.0,774.0,591.0,673.0,586.0,563.0,935.0,588.0,351.0,658.0,550.0,1022.0,1408.0,1521.0,1434.0,1532.0,911.0,600.0,266.0,523.0,338.0,920.0,1653.0,1778.0,1744.0,1779.0,1227.5,633.0,171.0,448.0,203.5,797.0,2182.0,2705.0,2646.0,2803.5,1206.5,579.0,132.0,383.5,157.5,683.0,2204.0,2941.0,2905.5,2969.0,3322.0,2726.0,685.5,878.5,1226.0,1382.5,1473.0,1622.5,1873.0,1917.5,1209.5,575.0,95.5,304.0,83.5,491.0,2253.5,3343.0,3328.5,3449.5,1049.5,499.5,89.0,263.5,74.0,487.5,2279.5,3537.5,3473.5,3576.5,1044.0,483.0,432.0,641.0,451.0,906.0,2490.0,3521.0,3548.0,3698.0,1230.0,619.0,560.0,855.0,580.0,1292.0,2880.0,3726.0,3787.0,3834.0,1234.0,619.0,444.0,817.0,580.0,1292.0,2821.0,3487.0,3634.0,3657.0,1473.0,822.0,369.0,821.0,745.0,1509.0,2781.0,3264.0,3420.0,3575.0,2060.0,1140.5,623.5,1176.5,1260.5,2112.0,2974.0,3392.5,3603.0,3729.5,2526.0,1567.0,956.5,1442.5,1756.0,2518.5,3097.5,3470.0,3718.0,3812.5,4071.0,2793.0,1154.0,1619.0,2303.0,2856.0,3019.0,3317.0,3897.0,3838.0,3859.5,2667.5,1184.5,1664.5,2479.5,2836.0,2995.0,3247.5,3540.0,3709.0,3400.0,2728.5,695.0,904.0,1268.5,1441.5,1507.0,1655.0,1924.5,2007.5,4132.5,2986.5,1085.5,1491.0,2108.5,2420.5,2592.0,2799.5,3010.0,3191.0,3522.5,2680.0,1568.5,1801.5,2183.5,2441.0,2590.0,2766.5,2949.5,3022.0,3355.0,2606.5,902.0,1090.5,1461.0,1693.5,1817.5,2001.5,2172.0,2274.5,3490.5,2740.5,944.5,1136.0,1473.0,1733.0,1839.0,2023.0,2192.5,2293.0,2924.0,2154.5,668.5,903.5,1255.5,1485.5,1614.0,1737.5,1987.5,2018.0,0.0,0.0,0.0,0.0,0.0,0.0,0.0,0.0,0.0,0.0,3671.0,2879.0,812.0,1118.0,1548.0,1813.0,1840.0,2039.0,2261.0,2359.0,4078.0,3195.5,1042.0,1277.0,1659.0,1956.0,2103.0,2340.0,2576.0,2663.0,3619.5,2869.0,880.5,1135.5,1478.5,1748.0,1920.0,2080.5,2322.5,2384.5,1848.5,1646.5,547.0,661.5,900.0,1018.5,1004.0,1101.0,1211.0,1227.5,1985.0,1754.0,564.0,689.0,976.0,1120.0,1031.0,1104.0,1236.0,1246.0,1968.0,1850.0,534.0,709.0,976.5,1076.5,1056.0,1149.0,1265.5,1260.5,2043.5,1894.5,579.5,770.0,1039.5,1136.5,1145.5,1235.5,1357.5,1362.5,"{""type"":""MultiPoint"",""coordinates"":[]}"
664_0,3,1011.0,851.0,328.5,399.5,479.0,536.0,558.5,582.0,615.5,634.5,1900.0,1670.5,756.0,947.0,1091.5,1182.5,1213.0,1278.0,1348.5,1329.0,2061.5,1814.5,772.5,1004.0,1164.5,1253.5,1292.5,1359.0,1416.5,1414.5,2502.5,2228.5,1133.5,1396.0,1582.0,1717.0,1742.0,1772.5,1856.0,1879.0,2655.0,2369.0,1267.0,1484.0,1682.0,1800.0,1834.0,1942.0,2017.0,1973.0,2371.0,2129.0,1102.0,1325.0,1514.0,1600.0,1651.0,1719.0,1775.0,1771.0,383.0,350.0,899.0,1110.0,1181.0,1317.0,1039.0,1075.0,1086.0,903.0,383.0,350.0,899.0,1110.0,1181.0,1317.0,1020.0,1076.0,1076.0,881.0,279.0,225.0,698.0,988.0,1023.0,1204.0,902.0,999.0,871.0,774.0,250.5,205.5,675.0,971.5,998.5,1248.0,867.0,964.0,852.0,743.0,266.5,201.0,581.5,897.5,920.5,1101.5,815.0,911.5,811.0,723.5,1256.5,1096.0,490.0,573.0,674.0,726.5,741.0,793.0,852.5,840.5,595.0,360.0,436.0,690.0,641.0,922.0,1126.0,1278.0,1194.0,1084.0,739.0,430.0,229.0,452.0,288.0,687.0,1458.0,1860.0,1685.0,1693.0,961.0,487.0,229.0,403.0,233.0,673.0,1890.0,2457.0,2402.0,2322.0,1186.0,606.0,321.0,543.0,315.0,846.0,2263.0,2739.0,2842.0,2726.0,1206.0,606.0,313.0,633.0,369.0,1060.0,2340.0,2739.0,2873.0,2759.0,1237.5,687.5,359.5,754.5,508.0,1325.0,2390.5,2647.5,2750.5,2689.5,1676.0,1036.0,859.0,1282.0,1437.0,1951.0,2680.0,2913.0,3080.0,3066.0,2388.5,1592.5,793.5,1223.0,1501.5,2097.5,2585.0,2826.0,3074.5,3153.0,2676.0,1899.0,834.0,1300.0,1705.0,2283.0,2632.0,2855.5,3221.0,3231.5,2871.0,1965.0,984.0,1434.0,2045.0,2372.0,2487.0,2691.0,2930.0,3015.0,1308.0,1148.0,543.0,613.0,703.0,751.0,765.0,805.0,876.0,869.0,3461.0,2634.0,1025.0,1401.0,1923.0,2275.0,2381.0,2551.0,2598.0,2806.0,3342.0,2566.5,1100.0,1405.5,1850.5,2122.0,2228.5,2388.5,2554.5,2642.5,3014.5,2454.5,866.5,1118.0,1435.0,1637.0,1723.0,1849.5,1997.0,2086.0,3097.0,2568.0,972.0,1150.0,1447.0,1679.0,1756.0,1882.0,1995.0,2114.0,2540.0,1594.0,801.0,994.0,1291.0,1440.0,1542.0,1682.0,1864.0,1858.0,572.0,348.0,495.0,479.0,513.0,533.0,577.0,636.0,725.0,734.0,2255.0,2003.0,822.0,1063.0,1268.0,1374.0,1392.0,1455.0,1564.0,1536.0,1427.0,1256.0,628.0,695.0,780.0,833.0,876.0,940.0,908.0,991.0,2457.0,2204.0,960.0,1242.0,1472.0,1580.0,1606.0,1674.0,1763.0,1735.0,1793.0,1521.0,581.0,682.0,853.0,944.0,928.0,978.0,1064.0,1082.0,1660.0,1402.0,530.0,676.0,818.0,897.5,890.0,950.0,1016.5,1020.5,1717.0,1495.0,689.0,793.0,927.0,1030.0,1068.0,1109.0,1158.0,1180.0,1768.5,1558.5,683.5,847.0,975.5,1051.5,1084.0,1138.5,1217.5,1203.5,"{""type"":""MultiPoint"",""coordinates"":[]}"
665_0,3,1011.5,851.0,315.5,397.0,471.5,529.0,543.5,593.0,629.0,635.0,1888.5,1633.0,741.5,952.5,1094.5,1177.5,1201.5,1256.0,1346.0,1349.5,2049.0,1789.5,788.0,1017.5,1171.5,1264.0,1316.5,1382.0,1423.5,1426.0,2447.5,2151.5,1105.5,1359.0,1559.0,1659.5,1695.0,1760.0,1823.0,1827.0,2616.0,2323.0,1258.0,1495.0,1693.0,1803.0,1874.0,1899.0,2046.0,1975.0,2341.0,2129.0,957.0,1238.0,1428.0,1532.0,1547.0,1629.0,1670.0,1670.0,1459.0,1331.0,973.0,1213.0,1227.0,1326.0,1256.0,1339.0,1372.0,1387.0,374.0,363.0,973.0,1213.0,1227.0,1326.0,897.0,988.0,924.0,788.0,271.0,229.0,670.0,982.0,1016.0,1174.0,900.0,1004.0,911.0,803.0,278.5,219.5,628.0,1003.5,1013.5,1302.5,887.0,989.5,871.5,742.5,279.5,191.5,476.0,754.0,696.5,967.0,743.0,844.5,746.5,633.5,1205.0,1026.0,433.0,541.0,644.0,687.0,725.0,760.0,839.0,825.0,718.0,420.0,364.0,622.0,490.0,883.0,1471.0,1693.0,1602.0,1554.0,845.0,474.0,212.0,442.0,252.0,779.0,1815.0,2085.0,2089.0,1931.0,1004.0,522.0,212.0,439.0,216.0,760.0,2121.0,2564.0,2509.0,2456.0,1217.0,643.0,349.0,635.0,367.0,1046.0,2540.0,3035.0,3050.0,2956.0,1262.0,660.0,349.0,706.0,438.0,1174.0,2429.0,2795.0,2988.0,2802.0,1260.0,742.5,411.5,864.5,689.5,1545.5,2331.5,2565.0,2643.5,2633.5,2068.0,1348.0,847.0,1230.0,1425.0,2053.0,2577.0,2811.0,2998.0,3056.0,2514.5,1724.5,768.5,1168.0,1562.0,2086.0,2510.5,2762.0,3004.0,3068.5,2733.0,1867.5,755.0,1230.0,1729.0,2220.5,2564.5,2807.5,3148.0,3163.0,3240.0,2382.0,929.0,1342.0,1976.0,2354.0,2523.0,2707.0,2880.0,3069.0,1290.0,1046.0,501.0,604.0,708.0,762.0,774.0,812.0,884.0,897.0,3630.0,2684.0,1030.0,1453.0,1985.0,2404.0,2471.0,2672.0,2789.0,2940.0,3383.0,2626.0,1063.5,1395.0,1864.5,2192.0,2297.0,2484.0,2645.5,2751.0,3111.0,2474.0,878.5,1110.0,1469.0,1715.0,1808.0,1963.0,2110.5,2172.5,3219.0,2609.0,942.0,1143.0,1485.0,1734.0,1838.0,1962.0,2106.0,2203.0,2444.0,1594.0,766.0,979.0,1284.0,1463.0,1558.0,1721.0,1935.0,1917.0,911.0,760.0,789.0,774.0,778.0,863.0,923.0,976.0,1040.0,1080.0,1965.0,1693.0,692.0,935.0,1110.0,1170.0,1207.0,1287.0,1369.0,1324.0,1904.0,1645.0,734.0,908.0,1036.0,1146.0,1165.0,1222.0,1291.0,1256.0,2205.0,1922.0,828.0,1105.0,1277.0,1397.0,1412.0,1497.0,1567.0,1550.0,1576.0,1322.0,486.0,586.0,732.0,792.0,794.0,846.0,929.0,930.0,1576.0,1322.0,458.0,586.0,732.0,792.0,794.0,846.0,929.0,930.0,1687.0,1466.0,628.0,796.0,927.0,1011.0,1056.0,1099.0,1154.0,1176.0,1755.0,1530.5,690.0,844.0,965.0,1032.5,1074.5,1134.0,1220.5,1195.5,"{""type"":""MultiPoint"",""coordinates"":[]}"
666_0,3,5352.0,4772.0,3654.0,3655.0,3898.5,4235.5,4254.0,4335.0,4581.5,4562.5,2977.0,2757.0,960.0,1240.0,1604.0,1740.0,1826.0,1960.0,2131.0,2131.0,2931.0,2818.0,930.0,1161.0,1506.0,1656.0,1723.0,1847.0,1987.0,2019.0,1676.0,1530.5,552.5,702.5,897.0,1045.0,1089.0,1165.0,1243.0,1257.5,847.0,641.0,826.0,930.0,959.0,1104.0,959.0,1020.0,1035.0,808.0,408.0,329.0,320.0,547.0,482.0,782.0,783.0,839.0,758.0,643.0,648.0,515.0,221.0,540.0,316.0,765.0,944.0,934.0,980.0,927.0,2181.0,1261.0,285.0,766.0,318.0,1192.0,2885.0,3457.0,3444.0,3458.0,1342.0,766.0,317.0,586.0,318.0,825.0,1945.0,2263.0,2186.0,2161.0,1099.0,602.0,102.0,315.0,113.5,492.0,1887.0,2570.5,2463.5,2418.0,1267.0,608.5,49.5,295.0,97.0,526.0,2364.0,3417.5,3483.0,3573.5,4461.0,4050.0,3013.0,3171.0,3375.0,3532.0,3520.0,3587.0,3936.5,3695.0,1366.0,666.5,58.5,288.5,77.5,540.5,2603.0,3616.5,3594.5,3674.0,1578.5,769.5,169.0,568.0,202.5,969.5,3259.0,4238.0,4330.5,4378.5,1603.0,806.0,546.0,937.0,670.0,1448.0,3454.0,4274.0,4264.0,4424.0,1806.0,987.0,749.0,1173.0,1035.0,1930.0,3252.0,3742.0,3888.0,3983.0,1945.0,1115.0,700.0,1210.0,1094.0,1991.0,3020.0,3369.0,3663.0,3697.0,4641.0,3086.0,1287.0,1804.0,2268.0,3081.0,3535.0,3843.0,4146.0,4364.0,5017.0,3584.0,1479.0,1956.5,2831.5,3376.5,3711.5,4032.0,4386.5,4566.5,4808.0,3488.0,1370.0,1875.5,2469.0,2925.5,3328.5,3612.0,3992.0,4126.0,4460.0,3180.5,1189.0,1651.0,2348.0,2831.5,3239.0,3497.5,3828.0,4013.0,3760.0,2843.0,966.0,1263.0,1652.0,2059.0,2341.0,2601.0,2778.0,2932.0,3566.0,2964.0,752.0,1014.0,1411.5,1656.0,1816.0,1981.0,2248.0,2315.0,3319.0,2634.0,697.5,971.5,1192.5,1562.5,1899.5,2060.0,2208.0,2385.5,3711.5,3188.0,2105.5,2212.5,2353.5,2626.0,2864.0,3003.0,3070.0,3177.0,3287.5,2704.5,765.0,933.5,990.0,1395.5,1842.0,2026.0,2224.0,2253.5,2899.5,2352.5,671.5,836.0,875.5,1264.5,1675.5,1831.0,2012.5,2052.0,2375.0,1770.0,410.0,654.0,697.0,1243.0,1738.0,1882.0,2087.0,2127.0,0.0,0.0,0.0,0.0,0.0,0.0,0.0,0.0,0.0,0.0,3420.0,2609.0,778.0,1115.0,1474.0,1827.0,2010.0,2200.0,2417.0,2491.0,3152.0,2644.0,837.0,1127.0,1474.0,1827.0,2061.0,2235.0,2417.0,2554.0,3152.0,2644.0,795.0,1113.0,1292.0,1803.0,2287.0,2478.0,2750.0,2788.0,3352.5,2535.5,835.5,1124.0,1259.0,1825.5,2541.5,2801.5,3063.0,3058.5,2614.0,2016.5,638.0,887.0,1032.0,1439.0,1914.0,2118.5,2309.0,2283.5,2354.5,2153.5,661.5,842.5,1099.0,1245.0,1347.0,1491.0,1646.0,1645.5,2362.5,2201.0,681.5,876.5,1153.5,1257.0,1309.5,1423.0,1579.0,1586.0,"{""type"":""MultiPoint"",""coordinates"":[]}"
667_0,3,3137.0,2405.0,815.0,912.5,1213.5,1382.5,1492.0,1656.0,1868.0,1946.0,2068.0,1918.0,597.0,863.0,1140.0,1260.0,1323.0,1395.0,1484.0,1520.0,2348.0,2251.0,777.0,1043.0,1355.0,1507.0,1526.0,1626.0,1718.0,1746.0,473.0,449.0,554.5,673.5,746.0,802.0,635.5,691.0,647.5,579.5,370.0,341.0,728.0,804.0,822.0,894.0,688.0,727.0,688.0,571.0,368.0,315.0,374.0,611.0,575.0,818.0,688.0,727.0,688.0,593.0,575.0,462.0,309.0,578.0,412.0,806.0,1017.0,1083.0,981.0,906.0,1366.0,774.0,263.0,620.0,347.0,941.0,2142.0,2321.0,2394.0,2493.0,1124.0,621.0,109.0,341.0,134.0,630.0,2058.0,2538.0,2737.0,2532.0,1288.5,619.0,44.0,266.0,50.0,540.0,2446.5,3508.5,3616.5,3523.5,1198.0,552.5,10.5,172.0,9.5,381.0,2336.0,3626.5,3798.0,3717.5,4998.5,4342.0,2953.0,3095.5,3373.5,3669.5,3648.0,3771.5,3865.0,3967.5,1201.5,554.5,10.5,149.0,7.5,374.0,2362.5,3831.0,3951.5,4045.5,1155.5,538.5,60.5,333.0,70.5,661.0,2669.5,3925.5,4089.0,4190.5,1226.0,575.0,465.0,750.0,515.0,1134.0,3053.0,3998.0,4113.0,4171.0,1336.0,715.0,605.0,983.0,747.0,1548.0,3024.0,3688.0,3838.0,3839.0,1375.0,746.0,494.0,937.0,747.0,1569.0,2808.0,3241.0,3473.0,3493.0,1685.0,952.0,467.0,973.0,947.0,1812.0,2838.0,3180.0,3433.0,3481.0,4191.0,3001.0,1080.0,1532.5,2155.5,2611.5,2907.5,3210.5,3469.0,3640.0,4178.0,3096.5,1091.5,1510.0,2215.5,2582.5,2777.5,3046.0,3357.5,3412.0,3782.0,2805.0,1047.0,1461.0,2058.0,2300.0,2505.0,2714.0,3042.0,3050.0,3291.0,2427.0,903.0,1209.5,1722.0,2033.0,2133.5,2289.5,2502.5,2630.5,3230.0,2548.0,609.0,837.0,1201.0,1293.0,1408.0,1555.0,1848.0,1894.0,3503.5,2792.5,843.5,1117.0,1515.5,1761.0,1934.5,2092.0,2221.5,2383.0,4980.0,4405.5,2922.5,3074.5,3378.5,3662.5,3784.0,3908.0,4108.0,4077.0,3195.5,2638.0,828.0,970.0,1203.0,1439.0,1583.5,1754.0,1861.0,1948.5,3071.5,2540.5,805.0,955.0,1169.0,1402.0,1556.0,1705.5,1818.5,1904.0,2021.0,1460.5,419.0,601.0,816.5,1023.0,1201.0,1303.5,1451.5,1537.0,0.0,0.0,0.0,0.0,0.0,0.0,0.0,0.0,0.0,0.0,3576.0,2847.0,807.0,1144.0,1625.0,1781.0,1900.0,2048.0,2306.0,2366.0,3839.0,3227.0,1107.0,1357.0,1745.0,1874.0,2134.0,2325.0,2628.0,2431.0,3536.0,2895.0,939.0,1259.0,1692.0,1864.0,1996.0,2066.0,2388.0,2429.0,1991.0,1680.0,551.0,634.5,846.0,950.0,957.5,1056.0,1201.5,1162.5,1313.0,1130.0,368.0,487.0,677.0,749.0,774.0,808.0,895.0,911.0,1765.5,1615.0,496.0,660.0,907.0,1001.0,1025.5,1102.0,1207.5,1208.0,1865.0,1757.0,536.5,734.5,1000.5,1075.5,1110.5,1186.5,1293.0,1301.5,"{""type"":""MultiPoint"",""coordinates"":[]}"
668_0,3,674.0,588.5,301.5,393.0,513.5,657.5,611.5,643.0,668.0,636.0,2300.0,2018.0,791.5,1003.5,1224.5,1339.5,1416.5,1509.0,1608.5,1618.0,2504.5,2221.0,865.0,1103.5,1351.5,1494.0,1564.0,1659.5,1759.0,1760.0,2552.5,2258.5,1010.5,1262.5,1493.0,1600.0,1669.5,1756.0,1864.0,1893.0,2495.0,2205.0,1035.0,1298.0,1518.0,1580.0,1654.0,1737.0,1884.0,1912.0,1566.0,1474.0,951.0,1232.0,1396.0,1516.0,1419.0,1485.0,1425.0,1462.0,1451.0,1305.0,930.0,1170.0,1251.0,1537.0,1348.0,1403.0,1489.0,1343.0,1451.0,1245.0,854.0,1145.0,1220.0,1519.0,1408.0,1522.0,1489.0,1477.0,1732.0,1337.0,722.0,1042.0,989.0,1440.0,1663.0,1763.0,1719.0,1749.0,1892.0,1307.0,533.0,886.5,677.0,1324.5,2274.0,2584.5,2600.0,2599.0,1926.0,1375.0,550.0,907.5,800.0,1377.0,2384.5,2839.5,2920.0,2822.5,1022.0,877.0,475.0,597.5,755.5,914.5,991.0,1041.5,1111.0,1145.5,2038.0,1425.0,560.0,876.0,834.0,1390.0,2467.0,3080.0,3197.0,3212.0,2149.0,1445.0,553.0,863.0,864.0,1334.0,2498.0,3080.0,3389.0,3345.0,2283.0,1463.0,550.0,907.0,907.0,1328.0,2727.0,3231.0,3535.0,3469.0,2124.0,1422.0,674.0,1050.0,925.0,1663.0,2880.0,3291.0,3626.0,3446.0,2174.0,1488.0,660.0,1076.0,995.0,1707.0,2880.0,3242.0,3626.0,3446.0,2382.5,1618.5,721.0,1179.0,1186.5,1908.5,2851.0,3309.0,3585.5,3648.5,2583.0,1780.0,985.5,1465.5,1582.0,2110.0,2841.5,3184.5,3587.0,3526.0,3397.5,2487.5,1142.5,1527.5,1944.5,2479.5,2865.0,3208.5,3650.5,3488.0,3630.5,2612.5,1274.5,1745.0,2357.5,2725.5,2974.0,3198.0,3781.0,3712.5,3567.0,2557.0,1295.0,1734.0,2409.0,2771.0,2870.0,3073.0,3430.0,3584.0,1005.0,782.0,511.0,611.0,752.0,940.0,995.0,1077.0,1133.0,1187.0,3567.0,2679.0,1182.0,1595.0,2119.0,2587.0,2523.0,2751.0,2969.0,3000.0,3316.5,2537.5,1126.5,1469.5,1902.5,2143.0,2317.0,2480.5,2697.5,2628.5,1838.0,1603.5,673.0,833.0,1058.0,1209.5,1221.0,1284.0,1332.0,1314.5,1053.0,939.0,531.0,641.0,785.0,897.0,826.0,936.0,844.0,811.0,806.0,675.0,297.0,399.0,438.0,554.0,508.0,606.0,600.0,500.0,386.0,364.0,459.0,382.0,368.0,419.0,418.0,465.0,435.0,462.0,1115.0,969.0,400.0,563.0,706.0,818.0,831.0,995.0,979.0,977.0,1660.0,1231.0,656.0,781.0,956.0,1209.0,1325.0,1400.0,1397.0,1479.0,3484.0,2911.0,1539.0,1844.0,2218.0,2401.0,2537.0,2551.0,2926.0,2879.0,2181.0,1507.0,1579.0,1475.0,1400.0,1509.0,1628.0,1671.0,1897.0,1750.0,2584.0,1946.0,836.0,1065.0,1346.5,1585.0,1602.0,1686.5,1964.0,2005.0,3396.5,2884.5,1260.0,1499.5,1792.5,1965.0,2118.5,2327.0,2598.5,2537.0,3174.0,2658.0,1141.0,1375.0,1633.5,1803.5,1890.5,2013.0,2227.5,2249.0,"{""type"":""MultiPoint"",""coordinates"":[]}"
669_0,3,1669.5,1399.0,384.0,514.5,686.5,832.0,855.0,909.5,991.0,1056.0,2163.5,1894.5,806.5,1057.5,1305.0,1433.0,1473.0,1530.5,1601.5,1603.5,2278.0,1990.0,775.0,995.0,1260.5,1364.0,1425.5,1498.0,1572.5,1602.5,2195.5,1920.5,753.5,983.0,1231.5,1342.0,1402.5,1473.5,1530.5,1550.5,277.0,251.0,622.5,848.0,938.0,994.5,809.5,892.5,863.0,764.5,270.5,238.5,547.5,785.0,850.0,1056.0,960.0,1014.0,1021.5,872.0,758.5,513.5,473.0,688.0,610.5,1021.5,1551.5,1671.0,1533.0,1466.5,1198.0,723.0,329.5,634.5,347.5,986.5,2491.5,2871.5,2913.0,2683.0,1494.5,727.5,140.5,435.5,247.5,918.5,3290.5,4306.0,4530.5,4574.5,1870.5,995.5,268.5,593.0,477.5,1145.0,3137.0,3963.5,4245.0,4468.5,1897.5,995.0,219.0,477.0,370.5,923.0,2846.0,3814.0,4082.5,4294.5,1927.5,1601.0,454.5,638.5,850.5,983.0,1022.0,1095.0,1192.5,1248.5,1880.0,964.5,218.0,466.5,347.5,875.5,2855.5,3810.5,3900.5,4196.5,1833.0,905.5,197.0,494.0,285.0,971.5,3156.5,4189.5,4438.0,4599.5,1883.0,915.5,357.0,794.0,469.0,1409.0,3493.0,4434.0,4543.5,4700.5,2021.5,1072.5,555.0,1054.0,791.5,1848.0,3608.0,4229.0,4519.5,4567.5,2105.5,1172.5,589.5,1152.5,960.5,1983.0,3431.5,3997.0,4369.0,4394.0,2352.0,1359.0,610.0,1162.0,1159.0,2082.0,3305.0,3779.0,4043.0,4175.0,3208.0,2029.5,1095.0,1462.5,1721.5,2460.0,3280.5,3630.0,4002.5,4177.5,3794.0,2582.0,1044.5,1511.0,2094.0,2596.0,2953.5,3260.5,3706.5,3741.0,3317.5,2404.0,877.0,1331.5,1904.5,2249.5,2555.0,2795.0,3212.5,3257.5,2435.5,1873.5,809.0,1113.5,1595.0,1798.0,1895.5,2071.0,2195.0,2208.5,1795.0,1481.0,373.5,513.0,730.5,855.0,911.0,970.0,1037.5,1129.0,2474.5,1910.5,837.0,1128.5,1585.0,1816.5,1880.5,2034.0,2117.0,2222.0,2403.0,1872.0,928.5,1173.5,1552.0,1737.0,1833.0,1935.0,2113.0,2102.5,2152.5,1734.5,704.0,895.0,1191.0,1345.5,1420.5,1505.0,1653.5,1652.0,2348.5,1905.0,789.0,971.5,1245.5,1465.5,1488.0,1562.0,1703.5,1753.5,1916.5,1516.5,575.0,712.0,957.5,1072.0,1148.0,1219.0,1379.0,1387.5,0.0,0.0,0.0,0.0,0.0,0.0,0.0,0.0,0.0,0.0,1632.5,1284.0,378.5,494.5,673.5,793.0,846.5,903.0,992.5,1038.0,1806.0,1514.5,478.5,577.0,752.5,904.5,965.0,1023.0,1081.5,1130.0,2129.0,1763.5,594.0,778.5,960.0,1132.0,1246.5,1290.5,1371.0,1419.0,2133.5,1771.0,567.0,698.5,933.5,1105.5,1205.5,1288.0,1376.0,1438.0,2002.5,1614.5,541.5,641.0,823.0,990.5,1144.0,1264.0,1323.0,1353.5,1818.0,1583.5,486.0,625.5,814.5,937.5,986.5,1066.5,1134.5,1193.5,1934.5,1705.0,542.0,724.5,899.5,1036.5,1071.5,1165.0,1219.0,1255.0,"{""type"":""MultiPoint"",""coordinates"":[]}"
670_0,3,1030.0,879.0,332.5,391.5,483.0,538.0,555.0,589.0,615.0,634.5,1898.5,1680.0,743.0,949.5,1096.0,1172.5,1207.5,1278.0,1350.0,1332.5,2050.0,1804.5,782.5,1001.0,1158.5,1243.0,1271.0,1336.0,1396.0,1406.0,2443.5,2173.5,1091.5,1336.0,1526.5,1627.5,1644.5,1725.5,1783.0,1791.5,2661.0,2385.0,1259.0,1486.0,1691.0,1818.0,1834.0,1920.0,2013.0,1991.0,2325.0,2111.0,1090.0,1364.0,1531.0,1736.0,1609.0,1656.0,1737.0,1736.0,346.0,327.0,792.0,1030.0,1106.0,1355.0,992.0,1075.0,984.0,846.0,401.0,371.0,912.0,1194.0,1275.0,1481.0,1126.0,1121.0,1108.0,947.0,241.0,213.0,658.0,1007.0,1016.0,1135.0,875.0,955.0,872.0,756.0,261.5,209.5,622.5,936.0,951.5,1176.0,890.5,1026.0,922.0,806.5,318.0,244.5,492.5,818.5,805.0,1110.5,948.0,1077.0,941.5,843.0,1273.5,1108.0,487.5,574.0,682.0,734.5,747.5,795.5,863.0,862.0,678.0,425.0,403.0,678.0,528.0,929.0,1362.0,1561.0,1503.0,1448.0,955.0,524.0,198.0,453.0,272.0,743.0,1819.0,2344.0,2063.0,2035.0,1108.0,561.0,198.0,417.0,217.0,691.0,2193.0,2719.0,2636.0,2699.0,1278.0,652.0,295.0,566.0,326.0,892.0,2425.0,3040.0,2887.0,2922.0,1261.0,653.0,303.0,664.0,398.0,1158.0,2470.0,2853.0,2900.0,2936.0,1289.0,728.5,377.0,785.0,565.0,1390.5,2484.5,2787.0,2849.5,2896.5,1751.0,1102.0,783.0,1179.0,1356.0,1983.0,2605.0,2844.0,3108.0,3166.0,2282.0,1469.5,731.0,1131.5,1424.5,2003.5,2556.5,2814.5,3092.5,3189.0,2657.0,1936.0,891.0,1316.0,1667.0,2323.0,2704.0,2958.0,3279.0,3312.0,2986.0,2092.0,959.5,1350.0,1919.5,2365.5,2496.0,2660.0,2799.5,3006.5,1309.0,1166.0,545.0,604.0,707.0,764.0,776.0,816.0,877.0,869.0,3396.0,2556.0,993.0,1334.0,1895.0,2331.0,2467.0,2640.0,2711.0,2947.0,3300.5,2453.0,1026.0,1362.5,1812.5,2123.5,2218.5,2397.5,2556.0,2680.5,3005.0,2363.5,838.5,1090.0,1424.0,1647.0,1758.0,1908.5,2051.0,2118.0,2932.0,2309.0,924.0,1132.0,1446.0,1687.0,1785.0,1906.0,2034.0,2166.0,2273.0,1534.0,768.0,968.0,1246.0,1464.0,1584.0,1695.0,1899.0,1877.0,0.0,0.0,0.0,0.0,0.0,0.0,0.0,0.0,0.0,0.0,2170.0,1957.0,819.0,1041.0,1246.0,1365.0,1388.0,1430.0,1534.0,1550.0,385.0,353.0,259.0,245.0,216.0,222.0,234.0,245.0,244.0,254.0,2392.0,2154.0,956.0,1228.0,1415.0,1550.0,1577.0,1609.0,1718.0,1711.0,2505.0,1976.0,1128.0,1374.0,1577.0,1673.0,1712.0,1786.0,1918.0,1863.0,1739.5,1457.5,720.5,875.5,1034.5,1121.5,1112.0,1164.5,1239.5,1246.5,1733.0,1511.0,637.0,798.0,918.0,1017.0,1041.0,1114.0,1170.0,1169.0,1763.0,1574.0,688.0,849.0,976.5,1049.5,1078.0,1149.5,1218.0,1198.5,"{""type"":""MultiPoint"",""coordinates"":[]}"
671_0,3,1959.0,1661.5,593.0,784.5,1061.0,1168.0,1217.0,1279.5,1396.0,1419.5,2581.0,2195.0,999.0,1333.0,1647.5,1778.0,1831.5,1890.0,2005.5,1996.0,2596.5,2180.5,936.0,1244.5,1589.0,1722.0,1731.5,1824.0,1926.0,1941.0,2675.0,2291.0,1022.5,1337.5,1702.5,1843.0,1867.0,1963.0,2035.5,2078.5,886.0,871.0,866.0,1112.5,1191.0,1423.0,1394.0,1374.0,1229.0,1354.0,204.0,173.0,576.5,887.0,912.0,1152.0,946.5,1002.0,974.0,837.0,476.0,330.5,641.0,904.0,905.5,1233.5,1385.5,1504.0,1543.5,1362.0,930.0,737.0,470.5,795.5,595.5,1197.0,1836.0,1930.0,1902.0,1780.5,1458.0,804.0,292.0,650.0,318.0,1065.5,3218.0,3764.5,3855.0,3804.0,1713.5,895.5,275.0,668.0,431.0,1276.5,3127.5,3791.5,3990.0,4144.5,1806.0,995.0,304.5,698.0,535.5,1325.5,2894.5,3507.5,3772.0,3940.0,2253.0,1901.5,660.5,882.0,1177.0,1345.5,1371.5,1463.0,1519.5,1557.0,1769.0,970.5,279.5,664.5,523.0,1278.5,2802.5,3425.5,3625.0,3797.5,1555.5,804.5,256.5,596.0,424.5,1108.5,2754.5,3396.5,3590.5,3708.0,1497.5,796.5,272.5,604.5,365.0,1063.0,2748.5,3274.0,3381.5,3550.5,1795.5,917.0,468.0,992.0,570.0,1621.0,3295.0,3732.0,3884.0,3997.0,1821.0,969.0,481.0,1041.5,679.5,1721.5,3094.5,3451.5,3745.5,3690.0,1971.0,1145.0,534.0,1159.0,1000.0,2064.0,2940.0,3166.0,3441.0,3566.0,2288.5,1324.0,846.5,1459.5,1461.5,2413.0,3004.0,3270.5,3586.5,3731.0,2555.0,1639.0,846.5,1416.5,1640.5,2486.5,2898.0,3171.0,3460.0,3648.0,3785.0,2535.0,1017.5,1512.0,2056.5,2507.5,2778.5,3067.0,3502.5,3600.5,2102.0,1592.0,642.0,947.5,1343.0,1537.0,1615.5,1730.0,1845.5,1946.0,2090.5,1777.5,592.0,806.0,1108.5,1226.5,1266.5,1329.5,1477.5,1484.5,2245.5,1764.5,667.5,962.5,1342.5,1534.5,1586.0,1680.5,1846.5,1870.5,2449.5,1952.0,870.5,1082.0,1435.0,1625.5,1639.0,1772.5,1914.5,1957.5,2157.0,1789.0,665.5,847.5,1116.0,1269.5,1304.5,1416.5,1550.5,1553.0,2401.0,1978.5,739.0,916.5,1192.5,1355.5,1403.5,1513.5,1593.0,1671.5,1908.5,1538.0,537.0,675.0,911.5,1024.0,1089.5,1162.5,1308.0,1318.5,0.0,0.0,0.0,0.0,0.0,0.0,0.0,0.0,0.0,0.0,1645.0,1277.5,497.5,707.5,900.5,1015.0,1054.0,1099.5,1221.0,1217.0,1894.0,1571.5,670.5,811.5,985.5,1093.5,1120.5,1207.5,1311.0,1299.0,2352.0,2011.5,810.0,1041.5,1290.5,1429.0,1468.0,1570.0,1636.0,1634.0,2357.5,1979.5,813.0,1004.5,1284.0,1409.5,1405.5,1506.0,1628.0,1608.0,2193.5,1816.5,796.5,942.0,1160.5,1276.5,1259.5,1344.0,1466.5,1470.0,2195.5,1884.5,644.0,897.5,1165.0,1296.0,1331.0,1394.0,1505.5,1515.5,2371.0,2017.5,809.0,1041.5,1353.5,1496.0,1546.0,1615.5,1719.0,1745.0,"{""type"":""MultiPoint"",""coordinates"":[]}"
672_0,3,3066.5,2337.5,940.5,1054.5,1338.0,1552.0,1727.5,1866.5,2075.0,2136.0,2115.0,1946.0,627.0,874.0,1159.0,1283.0,1319.0,1398.0,1501.0,1548.0,2392.0,2251.0,791.0,1040.0,1363.0,1517.0,1543.0,1648.0,1718.0,1758.0,1105.5,1053.0,508.0,673.0,799.5,922.0,826.5,895.0,900.5,878.0,465.0,437.0,764.0,867.0,864.0,975.0,770.0,803.0,756.0,632.0,462.0,385.0,422.0,660.0,603.0,850.0,773.0,863.0,834.0,759.0,671.0,519.0,315.0,551.0,415.0,833.0,1127.0,1205.0,1146.0,1114.0,1327.0,798.0,270.0,580.0,382.0,904.0,1989.0,2431.0,2564.0,2312.0,1180.0,631.0,138.0,366.0,165.0,609.0,2038.0,2601.0,2577.0,2570.0,1349.0,645.0,64.0,297.5,68.5,525.0,2497.0,3599.5,3605.0,3591.5,1261.5,594.0,25.0,183.0,14.0,391.5,2413.0,3817.0,3853.5,3834.0,4118.0,3659.0,2412.0,2505.5,2692.0,2929.0,2995.0,3149.5,3270.0,3279.5,1261.5,586.0,20.0,169.5,6.5,390.0,2492.5,4100.5,4174.0,4298.0,1145.0,535.0,55.0,310.0,60.0,624.0,2717.5,4133.0,4247.0,4360.0,1224.0,570.0,456.0,742.0,510.0,1092.0,3062.0,4214.0,4299.0,4378.0,1292.0,692.0,613.0,954.0,742.0,1502.0,3085.0,3777.0,3914.0,3970.0,1305.0,702.0,482.0,921.0,742.0,1560.0,2881.0,3383.0,3598.0,3628.0,1608.0,927.0,450.0,951.0,937.0,1809.0,2837.0,3232.0,3471.0,3557.0,4232.0,3045.0,1198.0,1679.5,2365.0,2841.0,3164.0,3419.5,3738.5,3856.5,4313.5,3165.5,1248.0,1681.5,2422.0,2760.5,2992.0,3241.5,3592.5,3685.5,4007.0,2890.0,1175.0,1541.0,2188.0,2462.0,2686.0,2907.0,3248.0,3272.0,4107.5,3088.5,1166.5,1544.0,2159.0,2494.5,2677.5,2917.5,3095.5,3279.5,3217.0,2550.0,632.0,890.0,1252.0,1407.0,1506.0,1655.0,1868.0,1875.0,3606.5,2894.5,922.0,1219.5,1615.5,1877.5,2026.5,2234.5,2393.0,2471.5,4072.0,3454.5,1919.5,2115.5,2421.0,2704.0,2851.5,2990.0,3156.5,3166.5,3272.0,2758.5,895.5,1028.5,1273.0,1494.5,1625.0,1816.0,1945.0,2002.5,3122.5,2625.0,843.0,978.0,1203.5,1439.5,1594.0,1739.5,1863.0,1922.5,2254.0,1715.0,511.5,697.5,935.0,1162.0,1284.0,1393.5,1568.0,1624.5,0.0,0.0,0.0,0.0,0.0,0.0,0.0,0.0,0.0,0.0,3687.0,2950.0,852.0,1172.0,1628.0,1910.0,1936.0,2113.0,2246.0,2426.0,3939.0,3294.0,1137.0,1348.0,1638.0,1976.0,2099.0,2304.0,2409.0,2426.0,3557.0,2916.0,963.0,1230.0,1638.0,1871.0,1964.0,2139.0,2328.0,2395.0,2721.5,2307.5,765.5,925.0,1254.0,1443.5,1472.5,1598.5,1711.5,1761.5,1783.0,1573.0,523.0,661.0,939.0,1063.0,1058.0,1123.0,1158.0,1231.0,1872.5,1739.0,517.5,686.5,965.5,1067.0,1081.5,1156.0,1249.5,1253.5,1940.5,1803.0,563.5,759.5,1040.0,1146.5,1173.0,1260.5,1345.5,1359.0,"{""type"":""MultiPoint"",""coordinates"":[]}"
673_0,3,2409.0,1916.5,657.5,810.5,1140.5,1281.5,1309.0,1427.5,1589.5,1601.5,2109.5,1832.0,694.5,879.5,1127.5,1255.0,1309.0,1367.5,1465.5,1498.5,2304.5,2017.0,797.5,1027.5,1302.5,1438.0,1456.0,1518.0,1592.5,1628.5,2462.0,2174.5,865.5,1127.0,1418.5,1567.0,1601.5,1686.5,1742.0,1775.0,1236.0,1140.0,968.0,1258.0,1246.0,1349.0,1340.0,1358.0,1492.0,1429.0,328.0,292.0,678.0,893.0,939.0,1105.0,828.0,865.0,852.0,764.0,398.0,277.0,479.0,715.0,706.0,903.0,922.0,1039.0,969.0,867.0,630.0,498.0,479.0,742.0,616.0,975.0,1218.0,1274.0,1357.0,1238.0,1401.0,737.0,331.0,682.0,325.0,937.0,2537.0,3014.0,3120.0,2913.0,1754.0,886.5,260.5,599.5,267.0,965.0,3192.5,4011.0,4233.5,4212.0,1586.5,763.5,141.0,350.5,181.5,665.0,2944.0,4350.0,4530.5,4555.0,2585.0,2153.0,731.0,897.0,1188.0,1321.0,1402.0,1485.0,1593.0,1718.0,1561.0,754.0,182.0,371.0,212.0,651.0,2928.0,4407.0,4541.0,4642.0,1538.0,741.0,108.0,410.0,210.0,787.0,3212.0,4585.0,4868.0,4801.0,1576.0,746.0,287.0,715.0,415.0,1246.0,3433.0,4801.0,4939.0,5093.0,1838.0,922.0,482.0,1002.0,682.0,1745.0,3809.0,4631.0,4991.0,5091.0,1937.5,1055.0,538.0,1087.5,867.0,1897.5,3641.0,4383.0,4791.0,4671.5,2399.0,1400.0,671.5,1293.5,1326.0,2305.5,3709.5,4074.5,4504.5,4691.0,2977.0,1832.5,1054.0,1597.5,1884.0,2782.5,3847.0,4227.0,4757.0,4727.0,4180.0,2824.0,1188.5,1745.0,2374.5,2953.5,3555.0,3852.0,4246.5,4404.5,3663.5,2598.0,1169.0,1651.5,2407.0,2870.5,3025.5,3327.5,3633.5,3759.0,3705.0,2513.0,1341.0,1821.0,2673.0,3002.0,3267.0,3311.0,3795.0,4020.0,2558.5,2128.0,684.0,878.0,1177.0,1335.5,1346.5,1446.5,1665.5,1659.0,3685.0,2531.5,1244.0,1690.0,2426.5,2694.0,2909.0,3037.0,3433.0,3411.0,3413.5,2395.0,1203.0,1557.5,2118.5,2361.5,2554.0,2734.5,3078.0,3013.0,3087.5,2394.5,884.0,1120.5,1512.0,1657.5,1807.0,1898.0,2182.5,2191.5,3171.5,2417.0,940.0,1140.5,1535.5,1656.5,1761.5,1897.5,2162.5,2140.5,1889.0,1413.0,575.0,754.0,1027.0,1117.0,1183.0,1229.0,1430.0,1450.0,0.0,0.0,0.0,0.0,0.0,0.0,0.0,0.0,0.0,0.0,2108.0,1777.0,568.0,731.0,973.0,1088.0,1068.0,1175.0,1309.0,1309.0,2309.0,1993.0,655.0,758.0,998.0,1086.0,1124.0,1174.0,1326.0,1318.0,2403.5,2074.0,711.0,874.0,1143.0,1257.5,1273.5,1345.0,1492.0,1510.5,2552.0,2116.0,693.0,834.0,1129.0,1242.0,1197.0,1256.0,1424.0,1477.0,2616.5,2181.5,772.5,905.0,1163.0,1290.0,1276.5,1360.5,1534.0,1568.0,2646.0,2291.0,802.0,976.0,1197.0,1338.0,1423.0,1505.0,1621.0,1678.0,2217.0,1895.0,671.0,901.0,1150.0,1288.0,1314.0,1415.0,1505.0,1519.0,"{""type"":""MultiPoint"",""coordinates"":[]}"
674_0,3,1767.0,1484.0,548.0,682.0,888.5,1009.5,1054.5,1123.0,1213.0,1217.0,2412.5,2082.0,970.0,1249.5,1517.0,1634.5,1679.0,1755.5,1871.0,1839.5,2220.0,1881.0,732.5,1000.0,1276.5,1383.5,1419.5,1483.0,1586.0,1586.0,232.0,179.0,434.5,642.5,704.0,821.5,669.0,755.5,733.5,674.5,217.0,166.5,590.0,801.5,816.0,1023.5,979.5,1043.0,1040.0,958.0,413.5,336.0,590.0,826.5,816.0,1092.0,1160.5,1248.0,1214.5,1143.5,735.0,523.0,402.5,677.5,520.0,995.0,1328.0,1462.5,1350.5,1327.5,1281.5,778.0,375.0,684.5,445.5,1006.0,2371.0,2769.5,2754.5,2595.0,1587.0,798.5,299.0,601.0,312.0,939.0,2877.5,3685.0,3705.0,3732.0,1517.5,755.5,204.5,524.0,306.5,908.0,2825.0,3682.5,3826.5,3881.5,1501.0,733.0,167.5,403.0,214.5,721.5,2714.5,3804.0,3963.5,4090.5,2024.5,1730.5,577.0,769.5,1005.0,1126.5,1172.0,1240.5,1335.5,1378.0,1614.5,781.5,195.5,464.0,241.5,823.5,3046.5,4306.5,4410.0,4541.5,1622.5,798.5,293.0,862.0,441.5,1525.0,3610.5,4525.5,4703.0,4789.5,1698.0,863.0,450.0,960.5,686.5,1699.5,3507.5,4144.0,4249.5,4438.5,1876.5,1060.0,656.0,1148.5,1092.5,2055.5,3210.0,3634.5,3868.0,3969.0,2215.0,1319.5,727.5,1223.0,1366.5,2207.5,3027.0,3393.5,3753.0,3765.5,2534.0,1573.0,774.0,1281.0,1550.0,2300.0,2985.0,3321.0,3573.0,3699.0,4085.5,2780.0,1141.5,1558.5,2102.0,2614.5,2938.5,3236.0,3532.0,3639.5,3995.5,2692.0,1052.5,1505.0,2268.0,2753.0,3011.5,3272.5,3590.5,3729.5,3529.5,2620.0,981.5,1440.0,2019.0,2332.5,2590.0,2802.5,3183.0,3184.0,2079.0,1592.5,679.5,956.0,1335.0,1524.5,1565.5,1668.5,1784.5,1831.0,1902.0,1620.5,494.5,693.0,928.0,1063.5,1084.0,1187.0,1270.0,1268.5,2386.5,1884.0,811.0,1073.0,1470.5,1659.0,1708.0,1819.0,1928.5,1998.5,2328.5,1842.5,888.0,1102.0,1438.0,1597.0,1676.5,1775.5,1887.5,1934.5,2007.0,1687.5,643.0,778.5,1036.0,1175.0,1213.0,1311.5,1409.5,1442.0,1681.0,1406.0,537.0,741.5,981.0,1097.0,1142.5,1197.0,1321.0,1271.5,1351.0,1152.5,356.5,468.5,661.5,734.0,770.5,805.0,910.5,889.0,0.0,0.0,0.0,0.0,0.0,0.0,0.0,0.0,0.0,0.0,1685.0,1398.5,436.5,612.0,819.5,917.5,978.0,1031.5,1128.5,1126.5,1813.5,1580.5,576.0,694.5,876.0,967.5,1009.0,1055.0,1153.5,1173.5,1987.5,1717.5,616.0,801.5,1011.5,1107.0,1162.0,1241.5,1340.0,1343.0,2045.5,1744.5,638.0,752.5,988.0,1084.5,1085.0,1154.0,1238.0,1280.5,2087.0,1761.0,744.5,854.0,1048.0,1132.0,1159.0,1225.5,1364.5,1361.0,2086.0,1802.5,676.5,875.5,1096.5,1214.5,1258.0,1359.0,1425.5,1466.5,2191.5,1895.5,786.5,996.5,1248.5,1349.0,1420.0,1500.5,1594.5,1596.0,"{""type"":""MultiPoint"",""coordinates"":[]}"
675_0,3,1857.0,1543.5,528.0,693.5,932.0,1067.5,1084.0,1162.5,1253.5,1314.0,2477.5,2139.5,901.5,1209.0,1488.0,1616.5,1684.5,1760.0,1874.0,1852.5,2401.5,2067.0,828.5,1103.5,1388.0,1500.0,1532.0,1603.5,1711.5,1719.0,2370.0,2063.5,829.5,1084.0,1367.5,1487.5,1504.0,1582.5,1670.0,1695.5,333.5,307.0,443.0,708.5,716.5,967.0,867.0,871.5,854.5,814.5,309.5,275.0,529.5,723.0,820.5,944.0,912.0,972.0,950.5,826.5,736.5,594.0,467.0,767.0,609.5,1101.0,1448.5,1560.5,1435.5,1396.0,1605.0,887.0,349.0,749.5,377.5,1094.5,3031.0,3389.5,3531.5,3430.0,1607.5,796.5,184.5,559.5,283.0,1041.0,3598.0,4493.0,4517.5,4627.5,1873.0,1021.5,252.0,589.5,409.5,1123.0,3101.5,3937.5,4206.5,4449.5,1778.0,932.5,215.0,551.0,364.0,1022.0,2943.0,3833.0,4062.5,4341.5,2145.0,1808.5,601.0,806.0,1063.5,1241.0,1251.0,1300.5,1420.0,1482.0,1678.0,839.0,184.5,494.5,284.5,912.5,2869.0,3767.5,3887.0,4130.5,1503.5,731.5,181.0,484.0,260.5,880.5,2967.5,3824.0,3976.0,4182.0,1543.0,739.0,250.5,638.5,281.5,1095.0,3479.0,4273.5,4345.5,4571.5,1849.0,909.5,482.5,1027.5,520.0,1658.5,3790.0,4442.0,4614.5,4790.0,1873.0,1012.0,486.0,1111.0,640.5,1812.5,3686.0,4237.0,4491.5,4536.0,2032.0,1119.0,573.0,1324.0,1057.0,2428.0,3612.0,4096.0,4284.0,4360.0,2320.0,1344.0,881.0,1666.5,1569.0,2807.0,3812.5,4149.5,4447.0,4535.5,2639.5,1630.0,881.0,1700.5,1720.5,2912.5,3646.0,4033.5,4294.5,4343.0,4128.0,2842.0,1229.0,1750.0,2590.5,3174.5,3396.0,3656.5,4061.0,4172.0,2939.0,2192.0,961.5,1337.0,1915.5,2273.5,2335.5,2555.5,2617.5,2820.5,1988.0,1666.5,461.0,708.0,939.0,1072.0,1134.0,1187.0,1312.0,1379.5,2783.0,2140.0,957.5,1288.5,1764.5,2088.5,2106.0,2295.5,2356.5,2470.5,2802.0,2141.5,1042.0,1323.5,1722.0,1992.0,2067.5,2189.5,2314.0,2399.0,2472.5,1973.5,769.0,1000.0,1328.0,1532.5,1624.0,1702.0,1836.5,1896.5,2453.5,1942.5,796.0,1054.5,1379.0,1623.5,1678.5,1821.5,1875.5,1986.0,2208.0,1492.5,620.5,776.0,1077.0,1227.5,1334.0,1419.0,1568.0,1578.5,0.0,0.0,0.0,0.0,0.0,0.0,0.0,0.0,0.0,0.0,2005.0,1769.0,518.5,725.0,942.5,1043.5,1104.5,1145.0,1271.5,1299.0,1911.0,1653.0,548.5,661.5,859.0,946.5,986.0,1047.0,1141.5,1157.0,2324.0,2039.0,648.0,847.0,1102.0,1211.5,1276.5,1379.5,1467.5,1503.0,2406.5,2086.5,667.0,845.5,1115.5,1260.0,1278.0,1403.0,1492.5,1528.0,2123.5,1807.5,609.5,750.5,953.5,1082.5,1116.0,1226.5,1295.0,1333.0,1853.0,1619.5,526.0,698.5,900.0,985.0,1031.5,1139.0,1221.5,1251.5,2257.5,1925.0,771.0,1057.0,1326.5,1425.5,1477.0,1535.5,1663.0,1693.0,"{""type"":""MultiPoint"",""coordinates"":[]}"
676_0,3,1986.5,1632.0,611.5,774.0,1020.0,1166.0,1241.5,1340.5,1388.0,1418.5,2422.5,2070.0,999.5,1260.5,1519.5,1630.5,1700.5,1748.5,1857.0,1848.0,1773.0,1515.5,603.0,822.5,1051.5,1127.5,1162.5,1229.0,1328.5,1354.5,301.5,266.5,376.0,561.0,576.0,735.5,557.0,616.0,630.5,538.5,233.0,198.0,424.5,610.5,640.5,764.5,590.5,637.0,619.0,506.0,497.5,366.5,434.5,688.0,623.0,878.5,841.5,894.0,859.5,776.5,917.5,658.5,392.5,689.0,500.5,983.5,1346.0,1459.0,1350.5,1326.0,1254.0,704.5,461.0,752.0,493.5,1008.0,1899.5,2080.5,1937.0,2055.0,1468.5,791.5,290.5,589.5,346.5,959.5,2429.0,2946.5,3019.0,3079.0,1536.5,816.0,254.0,570.5,320.0,928.0,2592.5,3403.0,3243.0,3410.0,1508.5,784.5,178.5,412.5,220.0,679.5,2640.0,3658.0,3860.5,3783.0,2232.5,1869.0,655.0,874.0,1140.5,1326.0,1368.5,1421.5,1484.0,1545.5,1621.5,836.0,208.5,459.5,244.5,767.0,2994.0,4256.5,4442.5,4394.5,1632.5,847.5,305.5,803.5,426.0,1314.0,3476.0,4521.5,4584.0,4638.0,1678.5,902.5,452.5,921.5,648.0,1522.5,3436.0,4283.5,4302.0,4452.0,2057.5,1117.5,684.0,1210.0,1047.0,2088.0,3478.5,4029.0,4268.5,4423.5,2384.5,1410.5,767.5,1299.0,1269.0,2222.0,3510.0,3941.5,4304.5,4371.0,2742.0,1678.0,843.0,1453.0,1610.0,2552.0,3423.0,3883.0,4255.0,4336.0,4325.0,2971.0,1312.0,1780.0,2424.5,2890.5,3241.0,3554.5,3898.5,4082.5,4165.0,2949.0,1276.5,1806.0,2631.0,2908.0,3190.0,3469.5,3967.5,3938.0,2371.5,1831.0,799.0,1101.0,1515.5,1705.0,1728.5,1880.5,2022.5,1979.5,2012.0,1566.5,689.5,952.0,1280.0,1441.0,1557.0,1603.0,1668.5,1770.0,2117.5,1738.0,536.0,784.0,1034.0,1206.0,1251.5,1358.5,1432.5,1457.5,2299.0,1829.0,792.5,1047.0,1376.5,1573.0,1660.0,1709.5,1769.5,1888.0,2249.5,1773.0,890.5,1092.5,1376.0,1570.5,1614.5,1706.5,1808.0,1860.5,1994.5,1596.5,627.0,790.5,1042.0,1194.0,1214.5,1300.5,1408.0,1436.0,1473.0,1239.5,453.0,553.5,732.5,799.5,855.0,945.5,985.0,981.5,1030.5,739.5,265.5,381.5,528.0,609.5,608.0,662.5,744.0,761.5,0.0,0.0,0.0,0.0,0.0,0.0,0.0,0.0,0.0,0.0,2119.5,1773.0,595.0,809.0,1067.5,1187.5,1265.5,1352.0,1436.0,1450.5,2354.5,2015.5,783.0,920.5,1143.0,1288.5,1374.0,1488.5,1543.5,1592.0,2248.0,1891.5,728.5,918.0,1189.0,1333.5,1360.0,1449.5,1549.0,1576.0,2376.0,1959.5,763.5,895.5,1152.0,1310.0,1323.0,1416.0,1514.0,1581.0,2404.5,2003.5,830.0,959.0,1184.0,1361.0,1429.5,1538.5,1624.5,1685.0,2088.0,1781.5,587.5,784.5,1017.5,1144.0,1176.0,1275.5,1363.5,1414.0,2205.0,1912.0,726.0,938.5,1183.0,1327.5,1407.0,1483.5,1549.0,1567.5,"{""type"":""MultiPoint"",""coordinates"":[]}"
677_0,3,1831.0,1505.5,521.0,666.5,890.5,1045.0,1069.0,1136.5,1188.5,1267.5,2423.0,2039.5,956.5,1253.0,1512.5,1647.5,1684.5,1765.5,1856.5,1859.0,2422.0,2040.5,895.0,1163.5,1438.0,1599.0,1579.0,1675.5,1755.5,1790.5,2341.0,1994.5,890.0,1148.5,1417.5,1553.5,1555.5,1637.0,1695.0,1744.5,311.0,230.5,594.5,789.0,898.0,1023.5,876.0,931.0,910.5,799.5,243.0,211.0,579.0,855.0,895.5,1084.0,876.0,931.0,910.5,785.5,644.0,474.5,625.5,887.0,882.0,1288.0,1339.0,1426.0,1313.0,1295.0,924.0,698.0,560.0,876.0,740.0,1288.0,1727.0,1813.5,1758.0,1687.0,1455.0,798.5,401.5,755.5,515.0,1209.5,2589.5,2877.5,2852.0,2792.0,1753.5,978.5,338.0,758.0,544.5,1316.0,2869.5,3378.5,3372.0,3579.5,1722.0,964.5,345.0,730.5,569.5,1317.5,2786.0,3351.0,3420.5,3583.0,2114.5,1784.0,601.0,799.5,1042.0,1202.5,1266.0,1336.0,1390.5,1478.5,1631.0,881.0,301.5,679.0,484.5,1238.0,2743.5,3315.5,3379.5,3509.0,1467.0,761.0,231.5,611.5,425.0,1131.0,2755.0,3352.0,3379.5,3551.0,1421.5,749.5,271.5,602.0,370.0,1034.5,2720.5,3232.5,3279.5,3438.0,1681.0,859.5,461.0,920.5,521.0,1463.0,3132.0,3632.5,3690.0,3792.5,1705.0,934.0,441.5,983.5,615.0,1606.5,3000.0,3375.5,3571.5,3607.0,1826.0,1027.0,472.0,1036.0,795.0,1856.0,2851.0,3114.0,3269.0,3397.0,2115.5,1202.5,681.5,1260.0,1153.5,2209.0,2907.0,3189.0,3368.5,3545.5,2476.5,1502.0,703.5,1253.5,1457.5,2248.5,2708.0,3034.5,3320.5,3431.0,3541.5,2430.0,931.5,1371.5,1892.5,2364.5,2704.5,2994.5,3336.0,3431.0,1910.5,1451.0,527.5,774.0,1076.5,1283.5,1345.5,1421.0,1460.0,1570.0,1939.5,1631.0,483.5,702.5,951.0,1101.0,1144.5,1242.0,1274.0,1297.5,2027.0,1579.5,556.5,807.0,1100.0,1285.0,1329.5,1425.5,1477.0,1578.0,2214.0,1783.0,779.0,982.5,1221.0,1398.0,1444.0,1544.5,1619.5,1673.5,1976.0,1644.0,589.5,757.5,987.5,1111.5,1158.0,1236.5,1332.0,1375.5,2140.5,1803.5,707.0,853.0,1061.5,1208.5,1248.0,1337.5,1389.5,1482.0,1770.0,1459.5,488.5,622.0,801.0,909.0,964.5,1032.0,1122.5,1151.0,0.0,0.0,0.0,0.0,0.0,0.0,0.0,0.0,0.0,0.0,1487.0,1081.5,433.0,578.5,761.5,912.5,901.0,977.0,1081.0,1155.5,1857.5,1496.5,605.0,741.0,916.0,1070.0,1099.0,1154.0,1228.0,1251.0,2326.0,1913.5,830.0,1063.0,1270.0,1439.5,1495.0,1550.0,1641.5,1668.5,2260.5,1882.0,815.5,1010.0,1230.0,1365.5,1412.0,1455.5,1589.5,1606.0,2089.5,1714.5,776.0,895.5,1082.0,1192.5,1250.0,1287.0,1391.5,1433.0,2078.0,1763.5,663.0,846.0,1079.0,1205.0,1248.5,1325.5,1393.0,1395.5,2222.0,1930.0,800.5,1060.0,1304.0,1436.0,1448.0,1526.0,1620.0,1621.0,"{""type"":""MultiPoint"",""coordinates"":[]}"
678_0,3,143.5,122.5,144.0,225.0,243.0,367.0,221.5,215.5,187.0,148.5,1877.0,1572.5,677.5,872.5,1037.5,1133.5,1173.0,1220.5,1303.0,1336.5,1926.0,1668.5,719.0,913.0,1088.0,1181.5,1223.0,1277.5,1330.5,1349.5,2099.0,1816.0,863.5,1089.0,1272.5,1361.0,1382.0,1463.0,1507.5,1532.0,2019.0,1789.0,972.0,1197.0,1368.0,1459.0,1459.0,1506.0,1550.0,1553.0,498.0,433.0,915.0,1071.0,1146.0,1160.0,1002.0,1038.0,1062.0,920.0,200.0,177.0,598.0,841.0,829.0,979.0,698.0,768.0,709.0,584.0,370.0,315.0,640.0,938.0,929.0,1219.0,990.0,1050.0,1049.0,901.0,368.0,314.0,409.0,666.0,551.0,1051.0,937.0,1058.0,925.0,769.0,514.5,365.0,272.0,492.5,334.0,1005.0,1607.5,1820.0,1602.5,1517.0,603.5,428.0,182.0,326.0,200.5,728.0,1520.0,1806.0,1595.0,1547.0,171.0,165.0,323.0,449.0,446.0,550.0,413.0,410.0,417.0,363.0,1083.0,581.0,156.0,302.0,172.0,620.0,2090.0,2755.0,2632.0,2639.0,1189.0,581.0,76.0,262.0,108.0,527.0,2326.0,3201.0,3207.0,3223.0,1281.0,605.0,137.0,362.0,158.0,704.0,2650.0,3598.0,3634.0,3715.0,1498.0,733.0,351.0,758.0,431.0,1207.0,3217.0,3864.0,3992.0,3960.0,1530.0,768.0,360.0,833.0,562.0,1439.0,3089.0,3533.0,3820.0,3757.0,1760.5,999.0,476.5,964.5,880.0,1785.5,2932.5,3316.5,3498.0,3547.0,2268.0,1436.0,1038.0,1453.0,1495.0,2218.0,2787.0,3078.0,3325.0,3403.0,3397.0,2421.0,1052.0,1459.5,1977.0,2314.5,2543.0,2751.0,3066.0,3127.5,3440.0,2491.0,1062.5,1462.0,2067.0,2402.5,2594.5,2808.0,3113.0,3149.0,3428.0,2336.0,1053.0,1455.0,2117.0,2437.0,2560.0,2787.0,3057.0,3105.0,155.0,132.0,364.0,511.0,489.0,556.0,307.0,343.0,280.0,214.0,3583.0,2711.0,1026.0,1420.0,2018.0,2409.0,2510.0,2731.0,2774.0,3006.0,3391.5,2568.5,979.0,1297.0,1804.0,2052.0,2147.5,2330.0,2556.0,2626.5,2848.5,2283.5,731.0,953.0,1298.0,1462.0,1556.0,1681.5,1919.5,1917.5,408.0,340.0,362.0,447.0,570.0,703.0,570.0,606.0,623.0,608.0,120.0,120.0,111.0,167.0,202.0,290.0,191.0,204.0,200.0,198.0,0.0,0.0,0.0,0.0,0.0,0.0,0.0,0.0,0.0,0.0,123.0,128.0,88.0,193.0,238.0,299.0,148.0,168.0,147.0,118.0,113.0,109.0,154.0,199.0,239.0,307.0,117.0,134.0,145.0,90.0,686.0,475.0,403.0,528.0,616.0,776.0,822.0,873.0,950.0,953.0,926.0,536.0,449.0,632.0,729.0,957.0,976.0,1068.0,1152.0,1196.0,2050.0,1367.0,716.0,961.0,1116.0,1339.0,1375.0,1493.0,1602.0,1614.0,3623.0,2930.0,1506.0,1790.0,2086.0,2239.0,2302.0,2405.0,2653.0,2560.0,3871.5,3198.0,1638.0,1938.0,2241.5,2406.5,2479.5,2579.5,2783.0,2786.5,"{""type"":""MultiPoint"",""coordinates"":[]}"
679_0,3,2224.0,1965.0,873.0,980.5,1177.5,1311.5,1395.5,1471.5,1526.0,1608.0,2623.0,2434.0,798.0,1141.0,1520.0,1662.0,1716.0,1791.0,1923.0,1927.0,2310.0,2105.0,567.0,850.0,1229.0,1360.0,1377.0,1486.0,1607.0,1624.0,227.5,229.0,343.0,433.0,429.5,494.5,257.0,274.5,264.5,177.0,214.0,209.5,302.5,445.0,442.0,565.0,318.0,390.0,322.0,265.0,271.5,246.0,257.0,437.0,413.5,598.5,535.5,592.0,531.5,480.0,662.0,590.0,311.0,522.0,434.0,825.0,1008.0,1045.0,979.0,1030.0,791.0,546.0,296.0,506.0,420.0,761.0,1305.0,1551.0,1561.0,1437.0,1160.0,670.0,165.0,345.0,132.0,574.0,1829.0,2349.0,2270.0,2260.0,1225.5,601.5,68.0,231.0,40.0,441.5,2222.5,3368.0,3342.0,3428.0,1252.0,587.5,61.0,228.0,31.5,422.0,2420.5,3799.0,3818.0,3853.0,2519.5,2206.5,1299.0,1409.0,1614.5,1773.0,1743.0,1820.5,1892.0,1898.0,1321.0,623.0,59.5,247.0,28.5,504.5,2697.0,4159.5,4195.0,4288.5,1445.0,688.5,197.5,696.0,265.0,1171.5,3441.0,4515.0,4672.0,4754.0,1557.0,770.0,532.0,911.0,651.0,1415.0,3470.0,4328.0,4383.0,4614.0,1673.0,928.0,704.0,1139.0,1010.0,1843.0,3180.0,3707.0,3904.0,3995.0,1840.0,1053.0,652.0,1156.0,1072.0,1953.0,2984.0,3368.0,3685.0,3704.0,3026.0,1914.0,732.0,1233.0,1433.0,2211.0,2984.0,3304.0,3547.0,3704.0,4661.0,3351.5,1237.5,1700.5,2470.5,2882.5,3121.5,3434.0,3821.0,3958.5,4426.0,3291.0,1165.0,1590.0,2385.0,2767.0,3013.0,3238.0,3541.0,3510.0,4005.0,2937.0,1106.0,1485.0,2151.0,2472.0,2696.0,2917.0,3348.0,3333.0,3403.0,2580.0,1107.0,1351.0,1761.5,2063.0,2256.5,2461.5,2643.0,2741.0,2227.0,2012.0,574.0,730.0,1008.0,1125.0,1179.0,1289.0,1426.0,1429.0,3346.5,2740.5,760.0,1038.0,1395.5,1641.5,1825.5,1982.0,2102.0,2240.0,2901.5,2549.5,1143.5,1252.5,1434.0,1619.5,1732.5,1820.5,1870.5,2022.5,2571.5,2260.0,628.5,746.0,968.5,1155.0,1282.0,1385.5,1525.5,1575.0,2752.0,2566.0,707.0,795.0,1000.0,1194.0,1311.0,1433.0,1518.5,1605.0,2334.5,1962.0,471.5,635.5,886.0,1046.5,1181.0,1276.0,1431.5,1474.5,0.0,0.0,0.0,0.0,0.0,0.0,0.0,0.0,0.0,0.0,1947.0,1645.0,372.0,559.0,850.0,991.0,1037.0,1146.0,1265.0,1278.0,2267.0,1997.0,565.0,702.0,977.0,1172.0,1194.0,1349.0,1383.0,1468.0,2415.0,2091.0,577.0,801.0,1091.0,1294.0,1400.0,1473.0,1592.0,1650.0,2357.5,2038.0,676.0,847.5,1124.0,1277.0,1411.0,1502.5,1669.5,1677.5,2178.0,1999.0,620.0,795.0,1074.0,1193.0,1298.0,1392.0,1497.0,1583.0,2178.0,1999.0,589.0,792.0,1074.0,1193.0,1263.0,1366.0,1487.0,1479.0,2242.5,2074.5,610.5,866.0,1179.5,1296.5,1356.5,1459.0,1561.5,1569.0,"{""type"":""MultiPoint"",""coordinates"":[]}"
680_0,3,2183.0,1767.5,661.0,817.5,1106.5,1297.5,1329.5,1454.0,1544.5,1603.0,2380.5,1944.0,716.5,931.0,1164.5,1402.5,1541.5,1647.0,1742.5,1774.0,2337.0,2013.5,741.0,1002.0,1328.5,1472.5,1512.0,1594.0,1675.5,1705.0,2584.0,2268.0,880.5,1171.5,1527.5,1700.5,1726.5,1832.0,1907.5,1924.5,1311.0,1199.0,760.0,993.0,1314.0,1396.0,1495.0,1538.0,1638.0,1611.0,516.0,457.0,747.0,915.0,955.0,1129.0,973.0,1063.0,1055.0,1008.0,478.0,378.0,455.0,671.0,624.0,874.0,927.0,986.0,992.0,888.0,704.0,533.0,497.0,709.0,578.0,911.0,1225.0,1336.0,1228.0,1179.0,1352.0,889.0,359.0,672.0,398.0,911.0,2288.0,2596.0,2533.0,2561.0,1912.0,975.5,189.5,526.5,192.5,877.5,3266.0,4333.0,4275.0,4475.0,1879.0,917.5,110.5,409.0,128.0,775.0,3352.0,4868.0,4901.5,5001.0,2440.0,2050.0,736.0,923.0,1203.0,1398.0,1463.0,1573.0,1661.0,1747.0,1859.0,910.0,153.0,445.0,162.0,781.0,3374.0,4967.0,5054.0,5279.0,1722.0,842.0,93.0,409.0,176.0,816.0,3409.0,5119.0,5184.0,5325.0,1720.0,842.0,213.0,582.0,318.0,1070.0,3525.0,4987.0,5095.0,5492.0,1830.0,884.0,382.0,788.0,502.0,1461.0,3685.0,4745.0,4998.0,5144.0,1915.0,1034.0,411.5,872.0,604.0,1589.0,3563.5,4388.0,4784.5,4830.0,2117.5,1200.5,478.0,999.0,896.0,1889.0,3427.5,4007.5,4388.5,4506.0,2481.0,1423.5,783.5,1288.5,1292.0,2237.5,3463.0,3917.0,4346.5,4421.5,2953.0,2041.0,905.0,1397.0,1706.0,2463.0,3363.0,3588.0,3848.0,4291.0,4077.0,2874.0,1112.0,1566.0,2249.0,2872.0,3101.0,3528.0,3772.0,3896.0,4077.0,2841.0,1199.5,1677.0,2448.0,2903.5,3068.5,3382.5,3574.0,3687.5,2429.0,2020.0,692.5,875.5,1204.5,1385.5,1429.5,1531.0,1696.0,1721.0,3862.5,2753.5,1112.5,1545.5,2181.0,2482.5,2670.0,2895.0,3185.5,3252.5,3540.5,2585.5,1068.0,1399.5,1897.5,2260.5,2401.0,2596.0,2824.0,2887.5,3146.5,2437.0,819.0,1068.0,1428.0,1675.5,1762.0,1981.0,2156.0,2133.5,3257.5,2587.5,875.0,1082.0,1440.0,1650.0,1721.0,1907.0,2156.0,2129.0,1841.0,1332.0,436.0,598.0,842.0,1004.0,1054.0,1180.0,1274.0,1323.0,0.0,0.0,0.0,0.0,0.0,0.0,0.0,0.0,0.0,0.0,1891.0,1495.0,556.0,714.0,934.0,1095.0,1145.0,1216.0,1339.0,1385.0,2125.0,1727.0,607.0,725.0,927.0,1089.0,1159.0,1260.0,1338.0,1406.0,2488.0,2044.0,705.0,894.0,1148.0,1355.0,1482.0,1596.0,1698.0,1757.0,2661.0,2204.0,974.0,1176.0,1301.0,1512.0,1716.0,1783.0,2019.0,1972.0,2202.5,1750.5,630.5,781.0,976.5,1151.0,1332.5,1409.5,1532.0,1602.0,2472.0,2044.5,785.5,938.5,1111.5,1326.5,1620.0,1803.5,1856.5,1906.5,2427.5,1912.0,777.0,951.5,1108.0,1354.5,1719.5,1899.5,2020.0,2030.0,"{""type"":""MultiPoint"",""coordinates"":[]}"
681_0,3,2001.0,1675.5,582.0,744.0,990.0,1154.0,1192.5,1250.0,1356.0,1382.5,2499.5,2120.5,992.0,1268.0,1549.0,1701.5,1723.0,1789.5,1884.5,1885.5,2043.5,1709.5,710.5,950.0,1216.0,1320.0,1326.0,1418.0,1503.5,1517.5,749.0,591.5,515.5,722.0,822.5,934.5,854.0,922.0,917.5,881.0,186.0,172.0,437.0,627.5,665.0,809.0,652.5,697.0,657.0,613.0,322.0,288.0,453.5,723.5,699.0,967.5,819.5,870.5,859.0,740.0,763.5,549.0,373.5,707.0,550.0,1007.5,1130.0,1320.0,1141.0,1059.5,1047.5,661.0,463.5,729.0,508.5,1030.5,1571.5,1694.5,1569.0,1569.5,1479.0,759.0,279.0,555.5,319.0,902.5,2511.0,2986.0,2922.0,2972.5,1615.5,835.0,252.5,589.5,324.5,975.5,2787.5,3564.0,3599.5,3622.5,1590.0,816.5,190.5,460.0,254.5,805.5,2790.0,3851.0,4036.5,4061.5,2312.5,1959.0,616.0,851.5,1121.5,1282.0,1337.0,1440.5,1454.0,1531.5,1698.5,854.5,220.5,518.5,282.0,903.0,3148.5,4446.0,4560.0,4528.0,1686.0,849.0,295.5,826.0,436.5,1444.5,3609.5,4527.5,4665.5,4757.0,1756.5,915.5,443.5,940.0,648.5,1618.5,3554.0,4209.5,4280.5,4499.0,2028.5,1108.5,648.0,1163.5,1064.5,2126.5,3443.0,3907.5,4074.5,4200.0,2339.5,1391.0,745.0,1304.5,1337.0,2397.5,3333.0,3730.0,4023.0,4106.5,2640.0,1654.0,818.0,1359.0,1521.0,2423.0,3218.0,3585.0,3865.0,3925.0,4073.0,2770.5,1180.5,1593.5,2225.5,2693.5,2988.0,3257.0,3508.0,3680.5,3903.5,2777.0,1086.0,1574.5,2242.0,2673.5,2980.0,3213.5,3513.0,3605.0,2363.5,1857.0,750.5,1043.0,1428.0,1580.5,1715.5,1760.5,1960.5,1956.0,2047.0,1580.5,662.0,924.5,1273.5,1471.0,1456.0,1606.0,1660.0,1713.5,2164.0,1815.5,515.0,761.5,1031.0,1201.5,1232.0,1330.0,1434.0,1462.5,2317.5,1844.0,776.0,1038.5,1390.5,1602.0,1616.5,1736.5,1787.0,1858.5,2244.5,1777.5,868.0,1079.5,1387.5,1554.0,1666.0,1688.5,1807.0,1846.0,1981.5,1644.5,625.0,797.0,1032.5,1135.5,1223.0,1299.5,1410.0,1422.0,1662.0,1403.0,479.5,631.5,823.5,936.0,957.0,1040.5,1085.0,1122.5,743.0,502.0,292.5,389.0,509.0,591.0,612.0,624.0,681.5,672.5,0.0,0.0,0.0,0.0,0.0,0.0,0.0,0.0,0.0,0.0,1684.5,1328.0,456.0,605.5,835.0,983.0,971.5,1092.5,1175.0,1201.0,2341.5,2030.5,887.0,1031.5,1196.0,1330.5,1403.5,1525.0,1643.5,1690.0,2279.0,1920.0,753.0,965.5,1197.5,1338.5,1385.5,1438.0,1564.0,1585.0,2316.5,1953.5,712.0,862.0,1116.5,1254.0,1263.0,1328.0,1423.0,1462.5,2352.5,1948.5,810.0,954.5,1194.0,1332.0,1380.0,1447.5,1540.5,1582.5,2186.5,1886.0,624.5,815.0,1073.5,1238.0,1254.5,1319.5,1422.0,1451.5,2279.0,1944.5,767.0,1020.5,1252.0,1420.5,1445.5,1513.0,1607.5,1639.5,"{""type"":""MultiPoint"",""coordinates"":[]}"
682_0,3,1841.5,1551.0,544.0,703.5,968.5,1071.0,1122.0,1187.0,1354.0,1306.5,2310.5,2021.5,921.0,1198.5,1453.0,1574.5,1625.0,1687.0,1786.0,1769.0,2393.0,2075.5,909.5,1152.5,1424.5,1550.0,1604.5,1686.5,1779.5,1782.0,2290.0,2019.5,903.0,1134.0,1385.0,1514.5,1555.0,1633.0,1712.0,1728.0,238.0,164.0,586.5,771.0,835.0,973.5,883.5,937.0,977.0,872.5,335.0,253.5,586.5,771.0,835.0,979.5,926.0,1003.5,983.5,917.5,694.5,476.0,529.5,752.0,686.0,1129.5,1575.0,1651.5,1536.5,1510.0,1073.5,683.5,433.0,731.0,532.0,1130.0,2014.5,2157.0,1996.5,2055.0,1318.0,694.5,300.0,588.0,374.0,1064.5,2771.5,3358.0,3288.0,3378.0,1605.0,846.5,261.5,586.5,421.5,1129.5,2921.0,3569.0,3711.0,3756.0,1609.0,816.5,246.5,505.0,371.0,918.0,2934.0,3764.5,3984.5,4050.0,2120.5,1788.0,612.0,826.5,1105.5,1221.0,1256.0,1353.5,1472.5,1499.0,1647.0,829.5,251.0,544.0,392.0,1025.0,3078.5,3994.0,4111.5,4277.0,1724.0,868.0,246.5,603.5,436.0,1147.5,3331.5,4284.0,4408.5,4551.5,1785.5,901.5,363.0,769.0,534.0,1381.5,3466.0,4305.0,4367.5,4596.5,1830.5,999.0,527.0,917.5,767.0,1753.0,3385.0,3873.5,4057.5,4178.0,1969.5,1128.5,531.0,975.5,929.0,1844.5,3075.0,3521.5,3852.5,3910.0,2291.0,1384.0,557.0,1003.0,1195.0,1997.0,2856.0,3206.0,3480.0,3614.0,3240.5,2106.0,1008.5,1404.0,1765.5,2367.0,2948.0,3299.5,3643.0,3691.5,3909.0,2681.0,1015.0,1469.0,2109.0,2538.0,2862.0,3140.0,3568.0,3577.5,3432.0,2489.5,852.5,1269.5,1852.5,2204.0,2383.5,2620.0,2857.5,2960.0,2461.0,1923.0,758.5,1051.0,1456.0,1747.5,1740.5,1914.5,1971.0,2069.5,1914.0,1605.0,513.0,717.0,989.0,1070.0,1128.0,1220.0,1379.0,1372.0,2524.0,1966.5,811.0,1092.5,1514.0,1754.0,1785.0,1948.0,2040.0,2129.5,2490.0,1940.5,912.0,1139.5,1507.0,1690.5,1767.5,1919.0,2016.5,2088.5,2230.5,1793.5,708.5,889.0,1183.5,1325.5,1393.5,1517.5,1653.0,1652.5,2430.0,1984.0,778.5,968.5,1269.5,1436.0,1501.5,1578.0,1718.5,1771.5,1925.5,1475.0,532.0,693.0,958.0,1077.0,1135.5,1199.0,1354.5,1368.5,0.0,0.0,0.0,0.0,0.0,0.0,0.0,0.0,0.0,0.0,1748.5,1414.5,500.0,669.5,891.0,1008.5,1032.5,1078.0,1239.5,1229.0,1882.5,1602.0,642.0,759.0,938.5,1024.5,1067.5,1130.5,1241.5,1243.0,2406.5,2072.0,832.0,1027.5,1275.0,1402.5,1446.5,1523.0,1642.5,1627.5,2307.0,1954.0,815.0,991.0,1225.0,1319.5,1369.5,1446.5,1597.0,1575.5,2089.0,1731.5,732.0,822.5,1058.0,1136.0,1132.0,1208.0,1342.0,1352.5,1978.0,1744.0,665.5,826.0,1025.0,1129.5,1149.5,1247.5,1398.5,1370.5,1978.0,1758.0,656.5,854.5,1077.5,1163.5,1178.0,1278.0,1398.5,1375.5,"{""type"":""MultiPoint"",""coordinates"":[]}"
683_0,3,1697.5,1447.0,509.0,628.5,832.5,933.5,986.0,1030.5,1129.0,1142.0,2403.5,2063.0,966.0,1243.0,1499.5,1611.5,1664.0,1724.5,1824.0,1818.5,2169.0,1834.5,727.5,987.0,1242.0,1340.0,1355.5,1444.0,1532.5,1532.5,175.0,142.5,389.5,615.5,649.0,806.5,602.5,679.5,666.5,584.0,201.0,150.5,604.0,815.0,822.0,1007.0,921.0,965.5,996.5,847.5,407.5,325.5,623.5,852.0,823.0,1115.5,1082.0,1164.5,1099.0,1003.5,683.0,452.0,388.5,647.0,534.5,981.5,1219.5,1326.0,1224.0,1207.0,1127.5,704.0,415.5,702.0,484.5,989.0,1930.0,2239.0,2236.5,2161.5,1581.5,804.5,253.5,538.5,263.5,881.5,2823.0,3618.5,3810.0,3789.0,1595.0,791.0,201.0,517.5,274.5,874.0,2866.0,3859.5,4067.5,4082.5,1526.0,736.0,155.0,381.5,217.5,726.5,2751.0,3901.0,4106.5,4138.5,1972.0,1676.5,550.5,744.0,961.0,1092.0,1118.5,1190.0,1273.5,1304.5,1595.5,763.0,196.0,442.5,247.5,820.5,2942.0,4223.5,4363.0,4495.0,1639.5,784.0,302.0,807.5,430.5,1442.5,3556.0,4537.5,4699.0,4731.5,1728.5,874.5,460.5,958.5,686.5,1646.5,3495.0,4171.5,4315.5,4489.0,2004.0,1086.0,657.5,1149.0,1064.0,2019.0,3193.0,3614.5,3891.5,3990.0,2362.5,1415.0,756.0,1273.0,1382.0,2228.0,3109.0,3476.5,3832.5,3877.0,2814.0,1783.0,864.0,1409.0,1708.0,2447.0,3126.0,3479.0,3769.0,3828.0,4127.0,2808.0,1097.0,1534.0,2093.5,2597.5,2881.5,3213.0,3476.0,3647.0,4024.0,2691.0,1031.0,1484.5,2281.0,2589.0,2889.5,3229.5,3569.0,3553.5,3484.0,2616.5,984.5,1460.5,2042.5,2361.0,2513.0,2716.0,3159.0,3161.0,2164.5,1641.5,730.0,1027.0,1404.5,1598.5,1646.5,1736.0,1854.5,1880.5,1834.0,1585.0,458.0,667.5,895.0,995.5,1064.5,1121.0,1222.5,1234.0,2474.5,1944.0,845.5,1140.0,1556.5,1742.5,1822.5,1914.0,2012.0,2076.5,2383.5,1881.0,920.5,1150.0,1501.0,1671.0,1748.5,1836.5,1966.5,1981.5,2058.0,1709.0,659.0,829.0,1094.5,1235.0,1262.0,1358.5,1453.5,1508.5,1829.0,1462.5,555.0,801.5,1052.0,1187.5,1212.5,1309.0,1409.5,1393.5,1416.0,1210.0,364.5,485.0,672.0,756.5,798.0,848.0,953.0,935.0,0.0,0.0,0.0,0.0,0.0,0.0,0.0,0.0,0.0,0.0,1515.5,1168.5,395.5,545.0,734.5,849.5,902.0,944.0,1032.0,1023.5,1751.0,1542.5,560.5,688.0,846.5,967.0,995.5,1072.0,1139.5,1148.5,2126.5,1822.5,685.5,875.0,1108.5,1191.0,1268.5,1331.5,1427.5,1492.0,2138.0,1836.5,755.5,904.0,1123.0,1208.5,1239.5,1276.5,1467.0,1414.0,2051.5,1719.5,720.0,841.0,1042.5,1131.5,1178.0,1225.0,1346.5,1351.0,2065.0,1787.5,639.0,856.0,1064.5,1189.5,1207.0,1300.5,1392.5,1405.0,2191.5,1893.0,783.5,993.0,1219.0,1364.5,1391.0,1491.5,1551.0,1565.5,"{""type"":""MultiPoint"",""coordinates"":[]}"
684_0,3,1741.5,1462.0,560.0,693.0,908.5,1028.0,1052.5,1119.0,1207.5,1251.0,2368.5,2027.0,944.5,1220.5,1465.5,1584.5,1637.5,1710.0,1804.5,1813.0,2036.5,1696.0,690.5,924.0,1177.0,1275.5,1271.0,1346.5,1454.5,1490.5,371.5,332.0,458.0,625.5,717.5,820.0,809.5,856.0,865.0,860.0,298.0,188.0,531.5,746.0,794.0,1009.5,966.0,1035.5,1031.5,1010.5,450.5,296.0,608.5,829.0,852.5,1105.5,1232.0,1329.0,1340.5,1306.0,812.0,496.0,553.5,824.0,767.5,1141.5,1670.5,1710.5,1661.5,1674.5,1368.5,699.5,500.0,798.5,608.0,1138.0,2365.0,2550.5,2538.0,2589.0,1480.5,775.0,353.0,673.0,404.5,1045.5,2714.0,3244.5,3349.0,3298.5,1545.5,783.5,242.5,580.5,334.0,1000.0,2834.0,3578.0,3707.0,3744.0,1532.5,774.0,205.0,445.0,279.0,845.0,2704.5,3618.5,3822.5,3871.5,2001.0,1710.0,596.5,788.0,1028.5,1131.5,1185.0,1270.0,1325.5,1343.5,1608.0,796.5,233.0,501.5,284.0,896.5,2913.5,3953.0,4058.5,4202.5,1560.5,788.5,267.0,753.5,402.0,1302.0,3382.0,4227.5,4411.0,4423.5,1605.0,817.5,413.0,867.0,630.5,1513.0,3345.0,3872.0,4041.5,4203.0,1832.5,1007.0,604.5,1053.0,996.0,1891.5,3053.0,3491.5,3768.5,3857.0,2098.0,1245.5,662.0,1129.0,1228.0,2010.5,2922.0,3240.0,3593.0,3633.0,2437.0,1480.0,695.0,1172.0,1395.0,2127.0,2888.0,3243.0,3516.0,3628.0,4146.0,2831.5,1159.5,1648.0,2147.0,2669.0,2998.5,3272.0,3643.0,3762.5,4021.0,2725.5,1101.0,1574.5,2302.0,2707.5,3035.5,3202.5,3674.0,3807.0,3448.0,2594.0,1057.5,1455.5,1990.0,2254.0,2528.0,2753.0,3151.5,3052.5,1946.5,1497.0,627.0,886.5,1231.0,1374.5,1434.0,1524.0,1610.0,1641.5,1885.5,1592.0,491.0,713.0,953.5,1042.0,1071.0,1156.5,1283.5,1313.0,2241.5,1779.5,761.5,1007.0,1367.0,1533.0,1612.0,1710.0,1778.5,1825.5,2199.5,1724.0,862.0,1065.0,1364.5,1517.5,1588.5,1664.0,1784.0,1802.0,1925.0,1593.5,626.0,764.5,1002.0,1145.5,1157.0,1252.5,1342.0,1380.5,1530.0,1316.0,466.5,653.5,870.0,953.5,1006.5,1047.0,1163.5,1133.0,1271.5,1114.0,337.0,453.5,597.5,687.5,713.0,790.5,824.5,831.5,0.0,0.0,0.0,0.0,0.0,0.0,0.0,0.0,0.0,0.0,1699.5,1418.0,458.0,616.5,851.0,961.5,994.5,1068.5,1149.5,1180.5,1799.0,1563.5,579.0,709.5,881.0,952.0,990.5,1074.0,1161.0,1166.0,1997.0,1702.0,646.5,825.0,1040.5,1156.5,1207.0,1251.0,1369.5,1351.0,2033.0,1715.5,642.5,773.5,993.5,1086.5,1123.0,1180.5,1279.5,1281.0,2105.0,1799.5,750.5,843.0,1051.5,1153.5,1216.5,1308.5,1359.0,1395.0,2023.5,1723.0,627.5,828.5,1047.5,1143.5,1176.0,1265.0,1341.0,1347.0,2131.5,1838.5,760.0,955.0,1191.5,1296.0,1371.5,1461.5,1515.5,1525.0,"{""type"":""MultiPoint"",""coordinates"":[]}"
685_0,3,2054.0,1680.0,592.5,746.5,1004.5,1149.5,1181.0,1245.0,1366.0,1403.0,2358.0,2035.5,872.0,1130.5,1401.5,1523.0,1553.0,1621.0,1693.0,1721.5,2427.5,2096.5,846.5,1084.5,1379.0,1519.0,1534.0,1625.0,1707.0,1726.5,2083.0,1830.0,778.0,1027.0,1290.0,1405.0,1442.0,1497.0,1565.5,1574.5,340.0,223.0,616.0,773.0,841.0,1025.0,996.0,1046.0,1100.0,999.0,483.0,354.0,600.0,773.0,841.0,1025.0,1079.0,1097.0,1154.0,1122.0,771.0,594.0,519.0,752.0,645.0,1077.0,1479.0,1589.0,1465.0,1425.0,1276.0,691.0,381.0,707.0,420.0,1077.0,2741.0,3089.0,3056.0,2988.0,1356.0,662.0,233.0,500.0,306.0,1025.0,3198.0,4010.0,4127.0,4328.0,1724.5,944.0,247.0,600.0,509.0,1179.0,2858.0,3497.0,3837.5,3985.5,1861.0,989.5,211.5,498.5,399.5,998.0,2717.0,3578.5,3767.0,3953.0,2301.0,1897.0,683.0,855.0,1127.0,1293.0,1303.0,1387.0,1511.0,1576.0,1844.0,938.0,241.0,505.0,358.0,908.0,2934.0,3649.0,3729.0,4037.0,1770.0,901.0,162.0,569.0,295.0,1072.0,3107.0,3970.0,4238.0,4320.0,1833.0,918.0,305.0,777.0,483.0,1416.0,3468.0,4150.0,4238.0,4440.0,1965.0,1062.0,499.0,1031.0,812.0,1902.0,3439.0,3962.0,4118.0,4308.0,2105.5,1180.0,561.0,1132.5,994.0,1986.5,3171.5,3547.0,3900.5,3904.5,2407.0,1421.5,619.5,1140.0,1226.0,2061.0,2960.5,3306.0,3605.0,3770.5,3175.5,2048.0,918.0,1313.0,1562.5,2251.0,2835.0,3183.5,3493.0,3672.0,3853.0,2615.0,945.5,1322.0,1889.5,2343.0,2689.5,2925.0,3433.5,3433.5,3689.0,2634.5,902.0,1357.0,1964.5,2342.5,2630.0,2832.5,3339.0,3359.5,2652.0,2029.0,836.0,1139.0,1652.0,1939.0,2007.0,2184.0,2268.0,2378.0,2242.0,1885.5,632.0,811.5,1099.0,1216.5,1264.5,1339.0,1505.5,1488.0,2716.0,2073.0,867.0,1165.5,1667.5,1927.0,2013.0,2176.0,2310.5,2383.0,2706.0,2046.0,1013.5,1259.0,1686.0,1905.5,1995.5,2121.5,2313.0,2339.0,2403.0,1884.5,707.0,923.5,1265.0,1409.0,1503.0,1605.0,1768.5,1805.0,2494.0,1997.0,769.0,941.5,1265.0,1447.5,1502.0,1637.5,1758.5,1809.5,2122.0,1422.0,615.0,749.0,1058.0,1194.0,1249.0,1314.0,1500.0,1499.0,0.0,0.0,0.0,0.0,0.0,0.0,0.0,0.0,0.0,0.0,1985.0,1675.0,557.0,716.0,932.0,1043.0,1074.0,1096.0,1253.0,1264.0,2021.0,1746.0,604.0,688.0,887.0,978.0,975.0,1040.0,1156.0,1158.0,2216.5,1895.0,672.5,842.5,1072.0,1180.0,1215.5,1300.5,1410.5,1411.5,2261.0,1876.0,629.0,745.0,987.0,1111.0,1089.0,1137.0,1257.0,1276.0,2333.0,1930.5,728.5,826.0,1052.0,1173.0,1174.0,1249.0,1375.0,1391.5,2061.0,1766.0,596.0,773.0,993.0,1115.0,1164.0,1237.0,1337.0,1348.0,2149.0,1903.0,711.0,845.0,1065.0,1202.0,1257.0,1318.0,1430.0,1424.0,"{""type"":""MultiPoint"",""coordinates"":[]}"
686_0,3,1726.0,1441.5,603.0,731.5,938.5,1079.0,1073.0,1149.0,1212.5,1249.5,2330.5,2000.5,902.5,1141.5,1390.0,1510.5,1529.0,1598.0,1708.5,1698.5,2429.5,2103.0,859.5,1074.5,1336.5,1458.5,1469.5,1536.0,1637.5,1647.0,763.5,707.5,542.5,737.0,784.5,943.0,781.5,869.5,838.0,873.5,637.5,546.5,484.0,645.5,705.0,844.5,701.0,750.0,707.5,663.5,648.0,554.0,592.0,793.0,799.5,984.5,939.5,995.5,1003.0,945.5,981.5,824.0,507.0,811.0,633.5,1114.0,1411.5,1532.5,1534.5,1407.0,1340.0,826.5,407.0,826.5,474.5,1195.0,2430.5,2731.5,2730.0,2668.5,1425.0,847.5,331.5,689.5,461.0,1155.5,2585.0,3087.0,3249.0,3169.0,1568.5,968.0,315.0,637.0,575.0,1196.0,2257.5,2699.0,2975.0,3099.5,1860.0,1138.0,319.5,587.5,581.0,1080.5,2361.5,2970.5,3278.5,3322.0,1995.5,1676.5,655.0,832.5,1059.0,1182.0,1218.0,1301.0,1322.0,1411.0,2034.0,1180.5,341.0,661.0,555.5,1112.0,2724.5,3543.5,3615.5,3748.0,1946.5,1124.0,343.0,764.0,563.0,1268.0,2847.0,3605.5,3812.0,3971.0,1974.0,1212.5,462.5,867.0,712.5,1442.0,2864.5,3551.0,3690.5,3913.5,2264.0,1377.0,677.5,1109.0,1061.0,1829.0,2853.5,3341.5,3570.5,3689.5,2520.0,1591.5,744.5,1161.0,1349.0,1948.0,2695.0,3119.5,3496.5,3504.5,2966.0,1950.0,891.0,1317.0,1832.0,2341.0,2704.0,3133.0,3415.0,3545.0,3964.5,2711.5,1188.5,1685.5,2375.0,2811.5,3085.5,3488.0,3834.5,3862.5,3936.5,2783.0,1096.0,1559.0,2329.0,2760.5,3018.0,3369.0,3718.5,3783.0,3196.5,2449.0,1029.5,1374.0,1875.0,2137.5,2408.5,2572.5,2914.5,2914.0,2004.0,1551.5,664.0,888.0,1253.0,1434.5,1453.0,1565.5,1678.0,1698.0,1850.0,1548.5,567.0,722.0,960.0,1085.0,1130.0,1160.0,1286.5,1315.5,2301.5,1823.0,769.5,1014.0,1360.0,1557.0,1547.0,1641.0,1816.5,1809.0,2237.5,1792.0,878.0,1073.5,1329.5,1481.0,1523.5,1581.0,1727.0,1746.5,1988.5,1658.5,641.5,818.5,1060.5,1164.0,1198.0,1274.0,1427.0,1395.0,1613.0,1377.0,513.5,632.0,819.0,896.0,923.0,977.5,1093.5,1073.0,1191.5,1023.0,320.0,398.0,550.0,613.5,639.5,648.0,773.5,724.5,0.0,0.0,0.0,0.0,0.0,0.0,0.0,0.0,0.0,0.0,2129.0,1838.5,633.5,840.0,1079.0,1194.0,1216.0,1216.5,1385.0,1377.0,3012.5,2564.0,1512.0,1667.5,1786.5,1965.0,2148.5,2184.5,2401.0,2220.0,2174.0,1863.0,746.0,922.5,1135.0,1258.0,1294.5,1363.5,1475.0,1487.5,2160.0,1804.5,709.5,836.5,1021.5,1167.0,1169.0,1250.0,1366.0,1397.5,2160.0,1804.5,709.5,836.5,1021.5,1167.0,1203.0,1250.0,1366.0,1397.5,2040.0,1731.5,642.0,811.5,1001.0,1131.5,1202.5,1286.0,1395.5,1397.5,2158.0,1915.0,683.5,864.0,1093.5,1208.5,1246.0,1326.0,1446.5,1433.0,"{""type"":""MultiPoint"",""coordinates"":[]}"
687_0,3,2423.5,2349.5,521.5,664.5,862.5,945.5,971.0,1040.5,1145.5,1178.0,3113.5,2999.0,840.5,1065.5,1284.5,1371.5,1430.5,1535.0,1660.5,1686.0,3447.0,3228.0,816.0,1077.0,1342.0,1448.0,1491.0,1572.0,1729.0,1764.0,3363.0,3292.0,1058.0,1245.0,1446.0,1533.0,1571.0,1690.0,1780.0,1834.0,3363.0,3292.0,1058.0,1245.0,1446.0,1533.0,1571.0,1690.0,1780.0,1834.0,3445.0,3354.0,1073.0,1289.0,1502.0,1597.0,1570.0,1683.0,1752.0,1829.0,3445.0,3354.0,1073.0,1289.0,1502.0,1597.0,1577.0,1683.0,1866.0,1880.0,3550.0,3474.0,949.0,1206.0,1463.0,1565.0,1544.0,1625.0,1750.0,1823.0,3570.0,3382.0,1178.0,1287.0,1533.0,1608.0,1618.0,1711.0,1849.0,1869.0,3585.0,3382.0,1060.0,1266.0,1510.0,1651.0,1631.0,1770.0,1774.0,1902.0,3502.0,3337.0,1039.0,1244.0,1464.0,1584.0,1604.0,1696.0,1747.0,1883.0,2565.5,2481.0,550.5,725.5,924.5,1022.0,1032.0,1120.0,1202.5,1240.5,3073.0,2797.0,931.0,1044.0,1219.0,1330.0,1328.0,1402.0,1434.0,1580.0,3409.0,3023.0,956.0,1149.0,1343.0,1491.0,1602.0,1712.0,1819.0,1861.0,3064.0,2499.0,956.0,1149.0,1141.0,1491.0,1642.0,1790.0,1819.0,1894.0,2697.0,1799.0,728.0,1042.0,856.0,1456.0,3362.0,3644.0,3761.0,3759.0,1966.0,866.0,728.0,962.0,594.0,1309.0,4582.0,5242.0,5409.0,5306.0,1963.0,833.0,700.5,920.0,551.5,1277.5,4792.5,5659.0,5751.5,5829.5,0.0,0.0,0.0,0.0,0.0,0.0,0.0,0.0,0.0,0.0,1575.0,627.5,486.5,632.0,391.5,921.0,4557.0,5913.5,6101.5,6049.0,1479.0,595.0,391.0,534.0,316.0,848.0,4516.0,5861.0,6052.0,5990.0,1379.0,567.0,336.0,523.0,300.0,834.0,4384.0,5678.0,5772.0,5723.0,5546.0,4436.0,5882.0,6016.0,6275.0,6607.0,6751.0,6826.0,6339.0,6926.0,2120.0,1770.0,441.0,661.0,661.0,935.0,1325.0,1401.0,1515.0,1537.0,2448.0,2182.0,523.0,671.0,872.0,994.0,1142.0,1212.0,1356.0,1439.0,2541.0,2348.0,483.0,686.0,904.0,994.0,1019.0,1177.0,1326.0,1350.0,2534.5,2422.0,604.0,741.5,905.0,1003.0,1063.0,1145.0,1267.5,1301.5,1963.0,1705.5,370.0,495.5,670.0,736.5,774.5,843.0,937.0,978.0,1634.0,1274.0,336.0,423.0,581.0,646.0,647.0,721.0,822.0,853.0,3884.5,3715.0,1055.0,1421.0,1730.5,1910.5,1926.0,2053.0,2183.5,2212.0,3997.0,3918.5,1160.5,1519.5,1840.0,1977.5,1994.5,2128.5,2288.5,2295.0,3996.0,3898.0,1169.0,1564.0,1899.0,2005.0,2067.0,2170.0,2369.0,2357.0,4055.0,4047.0,1257.0,1620.0,1976.0,2056.0,2142.0,2257.0,2430.0,2381.0,2786.0,2735.0,654.0,828.0,1028.0,1126.0,1174.0,1306.0,1395.0,1420.0,2892.0,2778.0,654.0,855.0,1089.0,1163.0,1224.0,1306.0,1445.0,1449.0,3031.0,3007.5,779.5,994.5,1205.5,1293.5,1344.0,1452.0,1568.5,1597.5,"{""type"":""MultiPoint"",""coordinates"":[]}"
688_0,3,1692.5,1392.5,543.0,688.5,915.0,1010.5,1053.5,1127.5,1204.0,1228.5,2243.5,1952.5,858.0,1123.0,1358.5,1468.0,1518.0,1594.5,1676.0,1682.5,2325.5,2030.5,889.0,1174.0,1404.0,1520.0,1561.0,1629.5,1701.0,1719.0,2350.5,2077.5,927.0,1192.0,1438.5,1548.0,1577.5,1664.5,1716.0,1734.5,273.0,213.0,875.0,1115.0,1133.0,1237.0,942.0,984.0,934.0,762.0,273.0,213.0,763.0,1115.0,1133.0,1237.0,942.0,984.0,934.0,762.0,442.0,312.0,700.0,1078.0,1023.0,1325.0,1446.0,1550.0,1561.0,1378.0,589.0,495.0,652.0,984.0,915.0,1509.0,1610.0,1767.0,1572.0,1518.0,670.0,504.0,467.0,798.0,733.0,1264.0,1459.0,1618.0,1520.0,1366.0,845.5,546.0,316.5,552.5,430.0,1033.0,1721.5,1966.5,1850.5,1721.5,1263.0,703.0,275.0,544.0,336.5,947.5,2544.5,3202.0,3196.0,3187.0,1891.0,1597.0,655.0,829.0,1032.0,1159.0,1203.0,1250.0,1291.0,1374.0,1392.0,692.0,284.0,551.0,356.0,891.0,2586.0,3380.0,3438.0,3417.0,1243.0,587.0,99.0,361.0,139.0,694.0,2619.0,3516.0,3583.0,3471.0,1238.0,583.0,99.0,328.0,122.0,648.0,2837.0,3961.0,3898.0,4030.0,1529.0,762.0,342.0,685.0,333.0,1109.0,3368.0,4321.0,4386.0,4427.0,1666.0,822.0,392.0,868.5,417.0,1393.0,3626.5,4470.5,4752.0,4645.0,1742.0,935.0,404.5,963.0,532.5,1668.5,3405.0,3909.0,4123.5,4099.5,1998.0,1103.0,901.5,1519.0,1314.5,2301.0,3427.0,3738.5,4104.5,4107.5,2544.5,1574.5,980.0,1597.5,1868.5,2728.5,3450.5,3725.0,4135.5,4106.5,3665.0,2535.0,1137.5,1627.0,2290.0,2797.0,3030.0,3300.5,3711.5,3702.5,3458.0,2663.0,1277.0,1782.0,2614.0,3011.0,3134.0,3292.0,3075.0,3582.0,1735.0,1468.0,452.0,680.0,911.0,1022.0,1079.0,1115.0,1222.0,1224.0,2896.0,2198.0,853.0,1193.0,1647.0,1938.0,2018.0,2173.0,2248.0,2433.0,2732.5,2075.0,838.5,1104.5,1461.5,1663.0,1745.0,1867.0,2033.5,2110.0,2521.5,1986.0,679.0,865.0,1176.5,1325.0,1409.0,1532.5,1654.5,1708.5,2621.0,2190.0,776.0,924.0,1208.0,1364.0,1468.0,1580.0,1680.0,1781.0,2223.0,1614.0,559.0,680.0,961.0,1091.0,1149.0,1248.0,1398.0,1451.0,0.0,0.0,0.0,0.0,0.0,0.0,0.0,0.0,0.0,0.0,1581.0,1277.0,493.0,689.0,895.0,984.0,1005.0,1075.0,1178.0,1163.0,1847.0,1523.0,652.0,793.0,979.0,1074.0,1107.0,1185.0,1259.0,1252.0,2299.0,1973.0,804.0,1059.0,1292.0,1440.0,1468.0,1534.0,1649.0,1644.0,2170.0,2104.0,979.0,1193.0,1440.0,1526.0,1608.0,1699.0,1780.0,1788.0,1865.0,1595.0,588.0,732.0,950.0,1048.0,1054.0,1154.0,1227.0,1241.0,1993.0,1717.0,739.0,873.0,1076.0,1189.0,1243.0,1292.0,1389.0,1385.0,2091.5,1786.5,792.5,994.0,1197.5,1282.0,1344.0,1421.0,1515.0,1494.0,"{""type"":""MultiPoint"",""coordinates"":[]}"
689_0,3,1846.5,1561.5,518.0,671.0,925.5,1056.5,1056.5,1146.0,1235.0,1267.5,2595.5,2227.5,1024.5,1359.0,1668.0,1790.5,1844.0,1914.5,2048.0,2010.5,2562.5,2165.0,918.5,1213.0,1544.5,1666.5,1680.0,1766.0,1892.0,1894.5,2460.0,2135.5,984.0,1269.5,1570.0,1691.0,1689.5,1785.5,1908.0,1879.5,869.5,736.5,965.0,1235.5,1324.0,1622.0,1370.0,1582.5,1409.0,1337.0,238.5,241.0,598.5,837.5,894.5,1068.5,975.5,1038.5,1015.0,871.5,468.0,335.0,535.0,804.5,815.5,1139.0,1106.5,1221.0,1068.0,995.5,933.5,735.0,463.0,784.0,547.0,1139.0,1809.5,1950.5,1897.5,1777.5,1403.0,741.0,268.0,621.5,287.0,1052.0,3293.5,3928.0,4017.5,3937.0,1679.5,926.5,271.0,647.0,461.5,1288.5,3070.5,3698.0,4032.5,4213.0,1888.0,1063.0,322.5,695.5,573.0,1363.0,2901.5,3549.0,3843.5,4072.0,2205.0,1840.0,609.0,816.5,1081.5,1234.0,1258.5,1351.0,1422.0,1416.5,1874.5,1056.5,283.5,660.5,545.0,1288.5,2775.5,3328.0,3541.5,3759.0,1616.5,845.5,263.0,594.0,418.0,1131.0,2717.0,3303.5,3511.0,3614.5,1566.0,834.5,281.5,600.5,353.0,1084.5,2790.0,3316.0,3492.0,3595.5,1757.5,930.0,449.0,960.5,535.5,1592.0,3285.0,3721.0,3947.5,3971.0,1772.0,969.0,457.0,1013.0,641.5,1640.5,3033.0,3441.5,3777.5,3735.0,1896.0,1097.0,502.0,1156.0,944.0,2049.0,2949.0,3290.0,3512.0,3584.0,2217.0,1274.5,790.0,1448.5,1483.0,2406.5,3077.5,3342.5,3684.0,3736.0,2490.0,1564.0,785.0,1433.0,1530.5,2471.0,2953.5,3233.5,3622.0,3739.0,3924.5,2614.5,1014.5,1519.5,2019.5,2623.5,2973.0,3244.5,3675.5,3750.5,2065.5,1563.0,708.0,925.5,1296.0,1492.5,1537.0,1705.5,1799.5,1866.5,2024.5,1718.0,523.0,734.0,1004.0,1104.5,1163.5,1242.0,1368.0,1380.5,2210.0,1731.5,683.5,957.5,1320.0,1487.5,1566.0,1656.0,1767.5,1829.0,2348.0,1910.5,886.0,1088.5,1396.5,1557.5,1645.5,1742.5,1854.5,1886.5,2087.5,1709.0,647.0,845.0,1097.5,1248.0,1284.0,1381.0,1504.5,1512.5,2278.5,1825.0,750.0,915.5,1163.5,1346.0,1381.0,1461.0,1558.5,1611.0,1850.5,1533.0,527.0,667.0,888.0,1005.5,1088.5,1154.5,1292.0,1284.0,0.0,0.0,0.0,0.0,0.0,0.0,0.0,0.0,0.0,0.0,1757.5,1446.0,504.5,674.5,888.5,996.0,1040.5,1140.0,1217.0,1238.0,1839.0,1600.0,567.0,718.5,890.0,997.0,1037.0,1107.5,1198.5,1209.0,2318.0,1977.0,726.5,941.5,1175.0,1303.5,1360.5,1450.5,1554.0,1561.5,2307.0,1973.5,723.5,913.0,1169.5,1304.0,1321.0,1426.5,1535.0,1558.0,2190.0,1824.5,740.0,871.0,1084.5,1185.0,1212.0,1296.0,1428.0,1427.5,2152.0,1870.0,650.0,838.5,1090.5,1205.5,1223.5,1320.5,1406.5,1412.5,2377.0,2017.0,772.0,998.5,1281.0,1415.0,1466.5,1542.0,1641.0,1662.5,"{""type"":""MultiPoint"",""coordinates"":[]}"
690_0,3,1475.5,1245.5,578.0,688.0,832.0,912.5,945.5,981.5,1059.5,1072.5,1896.0,1654.0,719.0,874.0,1052.5,1156.0,1219.5,1285.0,1360.5,1370.0,1069.5,927.0,578.5,784.5,873.5,989.5,898.0,963.5,971.5,946.0,349.5,285.0,529.5,735.5,780.5,916.0,772.0,855.0,846.0,745.0,351.0,256.0,507.0,734.0,710.0,926.0,873.0,944.0,956.0,821.0,640.0,461.0,497.0,780.0,680.0,1093.0,1292.0,1339.0,1319.0,1197.0,1080.0,730.0,483.0,914.0,553.0,1382.0,2205.0,2375.0,2264.0,2100.0,1339.0,764.0,483.0,928.0,569.0,1516.0,2734.0,2978.0,2694.0,2587.0,1439.0,777.0,365.0,837.0,430.0,1376.0,3445.0,4072.0,3962.0,4063.0,1375.5,711.5,265.5,725.5,357.0,1267.0,3379.5,3880.5,3980.0,4045.5,1340.5,680.0,199.0,589.0,265.0,1110.0,3276.0,4012.5,4073.5,4238.0,1701.0,1428.0,660.0,819.0,964.0,1041.0,1069.0,1119.0,1224.0,1214.0,1407.0,696.0,222.0,627.0,284.0,1131.0,3367.0,4158.0,4075.0,4355.0,1522.0,753.0,187.0,666.0,262.0,1214.0,3519.0,4325.0,4397.0,4503.0,1648.0,803.0,255.0,744.0,340.0,1293.0,3726.0,4372.0,4435.0,4566.0,1746.0,907.0,413.0,976.0,538.0,1741.0,3508.0,4063.0,4182.0,4281.0,1768.5,933.5,470.5,1057.0,689.0,1838.5,3304.5,3662.5,3964.0,3956.5,1956.0,1073.0,491.5,1093.0,858.0,1955.5,3201.0,3526.0,3773.5,3878.5,2161.5,1189.0,978.5,1384.5,1295.0,2263.0,3294.5,3676.0,3906.5,4058.0,4134.0,2677.5,1313.0,1838.0,2414.0,3147.5,3594.0,3874.5,4306.5,4392.0,4076.0,2676.5,1295.0,1817.5,2600.5,3256.5,3550.5,3684.0,4062.5,4234.5,3235.0,2430.0,979.0,1286.0,1805.0,2213.0,2378.0,2460.0,2425.0,2779.0,1690.0,1251.0,628.0,790.0,965.0,1071.0,1076.0,1158.0,1241.0,1275.0,3234.0,2430.0,979.0,1286.0,1805.0,2213.0,2316.0,2460.0,2425.0,2607.0,2544.0,1968.0,784.0,1004.5,1315.0,1512.0,1662.5,1718.5,1785.0,1963.0,1982.0,1651.5,479.0,650.5,855.5,998.5,1046.0,1113.5,1220.5,1270.5,2147.0,1877.0,636.0,744.0,960.0,1095.0,1160.0,1248.0,1317.0,1378.0,1816.0,1392.0,470.0,581.0,810.0,943.0,972.0,1060.0,1177.0,1207.0,0.0,0.0,0.0,0.0,0.0,0.0,0.0,0.0,0.0,0.0,2127.0,1879.0,774.0,991.0,1160.0,1290.0,1323.0,1376.0,1515.0,1508.0,2095.0,1786.0,769.5,958.0,1033.5,1259.0,1455.0,1532.0,1595.0,1607.5,1829.0,1591.0,647.0,775.0,897.0,1026.0,1150.0,1222.0,1321.0,1330.0,1630.5,1406.0,500.5,612.5,756.5,849.5,924.5,999.5,1071.5,1090.5,1432.0,1221.0,365.0,486.0,616.0,681.0,699.0,777.0,822.0,851.0,1827.0,1565.0,661.0,840.0,992.0,1095.0,1138.0,1190.0,1276.0,1269.0,1810.5,1554.0,676.0,860.5,1018.5,1113.0,1147.5,1208.0,1287.0,1281.0,"{""type"":""MultiPoint"",""coordinates"":[]}"
691_0,3,1288.5,1140.0,370.5,461.5,578.0,645.0,648.5,717.5,774.0,790.5,2069.0,1904.5,700.5,910.5,1086.0,1177.0,1222.0,1285.0,1371.5,1383.0,2258.0,2079.5,746.5,980.5,1169.5,1281.5,1305.0,1384.0,1456.5,1485.5,2729.0,2501.0,1076.5,1356.0,1594.5,1726.0,1742.0,1813.0,1886.5,1916.0,2929.0,2750.0,1240.0,1482.0,1728.0,1861.0,1923.0,1993.0,2109.0,2122.0,2635.0,2498.0,1180.0,1453.0,1718.0,1861.0,1880.0,1986.0,2091.0,2107.0,373.0,322.0,902.0,1111.0,1148.0,1243.0,906.0,888.0,949.0,709.0,398.0,376.0,902.0,1111.0,1163.0,1334.0,930.0,994.0,949.0,760.0,202.0,167.0,568.0,848.0,904.0,1070.0,766.0,883.0,805.0,720.0,208.5,167.5,496.5,804.5,797.0,1025.0,785.5,891.5,806.0,679.0,301.5,213.0,389.0,621.5,541.0,850.5,812.0,924.0,822.5,703.0,1463.0,1315.0,485.0,600.0,738.0,810.0,825.0,876.0,988.0,946.0,798.0,492.0,308.0,545.0,375.0,853.0,1624.0,1878.0,1943.0,1869.0,994.0,535.0,154.0,371.0,214.0,665.0,1824.0,2196.0,2243.0,2108.0,1073.0,548.0,152.0,369.0,191.0,642.0,2220.0,2808.0,2821.0,2774.0,1255.0,627.0,301.0,540.0,284.0,868.0,2452.0,3061.0,3115.0,3064.0,1253.0,658.0,336.0,724.0,417.0,1173.0,2573.0,2963.0,3070.0,3042.0,1274.0,729.5,389.0,825.0,646.0,1501.5,2556.0,2910.5,2974.0,3006.0,1969.5,1120.0,832.0,1305.0,1378.0,2128.5,2830.0,3112.5,3374.0,3391.0,2326.5,1481.5,831.5,1258.0,1451.0,2141.0,2701.5,2950.5,3289.5,3367.5,3118.0,2185.0,951.0,1370.0,1880.0,2311.0,2591.0,2820.0,3171.0,3181.0,3075.0,2173.0,914.5,1316.5,1864.0,2252.0,2388.5,2576.5,2782.5,2855.0,1526.0,1215.0,549.0,668.0,795.0,849.0,887.0,933.0,1010.0,1014.0,3167.0,2354.0,914.0,1258.0,1742.0,2093.0,2127.0,2330.0,2390.0,2667.0,2956.0,2255.5,904.0,1171.0,1563.0,1793.0,1901.0,2067.0,2267.0,2294.0,2637.0,2133.5,697.5,901.5,1194.0,1350.5,1448.0,1567.5,1715.5,1744.0,2562.0,2077.0,793.0,945.0,1204.0,1356.0,1438.0,1539.0,1723.0,1741.0,2351.0,1565.0,593.0,713.0,981.0,1109.0,1200.0,1304.0,1498.0,1469.0,0.0,0.0,0.0,0.0,0.0,0.0,0.0,0.0,0.0,0.0,2373.0,2163.0,834.0,1070.0,1304.0,1399.0,1440.0,1516.0,1629.0,1623.0,439.0,396.0,284.0,257.0,264.0,281.0,289.0,296.0,293.0,310.0,2621.0,2432.0,956.0,1241.0,1476.0,1624.0,1615.0,1699.0,1826.0,1833.0,2768.0,2615.0,1123.0,1393.0,1635.0,1726.0,1776.0,1841.0,2005.0,1960.0,2080.0,1849.0,617.0,775.0,984.0,1057.0,1076.0,1132.0,1212.0,1246.0,1887.0,1736.0,589.0,760.0,927.0,1023.0,1043.0,1112.0,1199.0,1209.0,1940.5,1801.5,648.0,813.5,970.0,1049.0,1096.5,1155.5,1251.5,1254.5,"{""type"":""MultiPoint"",""coordinates"":[]}"
692_0,3,1762.5,1481.0,489.5,628.5,858.5,992.0,1028.0,1110.0,1182.5,1245.0,2389.0,2034.0,905.5,1210.5,1493.5,1637.5,1682.5,1760.5,1868.0,1864.0,2422.0,2049.0,862.0,1146.5,1437.5,1566.5,1608.5,1702.5,1806.5,1811.0,2350.0,2037.5,851.0,1108.0,1384.5,1512.5,1562.5,1662.0,1728.0,1753.5,334.0,284.0,654.0,931.0,945.5,1060.5,764.0,890.0,703.0,655.5,366.0,310.0,1005.0,1227.5,1217.0,1313.5,1011.5,1032.0,1016.0,795.0,563.5,467.5,501.5,801.0,681.5,1102.5,1144.5,1245.0,1104.5,1023.5,1216.0,807.5,380.0,775.5,424.5,1120.5,2224.0,2438.5,2425.0,2256.5,1583.0,810.5,239.0,674.0,227.0,1102.0,3431.0,4193.5,4197.0,4218.5,1774.5,961.0,255.5,675.5,480.0,1297.5,2987.0,3643.0,3855.0,4057.5,1885.5,1031.5,277.5,649.5,502.0,1232.5,2765.0,3401.5,3603.5,3793.5,2078.0,1746.0,568.5,763.5,1012.5,1153.5,1220.0,1318.0,1348.0,1429.5,1759.5,948.0,266.0,605.0,428.0,1144.5,2714.0,3259.0,3422.0,3619.5,1575.5,782.5,166.0,545.0,341.5,1034.5,2696.0,3355.5,3476.0,3655.0,1516.0,777.0,212.5,540.0,280.0,961.5,2855.0,3431.0,3472.5,3720.0,1796.0,926.5,472.0,970.0,506.5,1536.0,3364.5,3881.5,4071.0,4148.0,1826.5,964.0,454.5,1039.5,611.5,1689.5,3235.0,3658.5,3993.0,3911.0,1896.0,1065.0,501.0,1158.0,891.0,2060.0,3046.0,3362.0,3592.0,3684.0,2269.5,1284.5,776.5,1403.0,1366.0,2429.0,3071.5,3382.5,3695.5,3814.5,2518.0,1558.5,730.5,1338.0,1517.5,2475.0,2958.5,3216.0,3611.5,3744.0,3773.0,2566.0,1145.0,1563.5,2200.5,2682.5,2969.5,3263.0,3713.5,3816.0,3045.5,2203.0,879.5,1227.5,1796.0,2157.0,2264.0,2507.0,2641.0,2881.0,1908.0,1587.5,453.0,662.0,927.5,1054.5,1099.5,1202.0,1302.0,1287.5,2495.5,1956.5,789.0,1067.5,1469.5,1708.0,1738.0,1872.0,1975.0,2080.5,2322.5,1870.5,823.5,1055.5,1385.0,1552.0,1613.5,1715.5,1857.5,1906.0,2211.5,1808.0,658.5,859.5,1122.0,1279.0,1362.5,1447.5,1560.0,1618.5,2186.0,1752.0,722.5,916.5,1166.5,1331.0,1356.5,1463.5,1616.5,1643.5,2001.0,1573.0,558.0,686.0,952.0,1062.0,1155.5,1260.5,1411.5,1406.5,0.0,0.0,0.0,0.0,0.0,0.0,0.0,0.0,0.0,0.0,1686.5,1399.5,437.0,610.0,801.5,933.5,970.5,1048.0,1131.5,1157.5,1782.0,1523.5,549.0,683.0,837.0,934.5,1002.0,1100.5,1155.5,1165.0,2201.0,1852.0,658.0,853.0,1065.5,1220.5,1280.5,1374.5,1480.0,1486.0,2212.5,1855.0,663.0,826.5,1064.0,1183.5,1255.5,1338.0,1478.5,1481.0,2131.0,1755.0,680.5,819.5,1018.0,1130.5,1217.5,1303.5,1412.0,1439.0,2043.5,1747.5,589.5,815.5,1036.0,1168.0,1237.5,1290.5,1392.0,1405.5,2146.0,1857.0,723.0,944.5,1199.5,1342.5,1397.0,1469.0,1559.0,1571.5,"{""type"":""MultiPoint"",""coordinates"":[]}"
693_0,3,1886.0,1544.0,545.0,655.5,883.5,1038.0,1025.5,1155.5,1212.0,1285.0,2225.5,1867.0,759.0,945.0,1169.0,1326.5,1406.5,1485.0,1569.5,1607.0,2303.0,1986.5,812.0,1039.5,1312.5,1429.0,1420.0,1539.0,1560.0,1597.5,2526.0,2195.0,961.5,1217.0,1510.0,1678.5,1679.0,1774.0,1836.5,1851.0,1652.0,1410.0,848.0,1095.0,1313.0,1427.0,1412.0,1522.0,1435.0,1475.0,427.0,375.0,695.0,960.0,891.0,1185.0,918.0,940.0,889.0,759.0,458.0,390.0,646.0,847.0,839.0,1117.0,1008.0,1079.0,1079.0,942.0,498.0,390.0,585.0,847.0,810.0,1105.0,1049.0,1112.0,1079.0,975.0,657.0,472.0,432.0,693.0,596.0,956.0,1261.0,1323.0,1462.0,1234.0,1127.0,616.5,220.5,537.0,281.0,842.0,2102.5,2569.0,2732.0,2481.5,1407.5,685.5,128.0,368.0,129.0,641.5,2539.0,3655.5,3780.0,3515.0,2078.0,1736.0,631.0,767.0,1001.0,1105.0,1211.0,1232.0,1335.0,1411.0,1453.0,701.0,142.0,381.0,127.0,658.0,3009.0,4148.0,4221.0,4212.0,1496.0,699.0,90.0,421.0,201.0,771.0,3186.0,4326.0,4519.0,4504.0,1544.0,726.0,224.0,570.0,358.0,993.0,3268.0,4368.0,4602.0,4737.0,1659.0,815.0,415.0,833.0,575.0,1508.0,3433.0,4215.0,4326.0,4426.0,1777.5,959.5,437.5,894.0,662.0,1612.0,3264.5,3905.0,4123.5,4164.5,2053.5,1221.0,482.5,991.5,944.5,1858.5,3127.5,3563.5,3849.0,3998.0,2494.0,1497.5,822.5,1257.5,1412.0,2229.5,3164.5,3556.0,3911.5,4017.5,2920.5,1881.5,903.0,1413.5,1720.5,2503.5,3112.0,3458.0,3861.0,3995.0,4070.0,2789.0,1121.0,1521.0,2056.0,2600.0,3003.0,3323.0,3705.0,3835.0,3858.0,2642.0,962.0,1334.0,2028.5,2549.0,2798.0,2957.0,3018.0,3520.0,2089.0,1735.5,580.0,739.0,999.0,1138.5,1142.5,1244.5,1347.5,1408.0,3576.5,2491.5,870.5,1199.5,1749.0,2138.5,2362.0,2522.5,2636.0,2867.0,3389.0,2416.0,881.0,1176.5,1589.5,1967.0,2115.5,2342.0,2402.0,2652.0,3085.0,2324.0,657.0,879.5,1210.0,1421.0,1560.5,1693.5,1784.0,1928.0,3052.0,2365.0,727.5,891.0,1206.5,1407.5,1523.5,1623.5,1770.0,1960.5,1670.0,1240.0,430.0,543.0,771.0,864.0,932.0,999.0,1096.0,1129.0,0.0,0.0,0.0,0.0,0.0,0.0,0.0,0.0,0.0,0.0,1498.0,1153.0,483.0,609.0,779.0,878.0,886.0,949.0,1052.0,1059.0,1753.0,1393.0,572.0,693.0,849.0,953.0,976.0,1069.0,1089.0,1148.0,2310.0,1946.0,781.0,981.0,1181.0,1368.0,1384.0,1465.0,1562.0,1591.0,2259.5,1878.5,811.0,949.5,1143.5,1302.5,1314.5,1376.5,1497.5,1541.5,1863.5,1537.0,549.5,680.5,866.0,980.5,985.5,1024.0,1134.0,1193.5,2235.5,1909.0,768.5,917.5,1100.0,1238.0,1360.5,1437.0,1532.0,1572.0,2357.0,1980.0,823.0,1023.0,1218.0,1366.0,1440.0,1541.0,1625.0,1650.0,"{""type"":""MultiPoint"",""coordinates"":[]}"
694_0,3,96.0,85.5,104.5,153.5,236.5,329.5,194.5,195.5,189.5,119.0,2218.0,1845.0,689.0,896.5,1141.0,1263.0,1316.0,1419.0,1544.0,1538.0,2325.5,1976.0,797.0,1006.0,1259.0,1377.0,1435.0,1517.5,1625.0,1654.0,2478.5,2181.0,1027.5,1293.0,1527.0,1640.5,1666.5,1753.0,1828.5,1844.5,2602.0,2313.0,1261.0,1508.0,1745.0,1856.0,1873.0,1946.0,2041.0,2027.0,1505.0,1489.0,1325.0,1563.0,1778.0,1902.0,1933.0,2017.0,1910.0,2011.0,174.0,145.0,616.0,911.0,915.0,1064.0,752.0,857.0,771.0,654.0,389.0,302.0,692.0,968.0,915.0,1278.0,1189.0,1262.0,1192.0,1080.0,542.0,438.0,508.0,815.0,676.0,1163.0,1276.0,1376.0,1268.0,1222.0,774.5,473.0,271.5,580.5,371.0,1027.0,1752.5,2037.5,1881.5,1736.0,1011.5,575.0,234.5,479.0,267.0,873.5,2176.0,2628.5,2616.5,2433.5,147.0,133.0,214.0,290.0,336.0,431.0,291.0,318.0,311.0,238.0,1276.0,645.0,205.0,441.0,258.0,846.0,2381.0,3039.0,3048.0,3089.0,1244.0,628.0,118.0,368.0,143.0,728.0,2427.0,3179.0,3125.0,3176.0,1309.0,658.0,165.0,466.0,233.0,893.0,2671.0,3455.0,3456.0,3526.0,1505.0,777.0,425.0,879.0,548.0,1535.0,3033.0,3556.0,3635.0,3582.0,1484.0,812.0,444.0,950.0,732.0,1668.0,2803.0,3032.0,3423.0,3347.0,1931.0,1162.5,526.5,1010.5,1072.0,1875.5,2578.0,2836.5,3082.5,3116.5,2370.0,1426.0,891.0,1344.0,1548.0,2150.0,2708.0,2936.0,3172.0,3209.0,3298.5,2264.0,1046.5,1507.0,1927.0,2528.0,2907.5,3114.0,3532.0,3550.0,4272.5,2870.5,1352.5,1903.0,2743.5,3186.5,3411.0,3705.0,4181.0,4133.0,4523.0,3156.0,1563.0,2113.0,2985.0,3273.0,3593.0,3734.0,4061.0,4257.0,147.0,133.0,216.0,242.0,331.0,383.0,291.0,318.0,311.0,238.0,4356.0,3156.0,1262.0,1744.0,2397.0,2798.0,2971.0,3210.0,3242.0,3465.0,4129.0,3067.0,1211.5,1595.0,2173.5,2447.0,2558.5,2728.0,3007.0,3073.5,2115.0,1674.5,599.5,778.5,1094.5,1255.5,1298.0,1422.0,1535.0,1489.0,226.0,189.0,267.0,351.0,492.0,600.0,440.0,451.0,427.0,361.0,94.0,70.0,88.0,106.0,185.0,253.0,146.0,180.0,140.0,123.0,0.0,0.0,0.0,0.0,0.0,0.0,0.0,0.0,0.0,0.0,114.0,90.0,136.0,186.0,259.0,359.0,232.0,247.0,224.0,190.0,721.0,463.0,276.0,394.0,574.0,770.0,810.0,934.0,1059.0,1148.0,3842.0,3074.0,1051.0,1350.0,1820.0,2092.0,2173.0,2360.0,2577.0,2584.0,1618.0,887.0,579.0,598.0,855.0,1098.0,1175.0,1322.0,1491.0,1582.0,2630.0,1842.0,698.5,925.5,1317.5,1556.0,1677.0,1810.5,2034.0,2088.0,4292.0,3428.0,1290.5,1580.5,2024.0,2273.5,2429.5,2582.5,2871.5,2913.0,4053.5,3292.0,1293.5,1560.5,1985.0,2171.5,2289.5,2483.0,2767.5,2801.5,"{""type"":""MultiPoint"",""coordinates"":[]}"
695_0,3,1649.0,1376.5,565.0,695.5,906.5,1004.0,1013.5,1104.0,1170.0,1177.5,2395.0,2097.0,1019.5,1292.0,1538.5,1658.0,1679.5,1753.5,1858.5,1830.5,2383.5,2077.5,901.0,1177.5,1412.5,1537.5,1568.0,1647.0,1726.5,1719.0,2476.5,2167.0,960.5,1252.5,1506.5,1630.5,1658.0,1736.0,1806.0,1821.0,1034.0,881.0,795.0,1078.0,1073.0,1202.0,1118.0,1200.0,1225.0,1196.0,310.0,281.0,783.0,1076.0,1073.0,1202.0,850.0,875.0,860.0,703.0,361.0,284.0,632.0,908.0,930.0,1137.0,1000.0,1077.0,1089.0,837.0,568.0,441.0,632.0,908.0,857.0,1303.0,1249.0,1340.0,1300.0,1115.0,676.0,488.0,637.0,897.0,801.0,1303.0,1513.0,1635.0,1554.0,1495.0,664.5,450.0,332.5,573.0,497.0,920.5,1289.5,1489.0,1379.5,1281.5,1011.5,612.0,312.5,552.0,394.0,1004.5,2105.0,2417.0,2420.5,2293.5,1850.0,1548.0,642.0,816.0,1026.0,1157.0,1149.0,1240.0,1268.0,1343.0,1271.0,720.0,277.0,520.0,365.0,931.0,2314.0,2722.0,2763.0,2677.0,1136.0,609.0,194.0,474.0,313.0,860.0,2237.0,2763.0,2834.0,2685.0,1120.0,580.0,193.0,437.0,255.0,802.0,2397.0,3015.0,2982.0,3013.0,1304.0,658.0,372.0,712.0,377.0,1136.0,2927.0,3394.0,3477.0,3474.0,1460.0,763.0,390.0,845.0,477.0,1437.0,3173.0,3671.0,3817.0,3785.0,1571.0,886.5,424.0,968.0,604.0,1673.0,2947.0,3250.0,3380.5,3358.0,1938.0,1103.0,755.0,1291.0,1278.0,2086.0,2786.0,2989.0,3293.0,3288.0,2256.0,1441.5,710.0,1249.5,1331.5,2121.0,2708.0,2915.5,3189.5,3274.0,2963.0,2053.5,911.5,1376.5,1770.5,2334.5,2737.0,2914.0,3236.5,3324.5,2698.0,1843.0,868.0,1170.0,1750.0,2133.0,2285.0,2465.0,2609.0,2726.0,1742.0,1454.0,473.0,677.0,923.0,1008.0,1027.0,1111.0,1210.0,1215.0,3118.0,2190.0,887.0,1259.0,1748.0,2052.0,2197.0,2320.0,2420.0,2572.0,3003.5,2229.0,887.5,1163.0,1582.5,1831.0,1965.0,2106.5,2278.5,2378.5,2696.0,2100.0,654.5,849.5,1165.0,1337.0,1437.0,1564.0,1700.5,1764.5,2765.0,2235.0,759.0,927.0,1211.0,1383.0,1477.0,1607.0,1731.0,1814.0,2329.0,1578.0,503.0,625.0,903.0,1073.0,1156.0,1234.0,1430.0,1467.0,0.0,0.0,0.0,0.0,0.0,0.0,0.0,0.0,0.0,0.0,1558.0,1270.0,478.0,660.0,835.0,944.0,986.0,1013.0,1110.0,1118.0,1770.0,1536.0,647.0,780.0,956.0,1035.0,1091.0,1124.0,1206.0,1210.0,2199.0,1886.0,769.0,989.0,1213.0,1342.0,1360.0,1460.0,1501.0,1548.0,1950.0,1950.0,953.0,1153.0,1374.0,1469.0,1551.0,1586.0,1436.0,1715.0,1790.0,1515.0,525.0,663.0,882.0,967.0,964.0,1012.0,1120.0,1140.0,1885.0,1649.0,688.0,812.0,1007.0,1082.0,1125.0,1195.0,1255.0,1256.0,2146.5,1894.5,808.0,994.0,1214.0,1306.5,1350.5,1434.5,1522.5,1514.0,"{""type"":""MultiPoint"",""coordinates"":[]}"
696_0,3,2679.5,2131.0,774.5,870.5,1128.5,1271.5,1366.0,1505.0,1640.5,1743.5,2009.0,1836.0,586.0,835.0,1106.0,1208.0,1259.0,1345.0,1428.0,1455.0,2266.0,2152.0,776.0,996.0,1312.0,1436.0,1482.0,1546.0,1662.0,1675.0,260.5,249.5,330.5,423.5,485.0,541.5,394.0,437.5,394.5,340.0,311.0,291.0,696.0,779.0,791.0,852.0,650.0,701.0,698.0,551.0,319.0,291.0,358.0,627.0,555.0,852.0,725.0,824.0,793.0,705.0,591.0,460.0,311.0,586.0,431.0,873.0,1037.0,1118.0,1045.0,1017.0,1462.0,838.0,268.0,599.0,328.0,945.0,2343.0,2701.0,2664.0,2853.0,1247.0,674.0,159.0,472.0,211.0,776.0,2358.0,2726.0,2673.0,2737.0,1344.0,650.0,97.0,390.0,129.0,700.0,2550.5,3334.0,3277.0,3408.0,1241.0,583.0,34.0,230.5,52.5,457.5,2443.0,3421.0,3471.5,3546.5,3635.5,3035.0,1828.5,1926.0,2167.0,2384.5,2403.5,2475.5,2553.0,2727.0,1277.0,595.5,27.0,233.0,29.5,465.5,2579.5,3837.5,3899.5,3960.0,1278.0,600.0,108.0,513.5,170.5,956.0,3061.5,4115.0,4224.5,4240.5,1325.0,616.0,488.0,840.0,591.0,1306.0,3236.0,4135.0,4088.0,4236.0,1389.0,755.0,697.0,1118.0,984.0,1840.0,3119.0,3609.0,3726.0,3844.0,1489.0,833.0,593.0,1089.0,984.0,1871.0,2855.0,3225.0,3476.0,3513.0,1827.0,1052.0,575.0,1132.0,1171.0,2078.0,2877.0,3206.0,3414.0,3498.0,4257.0,3003.0,1201.5,1707.0,2362.0,2870.5,3222.5,3501.0,3804.5,3957.5,4215.5,3046.0,1199.0,1668.0,2384.5,2781.5,3020.5,3242.5,3621.0,3671.0,3560.0,2729.0,1148.0,1541.0,2080.0,2382.0,2645.0,2849.0,3189.0,3212.0,3312.0,2330.0,980.5,1315.0,1829.0,2132.0,2336.0,2588.5,2723.0,2863.0,3210.0,2552.0,619.0,842.0,1207.0,1337.0,1446.0,1561.0,1799.0,1891.0,3415.5,2647.0,849.5,1129.5,1484.0,1797.5,2038.5,2225.0,2370.5,2507.0,4416.0,3765.5,2585.0,2737.5,3004.0,3320.0,3492.5,3615.0,3761.0,3783.0,3054.0,2464.5,813.5,954.0,1141.5,1412.0,1662.5,1802.0,1939.0,2028.0,2908.5,2328.0,778.0,929.5,1095.5,1357.0,1623.5,1757.5,1886.5,1955.0,2266.0,1669.0,473.0,675.0,852.5,1131.5,1337.5,1471.5,1637.5,1688.0,0.0,0.0,0.0,0.0,0.0,0.0,0.0,0.0,0.0,0.0,3587.0,2783.0,776.0,1023.0,1494.0,1701.0,1771.0,1910.0,2076.0,2246.0,3802.0,3100.0,1055.0,1262.0,1672.0,1948.0,2069.0,2248.0,2471.0,2635.0,3539.0,2847.0,913.0,1154.0,1533.0,1746.0,1801.0,1935.0,2156.0,2273.0,2583.5,2187.0,701.5,842.5,1140.0,1277.0,1307.0,1430.0,1581.5,1613.5,1625.0,1443.0,474.0,580.0,831.0,896.0,855.0,943.0,1032.0,1048.0,1697.0,1550.5,497.5,647.5,894.0,982.0,989.0,1057.5,1153.0,1170.0,1813.5,1685.0,560.5,734.0,968.0,1069.5,1111.5,1178.5,1295.5,1280.0,"{""type"":""MultiPoint"",""coordinates"":[]}"
697_0,3,2012.5,1623.5,638.5,783.0,1055.0,1218.0,1215.0,1332.5,1412.0,1454.5,2319.5,1942.0,769.5,989.0,1256.5,1391.5,1441.0,1538.0,1630.0,1654.5,2754.0,2353.5,995.5,1313.5,1654.5,1805.5,1812.5,1883.5,1976.5,2012.5,2999.5,2550.5,1151.5,1466.5,1816.0,1979.5,2018.5,2090.5,2179.0,2250.0,1150.0,1051.0,891.0,1144.0,1440.0,1603.0,1577.0,1699.0,1592.0,1730.0,733.0,617.0,776.0,1026.0,1127.0,1380.0,1305.0,1438.0,1331.0,1379.0,701.0,617.0,739.0,1026.0,1065.0,1341.0,1316.0,1438.0,1516.0,1379.0,1069.0,744.0,589.0,867.0,788.0,1267.0,1890.0,2012.0,1906.0,1870.0,1639.0,954.0,416.0,736.0,482.0,1078.0,2835.0,3251.0,3243.0,3274.0,1773.0,913.5,268.5,634.5,304.0,984.5,3165.5,4158.5,4123.0,4181.0,1627.0,805.5,119.0,373.0,171.5,727.0,3007.5,4323.5,4394.0,4516.5,2246.0,1863.0,707.0,911.0,1160.0,1324.0,1349.0,1432.0,1507.0,1613.0,1622.0,807.0,167.0,401.0,215.0,718.0,3075.0,4446.0,4544.0,4692.0,1652.0,811.0,89.0,432.0,182.0,825.0,3487.0,4809.0,4921.0,5038.0,1704.0,857.0,281.0,748.0,398.0,1337.0,3743.0,4831.0,4964.0,5111.0,1855.0,962.0,496.0,1005.0,703.0,1806.0,3737.0,4585.0,4614.0,4790.0,1903.5,1073.0,518.5,1060.5,842.0,1927.5,3427.0,4024.0,4313.5,4354.0,2494.5,1540.0,696.0,1260.5,1438.0,2322.5,3302.5,3681.5,3916.0,4136.0,3381.0,2204.0,1112.0,1698.0,2289.0,3109.0,3718.0,4011.5,4416.5,4544.0,4279.0,3001.0,1317.5,1854.0,2612.0,3230.5,3516.5,3805.0,4063.0,4315.0,4091.0,2947.0,1231.0,1707.0,2453.0,2876.0,3068.0,3202.0,3538.0,3640.0,4125.0,2857.5,1205.5,1679.0,2519.5,2924.5,3064.0,3310.0,3476.5,3642.0,2236.5,1864.0,676.5,855.0,1149.5,1294.0,1333.5,1437.0,1528.0,1576.5,3706.0,2641.5,1034.0,1417.0,2046.0,2323.5,2492.5,2635.0,2905.5,2951.5,3389.0,2474.0,979.0,1275.0,1761.5,2102.0,2141.5,2316.0,2498.0,2590.0,3031.5,2406.0,753.5,964.5,1328.0,1514.5,1572.5,1757.5,1876.5,1896.5,3111.5,2516.0,796.0,968.0,1324.5,1498.0,1548.5,1714.0,1903.0,1941.5,1819.0,1235.0,479.0,616.0,858.0,970.0,1026.0,1093.0,1179.0,1196.0,0.0,0.0,0.0,0.0,0.0,0.0,0.0,0.0,0.0,0.0,1810.0,1361.0,581.0,741.0,963.0,1075.0,1130.0,1196.0,1285.0,1316.0,2035.0,1646.0,708.0,834.0,1029.0,1137.0,1145.0,1234.0,1324.0,1336.0,2525.0,2073.0,859.0,1082.0,1335.0,1477.0,1447.0,1586.0,1674.0,1733.0,2210.0,1744.0,1057.0,1246.0,1491.0,1589.0,1692.0,1785.0,1939.0,1978.0,2063.5,1638.5,661.5,815.5,1028.5,1138.0,1180.5,1222.0,1321.0,1349.0,2507.0,2118.0,914.0,1090.0,1294.0,1420.0,1541.0,1652.0,1718.0,1742.0,2305.0,1930.0,754.0,977.0,1236.5,1402.5,1426.0,1529.0,1611.5,1646.0,"{""type"":""MultiPoint"",""coordinates"":[]}"
698_0,3,1676.0,1379.0,534.0,670.5,889.0,1006.5,1046.0,1124.5,1184.0,1218.5,2239.5,1947.5,811.0,1103.0,1348.5,1465.5,1496.5,1575.5,1673.0,1657.0,2321.0,2034.5,855.5,1132.5,1375.5,1498.0,1526.0,1605.0,1687.5,1686.5,2238.5,1985.0,845.0,1096.5,1325.0,1441.5,1467.0,1547.5,1610.5,1606.5,393.0,361.0,894.0,1210.0,1240.0,1469.0,1028.0,1042.0,999.0,790.0,393.0,361.0,1049.0,1296.0,1312.0,1469.0,1130.0,1190.0,1115.0,1038.0,393.0,314.0,695.0,960.0,955.0,1272.0,1136.0,1231.0,1146.0,1038.0,644.0,539.0,590.0,870.0,789.0,1393.0,1343.0,1478.0,1412.0,1221.0,717.0,490.0,538.0,772.0,649.0,1242.0,1654.0,1824.0,1693.0,1606.0,783.5,516.5,322.0,555.5,442.5,1031.5,1630.5,1865.0,1704.5,1604.5,1131.0,667.5,254.0,501.0,339.5,937.5,2154.5,2664.0,2517.0,2456.5,1879.0,1582.0,628.0,812.0,1042.0,1163.0,1193.0,1225.0,1289.0,1357.0,1253.0,661.0,199.0,488.0,269.0,909.0,2275.0,2701.0,2566.0,2633.0,1234.0,622.0,107.0,401.0,183.0,762.0,2583.0,3236.0,3165.0,3116.0,1184.0,600.0,115.0,392.0,150.0,715.0,2703.0,3524.0,3421.0,3548.0,1434.0,713.0,332.0,694.0,335.0,1108.0,3185.0,3941.0,3957.0,3999.0,1566.0,774.0,370.0,855.0,416.5,1399.0,3412.0,4106.0,4295.5,4231.5,1590.5,858.0,387.0,960.5,546.0,1645.0,3158.5,3585.5,3705.0,3749.5,1919.0,1031.0,722.0,1312.0,1072.0,2124.0,3133.0,3427.0,3625.0,3697.0,2287.5,1404.0,739.0,1349.0,1368.0,2443.5,3171.0,3432.0,3675.0,3769.0,3475.0,2406.0,1038.0,1480.0,2047.0,2547.0,2910.0,3187.5,3520.5,3602.5,3013.0,2215.0,866.0,1199.0,1719.0,2055.0,2260.0,2371.0,2474.0,2672.0,1754.0,1470.0,471.0,671.0,904.0,1022.0,1066.0,1121.0,1232.0,1272.0,2863.0,2185.0,785.0,1126.0,1561.0,1814.0,1931.0,2032.0,2169.0,2304.0,2488.5,1926.5,783.0,1016.5,1334.0,1570.5,1660.0,1787.0,1900.5,1974.0,2477.0,2003.0,667.0,851.5,1157.5,1336.0,1418.0,1540.0,1670.5,1696.5,2629.0,2149.0,767.0,942.0,1223.0,1429.0,1455.0,1596.0,1687.0,1743.0,2204.0,1485.0,533.0,699.0,951.0,1114.0,1190.0,1305.0,1439.0,1463.0,0.0,0.0,0.0,0.0,0.0,0.0,0.0,0.0,0.0,0.0,1544.0,1226.0,458.0,663.0,839.0,946.0,947.0,1020.0,1140.0,1122.0,2040.0,1805.0,864.0,1028.0,1173.0,1295.0,1367.0,1466.0,1443.0,1540.0,2210.0,1890.0,750.0,982.0,1217.0,1361.0,1407.0,1475.0,1566.0,1571.0,2375.0,2046.0,943.0,1134.0,1365.0,1468.0,1562.0,1627.0,1748.0,1720.0,1830.0,1559.0,572.0,701.0,918.0,1019.0,1031.0,1091.0,1177.0,1203.0,2036.0,1731.0,682.0,910.0,1106.0,1226.0,1280.0,1333.0,1422.0,1439.0,2067.0,1771.5,743.5,942.0,1164.0,1269.5,1310.5,1378.0,1466.0,1450.5,"{""type"":""MultiPoint"",""coordinates"":[]}"
699_0,3,1810.5,1517.0,471.0,615.0,865.0,1013.0,1042.0,1127.5,1241.0,1256.5,2217.0,1931.0,825.0,1081.5,1356.5,1467.0,1530.0,1600.0,1689.5,1702.0,2338.0,2038.0,792.5,1038.5,1324.5,1462.5,1522.5,1611.0,1693.0,1715.0,1866.0,1668.5,725.5,940.5,1193.0,1315.0,1366.0,1383.5,1477.0,1453.0,329.0,303.5,759.0,904.0,949.5,1149.5,963.0,1025.0,1016.5,850.5,329.0,303.5,759.0,904.0,949.5,1149.5,963.0,1025.0,1016.5,850.5,488.0,330.5,433.0,609.0,514.0,890.0,1143.5,1242.0,1169.0,1039.0,814.0,603.5,370.5,652.5,422.5,941.0,1651.5,1787.5,1732.0,1597.0,1361.0,720.0,265.5,570.5,312.0,959.5,2852.0,3383.0,3364.5,3227.5,1674.0,872.0,221.0,556.0,344.5,1013.0,2937.5,3723.5,3797.0,3871.0,1546.5,759.5,180.0,407.5,240.0,723.5,2769.5,3770.5,3852.0,3970.5,2057.5,1757.5,526.0,717.5,975.0,1138.5,1175.5,1233.0,1365.0,1416.5,1598.5,780.0,213.5,453.0,251.0,824.0,3000.0,3939.5,3946.5,4151.5,1679.0,801.5,217.0,559.5,333.0,1044.0,3251.5,4218.0,4355.0,4462.0,1755.0,863.0,402.5,860.5,567.5,1467.5,3454.0,4301.5,4338.5,4594.0,1906.0,1058.0,582.0,1098.5,908.5,1939.0,3432.0,3882.5,4010.0,4183.5,2023.0,1142.5,629.0,1161.0,1069.5,2021.0,3189.5,3553.5,3860.0,3886.0,2267.0,1328.0,637.0,1157.0,1218.0,2091.0,3006.0,3314.0,3541.0,3713.0,3119.0,1950.0,939.5,1413.5,1646.0,2349.5,2923.0,3282.5,3453.0,3700.5,3685.0,2544.5,963.5,1361.5,1931.0,2377.5,2669.0,2936.5,3201.0,3374.0,3340.0,2416.5,786.5,1173.5,1726.5,2068.0,2335.5,2534.5,2716.5,2834.0,2445.5,1886.0,690.5,976.5,1374.0,1617.5,1692.0,1836.5,1890.5,2058.5,1880.5,1584.0,430.0,619.5,881.0,1024.0,1062.5,1166.5,1265.5,1324.5,2331.5,1822.0,725.5,1006.0,1383.0,1601.0,1662.5,1790.0,1858.5,1961.5,2438.0,1877.0,848.0,1061.5,1415.0,1666.0,1717.0,1834.5,1936.5,2027.0,2191.0,1755.5,617.0,822.5,1098.0,1249.5,1331.5,1466.5,1567.0,1585.0,2382.5,1950.0,736.0,905.0,1180.0,1344.5,1455.0,1546.0,1620.5,1711.0,1958.5,1458.5,496.0,641.0,878.5,1039.5,1089.0,1185.5,1291.0,1310.0,0.0,0.0,0.0,0.0,0.0,0.0,0.0,0.0,0.0,0.0,1548.5,1190.0,403.0,539.5,756.0,863.5,929.0,998.0,1125.0,1122.5,1766.5,1427.5,563.5,670.5,826.5,969.0,1036.0,1107.0,1218.5,1246.0,2309.0,1938.0,747.0,959.5,1164.5,1352.5,1499.0,1545.0,1698.0,1700.0,2229.0,1823.5,698.5,893.0,1131.5,1299.0,1392.0,1477.0,1617.0,1603.0,2041.5,1652.0,637.5,740.0,946.0,1092.5,1174.0,1270.5,1410.0,1426.5,2015.0,1781.5,615.5,774.0,1002.5,1110.0,1192.0,1286.5,1382.5,1397.5,2015.0,1787.5,591.0,783.0,1004.0,1117.0,1192.0,1286.5,1382.5,1397.5,"{""type"":""MultiPoint"",""coordinates"":[]}"
700_0,3,1733.5,1455.5,602.5,750.0,978.0,1088.0,1124.0,1178.5,1285.5,1286.0,2462.5,2141.5,1029.0,1311.0,1569.0,1680.5,1740.0,1797.0,1907.0,1882.0,2504.5,2183.0,960.5,1250.5,1515.0,1641.0,1689.0,1759.0,1853.5,1848.0,2585.5,2252.5,1024.5,1331.0,1606.0,1739.5,1774.5,1844.0,1925.5,1942.0,1126.0,1071.0,925.0,1153.0,1374.0,1461.0,1491.0,1507.0,1619.0,1571.0,165.0,159.0,639.0,878.0,966.0,1082.0,755.0,840.0,761.0,610.0,413.0,336.0,636.0,899.0,923.0,1218.0,1126.0,1203.0,1096.0,992.0,682.0,551.0,575.0,923.0,784.0,1366.0,1471.0,1534.0,1492.0,1315.0,1015.0,691.0,439.0,830.0,639.0,1421.0,2082.0,2421.0,2372.0,2186.0,959.5,604.5,306.5,609.5,423.0,1013.5,1851.0,2134.0,2073.0,1974.5,1222.5,700.5,282.0,611.5,399.0,1049.5,2356.5,2870.5,2888.0,2732.0,1931.0,1623.0,666.0,847.0,1090.0,1206.0,1211.0,1271.0,1332.0,1394.0,1427.0,726.0,287.0,571.0,351.0,1006.0,2705.0,3376.0,3442.0,3386.0,1272.0,630.0,182.0,471.0,261.0,900.0,2644.0,3273.0,3414.0,3323.0,1255.0,620.0,182.0,460.0,223.0,875.0,2756.0,3295.0,3414.0,3522.0,1410.0,700.0,353.0,735.0,377.0,1186.0,3101.0,3601.0,3789.0,3746.0,1667.0,867.0,402.0,986.0,512.0,1580.0,3318.0,3872.0,4056.0,3982.0,1754.5,975.0,468.0,1078.5,652.5,1809.5,3166.5,3466.0,3706.0,3676.5,2104.0,1198.0,783.0,1422.0,1350.0,2309.0,3027.0,3199.0,3513.0,3494.0,2348.0,1508.0,808.5,1407.5,1517.0,2391.0,2861.0,3076.5,3366.5,3444.5,3114.5,2182.5,1009.5,1494.5,2014.0,2557.5,2798.5,3006.0,3385.0,3431.5,3242.0,2296.0,1052.0,1488.0,2160.0,2511.0,2630.0,2825.0,3005.0,3043.0,1829.0,1522.0,507.0,727.0,982.0,1086.0,1131.0,1206.0,1313.0,1335.0,3242.0,2296.0,880.0,1217.0,1754.0,2010.0,2121.0,2358.0,2546.0,2558.0,3184.5,2398.5,941.5,1245.0,1719.5,1971.5,2080.5,2281.5,2440.5,2501.5,2787.5,2277.5,704.5,903.0,1213.5,1408.5,1486.5,1639.5,1763.5,1845.0,2862.0,2359.0,757.0,946.0,1234.0,1448.0,1517.0,1681.0,1767.0,1844.0,2461.0,1574.0,595.0,760.0,1032.0,1208.0,1257.0,1395.0,1650.0,1614.0,919.0,820.0,776.0,718.0,763.0,811.0,857.0,943.0,921.0,984.0,1654.0,1339.0,514.0,735.0,918.0,1018.0,1053.0,1097.0,1216.0,1196.0,1912.0,1631.0,682.0,844.0,1028.0,1136.0,1152.0,1231.0,1307.0,1327.0,2363.0,2054.0,832.0,1103.0,1346.0,1458.0,1495.0,1549.0,1692.0,1643.0,1943.0,1631.0,1016.0,1024.0,999.0,1081.0,1108.0,1154.0,1397.0,1257.0,1943.0,1631.0,622.0,765.0,988.0,1081.0,1108.0,1154.0,1251.0,1257.0,1999.0,1735.0,733.0,877.0,1095.0,1188.0,1194.0,1295.0,1376.0,1352.0,2210.0,1955.0,831.0,1038.0,1268.5,1367.0,1408.5,1476.5,1608.0,1580.0,"{""type"":""MultiPoint"",""coordinates"":[]}"
701_0,3,1933.0,1586.5,576.5,738.0,997.5,1129.0,1162.5,1215.0,1335.5,1380.5,2341.0,2052.5,926.5,1209.0,1453.5,1565.5,1597.0,1655.0,1750.0,1752.0,2381.0,2079.5,919.5,1167.5,1432.0,1576.5,1586.0,1650.5,1729.5,1727.5,2169.0,1904.0,883.5,1149.0,1383.0,1507.0,1496.5,1590.0,1653.0,1656.0,249.0,189.0,717.0,906.0,949.0,1058.0,803.0,866.0,838.0,701.0,256.0,195.0,717.0,906.0,949.0,1058.0,879.0,945.0,929.0,811.0,496.0,329.0,521.0,710.0,679.0,1054.0,1189.0,1306.0,1260.0,1138.0,826.0,573.0,491.0,706.0,606.0,1068.0,1723.0,1928.0,1736.0,1676.0,1171.0,723.0,371.0,647.0,412.0,1086.0,2613.0,3096.0,3074.0,2878.0,1342.5,757.5,288.0,597.5,375.0,1100.5,2790.5,3373.5,3454.0,3341.5,1415.0,705.5,170.0,415.0,212.5,802.5,2815.5,3657.5,3780.0,3796.0,2153.0,1804.0,669.0,843.0,1098.0,1249.0,1285.0,1364.0,1447.0,1529.0,1454.0,741.0,204.0,471.0,217.0,929.0,3018.0,3887.0,3921.0,3993.0,1571.0,761.0,170.0,570.0,300.0,1127.0,3276.0,4114.0,4298.0,4325.0,1686.0,837.0,351.0,834.0,567.0,1482.0,3548.0,4233.0,4388.0,4422.0,1805.0,1002.0,524.0,1028.0,845.0,1931.0,3352.0,3782.0,3993.0,4080.0,2006.0,1164.0,562.0,1075.0,998.5,1983.0,3060.5,3437.0,3766.5,3738.5,2425.5,1521.0,659.0,1139.5,1318.0,2075.5,2880.0,3175.0,3420.5,3567.0,3260.5,2156.5,1072.0,1462.5,1804.5,2376.0,2883.0,3194.5,3565.0,3611.5,3956.0,2714.5,1071.0,1481.0,2108.0,2529.5,2877.0,3139.0,3579.0,3576.0,3582.0,2592.0,963.5,1426.5,2054.0,2435.5,2604.0,2874.5,3162.5,3253.5,2365.0,1841.0,803.0,1071.0,1509.0,1692.0,1761.0,1888.0,2013.0,2086.0,2136.0,1773.5,646.5,835.0,1097.0,1214.0,1253.5,1334.0,1471.5,1504.5,2429.5,1900.0,822.0,1122.0,1529.5,1702.5,1813.0,1889.5,2025.5,2096.5,2364.0,1853.0,859.5,1121.5,1475.0,1617.0,1707.0,1816.0,1968.5,1989.0,2133.5,1727.0,671.5,875.0,1168.0,1307.5,1352.0,1455.5,1600.0,1608.5,2103.0,1705.0,695.0,925.0,1197.0,1366.0,1450.0,1530.0,1606.0,1645.0,1838.0,1458.0,556.0,689.0,959.0,1055.0,1070.0,1153.0,1333.0,1316.0,0.0,0.0,0.0,0.0,0.0,0.0,0.0,0.0,0.0,0.0,1693.0,1340.0,532.0,696.0,866.0,980.0,1000.0,1064.0,1138.0,1138.0,1919.0,1638.0,664.0,791.0,946.0,1055.0,1080.0,1150.0,1229.0,1255.0,2341.0,2014.0,813.0,1020.0,1231.0,1380.0,1387.0,1425.0,1537.0,1556.0,2288.5,1929.5,859.0,976.5,1200.0,1319.0,1319.5,1400.0,1515.0,1519.0,2131.5,1768.0,754.0,835.0,1043.5,1156.5,1139.5,1222.5,1307.0,1334.5,2024.0,1763.0,708.0,862.0,1044.0,1165.0,1182.0,1294.0,1357.0,1394.0,2022.0,1763.0,708.0,862.0,1074.0,1173.0,1189.0,1294.0,1357.0,1394.0,"{""type"":""MultiPoint"",""coordinates"":[]}"
702_0,3,1581.5,1333.0,748.0,799.0,868.0,1051.0,1163.0,1231.0,1307.5,1305.5,2630.0,2487.0,977.0,1238.0,1560.0,1689.0,1691.0,1772.0,1906.0,1939.0,2665.0,2579.0,957.0,1187.0,1494.0,1643.0,1706.0,1813.0,1896.0,1937.0,1219.5,1186.0,517.5,679.0,794.5,937.0,913.0,982.5,1034.5,985.0,188.0,174.0,280.5,411.5,403.0,543.0,467.5,548.5,512.5,439.0,550.0,384.5,322.5,575.0,413.0,817.0,1097.0,1194.5,1158.5,1083.0,791.0,492.0,286.0,554.0,354.0,855.0,1345.0,1453.0,1449.0,1395.0,992.0,637.0,164.0,480.0,231.0,797.0,1723.0,2196.0,1898.0,2076.0,1019.0,571.0,99.0,268.0,116.0,493.0,1892.0,2407.0,2295.0,2302.0,1295.5,605.5,45.0,224.5,19.5,428.0,2436.5,3981.5,3876.5,4020.0,1328.5,612.5,40.5,219.5,27.5,401.5,2589.5,4435.5,4494.5,4555.0,2635.0,2422.0,1708.0,1811.5,1910.5,2153.5,2332.0,2356.5,2402.0,2430.0,1377.0,630.5,42.5,231.5,29.0,437.5,2709.0,4789.0,4844.0,5039.5,1375.0,641.0,115.0,399.0,117.5,699.5,3046.5,4730.0,4922.5,5083.5,1417.0,685.0,513.0,850.0,589.0,1278.0,3213.0,4434.0,4530.0,4791.0,1608.0,825.0,647.0,1013.0,809.0,1593.0,3193.0,3863.0,4082.0,4165.0,1587.0,847.0,547.0,976.0,809.0,1580.0,2999.0,3633.0,3895.0,3926.0,1922.0,1097.0,495.0,978.0,997.0,1877.0,2931.0,3434.0,3645.0,3779.0,4434.0,3087.5,1117.0,1548.0,2092.5,2716.5,3181.5,3519.0,3804.0,3965.5,4615.0,3369.0,1154.0,1602.0,2318.0,2755.0,2998.0,3255.0,3505.0,3509.0,4529.0,3232.0,1274.0,1722.0,2401.0,2684.0,2966.0,3183.0,3596.0,3579.0,4043.0,2878.5,1137.5,1536.5,2217.5,2540.0,2722.0,2923.0,3083.0,3280.0,1719.0,1385.0,530.0,686.0,831.0,1011.0,1356.0,1411.0,1569.0,1554.0,4008.5,3172.0,970.5,1292.5,1755.5,2070.0,2238.5,2384.0,2576.5,2745.0,3316.0,2864.5,956.0,1129.5,1433.0,1643.0,1814.5,1891.0,2136.5,2201.5,2341.5,2301.0,701.0,763.5,892.5,1066.0,1268.5,1327.0,1502.5,1509.0,2358.5,2281.5,629.0,728.5,855.5,1043.0,1256.5,1342.0,1486.0,1521.0,1951.5,1547.5,413.5,617.5,747.0,1007.0,1386.5,1448.0,1751.0,1733.0,0.0,0.0,0.0,0.0,0.0,0.0,0.0,0.0,0.0,0.0,1679.0,1294.0,322.0,588.0,655.0,1109.0,1615.0,1746.0,1905.0,1884.0,2786.5,2508.0,2221.0,2131.0,1959.0,2345.5,2866.0,3004.5,3329.0,3102.5,1847.0,1327.5,408.5,716.0,690.0,1224.0,2080.5,2203.5,2404.5,2378.0,1922.0,1547.5,539.5,738.5,846.5,1180.5,1643.5,1789.0,1945.5,1944.5,1981.0,1774.0,578.0,726.0,945.0,1143.0,1272.0,1368.0,1470.0,1487.0,2022.0,1882.5,628.0,797.0,1039.0,1155.0,1249.0,1339.5,1450.5,1455.0,2605.5,2521.5,918.0,1162.0,1476.0,1618.0,1643.5,1718.0,1840.0,1870.0,"{""type"":""MultiPoint"",""coordinates"":[]}"
703_0,3,1560.0,1316.0,370.0,473.5,686.5,772.0,809.0,898.0,982.5,1030.5,2090.0,1830.5,753.5,1007.5,1258.0,1374.0,1422.5,1478.0,1560.0,1572.5,2199.5,1928.5,730.0,954.5,1223.0,1337.0,1383.0,1473.0,1551.0,1570.0,2030.5,1816.5,715.5,944.0,1194.0,1314.0,1352.0,1444.0,1504.0,1528.0,361.0,328.0,846.0,970.5,1016.0,1173.0,985.5,998.5,1027.0,868.0,361.0,328.0,846.0,970.5,1016.0,1173.0,985.5,998.5,1027.0,868.0,357.0,274.0,458.5,651.0,563.0,865.0,938.5,1022.0,888.0,863.5,712.5,536.0,336.0,578.0,376.5,880.0,1496.5,1649.5,1528.0,1430.5,1345.0,669.0,190.5,452.5,253.5,855.0,2923.5,3637.5,3724.5,3699.5,1752.5,922.5,224.0,535.5,381.5,1002.5,2953.5,3784.5,3959.0,4066.5,1622.5,814.5,177.0,402.0,261.0,743.5,2713.5,3733.0,3921.0,4049.5,1787.5,1525.5,416.5,594.0,816.5,935.0,956.5,1048.5,1155.0,1185.0,1652.0,812.5,194.0,397.5,232.0,738.5,2794.0,3810.5,3883.5,4174.0,1681.5,788.5,194.0,483.0,227.5,895.5,3113.5,4155.0,4406.0,4450.5,1724.0,834.5,369.5,810.0,476.0,1399.5,3423.5,4300.0,4417.0,4562.5,1923.5,1046.0,572.5,1079.5,826.5,1865.5,3533.0,4091.0,4346.5,4462.5,2041.0,1129.5,602.0,1154.5,974.5,1983.5,3368.0,3890.0,4249.0,4226.0,2282.0,1316.0,625.0,1174.0,1164.0,2056.0,3240.0,3648.0,3940.0,4057.0,3139.0,1944.5,1029.0,1416.0,1617.5,2357.5,3028.5,3412.0,3732.0,3849.5,3811.0,2627.5,1003.0,1457.0,2055.0,2522.0,2897.5,3168.5,3585.5,3672.5,3642.0,2570.0,990.0,1429.5,2060.0,2441.0,2786.0,3049.0,3493.0,3506.5,2533.0,1946.0,833.0,1135.5,1643.0,1888.5,1967.5,2104.5,2230.0,2323.0,1656.0,1371.5,360.5,481.5,726.0,808.0,899.5,942.5,1065.0,1116.0,2403.5,1823.0,767.0,1106.0,1534.5,1740.5,1818.5,1972.5,2102.0,2169.5,2532.0,1932.0,956.0,1217.5,1609.0,1829.5,1888.0,2026.0,2171.5,2260.0,2270.5,1793.0,715.5,894.0,1203.0,1340.5,1431.5,1529.0,1661.5,1701.5,2439.0,1998.0,784.5,956.5,1257.0,1439.5,1515.0,1595.0,1716.5,1794.5,2016.0,1437.0,550.0,724.0,982.5,1097.0,1187.0,1282.5,1433.0,1411.5,0.0,0.0,0.0,0.0,0.0,0.0,0.0,0.0,0.0,0.0,1408.5,1078.0,333.5,458.0,639.0,726.0,795.5,853.5,958.5,996.0,1590.5,1291.0,465.5,562.5,721.5,846.5,917.0,986.0,1079.5,1118.0,2082.5,1697.0,631.5,821.5,1004.5,1167.5,1300.0,1380.0,1483.0,1535.5,2028.5,1666.0,549.5,753.0,961.5,1123.5,1234.5,1345.0,1414.5,1449.5,1828.5,1477.5,516.5,608.0,791.5,938.5,1036.5,1106.5,1209.0,1256.0,1832.0,1611.0,553.0,683.5,894.5,984.0,1060.0,1131.0,1227.0,1228.0,1832.0,1645.5,506.5,686.5,894.5,984.0,1060.0,1131.0,1227.0,1228.0,"{""type"":""MultiPoint"",""coordinates"":[]}"
704_0,3,1732.0,1414.0,581.0,722.0,951.5,1097.0,1115.0,1186.0,1250.5,1276.0,2431.5,2144.0,995.0,1268.0,1536.5,1662.0,1668.5,1747.5,1839.5,1830.0,2412.0,2127.0,889.0,1152.5,1402.5,1532.5,1558.5,1628.0,1720.5,1717.0,2307.0,2030.5,860.5,1110.5,1343.5,1455.0,1495.5,1551.5,1630.0,1641.0,369.0,341.0,660.0,942.0,994.0,1241.0,995.0,1031.0,1012.0,896.0,415.0,341.0,817.0,1067.0,1147.0,1381.0,1243.0,1252.0,1242.0,1228.0,415.0,269.0,729.0,996.0,1048.0,1330.0,1243.0,1252.0,1240.0,1211.0,435.0,296.0,706.0,996.0,1001.0,1338.0,1310.0,1411.0,1256.0,1248.0,581.0,363.0,638.0,887.0,807.0,1101.0,1265.0,1440.0,1370.0,1295.0,658.0,396.0,321.0,558.5,470.0,854.5,1262.0,1469.0,1362.5,1331.5,1020.5,572.0,273.5,486.5,332.0,870.0,1996.5,2379.5,2314.0,2318.0,1961.5,1660.5,710.5,894.5,1103.5,1231.5,1270.5,1309.5,1398.0,1427.5,1272.0,692.0,256.0,489.0,361.0,864.0,2230.0,2845.0,2749.0,2827.0,1193.0,620.0,150.0,408.0,256.0,758.0,2185.0,2860.0,2763.0,2794.0,1209.0,598.0,147.0,376.0,228.0,684.0,2468.0,3199.0,3181.0,3283.0,1368.0,692.0,305.0,623.0,314.0,996.0,2860.0,3621.0,3631.0,3697.0,1541.0,776.0,347.0,769.0,438.0,1321.0,3039.0,3650.0,3781.0,3823.0,1573.5,833.0,352.5,813.0,466.5,1405.0,2943.5,3369.0,3509.5,3619.5,1916.0,1021.0,715.0,1247.0,1138.0,2032.0,2976.0,3292.0,3511.0,3596.0,2235.0,1372.0,728.5,1290.5,1321.5,2276.0,3002.0,3260.0,3544.0,3654.5,3239.0,2240.5,1006.5,1500.5,1928.5,2603.0,3020.5,3250.5,3601.5,3720.5,2973.0,2058.0,875.0,1221.0,1755.0,2105.0,2310.0,2425.0,2584.0,2745.0,1774.0,1490.0,515.0,712.0,973.0,1105.0,1099.0,1192.0,1280.0,1323.0,3368.0,2578.0,886.0,1228.0,1755.0,2105.0,2310.0,2425.0,2584.0,2745.0,3166.5,2407.5,898.5,1172.5,1595.0,1887.5,1993.5,2163.0,2327.5,2407.5,2858.0,2346.5,737.5,960.0,1302.0,1546.0,1599.0,1749.5,1932.5,2003.5,2630.0,2131.0,851.0,1040.0,1320.0,1522.0,1576.0,1727.0,1856.0,1913.0,2019.0,1498.0,518.0,664.0,888.0,1016.0,1106.0,1204.0,1344.0,1336.0,868.0,672.0,742.0,726.0,718.0,731.0,757.0,778.0,967.0,802.0,1782.0,1501.0,565.0,758.0,963.0,1106.0,1110.0,1176.0,1245.0,1270.0,1654.0,1458.0,698.0,761.0,896.0,997.0,1036.0,1112.0,1144.0,1217.0,2314.0,2072.0,811.0,1043.0,1293.0,1446.0,1460.0,1579.0,1610.0,1613.0,2521.0,2238.0,1002.0,1203.0,1448.0,1588.0,1644.0,1676.0,1853.0,1831.0,1946.0,1663.0,605.0,746.0,976.0,1079.0,1073.0,1122.0,1208.0,1264.0,1906.0,1616.0,695.0,816.0,1021.0,1115.0,1130.0,1178.0,1276.0,1308.0,2118.5,1895.5,743.5,945.5,1168.5,1297.0,1323.5,1393.5,1475.0,1476.0,"{""type"":""MultiPoint"",""coordinates"":[]}"
705_0,3,3218.0,2424.0,976.5,1080.5,1422.0,1619.5,1759.5,1948.5,2136.5,2235.0,2227.0,2065.0,665.0,937.0,1263.0,1346.0,1430.0,1534.0,1633.0,1642.0,2496.0,2357.0,815.0,1088.0,1437.0,1590.0,1609.0,1768.0,1820.0,1870.0,1179.5,1122.0,518.0,697.0,881.0,945.0,851.5,904.0,946.0,893.0,373.0,339.0,548.0,732.0,760.0,870.0,656.0,687.0,710.0,559.0,373.0,339.0,321.0,584.0,511.0,825.0,656.0,687.0,710.0,559.0,577.0,477.0,225.0,547.0,301.0,816.0,961.0,1043.0,957.0,905.0,1361.0,786.0,236.0,584.0,292.0,909.0,2151.0,2479.0,2448.0,2474.0,1216.0,677.0,213.0,471.0,173.0,717.0,2039.0,2542.0,2427.0,2428.0,1211.5,613.5,96.0,338.5,115.5,611.0,2266.5,2980.5,2873.0,2920.0,1194.0,586.5,57.5,240.5,41.0,444.0,2314.5,3338.5,3338.0,3333.0,3436.0,2683.0,739.0,924.0,1307.0,1509.0,1595.0,1773.0,2020.0,2056.0,1377.0,641.0,48.0,254.5,23.5,495.5,2764.0,4073.5,4068.5,4132.5,1379.0,654.0,141.0,635.0,222.5,1106.5,3291.0,4283.0,4350.0,4444.5,1416.0,680.0,519.0,911.0,650.0,1396.0,3352.0,4090.0,4141.0,4291.0,1478.0,845.0,756.0,1186.0,1109.0,1980.0,3153.0,3554.0,3699.0,3762.0,1691.0,986.0,650.0,1171.0,1109.0,2061.0,3026.0,3309.0,3526.0,3605.0,2073.0,1227.0,658.0,1241.0,1288.0,2196.0,3026.0,3309.0,3515.0,3623.0,4590.0,3254.0,1253.5,1707.5,2395.5,2904.5,3210.5,3521.5,3814.5,4017.0,4311.5,3225.5,1136.0,1542.0,2195.0,2567.0,2845.0,3124.0,3420.5,3477.0,3906.0,2846.0,1082.0,1466.0,1931.0,2188.0,2490.0,2675.0,3009.0,3029.0,3395.0,2512.5,860.0,1179.5,1612.0,1939.5,2211.5,2406.0,2575.0,2691.0,3216.0,2417.0,652.0,887.0,1265.0,1464.0,1533.0,1692.0,1956.0,2017.0,3521.0,2827.0,774.5,1049.0,1361.0,1651.0,1950.0,2128.0,2263.0,2396.5,3421.0,2765.0,1536.0,1689.0,1892.0,2112.0,2410.0,2576.0,2743.0,2761.5,3162.5,2604.0,762.5,903.5,1055.5,1350.0,1629.0,1793.0,1934.0,2007.0,3042.0,2496.5,742.5,899.5,1025.0,1347.5,1629.0,1791.0,1907.5,2004.5,2382.5,1717.0,450.5,667.5,829.5,1134.5,1359.5,1526.5,1704.0,1756.5,0.0,0.0,0.0,0.0,0.0,0.0,0.0,0.0,0.0,0.0,3628.0,2719.0,797.0,1072.0,1570.0,1809.0,1862.0,2029.0,2283.0,2358.0,2750.0,2234.0,914.0,1133.0,1618.0,1860.0,1875.0,2054.0,2283.0,2389.0,3551.0,2742.0,930.0,1204.0,1660.0,1875.0,1936.0,2123.0,2390.0,2441.0,2118.0,1667.5,612.5,711.5,960.5,1049.5,1125.5,1227.5,1405.0,1413.0,1051.5,872.5,339.5,428.5,594.5,616.5,656.5,697.0,791.5,768.5,2046.0,1877.0,609.0,806.0,1096.0,1205.0,1242.0,1300.0,1449.0,1459.0,2054.5,1880.0,600.0,834.5,1124.0,1232.0,1260.5,1344.0,1478.5,1467.5,"{""type"":""MultiPoint"",""coordinates"":[]}"
706_0,3,1363.5,1128.5,609.0,644.5,725.0,861.5,968.0,1051.0,1085.5,1132.0,2507.0,2379.0,946.0,1181.0,1483.0,1636.0,1626.0,1695.0,1796.0,1807.0,2441.0,2364.0,927.0,1138.0,1435.0,1546.0,1599.0,1684.0,1760.0,1777.0,798.5,788.0,577.0,759.0,898.0,1023.0,990.5,1023.0,913.0,892.5,655.0,618.5,680.0,868.5,879.0,977.0,828.5,902.5,765.5,749.0,665.5,475.0,382.5,685.0,495.5,909.0,1190.5,1295.0,1252.0,1166.5,822.0,571.0,347.0,690.0,450.0,943.0,1367.0,1469.0,1383.0,1368.0,1208.0,720.0,181.0,553.0,202.0,851.0,2005.0,2373.0,2363.0,2200.0,1258.0,686.0,72.0,316.0,102.0,639.0,2338.0,3316.0,3252.0,3186.0,1359.0,659.0,49.5,230.0,33.0,459.0,2612.0,4143.0,4213.5,4253.0,1319.5,622.5,43.5,229.5,31.5,444.0,2632.0,4406.0,4510.5,4547.0,1957.0,1630.5,1158.5,1203.0,1265.5,1435.5,1638.0,1681.5,1794.5,1763.0,1370.5,650.5,58.5,258.0,42.0,501.0,2772.5,4577.0,4658.0,4784.0,1383.0,660.0,156.5,513.5,180.5,948.5,3161.0,4483.5,4698.0,4811.5,1465.0,717.0,511.0,870.0,621.0,1340.0,3338.0,4302.0,4437.0,4630.0,1614.0,875.0,703.0,1104.0,960.0,1775.0,3141.0,3767.0,3922.0,3981.0,1669.0,927.0,607.0,1084.0,985.0,1783.0,2893.0,3360.0,3647.0,3683.0,2025.0,1203.0,595.0,1084.0,1223.0,2030.0,2863.0,3163.0,3405.0,3496.0,4427.5,3061.5,1147.5,1631.5,2214.0,2672.0,3056.5,3310.0,3572.0,3743.5,4591.0,3341.0,1207.0,1675.0,2432.0,2844.0,3079.0,3265.0,3561.0,3564.0,4185.0,3158.0,1207.0,1675.0,2264.0,2613.0,2823.0,3053.0,3397.0,3472.0,3160.0,2546.0,1037.5,1423.5,2040.5,2279.5,2351.5,2475.5,2802.5,2671.5,1683.0,1375.0,359.0,559.0,735.0,946.0,1136.0,1285.0,1386.0,1408.0,3656.5,2934.0,897.5,1192.5,1689.5,1986.0,2132.0,2307.5,2468.0,2606.0,3022.5,2652.5,928.0,1095.0,1359.5,1569.0,1674.0,1873.0,2007.0,2027.5,2770.5,2624.0,1041.0,1120.0,1252.5,1457.0,1689.0,1798.0,1928.0,1909.0,2419.5,2346.0,633.5,752.0,888.5,1100.5,1277.0,1372.5,1502.5,1514.5,1629.5,1339.5,365.5,546.0,688.5,912.5,1225.5,1340.5,1502.5,1491.5,0.0,0.0,0.0,0.0,0.0,0.0,0.0,0.0,0.0,0.0,1557.0,1148.0,273.0,471.0,580.0,910.0,1098.0,1252.0,1341.0,1426.0,3014.5,2758.5,2195.0,2252.0,2194.0,2566.0,3002.0,3175.0,3367.5,3197.0,1858.5,1418.0,466.5,708.0,771.0,1150.5,1627.5,1735.0,1870.5,1881.5,1906.0,1574.5,558.0,737.5,874.0,1143.5,1362.0,1483.5,1614.5,1608.5,1998.0,1738.0,567.0,719.0,938.0,1134.0,1162.0,1270.0,1388.0,1388.0,2189.5,2029.0,721.5,894.0,1174.5,1305.0,1399.0,1482.5,1586.0,1630.0,2454.5,2391.5,792.0,1014.0,1315.0,1434.0,1550.5,1637.0,1711.0,1770.5,"{""type"":""MultiPoint"",""coordinates"":[]}"
707_0,3,1960.0,1596.5,629.5,760.5,1029.0,1183.0,1228.0,1258.5,1369.5,1412.0,2242.5,1881.5,777.0,985.5,1224.5,1363.0,1412.0,1488.5,1591.0,1632.0,2602.5,2206.5,980.5,1267.0,1556.5,1682.5,1708.5,1769.5,1875.0,1909.5,2947.5,2494.5,1177.0,1489.5,1796.5,1940.5,2005.5,2099.0,2173.5,2204.5,1090.0,987.0,1035.0,1387.0,1396.0,1555.0,1238.0,1262.0,1319.0,1329.0,398.0,302.0,670.0,918.0,995.0,1171.0,938.0,1087.0,1014.0,877.0,697.0,500.0,670.0,918.0,995.0,1207.0,1337.0,1419.0,1433.0,1313.0,1112.0,699.0,599.0,892.0,797.0,1241.0,1712.0,1825.0,1731.0,1744.0,1431.0,855.0,450.0,782.0,562.0,1101.0,2237.0,2544.0,2414.0,2390.0,1737.0,896.0,289.5,604.5,357.0,945.0,2907.0,3842.5,3678.0,3797.0,1645.0,809.0,177.5,396.0,209.0,682.5,2887.5,4210.0,4227.5,4394.0,2180.0,1802.0,705.0,897.0,1116.0,1294.0,1321.0,1427.0,1474.0,1577.0,1654.0,802.0,217.0,424.0,234.0,673.0,3070.0,4453.0,4496.0,4780.0,1693.0,789.0,127.0,433.0,213.0,791.0,3392.0,4805.0,4896.0,5139.0,1763.0,850.0,292.0,735.0,435.0,1330.0,3640.0,4783.0,4980.0,5140.0,1951.0,987.0,505.0,1016.0,715.0,1857.0,3722.0,4528.0,4630.0,4890.0,2024.5,1119.5,548.0,1087.0,859.5,1940.0,3568.0,4062.5,4372.0,4440.0,2491.5,1533.0,686.0,1261.0,1389.0,2344.0,3443.0,3926.5,4065.5,4259.5,3224.0,2155.5,1079.0,1677.0,2188.0,3084.0,3789.5,4096.5,4465.5,4611.5,4009.0,2774.5,1274.5,1820.0,2536.5,3199.5,3573.5,3884.0,4214.0,4305.0,3907.0,2902.0,1215.0,1630.0,2331.0,2776.0,2896.0,3129.0,3345.0,3472.0,3980.5,2837.0,1188.5,1672.5,2412.5,2826.5,2934.0,3244.5,3299.0,3516.0,2182.5,1805.5,684.5,878.0,1119.5,1244.5,1313.5,1380.0,1497.5,1511.5,3036.5,2320.0,877.5,1192.0,1678.5,1927.0,1983.5,2122.0,2315.5,2351.5,2942.0,2260.0,907.5,1162.5,1592.5,1840.0,1921.0,2039.5,2187.5,2307.0,2634.0,2122.5,715.5,928.5,1251.0,1404.5,1484.0,1577.5,1728.5,1786.0,2669.0,2175.0,773.0,953.5,1253.0,1408.0,1485.5,1584.5,1719.5,1758.0,1911.0,1387.0,535.0,687.0,943.0,1043.0,1046.0,1143.0,1274.0,1264.0,0.0,0.0,0.0,0.0,0.0,0.0,0.0,0.0,0.0,0.0,1831.0,1442.0,609.0,794.0,1018.0,1124.0,1143.0,1203.0,1288.0,1344.0,2064.0,1690.0,746.0,870.0,1045.0,1150.0,1158.0,1226.0,1358.0,1352.0,2603.0,2202.0,946.0,1176.0,1398.0,1552.0,1562.0,1642.0,1767.0,1778.0,2790.0,2357.0,1210.0,1345.0,1548.0,1728.0,1789.0,1909.0,2038.0,2019.0,2057.5,1648.5,678.0,832.5,1034.5,1171.0,1131.0,1230.0,1311.5,1328.0,2509.0,2136.0,947.0,1119.0,1346.0,1488.0,1587.0,1704.0,1811.0,1813.0,2402.0,1969.0,780.0,1031.0,1280.0,1397.0,1482.0,1557.0,1639.0,1696.0,"{""type"":""MultiPoint"",""coordinates"":[]}"
708_0,3,1179.0,997.0,478.5,567.0,693.5,731.5,769.5,803.0,866.0,839.0,1737.0,1469.0,669.0,861.5,1046.5,1136.5,1189.5,1246.5,1308.0,1319.0,1755.0,1493.5,687.0,887.5,1079.5,1166.5,1172.0,1260.0,1321.0,1334.5,636.0,572.5,571.5,800.5,885.0,990.5,836.0,853.5,889.5,808.0,345.0,302.0,585.0,781.0,756.0,967.0,846.0,881.0,870.0,754.0,374.0,322.0,519.0,752.0,676.0,967.0,846.0,881.0,870.0,754.0,1039.0,713.0,534.0,962.0,591.0,1372.0,1829.0,1917.0,1767.0,1818.0,1699.0,951.0,534.0,1083.0,589.0,1528.0,3406.0,3668.0,3804.0,3514.0,1704.0,882.0,390.0,949.0,415.0,1403.0,4156.0,4757.0,4432.0,4724.0,1625.0,774.5,265.5,811.5,298.0,1340.5,4268.5,5271.0,5087.0,5324.0,1530.5,740.5,201.0,675.5,215.5,1191.5,4147.0,5243.5,5064.5,5298.0,1412.0,1189.0,587.0,688.0,827.0,899.0,904.0,971.0,1054.0,1046.0,1522.0,738.0,231.0,683.0,234.0,1130.0,3901.0,5002.0,4953.0,5144.0,1510.0,738.0,172.0,621.0,194.0,1121.0,3871.0,4942.0,4967.0,5109.0,1601.0,766.0,284.0,786.0,380.0,1359.0,4014.0,4975.0,4986.0,5139.0,1806.0,931.0,464.0,1010.0,597.0,1784.0,3871.0,4545.0,4733.0,4913.0,1855.0,995.5,514.0,1111.0,691.5,1953.0,3684.5,4199.5,4533.0,4472.5,2070.0,1165.0,585.5,1241.0,1060.5,2284.0,3574.0,3911.5,4166.5,4338.5,2381.5,1344.0,912.5,1502.0,1496.5,2381.5,3452.0,3732.5,4042.5,4146.0,4406.0,2954.0,1392.0,1899.0,2387.0,3376.5,3785.5,4132.5,4516.0,4630.5,4634.0,3031.0,1512.0,2134.0,3070.0,3856.0,4020.0,4407.0,4593.0,4795.0,3329.0,2346.0,1141.5,1471.0,2010.0,2515.0,2684.0,2805.5,2721.5,3095.5,1469.0,1055.0,520.0,687.0,856.0,937.0,952.0,1037.0,1086.0,1086.0,2758.0,2009.0,898.0,1213.0,1641.0,1613.0,1861.0,1743.0,2179.0,2174.0,2336.5,1844.0,718.5,901.0,1176.5,1472.5,1512.0,1632.0,1574.5,1716.5,2536.5,2122.0,688.5,946.0,1281.0,1467.5,1553.5,1677.5,1757.5,1811.5,2629.0,2240.0,798.5,1034.5,1370.0,1566.5,1587.5,1714.5,1810.5,1817.0,2115.0,1442.0,540.0,688.0,989.0,1176.0,1236.0,1363.0,1427.0,1521.0,0.0,0.0,0.0,0.0,0.0,0.0,0.0,0.0,0.0,0.0,1926.0,1693.0,674.0,872.0,1037.0,1154.0,1225.0,1281.0,1365.0,1341.0,1507.0,1221.0,546.0,697.0,734.0,939.0,1162.0,1233.0,1185.0,1296.0,1551.0,1093.0,466.0,710.5,619.5,956.0,1788.5,1965.5,2041.0,1989.5,1349.0,1006.5,422.5,559.5,588.0,783.0,1249.5,1370.0,1457.0,1437.5,1348.0,1097.0,497.5,566.5,703.5,784.5,837.0,912.5,983.0,988.0,1658.0,1434.0,632.5,760.5,922.0,1013.5,1067.5,1139.0,1193.0,1191.0,1642.5,1378.5,615.5,800.0,975.5,1062.5,1096.5,1161.0,1218.5,1235.0,"{""type"":""MultiPoint"",""coordinates"":[]}"
709_0,3,2059.5,1692.5,643.5,804.5,1083.0,1215.0,1241.5,1329.0,1449.5,1460.0,2446.5,2054.5,831.5,1061.5,1330.5,1469.5,1493.0,1613.5,1723.0,1731.5,2767.0,2383.5,1001.0,1317.5,1644.0,1759.5,1766.0,1854.0,1990.0,2007.5,3011.5,2573.5,1145.5,1460.5,1794.5,1942.0,1945.5,2065.0,2186.0,2194.0,579.0,462.0,884.0,1148.0,1181.0,1327.0,1004.0,1023.0,991.0,950.0,708.0,569.0,777.0,1047.0,1181.0,1327.0,1100.0,1146.0,986.0,1218.0,691.0,473.0,532.0,847.0,811.0,1133.0,1267.0,1347.0,1372.0,1283.0,881.0,682.0,533.0,847.0,734.0,1155.0,1507.0,1660.0,1577.0,1508.0,1506.0,867.0,364.0,671.0,457.0,1011.0,2410.0,2950.0,2950.0,2781.0,1778.0,938.5,273.0,610.0,300.5,960.5,2971.5,3828.0,3942.5,3881.0,1606.5,803.5,123.0,361.5,165.0,716.5,2938.5,4058.0,4263.0,4254.5,2297.0,1925.0,754.0,915.0,1172.0,1350.0,1380.0,1448.0,1534.0,1557.0,1619.0,803.0,168.0,390.0,187.0,712.0,3029.0,4399.0,4513.0,4459.0,1664.0,811.0,99.0,447.0,173.0,866.0,3456.0,4729.0,5029.0,4984.0,1744.0,850.0,330.0,850.0,474.0,1449.0,3789.0,4857.0,5072.0,5132.0,1928.0,998.0,540.0,1118.0,783.0,1956.0,3747.0,4427.0,4660.0,4744.0,1993.5,1144.5,589.0,1192.5,969.0,2067.5,3537.5,4022.0,4385.0,4324.5,2523.0,1548.0,758.5,1383.5,1513.0,2439.0,3514.5,3850.0,4170.0,4247.0,3174.0,2072.0,1113.5,1721.0,2273.0,3048.0,3756.0,4141.5,4551.5,4520.5,4081.0,2894.5,1332.5,1876.0,2579.5,3089.0,3347.5,3610.0,3965.5,4014.0,3748.0,2663.0,1225.0,1655.0,2411.0,2728.0,2858.0,3102.0,3430.0,3441.0,3529.5,2523.0,1185.5,1643.0,2396.0,2696.0,2937.0,3106.0,3270.5,3458.5,2269.5,1891.5,671.5,869.5,1148.5,1278.5,1304.0,1410.0,1542.0,1571.0,2512.0,1975.5,683.0,956.5,1332.0,1522.0,1633.0,1679.5,1755.0,1838.0,2472.0,1942.0,801.5,1036.0,1380.5,1557.0,1607.5,1702.0,1839.5,1856.5,2266.5,1835.0,644.5,835.5,1130.5,1280.5,1330.0,1397.5,1537.0,1574.5,2373.5,1923.5,711.5,877.0,1146.0,1320.5,1394.5,1484.5,1549.5,1637.0,1983.0,1348.0,531.0,671.0,945.0,1060.0,1096.0,1163.0,1303.0,1329.0,0.0,0.0,0.0,0.0,0.0,0.0,0.0,0.0,0.0,0.0,1825.0,1402.0,586.0,760.0,972.0,1076.0,1107.0,1186.0,1312.0,1277.0,2133.0,1777.0,715.0,867.0,1044.0,1175.0,1193.0,1251.0,1360.0,1395.0,2602.0,2183.0,899.0,1119.0,1356.0,1499.0,1507.0,1614.0,1729.0,1741.0,2313.0,1810.0,783.0,900.0,1146.0,1245.0,1239.0,1306.0,1421.0,1438.0,2163.5,1719.5,695.0,842.5,1060.5,1163.5,1192.0,1266.5,1393.0,1397.5,2621.0,2204.0,935.0,1102.0,1313.0,1444.0,1622.0,1734.0,1780.0,1865.0,2448.0,2045.0,772.0,1029.0,1278.0,1411.0,1464.0,1555.0,1683.0,1674.0,"{""type"":""MultiPoint"",""coordinates"":[]}"
710_0,3,2394.5,1713.5,825.0,916.0,1175.5,1346.0,1393.5,1532.5,1699.0,1790.5,2217.0,2053.0,656.0,903.0,1196.0,1335.0,1356.0,1461.0,1536.0,1592.0,2326.0,2148.0,721.0,935.0,1258.0,1373.0,1399.0,1535.0,1550.0,1622.0,2251.5,2097.0,747.0,982.0,1290.5,1414.5,1463.0,1551.5,1612.5,1665.5,617.0,557.0,943.0,1002.0,1061.0,1166.0,919.0,960.0,950.0,796.0,617.0,557.0,943.0,1002.0,1061.0,1166.0,919.0,960.0,950.0,796.0,622.0,474.0,401.0,815.0,481.0,1166.0,1414.0,1513.0,1474.0,1461.0,1444.0,845.0,327.0,797.0,481.0,1272.0,2686.0,2860.0,2786.0,2946.0,1115.0,624.0,275.0,562.0,341.0,855.0,2027.0,2309.0,2301.0,2290.0,1198.0,611.0,146.0,441.5,161.0,784.5,2500.0,3047.5,3028.0,3044.0,1244.5,614.0,124.5,430.5,173.0,749.0,2453.5,3158.0,3082.0,3234.0,3606.0,2800.0,1091.0,1314.0,1675.5,1904.0,1960.0,2096.0,2331.0,2395.5,1245.0,606.0,100.5,296.5,110.0,547.0,2362.5,3316.0,3332.5,3481.5,1100.5,533.0,65.0,260.0,52.5,520.5,2425.0,3594.0,3552.0,3698.0,1106.0,514.0,455.0,725.0,484.0,1021.0,2633.0,3565.0,3572.0,3816.0,1270.0,664.0,589.0,952.0,691.0,1444.0,2955.0,3578.0,3711.0,3816.0,1270.0,664.0,486.0,906.0,691.0,1457.0,2775.0,3298.0,3484.0,3499.0,1507.0,861.0,431.0,899.0,904.0,1663.0,2711.0,3024.0,3230.0,3420.0,2032.0,1161.0,649.5,1193.5,1378.0,2149.0,2808.0,3140.5,3369.0,3498.0,2502.0,1547.0,1011.0,1486.5,1816.5,2418.0,2877.5,3164.5,3483.0,3576.5,4071.0,2823.0,1208.0,1594.0,2275.0,2690.0,2946.0,3223.0,3583.0,3722.0,3699.0,2540.5,1104.5,1565.0,2325.5,2800.0,2908.5,3124.0,3380.0,3608.5,3392.0,2654.5,771.0,999.0,1396.5,1564.5,1647.5,1788.5,2069.0,2133.0,4038.5,2865.0,1085.5,1495.5,2103.5,2483.5,2648.5,2884.0,3038.0,3303.5,4932.5,4135.0,2722.5,2969.0,3374.0,3753.5,3844.0,3997.5,4197.0,4282.0,3234.5,2453.5,889.5,1110.0,1512.0,1747.0,1856.0,2018.0,2233.0,2325.5,3361.0,2612.0,965.0,1161.5,1519.5,1775.5,1881.5,2056.0,2225.0,2338.5,2769.5,2014.5,682.5,899.0,1262.0,1488.0,1593.0,1726.0,1950.0,2003.0,0.0,0.0,0.0,0.0,0.0,0.0,0.0,0.0,0.0,0.0,3591.0,2745.0,813.0,1125.0,1591.0,1819.0,1841.0,2017.0,2219.0,2331.0,4060.5,3161.0,1037.5,1262.5,1696.0,1959.0,2044.5,2236.5,2470.0,2571.5,3595.5,2868.0,910.5,1164.0,1545.5,1749.0,1864.0,2000.0,2245.5,2274.0,1780.5,1588.0,537.5,661.5,911.0,1030.5,1056.0,1097.0,1196.5,1242.5,1927.0,1717.0,563.0,705.0,1000.0,1131.0,1107.0,1111.0,1226.0,1339.0,2010.0,1874.0,616.0,780.0,1064.0,1187.0,1195.0,1268.0,1356.0,1360.0,2025.5,1863.0,594.0,794.0,1076.5,1203.0,1204.5,1297.0,1381.0,1386.0,"{""type"":""MultiPoint"",""coordinates"":[]}"
711_0,3,1739.5,1457.5,736.0,813.5,952.5,1134.0,1281.5,1347.0,1392.0,1469.5,2577.0,2409.0,906.0,1157.0,1478.0,1622.0,1650.0,1711.0,1828.0,1860.0,2589.0,2515.0,901.0,1127.0,1428.0,1561.0,1614.0,1725.0,1805.0,1835.0,687.0,650.5,630.5,792.0,941.5,1055.5,880.0,939.0,876.5,874.0,362.0,341.5,539.0,697.5,686.0,829.0,580.0,659.0,547.5,514.0,461.5,318.0,372.5,559.0,474.5,780.0,891.0,981.5,966.5,908.5,628.0,412.0,349.0,547.0,455.0,823.0,1071.0,1094.0,1012.0,1083.0,816.0,509.0,195.0,445.0,282.0,785.0,1415.0,1638.0,1422.0,1525.0,792.0,528.0,77.0,229.0,79.0,517.0,1182.0,1606.0,1356.0,1488.0,1137.0,553.0,48.0,217.5,0.0,409.5,2210.0,3211.0,3175.5,3264.0,1211.0,551.5,15.0,160.5,0.0,353.5,2301.0,3827.5,3870.0,4000.5,2408.5,2081.5,1521.0,1606.0,1669.0,1857.5,2014.5,2115.5,2087.0,2176.5,1260.5,575.5,13.5,135.5,0.0,325.5,2416.0,4389.0,4445.0,4604.0,1275.0,575.0,85.0,349.0,73.0,724.0,2891.0,4526.0,4699.0,4879.0,1422.0,657.0,509.0,821.0,563.0,1218.0,3195.0,4462.0,4538.0,4724.0,1557.0,799.0,631.0,962.0,750.0,1511.0,3109.0,3811.0,4087.0,4152.0,1574.0,833.0,515.0,926.0,750.0,1511.0,2882.0,3580.0,3884.0,3937.0,1879.0,1082.0,467.0,926.0,913.0,1686.0,2938.0,3381.0,3657.0,3752.0,4495.0,3170.5,1166.5,1575.0,2119.0,2551.5,3046.0,3360.0,3709.0,3782.0,4706.0,3493.0,1201.0,1663.0,2403.0,2802.0,3065.0,3306.0,3611.0,3590.0,4707.0,3390.0,1250.0,1741.0,2478.0,2789.0,3030.0,3232.0,3719.0,3699.0,4171.5,2995.5,1144.5,1556.5,2271.5,2571.0,2726.0,3022.0,3201.0,3417.0,1676.0,1364.0,473.0,637.0,759.0,946.0,1217.0,1308.0,1426.0,1480.0,4048.5,3187.5,986.5,1312.5,1736.5,2039.0,2202.5,2412.5,2573.0,2709.5,3307.0,2779.5,965.5,1139.5,1416.0,1646.0,1838.5,1952.5,2151.5,2213.5,2436.0,2003.5,699.5,801.0,898.0,1224.5,1631.0,1682.0,1863.0,1955.5,2711.5,2296.0,676.0,835.5,928.5,1233.0,1689.5,1837.0,1950.5,1991.0,1970.5,1411.5,353.0,601.5,620.0,1058.5,1807.5,1989.5,2164.5,2185.0,0.0,0.0,0.0,0.0,0.0,0.0,0.0,0.0,0.0,0.0,1568.0,1171.0,271.0,508.0,560.0,939.0,1385.0,1390.0,1556.0,1646.0,2285.5,1900.5,1286.5,1432.5,1450.0,1773.5,2267.5,2360.5,2466.0,2385.0,1812.0,1357.5,379.5,651.5,693.0,1098.0,1731.0,1856.0,2009.5,2002.0,1857.0,1505.5,498.5,659.0,778.0,1075.0,1453.5,1598.5,1692.0,1725.0,1903.0,1688.0,497.0,638.0,840.0,1055.0,1152.0,1264.0,1347.0,1384.0,2095.5,1972.0,642.0,826.0,1059.5,1185.0,1287.0,1381.0,1494.0,1498.0,2481.5,2374.5,819.0,1052.5,1335.0,1488.0,1529.5,1637.0,1740.5,1772.0,"{""type"":""MultiPoint"",""coordinates"":[]}"
712_0,3,1649.5,1372.0,540.0,664.0,866.0,999.0,1037.0,1099.5,1149.5,1214.0,2292.5,1975.5,901.0,1172.0,1408.0,1521.5,1562.5,1635.0,1726.0,1727.0,2347.5,2043.0,915.5,1195.5,1415.5,1540.5,1584.5,1657.0,1731.0,1751.5,2353.5,2083.0,948.5,1207.0,1436.0,1557.5,1603.5,1683.0,1731.5,1750.0,306.0,276.0,999.0,1273.0,1302.0,1392.0,1027.0,1060.0,1002.0,796.0,306.0,272.0,761.0,1060.0,1079.0,1364.0,1027.0,1060.0,1002.0,796.0,438.0,364.0,658.0,1060.0,924.0,1364.0,1215.0,1390.0,1307.0,1085.0,768.0,614.0,583.0,947.0,815.0,1534.0,1762.0,1909.0,1833.0,1677.0,762.0,569.0,528.0,845.0,748.0,1276.0,1587.0,1787.0,1723.0,1549.0,955.5,592.0,323.5,623.5,473.5,1048.0,1864.0,2129.5,2144.0,1962.0,1426.5,772.5,274.0,600.5,408.0,966.5,2509.0,3245.0,3282.0,3263.5,1852.0,1551.0,601.0,799.0,1003.0,1146.0,1124.0,1214.0,1225.0,1298.0,1431.0,729.0,343.0,615.0,406.0,879.0,2603.0,3315.0,3383.0,3435.0,1324.0,617.0,133.0,400.0,203.0,717.0,2635.0,3525.0,3647.0,3617.0,1299.0,617.0,133.0,399.0,154.0,703.0,2917.0,4082.0,4027.0,4082.0,1635.0,789.0,379.0,762.0,395.0,1192.0,3565.0,4582.0,4623.0,4680.0,1698.0,873.0,409.0,877.0,493.0,1499.0,3559.0,4391.0,4718.0,4614.0,1751.0,937.0,401.5,962.5,552.0,1621.5,3385.5,3822.0,4042.5,4099.0,2037.0,1122.0,916.0,1503.5,1368.5,2286.0,3461.5,3773.0,4025.5,4133.0,2579.0,1615.5,938.0,1567.5,1754.5,2696.5,3480.5,3738.0,4049.5,4103.0,3765.0,2606.5,1144.5,1637.5,2251.5,2810.0,3114.5,3329.0,3758.0,3802.0,3169.0,2285.0,1407.0,1806.0,2212.0,2539.0,2668.0,2770.0,3028.0,2999.0,1726.0,1458.0,456.0,661.0,876.0,985.0,1050.0,1123.0,1184.0,1199.0,2916.0,2239.0,841.0,1173.0,1558.0,1909.0,1954.0,2117.0,2204.0,2306.0,2783.0,2125.5,864.0,1125.0,1492.5,1729.5,1797.5,1947.0,2102.0,2171.5,2521.0,2023.0,687.5,899.5,1183.0,1328.0,1409.0,1509.0,1620.0,1712.5,2641.0,2185.0,812.0,975.0,1233.0,1365.0,1471.0,1580.0,1651.0,1757.0,2257.0,1620.0,575.0,749.0,1016.0,1113.0,1174.0,1286.0,1481.0,1470.0,0.0,0.0,0.0,0.0,0.0,0.0,0.0,0.0,0.0,0.0,1622.0,1314.0,516.0,709.0,887.0,999.0,1028.0,1059.0,1168.0,1180.0,1866.0,1578.0,649.0,827.0,1026.0,1080.0,1140.0,1205.0,1288.0,1248.0,2322.0,1942.0,827.0,1057.0,1287.0,1407.0,1469.0,1523.0,1617.0,1640.0,2118.0,2075.0,1005.0,1217.0,1451.0,1536.0,1626.0,1701.0,1629.0,1807.0,1834.0,1581.0,558.0,714.0,929.0,1024.0,1057.0,1114.0,1178.0,1233.0,2000.0,1684.0,717.0,866.0,1065.0,1167.0,1190.0,1268.0,1354.0,1374.0,2103.5,1807.0,798.5,990.0,1195.5,1309.0,1360.0,1426.0,1519.0,1520.5,"{""type"":""MultiPoint"",""coordinates"":[]}"
713_0,3,2835.5,2124.0,831.5,964.5,1258.5,1446.5,1522.5,1630.0,1841.5,1911.5,1996.0,1837.0,613.0,838.0,1120.0,1240.0,1256.0,1330.0,1420.0,1461.0,2271.0,2134.0,757.0,1001.0,1324.0,1451.0,1469.0,1589.0,1671.0,1668.0,1075.5,1037.0,478.0,631.0,782.0,871.5,799.0,867.5,895.0,841.0,450.0,412.0,796.0,892.0,918.0,1064.0,874.0,918.0,899.0,772.0,432.0,356.0,511.0,755.0,729.0,977.0,874.0,918.0,899.0,900.0,605.0,440.0,368.0,580.0,533.0,863.0,1053.0,1190.0,1112.0,1142.0,1324.0,788.0,315.0,594.0,442.0,864.0,1803.0,2102.0,2143.0,2011.0,974.0,561.0,187.0,433.0,257.0,723.0,1803.0,2105.0,2143.0,2014.0,1168.0,606.5,102.0,370.0,117.5,669.5,2353.0,2962.0,3011.5,3008.0,1225.0,578.0,41.5,256.5,49.0,491.0,2432.5,3311.5,3402.5,3331.5,3269.0,2809.5,1370.0,1543.0,1863.0,2047.0,2123.5,2173.0,2256.5,2355.5,1202.5,567.0,35.5,246.5,28.0,468.5,2495.0,3765.5,3781.0,3837.0,1071.5,503.0,54.5,314.5,51.5,627.0,2661.0,3848.0,3920.5,3973.0,1131.0,529.0,459.0,782.0,510.0,1123.0,2954.0,3837.0,3972.0,3997.0,1201.0,629.0,614.0,990.0,780.0,1582.0,3065.0,3628.0,3823.0,3813.0,1244.0,687.0,519.0,954.0,780.0,1650.0,2785.0,3177.0,3353.0,3415.0,1599.0,928.0,481.0,979.0,973.0,1847.0,2729.0,3042.0,3236.0,3352.0,4288.5,3013.0,1267.5,1791.5,2485.5,3061.0,3324.5,3614.0,3921.0,4086.5,4385.5,3196.5,1305.0,1809.0,2532.0,2925.0,3189.5,3451.0,3760.5,3825.5,3556.0,2814.0,1097.0,1511.0,2063.0,2344.0,2534.0,2720.0,3069.0,3064.0,3376.5,2394.5,1001.5,1382.0,1929.0,2287.5,2417.0,2572.5,2772.5,2865.0,3212.5,2585.0,731.5,953.0,1342.5,1492.0,1549.0,1687.0,1922.5,1965.0,3528.0,2742.0,953.5,1255.0,1647.5,1944.0,2145.5,2277.0,2407.0,2518.5,4874.0,4173.5,2769.0,2961.0,3279.5,3544.0,3733.5,3792.5,3990.0,3976.5,3215.0,2722.0,908.0,1066.5,1287.5,1547.5,1701.5,1838.5,1958.0,2023.5,3071.5,2578.5,872.0,1022.0,1226.5,1497.0,1647.0,1766.0,1888.0,1951.0,2282.0,1679.5,506.5,695.0,902.0,1172.5,1324.0,1433.5,1583.5,1623.0,0.0,0.0,0.0,0.0,0.0,0.0,0.0,0.0,0.0,0.0,3439.0,2745.0,853.0,1154.0,1610.0,1816.0,1787.0,1942.0,2106.0,2192.0,3059.0,2196.0,1029.0,1196.0,1556.0,1702.0,1846.0,1942.0,2106.0,2205.0,3361.0,2800.0,957.0,1233.0,1556.0,1758.0,1844.0,1974.0,2171.0,2225.0,2598.5,2231.5,789.5,951.5,1264.5,1401.5,1408.0,1491.0,1663.0,1671.5,1737.0,1550.0,528.0,658.0,937.0,1028.0,947.0,990.0,1112.0,1097.0,1763.0,1611.0,507.5,677.0,952.0,1014.0,1023.0,1089.5,1178.5,1178.5,1829.5,1685.0,551.0,746.5,1011.5,1088.5,1117.0,1180.5,1276.5,1272.5,"{""type"":""MultiPoint"",""coordinates"":[]}"
714_0,3,1635.5,1342.5,576.5,727.5,939.5,1035.5,1062.5,1108.0,1205.0,1192.0,2371.5,2086.0,996.5,1275.0,1510.5,1634.0,1662.5,1719.0,1815.0,1805.5,2369.0,2075.0,893.0,1150.5,1402.0,1510.5,1555.0,1632.0,1707.0,1726.5,2462.5,2160.5,956.0,1239.0,1494.5,1613.0,1636.0,1720.5,1787.0,1821.0,432.0,390.0,976.0,1257.0,1262.0,1432.0,999.0,1017.0,994.0,763.0,452.0,412.0,976.0,1257.0,1273.0,1432.0,1041.0,1077.0,1022.0,823.0,297.0,238.0,615.0,928.0,967.0,1182.0,988.0,1064.0,942.0,827.0,490.0,362.0,591.0,904.0,861.0,1303.0,1157.0,1266.0,1161.0,1015.0,580.0,430.0,471.0,781.0,704.0,1200.0,1539.0,1665.0,1599.0,1457.0,680.5,437.0,260.0,507.0,361.5,915.0,1539.5,1769.5,1615.0,1549.5,1102.0,615.5,249.0,492.5,306.0,955.5,2437.5,2921.0,2814.5,2712.0,1875.5,1587.5,710.5,856.5,1085.5,1193.0,1222.5,1282.0,1365.0,1373.5,1352.0,735.0,243.0,477.0,312.0,881.0,2480.0,3131.0,3085.0,3111.0,1238.0,621.0,166.0,448.0,289.0,873.0,2442.0,3071.0,3007.0,2975.0,1177.0,594.0,166.0,431.0,240.0,811.0,2648.0,3230.0,3188.0,3277.0,1292.0,645.0,351.0,667.0,360.0,1134.0,2978.0,3511.0,3667.0,3624.0,1541.0,774.0,363.0,905.0,482.0,1499.0,3254.0,3745.0,3878.0,3867.0,1614.0,884.0,422.5,988.0,590.0,1694.5,3028.0,3355.0,3521.0,3505.5,1970.0,1089.0,738.0,1277.0,1195.0,2107.0,2863.0,3065.0,3289.0,3314.0,2248.0,1390.5,681.5,1250.0,1289.0,2165.0,2782.5,2995.5,3274.0,3320.5,2960.5,2019.5,914.5,1394.5,1761.5,2337.0,2772.5,3015.0,3296.5,3330.0,3057.0,2090.0,917.0,1254.0,1800.0,2207.0,2344.0,2537.0,2575.0,2871.0,1725.0,1425.0,482.0,696.0,947.0,1052.0,1076.0,1121.0,1258.0,1220.0,3162.0,2300.0,840.0,1224.0,1715.0,2123.0,2266.0,2399.0,2371.0,2578.0,3043.5,2245.0,881.0,1149.0,1581.5,1863.0,1946.0,2100.5,2258.5,2367.0,2735.5,2123.0,671.5,876.5,1174.0,1400.0,1478.5,1608.5,1718.5,1813.0,2878.0,2299.0,758.0,918.0,1214.0,1444.0,1515.0,1661.0,1754.0,1879.0,2307.0,1743.0,550.0,673.0,954.0,1111.0,1178.0,1323.0,1471.0,1481.0,926.0,749.0,840.0,825.0,832.0,841.0,862.0,889.0,1048.0,923.0,1659.0,1425.0,520.0,714.0,920.0,1015.0,1042.0,1107.0,1211.0,1213.0,1823.0,1549.0,659.0,810.0,977.0,1066.0,1122.0,1150.0,1229.0,1235.0,2150.0,1890.0,754.0,968.0,1197.0,1323.0,1352.0,1427.0,1518.0,1522.0,1807.0,1523.0,927.0,1119.0,1223.0,1273.0,1254.0,1247.0,1426.0,1285.0,1807.0,1523.0,559.0,691.0,908.0,990.0,1010.0,1037.0,1117.0,1160.0,1890.0,1630.0,686.0,833.0,1011.0,1112.0,1134.0,1215.0,1289.0,1299.0,2103.5,1870.5,786.0,982.0,1203.0,1295.0,1338.5,1407.5,1506.0,1497.5,"{""type"":""MultiPoint"",""coordinates"":[]}"
715_0,3,1619.5,1351.0,504.5,630.5,839.5,998.5,1020.5,1051.0,1105.0,1164.0,2373.5,2024.5,1003.0,1282.0,1516.0,1685.5,1680.0,1728.0,1813.5,1825.0,2279.0,1911.5,846.0,1117.0,1357.5,1501.5,1464.5,1547.5,1616.5,1646.5,622.5,594.0,647.0,922.0,981.0,1184.5,979.0,1041.0,1041.5,950.5,434.5,391.0,710.5,935.5,900.0,1265.0,1062.0,1086.0,1020.0,873.5,468.0,352.5,537.5,835.0,752.0,1137.0,1106.5,1139.0,1080.0,1069.0,801.0,536.5,522.0,784.5,660.5,1071.5,1507.0,1622.0,1455.5,1447.5,1258.0,798.5,458.5,804.5,503.0,1166.5,2421.5,2602.0,2442.5,2350.5,1528.0,798.5,360.5,737.0,385.5,1151.0,3062.5,3641.0,3596.5,3695.0,1594.5,840.0,258.5,624.0,372.0,1101.0,2984.0,3648.5,3666.0,3839.0,1622.0,832.0,226.5,520.0,302.5,910.5,2938.0,3789.5,3823.5,4064.0,1904.5,1601.0,577.5,794.5,1000.0,1133.0,1144.0,1262.5,1275.0,1373.5,1734.5,875.5,246.5,556.0,323.0,984.0,3100.5,4127.0,4202.5,4475.0,1756.0,869.5,281.0,787.0,415.5,1389.5,3608.5,4439.0,4506.5,4669.0,1804.0,923.5,401.0,893.5,549.5,1554.0,3661.5,4312.5,4374.0,4666.0,2019.5,1082.0,570.0,1079.0,885.5,1954.0,3437.5,3953.5,4115.5,4296.5,2248.0,1264.5,629.5,1138.0,1130.0,2139.5,3234.0,3609.5,4043.0,4114.5,2590.0,1552.0,745.0,1245.0,1519.0,2316.0,3068.0,3424.0,3677.0,3878.0,3920.5,2683.5,1097.0,1543.0,2126.5,2533.0,2858.5,3110.5,3443.5,3676.5,3975.5,2786.0,1069.5,1512.0,2205.0,2542.5,2792.5,3060.0,3479.0,3764.0,3785.5,2742.0,1027.0,1443.5,2027.5,2387.5,2565.5,2830.5,3027.5,3332.0,2345.5,1853.5,726.5,975.0,1354.5,1650.5,1680.0,1785.5,1805.0,1944.5,1779.5,1471.5,464.0,690.5,887.0,1046.5,1077.0,1160.0,1203.0,1253.5,2370.5,1869.0,787.5,1040.0,1414.5,1658.0,1714.5,1824.0,1887.5,1995.0,2303.0,1786.0,897.5,1106.5,1429.5,1639.0,1668.5,1783.5,1861.5,1932.0,2039.5,1584.5,670.5,855.5,1116.0,1279.0,1286.0,1396.5,1529.5,1534.0,1760.0,1463.0,554.0,685.0,916.0,1030.0,1061.5,1134.5,1199.0,1228.5,825.0,543.5,275.5,392.0,509.5,596.5,611.0,644.5,714.0,698.5,0.0,0.0,0.0,0.0,0.0,0.0,0.0,0.0,0.0,0.0,1408.0,1057.5,390.0,545.0,727.5,840.0,835.0,919.5,992.0,1009.0,1649.0,1377.5,580.5,713.5,842.0,947.5,963.0,1021.0,1086.5,1123.5,1965.0,1634.5,705.0,896.5,1098.0,1209.0,1228.5,1290.0,1374.0,1383.0,1851.5,1546.5,579.0,697.5,891.5,977.0,961.5,1018.0,1090.5,1134.5,1851.5,1546.5,579.0,697.5,891.5,977.0,961.5,1018.0,1090.5,1134.5,1827.5,1557.5,590.0,733.5,941.5,1048.5,1074.5,1131.5,1203.5,1251.0,2125.5,1868.5,752.0,968.5,1158.0,1302.5,1287.0,1404.0,1456.5,1457.0,"{""type"":""MultiPoint"",""coordinates"":[]}"
716_0,3,5779.0,5327.0,4105.0,4126.5,4406.5,4706.5,4707.5,4789.0,4974.0,4952.0,2774.5,2585.0,908.5,1165.0,1502.0,1662.5,1761.5,1865.0,1995.5,2029.0,2885.0,2764.0,912.0,1158.0,1510.0,1680.0,1730.0,1890.0,1983.0,2009.0,782.0,742.5,448.5,589.5,677.5,825.0,745.0,833.5,795.5,789.5,556.0,501.0,841.0,970.0,955.0,1184.0,988.0,1022.0,992.0,827.0,436.0,329.0,343.0,600.0,498.0,794.0,782.0,858.0,806.0,726.0,770.0,561.0,242.0,519.0,302.0,731.0,1201.0,1218.0,1204.0,1152.0,1566.0,869.0,171.0,597.0,205.0,923.0,2356.0,2734.0,2792.0,2567.0,1550.0,852.0,171.0,458.0,120.0,808.0,2535.0,3291.0,3239.0,3240.0,1378.5,666.0,66.5,336.5,60.5,627.5,2650.5,3671.0,3689.0,3659.5,1347.5,636.5,22.0,310.5,42.5,582.5,2780.5,4023.5,4082.0,4121.5,4190.5,3559.0,1856.0,2057.5,2391.0,2674.0,2721.5,2858.5,2975.5,3061.0,1412.0,660.0,32.5,300.5,37.0,588.0,2885.0,4098.5,4132.0,4258.5,1525.5,733.0,183.0,640.0,219.5,1133.5,3450.5,4450.5,4541.5,4614.5,1613.0,795.0,570.0,971.0,697.0,1508.0,3506.0,4299.0,4304.0,4468.0,1738.0,983.0,754.0,1209.0,1048.0,1979.0,3314.0,3750.0,3911.0,4003.0,1931.0,1091.0,691.0,1258.0,1116.0,2049.0,3077.0,3384.0,3709.0,3702.0,4202.0,2789.0,1040.0,1571.0,1889.0,2709.0,3179.0,3534.0,3849.0,4025.0,4703.0,3354.0,1327.0,1786.5,2505.0,3001.5,3340.0,3653.5,3967.0,4179.5,4548.0,3288.0,1195.5,1642.0,2246.5,2655.0,3025.5,3267.0,3626.5,3773.5,4083.5,2882.5,1043.5,1454.0,2083.5,2500.0,2796.0,3072.0,3408.0,3486.5,3669.0,2751.0,954.0,1239.0,1610.0,1990.0,2326.0,2584.0,2688.0,2867.0,3668.5,3073.5,838.5,1111.0,1518.0,1755.0,1883.0,2044.0,2271.0,2303.5,3321.0,2544.5,706.5,962.5,1202.5,1574.5,1846.0,2028.0,2167.0,2349.0,3835.5,3308.0,2252.5,2353.5,2523.5,2791.0,2962.0,3108.5,3221.0,3262.0,3483.0,3064.0,1580.5,1702.5,1836.5,2153.5,2484.5,2679.0,2675.0,2852.0,2737.5,2298.5,639.5,780.0,899.5,1189.0,1480.0,1626.0,1759.5,1840.0,2398.0,1946.0,437.0,618.0,729.0,1050.0,1321.0,1482.0,1684.0,1695.0,0.0,0.0,0.0,0.0,0.0,0.0,0.0,0.0,0.0,0.0,3353.0,2627.0,775.0,1106.0,1505.0,1804.0,1877.0,2052.0,2258.0,2317.0,3609.0,3027.0,894.0,1164.0,1516.0,1847.0,1996.0,2114.0,2260.0,2362.0,3679.0,3170.0,938.0,1245.0,1609.0,1944.0,2145.0,2280.0,2520.0,2614.0,3859.0,3188.5,1064.5,1307.5,1617.0,1982.5,2209.0,2431.0,2666.0,2715.0,2908.5,2410.0,781.0,981.5,1243.5,1509.0,1659.0,1833.0,1981.0,2037.5,2328.5,2164.5,648.0,842.5,1135.5,1255.5,1307.5,1390.0,1530.0,1561.5,2246.0,2145.0,632.0,811.0,1098.0,1200.0,1273.0,1341.0,1480.0,1497.0,"{""type"":""MultiPoint"",""coordinates"":[]}"
717_0,3,1809.0,1491.5,634.0,771.0,999.0,1125.5,1158.0,1251.5,1339.5,1313.0,2185.0,1847.0,816.5,1027.0,1264.0,1376.0,1433.5,1509.0,1614.5,1605.5,2337.5,2008.5,931.5,1210.5,1493.5,1604.5,1621.5,1702.5,1771.5,1774.5,2642.0,2274.5,1207.0,1540.0,1848.5,1978.0,1953.0,2034.0,2098.0,2108.0,2251.0,1960.0,1204.0,1517.0,1695.0,1793.0,1637.0,1714.0,1768.0,1746.0,340.0,297.0,1124.0,1459.0,1448.0,1549.0,1169.0,1209.0,1148.0,930.0,328.0,253.0,665.0,979.0,1013.0,1315.0,1249.0,1326.0,1041.0,1134.0,341.0,253.0,631.0,979.0,978.0,1315.0,1250.0,1326.0,1193.0,1152.0,434.0,348.0,421.0,724.0,644.0,983.0,988.0,1093.0,1018.0,891.0,1226.5,671.5,243.5,557.0,328.0,901.5,2141.0,2580.5,2503.0,2403.0,1531.0,737.5,146.5,396.0,136.5,663.0,2665.0,3766.5,3759.0,3754.0,1985.0,1680.0,701.0,872.0,1103.0,1236.0,1272.0,1299.0,1411.0,1436.0,1458.0,701.0,131.0,371.0,93.0,609.0,2893.0,4048.0,3954.0,4059.0,1434.0,660.0,53.0,349.0,71.0,708.0,3162.0,4379.0,4463.0,4477.0,1515.0,704.0,170.0,539.0,249.0,1001.0,3377.0,4612.0,4743.0,4743.0,1599.0,752.0,423.0,956.0,560.0,1703.0,3612.0,4338.0,4451.0,4513.0,1647.5,886.5,488.0,1064.0,738.5,1883.5,3384.5,3883.0,4186.5,4125.5,1942.5,1129.0,562.5,1166.5,1141.0,2168.5,3172.0,3537.0,3833.5,3899.5,2392.0,1420.0,918.5,1502.0,1667.0,2440.5,3139.0,3455.5,3810.5,3874.5,2709.0,1757.5,980.0,1554.5,1938.5,2705.0,3170.5,3445.0,3840.0,3900.5,3560.5,2432.0,1096.5,1572.0,2210.5,2795.5,3098.5,3409.0,3743.5,3867.0,3081.0,2128.0,972.0,1460.0,2266.0,2636.0,2843.0,3057.0,3382.0,3488.0,1837.0,1582.0,518.0,728.0,986.0,1104.0,1128.0,1202.0,1306.0,1316.0,3542.0,2520.0,945.0,1356.0,1952.0,2395.0,2523.0,2766.0,2926.0,3054.0,3344.5,2419.5,1021.0,1347.5,1900.5,2202.0,2360.0,2535.5,2811.0,2870.0,2944.5,2294.0,748.0,973.0,1312.0,1539.5,1652.0,1753.5,1917.0,2015.5,3059.0,2420.0,842.0,1011.0,1332.0,1551.0,1649.0,1783.0,1910.0,2023.0,1666.0,1367.0,506.0,675.0,913.0,1017.0,1033.0,1111.0,1275.0,1235.0,735.0,623.0,615.0,604.0,600.0,623.5,673.0,725.5,876.0,788.5,1373.0,1077.0,448.0,607.0,747.0,856.0,889.0,940.0,1048.0,1042.0,318.0,251.0,167.0,141.0,159.0,178.0,182.0,193.0,189.0,209.0,2134.0,1846.0,767.0,971.0,1165.0,1306.0,1319.0,1391.0,1500.0,1489.0,2173.0,1872.0,936.0,1094.0,1256.0,1356.0,1439.0,1497.0,1636.0,1589.0,1897.0,1610.0,629.0,731.0,952.0,1038.0,1031.0,1080.0,1173.0,1191.0,2169.0,1911.5,856.5,1008.0,1192.0,1311.5,1296.5,1390.0,1503.5,1493.5,2187.0,1864.0,864.5,1044.0,1227.5,1334.0,1377.0,1448.5,1561.5,1535.0,"{""type"":""MultiPoint"",""coordinates"":[]}"
718_0,3,1904.5,1565.0,575.5,726.5,980.5,1099.5,1144.0,1229.5,1345.0,1357.0,2398.0,2090.5,985.5,1278.5,1552.0,1667.0,1697.5,1761.5,1866.0,1874.0,2479.5,2136.5,996.0,1274.5,1557.0,1682.0,1705.0,1796.0,1876.0,1877.0,2408.0,2092.0,995.5,1261.0,1533.0,1655.0,1673.0,1765.0,1816.5,1822.5,186.5,158.0,694.5,945.0,1023.0,1141.5,916.0,979.0,935.0,771.0,262.0,235.0,694.5,945.0,1023.0,1147.0,990.0,1089.5,1054.0,918.0,486.0,342.0,593.0,874.0,837.0,1162.5,1327.0,1451.0,1469.5,1251.0,819.5,518.0,500.5,785.5,653.5,1211.5,1720.0,1906.0,1731.5,1613.5,1143.5,657.0,325.0,639.0,413.0,1141.0,2447.5,2788.5,2777.0,2552.0,1214.0,668.0,230.0,527.0,296.5,1031.5,2595.5,3183.5,3113.0,2973.0,1343.5,681.5,168.0,381.5,187.5,690.5,2759.0,3852.5,3949.5,3863.0,2149.0,1796.0,627.5,832.0,1121.0,1259.5,1314.5,1376.0,1455.5,1525.0,1454.0,719.0,171.0,403.5,189.0,785.0,2999.5,4165.0,4273.0,4292.0,1541.5,719.0,186.0,487.0,230.5,971.5,3366.0,4382.0,4624.0,4576.5,1649.0,795.5,357.0,848.0,522.0,1506.0,3535.0,4477.0,4673.5,4724.5,1839.5,998.0,565.0,1050.5,854.0,1906.5,3458.5,3928.5,4138.5,4193.0,2024.5,1151.5,618.5,1142.0,1039.0,1994.5,3174.5,3614.5,3969.0,3920.5,2561.0,1616.0,746.0,1249.0,1534.0,2259.0,2949.0,3284.0,3566.0,3666.0,3479.0,2274.0,1123.0,1569.5,2037.0,2611.0,3102.5,3460.5,3777.0,3881.5,4044.5,2775.5,1108.5,1601.5,2279.0,2701.0,3005.0,3263.0,3709.0,3751.5,3674.0,2613.0,989.0,1459.0,2132.0,2450.5,2695.5,2922.5,3329.5,3348.0,2580.5,1995.5,821.5,1141.0,1598.5,1804.0,1899.0,2038.5,2145.5,2174.5,1923.0,1595.0,524.0,720.0,983.0,1071.0,1146.0,1221.0,1351.0,1374.0,2638.0,2042.5,869.0,1181.0,1623.0,1850.0,1909.0,2069.0,2184.5,2244.0,2542.0,1986.0,940.0,1195.0,1575.5,1792.5,1824.5,2001.0,2133.5,2198.5,2300.0,1843.5,735.0,937.0,1252.5,1397.0,1458.0,1595.5,1723.5,1736.0,2505.5,1991.0,811.0,999.0,1324.0,1495.5,1544.5,1670.5,1778.0,1828.0,2004.5,1438.0,591.0,753.0,1008.5,1120.5,1215.5,1300.5,1460.5,1425.5,0.0,0.0,0.0,0.0,0.0,0.0,0.0,0.0,0.0,0.0,1634.0,1257.0,482.5,639.0,854.0,943.5,996.5,1080.0,1170.0,1205.5,1838.5,1506.5,658.5,777.5,959.0,1061.0,1120.0,1184.0,1262.0,1277.0,2410.0,2023.0,883.5,1107.5,1353.0,1477.5,1515.0,1588.0,1702.0,1739.5,2305.0,1918.0,843.0,1034.0,1301.0,1415.0,1395.0,1479.5,1602.5,1591.0,2073.5,1702.5,761.0,880.0,1089.0,1203.5,1147.5,1244.0,1351.0,1368.5,2153.0,1874.5,746.0,946.5,1177.0,1274.0,1337.0,1411.0,1530.0,1528.5,2153.0,1874.5,706.5,946.5,1177.0,1274.0,1337.0,1411.0,1530.0,1528.5,"{""type"":""MultiPoint"",""coordinates"":[]}"
719_0,3,249.0,238.5,161.0,206.0,321.0,444.5,334.0,359.5,310.5,294.0,2219.0,1825.5,741.0,965.5,1185.5,1313.5,1392.0,1479.5,1588.0,1618.5,2360.5,1983.5,848.0,1070.0,1285.5,1424.0,1509.5,1618.0,1664.5,1723.0,2514.0,2206.0,1089.0,1337.0,1571.0,1709.0,1760.0,1825.5,1884.5,1941.0,2688.0,2374.0,1383.0,1617.0,1845.0,1926.0,2004.0,2076.0,2157.0,2121.0,1428.0,1371.0,1197.0,1430.0,1628.0,1702.0,1712.0,1783.0,1525.0,1711.0,399.0,385.0,616.0,910.0,948.0,1116.0,852.0,889.0,836.0,742.0,573.0,485.0,717.0,1028.0,964.0,1332.0,1259.0,1341.0,1224.0,1124.0,771.0,613.0,547.0,889.0,733.0,1269.0,1328.0,1482.0,1369.0,1279.0,1050.5,676.0,298.5,575.0,394.0,1048.5,2005.0,2366.5,2221.0,2149.5,1305.5,757.5,209.5,452.0,278.5,862.0,2255.5,2894.5,2803.5,2712.0,304.0,274.0,262.0,378.0,445.0,556.0,409.0,461.0,414.0,412.0,1395.0,762.0,198.0,424.0,239.0,774.0,2407.0,3268.0,3305.0,3310.0,1353.0,694.0,139.0,376.0,185.0,763.0,2564.0,3377.0,3498.0,3364.0,1417.0,744.0,205.0,494.0,270.0,909.0,2784.0,3831.0,3869.0,3902.0,1523.0,804.0,413.0,888.0,588.0,1550.0,3091.0,3571.0,3783.0,3779.0,1557.0,875.5,446.0,959.5,667.5,1626.5,2855.5,3214.5,3575.0,3433.5,1902.5,1157.5,515.0,995.5,982.0,1784.0,2664.5,2934.0,3258.0,3310.0,2332.5,1420.0,841.0,1358.0,1539.5,2129.0,2794.5,2991.0,3315.5,3355.5,3110.0,2041.5,975.0,1450.0,1835.0,2393.5,2918.5,3159.5,3490.5,3542.0,4177.5,2783.5,1351.0,1904.5,2720.0,3250.0,3458.0,3767.5,4222.5,4139.5,4408.0,3038.0,1459.0,2046.0,2912.0,3503.0,3553.0,3926.0,4044.0,4166.0,293.0,235.0,262.0,285.0,400.0,556.0,374.0,461.0,414.0,412.0,4300.0,3038.0,1278.0,1765.0,2470.0,2993.0,3064.0,3332.0,3394.0,3716.0,4042.5,2992.5,1196.5,1587.0,2168.0,2486.5,2634.5,2864.5,3094.5,3203.5,3453.5,2706.0,818.5,1085.0,1490.0,1700.5,1812.5,1941.0,2174.5,2218.0,449.0,353.0,322.0,454.0,656.0,824.0,621.0,723.0,697.0,665.0,228.0,205.0,102.0,135.0,221.0,317.0,260.0,227.0,232.0,243.0,0.0,0.0,0.0,0.0,0.0,0.0,0.0,0.0,0.0,0.0,238.0,243.0,120.0,200.0,295.0,427.0,266.0,338.0,309.0,239.0,325.0,243.0,184.0,238.0,347.0,482.0,414.0,548.0,470.0,487.0,2344.0,1719.0,693.0,969.0,1271.0,1440.0,1531.0,1846.0,1979.0,2043.0,1296.0,815.0,511.0,603.0,892.0,1179.0,1223.0,1307.0,1502.0,1595.0,2781.0,2035.0,853.0,1114.0,1449.0,1658.0,1894.0,1944.0,2209.0,2316.0,4028.0,3126.0,1506.0,1789.0,2224.0,2472.0,2589.0,2763.0,3125.0,2989.0,3596.0,2844.0,1311.5,1585.5,1942.0,2073.5,2227.5,2404.5,2698.5,2622.5,"{""type"":""MultiPoint"",""coordinates"":[]}"
720_0,3,1757.5,1463.5,529.5,694.5,927.0,1022.5,1054.5,1142.0,1226.5,1253.0,2434.0,2040.5,981.5,1303.0,1565.5,1681.5,1745.5,1817.0,1920.5,1889.0,2446.5,2042.0,924.0,1213.0,1500.5,1615.5,1643.5,1712.5,1812.5,1828.0,2371.5,2004.0,919.0,1181.0,1451.0,1580.5,1605.5,1690.0,1749.5,1781.0,291.0,267.5,539.0,751.0,810.0,951.5,878.5,938.5,988.0,951.0,389.0,267.5,758.5,1003.5,1103.0,1426.5,1361.0,1426.5,1406.5,1392.5,450.5,311.5,705.5,998.0,1036.5,1458.0,1545.0,1636.5,1717.5,1627.5,800.5,499.5,660.0,977.0,971.0,1458.0,1868.0,2036.5,2019.0,1966.0,1324.0,679.5,348.5,704.5,462.0,1211.5,2640.0,2925.5,2911.5,2776.5,1718.5,939.5,283.5,677.5,524.0,1296.0,2875.5,3383.0,3504.5,3644.0,1734.5,964.0,327.0,716.0,544.5,1324.5,2794.0,3369.5,3465.0,3598.0,2092.5,1728.5,641.0,846.0,1097.0,1255.0,1289.0,1333.5,1403.5,1480.0,1640.5,888.5,283.0,653.0,461.5,1233.0,2743.5,3233.0,3273.5,3429.5,1412.5,733.0,212.0,574.0,350.5,1093.0,2707.0,3274.5,3269.5,3426.5,1362.5,690.0,223.0,567.5,312.5,1009.5,2685.0,3196.5,3227.5,3357.5,1607.0,824.0,430.0,874.5,452.0,1402.5,3143.0,3614.5,3673.0,3769.0,1674.0,891.5,438.5,976.5,580.5,1604.5,3071.5,3506.0,3640.5,3693.0,1789.0,1016.0,483.0,1081.0,797.0,1938.0,3002.0,3274.0,3439.0,3554.0,2111.5,1183.0,739.0,1365.5,1261.5,2349.0,3020.0,3330.5,3532.5,3713.5,2480.5,1531.0,776.0,1384.5,1554.5,2466.0,2808.0,3109.5,3415.5,3572.5,3798.0,2570.0,1019.0,1443.0,1982.5,2460.0,2702.0,2985.5,3394.0,3418.5,1887.0,1429.0,540.5,762.0,1064.0,1251.5,1302.5,1418.5,1450.5,1536.0,1916.5,1608.0,508.0,744.0,976.5,1109.0,1151.0,1222.0,1327.0,1351.5,1942.5,1534.0,565.0,777.5,1065.0,1243.5,1272.5,1398.0,1450.0,1531.5,2179.0,1767.5,813.0,967.0,1229.0,1379.0,1427.0,1536.5,1620.0,1660.5,1943.0,1617.0,606.5,775.0,989.5,1113.5,1169.5,1233.5,1332.0,1358.0,2128.0,1792.5,714.0,860.0,1068.0,1221.5,1253.5,1355.0,1401.5,1449.0,1710.0,1422.5,500.0,624.0,809.5,897.0,937.0,1010.5,1139.0,1124.0,0.0,0.0,0.0,0.0,0.0,0.0,0.0,0.0,0.0,0.0,1572.5,1191.5,452.5,613.0,815.5,916.0,995.0,1040.5,1130.5,1119.5,1846.0,1530.0,626.0,781.0,949.5,1041.5,1107.5,1180.5,1251.0,1263.0,2291.5,1913.5,810.5,1041.0,1264.5,1402.0,1436.5,1525.0,1614.0,1609.0,2267.5,1901.5,861.5,1018.5,1247.0,1360.0,1359.5,1466.0,1629.0,1582.5,2075.0,1715.5,802.5,906.5,1086.0,1185.0,1205.5,1294.5,1390.0,1400.0,2076.0,1755.5,698.5,896.0,1125.0,1216.0,1277.0,1358.0,1441.0,1471.5,2216.0,1914.0,838.0,1105.0,1344.0,1457.5,1478.5,1559.5,1676.5,1627.0,"{""type"":""MultiPoint"",""coordinates"":[]}"
721_0,3,1673.5,1385.5,529.5,649.0,860.0,964.0,983.0,1082.0,1127.5,1174.0,1947.5,1666.5,685.5,878.5,1094.5,1203.0,1237.0,1291.0,1380.5,1394.0,2142.0,1848.0,858.5,1061.0,1305.0,1421.0,1400.5,1470.5,1529.5,1539.0,2397.5,2104.5,1010.5,1261.0,1508.0,1652.0,1660.5,1735.5,1805.0,1785.0,2041.0,1809.0,996.0,1237.0,1487.0,1635.0,1651.0,1735.0,1590.0,1695.0,389.0,331.0,948.0,1222.0,1195.0,1415.0,1074.0,1086.0,1051.0,896.0,412.0,375.0,790.0,1033.0,1105.0,1287.0,1062.0,1102.0,1093.0,920.0,421.0,375.0,790.0,1033.0,1105.0,1291.0,1134.0,1208.0,1154.0,1062.0,372.0,290.0,584.0,829.0,835.0,1007.0,1028.0,1097.0,1072.0,1033.0,596.5,357.0,355.5,632.0,595.0,919.0,1316.0,1523.5,1444.5,1420.5,789.0,437.5,249.5,475.0,380.0,779.5,1545.5,1947.5,1821.5,1750.5,1883.0,1566.0,595.0,778.0,971.0,1082.0,1122.0,1194.0,1280.0,1340.0,954.0,516.0,262.0,513.0,316.0,855.0,1869.0,2800.0,2237.0,2588.0,1036.0,564.0,79.0,317.0,133.0,750.0,2329.0,3214.0,2903.0,2797.0,1242.0,625.0,178.0,479.0,278.0,939.0,2747.0,3585.0,3404.0,3604.0,1545.0,758.0,347.0,769.0,466.0,1325.0,3088.0,3720.0,3886.0,3953.0,1711.0,933.0,407.0,865.5,595.5,1506.5,3089.5,3585.5,3915.5,3974.5,2039.5,1190.0,466.5,955.0,783.0,1697.5,2888.0,3370.5,3687.5,3737.0,2363.0,1380.0,644.0,1155.0,1098.0,1930.0,2929.0,3321.0,3721.0,3766.0,2708.0,1710.0,732.5,1232.5,1309.0,2099.5,3002.5,3268.0,3779.5,3843.0,3858.0,2609.0,1062.0,1518.0,1902.0,2481.0,3074.0,3267.0,3806.0,3882.0,3936.0,2715.5,1001.0,1396.0,2013.0,2559.0,2840.5,3161.5,3306.5,3660.0,1861.0,1561.5,567.0,717.5,956.0,1058.0,1064.0,1163.0,1249.0,1266.5,3631.0,2640.0,877.0,1228.5,1746.5,2140.5,2306.5,2527.0,2701.0,2930.5,3496.0,2608.5,923.0,1197.5,1642.0,1939.5,2124.5,2321.0,2517.0,2737.5,3161.5,2496.5,701.5,902.5,1211.5,1421.5,1514.0,1645.5,1800.0,1999.0,3196.0,2597.5,737.0,905.5,1210.0,1393.0,1512.0,1638.0,1752.5,1942.5,1830.0,1306.0,452.0,582.0,834.0,933.0,972.0,1033.0,1240.0,1237.0,0.0,0.0,0.0,0.0,0.0,0.0,0.0,0.0,0.0,0.0,1425.0,1102.0,466.0,604.0,755.0,858.0,838.0,923.0,1005.0,1001.0,1626.0,1314.0,575.0,676.0,831.0,910.0,927.0,989.0,1058.0,1064.0,2142.0,1814.0,808.0,977.0,1183.0,1304.0,1290.0,1368.0,1495.0,1505.0,2057.5,1742.0,803.5,932.5,1108.0,1225.5,1217.0,1264.5,1398.0,1384.0,1656.0,1386.5,529.0,630.0,806.0,883.5,872.5,898.0,986.0,1012.5,2020.5,1743.5,759.5,906.5,1072.0,1166.5,1232.0,1304.5,1407.5,1434.5,2148.0,1813.0,809.0,996.0,1176.0,1290.0,1326.0,1403.0,1510.0,1497.0,"{""type"":""MultiPoint"",""coordinates"":[]}"
722_0,3,3073.0,2429.5,927.0,1055.5,1358.0,1555.5,1677.0,1802.0,1950.0,2012.0,2115.0,1970.0,632.0,871.0,1160.0,1277.0,1318.0,1415.0,1510.0,1521.0,2196.0,2095.0,710.0,927.0,1203.0,1371.0,1364.0,1448.0,1514.0,1558.0,2111.5,2004.5,726.0,954.0,1219.0,1341.0,1366.0,1439.0,1511.0,1534.0,495.0,451.0,779.0,846.0,910.0,1062.0,990.0,1004.0,1017.0,915.0,399.0,317.0,362.0,611.0,546.0,802.0,832.0,960.0,905.0,859.0,602.0,449.0,438.0,672.0,585.0,956.0,1138.0,1243.0,1166.0,1203.0,1838.0,1265.0,452.0,679.0,589.0,1009.0,1769.0,2035.0,1989.0,2012.0,824.0,500.0,259.0,457.0,373.0,655.0,1278.0,1501.0,1407.0,1495.0,810.0,436.5,112.5,274.5,148.0,462.0,1316.0,1743.0,1643.5,1729.0,1102.5,534.5,86.0,255.0,74.5,441.5,2004.0,2945.5,2913.0,2951.5,3398.0,2844.5,1057.0,1091.0,1285.5,1471.5,1549.5,1679.0,1921.0,1962.0,1196.5,548.5,65.5,246.0,51.5,430.0,2310.0,3608.5,3543.0,3667.5,1008.5,463.5,42.0,211.0,23.5,406.0,2343.5,3535.5,3509.5,3602.0,1104.0,512.0,432.0,694.0,450.0,965.0,2684.0,3597.0,3627.0,3768.0,1273.0,641.0,597.0,969.0,679.0,1492.0,3116.0,3808.0,3863.0,3959.0,1274.0,670.0,504.0,945.0,679.0,1506.0,2851.0,3387.0,3597.0,3610.0,1570.0,908.0,466.0,949.0,973.0,1791.0,2682.0,2996.0,3199.0,3307.0,4314.5,2961.0,1252.0,1752.5,2395.0,3003.0,3284.0,3577.0,3934.5,4029.5,4544.5,3254.5,1340.0,1845.5,2612.5,3061.5,3299.5,3615.0,3973.5,4091.0,4330.0,3022.0,1174.0,1698.0,2528.0,2912.0,3043.0,3286.0,3755.0,3746.0,4368.0,3207.0,1221.5,1651.5,2417.0,2888.0,3013.5,3294.0,3406.5,3714.5,3490.0,2875.0,753.5,974.0,1353.0,1555.5,1643.0,1768.5,1984.5,2057.5,3746.0,2922.5,953.0,1264.5,1754.0,2055.5,2157.5,2326.0,2466.5,2639.5,3366.5,2674.0,1479.0,1661.0,1942.5,2153.5,2276.5,2382.0,2536.0,2584.0,3330.5,2847.0,875.5,1019.0,1310.5,1494.5,1578.5,1735.0,1837.5,1921.0,3198.5,2750.0,845.5,1001.5,1249.5,1457.5,1550.5,1686.5,1796.0,1874.0,2558.5,2039.0,617.0,797.0,1085.5,1277.0,1370.5,1464.0,1633.5,1671.5,0.0,0.0,0.0,0.0,0.0,0.0,0.0,0.0,0.0,0.0,3727.0,2963.0,871.0,1176.0,1660.0,1930.0,1951.0,2100.0,2299.0,2433.0,3907.0,3280.0,1269.0,1466.0,1708.0,1954.0,2126.0,2289.0,2562.0,2436.0,3613.0,2989.0,997.0,1268.0,1707.0,1896.0,1993.0,2163.0,2376.0,2436.0,2422.5,1996.0,1042.0,1145.5,1346.5,1488.5,1596.5,1668.0,1922.5,1789.0,2024.0,1857.0,691.0,837.0,1082.0,1198.0,1258.0,1359.0,1421.0,1472.0,1856.0,1751.0,523.5,701.5,952.0,1056.5,1076.5,1138.5,1239.0,1240.0,1925.5,1805.5,565.5,762.0,1015.5,1122.5,1147.5,1229.5,1324.0,1323.0,"{""type"":""MultiPoint"",""coordinates"":[]}"
723_0,3,1083.0,934.5,333.5,397.0,504.5,552.5,562.5,594.5,663.5,664.0,1939.0,1732.5,708.5,922.0,1082.5,1169.5,1191.0,1262.5,1332.0,1335.0,2094.0,1873.5,762.5,970.5,1140.5,1236.5,1254.0,1333.0,1385.5,1403.5,2501.5,2248.0,1078.0,1318.0,1523.5,1641.5,1638.5,1729.0,1790.5,1791.5,2695.0,2477.0,1239.0,1465.0,1677.0,1770.0,1850.0,1915.0,2044.0,2002.0,2374.0,2169.0,1055.0,1271.0,1473.0,1564.0,1599.0,1642.0,1712.0,1726.0,329.0,292.0,850.0,1054.0,1050.0,1211.0,883.0,876.0,850.0,696.0,434.0,413.0,943.0,1183.0,1262.0,1376.0,1024.0,1077.0,1063.0,887.0,249.0,179.0,629.0,894.0,903.0,1079.0,839.0,976.0,841.0,737.0,277.5,204.5,547.5,875.0,866.0,1108.0,890.5,1006.5,901.5,801.0,434.5,295.0,414.0,712.0,603.0,996.5,1107.5,1187.5,1193.5,1069.0,1314.5,1172.5,477.0,575.0,698.0,734.0,769.0,798.0,894.5,881.5,910.0,542.0,342.0,611.0,410.0,917.0,1987.0,2187.0,2342.0,2194.0,1020.0,547.0,172.0,434.0,236.0,777.0,2084.0,2503.0,2652.0,2477.0,1154.0,589.0,172.0,419.0,203.0,738.0,2491.0,3154.0,3251.0,3113.0,1320.0,683.0,343.0,637.0,355.0,1036.0,2626.0,3321.0,3499.0,3280.0,1331.0,718.0,355.0,767.0,488.0,1279.0,2635.0,3066.0,3346.0,3162.0,1337.0,761.5,405.5,848.0,661.5,1503.0,2528.0,2841.0,3036.0,3021.0,1745.0,1003.0,715.0,1137.0,1278.0,1913.0,2610.0,2865.0,3172.0,3158.0,2194.5,1407.0,682.0,1108.5,1356.5,1951.5,2588.0,2851.0,3183.0,3177.5,3380.0,2346.0,986.0,1433.0,1963.0,2422.0,2680.0,2931.0,3357.0,3292.0,2336.5,1591.5,821.0,1148.5,1607.0,1909.0,1999.0,2174.5,2295.0,2382.0,1364.0,1154.0,537.0,615.0,730.0,755.0,779.0,820.0,913.0,905.0,3329.0,2558.0,1014.0,1329.0,1811.0,2091.0,2207.0,2408.0,2602.0,2658.0,3272.5,2496.0,1073.0,1373.0,1810.0,2081.0,2178.5,2367.0,2548.5,2626.0,2979.0,2366.5,844.5,1087.0,1406.0,1631.0,1711.5,1848.0,1991.5,2058.0,2902.0,2329.0,934.0,1126.0,1416.0,1654.0,1743.0,1857.0,1977.0,2085.0,2331.0,1496.0,723.0,948.0,1209.0,1414.0,1491.0,1619.0,1815.0,1806.0,0.0,0.0,0.0,0.0,0.0,0.0,0.0,0.0,0.0,0.0,2240.0,2020.0,829.0,1053.0,1256.0,1352.0,1417.0,1445.0,1563.0,1582.0,383.0,362.0,268.0,241.0,226.0,234.0,244.0,249.0,259.0,259.0,2434.0,2222.0,929.0,1213.0,1417.0,1536.0,1582.0,1630.0,1728.0,1736.0,2643.0,2466.0,1123.0,1360.0,1578.0,1677.0,1723.0,1804.0,1938.0,1918.0,1836.0,1627.0,572.0,713.0,901.0,970.0,955.0,999.0,1093.0,1092.0,1831.0,1574.0,751.0,892.0,1006.0,1061.0,1088.0,1129.0,1298.0,1199.0,1811.5,1618.5,670.0,829.0,963.5,1040.0,1078.0,1130.0,1207.0,1204.5,"{""type"":""MultiPoint"",""coordinates"":[]}"
724_0,3,156.5,130.0,204.0,244.0,331.0,391.5,255.0,286.0,318.5,221.0,2231.0,1839.5,721.0,937.5,1160.0,1289.5,1344.0,1443.5,1552.0,1561.5,2354.5,2000.0,829.0,1047.5,1286.0,1427.0,1482.5,1572.5,1659.5,1671.5,2495.5,2201.5,1072.0,1326.5,1547.5,1684.0,1703.5,1796.5,1859.0,1883.0,2681.0,2371.0,1383.0,1628.0,1845.0,1951.0,2001.0,2065.0,2147.0,2121.0,1128.0,1127.0,1204.0,1491.0,1617.0,1790.0,1592.0,1650.0,1366.0,1496.0,269.0,232.0,667.0,896.0,900.0,1035.0,857.0,936.0,896.0,720.0,473.0,374.0,667.0,958.0,900.0,1350.0,1066.0,1161.0,1115.0,899.0,516.0,398.0,446.0,763.0,565.0,1170.0,1262.0,1321.0,1317.0,1114.0,776.5,484.5,259.0,550.5,344.0,996.0,1678.5,1950.5,1891.0,1729.5,898.0,543.0,213.0,457.5,277.5,842.0,1852.5,2309.0,2243.5,1991.5,207.0,156.0,283.0,407.0,511.0,577.0,409.0,445.0,454.0,373.0,1126.0,592.0,254.0,424.0,269.0,765.0,2137.0,2802.0,2678.0,2700.0,1164.0,592.0,127.0,371.0,128.0,721.0,2333.0,2999.0,3013.0,2866.0,1276.0,631.0,177.0,506.0,248.0,911.0,2815.0,3518.0,3512.0,3608.0,1489.0,759.0,436.0,888.0,557.0,1540.0,3040.0,3605.0,3599.0,3614.0,1494.0,836.0,444.0,946.0,768.0,1709.0,2782.0,3056.0,3404.0,3366.0,1950.5,1163.5,532.0,1022.5,1039.0,1895.0,2599.5,2923.5,3108.5,3158.5,2287.0,1356.5,835.0,1337.5,1483.5,2143.5,2696.0,2997.5,3233.5,3286.0,3213.5,2180.0,964.5,1428.0,1728.0,2474.5,2887.0,3177.5,3453.0,3520.5,4194.0,2794.5,1265.0,1808.0,2492.0,3143.0,3429.0,3652.5,4040.5,4102.5,4410.0,3095.0,1413.0,1956.0,2756.0,3248.0,3380.0,3623.0,3791.0,3984.0,207.0,158.0,283.0,315.0,428.0,476.0,409.0,418.0,454.0,331.0,4282.0,3122.0,1271.0,1699.0,2377.0,2818.0,2903.0,3136.0,3159.0,3465.0,4053.5,3036.5,1148.5,1514.5,2065.0,2375.5,2520.5,2718.0,2932.0,3007.0,3498.0,2763.5,822.5,1071.0,1458.5,1652.5,1751.5,1925.0,2107.5,2135.5,329.0,223.0,310.0,417.0,573.0,643.0,559.0,548.0,639.0,584.0,151.0,117.0,106.0,139.0,222.0,251.0,199.0,208.0,248.0,170.0,184.0,173.0,212.0,255.0,290.0,316.0,275.0,287.0,341.0,265.0,131.0,124.0,130.0,198.0,298.0,396.0,283.0,314.0,337.0,223.0,438.0,294.0,276.0,362.0,516.0,674.0,676.0,772.0,892.0,944.0,3262.0,2463.0,975.0,1264.0,1649.0,1915.0,2025.0,2186.0,2368.0,2427.0,1313.0,708.0,433.0,595.0,923.0,1121.0,1182.0,1321.0,1538.0,1552.0,2268.0,1554.5,717.0,948.0,1287.0,1542.0,1618.5,1772.5,1992.5,2003.5,4263.5,3344.0,1436.5,1762.5,2180.5,2469.0,2623.5,2819.0,3055.5,3054.5,4080.0,3248.0,1364.5,1638.0,2027.5,2335.5,2383.0,2590.0,2739.5,2873.5,"{""type"":""MultiPoint"",""coordinates"":[]}"
725_0,3,1895.5,1605.0,546.0,716.0,956.0,1072.5,1106.5,1179.0,1237.5,1278.0,2490.0,2154.0,893.0,1189.5,1477.5,1618.5,1660.0,1740.0,1836.5,1847.0,2462.0,2102.5,841.5,1106.5,1401.5,1559.0,1549.5,1644.0,1709.5,1754.5,2405.0,2103.5,840.5,1084.5,1360.5,1522.0,1519.0,1594.0,1654.5,1706.5,226.5,182.5,425.0,645.0,648.0,834.0,650.0,726.5,707.5,626.0,346.0,257.0,621.5,796.5,883.0,1046.0,935.5,1009.0,957.5,917.5,813.5,585.0,512.0,748.5,662.0,1098.0,1430.0,1520.5,1427.5,1414.5,1437.5,861.0,421.5,795.0,448.0,1098.0,2533.0,2817.0,2724.0,2654.5,1517.0,795.5,296.0,655.5,393.5,1118.5,2903.5,3531.5,3397.0,3600.0,1791.0,980.5,328.5,712.0,525.5,1324.0,2918.0,3466.5,3579.0,3833.5,1859.0,1029.5,310.5,731.0,517.0,1317.5,2983.5,3592.0,3747.5,3907.5,2161.0,1866.5,602.5,800.5,1062.0,1208.5,1241.5,1303.0,1412.5,1439.5,1760.0,941.0,281.5,711.5,452.5,1265.5,3003.5,3607.0,3776.0,3960.0,1568.5,822.0,279.0,684.5,446.0,1185.0,2990.5,3573.0,3727.0,3856.0,1555.5,822.0,318.0,684.5,443.5,1188.0,3110.5,3715.5,3785.5,3998.0,1860.5,963.0,488.5,958.5,601.5,1675.0,3434.5,3873.5,3992.0,4183.5,1896.5,1050.5,496.0,1050.5,719.0,1769.0,3247.5,3660.0,3852.0,3946.5,2016.0,1170.0,537.0,1152.0,985.0,2122.0,3121.0,3362.0,3554.0,3732.0,2337.5,1365.0,786.5,1429.5,1453.5,2455.5,3221.0,3515.5,3717.0,3905.5,2609.5,1643.0,781.0,1429.5,1491.0,2485.5,3226.5,3488.5,3829.0,3914.0,4027.0,2774.0,1159.0,1670.5,2279.0,2878.5,3221.0,3488.5,3739.5,3914.0,2611.5,1952.0,788.5,1087.5,1501.0,1776.5,1910.0,2024.5,2076.0,2282.0,2030.0,1741.5,506.0,708.5,976.0,1084.0,1134.5,1201.0,1303.5,1330.5,2455.5,1941.0,801.0,1039.0,1408.5,1660.0,1783.5,1776.5,1875.5,2028.5,2507.0,1975.0,938.0,1120.5,1447.0,1642.5,1760.0,1790.0,1888.5,1970.5,2236.0,1827.0,682.5,852.5,1141.0,1303.0,1380.5,1442.0,1563.0,1601.0,2382.0,1959.5,752.5,937.5,1216.5,1385.5,1479.0,1564.5,1626.0,1749.0,2011.5,1497.5,513.0,670.5,909.5,1087.0,1094.5,1209.5,1286.5,1348.5,0.0,0.0,0.0,0.0,0.0,0.0,0.0,0.0,0.0,0.0,1962.5,1721.5,518.5,701.5,920.5,1032.0,1059.5,1119.5,1231.0,1246.0,1920.5,1698.0,559.5,666.0,857.0,942.5,969.0,1046.0,1133.0,1142.0,2292.5,2018.0,650.0,846.5,1085.0,1207.0,1237.5,1315.0,1420.0,1412.5,2373.5,2084.0,677.5,852.0,1101.0,1222.5,1217.0,1301.0,1436.5,1459.0,2119.5,1832.5,621.0,748.0,948.0,1062.5,1097.0,1149.0,1243.0,1282.5,1891.0,1660.5,535.5,701.5,906.0,1002.5,1059.0,1123.5,1218.5,1225.5,2266.0,1960.0,753.0,1029.0,1291.5,1386.5,1453.0,1505.5,1611.0,1617.5,"{""type"":""MultiPoint"",""coordinates"":[]}"
726_0,3,3000.5,2325.5,821.0,928.0,1207.5,1391.0,1496.5,1628.0,1855.0,1917.5,2190.0,2005.0,648.0,906.0,1212.0,1364.0,1399.0,1503.0,1571.0,1622.0,2404.0,2310.0,812.0,1058.0,1386.0,1529.0,1586.0,1670.0,1763.0,1779.0,2160.5,2037.0,736.0,977.5,1272.5,1399.5,1446.5,1511.0,1576.0,1614.0,544.0,495.0,465.0,611.0,733.0,852.0,775.0,918.0,849.0,911.0,484.0,383.0,368.0,608.0,569.0,848.0,892.0,928.0,881.0,852.0,530.0,427.0,284.0,520.0,418.0,820.0,871.0,942.0,845.0,801.0,1438.0,872.0,267.0,613.0,375.0,942.0,1847.0,2228.0,2141.0,2107.0,1162.0,650.0,166.0,411.0,222.0,698.0,1847.0,2247.0,2184.0,2143.0,1214.5,611.0,80.0,354.5,114.5,646.5,2196.0,2850.0,2790.0,2851.0,1174.5,563.0,38.5,229.5,50.0,456.0,2193.5,3019.0,3075.0,3079.0,4554.5,3926.5,2564.0,2717.5,3038.0,3281.0,3303.5,3387.5,3572.5,3612.0,1280.0,598.5,29.5,226.0,22.5,486.0,2562.5,3710.5,3647.5,3731.5,1272.0,607.5,101.0,478.0,144.5,877.5,3004.0,4040.5,4053.5,4192.0,1294.0,624.0,483.0,838.0,584.0,1266.0,3173.0,3955.0,3959.0,4164.0,1421.0,756.0,682.0,1102.0,1000.0,1890.0,3049.0,3448.0,3569.0,3676.0,1556.0,875.0,602.0,1085.0,1000.0,1890.0,2779.0,3101.0,3303.0,3330.0,1868.0,1088.0,580.0,1122.0,1157.0,2021.0,2786.0,3101.0,3279.0,3370.0,4240.0,3032.0,1163.0,1605.5,2230.5,2691.5,2969.5,3267.5,3499.5,3650.5,4075.5,3048.5,1131.5,1544.5,2235.5,2597.0,2818.0,3036.0,3353.5,3421.0,3512.0,2764.0,998.0,1416.0,1942.0,2264.0,2494.0,2711.0,2998.0,2983.0,3219.0,2385.5,849.5,1194.5,1623.5,1956.5,2102.5,2289.0,2445.0,2569.0,3293.0,2582.0,730.0,963.0,1355.0,1486.0,1570.0,1735.0,2012.0,2057.0,3367.0,2674.5,778.5,1057.5,1395.5,1646.0,1866.0,2020.5,2144.0,2256.0,4386.5,3717.5,2421.5,2594.5,2840.0,3154.0,3332.5,3457.5,3567.5,3647.5,3055.0,2556.0,781.5,929.0,1107.5,1342.5,1524.5,1686.5,1833.0,1886.0,2928.0,2453.0,760.0,903.0,1070.0,1314.5,1507.5,1661.0,1781.0,1845.5,2191.0,1631.0,425.0,605.0,784.0,1055.5,1264.0,1376.0,1536.5,1572.0,0.0,0.0,0.0,0.0,0.0,0.0,0.0,0.0,0.0,0.0,3726.0,2916.0,887.0,1205.0,1725.0,1928.0,1975.0,2104.0,2347.0,2459.0,3947.0,3043.0,1186.0,1429.0,1872.0,2102.0,2228.0,2404.0,2699.0,2728.0,3588.0,2876.0,979.0,1291.0,1759.0,1957.0,2029.0,2132.0,2447.0,2498.0,2300.0,1837.5,659.5,765.5,1009.0,1155.5,1175.5,1307.5,1459.0,1450.0,1483.0,1235.0,436.0,569.0,790.0,900.0,928.0,967.0,1060.0,1128.0,1898.5,1752.5,542.0,720.5,992.0,1084.5,1140.0,1214.0,1314.0,1332.0,1980.5,1831.0,594.0,796.0,1072.0,1171.0,1227.5,1317.0,1426.5,1436.5,"{""type"":""MultiPoint"",""coordinates"":[]}"
727_0,3,2390.0,2103.5,1534.0,1505.0,1583.0,1702.0,1747.0,1786.0,1995.5,1900.5,2682.0,2476.0,844.0,1140.0,1504.0,1650.0,1704.0,1797.0,1905.0,1942.0,2397.0,2221.0,605.0,886.0,1241.0,1373.0,1435.0,1535.0,1645.0,1707.0,236.5,211.0,301.0,448.5,421.5,516.0,312.5,386.5,347.0,235.0,217.0,183.0,265.5,414.0,377.5,514.5,434.0,480.0,457.5,370.0,449.0,340.5,303.5,509.5,414.5,703.0,823.0,902.5,885.0,804.0,951.0,777.0,276.0,513.0,326.0,825.0,1471.0,1572.0,1476.0,1455.0,1136.0,633.0,241.0,489.0,295.0,775.0,1707.0,1945.0,2039.0,1936.0,1363.0,676.0,102.0,343.0,102.0,622.0,2601.0,3373.0,3349.0,3364.0,1429.5,665.0,44.5,302.5,44.0,546.0,2860.5,4236.5,4289.5,4318.0,1361.5,619.0,61.0,303.0,46.0,553.5,2916.5,4395.0,4471.0,4557.0,3223.5,2976.5,2076.0,2204.0,2415.5,2624.0,2569.5,2600.0,2673.0,2715.0,1422.0,653.0,81.5,313.5,65.5,618.0,3042.5,4491.0,4612.0,4709.5,1519.0,703.0,196.5,681.5,265.5,1229.5,3545.0,4561.0,4747.5,4834.0,1586.0,779.0,510.0,869.0,634.0,1383.0,3429.0,4230.0,4322.0,4562.0,1726.0,949.0,628.0,1070.0,935.0,1838.0,3133.0,3648.0,3824.0,3922.0,1905.0,1100.0,600.0,1085.0,997.0,1881.0,2783.0,3161.0,3532.0,3495.0,4060.0,2756.0,928.0,1397.0,1686.0,2452.0,2811.0,3161.0,3410.0,3597.0,4573.0,3259.5,1133.5,1579.0,2213.0,2655.5,2953.0,3232.5,3566.0,3735.0,4360.0,3214.0,1028.0,1442.0,2170.0,2526.0,2788.0,3086.0,3434.0,3469.0,4188.0,3064.0,1024.5,1410.0,2078.5,2402.0,2666.5,2957.5,3339.0,3403.5,3733.0,2843.0,921.0,1235.0,1704.0,2005.0,2222.0,2462.0,2652.0,2806.0,2250.5,1974.5,549.5,751.0,1018.0,1185.0,1258.5,1332.0,1492.5,1501.0,3366.0,2707.5,718.5,985.5,1344.5,1589.0,1788.0,1944.0,2096.0,2273.5,2748.0,2360.5,1137.0,1238.5,1423.0,1594.5,1661.0,1798.0,1925.0,1966.5,2676.0,2366.5,733.5,834.0,1036.5,1235.0,1354.0,1517.0,1681.5,1726.0,2775.5,2519.5,690.0,771.0,958.5,1135.0,1277.5,1410.0,1504.5,1582.5,2497.0,1880.0,505.0,640.0,827.0,1065.0,1183.0,1258.0,1450.0,1566.0,0.0,0.0,0.0,0.0,0.0,0.0,0.0,0.0,0.0,0.0,2225.0,1895.0,466.0,704.0,1021.0,1224.0,1294.0,1379.0,1530.0,1572.0,1509.0,1299.5,512.5,567.0,701.0,842.0,935.5,1021.5,1073.0,1089.0,2333.0,1987.5,638.0,873.0,1109.5,1321.0,1496.0,1589.5,1749.0,1768.5,2470.0,2103.0,743.0,925.0,1162.5,1371.0,1612.0,1706.5,1885.0,1892.5,2368.0,2163.0,781.0,955.0,1202.0,1379.0,1452.0,1571.0,1674.0,1721.0,2283.0,2154.0,677.0,888.0,1135.0,1248.0,1306.0,1396.0,1574.0,1527.0,2314.0,2164.5,687.5,917.0,1206.5,1330.5,1402.5,1508.0,1641.5,1632.0,"{""type"":""MultiPoint"",""coordinates"":[]}"
728_0,3,1251.5,1106.5,367.0,464.0,587.5,637.5,645.0,693.0,742.0,782.0,2130.0,1941.5,748.0,975.5,1161.0,1260.5,1280.0,1363.0,1445.5,1448.0,2316.5,2121.5,801.0,1049.0,1245.5,1351.5,1387.5,1477.0,1532.5,1556.0,2822.5,2581.0,1145.5,1424.0,1678.5,1801.0,1810.5,1894.0,1989.0,2010.0,2966.0,2766.0,1267.0,1539.0,1783.0,1936.0,2003.0,2063.0,2194.0,2155.0,2682.0,2517.0,1239.0,1539.0,1783.0,1936.0,1925.0,1950.0,1827.0,1869.0,416.0,355.0,888.0,1135.0,1118.0,1262.0,910.0,863.0,882.0,666.0,416.0,380.0,908.0,1190.0,1265.0,1374.0,910.0,995.0,921.0,749.0,261.0,206.0,593.0,908.0,920.0,1121.0,738.0,856.0,758.0,644.0,235.0,188.0,500.0,800.5,735.0,1020.0,716.0,824.5,690.0,587.0,258.0,189.5,426.5,716.5,615.5,910.0,709.0,819.5,684.0,566.5,1454.0,1276.0,479.0,612.0,757.0,812.0,830.0,899.0,988.0,958.0,525.0,323.0,327.0,578.0,432.0,888.0,1076.0,1230.0,1113.0,1004.0,594.0,342.0,150.0,332.0,156.0,598.0,1211.0,1408.0,1318.0,1162.0,883.0,454.0,153.0,362.0,188.0,658.0,1852.0,2421.0,2234.0,2067.0,1065.0,554.0,297.0,529.0,277.0,811.0,2177.0,2596.0,2608.0,2460.0,1135.0,613.0,300.0,602.0,336.0,983.0,2240.0,2608.0,2677.0,2601.0,1176.5,671.5,343.5,754.5,534.0,1311.5,2305.0,2596.5,2749.0,2745.5,2008.5,1188.5,915.5,1326.0,1496.0,2072.5,2684.0,2927.5,3187.5,3211.0,2465.5,1616.0,849.0,1260.0,1536.5,2089.0,2556.5,2796.5,3085.0,3141.5,3262.0,2245.0,960.0,1368.0,1885.0,2303.0,2499.0,2808.0,3047.0,3076.0,3083.5,2203.0,884.0,1272.5,1831.5,2231.5,2324.5,2547.0,2669.0,2846.0,1525.0,1175.0,553.0,673.0,801.0,864.0,897.0,952.0,1006.0,1018.0,3222.0,2486.0,914.0,1263.0,1693.0,2087.0,2126.0,2291.0,2287.0,2568.0,3023.5,2323.0,889.5,1153.0,1550.5,1830.0,1898.0,2065.5,2186.0,2294.5,2716.5,2206.5,697.5,908.0,1169.0,1375.0,1460.5,1554.0,1646.5,1751.5,2687.0,2168.0,811.0,966.0,1221.0,1413.0,1516.0,1605.0,1676.0,1808.0,2403.0,1562.0,648.0,801.0,1072.0,1218.0,1301.0,1437.0,1558.0,1578.0,0.0,0.0,0.0,0.0,0.0,0.0,0.0,0.0,0.0,0.0,2341.0,2088.0,826.0,1082.0,1314.0,1418.0,1440.0,1513.0,1632.0,1625.0,384.0,334.0,274.0,249.0,232.0,245.0,249.0,282.0,275.0,269.0,2650.0,2401.0,1008.0,1296.0,1548.0,1696.0,1693.0,1782.0,1872.0,1891.0,2814.0,2613.0,1161.0,1440.0,1686.0,1778.0,1860.0,1925.0,2058.0,2009.0,2012.0,1776.0,592.0,759.0,956.0,1065.0,1028.0,1110.0,1181.0,1188.0,1954.0,1759.0,618.0,811.0,992.0,1089.0,1121.0,1177.0,1252.0,1289.0,2013.5,1834.0,698.0,878.5,1038.5,1118.0,1184.0,1230.5,1326.5,1315.0,"{""type"":""MultiPoint"",""coordinates"":[]}"
729_0,3,1719.5,1411.5,564.0,696.5,926.5,1052.0,1069.5,1158.5,1245.5,1238.0,2287.5,1972.0,820.0,1090.5,1360.0,1486.0,1522.0,1587.0,1689.0,1670.5,2351.0,2077.5,857.5,1142.5,1397.0,1524.5,1548.0,1634.0,1707.0,1718.0,2271.0,2015.5,849.5,1121.5,1345.5,1471.0,1495.0,1581.0,1643.0,1640.0,373.0,329.0,973.0,1214.0,1254.0,1407.0,999.0,1041.0,996.0,794.0,373.0,329.0,973.0,1214.0,1254.0,1407.0,1117.0,1174.0,1137.0,1039.0,392.0,303.0,698.0,975.0,1007.0,1254.0,1121.0,1198.0,1129.0,1014.0,654.0,598.0,648.0,918.0,841.0,1446.0,1370.0,1476.0,1408.0,1258.0,702.0,475.0,556.0,786.0,661.0,1165.0,1549.0,1773.0,1590.0,1518.0,840.5,552.5,292.5,535.0,409.5,982.0,1721.5,2105.5,1898.5,1766.0,1176.0,664.0,225.0,476.5,289.0,881.0,2301.5,2869.5,2772.5,2693.5,1922.0,1625.0,637.0,840.0,1061.0,1164.0,1195.0,1264.0,1339.0,1399.0,1260.0,671.0,192.0,434.0,229.0,746.0,2382.0,2945.0,2860.0,2869.0,1233.0,612.0,97.0,373.0,145.0,688.0,2608.0,3483.0,3502.0,3402.0,1221.0,612.0,105.0,370.0,140.0,706.0,2768.0,3692.0,3700.0,3731.0,1537.0,760.0,346.0,713.0,354.0,1181.0,3395.0,4217.0,4299.0,4332.0,1649.0,817.5,388.5,891.5,439.5,1430.5,3602.0,4327.5,4632.5,4473.0,1633.5,890.5,398.5,964.0,557.5,1696.0,3371.5,3755.0,3938.0,3954.0,1983.0,1027.0,781.0,1384.0,1108.0,2301.0,3379.0,3736.0,3910.0,3983.0,2324.5,1410.0,902.0,1575.5,1628.0,2700.5,3509.5,3807.0,4168.0,4110.0,3516.5,2445.5,1098.5,1664.0,2139.5,2829.5,3045.5,3268.0,3594.5,3691.5,2837.0,2112.0,813.0,1149.0,1641.0,1909.0,2013.0,2190.0,2263.0,2343.0,1780.0,1481.0,492.0,691.0,943.0,1073.0,1090.0,1197.0,1259.0,1297.0,2745.0,2112.0,773.0,1106.0,1505.0,1745.0,1839.0,1961.0,2040.0,2205.0,2599.0,2013.5,811.5,1054.0,1411.5,1616.5,1710.5,1824.0,1930.0,2045.0,2350.5,1897.0,643.5,828.0,1107.5,1264.0,1341.5,1455.5,1527.5,1625.5,2526.0,2074.0,727.0,915.0,1159.0,1357.0,1383.0,1537.0,1563.0,1665.0,2066.0,1549.0,526.0,643.0,914.0,1019.0,1134.0,1214.0,1353.0,1371.0,0.0,0.0,0.0,0.0,0.0,0.0,0.0,0.0,0.0,0.0,1535.0,1267.0,497.0,658.0,849.0,937.0,973.0,1034.0,1125.0,1103.0,1723.0,1454.0,587.0,732.0,917.0,1002.0,1043.0,1108.0,1174.0,1194.0,2150.0,1863.0,704.0,950.0,1161.0,1290.0,1338.0,1430.0,1515.0,1536.0,2324.0,2010.0,908.0,1097.0,1315.0,1429.0,1504.0,1552.0,1729.0,1670.0,1862.0,1586.0,575.0,722.0,942.0,1025.0,1048.0,1102.0,1201.0,1236.0,2064.0,1773.0,668.0,879.0,1113.0,1233.0,1285.0,1342.0,1440.0,1463.0,2109.0,1812.0,752.0,960.5,1174.0,1275.0,1320.0,1380.0,1508.5,1481.5,"{""type"":""MultiPoint"",""coordinates"":[]}"
730_0,3,1958.5,1666.0,589.0,737.5,1007.5,1112.5,1157.0,1224.5,1351.0,1335.0,2586.0,2223.5,960.5,1286.0,1608.5,1737.0,1774.0,1851.5,1984.5,1980.0,2603.5,2235.0,885.0,1181.5,1519.0,1658.5,1660.5,1737.5,1867.5,1877.0,2551.5,2217.0,871.0,1145.5,1457.0,1609.0,1614.5,1683.5,1801.5,1818.0,279.5,257.0,679.5,877.5,987.5,1161.5,1042.0,1102.0,1089.5,1010.0,279.5,257.0,582.0,825.5,903.5,1161.5,923.0,1102.0,914.5,873.0,516.0,436.5,535.5,766.0,732.5,1156.0,1167.5,1270.0,1170.0,1094.0,1316.0,821.0,431.5,771.0,445.0,1167.0,2418.5,2617.5,2680.0,2496.0,1489.0,809.5,289.5,655.5,313.5,1117.0,3160.0,3714.5,3779.5,3605.0,1618.0,879.0,285.5,643.5,376.0,1172.5,3051.5,3704.5,3788.5,3879.0,1533.0,800.0,239.0,597.5,343.5,1114.5,2986.0,3677.5,3773.5,3849.5,2196.0,1890.0,628.0,839.5,1100.0,1218.0,1274.0,1337.0,1428.5,1475.0,1497.5,752.5,203.0,552.5,292.5,1048.0,2959.0,3693.5,3825.0,3919.0,1455.0,701.5,186.5,519.0,255.5,1046.0,3033.0,3802.5,3924.0,4103.0,1486.0,717.5,263.5,650.0,290.0,1155.5,3364.5,4030.5,4192.0,4319.0,1799.0,911.0,462.0,994.0,523.0,1635.5,3637.0,4215.0,4433.5,4499.5,1822.5,959.5,466.5,1067.5,606.5,1737.0,3486.0,3982.5,4379.5,4280.5,1964.0,1067.0,538.0,1253.0,952.0,2163.0,3366.0,3775.0,4067.0,4074.0,2317.5,1296.5,885.0,1632.5,1561.5,2613.0,3512.5,3793.0,4274.5,4204.0,2693.0,1607.0,925.0,1498.0,1813.0,2604.5,3236.0,3526.5,4011.0,4053.5,4207.5,2873.0,1158.0,1584.5,2153.0,2579.0,2850.0,3106.0,3571.0,3674.5,3324.0,2381.5,862.5,1230.5,1831.5,2143.0,2294.5,2529.0,2701.5,2836.0,2063.0,1769.5,529.5,766.5,1027.5,1139.0,1173.5,1255.0,1372.0,1403.5,2526.5,1990.0,750.0,1020.5,1431.0,1636.0,1661.5,1804.5,1944.5,2002.0,2501.5,1958.0,859.0,1059.0,1409.5,1582.0,1638.0,1739.0,1893.5,1915.5,2252.5,1843.5,631.0,813.5,1113.5,1266.5,1308.0,1429.0,1572.5,1580.5,2323.5,1818.0,679.5,883.0,1184.0,1362.0,1392.0,1519.0,1616.0,1693.0,2020.0,1544.0,490.5,639.5,899.5,995.5,1070.5,1183.5,1336.0,1324.0,0.0,0.0,0.0,0.0,0.0,0.0,0.0,0.0,0.0,0.0,1903.5,1650.5,530.5,717.5,926.5,1013.5,1059.0,1106.5,1236.0,1224.5,1931.5,1711.5,584.5,702.5,894.0,972.0,1020.5,1072.5,1146.0,1170.0,2285.5,2056.0,678.0,890.0,1126.0,1239.0,1271.5,1378.5,1444.5,1446.0,2382.0,2095.5,740.5,893.5,1156.0,1277.0,1251.0,1342.5,1458.0,1464.5,2139.0,1847.0,664.5,804.5,1023.5,1126.5,1125.0,1206.0,1324.5,1348.0,2130.0,1842.5,634.0,821.0,1069.0,1169.0,1186.5,1246.5,1372.0,1356.5,2363.5,2085.0,804.0,1083.0,1392.0,1499.0,1543.0,1614.5,1752.0,1718.0,"{""type"":""MultiPoint"",""coordinates"":[]}"
731_0,3,1721.0,1429.0,580.0,700.0,919.0,1034.5,1082.0,1132.0,1202.0,1210.5,2169.0,1841.5,809.5,1005.0,1216.5,1329.0,1381.5,1446.5,1535.5,1543.0,2260.0,1938.0,830.5,1077.5,1332.0,1465.0,1480.0,1571.5,1612.5,1631.0,2603.5,2240.0,1162.5,1472.0,1752.0,1884.0,1881.0,1972.5,2020.0,2029.5,2194.0,1926.0,1124.0,1422.0,1477.0,1638.0,1540.0,1589.0,1684.0,1669.0,999.0,667.0,1124.0,1422.0,1477.0,1638.0,1321.0,1359.0,1395.0,1329.0,350.0,309.0,684.0,1042.0,1082.0,1391.0,1216.0,1245.0,1274.0,1098.0,473.0,394.0,668.0,989.0,982.0,1301.0,1195.0,1250.0,1238.0,1076.0,622.0,497.0,473.0,796.0,701.0,1084.0,1294.0,1416.0,1391.0,1222.0,1139.5,656.5,277.5,621.0,366.5,990.0,2080.0,2424.0,2498.0,2348.0,1531.0,759.5,184.0,498.5,171.0,814.5,2962.0,3887.5,3943.0,3695.0,1910.0,1617.0,673.0,840.0,1033.0,1154.0,1205.0,1204.0,1327.0,1338.0,1550.0,754.0,189.0,506.0,203.0,849.0,3092.0,4334.0,4239.0,4224.0,1504.0,751.0,126.0,522.0,271.0,948.0,3216.0,4301.0,4434.0,4322.0,1569.0,770.0,185.0,570.0,346.0,1095.0,3455.0,4486.0,4566.0,4622.0,1633.0,777.0,415.0,887.0,620.0,1653.0,3482.0,4162.0,4272.0,4351.0,1634.0,912.0,447.0,959.0,815.0,1819.0,3140.0,3536.0,3872.0,3890.0,1915.0,1136.0,504.0,1028.0,1047.5,2012.5,2861.5,3189.5,3430.5,3557.5,2268.5,1352.5,804.5,1320.5,1523.0,2231.0,2837.5,3129.5,3402.5,3512.0,2586.5,1662.0,803.0,1287.0,1714.5,2365.5,2869.5,3104.5,3433.0,3524.0,3585.5,2500.0,1112.0,1570.5,2215.5,2624.0,2929.5,3183.0,3562.0,3613.0,3238.0,2307.0,915.0,1361.0,2049.0,2424.0,2629.0,2932.0,3042.0,3266.0,1792.0,1497.0,472.0,697.0,916.0,1011.0,1040.0,1124.0,1222.0,1265.0,3270.0,2361.0,907.0,1298.0,1898.0,2401.0,2485.0,2773.0,2836.0,2920.0,3088.5,2237.0,945.5,1244.5,1690.5,2004.5,2140.5,2328.0,2515.5,2643.5,2801.0,2164.5,727.0,964.0,1301.5,1484.5,1647.0,1738.0,1920.0,2040.0,2891.0,2265.0,844.0,1008.0,1322.0,1492.0,1651.0,1725.0,1952.0,2042.0,1627.0,1341.0,442.0,603.0,860.0,920.0,985.0,1052.0,1183.0,1158.0,701.5,571.0,562.5,568.0,582.0,607.0,632.0,674.5,778.0,705.0,1362.0,1068.0,441.0,599.0,748.0,850.0,866.0,941.0,997.0,996.0,412.0,312.0,229.0,210.0,219.0,239.0,265.0,267.0,288.0,308.0,2111.0,1830.0,756.0,964.0,1151.0,1259.0,1293.0,1373.0,1453.0,1486.0,2280.0,1987.0,970.0,1153.0,1316.0,1413.0,1479.0,1559.0,1684.0,1676.0,1712.0,1449.0,543.0,679.5,838.5,923.5,933.0,985.5,1049.5,1088.5,2016.5,1725.5,767.0,928.5,1097.0,1200.5,1248.0,1287.5,1391.5,1405.0,2147.5,1836.0,833.0,1009.5,1178.5,1293.0,1321.5,1396.0,1491.5,1482.0,"{""type"":""MultiPoint"",""coordinates"":[]}"
732_0,3,2931.0,2188.0,828.5,956.0,1239.0,1448.5,1542.5,1686.5,1857.5,1966.5,2061.0,1862.0,628.0,865.0,1139.0,1268.0,1304.0,1386.0,1466.0,1495.0,2168.0,2017.0,727.0,932.0,1189.0,1360.0,1379.0,1490.0,1510.0,1576.0,1073.5,1034.0,500.0,649.5,775.0,891.5,831.5,927.0,930.0,904.5,483.0,457.0,920.0,1043.0,1063.0,1192.0,942.0,952.0,902.0,773.0,454.0,363.0,371.0,652.0,567.0,829.0,820.0,850.0,841.0,766.0,704.0,539.0,343.0,604.0,521.0,921.0,1225.0,1317.0,1286.0,1250.0,1404.0,838.0,277.0,604.0,410.0,921.0,2182.0,2468.0,2507.0,2506.0,1207.0,637.0,136.0,387.0,192.0,645.0,2119.0,2744.0,2703.0,2595.0,1326.0,646.0,62.0,310.5,84.0,578.5,2440.0,3370.5,3359.0,3391.5,1264.5,585.5,27.5,197.5,27.0,422.0,2486.0,3737.5,3778.5,3781.5,3677.0,3167.5,2135.0,2129.5,2311.0,2511.0,2607.0,2724.0,2838.5,2829.0,1264.0,578.5,29.0,186.0,13.0,404.5,2559.0,4158.5,4168.5,4295.5,1141.0,522.0,56.0,306.0,53.0,618.5,2730.0,4147.0,4250.0,4394.5,1229.0,563.0,462.0,750.0,506.0,1110.0,3072.0,4243.0,4310.0,4412.0,1279.0,659.0,597.0,966.0,748.0,1539.0,3144.0,3757.0,3891.0,3952.0,1309.0,710.0,523.0,938.0,753.0,1631.0,2865.0,3317.0,3513.0,3582.0,1622.0,949.0,473.0,977.0,1015.0,1840.0,2782.0,3126.0,3328.0,3422.0,4290.0,3025.5,1219.5,1733.5,2451.5,2959.0,3259.5,3593.5,3871.0,3981.5,4370.5,3153.5,1260.0,1756.5,2517.5,2905.5,3100.5,3382.0,3704.0,3810.5,3883.0,2897.0,1142.0,1560.0,2278.0,2627.0,2820.0,3064.0,3294.0,3418.0,4104.5,3043.5,1194.5,1632.5,2289.0,2685.0,2844.5,3055.0,3257.5,3453.0,3160.0,2470.0,626.0,869.0,1230.0,1402.0,1482.0,1601.0,1799.0,1859.0,3598.5,2833.5,927.5,1227.0,1639.5,1915.0,2080.5,2251.5,2361.0,2507.5,3825.5,3058.5,1523.0,1737.5,2049.5,2295.0,2461.0,2612.0,2736.0,2896.5,3235.5,2739.0,875.5,1018.5,1265.5,1479.5,1568.5,1738.5,1857.5,1934.5,3087.5,2609.5,838.5,968.5,1193.5,1419.5,1521.5,1674.5,1778.0,1859.0,2175.0,1641.0,465.0,640.5,878.0,1079.0,1220.5,1292.5,1445.5,1514.0,0.0,0.0,0.0,0.0,0.0,0.0,0.0,0.0,0.0,0.0,3562.0,2826.0,794.0,1112.0,1551.0,1791.0,1758.0,1958.0,2099.0,2199.0,3769.0,3120.0,1119.0,1259.0,1551.0,1843.0,1817.0,2052.0,2099.0,2273.0,3453.0,2803.0,911.0,1184.0,1516.0,1668.0,1817.0,2005.0,2138.0,2271.0,2666.0,2248.0,765.5,923.5,1253.0,1416.5,1414.0,1544.0,1657.5,1700.5,1744.0,1557.0,540.0,664.0,953.0,1055.0,1019.0,1096.0,1127.0,1196.0,1802.0,1668.5,520.5,691.0,950.5,1051.5,1054.5,1127.0,1213.5,1229.5,1880.0,1726.5,570.5,763.5,1024.0,1128.5,1159.0,1222.5,1316.0,1341.5,"{""type"":""MultiPoint"",""coordinates"":[]}"
733_0,3,1892.5,1527.5,611.0,746.5,999.5,1115.5,1174.0,1242.0,1369.5,1364.5,2117.5,1795.0,753.0,935.0,1187.5,1291.5,1343.0,1434.0,1557.5,1556.0,2254.0,1948.0,870.5,1084.0,1365.5,1460.5,1488.5,1527.5,1640.0,1641.0,2522.5,2193.5,1028.5,1279.0,1575.0,1693.5,1726.0,1799.5,1904.5,1880.5,2155.0,1895.0,1036.0,1266.0,1554.0,1699.0,1725.0,1799.0,1875.0,1693.0,433.0,418.0,641.0,918.0,908.0,1077.0,868.0,931.0,869.0,802.0,460.0,357.0,620.0,870.0,857.0,1137.0,1060.0,1078.0,1080.0,943.0,514.0,406.0,601.0,869.0,857.0,1137.0,1131.0,1298.0,1263.0,1095.0,822.0,547.0,463.0,747.0,618.0,1026.0,1543.0,1896.0,1645.0,1612.0,1511.5,764.0,233.0,532.5,260.0,879.5,2796.0,3568.0,3321.5,3507.5,1574.5,761.0,108.0,337.0,95.0,667.5,3021.5,4438.5,4339.0,4431.5,2086.0,1715.0,693.0,854.0,1118.0,1236.0,1283.0,1346.0,1474.0,1522.0,1675.0,806.0,125.0,350.0,95.0,690.0,3174.0,4812.0,4782.0,4758.0,1675.0,806.0,64.0,353.0,116.0,811.0,3341.0,4969.0,4967.0,5065.0,1714.0,824.0,169.0,508.0,255.0,959.0,3568.0,4981.0,5107.0,5223.0,1801.0,857.0,387.0,800.0,512.0,1481.0,3678.0,4669.0,4931.0,4975.0,1830.0,947.0,422.0,864.0,686.0,1569.0,3380.0,4179.0,4582.0,4551.0,2008.5,1148.0,458.0,949.5,929.0,1830.0,3109.0,3689.5,4004.0,4135.5,2543.0,1510.5,837.0,1248.5,1533.5,2251.0,3092.0,3521.5,3902.5,4009.5,3043.5,1963.5,981.0,1446.0,1934.5,2639.0,3243.0,3580.5,4063.0,4107.0,4322.0,2887.0,1196.0,1667.0,2511.0,3023.0,3369.0,3637.0,4153.0,4188.0,4115.0,2820.0,1170.0,1654.5,2493.5,2919.5,2983.5,3467.0,3749.5,3944.5,2092.0,1721.5,654.5,816.5,1080.0,1183.0,1223.5,1308.0,1460.5,1454.0,3698.5,2673.0,971.0,1343.5,1954.0,2333.0,2419.0,2759.5,3057.0,3116.0,3472.0,2546.0,987.5,1334.5,1883.5,2124.0,2248.5,2449.5,2893.5,2835.5,3056.0,2392.5,743.0,952.0,1306.0,1531.0,1621.5,1798.0,1987.0,2008.5,3097.5,2460.0,777.5,924.0,1260.0,1503.5,1554.5,1752.5,1891.5,1933.0,1611.0,1240.0,414.0,528.0,772.0,836.0,864.0,974.0,1092.0,1113.0,0.0,0.0,0.0,0.0,0.0,0.0,0.0,0.0,0.0,0.0,1575.0,1235.0,524.0,668.0,848.0,953.0,973.0,1049.0,1154.0,1158.0,1785.0,1474.0,636.0,758.0,903.0,1048.0,1062.0,1135.0,1209.0,1275.0,2394.0,1982.0,860.0,1084.0,1302.0,1434.0,1475.0,1538.0,1688.0,1698.0,2297.5,1908.5,872.0,1029.0,1250.5,1366.5,1364.5,1486.5,1602.5,1598.5,1881.0,1547.5,606.0,741.0,924.0,1033.5,1013.0,1116.0,1220.0,1219.0,2254.5,1931.5,848.5,1003.0,1199.0,1321.0,1405.5,1511.5,1629.5,1628.5,2254.0,1895.0,868.0,1031.5,1237.5,1328.5,1445.0,1550.5,1672.5,1654.5,"{""type"":""MultiPoint"",""coordinates"":[]}"
734_0,3,111.5,103.5,142.0,186.5,288.5,367.5,200.5,238.5,196.0,138.5,1910.5,1579.0,703.0,908.5,1085.0,1171.5,1233.5,1308.0,1378.5,1396.5,1970.0,1718.0,761.0,971.5,1141.0,1231.5,1253.5,1326.0,1396.0,1404.5,2162.0,1894.0,909.5,1143.5,1326.5,1416.5,1448.5,1517.0,1579.0,1596.5,2047.0,1820.0,1002.0,1241.0,1401.0,1485.0,1475.0,1539.0,1591.0,1576.0,356.0,350.0,953.0,1171.0,1204.0,1276.0,951.0,987.0,926.0,749.0,193.0,182.0,600.0,936.0,921.0,1050.0,731.0,796.0,704.0,562.0,351.0,305.0,663.0,966.0,920.0,1234.0,930.0,1031.0,937.0,761.0,361.0,275.0,454.0,740.0,625.0,1086.0,1126.0,1228.0,1147.0,964.0,420.5,303.0,228.0,429.5,306.0,936.0,1402.5,1598.5,1440.5,1301.5,528.0,357.5,176.0,339.0,215.5,723.5,1461.0,1710.0,1503.5,1359.0,149.0,127.0,286.0,396.0,482.0,530.0,341.0,361.0,329.0,280.0,918.0,515.0,142.0,266.0,150.0,658.0,1953.0,2523.0,2333.0,2261.0,1104.0,539.0,73.0,271.0,79.0,566.0,2301.0,3082.0,3102.0,2997.0,1241.0,598.0,112.0,380.0,167.0,698.0,2707.0,3616.0,3603.0,3583.0,1455.0,731.0,358.0,748.0,438.0,1232.0,3136.0,3833.0,3918.0,3899.0,1488.0,759.0,370.0,834.0,597.0,1482.0,2995.0,3561.0,3796.0,3695.0,1867.5,1081.5,482.5,982.5,922.0,1820.5,2837.5,3182.5,3401.0,3517.5,2350.0,1522.0,1114.0,1493.0,1525.0,2207.0,2849.0,3157.0,3327.0,3496.0,3634.5,2604.5,1070.0,1464.0,2066.0,2437.5,2662.5,2929.0,3228.0,3322.5,3673.5,2571.5,1040.0,1437.5,2045.0,2385.5,2601.5,2846.5,3198.0,3261.0,3447.0,2482.0,914.0,1279.0,1912.0,2267.0,2445.0,2622.0,2815.0,3010.0,149.0,127.0,286.0,324.0,377.0,487.0,339.0,301.0,329.0,280.0,3460.0,2557.0,895.0,1279.0,1791.0,2155.0,2309.0,2506.0,2518.0,2784.0,3356.0,2560.5,900.0,1169.5,1617.5,1907.0,2025.0,2212.5,2391.0,2506.0,2872.5,2296.5,669.5,865.0,1199.0,1404.5,1507.5,1643.5,1849.5,1889.5,359.0,304.0,318.0,438.0,550.0,630.0,509.0,533.0,479.0,466.0,123.0,115.0,77.0,123.0,164.0,235.0,121.0,149.0,128.0,115.0,0.0,0.0,0.0,0.0,0.0,0.0,0.0,0.0,0.0,0.0,121.0,99.0,150.0,248.0,337.0,396.0,244.0,257.0,232.0,144.0,121.0,116.0,163.0,206.0,302.0,365.0,224.0,273.0,238.0,170.0,669.0,462.0,380.0,536.0,676.0,836.0,893.0,940.0,1054.0,1077.0,730.0,414.0,427.0,594.0,776.0,974.0,985.0,1100.0,1237.0,1250.0,2109.0,1425.0,816.0,1086.0,1326.0,1521.0,1568.0,1667.0,1889.0,1844.0,3694.0,2935.0,1467.0,1812.0,2142.0,2285.0,2370.0,2517.0,2810.0,2713.0,3984.5,3205.0,1636.0,1945.0,2299.0,2455.0,2547.0,2702.0,2952.0,2893.5,"{""type"":""MultiPoint"",""coordinates"":[]}"
735_0,3,2018.0,1657.5,613.5,774.5,1038.5,1150.0,1205.0,1300.5,1377.0,1411.5,2562.0,2205.0,961.5,1290.0,1619.0,1750.0,1789.0,1848.0,1979.5,1971.5,2589.0,2195.5,931.5,1231.5,1576.0,1692.0,1711.0,1781.0,1900.0,1894.0,2526.0,2188.0,894.5,1191.5,1498.5,1637.0,1655.5,1716.0,1817.0,1820.0,236.5,204.0,677.0,873.5,962.0,1092.5,951.5,1008.5,1032.5,872.5,216.0,184.0,502.0,724.0,798.0,959.5,823.0,923.0,890.5,764.5,636.5,467.5,495.0,740.5,680.0,1082.5,1316.0,1417.0,1315.0,1287.0,1273.5,780.0,392.0,735.5,400.0,1037.5,2299.5,2609.5,2683.5,2515.5,1477.0,748.0,232.0,592.5,263.0,1015.0,3062.5,3750.0,3796.0,3775.5,1705.5,902.0,265.0,613.0,366.0,1132.5,2921.0,3545.5,3687.0,3849.0,1642.5,865.5,245.5,597.0,375.5,1113.5,2854.5,3544.0,3700.0,3852.5,2326.5,1926.0,692.0,886.0,1187.5,1330.5,1394.5,1449.0,1510.0,1615.0,1599.0,815.0,204.0,555.0,323.0,1055.5,2851.0,3533.0,3670.0,3839.5,1464.5,737.5,196.0,545.5,284.0,985.5,2867.0,3587.5,3695.5,3867.5,1505.5,740.0,249.0,644.5,283.0,1092.5,3150.5,3798.0,3914.5,4056.0,1828.5,921.0,454.0,1007.0,533.0,1659.5,3525.0,4061.0,4240.5,4319.5,1841.0,951.0,482.0,1103.5,660.5,1856.0,3377.5,3819.0,4102.0,4105.5,2021.0,1107.0,562.0,1289.0,1046.0,2255.0,3313.0,3612.0,3937.0,3998.0,2308.5,1319.0,857.5,1600.0,1540.5,2616.5,3437.5,3728.5,4080.0,4163.0,2718.5,1614.5,925.0,1602.5,1808.0,2733.0,3202.0,3471.5,3919.5,4004.5,4122.5,2788.5,1192.0,1646.5,2316.0,2877.5,3149.0,3434.0,3919.5,3974.5,2547.0,1984.5,808.0,1110.0,1557.0,1835.0,1903.0,2054.0,2118.0,2224.5,2169.5,1795.5,571.0,809.5,1112.0,1232.0,1291.0,1390.0,1496.5,1519.5,2476.0,1898.5,750.0,1062.0,1465.5,1695.5,1763.0,1904.5,2049.5,2124.0,2517.5,1969.5,886.5,1118.5,1478.0,1685.0,1734.0,1859.5,1991.0,2088.0,2350.0,1878.0,686.5,901.5,1218.0,1377.0,1421.0,1523.5,1673.5,1726.5,2507.5,2071.5,767.5,958.0,1292.5,1465.5,1505.5,1593.5,1712.0,1820.5,2124.0,1495.5,549.0,715.5,994.0,1132.5,1225.5,1311.5,1462.5,1474.5,0.0,0.0,0.0,0.0,0.0,0.0,0.0,0.0,0.0,0.0,1857.0,1538.5,514.0,714.5,962.5,1068.0,1104.5,1176.5,1270.0,1255.0,1995.5,1714.5,613.0,756.0,955.5,1044.5,1102.5,1186.0,1239.0,1263.5,2371.0,2055.0,701.0,936.0,1198.5,1321.0,1388.5,1444.5,1540.5,1558.0,2430.5,2090.5,752.5,950.5,1219.5,1344.5,1360.5,1429.0,1566.0,1591.0,2377.0,2018.0,776.0,950.0,1181.5,1292.5,1297.5,1391.0,1501.5,1543.0,2181.0,1896.0,621.5,855.5,1125.5,1222.5,1265.5,1361.5,1453.5,1481.0,2337.5,2044.0,816.0,1110.5,1410.0,1517.5,1565.0,1629.5,1752.0,1726.5,"{""type"":""MultiPoint"",""coordinates"":[]}"
736_0,3,1737.5,1411.0,573.0,696.5,923.0,998.5,1043.0,1112.5,1216.0,1237.5,2063.5,1741.5,754.0,962.0,1185.5,1276.0,1318.0,1381.5,1481.5,1488.5,2229.0,1915.5,907.0,1130.5,1381.0,1469.5,1466.5,1547.5,1613.0,1624.0,2521.5,2192.5,1069.5,1342.0,1614.0,1736.0,1734.5,1827.0,1921.0,1887.0,1253.0,1165.0,1059.0,1309.0,1368.0,1634.0,1477.0,1517.0,1618.0,1605.0,373.0,302.0,837.0,1154.0,1214.0,1388.0,1007.0,1101.0,972.0,886.0,483.0,401.0,735.0,1002.0,1004.0,1276.0,1087.0,1160.0,1105.0,946.0,448.0,360.0,647.0,939.0,953.0,1276.0,1087.0,1160.0,1105.0,988.0,534.0,407.0,554.0,852.0,825.0,1093.0,1154.0,1215.0,1082.0,1135.0,925.5,544.5,240.5,557.0,388.0,946.5,1832.0,2169.5,2035.0,2066.0,1224.5,645.5,160.5,385.0,145.0,733.5,2387.0,3262.5,3149.0,3103.5,1918.0,1599.0,677.0,837.0,1047.0,1139.0,1202.0,1216.0,1321.0,1404.0,1382.0,679.0,134.0,348.0,112.0,722.0,2836.0,3875.0,3803.0,3865.0,1416.0,705.0,89.0,346.0,128.0,808.0,2991.0,4130.0,4272.0,4219.0,1488.0,737.0,189.0,481.0,288.0,941.0,3080.0,4233.0,4315.0,4367.0,1597.0,795.0,397.0,770.0,506.0,1375.0,3139.0,3867.0,4158.0,4086.0,1673.0,914.0,435.0,844.0,676.0,1470.0,3003.0,3431.0,3959.0,3797.0,2109.5,1261.5,504.0,970.5,981.0,1741.5,2900.0,3338.5,3650.0,3663.5,2500.0,1540.0,787.5,1218.0,1481.5,2090.0,2882.5,3256.5,3622.0,3649.0,2905.5,1910.0,927.5,1392.0,1807.5,2421.0,2965.5,3236.0,3714.5,3729.5,4139.0,2810.0,1174.0,1592.0,2274.0,2673.0,3121.0,3274.0,3823.0,3789.0,3861.0,2674.5,1051.0,1454.0,2218.0,2554.5,2772.0,2997.5,3331.0,3473.5,1938.5,1610.0,611.5,777.0,1017.0,1125.0,1132.0,1219.0,1336.5,1337.0,3562.5,2563.5,907.0,1234.0,1786.0,2141.0,2324.5,2528.5,2720.5,2829.5,3337.5,2466.5,947.5,1231.0,1728.5,1905.0,2082.5,2268.5,2618.0,2596.0,3053.0,2348.5,719.5,933.0,1279.0,1465.0,1559.5,1690.5,1911.5,1983.0,3065.0,2442.0,766.0,929.0,1243.5,1427.5,1542.5,1627.5,1831.0,1948.5,1498.0,1237.0,411.0,491.0,717.0,766.0,822.0,894.0,993.0,988.0,1411.0,1299.0,1076.0,1016.0,992.0,1077.0,1290.0,1409.0,1318.0,1460.0,1443.0,1097.0,509.0,643.0,811.0,901.0,900.0,973.0,1058.0,1072.0,1705.0,1335.0,610.0,728.0,882.0,973.0,1016.0,1061.0,1131.0,1152.0,2261.0,1867.0,877.0,1088.0,1308.0,1422.0,1423.0,1514.0,1632.0,1626.0,2169.5,1810.0,860.5,990.5,1213.0,1315.0,1318.5,1361.0,1497.5,1524.0,1735.0,1428.0,576.0,682.0,884.0,960.5,951.0,988.0,1089.0,1091.0,2128.5,1814.5,837.5,982.0,1169.5,1257.5,1363.0,1430.0,1540.0,1552.5,2139.0,1772.0,856.5,1012.0,1193.0,1293.0,1368.0,1474.0,1589.5,1534.5,"{""type"":""MultiPoint"",""coordinates"":[]}"
737_0,3,1771.5,1466.0,634.0,747.5,982.0,1069.5,1109.0,1186.0,1273.5,1275.0,2191.0,1849.5,826.5,1032.5,1256.5,1369.5,1416.5,1491.5,1608.0,1592.5,2378.0,2019.0,952.5,1234.5,1509.0,1636.5,1629.0,1712.5,1791.0,1789.0,2686.5,2288.5,1229.5,1556.5,1869.0,2004.0,1993.5,2062.0,2138.0,2126.0,2289.0,1973.0,1090.0,1359.0,1566.0,1739.0,1717.0,1748.0,1793.0,1810.0,489.0,435.0,1090.0,1359.0,1400.0,1638.0,1288.0,1303.0,1270.0,1075.0,344.0,259.0,685.0,1026.0,1035.0,1374.0,1206.0,1356.0,1113.0,1168.0,423.0,318.0,700.0,1026.0,1035.0,1374.0,1293.0,1400.0,1384.0,1193.0,554.0,439.0,424.0,717.0,638.0,1017.0,1070.0,1198.0,1083.0,998.0,1378.0,726.5,222.5,524.5,252.0,862.0,2406.5,2983.0,2850.0,2875.0,1580.5,747.0,89.0,346.0,75.5,636.0,2924.5,4208.5,4204.5,4205.5,1949.0,1655.0,693.0,869.0,1071.0,1163.0,1181.0,1249.0,1360.0,1372.0,1522.0,703.0,118.0,365.0,87.0,630.0,3057.0,4421.0,4466.0,4514.0,1468.0,677.0,15.0,345.0,83.0,707.0,3273.0,4648.0,4691.0,4709.0,1539.0,707.0,181.0,572.0,281.0,1056.0,3493.0,4781.0,4831.0,4942.0,1653.0,773.0,429.0,966.0,610.0,1726.0,3675.0,4476.0,4601.0,4673.0,1702.0,909.5,476.0,1049.0,752.5,1847.5,3437.0,4037.5,4304.0,4220.0,1987.0,1173.5,549.5,1138.5,1103.0,2153.0,3294.5,3605.0,3919.0,4056.5,2502.5,1503.5,961.5,1525.0,1678.5,2485.0,3266.0,3545.5,3903.0,3983.5,2834.0,1829.5,1047.0,1594.0,1975.5,2821.0,3262.0,3514.5,3959.5,3999.0,3708.0,2648.0,1155.0,1679.0,2268.0,2708.0,2954.0,3230.0,3692.0,3699.0,3431.5,2332.5,1129.5,1621.0,2318.5,2730.5,2935.5,3087.5,3343.0,3514.0,1805.0,1528.0,518.0,714.0,956.0,1072.0,1066.0,1160.0,1275.0,1246.0,3646.0,2595.0,1082.0,1554.0,2231.0,2581.0,2638.0,2997.0,3121.0,3209.0,3327.5,2449.0,1027.5,1346.5,1854.0,2130.0,2284.0,2470.0,2703.0,2738.0,3009.5,2359.0,801.0,1012.5,1388.5,1571.5,1704.0,1810.5,2006.0,2083.0,3082.0,2458.0,876.0,1028.0,1391.0,1538.0,1660.0,1769.0,2010.0,2071.0,1553.0,1287.0,450.0,596.0,821.0,896.0,968.0,1012.0,1134.0,1114.0,834.0,707.0,497.0,551.0,649.5,706.5,767.0,795.5,736.5,828.0,1302.0,1017.0,430.0,583.0,733.0,817.0,847.0,898.0,1002.0,1019.0,298.0,239.0,188.0,157.0,145.0,163.0,169.0,205.0,195.0,197.0,2104.0,1768.0,778.0,978.0,1161.0,1295.0,1326.0,1371.0,1501.0,1500.0,2005.5,1694.5,763.0,922.5,1117.5,1194.0,1222.0,1278.5,1383.0,1366.0,1579.0,1327.0,590.0,663.0,812.0,899.0,910.0,952.0,1055.0,1028.0,2129.5,1818.0,838.5,998.5,1172.5,1274.0,1284.0,1340.0,1468.0,1458.0,2143.0,1833.0,848.0,1024.0,1207.0,1300.0,1343.0,1422.5,1531.5,1506.0,"{""type"":""MultiPoint"",""coordinates"":[]}"
738_0,3,1469.0,1244.5,676.0,730.0,818.0,962.0,1076.5,1127.5,1198.0,1224.0,2625.0,2513.0,950.0,1190.0,1519.0,1655.0,1643.0,1720.0,1876.0,1917.0,2635.0,2598.0,916.0,1140.0,1452.0,1611.0,1647.0,1750.0,1833.0,1876.0,1241.0,1228.5,479.0,641.5,792.5,920.0,901.0,987.5,996.5,974.0,230.0,199.0,274.5,410.0,431.5,555.0,479.0,535.0,524.0,485.5,439.5,343.0,348.5,514.5,485.5,718.5,802.0,897.5,882.0,832.5,636.0,423.0,340.0,509.0,464.0,745.0,1076.0,1150.0,1087.0,1019.0,1212.0,748.0,227.0,520.0,348.0,805.0,1859.0,2051.0,1986.0,2011.0,1111.0,615.0,69.0,255.0,99.0,527.0,1948.0,2715.0,2852.0,2591.0,1292.5,639.0,37.5,179.0,1.0,402.0,2487.5,4063.5,4139.5,4220.0,1343.5,630.5,29.0,183.5,4.0,408.0,2586.0,4502.5,4577.5,4671.5,2322.0,2026.0,1369.0,1509.0,1593.5,1867.0,1968.0,2032.0,2045.0,2128.5,1371.0,652.0,34.5,189.0,23.0,417.0,2609.5,4638.0,4715.0,4898.5,1363.5,649.5,72.0,265.0,60.5,633.5,2885.0,4632.5,4801.0,5017.0,1421.0,677.0,494.0,804.0,554.0,1226.0,3044.0,4415.0,4498.0,4698.0,1585.0,827.0,621.0,993.0,713.0,1547.0,3176.0,3881.0,4101.0,4156.0,1561.0,827.0,519.0,952.0,717.0,1547.0,2986.0,3687.0,3931.0,3979.0,1886.0,1100.0,563.0,992.0,994.0,1824.0,3020.0,3438.0,3685.0,3798.0,4610.5,3226.5,1241.0,1744.5,2377.0,2977.0,3430.0,3681.0,4061.0,4184.5,4663.0,3463.0,1263.0,1773.0,2540.0,2836.0,3075.0,3326.0,3613.0,3581.0,4444.0,3309.0,1306.0,1727.0,2492.0,2864.0,3044.0,3283.0,3693.0,3722.0,4126.5,2979.0,1256.5,1633.0,2332.5,2731.0,2883.0,3143.5,3328.0,3478.5,1684.0,1357.0,483.0,672.0,708.0,986.0,1269.0,1405.0,1503.0,1516.0,4042.0,3187.5,1030.5,1371.5,1842.0,2190.0,2322.0,2497.5,2657.5,2823.0,3413.5,2889.0,1036.5,1232.0,1513.0,1793.5,1927.5,2101.5,2222.5,2301.5,2514.5,2349.0,847.5,938.0,1055.5,1301.5,1551.5,1671.0,1757.5,1818.5,2377.0,2255.5,615.0,724.5,827.0,1095.5,1358.0,1462.0,1508.5,1641.5,1761.5,1373.5,352.5,553.5,625.0,946.0,1435.0,1573.0,1622.5,1693.5,0.0,0.0,0.0,0.0,0.0,0.0,0.0,0.0,0.0,0.0,1510.0,1072.0,272.0,512.0,574.0,974.0,1419.0,1495.0,1638.0,1671.0,3127.0,2698.0,2927.0,2793.0,2602.0,2972.0,3433.5,3437.0,3931.0,3468.5,1855.0,1352.0,390.0,710.5,701.5,1200.5,1937.0,2084.5,2225.0,2232.0,1886.0,1499.0,500.0,710.0,791.5,1142.5,1620.5,1752.0,1888.5,1887.5,1883.0,1677.0,495.0,685.0,850.0,1080.0,1222.0,1286.0,1388.0,1416.0,1956.0,1816.5,557.5,726.5,941.0,1084.5,1178.5,1251.5,1343.0,1382.0,2608.5,2549.5,870.0,1111.0,1428.5,1559.0,1591.5,1678.5,1803.5,1816.5,"{""type"":""MultiPoint"",""coordinates"":[]}"
739_0,3,1560.5,1251.0,512.0,599.5,790.0,889.5,874.5,966.5,1019.0,1055.0,2073.0,1748.0,752.5,977.0,1207.0,1359.5,1430.5,1471.5,1543.5,1610.0,2250.5,1930.5,841.5,1074.5,1311.0,1482.0,1518.0,1602.0,1621.0,1678.5,2472.0,2123.0,938.5,1190.5,1450.5,1599.5,1683.5,1777.5,1802.5,1856.0,1261.0,1035.0,939.0,1111.0,1192.0,1333.0,1207.0,1296.0,1232.0,1227.0,1202.0,901.0,764.0,951.0,1101.0,1260.0,1212.0,1296.0,1349.0,1294.0,1264.0,954.0,725.0,959.0,1043.0,1276.0,1378.0,1540.0,1502.0,1452.0,1357.0,961.0,695.0,948.0,891.0,1259.0,1634.0,1736.0,1655.0,1624.0,1911.0,1179.0,578.0,878.0,736.0,1258.0,2904.0,3464.0,3487.0,3478.0,2125.5,1189.0,430.0,781.5,575.5,1290.0,3367.0,4006.0,4406.5,4443.5,2065.5,1191.5,450.5,794.0,705.5,1259.0,2888.0,3528.0,3936.5,3939.5,1786.0,1465.0,586.0,745.0,932.0,1050.0,1078.0,1133.0,1241.0,1256.0,2107.0,1269.0,564.0,852.0,799.0,1395.0,2929.0,3564.0,3881.0,3999.0,2072.0,1273.0,550.0,888.0,866.0,1411.0,2996.0,3690.0,3989.0,4114.0,2072.0,1273.0,559.0,935.0,930.0,1420.0,3077.0,3690.0,3965.0,4244.0,2092.0,1263.0,644.0,1061.0,983.0,1726.0,3034.0,3626.0,3902.0,3821.0,2216.0,1380.5,667.0,1036.0,1030.0,1710.0,2901.5,3185.5,3550.5,3559.5,2291.5,1458.5,679.5,1053.0,1147.5,1773.5,2737.5,3019.5,3366.0,3411.0,2521.5,1628.0,900.0,1212.5,1351.0,1980.0,2828.0,3217.5,3391.5,3620.5,3611.0,2493.5,1289.5,1700.5,2251.0,2734.0,3212.0,3574.5,3889.0,4000.0,3372.0,2491.0,1286.5,1716.0,2336.0,2734.5,2944.0,3141.0,3459.5,3440.5,3229.0,2277.0,1291.0,1673.0,2407.0,2638.0,3039.0,3056.0,3337.0,3504.0,1769.0,1477.0,558.0,717.5,911.0,1007.5,1004.5,1102.5,1189.5,1219.5,3118.5,2256.0,1233.5,1597.5,2217.0,2451.5,2716.0,2829.5,3095.5,3121.0,2827.0,2107.5,1143.0,1428.0,1861.0,2102.0,2195.5,2337.5,2595.5,2530.0,2656.0,2107.5,850.5,1088.5,1402.5,1507.5,1575.0,1766.0,1888.0,1858.5,2610.0,2071.0,881.5,1071.0,1362.0,1475.0,1561.5,1711.5,1833.0,1865.5,1730.0,1399.0,525.0,660.0,915.0,1055.0,1108.0,1160.0,1309.0,1293.0,0.0,0.0,0.0,0.0,0.0,0.0,0.0,0.0,0.0,0.0,1756.0,1412.0,573.0,736.0,925.0,1051.0,1039.0,1085.0,1163.0,1194.0,1563.0,1336.0,543.0,596.0,740.0,866.0,903.0,912.0,916.0,1046.0,1917.0,1598.0,670.5,847.5,1032.5,1115.0,1144.0,1224.0,1289.5,1326.0,1713.0,1351.0,535.0,657.0,849.0,938.0,940.0,1012.0,1001.0,1071.0,1752.5,1404.5,659.0,759.0,921.5,996.0,1081.5,1091.0,1157.0,1201.5,2048.0,1755.0,757.0,928.0,1087.0,1191.0,1339.0,1447.0,1482.0,1565.0,2017.0,1709.0,691.0,912.0,1108.0,1289.0,1403.0,1370.0,1457.0,1554.0,"{""type"":""MultiPoint"",""coordinates"":[]}"
740_0,3,2620.0,2353.0,2189.5,2143.0,2153.0,2279.5,2454.0,2495.5,2668.0,2517.0,2709.0,2438.0,835.0,1121.0,1473.0,1643.0,1727.0,1817.0,1903.0,1978.0,2484.0,2327.0,778.0,1006.0,1336.0,1491.0,1546.0,1658.0,1733.0,1778.0,831.5,682.0,458.0,609.5,661.5,842.5,838.5,860.0,809.5,841.5,827.0,748.0,476.0,714.0,742.0,1030.0,1038.0,1065.0,1045.0,1114.0,892.0,754.0,473.0,677.0,682.0,990.0,1085.0,1215.0,1120.0,1126.0,985.0,766.0,336.0,599.0,507.0,934.0,1036.0,1215.0,1120.0,1087.0,1831.0,1274.0,385.0,641.0,520.0,1018.0,1794.0,2051.0,1964.0,2024.0,1329.0,943.0,234.0,426.0,340.0,815.0,1836.0,2512.0,2444.0,2514.0,1576.0,950.0,110.5,297.5,217.5,666.5,2220.0,3295.0,3375.0,3390.0,1598.5,956.5,125.0,334.5,225.5,719.5,2473.0,3859.0,3990.5,4006.5,2340.5,2057.0,1300.0,1311.5,1442.5,1581.0,1667.0,1778.0,1847.0,1860.0,1690.5,997.0,154.5,383.0,289.0,789.0,2679.5,4045.5,4238.0,4356.0,1801.5,1037.5,230.0,559.5,339.0,1027.0,2980.5,4152.5,4399.5,4449.5,1785.0,1054.0,544.0,861.0,685.0,1391.0,3040.0,4006.0,4144.0,4252.0,1930.0,1172.0,742.0,1107.0,1016.0,1768.0,3015.0,3600.0,3816.0,3851.0,1986.0,1259.0,630.0,1056.0,1016.0,1768.0,2898.0,3230.0,3618.0,3577.0,2269.0,1443.0,617.0,1077.0,1148.0,1947.0,2898.0,3202.0,3492.0,3560.0,4354.5,3221.0,1167.0,1639.0,2207.0,2682.5,2915.0,3187.5,3536.5,3629.0,4296.0,3259.5,1178.5,1591.5,2288.5,2605.5,2891.5,3074.0,3487.0,3484.0,3780.0,2898.0,1028.0,1452.0,2106.0,2383.0,2574.0,2806.0,3195.0,3215.0,3384.0,2638.0,884.0,1216.0,1717.5,2023.5,2120.0,2268.5,2497.5,2616.5,2260.0,1877.0,489.0,716.0,967.0,1117.0,1240.0,1332.0,1462.0,1536.0,3551.5,2929.5,801.0,1080.0,1445.5,1750.0,1900.5,2032.0,2151.0,2337.0,2918.0,2546.5,1438.5,1555.0,1760.0,1888.0,2015.0,2058.5,2203.0,2252.5,3248.5,3009.0,795.0,912.5,1147.5,1372.5,1487.5,1615.0,1794.5,1861.5,2954.0,2706.5,745.5,861.0,1071.5,1250.0,1382.5,1507.5,1657.0,1739.5,2027.5,1667.0,407.5,562.0,802.5,1002.0,1116.0,1187.5,1331.0,1413.0,0.0,0.0,0.0,0.0,0.0,0.0,0.0,0.0,0.0,0.0,2092.0,1653.0,396.0,639.0,859.0,1068.0,1297.0,1407.0,1453.0,1500.0,2287.0,1914.0,516.0,697.0,919.0,1250.0,1332.0,1593.0,1528.0,1699.0,2568.0,2067.0,585.0,839.0,1028.0,1419.0,1750.0,1970.0,1987.0,2069.0,1557.0,1225.5,570.5,660.0,724.0,918.0,1201.5,1300.5,1434.5,1417.0,1346.5,1009.5,471.5,572.5,628.0,797.5,1045.5,1098.5,1226.0,1184.0,2225.0,2027.0,570.0,786.0,1084.0,1233.0,1284.0,1375.0,1487.0,1567.0,2281.5,2083.0,685.5,910.0,1170.5,1326.0,1401.5,1541.0,1623.5,1653.0,"{""type"":""MultiPoint"",""coordinates"":[]}"
741_0,3,3224.0,2399.0,944.0,1086.5,1402.0,1609.0,1683.5,1828.0,2066.5,2163.0,2328.0,2144.0,675.0,907.0,1223.0,1356.0,1376.0,1471.0,1605.0,1626.0,2410.0,2286.0,749.0,967.0,1290.0,1433.0,1426.0,1516.0,1616.0,1677.0,2571.5,2403.0,838.0,1112.0,1464.5,1589.5,1647.0,1725.5,1825.5,1851.5,561.0,540.0,577.0,684.0,769.0,983.0,801.0,842.0,840.0,706.0,561.0,508.0,909.0,957.0,1020.0,1046.0,801.0,844.0,852.0,706.0,522.0,425.0,272.0,562.0,337.0,777.0,905.0,958.0,909.0,815.0,1342.0,791.0,272.0,624.0,313.0,939.0,2162.0,2368.0,2507.0,2383.0,1354.0,746.0,198.0,508.0,267.0,878.0,2245.0,2799.0,2733.0,2656.0,1204.5,594.5,101.0,336.5,105.5,622.5,2258.5,2953.5,2997.5,3019.5,1225.0,580.0,70.0,301.0,88.0,541.0,2368.5,3386.0,3426.5,3429.0,3486.5,2764.0,1217.0,1365.0,1680.5,1859.5,1895.0,2034.5,2150.5,2223.5,1250.0,578.0,57.5,226.5,51.0,444.0,2457.5,3724.0,3782.5,3871.5,1168.0,536.5,49.0,238.0,12.5,486.5,2628.0,3989.0,4103.0,4167.0,1185.0,556.0,464.0,770.0,495.0,1065.0,2829.0,3925.0,4059.0,4178.0,1367.0,686.0,594.0,973.0,710.0,1476.0,3188.0,3945.0,4048.0,4109.0,1355.0,703.0,510.0,961.0,710.0,1520.0,2997.0,3588.0,3853.0,3869.0,1557.0,885.0,443.0,937.0,911.0,1730.0,2839.0,3309.0,3459.0,3602.0,2098.5,1201.5,708.0,1266.5,1421.5,2238.0,2945.5,3269.0,3564.0,3658.5,2503.5,1566.5,961.0,1426.5,1839.5,2469.5,2964.5,3249.5,3575.0,3653.5,3788.0,2898.0,993.0,1376.0,2099.0,2488.0,2692.0,2967.0,3315.0,3353.0,3726.0,2570.0,1031.5,1412.0,2129.0,2511.5,2617.0,2868.0,3093.0,3291.5,3551.5,2765.0,781.5,1037.5,1475.5,1642.5,1732.0,1927.0,2172.0,2197.0,3997.0,2893.5,925.5,1280.0,1872.0,2227.0,2336.5,2561.0,2762.0,2930.5,4809.5,4020.0,2693.5,2892.5,3287.0,3606.0,3655.5,3837.5,4026.5,4062.0,3419.5,2636.5,878.0,1038.0,1400.5,1643.0,1713.0,1897.0,2085.5,2167.5,3427.5,2643.0,874.0,1054.5,1389.0,1639.5,1728.5,1921.0,2089.5,2196.5,2831.5,2061.5,608.5,820.0,1163.0,1386.5,1500.0,1613.5,1839.5,1915.5,0.0,0.0,0.0,0.0,0.0,0.0,0.0,0.0,0.0,0.0,3774.0,2853.0,885.0,1188.0,1697.0,1923.0,1984.0,2152.0,2377.0,2506.0,3956.0,3128.0,1167.0,1478.0,1770.0,1970.0,2193.0,2378.0,2743.0,2600.0,3604.0,2786.0,1003.0,1264.0,1710.0,1929.0,2003.0,2200.0,2425.0,2502.0,1964.0,1724.0,591.5,720.0,998.5,1103.5,1117.0,1201.5,1326.0,1344.5,2107.0,1820.0,619.0,759.0,1091.0,1197.0,1143.0,1238.0,1370.0,1405.0,1980.0,1856.0,625.0,797.0,991.0,1094.0,1111.0,1173.0,1285.0,1318.0,2134.0,1987.5,607.0,820.5,1112.5,1214.5,1250.5,1322.5,1452.0,1458.0,"{""type"":""MultiPoint"",""coordinates"":[]}"
742_0,3,2475.0,1905.5,800.5,1050.0,1283.0,1459.5,1530.0,1636.5,1773.5,1750.0,1157.0,582.0,246.5,413.5,258.5,620.0,2638.5,3892.5,4071.5,4143.5,1191.0,607.0,307.0,469.5,289.5,710.0,2570.0,3706.0,3908.0,3950.5,1260.0,625.0,328.0,547.0,352.0,793.0,2543.0,3530.0,3581.0,3695.0,1540.0,917.0,432.0,820.0,819.0,1394.0,2443.0,2856.0,2969.0,3246.0,2205.0,1416.0,645.0,976.0,1511.0,1899.0,2158.0,2440.0,2716.0,2897.0,2841.0,1714.0,969.0,1396.0,2126.0,2488.0,2582.0,2838.0,3070.0,3280.0,2989.0,1866.0,1094.0,1522.0,2312.0,2707.0,2834.0,3071.0,3279.0,3413.0,5282.0,3426.0,1840.0,2612.0,3903.0,4546.0,4630.0,4958.0,5220.0,5542.0,3978.0,3456.0,1100.0,1540.0,2106.0,2377.0,2401.0,2550.0,2626.0,2752.0,3959.0,3532.0,1070.0,1487.0,2011.0,2234.0,2223.0,2376.0,2432.0,2569.0,3099.0,2576.0,877.0,1226.0,1380.0,1726.0,1863.0,1964.0,2044.0,2123.0,3781.0,3463.0,1036.0,1428.0,1918.0,2163.0,2295.0,2486.0,2477.0,2655.0,3762.0,3463.0,862.0,1166.0,1614.0,1830.0,1836.0,1984.0,2088.0,2227.0,3762.0,3338.0,862.0,1166.0,1614.0,1830.0,1836.0,1984.0,2088.0,2227.0,2700.0,2039.0,847.0,1105.0,1494.0,1568.0,1622.0,1760.0,1824.0,1874.0,2700.0,2039.0,847.0,1105.0,1383.0,1567.0,1622.0,1760.0,1824.0,1874.0,2240.0,1359.0,578.0,956.0,1001.0,1397.0,2045.0,2187.0,2309.0,2327.0,2330.0,1412.5,1603.0,1747.5,1550.5,1917.5,2481.5,2612.0,2701.0,2704.5,2815.0,1859.0,737.0,1198.0,904.0,1774.0,3648.0,3905.0,3942.0,3987.0,2314.0,1296.0,429.5,931.5,481.5,1503.0,3988.5,4415.0,4549.5,4541.0,2301.0,1237.0,341.0,743.0,321.0,1298.0,4321.0,4961.0,4965.0,4983.0,2496.0,1864.0,611.0,935.0,1029.0,1372.0,1655.0,1762.0,1925.0,1914.0,1975.0,934.0,253.0,695.0,244.5,1143.5,4595.0,5311.0,5167.5,5312.5,2203.0,997.0,263.0,695.0,265.0,1085.0,4907.0,5863.0,5914.0,5999.0,2125.0,1031.0,289.0,667.0,263.0,1101.0,4776.0,5852.0,6087.0,6027.0,2125.0,1048.0,289.0,667.0,294.0,1101.0,4776.0,5852.0,5979.0,5931.0,2408.5,1394.0,416.5,793.5,531.0,1309.0,4541.0,5430.5,5613.5,5597.5,0.0,0.0,0.0,0.0,0.0,0.0,0.0,0.0,0.0,0.0,2878.0,2204.0,703.0,1111.0,1042.0,1591.0,2492.0,2682.0,2826.0,2827.0,2411.0,1576.0,606.0,950.0,760.0,1402.0,2769.0,3109.0,3128.0,3218.0,1704.0,947.0,313.0,604.0,413.0,927.0,2855.0,3584.0,3764.0,3734.0,1166.0,687.0,402.5,542.0,408.5,750.0,2033.5,2576.5,2716.0,2676.5,942.0,503.5,373.0,463.5,344.0,619.0,1890.0,2551.5,2625.5,2657.0,1112.0,490.0,179.0,331.0,161.0,513.0,2568.0,3767.0,3909.0,3879.0,1093.5,516.0,175.0,334.5,187.0,491.5,2605.5,3904.0,3965.0,4032.5,"{""type"":""MultiPoint"",""coordinates"":[]}"
743_0,3,1603.0,1339.0,500.0,637.0,824.0,961.0,991.0,1042.5,1088.0,1133.5,2388.5,2038.0,974.0,1269.5,1514.0,1653.5,1689.0,1742.5,1810.0,1832.5,2270.5,1907.0,835.0,1100.5,1345.0,1484.0,1491.0,1557.0,1599.0,1617.0,645.0,627.0,649.5,920.0,990.0,1161.0,1038.5,1056.0,1061.5,1034.5,373.0,363.5,654.0,903.0,966.5,1109.0,979.5,1012.5,866.5,820.0,439.5,353.5,536.0,812.0,750.5,1068.5,998.0,1042.0,1018.5,889.5,776.0,504.5,498.0,757.5,604.0,1040.5,1509.0,1554.5,1435.5,1458.5,1248.0,738.0,482.5,845.5,529.0,1117.0,2182.5,2378.5,2286.5,2230.5,1400.5,776.0,373.0,744.5,452.5,1140.5,2690.0,3128.0,3119.5,3186.0,1418.0,750.0,282.0,628.0,414.5,1042.0,2587.0,3035.0,2971.0,3203.0,1457.0,770.5,228.5,497.0,335.5,815.5,2544.5,3288.5,3316.5,3419.5,1880.0,1538.5,574.0,782.0,998.0,1162.0,1120.5,1194.0,1282.0,1280.5,1635.0,837.0,257.0,553.5,358.0,897.5,2924.5,3702.5,3772.0,4092.0,1664.5,858.0,323.5,809.5,477.5,1378.5,3408.0,4164.0,4104.5,4327.0,1728.0,895.5,420.0,900.0,633.0,1551.5,3383.5,3916.5,3910.5,4222.0,1954.0,1063.0,608.0,1092.0,980.5,1925.5,3131.5,3606.0,3705.5,3936.5,2187.5,1284.0,648.0,1141.5,1182.0,2053.0,3010.0,3341.5,3581.0,3674.0,2480.0,1505.0,715.0,1187.0,1422.0,2140.0,2888.0,3138.0,3334.0,3647.0,4018.0,2750.0,1167.0,1638.0,2352.5,2764.5,3043.0,3377.5,3693.5,3849.5,4069.0,2748.5,1152.0,1621.0,2366.5,2764.5,2994.0,3255.0,3669.0,3851.0,3472.5,2562.5,1040.0,1474.0,1990.0,2338.5,2479.5,2854.5,3037.0,3090.5,2190.5,1656.5,720.0,1020.0,1400.0,1678.0,1764.5,1792.0,1826.0,2022.5,1764.0,1469.0,450.0,676.0,892.5,1004.5,1083.0,1086.0,1185.0,1217.5,2490.0,1912.0,845.5,1158.0,1548.5,1831.5,1893.5,1978.5,1982.0,2180.5,2334.5,1815.0,904.0,1138.0,1450.5,1710.5,1681.0,1846.5,1847.5,1961.5,2093.5,1640.5,675.0,873.0,1154.0,1345.0,1346.5,1438.0,1550.5,1556.5,1824.5,1505.0,575.0,727.5,940.0,1046.5,1083.0,1166.0,1236.0,1296.5,772.5,506.0,283.5,408.0,550.0,595.0,623.5,675.5,725.0,748.5,0.0,0.0,0.0,0.0,0.0,0.0,0.0,0.0,0.0,0.0,1435.0,1070.5,417.0,574.5,734.5,830.0,871.0,933.0,1007.5,1032.0,1726.5,1444.5,600.5,725.0,879.5,998.5,1023.5,1080.0,1128.5,1168.5,1974.0,1654.5,714.5,928.5,1100.5,1221.5,1263.5,1318.5,1397.0,1396.5,1881.5,1577.0,606.0,718.0,927.0,1013.0,986.0,1068.0,1120.0,1162.5,1881.5,1577.0,606.0,718.0,927.0,1013.0,986.0,1068.0,1120.0,1162.5,1876.5,1578.5,583.5,755.0,959.0,1065.5,1110.0,1178.5,1227.5,1281.5,2167.0,1901.0,750.5,963.5,1183.0,1302.5,1345.0,1448.5,1459.5,1499.0,"{""type"":""MultiPoint"",""coordinates"":[]}"
744_0,3,2018.0,1692.0,619.0,806.0,1066.0,1240.5,1242.0,1330.0,1432.5,1471.0,2607.0,2241.0,939.0,1260.5,1570.5,1712.5,1763.5,1850.5,1964.0,1966.0,2602.5,2212.5,893.0,1179.5,1499.5,1642.5,1676.0,1724.5,1857.0,1879.0,2528.0,2199.0,873.0,1142.0,1432.0,1586.0,1609.5,1672.0,1772.5,1816.5,376.5,298.0,618.5,824.5,908.0,1190.5,923.0,1019.0,846.5,855.0,391.0,339.0,859.5,1055.0,1103.5,1190.5,969.5,1029.5,1025.0,870.5,874.5,712.0,553.0,846.0,704.0,1171.5,1511.0,1582.0,1460.5,1580.0,1741.5,1022.0,447.0,890.0,465.5,1271.0,3055.0,3313.0,3459.0,3364.5,1877.5,998.5,316.5,789.5,367.0,1289.5,3659.0,4458.0,4578.0,4726.5,2007.0,1080.5,294.0,711.0,360.0,1247.0,3397.5,4266.0,4330.5,4490.5,1862.5,963.5,232.0,615.0,285.5,1072.5,3333.0,4269.0,4360.0,4517.0,2310.5,1970.0,701.0,905.0,1216.5,1374.5,1406.0,1494.5,1592.0,1630.5,1746.0,883.0,211.5,532.0,251.0,977.0,3281.5,4284.5,4402.5,4529.5,1604.5,816.0,211.5,523.5,253.5,917.5,3260.0,4251.5,4405.0,4526.0,1635.0,822.5,265.5,619.5,314.5,1110.0,3501.5,4537.5,4651.5,4790.0,1935.5,1002.0,481.5,962.0,552.0,1620.0,3789.5,4587.5,4788.0,4871.5,1947.0,1051.0,483.5,1023.5,648.0,1747.0,3730.5,4357.0,4678.0,4709.0,2140.0,1233.0,569.0,1252.0,990.0,2289.0,3687.0,4148.0,4406.0,4499.0,2582.5,1520.0,926.0,1669.5,1587.0,2777.5,3829.0,4182.0,4628.5,4590.5,3205.5,2136.5,1027.0,1803.5,1971.0,2983.5,3832.5,4195.5,4657.5,4582.0,4294.5,2962.5,1528.0,2064.0,2818.5,3266.5,3668.0,3846.0,4198.5,4324.5,2697.0,2071.0,950.5,1303.0,1760.5,2019.5,2119.0,2253.0,2280.0,2371.5,2172.0,1823.5,589.0,831.5,1129.0,1256.0,1303.0,1388.5,1494.0,1510.5,2717.0,2106.0,992.0,1332.0,1779.5,2036.5,2040.5,2253.5,2290.5,2380.5,2710.0,2113.0,1156.0,1424.0,1783.0,2032.5,2057.5,2177.5,2317.5,2381.5,2411.0,1916.0,801.0,1017.0,1349.0,1546.5,1572.5,1714.0,1801.5,1819.0,2573.0,1943.5,890.0,1078.0,1424.5,1611.0,1656.5,1810.0,1838.0,1896.0,2160.0,1517.0,651.5,837.0,1130.0,1299.0,1341.5,1450.5,1580.5,1550.5,0.0,0.0,0.0,0.0,0.0,0.0,0.0,0.0,0.0,0.0,2070.0,1737.0,600.5,817.0,1063.5,1162.5,1239.0,1283.5,1399.5,1409.0,2104.0,1822.0,678.0,801.0,995.5,1102.0,1164.0,1195.0,1301.0,1323.0,2523.5,2205.0,773.5,1009.5,1253.0,1396.0,1438.0,1538.0,1642.5,1659.5,2558.0,2194.0,794.5,1005.5,1286.0,1430.0,1453.5,1561.5,1698.5,1683.5,2481.5,2095.0,811.5,984.5,1213.0,1370.0,1397.0,1471.0,1604.5,1626.0,2139.0,1867.0,594.0,811.0,1063.5,1198.5,1232.0,1326.5,1420.5,1428.0,2378.5,2047.5,805.5,1087.0,1389.0,1506.5,1549.5,1606.5,1724.0,1713.0,"{""type"":""MultiPoint"",""coordinates"":[]}"
745_0,3,1651.5,1356.0,532.0,655.0,854.0,956.5,979.0,1082.0,1145.0,1180.5,1948.0,1676.0,731.0,936.0,1142.0,1221.5,1244.0,1315.5,1414.5,1395.5,2150.0,1892.5,892.5,1118.5,1350.0,1451.5,1427.0,1502.5,1560.5,1583.5,2444.0,2160.0,1075.0,1336.0,1590.0,1702.5,1710.0,1777.0,1852.5,1856.0,2086.0,1874.0,1056.0,1309.0,1570.0,1688.0,1703.0,1750.0,1811.0,1854.0,406.0,378.0,945.0,1220.0,1132.0,1364.0,1000.0,1019.0,968.0,771.0,366.0,322.0,618.0,966.0,986.0,1284.0,1083.0,1184.0,1103.0,987.0,412.0,343.0,658.0,1006.0,1012.0,1353.0,1124.0,1196.0,1074.0,992.0,366.0,293.0,547.0,887.0,890.0,1111.0,923.0,1007.0,883.0,806.0,603.5,360.0,379.0,616.5,565.0,899.0,1157.5,1291.0,1156.5,1201.5,921.0,508.0,260.0,478.5,369.0,820.5,1753.5,2040.0,1864.0,2019.5,1824.0,1535.0,628.0,772.0,958.0,1086.0,1114.0,1164.0,1250.0,1288.0,1237.0,644.0,165.0,380.0,200.0,703.0,2246.0,2917.0,2579.0,2656.0,1243.0,648.0,81.0,291.0,101.0,621.0,2398.0,3281.0,3057.0,3093.0,1298.0,657.0,157.0,400.0,220.0,761.0,2544.0,3637.0,3367.0,3577.0,1412.0,714.0,387.0,707.0,459.0,1144.0,2722.0,3316.0,3234.0,3396.0,1510.0,832.0,395.5,754.5,543.5,1358.0,2635.0,3117.5,3257.5,3304.5,2067.0,1295.5,478.5,865.5,1028.0,1673.5,2369.0,2679.0,2899.5,3065.0,2744.0,1742.0,799.5,1179.5,1608.5,2112.0,2519.0,2799.5,3080.0,3211.0,3209.0,2129.5,929.0,1350.5,1907.5,2445.0,2788.5,3088.5,3342.0,3559.0,4130.0,3000.0,1151.0,1579.0,2374.0,2828.0,3104.0,3392.0,3779.0,3863.0,3904.5,2951.0,1143.5,1602.5,2423.5,2881.0,3017.0,3352.0,3565.0,3745.5,1804.0,1541.5,591.0,733.0,944.5,1042.0,1075.5,1154.5,1241.5,1267.0,3740.0,2728.0,980.0,1337.5,1937.0,2233.0,2351.0,2573.5,2899.5,2924.0,3736.0,2789.0,1051.0,1370.0,1932.5,2220.0,2336.5,2529.5,2840.0,2909.5,3361.0,2656.5,845.0,1082.0,1489.0,1702.0,1778.5,1935.0,2189.5,2235.5,3490.0,2767.5,891.5,1072.0,1460.0,1655.0,1771.5,1953.5,2161.0,2206.0,1428.0,1180.0,403.0,504.0,692.0,740.0,772.0,835.0,945.0,948.0,1444.0,1321.0,960.0,1008.0,1080.0,1200.0,1394.0,1499.0,1218.0,1510.0,1424.0,1140.0,474.0,631.0,779.0,863.0,890.0,942.0,1030.0,1054.0,1641.0,1400.0,613.0,710.0,868.0,948.0,972.0,1012.0,1104.0,1128.0,2149.0,1837.0,845.0,1023.0,1218.0,1319.0,1304.0,1379.0,1482.0,1491.0,2064.0,1761.0,817.0,951.5,1143.5,1223.0,1229.0,1287.5,1380.0,1393.0,1617.5,1377.5,526.5,638.5,809.0,875.5,852.5,912.0,975.0,1011.5,2004.5,1761.0,809.0,943.5,1103.0,1198.5,1260.5,1343.5,1429.5,1439.5,2005.0,1716.0,810.5,960.5,1119.0,1209.0,1274.5,1357.0,1464.5,1455.5,"{""type"":""MultiPoint"",""coordinates"":[]}"
746_0,3,3277.0,2409.0,842.5,974.0,1307.5,1534.5,1629.0,1790.0,2026.0,2142.5,2311.0,2156.0,634.0,867.0,1162.0,1313.0,1336.0,1433.0,1544.0,1556.0,2376.0,2268.0,736.0,932.0,1250.0,1404.0,1391.0,1526.0,1578.0,1644.0,2378.0,2262.5,758.5,1005.0,1296.5,1445.0,1467.0,1565.0,1645.0,1697.5,493.0,436.0,721.0,872.0,908.0,991.0,776.0,799.0,792.0,662.0,493.0,436.0,811.0,872.0,908.0,991.0,776.0,799.0,792.0,662.0,459.0,391.0,334.0,680.0,353.0,907.0,1015.0,1093.0,1015.0,991.0,1450.0,855.0,279.0,694.0,386.0,1135.0,2350.0,2663.0,2783.0,2642.0,1207.0,625.0,176.0,422.0,218.0,775.0,2130.0,2589.0,2674.0,2596.0,1235.0,618.5,68.5,317.0,67.5,594.5,2556.5,3377.5,3451.0,3477.0,1263.5,579.0,60.0,288.0,58.0,544.5,2564.0,3694.0,3729.5,3805.5,3584.0,2785.0,1753.0,1844.0,2008.5,2179.5,2213.5,2337.0,2621.0,2528.5,1254.5,565.5,36.5,190.0,22.5,394.5,2416.0,3838.0,3941.0,4029.5,1114.0,512.5,23.5,178.5,9.0,411.0,2497.0,4061.0,4198.0,4246.5,1129.0,514.0,457.0,724.0,482.0,992.0,2700.0,3984.0,4070.0,4246.0,1319.0,645.0,553.0,913.0,631.0,1386.0,3108.0,3909.0,4105.0,4180.0,1291.0,645.0,466.0,868.0,631.0,1386.0,2944.0,3683.0,3896.0,3913.0,1435.0,797.0,390.0,850.0,771.0,1538.0,2856.0,3316.0,3572.0,3646.0,1990.5,1092.0,648.0,1220.5,1256.5,2158.5,3080.5,3445.0,3755.5,3803.0,2440.5,1502.5,1002.5,1509.0,1720.0,2462.5,3127.0,3443.0,3786.5,3884.5,3785.0,2883.0,1087.0,1440.0,2023.0,2486.0,2638.0,2897.0,3296.0,3406.0,3680.0,2515.0,979.0,1414.0,2115.0,2529.0,2627.5,2896.0,3112.0,3333.5,3641.0,2786.5,726.5,981.5,1422.5,1647.0,1708.5,1908.5,2184.0,2311.0,3942.5,2812.0,944.0,1295.5,1903.5,2266.0,2385.0,2626.0,2821.0,2998.5,4219.5,3417.0,2218.5,2431.5,2844.0,3167.0,3239.0,3409.5,3533.0,3658.0,3551.0,2730.5,884.5,1081.0,1479.5,1748.0,1814.0,2003.0,2195.5,2286.5,3360.0,2560.5,877.5,1072.5,1432.5,1708.5,1783.0,1950.5,2120.5,2224.0,2867.5,2078.5,637.5,855.0,1221.5,1470.5,1555.5,1694.0,1930.0,2008.5,0.0,0.0,0.0,0.0,0.0,0.0,0.0,0.0,0.0,0.0,3721.0,2764.0,804.0,1116.0,1569.0,1843.0,1907.0,2073.0,2328.0,2439.0,3920.0,3059.0,1133.0,1370.0,1838.0,2092.0,2270.0,2518.0,2815.0,2893.0,3584.0,2748.0,892.0,1197.0,1602.0,1875.0,2018.0,2177.0,2443.0,2555.0,1897.0,1674.5,524.5,668.0,928.0,1041.0,1020.0,1125.5,1234.5,1247.5,2015.0,1745.0,534.0,689.0,988.0,1113.0,1011.0,1131.0,1260.0,1262.0,2047.0,1942.0,554.0,735.5,1012.5,1114.0,1131.0,1197.5,1317.0,1321.0,2115.5,1996.0,600.5,789.0,1077.5,1189.0,1216.0,1296.0,1392.0,1413.5,"{""type"":""MultiPoint"",""coordinates"":[]}"
747_0,3,1689.5,1425.0,565.0,721.0,927.5,1048.0,1069.0,1133.0,1208.5,1250.5,2436.5,2119.5,1033.0,1313.5,1573.5,1699.5,1728.0,1795.0,1902.0,1885.5,2439.0,2115.0,927.5,1208.0,1457.5,1587.0,1621.0,1703.0,1776.0,1777.0,2530.5,2200.0,1001.0,1292.5,1552.5,1679.0,1714.0,1791.0,1861.0,1891.0,1190.0,1010.0,790.0,1083.0,1121.0,1241.0,1245.0,1316.0,1321.0,1316.0,314.0,284.0,776.0,1077.0,1073.0,1204.0,837.0,897.0,834.0,688.0,411.0,289.0,626.0,924.0,945.0,1184.0,1035.0,1120.0,1066.0,870.0,643.0,484.0,600.0,907.0,821.0,1357.0,1291.0,1409.0,1364.0,1145.0,734.0,521.0,620.0,871.0,731.0,1357.0,1547.0,1736.0,1680.0,1597.0,735.0,488.0,316.5,551.0,459.5,923.5,1388.5,1590.5,1462.0,1374.0,1080.0,631.5,314.0,555.0,399.0,973.0,2176.5,2579.0,2460.5,2469.5,1907.0,1624.0,668.0,840.0,1053.0,1199.0,1209.0,1295.0,1309.0,1365.0,1340.0,701.0,239.0,497.0,323.0,865.0,2330.0,2931.0,2760.0,2719.0,1200.0,621.0,164.0,456.0,281.0,865.0,2414.0,2940.0,2934.0,2953.0,1191.0,607.0,164.0,440.0,253.0,795.0,2539.0,3144.0,3039.0,3161.0,1391.0,701.0,357.0,697.0,382.0,1141.0,2986.0,3566.0,3622.0,3605.0,1517.0,781.0,401.0,844.0,465.0,1389.0,3200.0,3784.0,3898.0,3846.0,1624.5,900.0,422.0,949.0,584.0,1645.0,2963.0,3308.0,3427.5,3453.5,1929.0,1073.0,754.0,1272.0,1212.0,2039.0,2818.0,3075.0,3310.0,3319.0,2236.0,1406.5,698.5,1236.5,1315.0,2184.5,2804.0,3049.0,3243.0,3341.0,3003.0,2097.5,941.5,1427.5,1801.5,2428.0,2811.5,3034.5,3336.5,3383.5,2857.0,1997.0,888.0,1255.0,1840.0,2222.0,2401.0,2565.0,2768.0,2877.0,1778.0,1498.0,466.0,681.0,929.0,1043.0,1082.0,1145.0,1234.0,1252.0,3211.0,2261.0,871.0,1262.0,1736.0,2055.0,2194.0,2316.0,2444.0,2631.0,3056.0,2292.5,849.0,1143.0,1568.5,1861.5,1956.0,2139.0,2269.0,2364.5,2730.0,2177.0,658.5,856.0,1177.0,1370.0,1471.5,1588.5,1721.0,1776.5,2810.0,2296.0,743.0,892.0,1208.0,1401.0,1500.0,1623.0,1741.0,1806.0,2423.0,1565.0,527.0,668.0,950.0,1136.0,1227.0,1320.0,1523.0,1555.0,1209.0,900.0,1211.0,1126.0,1090.0,1104.0,1134.0,1165.0,1420.0,1159.0,1527.0,1211.0,438.0,620.0,829.0,913.0,932.0,1008.0,1095.0,1102.0,1750.0,1494.0,591.0,759.0,921.0,1013.0,1029.0,1093.0,1172.0,1164.0,2220.0,1881.0,733.0,981.0,1188.0,1344.0,1375.0,1419.0,1511.0,1552.0,1904.0,1901.0,933.0,1131.0,1337.0,1474.0,1491.0,1601.0,1594.0,1663.0,1811.0,1535.0,529.0,676.0,894.0,988.0,971.0,1045.0,1129.0,1167.0,1931.0,1674.0,700.0,829.0,1024.0,1114.0,1152.0,1225.0,1301.0,1298.0,2169.0,1903.0,811.5,1009.0,1221.5,1329.0,1377.5,1469.5,1553.0,1559.5,"{""type"":""MultiPoint"",""coordinates"":[]}"
748_0,3,1618.5,1336.0,543.5,680.5,892.0,979.5,983.5,1065.5,1139.5,1159.5,2377.5,2076.0,1028.0,1285.0,1530.0,1634.5,1656.0,1737.5,1827.5,1830.5,2401.5,2079.5,910.0,1177.0,1423.0,1536.0,1577.0,1659.0,1713.0,1727.5,2483.0,2161.0,979.5,1266.0,1511.5,1634.0,1668.0,1741.0,1793.0,1833.5,1018.0,959.0,930.0,1137.0,1348.0,1384.0,1357.0,1438.0,1589.0,1472.0,263.0,238.0,725.0,1026.0,1105.0,1163.0,857.0,907.0,874.0,689.0,337.0,278.0,641.0,955.0,972.0,1206.0,1014.0,1061.0,1037.0,837.0,501.0,398.0,640.0,983.0,932.0,1344.0,1178.0,1267.0,1202.0,1045.0,652.0,438.0,674.0,983.0,932.0,1348.0,1448.0,1594.0,1550.0,1404.0,629.5,416.0,320.5,598.5,510.0,950.5,1274.5,1426.5,1337.5,1220.5,986.0,589.0,302.5,552.5,385.5,986.5,2081.5,2426.0,2396.5,2242.0,1803.0,1518.0,629.0,805.0,1003.0,1091.0,1126.0,1163.0,1218.0,1295.0,1273.0,731.0,296.0,596.0,434.0,1029.0,2497.0,3027.0,2891.0,2921.0,1225.0,649.0,222.0,481.0,361.0,943.0,2508.0,3129.0,3073.0,2978.0,1171.0,624.0,210.0,481.0,306.0,907.0,2572.0,3147.0,3128.0,3072.0,1298.0,683.0,366.0,708.0,397.0,1153.0,2900.0,3333.0,3524.0,3448.0,1537.0,799.0,380.0,903.0,524.0,1483.0,3035.0,3506.0,3754.0,3640.0,1600.0,908.5,446.0,974.0,640.0,1666.5,2851.5,3149.5,3214.5,3248.5,2084.0,1238.0,763.0,1245.0,1276.0,2047.0,2688.0,2847.0,3090.0,3144.0,2368.5,1531.5,682.5,1170.5,1338.5,2057.0,2542.0,2755.5,2977.0,3074.5,2804.5,1955.5,832.5,1256.0,1612.0,2110.0,2492.0,2689.0,2904.5,3030.5,2980.0,2125.0,948.0,1331.0,1844.0,2147.0,2241.0,2480.0,2610.0,2715.0,1683.0,1405.0,467.0,666.0,902.0,1007.0,1027.0,1077.0,1182.0,1213.0,2940.0,2145.0,814.0,1142.0,1582.0,1898.0,2002.0,2131.0,2178.0,2381.0,2843.0,2142.5,844.5,1095.5,1474.0,1704.0,1810.0,1922.5,2087.0,2163.0,2516.0,1999.5,617.5,819.5,1099.5,1248.0,1350.0,1449.0,1569.5,1638.0,2609.0,2146.0,736.0,886.0,1146.0,1300.0,1405.0,1500.0,1608.0,1709.0,2150.0,1572.0,501.0,626.0,872.0,997.0,1072.0,1191.0,1325.0,1355.0,906.0,796.0,823.0,801.0,792.0,780.0,817.0,913.0,1035.0,972.0,1605.0,1347.0,531.0,724.0,913.0,998.0,989.0,1091.0,1175.0,1153.0,1847.0,1586.0,659.0,835.0,1001.0,1083.0,1119.0,1162.0,1255.0,1254.0,2235.0,1974.0,794.0,1050.0,1283.0,1376.0,1393.0,1469.0,1590.0,1567.0,1827.0,1539.0,977.0,1215.0,1359.0,1407.0,1406.0,1387.0,1610.0,1420.0,1827.0,1539.0,563.0,712.0,914.0,975.0,993.0,1045.0,1142.0,1171.0,1863.0,1624.0,684.0,814.0,995.0,1069.0,1107.0,1170.0,1252.0,1252.0,2082.5,1836.5,809.5,995.0,1202.5,1272.5,1340.5,1400.5,1504.0,1481.5,"{""type"":""MultiPoint"",""coordinates"":[]}"
749_0,3,2826.0,2188.0,863.0,971.0,1259.0,1407.0,1578.0,1763.0,1910.0,1976.0,2140.0,1922.0,651.0,867.0,1155.0,1243.0,1302.0,1406.0,1511.0,1506.0,2319.0,2206.0,771.0,999.0,1292.0,1437.0,1456.0,1594.0,1663.0,1655.0,1125.5,1059.0,431.5,590.0,765.5,838.5,785.0,849.5,919.5,893.0,508.0,473.0,654.0,826.0,868.0,949.0,864.0,850.0,866.0,765.0,414.0,341.0,369.0,590.0,568.0,779.0,826.0,850.0,882.0,765.0,422.0,361.0,293.0,597.0,373.0,763.0,726.0,824.0,792.0,694.0,1255.0,793.0,293.0,606.0,373.0,963.0,1931.0,2220.0,2283.0,2308.0,984.0,614.0,194.0,463.0,241.0,773.0,1557.0,1771.0,1744.0,1663.0,1033.5,542.5,116.0,342.0,169.5,646.0,1768.5,2170.5,2136.0,2132.5,1066.5,523.5,71.5,264.5,89.5,481.5,1949.0,2635.5,2669.5,2632.5,3649.0,3222.0,2388.0,2382.5,2502.5,2633.5,2896.0,3086.0,3330.5,3162.0,1191.5,567.5,47.0,260.5,46.5,502.5,2415.5,3368.5,3355.5,3389.0,1186.5,575.0,87.0,436.5,113.0,732.0,2741.0,3579.0,3600.5,3660.0,1218.0,576.0,473.0,790.0,555.0,1199.0,3006.0,3621.0,3726.0,3775.0,1316.0,725.0,664.0,1043.0,952.0,1735.0,2889.0,3327.0,3404.0,3526.0,1538.0,892.0,584.0,1011.0,952.0,1735.0,2624.0,2925.0,3118.0,3190.0,1880.0,1102.0,548.0,1041.0,1092.0,1888.0,2632.0,2925.0,3134.0,3223.0,4419.5,3179.5,1302.5,1783.5,2438.5,3087.5,3427.5,3675.5,4008.0,4208.0,4223.5,3175.5,1233.5,1679.5,2347.0,2773.0,3076.0,3258.5,3591.0,3741.0,3659.0,2769.0,1058.0,1476.0,2110.0,2471.0,2827.0,2973.0,3193.0,3389.0,3416.0,2550.5,935.0,1298.5,1742.0,2236.5,2399.5,2534.0,2691.0,2850.0,3431.5,2855.0,845.0,1064.5,1432.5,1559.5,1700.5,1843.0,2125.0,2160.0,3489.5,2830.5,852.0,1138.5,1473.5,1827.5,2014.0,2227.0,2299.0,2448.5,4486.5,3923.0,2450.5,2621.0,2844.5,3226.5,3378.0,3493.5,3657.0,3670.0,3180.5,2619.5,806.0,964.0,1108.0,1409.0,1669.5,1848.5,1967.5,2035.5,3045.5,2534.0,743.0,904.0,1038.5,1350.5,1625.0,1792.0,1898.0,1983.5,2250.5,1589.5,429.5,628.5,788.5,1096.0,1302.0,1436.0,1630.0,1718.5,0.0,0.0,0.0,0.0,0.0,0.0,0.0,0.0,0.0,0.0,3817.0,3054.0,1021.0,1323.0,1816.0,2028.0,2131.0,2327.0,2582.0,2606.0,2680.0,2148.0,1098.0,1366.0,1715.0,1989.0,2131.0,2353.0,2503.0,2654.0,3646.0,2969.0,1086.0,1354.0,1727.0,1989.0,2099.0,2317.0,2549.0,2578.0,2198.5,1765.0,658.0,729.0,921.0,1066.0,1156.5,1249.0,1435.0,1409.0,1392.0,1186.0,414.0,565.0,750.0,830.0,914.0,1034.0,1111.0,1097.0,1935.5,1710.5,580.5,766.5,1015.5,1091.5,1169.5,1278.0,1444.5,1455.0,1911.5,1701.5,561.0,762.0,1004.5,1080.0,1182.0,1304.5,1430.5,1447.0,"{""type"":""MultiPoint"",""coordinates"":[]}"
750_0,3,1646.5,1350.5,561.0,689.5,903.0,987.0,1030.5,1084.5,1185.5,1205.0,2364.5,2059.0,1004.5,1276.0,1510.0,1609.0,1655.5,1705.0,1815.0,1791.5,2388.0,2063.5,901.5,1165.0,1404.0,1521.5,1553.0,1635.5,1709.0,1707.0,2475.5,2145.5,960.0,1250.5,1492.0,1616.0,1641.0,1723.0,1797.0,1798.5,1075.0,1025.0,889.0,1163.0,1159.0,1383.0,1265.0,1346.0,1340.0,1261.0,285.0,260.0,703.0,993.0,1073.0,1165.0,781.0,897.0,843.0,671.0,347.0,258.0,616.0,963.0,920.0,1207.0,978.0,995.0,935.0,793.0,498.0,364.0,644.0,978.0,924.0,1304.0,1104.0,1208.0,1120.0,962.0,572.0,446.0,620.0,969.0,912.0,1304.0,1324.0,1452.0,1338.0,1279.0,575.0,399.0,292.5,541.0,435.5,861.0,1131.5,1342.5,1167.5,1061.0,915.5,559.0,285.0,521.5,356.0,948.0,1957.0,2281.5,2254.0,2063.5,1820.0,1544.0,607.0,806.0,1006.0,1105.0,1134.0,1204.0,1271.0,1285.0,1209.0,676.0,298.0,573.0,394.0,992.0,2337.0,2782.0,2667.0,2561.0,1125.0,590.0,183.0,444.0,302.0,896.0,2347.0,2848.0,2939.0,2758.0,1048.0,560.0,167.0,429.0,244.0,812.0,2332.0,2843.0,2763.0,2743.0,1205.0,625.0,360.0,718.0,383.0,1137.0,2731.0,3178.0,3380.0,3290.0,1454.0,773.0,384.0,903.0,505.0,1484.0,3042.0,3504.0,3693.0,3544.0,1575.5,864.0,445.0,1001.5,640.5,1718.5,2828.5,3125.5,3263.0,3296.5,2026.0,1169.0,796.0,1288.0,1368.0,2129.0,2657.0,2883.0,3098.0,3120.0,2336.0,1520.0,722.5,1221.0,1425.0,2094.5,2543.0,2757.5,3019.5,3086.0,2792.5,1953.5,875.0,1315.0,1705.0,2139.5,2511.0,2719.5,2977.5,3022.5,2983.0,2051.0,948.0,1288.0,1795.0,2144.0,2268.0,2455.0,2624.0,2724.0,1727.0,1457.0,457.0,663.0,910.0,1001.0,1049.0,1097.0,1210.0,1215.0,2981.0,2137.0,840.0,1193.0,1652.0,1972.0,2137.0,2248.0,2282.0,2546.0,2867.0,2143.5,891.5,1164.5,1566.5,1768.5,1906.5,2029.5,2185.0,2248.0,2544.5,2004.0,669.5,866.5,1128.5,1310.5,1395.5,1540.0,1637.0,1687.5,2696.0,2188.0,773.0,922.0,1185.0,1367.0,1449.0,1607.0,1680.0,1781.0,2161.0,1674.0,536.0,693.0,904.0,1038.0,1103.0,1205.0,1372.0,1365.0,957.0,828.0,939.0,771.0,770.0,811.0,892.0,938.0,1064.0,1007.0,1651.0,1337.0,535.0,720.0,919.0,987.0,1065.0,1088.0,1222.0,1197.0,1856.0,1598.0,667.0,829.0,991.0,1106.0,1137.0,1189.0,1244.0,1269.0,2273.0,1963.0,795.0,1060.0,1300.0,1403.0,1442.0,1503.0,1614.0,1640.0,1937.0,1775.0,996.0,1205.0,1420.0,1528.0,1552.0,1677.0,1799.0,1725.0,1842.0,1570.0,569.0,703.0,938.0,1035.0,1034.0,1080.0,1168.0,1206.0,1858.0,1628.0,690.0,834.0,1008.0,1094.0,1119.0,1181.0,1269.0,1279.0,2083.5,1824.5,781.0,969.5,1184.0,1267.5,1307.0,1382.5,1479.5,1469.5,"{""type"":""MultiPoint"",""coordinates"":[]}"
751_0,3,3463.5,2643.0,947.5,1091.0,1459.0,1690.0,1783.0,1939.5,2176.5,2304.5,2341.0,2193.0,615.0,857.0,1191.0,1294.0,1301.0,1428.0,1523.0,1565.0,2400.0,2289.0,742.0,938.0,1232.0,1367.0,1389.0,1479.0,1594.0,1623.0,2409.0,2306.5,738.0,991.5,1299.5,1435.5,1474.5,1571.0,1660.0,1688.5,236.0,222.0,259.0,388.0,419.0,481.0,271.0,322.0,273.0,273.0,551.0,486.0,876.0,936.0,956.0,1020.0,772.0,780.0,770.0,650.0,399.0,346.0,355.0,684.0,384.0,856.0,814.0,855.0,787.0,766.0,1467.0,856.0,355.0,767.0,439.0,1248.0,2469.0,2613.0,2702.0,2738.0,1067.0,628.0,246.0,538.0,300.0,874.0,1817.0,2018.0,2062.0,1928.0,1328.0,667.0,136.0,429.0,179.5,805.0,2454.5,3209.5,3299.5,3317.5,1302.0,621.5,92.0,339.0,125.0,678.5,2470.0,3457.5,3492.5,3468.5,3244.0,2650.0,799.0,1017.5,1427.0,1632.0,1721.0,1899.0,2176.5,2220.0,1273.5,592.0,58.5,245.0,56.5,494.0,2449.0,3735.0,3777.5,3845.0,1072.0,506.0,41.5,224.5,25.0,445.5,2426.5,3691.5,3814.5,3860.5,1067.0,493.0,436.0,667.0,448.0,929.0,2559.0,3648.0,3747.0,3852.0,1262.0,620.0,558.0,875.0,575.0,1296.0,2987.0,3822.0,3932.0,3995.0,1227.0,620.0,440.0,822.0,575.0,1296.0,2857.0,3547.0,3772.0,3775.0,1397.0,764.0,352.0,786.0,689.0,1475.0,2770.0,3206.0,3484.0,3539.0,1876.0,991.0,610.5,1123.0,1104.0,2005.5,2973.5,3320.5,3660.5,3688.5,2274.5,1380.0,922.5,1420.0,1612.0,2287.0,3023.5,3334.5,3735.5,3736.0,4049.0,2938.0,1216.0,1660.0,2270.0,2958.0,3262.0,3531.0,3983.0,4080.0,4106.5,2887.0,1321.5,1834.0,2656.5,3068.0,3157.5,3407.0,3700.5,3866.0,3738.5,2924.0,825.5,1075.5,1506.5,1725.0,1807.0,1972.0,2266.5,2325.5,4315.5,3181.0,1203.0,1638.5,2297.0,2615.0,2741.0,2955.0,3192.5,3319.5,3812.0,2939.5,1739.5,2006.0,2455.5,2769.0,2839.0,3032.0,3124.5,3284.5,3875.5,3108.5,1067.5,1272.0,1681.0,1901.5,1998.0,2159.0,2385.0,2462.0,3689.0,2938.0,1033.0,1236.0,1620.5,1867.5,1980.0,2121.0,2317.5,2406.0,3159.5,2375.0,776.5,1014.0,1391.5,1614.0,1734.0,1891.0,2122.5,2132.0,0.0,0.0,0.0,0.0,0.0,0.0,0.0,0.0,0.0,0.0,3935.0,3012.0,899.0,1275.0,1756.0,2063.0,2171.0,2333.0,2572.0,2685.0,4223.0,3256.5,1126.0,1406.0,1824.0,2168.0,2317.0,2505.0,2798.5,2865.0,3836.5,2977.5,974.0,1264.0,1659.0,1950.0,2124.5,2314.5,2558.0,2607.5,1967.5,1733.0,556.0,686.5,958.5,1082.0,1103.5,1178.0,1288.0,1308.5,2089.0,1824.0,576.0,720.0,1037.0,1181.0,1136.0,1220.0,1335.0,1366.0,2107.0,1994.5,549.0,729.5,1027.5,1127.5,1132.5,1200.5,1312.0,1335.5,2180.5,2045.0,587.5,794.5,1079.5,1197.0,1216.5,1292.5,1422.0,1428.0,"{""type"":""MultiPoint"",""coordinates"":[]}"
752_0,3,1826.5,1510.0,574.5,734.0,964.0,1036.0,1052.5,1163.0,1271.0,1244.0,2509.5,2133.0,1033.5,1337.5,1607.0,1705.5,1742.0,1816.0,1948.0,1900.0,2479.0,2091.0,939.5,1222.0,1508.0,1599.0,1614.0,1686.0,1789.0,1816.0,2596.0,2241.5,1052.5,1365.5,1670.0,1790.5,1795.5,1864.0,1967.0,1998.5,915.5,817.5,1062.5,1253.5,1386.5,1524.0,1176.5,1251.0,1250.5,1127.5,736.5,689.0,706.0,976.0,1054.5,1331.5,1117.0,1190.0,1032.5,1026.5,846.0,686.0,655.0,964.5,914.5,1331.5,1129.5,1251.5,1123.0,1054.5,1117.5,848.5,647.0,964.5,892.0,1355.0,1476.0,1482.0,1429.0,1360.5,1432.0,944.5,579.0,932.5,728.5,1343.5,2015.5,2312.0,2246.0,2164.5,1767.5,1171.0,545.5,928.0,800.5,1500.5,2292.5,2585.0,2588.0,2586.0,1616.0,1034.5,484.5,791.0,726.0,1341.0,2080.0,2405.0,2506.5,2460.0,2105.0,1747.5,638.0,869.5,1100.0,1247.5,1255.5,1349.0,1460.0,1466.0,1627.0,1067.0,492.0,819.0,733.0,1367.5,2224.5,2526.0,2563.0,2517.0,1594.0,1017.0,470.5,806.0,720.0,1385.5,2259.0,2632.5,2744.0,2725.5,1603.0,1006.0,441.5,778.5,676.5,1354.0,2379.5,2785.0,2792.5,2769.0,1709.0,1059.0,539.5,988.0,764.0,1547.0,2651.0,2932.5,3118.0,3035.5,1758.5,1069.5,559.0,1048.5,793.0,1594.5,2515.0,2916.0,3120.5,2938.5,1921.0,1220.0,600.0,1135.0,936.0,1758.0,2463.0,2691.0,2952.0,2894.0,2188.0,1380.0,797.0,1255.5,1349.0,1993.0,2462.5,2720.5,3023.0,2959.0,2463.5,1640.5,864.5,1352.5,1530.0,2034.5,2462.5,2681.0,2981.5,3015.0,3449.0,2489.0,1096.5,1504.5,1974.5,2275.0,2557.5,2749.0,3219.0,3055.0,1771.0,1337.0,544.0,761.5,1059.5,1129.5,1172.5,1274.0,1370.5,1391.0,1947.0,1621.5,541.0,768.0,1022.5,1097.0,1190.0,1200.5,1370.5,1333.0,1885.5,1488.5,592.5,819.0,1112.0,1185.0,1222.5,1279.0,1431.0,1438.5,2092.5,1651.0,813.0,995.5,1232.0,1311.5,1335.0,1421.0,1538.0,1544.0,1869.0,1547.0,632.0,807.0,997.0,1077.0,1124.5,1196.5,1288.0,1284.0,1977.5,1560.0,669.5,858.5,1072.0,1164.5,1198.0,1289.5,1328.0,1344.5,1626.0,1346.0,468.0,595.5,788.5,833.0,948.0,939.0,1088.5,1037.5,0.0,0.0,0.0,0.0,0.0,0.0,0.0,0.0,0.0,0.0,1731.0,1370.0,469.0,679.0,866.5,1010.0,1031.0,1155.0,1167.0,1232.0,1868.0,1556.0,640.5,781.0,946.5,1077.5,1110.5,1161.5,1236.0,1221.5,2315.5,1935.5,804.5,1055.5,1280.5,1392.0,1436.5,1483.0,1597.0,1619.0,2322.5,1941.5,813.0,1016.0,1259.5,1375.5,1377.5,1443.5,1555.5,1587.5,1973.5,1628.5,710.0,830.5,997.0,1105.5,1146.0,1223.0,1243.0,1337.5,2148.5,1820.0,686.5,913.0,1151.5,1251.0,1295.0,1336.0,1452.5,1482.5,2301.5,2023.5,899.0,1193.0,1428.5,1487.0,1539.5,1610.5,1741.0,1737.0,"{""type"":""MultiPoint"",""coordinates"":[]}"
753_0,3,998.0,825.0,328.0,381.5,484.0,520.0,553.5,592.5,635.0,635.5,1829.0,1601.0,692.0,901.0,1047.0,1137.5,1164.0,1219.0,1289.0,1290.0,1999.0,1741.0,739.5,962.0,1114.5,1215.0,1256.5,1324.5,1364.0,1391.5,2420.0,2130.5,1103.0,1360.0,1544.5,1663.0,1679.5,1745.5,1811.0,1822.0,2574.0,2310.0,1207.0,1436.0,1641.0,1759.0,1793.0,1877.0,1962.0,1938.0,2322.0,2070.0,1207.0,1436.0,1634.0,1694.0,1672.0,1697.0,1829.0,1783.0,1219.0,1142.0,1156.0,1439.0,1460.0,1615.0,1672.0,1674.0,1535.0,1568.0,416.0,372.0,779.0,984.0,1067.0,1290.0,910.0,998.0,942.0,938.0,331.0,224.0,740.0,973.0,976.0,1164.0,1053.0,1119.0,1065.0,938.0,357.5,264.5,633.5,943.5,953.0,1178.0,1058.5,1189.0,1117.0,1009.5,530.5,371.5,509.0,803.5,745.5,1048.5,1146.0,1338.5,1277.5,1117.5,1238.5,1064.0,458.0,553.0,669.5,696.0,730.0,757.0,847.0,823.5,1114.0,620.0,340.0,618.0,509.0,962.0,1930.0,2583.0,2345.0,2489.0,1241.0,638.0,230.0,493.0,308.0,851.0,2324.0,3117.0,2972.0,2971.0,1331.0,667.0,230.0,467.0,267.0,788.0,2496.0,3472.0,3270.0,3339.0,1452.0,722.0,336.0,600.0,349.0,993.0,2801.0,3547.0,3609.0,3686.0,1421.0,722.0,336.0,695.0,433.0,1228.0,2801.0,3387.0,3506.0,3482.0,1459.5,802.5,392.5,815.5,613.5,1517.5,2776.5,3186.0,3276.5,3352.5,1786.0,1018.0,757.0,1172.0,1205.0,1887.0,2739.0,3080.0,3279.0,3324.0,2189.0,1390.5,694.0,1117.5,1333.5,2037.5,2651.0,2946.5,3203.5,3277.5,2570.0,1795.0,797.0,1289.0,1639.0,2262.5,2651.5,2900.0,3250.0,3270.5,3378.0,2416.0,1056.0,1439.0,2014.0,2435.0,2638.0,2864.0,2905.0,3220.0,1282.0,1019.0,518.0,602.0,696.0,716.0,739.0,783.0,865.0,845.0,3492.0,2588.0,990.0,1426.0,1997.0,2371.0,2471.0,2662.0,2742.0,2971.0,3337.5,2478.5,1037.0,1369.0,1845.0,2149.5,2264.0,2422.0,2598.0,2694.0,2964.0,2323.0,806.5,1038.0,1399.5,1618.0,1707.0,1858.5,2014.0,2070.5,3062.0,2447.0,890.0,1105.0,1415.0,1634.0,1745.0,1886.0,2006.0,2110.0,2612.0,1669.0,682.0,866.0,1158.0,1349.0,1462.0,1588.0,1770.0,1796.0,743.0,550.0,547.0,562.0,624.0,644.0,704.0,786.0,779.0,844.0,1870.0,1641.0,647.0,872.0,1007.0,1098.0,1128.0,1207.0,1284.0,1278.0,1628.0,1444.0,633.0,740.0,861.0,929.0,966.0,1036.0,1027.0,1102.0,2085.0,1839.0,746.0,991.0,1181.0,1299.0,1332.0,1374.0,1458.0,1475.0,1638.0,1388.0,754.0,824.0,958.0,1061.0,1060.0,1170.0,1114.0,1270.0,1505.5,1264.5,637.0,689.0,721.5,783.0,787.0,836.0,984.5,899.5,1636.0,1426.0,620.0,750.0,870.0,966.0,999.0,1047.0,1098.0,1132.0,1703.5,1479.5,650.0,794.0,917.5,998.0,1029.5,1095.0,1160.5,1155.0,"{""type"":""MultiPoint"",""coordinates"":[]}"
754_0,3,3571.0,2952.5,1181.0,1353.5,1648.0,1945.5,2011.0,2186.5,2257.0,2466.0,2646.0,2442.0,859.0,1146.0,1523.0,1642.0,1789.0,1844.0,2099.0,2009.0,2739.0,2527.0,921.0,1174.0,1552.0,1736.0,1824.0,1875.0,2099.0,2102.0,2637.0,2452.0,914.0,1222.0,1562.0,1703.0,1740.5,1855.0,2111.5,2046.5,1234.0,1106.0,827.0,1013.0,1201.0,1292.0,1222.0,1364.0,1450.0,1334.0,1063.0,970.0,966.0,1092.0,1235.0,1386.0,1222.0,1330.0,1454.0,1334.0,1090.0,867.0,548.0,826.0,758.0,1119.0,1212.0,1357.0,1536.0,1465.0,2068.0,1429.0,582.0,934.0,853.0,1283.0,2329.0,2445.0,2535.0,2534.0,1600.0,1157.0,509.0,818.0,776.0,1196.0,2162.0,2606.0,2613.0,2541.0,1603.5,1049.0,365.0,645.5,556.5,1030.5,2339.5,2765.5,2858.0,2964.0,1663.0,1045.5,352.5,624.0,533.0,883.5,2469.5,3322.5,3339.5,3378.0,3396.0,2969.5,1274.5,1332.0,1508.0,1672.0,1780.0,1868.5,2041.5,2048.5,1656.5,1020.5,348.5,601.0,516.5,866.5,2444.0,3469.5,3534.5,3737.0,1565.0,949.0,323.5,562.5,521.0,873.0,2438.0,3572.0,3593.0,3749.0,1485.0,944.0,549.0,764.0,683.0,1069.0,2485.0,3465.0,3520.0,3696.0,1597.0,992.0,662.0,954.0,797.0,1408.0,2873.0,3559.0,3648.0,3789.0,1649.0,1028.0,587.0,913.0,797.0,1431.0,2723.0,3305.0,3524.0,3528.0,1811.0,1190.0,536.0,918.0,859.0,1487.0,2648.0,3152.0,3319.0,3442.0,2878.0,1972.0,874.0,1333.0,1596.5,2342.5,2975.0,3333.0,3610.5,3766.0,3318.0,2272.0,1075.0,1507.5,1965.5,2550.5,3007.5,3356.5,3625.0,3778.5,3730.0,2932.0,1193.0,1589.0,2153.0,2484.0,2723.0,2953.0,3260.0,3275.0,3759.0,2706.0,1236.0,1633.0,2336.5,2763.5,2845.5,3134.0,3260.0,3463.0,3498.5,2993.0,802.0,1039.0,1361.5,1607.0,1781.5,1910.0,2087.0,2132.0,4102.0,3101.0,1151.0,1535.5,2143.0,2451.5,2567.0,2795.5,2991.0,3114.5,4969.0,4324.5,2841.0,3050.5,3436.5,3780.0,3836.0,3949.5,4147.5,4183.5,3650.0,2998.0,1002.0,1187.0,1540.0,1763.0,1894.5,2047.5,2243.0,2337.5,3539.5,2866.0,997.0,1192.0,1514.0,1752.5,1873.0,2027.0,2174.0,2296.0,2748.5,2157.5,677.5,895.5,1167.5,1414.5,1622.0,1784.5,1935.5,1955.5,0.0,0.0,0.0,0.0,0.0,0.0,0.0,0.0,0.0,0.0,3716.0,3021.0,898.0,1267.0,1692.0,2025.0,2209.0,2415.0,2606.0,2662.0,3950.0,3330.0,1295.0,1576.0,1823.0,2060.0,2425.0,2681.0,2840.0,2896.0,3596.0,2948.0,1013.0,1334.0,1696.0,2004.0,2385.0,2614.0,2840.0,2896.0,2517.5,2192.0,803.0,992.5,1337.0,1513.0,1606.5,1695.0,1892.0,1890.0,2347.0,1992.0,740.0,937.0,1317.0,1424.0,1544.0,1523.0,1748.0,1796.0,2499.0,2312.0,808.0,1065.0,1421.0,1506.0,1488.0,1667.0,1934.0,1788.0,2499.5,2316.5,776.5,1028.5,1375.5,1514.0,1520.0,1694.0,1883.5,1794.5,"{""type"":""MultiPoint"",""coordinates"":[]}"
755_0,3,2585.0,1958.0,725.0,790.0,1095.0,1275.0,1305.0,1465.0,1602.0,1718.0,2335.0,2133.0,679.0,963.0,1290.0,1406.0,1485.0,1571.0,1679.0,1674.0,2566.0,2406.0,815.0,1073.0,1430.0,1586.0,1627.0,1733.0,1834.0,1843.0,1227.5,1167.5,516.5,703.0,864.5,970.5,840.5,896.5,923.0,913.0,447.0,420.0,502.0,691.0,774.0,911.0,717.0,774.0,670.0,646.0,467.0,397.0,319.0,588.0,485.0,807.0,717.0,774.0,756.0,646.0,768.0,574.0,292.0,625.0,311.0,946.0,1242.0,1356.0,1308.0,1193.0,1230.0,769.0,253.0,625.0,311.0,983.0,2181.0,2465.0,2726.0,2512.0,972.0,591.0,198.0,458.0,180.0,761.0,1673.0,1972.0,1878.0,1819.0,950.0,510.0,131.5,363.5,153.5,674.5,1776.5,2119.5,2065.5,2087.0,1076.5,537.0,91.5,296.0,75.5,534.5,2050.5,2778.0,2754.5,2743.0,3315.0,2666.0,815.0,1039.0,1490.0,1666.0,1748.0,1932.0,2237.0,2272.0,1437.0,698.5,90.0,345.0,69.5,650.5,2810.0,3762.0,3805.5,3826.5,1463.0,719.0,194.5,778.0,308.0,1319.5,3356.0,4054.0,4125.0,4138.0,1491.0,740.0,558.0,987.0,750.0,1561.0,3358.0,3866.0,3885.0,4049.0,1613.0,934.0,771.0,1251.0,1209.0,2067.0,3056.0,3398.0,3552.0,3585.0,1880.0,1104.0,702.0,1219.0,1209.0,2067.0,2865.0,3151.0,3346.0,3365.0,2225.0,1370.0,746.0,1246.0,1377.0,2198.0,2865.0,3118.0,3332.0,3365.0,4473.5,3156.5,1206.0,1653.0,2326.5,2756.5,3116.5,3440.0,3736.0,3868.0,4201.0,3123.5,1072.5,1475.5,2089.0,2457.0,2724.0,3031.0,3356.0,3468.0,3888.0,2774.0,979.0,1297.0,1770.0,2128.0,2369.0,2611.0,2931.0,3052.0,3372.5,2515.5,769.5,1087.0,1521.0,1864.0,2064.5,2248.0,2444.0,2573.5,3412.0,2692.0,744.0,1038.0,1476.0,1650.0,1747.0,1915.0,2166.0,2195.0,3440.0,2791.0,726.5,981.5,1313.0,1576.0,1826.5,1995.5,2158.0,2264.0,4383.0,3785.5,2459.5,2587.5,2848.0,3085.0,3281.0,3459.5,3608.5,3640.5,2966.5,2489.5,731.5,870.5,1041.5,1312.0,1516.0,1741.5,1843.0,1900.0,3039.5,2515.5,717.0,861.5,1003.0,1280.5,1481.0,1686.0,1794.0,1850.0,2369.5,1768.5,441.5,629.0,826.5,1078.5,1291.5,1448.0,1619.0,1646.5,0.0,0.0,0.0,0.0,0.0,0.0,0.0,0.0,0.0,0.0,3773.0,2923.0,918.0,1285.0,1778.0,2007.0,2066.0,2256.0,2459.0,2562.0,2454.0,1864.0,1022.0,1224.0,1416.0,1592.0,1838.0,2130.0,2144.0,2281.0,3618.0,2863.0,1021.0,1274.0,1652.0,1857.0,1997.0,2137.0,2403.0,2397.0,2169.5,1744.0,653.5,733.0,954.0,1077.0,1134.5,1243.5,1408.0,1375.0,1102.0,902.5,351.5,416.0,550.0,615.5,638.0,679.5,778.5,745.5,2119.0,1952.0,619.0,823.0,1107.0,1247.0,1268.0,1361.0,1501.0,1530.0,2137.5,1961.0,618.5,842.0,1140.5,1266.5,1305.0,1407.0,1525.0,1531.0,"{""type"":""MultiPoint"",""coordinates"":[]}"
756_0,3,1893.5,1628.0,1071.5,1122.0,1163.0,1316.5,1467.5,1526.0,1630.0,1599.0,2640.0,2459.0,914.0,1177.0,1494.0,1618.0,1639.0,1751.0,1872.0,1908.0,2517.0,2442.0,879.0,1103.0,1398.0,1553.0,1598.0,1665.0,1739.0,1816.0,893.5,839.5,632.5,787.0,939.0,1062.0,897.0,916.5,859.0,850.0,515.0,497.5,491.5,633.0,648.5,757.0,617.0,602.0,543.5,529.0,541.5,467.5,374.5,602.0,498.5,816.5,717.5,857.5,769.0,711.0,848.0,609.0,316.0,518.0,394.0,826.0,1208.0,1393.0,1237.0,1205.0,1362.0,837.0,257.0,582.0,325.0,921.0,2197.0,2507.0,2403.0,2371.0,1644.0,876.0,96.0,448.0,117.0,740.0,3122.0,4366.0,4409.0,4431.0,1635.5,828.0,80.0,299.5,55.5,537.5,2984.0,4858.5,4903.0,5049.0,1462.5,747.5,66.0,227.5,48.5,464.5,2590.0,4524.0,4710.0,4817.5,1935.0,1688.5,1091.5,1123.0,1170.0,1323.0,1486.5,1571.5,1644.0,1572.5,1462.0,749.0,75.5,205.5,63.0,424.5,2505.5,4287.0,4418.0,4645.5,1439.5,737.0,119.5,394.5,99.5,751.0,2930.5,4423.5,4509.0,4626.0,1549.0,811.0,522.0,841.0,565.0,1223.0,3123.0,4193.0,4307.0,4465.0,1686.0,926.0,636.0,987.0,795.0,1534.0,3113.0,3788.0,3966.0,4022.0,1767.0,1034.0,517.0,934.0,795.0,1534.0,2844.0,3421.0,3715.0,3702.0,2268.0,1424.0,584.0,997.0,1113.0,1917.0,2991.0,3291.0,3689.0,3726.0,4594.0,3271.0,1258.5,1691.5,2337.5,2772.0,3184.0,3489.5,3817.5,3965.0,4751.0,3526.0,1298.0,1775.0,2567.0,2968.0,3219.0,3367.0,3708.0,3699.0,4331.0,3348.0,1305.0,1756.0,2499.0,2767.0,3037.0,3312.0,3725.0,3673.0,4266.5,3093.5,1189.0,1611.0,2313.5,2762.0,2840.0,3099.0,3346.0,3453.5,1677.0,1447.0,457.0,650.0,747.0,924.0,1087.0,1180.0,1272.0,1307.0,4167.0,3292.0,1027.0,1341.0,1869.0,2250.0,2368.0,2557.0,2661.0,2979.0,2671.0,2055.0,1086.0,1232.0,1387.0,1565.0,1711.0,1801.0,2032.0,2022.0,2676.5,2275.5,643.5,854.5,1008.0,1341.5,1685.5,1827.5,2057.5,2112.5,3009.5,2613.0,706.5,884.0,1048.5,1349.0,1713.0,1886.5,2030.5,2080.0,2052.0,1435.0,351.0,623.0,687.5,1109.5,1804.5,1934.5,2256.0,2202.5,0.0,0.0,0.0,0.0,0.0,0.0,0.0,0.0,0.0,0.0,1537.0,1197.0,261.0,437.0,567.0,903.0,1165.0,1131.0,1287.0,1346.0,1482.5,1257.0,633.0,697.5,696.5,968.5,1258.0,1449.5,1403.5,1392.5,2010.5,1612.0,531.0,783.0,896.5,1305.0,1722.0,1856.5,1956.5,1958.0,1939.0,1659.0,524.5,695.0,836.5,1133.5,1438.0,1506.0,1629.5,1636.5,1866.0,1682.0,436.0,573.0,794.0,937.0,1038.0,1040.0,1176.0,1231.0,2402.5,2275.5,769.0,1024.5,1323.0,1442.5,1520.0,1678.0,1779.0,1763.5,2550.5,2460.0,824.5,1071.5,1380.0,1513.5,1545.5,1679.5,1766.0,1781.5,"{""type"":""MultiPoint"",""coordinates"":[]}"
757_0,3,1896.0,1608.0,528.5,670.5,916.0,1029.5,1040.5,1158.0,1256.0,1274.5,2466.5,2103.0,990.0,1293.5,1575.0,1680.5,1730.5,1784.0,1915.0,1891.5,2226.5,1863.0,774.5,1051.0,1320.0,1419.0,1419.0,1489.5,1627.5,1625.0,211.0,171.5,407.5,631.0,662.5,861.0,736.5,785.5,819.5,746.5,307.5,211.5,561.5,794.5,870.0,1018.5,968.0,1031.0,1071.5,981.5,306.0,272.0,601.5,857.5,876.0,1110.5,1076.0,1116.5,1150.0,987.0,1022.0,602.0,450.0,731.0,533.0,1104.5,1842.0,2014.5,2069.5,2036.5,1416.5,785.5,393.5,725.0,463.0,1096.0,2496.0,2912.0,2959.0,2737.0,1583.0,787.0,246.0,550.0,266.5,918.5,2920.0,3615.5,3864.0,3743.5,1570.0,776.0,184.5,507.5,234.5,892.5,2843.5,3889.5,4011.5,3942.5,1535.0,751.0,140.0,354.5,180.0,691.0,2741.0,3940.5,4105.5,4094.5,2170.5,1867.0,589.5,801.5,1055.5,1200.0,1229.0,1322.5,1396.0,1405.5,1615.0,787.5,183.0,420.0,212.0,792.5,2986.0,4237.0,4457.5,4513.5,1635.5,801.0,290.5,835.5,428.5,1448.5,3553.0,4462.5,4671.0,4709.0,1703.5,854.0,459.5,954.5,712.0,1664.0,3500.0,4151.5,4298.0,4465.5,2043.5,1124.5,662.5,1224.0,1098.5,2170.5,3437.0,3971.5,4204.0,4255.0,2407.5,1435.5,792.5,1378.5,1469.5,2407.5,3360.5,3838.0,4201.5,4147.0,2887.0,1838.0,902.0,1490.0,1873.0,2625.0,3328.0,3717.0,4071.0,4161.0,4148.0,2868.0,1158.0,1634.5,2304.0,2757.5,3001.5,3281.0,3528.0,3680.5,4033.5,2827.0,1010.5,1450.0,2165.5,2574.5,2816.5,3060.0,3409.0,3495.5,3508.5,2665.5,1006.0,1447.0,2029.5,2291.5,2498.0,2726.0,3108.5,3043.0,2098.5,1611.0,671.0,933.0,1330.5,1512.0,1551.5,1671.0,1750.5,1798.5,2063.0,1739.0,494.0,717.0,985.5,1111.5,1159.5,1242.5,1368.5,1397.0,2411.0,1898.0,804.0,1059.5,1473.5,1662.5,1711.0,1868.5,1954.0,1960.0,2335.0,1831.0,899.0,1118.5,1465.0,1627.5,1659.0,1771.0,1896.5,1918.5,2037.0,1688.5,634.0,783.0,1059.0,1198.0,1247.0,1332.0,1419.0,1451.0,1745.0,1488.0,533.0,702.5,984.5,1098.0,1143.0,1178.5,1242.5,1322.5,1362.5,1155.5,358.0,463.0,674.5,744.5,790.5,814.5,917.0,897.5,0.0,0.0,0.0,0.0,0.0,0.0,0.0,0.0,0.0,0.0,1485.5,1141.0,392.0,548.0,753.0,861.5,946.0,964.0,1094.0,1107.0,1846.5,1462.5,596.0,704.0,882.0,1018.0,1036.5,1106.5,1200.5,1202.5,2378.5,1974.5,782.5,988.5,1230.5,1362.5,1396.0,1492.5,1614.0,1656.5,2382.0,2014.5,777.0,965.5,1234.5,1338.0,1351.5,1444.0,1597.0,1573.5,2315.0,1976.0,815.0,954.5,1186.5,1288.0,1311.5,1402.5,1520.5,1511.0,2203.5,1907.5,723.5,908.0,1166.5,1275.0,1305.5,1379.0,1518.5,1507.5,2254.0,1935.0,778.0,1014.0,1281.0,1395.5,1430.5,1529.0,1632.0,1606.0,"{""type"":""MultiPoint"",""coordinates"":[]}"
758_0,3,1821.5,1508.5,648.5,817.5,1082.5,1192.0,1202.0,1279.5,1406.0,1418.5,2375.0,2111.0,935.0,1223.5,1473.0,1585.5,1608.5,1679.5,1807.5,1774.5,2398.0,2108.5,865.5,1142.0,1414.0,1517.0,1560.0,1636.5,1730.5,1718.0,2339.0,2072.5,885.0,1134.5,1388.5,1492.5,1508.5,1617.0,1682.0,1664.5,1068.0,993.0,1058.0,1235.0,1325.0,1428.0,1178.0,1190.0,1139.0,1224.0,827.0,726.0,745.0,954.0,1054.0,1321.0,1178.0,1190.0,1139.0,1096.0,831.0,706.0,640.0,892.0,929.0,1209.0,1173.0,1221.0,1153.0,1121.0,988.0,809.0,666.0,913.0,842.0,1333.0,1413.0,1454.0,1389.0,1370.0,1299.0,960.0,666.0,913.0,787.0,1292.0,1650.0,1728.0,1652.0,1660.0,1181.0,811.5,399.0,682.5,530.0,1155.0,1864.5,2093.5,2131.0,2045.0,1496.0,942.0,321.5,671.5,500.5,1112.0,2268.0,2685.0,2891.0,2822.0,2060.5,1758.0,772.5,950.5,1223.0,1333.5,1360.5,1399.5,1536.5,1527.5,1637.0,1043.0,395.0,660.0,599.0,1096.0,2248.0,2845.0,3036.0,3005.0,1450.0,822.0,298.0,530.0,405.0,889.0,2195.0,2837.0,2979.0,2884.0,1452.0,864.0,298.0,515.0,415.0,910.0,2383.0,2954.0,3182.0,3255.0,1614.0,889.0,434.0,780.0,506.0,1237.0,2823.0,3515.0,3701.0,3608.0,1796.0,1068.0,482.0,934.0,621.0,1517.0,3044.0,3618.0,3944.0,3782.0,1879.5,1115.0,507.0,1028.0,672.5,1682.5,3103.0,3406.0,3890.0,3809.5,2052.0,1188.5,936.0,1573.5,1380.5,2293.5,3254.0,3422.5,3905.0,3848.0,2439.0,1563.0,906.5,1582.5,1594.0,2499.5,3199.0,3479.0,3970.0,3802.5,3241.0,2420.0,1123.0,1683.0,2216.0,2722.0,3043.0,3332.0,3717.0,3576.0,3335.5,2302.0,1081.5,1489.5,2109.5,2460.5,2615.5,2740.0,3145.5,3118.0,1849.0,1589.0,578.0,815.0,1071.0,1207.0,1161.0,1294.0,1429.0,1383.0,3262.0,2476.0,916.0,1246.0,1769.0,2145.0,2400.0,2491.0,2551.0,2846.0,3136.5,2398.5,976.0,1281.0,1717.5,1920.0,2049.0,2183.0,2463.5,2445.0,2882.5,2411.0,768.0,967.5,1281.5,1526.0,1615.5,1765.5,1873.5,1912.5,2110.0,1649.0,756.0,908.0,1168.0,1269.0,1370.0,1400.0,1572.0,1607.0,1920.0,1522.0,528.0,699.0,936.0,1042.0,1061.0,1149.0,1369.0,1258.0,0.0,0.0,0.0,0.0,0.0,0.0,0.0,0.0,0.0,0.0,1861.0,1587.0,565.0,746.0,961.0,1092.0,1091.0,1174.0,1259.0,1271.0,266.0,231.0,193.0,158.0,150.0,166.0,168.0,169.0,179.0,190.0,2252.0,1980.0,734.0,951.0,1194.0,1328.0,1323.0,1451.0,1513.0,1520.0,2090.0,1942.0,907.0,1118.0,1332.0,1443.0,1471.0,1556.0,1694.0,1638.0,1797.5,1476.5,676.0,753.0,897.0,991.5,983.0,1050.5,1151.0,1152.0,2131.0,1858.0,739.0,884.0,1110.0,1219.0,1263.0,1333.0,1412.0,1453.0,2206.0,1934.5,749.5,959.0,1205.0,1310.5,1334.5,1426.5,1535.0,1521.5,"{""type"":""MultiPoint"",""coordinates"":[]}"
759_0,3,257.5,222.0,157.0,205.0,312.0,432.5,330.0,350.5,349.5,332.5,2224.0,1862.0,713.0,930.5,1163.0,1298.5,1372.0,1493.0,1579.0,1600.5,2373.5,2015.0,811.5,1044.5,1267.5,1407.5,1508.5,1612.5,1664.0,1710.5,2521.5,2208.0,1043.0,1289.5,1529.5,1675.5,1729.0,1822.0,1877.0,1926.5,2669.0,2367.0,1338.0,1581.0,1802.0,1918.0,1983.0,2039.0,2138.0,2132.0,1577.0,1495.0,1195.0,1446.0,1611.0,1699.0,1727.0,1796.0,1873.0,1840.0,416.0,353.0,632.0,910.0,944.0,1197.0,990.0,1049.0,1026.0,906.0,650.0,517.0,743.0,1037.0,1020.0,1352.0,1283.0,1313.0,1238.0,1166.0,763.0,603.0,556.0,882.0,765.0,1288.0,1390.0,1498.0,1446.0,1339.0,1124.5,716.5,301.0,628.5,453.5,1096.0,2184.5,2513.0,2482.5,2440.0,1314.0,756.0,255.0,516.5,309.5,921.0,2388.0,3031.5,3084.0,3024.5,282.0,290.0,229.0,308.0,401.0,543.0,489.0,547.0,502.0,462.0,1399.0,749.0,230.0,474.0,291.0,884.0,2378.0,3099.0,3174.0,3180.0,1345.0,740.0,190.0,441.0,266.0,790.0,2416.0,3185.0,3151.0,3204.0,1395.0,743.0,211.0,494.0,311.0,867.0,2550.0,3488.0,3392.0,3570.0,1497.0,804.0,430.0,825.0,565.0,1450.0,2865.0,3419.0,3363.0,3453.0,1506.0,864.0,442.5,899.0,652.5,1549.0,2664.5,3041.5,3146.0,3196.0,1848.5,1108.5,487.5,930.5,960.5,1720.5,2518.5,2804.0,2930.0,3088.5,2256.0,1376.5,817.5,1278.0,1502.0,2072.5,2591.0,2857.5,3061.0,3179.5,2845.0,1858.5,878.0,1313.5,1674.5,2300.5,2744.0,3014.0,3190.0,3347.5,4184.5,2748.5,1330.0,1900.0,2639.0,3164.5,3415.0,3632.0,4157.0,4192.0,4488.0,2972.0,1572.0,2166.0,3102.0,3425.0,3695.0,3873.0,4251.0,4461.0,282.0,247.0,229.0,278.0,388.0,529.0,489.0,547.0,502.0,440.0,4408.0,3007.0,1369.0,1894.0,2646.0,3103.0,3172.0,3419.0,3576.0,3771.0,4044.0,2910.0,1196.5,1600.0,2198.5,2501.0,2647.0,2858.0,3147.0,3161.0,3482.5,2724.5,819.5,1093.0,1485.5,1709.0,1805.0,1935.5,2189.5,2213.0,448.0,346.0,321.0,428.0,600.0,731.0,662.0,755.0,785.0,825.0,246.0,202.0,95.0,121.0,191.0,274.0,203.0,269.0,229.0,209.0,0.0,0.0,0.0,0.0,0.0,0.0,0.0,0.0,0.0,0.0,218.0,220.0,88.0,140.0,247.0,429.0,343.0,346.0,313.0,339.0,258.0,220.0,181.0,261.0,363.0,509.0,509.0,537.0,571.0,578.0,2629.0,1944.0,969.0,1279.0,1646.0,1865.0,1970.0,2066.0,2398.0,2301.0,1611.0,900.0,663.0,726.0,1119.0,1319.0,1438.0,1545.0,1837.0,1870.0,3246.0,2472.0,1148.0,1454.0,1892.0,2031.0,2218.0,2305.0,2720.0,2703.0,4238.0,3381.0,1501.0,1819.0,2285.0,2569.0,2729.0,2857.0,3119.0,3112.0,3589.5,2859.0,1106.0,1356.0,1706.0,1953.0,2072.0,2215.0,2416.0,2462.0,"{""type"":""MultiPoint"",""coordinates"":[]}"
760_0,3,1827.0,1526.0,561.0,704.0,951.0,1077.0,1125.0,1175.0,1272.5,1288.0,2531.0,2120.5,1021.5,1327.5,1599.5,1735.5,1805.5,1889.0,1993.0,1995.0,2533.5,2109.0,961.0,1254.5,1552.5,1697.5,1736.0,1835.5,1925.0,1926.0,2452.5,2075.0,954.5,1227.5,1505.0,1652.5,1686.0,1793.0,1861.0,1886.5,415.5,372.0,727.0,948.5,1142.0,1347.5,1141.0,1181.5,1172.5,1040.5,354.5,259.5,611.0,895.5,977.0,1247.5,1034.5,1073.5,1036.5,973.5,548.0,394.0,617.5,911.0,922.5,1256.0,1269.5,1373.0,1201.5,1179.0,919.5,607.0,560.0,904.0,800.0,1289.5,1694.5,1846.5,1694.5,1665.5,1280.0,824.5,395.0,782.0,493.5,1163.5,2436.5,2584.5,2659.0,2452.0,1817.0,1027.0,351.0,785.0,551.0,1308.0,2917.5,3473.0,3495.5,3521.5,1738.0,947.5,341.0,712.5,509.5,1246.0,2740.5,3307.0,3367.5,3423.0,2111.0,1791.5,647.0,862.5,1112.5,1253.5,1296.0,1369.0,1447.5,1501.5,1650.5,888.5,296.5,664.0,460.0,1166.5,2700.5,3253.5,3264.5,3310.5,1452.5,756.5,215.0,572.0,374.5,1077.5,2706.5,3278.5,3315.0,3408.0,1400.5,729.5,260.5,568.0,324.0,1000.5,2829.5,3396.0,3377.5,3548.0,1692.5,849.0,448.0,942.5,513.5,1460.5,3313.5,3796.0,3926.0,3908.5,1721.0,930.5,464.0,1032.5,627.0,1674.5,3125.0,3624.0,3874.5,3719.5,1827.0,1050.0,507.0,1099.0,837.0,1948.0,2996.0,3244.0,3480.0,3521.0,2146.0,1221.5,731.0,1346.5,1246.0,2317.5,3070.0,3363.0,3564.5,3709.0,2512.5,1531.0,762.5,1384.5,1536.5,2467.5,2937.5,3178.5,3482.5,3608.5,3864.0,2629.5,1043.0,1499.5,2064.0,2543.5,2825.0,3069.5,3430.5,3508.5,1767.5,1374.0,502.0,703.5,963.5,1138.5,1195.0,1282.5,1330.5,1415.5,1948.5,1635.0,532.5,744.5,1014.0,1108.0,1143.5,1243.0,1347.0,1349.5,1810.0,1448.0,513.0,715.0,968.5,1117.5,1173.0,1257.0,1316.0,1371.0,2121.5,1711.5,802.0,970.5,1186.0,1355.0,1439.5,1485.5,1559.0,1617.5,1848.0,1542.0,552.5,724.0,921.0,1034.5,1093.5,1160.0,1251.0,1289.5,2015.5,1703.0,665.0,816.5,991.5,1157.5,1181.0,1289.5,1314.0,1392.0,1629.0,1353.0,453.5,577.0,757.5,820.0,914.0,978.5,1078.0,1063.0,0.0,0.0,0.0,0.0,0.0,0.0,0.0,0.0,0.0,0.0,1564.0,1188.0,442.5,614.0,804.0,918.5,977.5,1048.0,1151.5,1130.5,1980.0,1628.5,742.5,869.5,1020.0,1156.0,1223.0,1290.0,1428.0,1395.5,2310.0,1902.0,814.5,1051.5,1295.5,1443.5,1453.5,1567.0,1646.5,1652.0,2277.0,1889.5,895.0,1068.5,1275.5,1409.0,1454.5,1524.0,1650.0,1634.5,2113.0,1747.5,815.0,950.5,1120.0,1237.0,1295.5,1385.0,1470.5,1501.0,2151.0,1811.5,710.0,920.5,1157.5,1273.0,1333.0,1393.0,1508.0,1517.0,2269.5,1948.5,861.5,1122.5,1377.5,1499.0,1541.0,1626.5,1718.5,1720.5,"{""type"":""MultiPoint"",""coordinates"":[]}"
761_0,3,3345.0,2619.5,1069.0,1186.5,1475.0,1696.5,1855.0,2041.5,2267.0,2299.0,2136.0,1973.0,626.0,876.0,1182.0,1290.0,1370.0,1453.0,1534.0,1574.0,2385.0,2265.0,784.0,1042.0,1380.0,1504.0,1565.0,1669.0,1757.0,1777.0,590.5,584.0,523.5,717.5,832.0,945.0,713.5,750.0,669.5,658.5,359.0,326.0,655.0,741.0,751.0,833.0,632.0,650.0,618.0,494.0,359.0,326.0,320.0,555.0,524.0,762.0,632.0,650.0,618.0,494.0,627.0,485.0,251.0,570.0,362.0,820.0,989.0,1050.0,941.0,945.0,1250.0,732.0,292.0,617.0,351.0,910.0,1955.0,2115.0,2046.0,2139.0,1079.0,609.0,172.0,402.0,174.0,651.0,1803.0,2292.0,2171.0,2163.0,1259.0,604.5,80.5,304.5,85.0,569.0,2269.0,3161.0,3019.5,3155.0,1212.5,567.5,36.5,199.5,32.0,416.5,2270.5,3337.5,3336.0,3440.5,4941.0,4480.0,3164.5,3156.5,3407.5,3692.0,3767.0,3864.5,3989.5,4085.5,1270.0,586.5,27.5,199.0,12.5,423.0,2551.5,3966.5,3912.0,4043.5,1272.5,593.0,107.5,499.0,160.5,886.0,3023.5,4174.5,4249.0,4411.5,1339.0,675.0,497.0,851.0,585.0,1253.0,3200.0,4081.0,4102.0,4269.0,1520.0,829.0,708.0,1182.0,986.0,1863.0,3280.0,3766.0,3910.0,3938.0,1602.0,892.0,629.0,1148.0,986.0,1863.0,3009.0,3284.0,3584.0,3607.0,1902.0,1108.0,593.0,1172.0,1165.0,2063.0,2975.0,3264.0,3473.0,3607.0,4335.0,3053.5,1171.0,1633.5,2234.0,2741.0,3061.5,3291.5,3602.0,3792.0,4178.5,3136.5,1117.5,1540.0,2189.5,2572.0,2803.5,3046.5,3366.5,3406.5,3884.0,2875.0,1098.0,1512.0,2017.0,2321.0,2544.0,2727.0,3019.0,3038.0,3575.5,2512.0,998.0,1325.5,1809.0,2201.5,2348.5,2611.0,2800.0,2895.5,3342.0,2636.0,691.0,968.0,1362.0,1503.0,1579.0,1780.0,1999.0,2068.0,3506.0,2797.0,826.5,1107.5,1455.0,1732.5,1972.5,2119.0,2241.5,2421.0,4690.0,4102.5,2646.0,2818.0,3061.0,3339.0,3550.0,3689.0,3879.0,3880.0,3198.0,2666.0,802.0,957.0,1172.5,1443.5,1619.0,1782.0,1911.5,1975.0,3077.0,2564.5,771.5,936.5,1127.5,1412.0,1592.5,1757.5,1868.0,1928.0,2136.0,1555.0,429.0,646.0,837.0,1082.5,1265.5,1406.0,1604.0,1633.5,0.0,0.0,0.0,0.0,0.0,0.0,0.0,0.0,0.0,0.0,3770.0,3008.0,900.0,1245.0,1752.0,1972.0,2062.0,2182.0,2414.0,2547.0,4021.0,3353.0,1264.0,1540.0,1759.0,2003.0,2087.0,2315.0,2684.0,2592.0,3636.0,2977.0,1029.0,1302.0,1727.0,1907.0,2071.0,2247.0,2455.0,2473.0,1965.5,1642.5,548.5,629.5,827.0,958.5,977.0,1071.0,1192.5,1187.5,1352.0,1128.0,377.0,520.0,709.0,795.0,816.0,872.0,942.0,965.0,1818.5,1656.0,501.5,681.0,946.5,1061.0,1078.0,1150.5,1241.5,1256.5,1915.5,1789.0,559.0,755.0,1023.0,1137.5,1178.0,1248.5,1351.5,1355.5,"{""type"":""MultiPoint"",""coordinates"":[]}"
762_0,3,1848.0,1545.0,565.0,675.5,919.0,1026.5,1070.5,1143.0,1258.0,1244.0,2503.5,2145.5,1015.0,1306.5,1594.0,1724.0,1772.0,1838.0,1967.0,1948.5,2288.5,1948.5,766.0,1030.0,1302.5,1445.5,1455.0,1545.5,1643.0,1667.0,156.5,134.5,377.0,583.0,611.0,758.5,581.5,655.5,642.0,569.0,221.5,160.0,531.5,717.0,712.0,922.5,886.0,948.0,966.0,842.5,393.0,316.0,531.5,723.5,688.5,983.0,1019.0,1097.0,1071.5,977.0,677.0,524.0,353.5,624.0,425.0,898.5,1216.0,1416.5,1296.5,1211.0,1285.5,713.0,338.5,638.0,387.0,936.0,2284.5,2790.5,2727.0,2672.5,1541.5,777.5,256.0,539.5,253.5,871.5,2743.0,3572.0,3605.0,3637.0,1498.0,740.5,186.0,484.0,256.5,820.0,2746.0,3624.5,3751.0,3854.0,1473.0,713.5,157.0,371.0,179.0,663.5,2650.5,3829.5,4060.5,4107.0,2134.0,1795.5,595.5,782.0,1024.5,1177.5,1210.0,1261.0,1354.5,1434.0,1629.0,784.5,201.5,452.5,211.0,798.0,3156.0,4520.0,4665.5,4698.5,1688.5,826.0,322.5,911.0,473.5,1548.5,3723.5,4754.0,4871.5,4995.0,1747.5,889.5,468.0,1015.0,724.0,1736.0,3615.5,4300.5,4429.0,4617.0,1961.0,1095.5,672.0,1192.5,1092.0,2112.5,3393.5,3823.5,4068.0,4183.0,2260.5,1349.0,739.0,1254.5,1369.0,2270.5,3243.0,3594.0,3973.0,4024.0,2514.0,1550.0,774.0,1316.0,1534.0,2317.0,3130.0,3453.0,3732.0,3874.0,3863.0,2620.0,1058.0,1524.0,2075.0,2483.5,2757.0,3037.5,3286.0,3425.5,3860.0,2608.0,965.5,1391.5,2085.5,2493.0,2804.0,3089.5,3425.0,3564.5,3389.0,2538.5,872.5,1324.5,1928.0,2248.0,2519.0,2746.0,3088.0,3108.5,2087.5,1581.0,641.5,925.5,1321.0,1500.5,1563.0,1668.5,1765.5,1784.5,2008.5,1684.5,486.0,690.0,965.0,1056.5,1143.0,1199.5,1315.0,1339.5,2405.5,1875.5,773.0,1028.5,1444.0,1617.5,1694.0,1805.5,1931.5,1951.0,2348.0,1832.0,873.5,1069.5,1408.5,1582.0,1664.0,1764.0,1892.5,1915.0,2046.0,1704.5,624.5,770.5,1040.0,1154.0,1242.0,1304.5,1427.0,1438.5,1812.5,1454.0,510.5,769.0,1031.0,1151.0,1189.5,1257.5,1379.0,1365.5,1364.5,1159.0,356.5,458.0,646.5,700.0,737.0,802.5,903.5,863.5,0.0,0.0,0.0,0.0,0.0,0.0,0.0,0.0,0.0,0.0,1825.0,1546.5,457.0,653.5,859.0,988.5,1027.0,1081.0,1217.5,1191.5,1960.0,1676.0,579.0,712.0,887.5,997.0,1050.5,1115.0,1186.5,1210.5,2213.0,1921.5,629.5,842.0,1078.0,1209.0,1272.5,1306.0,1462.0,1446.5,2317.5,1977.0,698.5,914.0,1158.5,1258.5,1311.0,1396.5,1517.5,1531.5,2278.5,1901.5,744.5,887.0,1093.0,1203.0,1256.5,1351.0,1454.0,1467.0,2202.0,1880.0,662.5,889.5,1146.0,1263.5,1294.0,1388.0,1505.5,1513.0,2276.0,1965.0,800.5,1021.5,1279.5,1412.5,1477.5,1563.0,1665.0,1690.5,"{""type"":""MultiPoint"",""coordinates"":[]}"
763_0,3,2101.5,1763.0,605.0,800.0,1090.5,1244.5,1276.5,1346.5,1458.5,1541.5,2542.0,2154.5,962.0,1285.0,1585.0,1735.5,1771.5,1844.0,1957.0,1945.0,2572.5,2161.0,920.0,1206.5,1544.5,1688.0,1720.0,1801.0,1898.5,1921.0,2458.5,2104.5,854.5,1130.5,1435.0,1581.0,1613.5,1687.0,1770.0,1800.5,278.0,243.0,640.0,817.5,974.5,1183.0,1008.5,1036.0,1068.0,923.5,263.0,239.0,606.5,846.5,890.0,1135.0,995.5,1036.0,1068.0,923.5,516.0,354.0,576.5,842.0,823.5,1156.5,1225.0,1294.5,1264.5,1151.0,949.0,707.0,449.5,821.5,547.5,1174.5,1834.0,2040.5,1945.0,1849.0,1525.0,811.0,272.5,638.0,292.5,1009.0,3412.5,4123.5,4112.0,4226.5,1735.5,914.5,243.5,626.5,416.5,1242.0,3250.5,3993.0,4234.5,4429.5,1922.0,1038.5,278.5,679.0,496.0,1280.0,3015.0,3781.0,4028.0,4308.5,2420.5,2018.5,689.5,943.5,1260.5,1408.0,1465.5,1540.0,1626.0,1679.5,1831.0,981.0,247.0,644.5,438.0,1175.0,2933.5,3592.0,3804.0,3997.0,1604.0,829.5,196.5,544.0,372.0,1040.0,2820.0,3547.5,3724.0,3900.0,1570.5,828.0,240.5,561.5,340.0,1004.5,2831.0,3463.5,3514.5,3750.5,1842.5,960.5,480.0,954.0,538.5,1566.0,3331.0,3853.0,3959.0,4084.0,1869.5,1011.0,468.0,1022.0,652.5,1712.0,3160.0,3578.0,3862.5,3911.5,1981.0,1144.0,506.0,1124.0,904.0,2007.0,3027.0,3300.0,3509.0,3639.0,2299.5,1331.5,747.0,1404.0,1351.5,2453.5,3082.5,3407.5,3649.0,3782.0,2555.0,1625.0,773.0,1349.0,1543.5,2476.0,2847.0,3108.0,3500.5,3586.0,3732.0,2489.5,947.0,1407.5,1942.5,2478.5,2791.0,3088.0,3488.5,3582.5,2054.5,1535.5,633.0,918.0,1282.5,1499.0,1555.0,1633.0,1715.5,1779.5,2268.0,1881.5,599.0,865.5,1159.0,1317.5,1395.5,1463.5,1612.0,1638.5,2208.0,1705.5,667.5,947.0,1306.5,1500.5,1544.5,1667.0,1747.5,1800.5,2326.0,1868.5,810.5,1038.5,1373.5,1551.0,1584.5,1679.5,1807.5,1846.5,2088.5,1730.5,655.0,849.0,1111.0,1265.5,1306.5,1389.5,1524.5,1524.0,2152.5,1708.0,739.5,957.0,1216.5,1357.5,1399.0,1519.0,1580.0,1663.5,1854.0,1520.0,527.5,687.5,907.5,1017.0,1080.0,1187.5,1302.5,1273.0,0.0,0.0,0.0,0.0,0.0,0.0,0.0,0.0,0.0,0.0,1886.0,1502.0,525.5,729.5,963.0,1117.0,1196.5,1221.5,1351.5,1389.0,2112.5,1766.5,714.0,873.0,1072.0,1218.0,1278.0,1327.0,1425.5,1438.0,2459.0,2067.5,813.0,1045.5,1299.5,1469.0,1511.5,1611.5,1727.0,1711.0,2504.0,2101.0,852.5,1048.0,1338.0,1483.5,1506.0,1607.0,1748.5,1747.5,2374.5,1948.5,858.0,983.0,1223.0,1358.0,1404.5,1483.5,1589.5,1618.5,2143.5,1820.0,635.5,850.5,1105.0,1245.5,1298.0,1369.5,1442.5,1480.0,2320.0,1968.5,788.0,1059.0,1352.0,1480.5,1541.0,1620.0,1730.0,1726.0,"{""type"":""MultiPoint"",""coordinates"":[]}"
764_0,3,1760.5,1458.0,487.5,626.5,843.0,976.5,1005.0,1100.0,1154.0,1197.0,2531.5,2118.0,989.5,1298.5,1579.0,1749.0,1806.5,1888.0,1968.5,1977.5,2505.5,2102.5,915.0,1189.5,1480.5,1626.5,1685.5,1780.5,1857.0,1910.0,2419.0,2049.0,909.0,1167.0,1436.5,1590.5,1647.5,1755.5,1794.5,1850.0,1232.5,1034.5,741.5,970.5,1126.5,1317.5,1201.0,1352.0,1358.0,1383.0,213.5,166.5,540.0,766.0,838.5,1003.0,858.5,945.0,917.5,846.0,391.5,296.5,550.0,773.0,761.5,1037.0,994.5,1085.5,1086.5,944.0,794.0,517.0,539.0,763.0,712.0,1052.0,1427.0,1580.5,1410.0,1426.5,1135.0,753.5,430.0,733.5,496.5,1166.0,2080.5,2344.5,2188.0,2163.0,1553.0,876.0,330.5,678.5,463.0,1166.5,2552.5,3065.5,3026.5,3172.5,1511.0,825.0,315.5,635.0,444.0,1127.0,2563.0,3001.5,3028.5,3138.0,2040.0,1692.0,573.0,767.0,976.0,1143.0,1165.0,1205.5,1332.0,1328.0,1491.0,815.0,312.5,612.0,460.0,1094.0,2549.5,3010.0,3038.5,3183.0,1352.0,701.5,248.0,536.5,425.5,988.0,2499.5,3072.0,3113.5,3268.5,1358.0,701.0,289.0,585.5,385.0,996.5,2857.5,3413.0,3364.0,3597.5,1631.0,844.5,472.0,866.0,532.5,1431.5,3136.5,3721.5,3751.0,3893.0,1660.5,880.5,445.5,906.5,592.5,1473.0,2947.0,3333.5,3553.0,3554.0,1713.0,975.0,452.0,946.0,747.0,1691.0,2834.0,3143.0,3268.0,3404.0,2017.5,1129.5,689.5,1242.0,1095.0,2072.0,2973.5,3216.5,3398.5,3627.0,2417.0,1460.5,718.0,1276.0,1423.5,2306.0,2781.5,3042.5,3404.5,3527.5,3765.5,2541.0,994.5,1426.0,1914.0,2421.0,2732.0,3006.0,3336.0,3464.5,1792.0,1365.0,476.5,694.5,973.5,1157.5,1213.5,1285.5,1347.5,1429.5,1912.0,1571.5,444.0,665.5,903.5,1006.0,1077.0,1160.0,1226.0,1296.0,1876.0,1481.5,562.0,763.0,996.5,1164.5,1214.5,1296.5,1346.0,1424.5,2328.0,1848.0,995.5,1159.5,1371.0,1572.0,1660.5,1758.5,1823.0,1888.5,1887.0,1547.0,574.0,710.5,927.5,1059.0,1103.0,1188.0,1275.5,1307.0,2022.5,1725.0,649.5,795.5,1012.5,1139.5,1194.5,1296.5,1325.5,1423.0,1648.5,1406.5,438.0,554.5,741.0,868.5,885.5,980.5,1077.0,1096.5,0.0,0.0,0.0,0.0,0.0,0.0,0.0,0.0,0.0,0.0,1504.5,1150.5,389.0,545.5,723.0,815.0,911.5,937.0,1039.5,1056.0,1767.5,1477.0,570.5,691.5,839.5,978.0,1012.0,1092.0,1145.5,1184.0,2205.5,1816.5,713.0,935.0,1126.5,1309.0,1356.5,1451.0,1499.5,1579.0,2182.0,1830.0,740.0,949.5,1134.0,1250.5,1311.0,1418.5,1549.5,1561.0,2050.0,1696.0,703.0,814.0,984.0,1100.0,1174.5,1262.0,1354.5,1368.5,2108.5,1767.5,612.5,833.5,1042.5,1196.0,1238.5,1324.5,1399.0,1456.0,2249.0,1933.0,833.5,1124.0,1363.5,1512.0,1550.0,1631.0,1702.5,1693.0,"{""type"":""MultiPoint"",""coordinates"":[]}"
765_0,3,2113.0,1734.5,1050.5,1099.0,1198.5,1384.5,1576.5,1639.0,1783.5,1779.5,2666.0,2512.0,920.0,1193.0,1526.0,1668.0,1747.0,1845.0,1976.0,1980.0,2703.0,2634.0,921.0,1147.0,1480.0,1656.0,1711.0,1826.0,1956.0,1971.0,567.0,515.0,498.5,628.5,657.5,795.0,679.0,741.5,652.0,660.0,245.5,205.5,254.0,419.5,385.5,524.5,411.0,434.0,434.0,355.5,611.5,412.0,323.5,601.5,401.0,818.0,1134.5,1235.0,1211.0,1121.0,905.0,543.0,272.0,583.0,299.0,856.0,1494.0,1659.0,1565.0,1552.0,1150.0,686.0,225.0,531.0,245.0,856.0,2015.0,2280.0,2197.0,2238.0,1494.0,727.0,104.0,373.0,75.0,660.0,2695.0,3543.0,3385.0,3559.0,1571.0,742.5,79.5,336.5,48.0,628.0,3005.0,4653.0,4694.0,4874.0,1451.5,664.0,62.0,300.5,53.0,567.0,2911.0,4775.5,4879.0,5000.5,3642.5,3193.0,2289.0,2418.5,2575.5,2891.5,3080.0,3136.5,3213.0,3221.5,1420.0,655.0,64.0,277.0,61.5,559.5,2775.5,4651.5,4824.5,4994.5,1397.0,640.0,121.5,448.0,146.5,832.0,3026.5,4445.0,4693.0,4778.0,1508.0,704.0,500.0,815.0,578.0,1251.0,3108.0,4214.0,4312.0,4501.0,1662.0,879.0,662.0,950.0,825.0,1558.0,2976.0,3681.0,3832.0,3946.0,1801.0,1025.0,503.0,896.0,825.0,1558.0,2599.0,3088.0,3485.0,3496.0,2211.0,1304.0,452.0,896.0,960.0,1666.0,2611.0,2997.0,3297.0,3451.0,4435.5,3055.5,1053.5,1456.0,1910.5,2414.5,2800.5,3098.0,3431.0,3575.0,4630.5,3335.0,1104.5,1541.5,2235.5,2628.0,2930.5,3187.0,3521.5,3587.0,4330.0,3144.0,1106.0,1542.0,2163.0,2482.0,2718.0,2931.0,3333.0,3441.0,4020.5,2932.0,989.0,1381.5,2007.5,2369.0,2547.5,2769.0,2949.5,3133.5,1993.0,1550.0,551.0,751.0,935.0,1237.0,1711.0,1843.0,1940.0,1975.0,4048.0,3199.0,923.0,1240.0,1673.0,2038.0,2207.0,2390.0,2436.0,2666.0,1067.0,829.0,761.0,750.0,759.0,904.0,865.0,913.0,928.0,929.0,2631.5,2389.5,550.0,691.5,860.5,1122.5,1249.0,1415.0,1466.0,1552.5,2718.5,2493.0,626.0,720.0,887.5,1163.5,1283.5,1411.5,1479.0,1596.0,2132.5,1676.5,400.0,586.5,796.0,1041.0,1383.5,1596.0,1637.5,1727.0,0.0,0.0,0.0,0.0,0.0,0.0,0.0,0.0,0.0,0.0,1930.0,1441.0,339.0,673.0,732.0,1260.0,2025.0,2098.0,2275.0,2313.0,1525.0,1225.0,463.0,615.0,597.5,960.0,1565.5,1708.5,1661.5,1794.0,1944.5,1348.5,412.0,743.0,716.5,1308.0,2379.5,2579.5,2722.0,2740.0,2083.0,1630.5,547.0,760.5,881.0,1271.0,1908.0,2013.0,2191.0,2219.0,2150.0,1903.0,552.0,749.0,985.0,1189.0,1326.0,1427.0,1571.0,1603.0,2359.0,2242.5,711.0,880.0,1162.0,1295.5,1411.5,1529.0,1675.5,1682.5,2516.5,2451.5,801.5,1033.5,1331.5,1477.0,1573.5,1689.5,1833.0,1817.0,"{""type"":""MultiPoint"",""coordinates"":[]}"
766_0,3,1804.0,1522.5,539.0,686.0,915.0,1024.0,1047.5,1158.5,1247.5,1266.5,2403.5,2069.0,986.5,1281.0,1549.5,1675.5,1712.5,1784.5,1880.0,1873.5,2153.0,1794.5,766.0,1017.5,1292.0,1377.5,1383.0,1471.5,1585.0,1556.5,198.0,151.5,460.5,758.0,788.5,943.5,693.5,774.5,764.5,683.5,174.0,108.0,558.0,799.5,861.0,1003.5,819.5,910.5,867.5,802.0,217.5,186.5,510.0,817.5,821.5,1075.0,903.5,996.0,980.5,810.5,501.5,373.5,370.5,665.0,535.0,959.5,1050.0,1205.5,1199.0,1010.0,1051.5,618.0,341.0,661.0,430.5,975.0,1822.0,2216.5,2238.0,2124.0,1739.0,845.5,237.5,581.5,300.5,1029.0,3092.0,3956.0,4128.5,4046.0,1861.5,931.5,240.5,636.5,359.5,1076.0,3324.0,4352.5,4460.0,4531.5,1804.0,931.0,248.5,591.5,404.5,1065.0,3177.0,4396.5,4623.5,4570.0,2113.0,1818.0,610.0,809.0,1060.5,1203.0,1252.0,1299.0,1402.0,1467.0,1910.0,946.5,283.5,651.5,413.0,1175.5,3487.0,4675.0,4890.0,4995.0,1832.5,918.5,309.5,831.0,461.5,1524.5,3806.5,4825.0,5052.0,5153.0,1880.5,944.5,426.5,911.5,615.0,1650.5,3777.5,4466.5,4668.0,4809.5,2092.5,1130.5,592.5,1067.0,959.0,2038.5,3501.5,3968.5,4221.5,4360.5,2380.5,1408.5,657.5,1176.5,1257.0,2212.5,3210.5,3588.0,4017.5,4031.5,2861.0,1775.0,764.0,1269.0,1589.0,2398.0,3033.0,3431.0,3669.0,3806.0,4086.0,2830.5,1181.0,1643.0,2320.0,2786.0,3022.0,3359.0,3572.5,3792.5,4009.0,2825.5,1180.0,1647.5,2451.0,2856.0,3095.5,3394.5,3656.5,3808.5,3600.5,2736.0,1167.0,1564.5,2172.0,2502.5,2661.5,2878.0,3297.5,3279.5,2177.0,1666.0,761.0,1055.5,1445.0,1653.5,1714.0,1779.5,1869.5,1946.0,1956.5,1673.0,513.5,723.5,989.0,1125.0,1172.0,1217.0,1356.5,1325.0,2486.0,1974.5,875.5,1161.5,1566.5,1772.5,1831.0,1909.5,2038.5,2078.0,2387.5,1907.5,907.5,1146.5,1479.5,1670.5,1693.5,1802.5,1927.5,1938.5,2123.5,1788.5,677.0,836.5,1120.5,1271.0,1324.5,1377.5,1508.5,1496.0,1792.5,1455.0,558.0,792.0,1036.5,1176.0,1189.0,1276.5,1378.5,1332.0,1413.5,1196.0,376.0,510.5,679.5,769.0,788.5,839.0,924.5,932.0,0.0,0.0,0.0,0.0,0.0,0.0,0.0,0.0,0.0,0.0,1502.0,1138.5,444.0,584.0,779.0,905.0,926.0,980.5,1103.5,1118.5,1798.5,1497.0,595.0,730.0,897.5,1041.5,1044.5,1101.0,1202.5,1220.5,2304.0,1925.5,791.5,1018.0,1248.5,1380.5,1427.5,1493.0,1613.5,1668.0,2266.0,1911.5,846.5,999.5,1240.5,1342.5,1342.0,1429.0,1595.5,1545.5,2133.0,1782.0,801.0,902.5,1125.0,1224.5,1267.5,1333.5,1415.5,1449.5,2141.5,1856.5,700.5,907.5,1143.5,1254.0,1279.5,1384.5,1467.0,1511.0,2217.5,1937.5,807.0,1035.0,1283.0,1432.0,1486.0,1525.5,1623.0,1633.5,"{""type"":""MultiPoint"",""coordinates"":[]}"
767_0,3,1505.5,1297.5,726.5,772.5,854.5,1021.0,1160.5,1196.5,1279.0,1305.0,2647.0,2520.0,989.0,1259.0,1582.0,1715.0,1705.0,1813.0,1950.0,1959.0,2718.0,2655.0,987.0,1208.0,1515.0,1693.0,1724.0,1838.0,1935.0,1942.0,1119.0,1109.0,548.0,728.5,847.5,968.5,910.5,1002.0,1036.5,993.0,200.5,181.0,319.5,456.0,461.5,588.0,525.0,607.5,576.5,491.0,527.0,370.0,369.0,563.0,470.5,776.0,935.5,1065.5,1022.5,1018.5,655.0,502.0,367.0,578.0,458.0,835.0,1065.0,1200.0,1101.0,1073.0,870.0,601.0,225.0,499.0,320.0,807.0,1454.0,1633.0,1534.0,1547.0,902.0,542.0,75.0,245.0,96.0,456.0,1643.0,2004.0,1998.0,1934.0,1274.5,601.0,13.0,186.5,0.0,367.5,2550.0,4203.0,4243.5,4256.0,1337.5,605.5,19.0,182.0,0.0,352.5,2625.5,4669.0,4830.0,4828.5,2432.0,2152.0,1550.5,1663.0,1756.5,1955.0,2140.5,2178.5,2217.0,2210.5,1361.5,611.0,21.5,169.5,0.0,370.5,2629.5,4863.0,4993.5,5165.5,1304.0,590.5,40.0,230.0,7.0,509.0,2811.5,4727.5,4926.5,5058.5,1386.0,655.0,467.0,762.0,511.0,1167.0,2985.0,4366.0,4474.0,4729.0,1566.0,807.0,593.0,929.0,670.0,1457.0,3081.0,3805.0,4073.0,4115.0,1558.0,816.0,485.0,895.0,670.0,1457.0,2883.0,3605.0,3858.0,3942.0,1873.0,1082.0,478.0,896.0,870.0,1661.0,2885.0,3410.0,3637.0,3755.0,4498.0,3124.0,1135.0,1559.0,2139.0,2615.0,3123.0,3452.0,3811.5,3913.0,4705.0,3441.0,1185.0,1653.0,2421.0,2783.0,3031.0,3278.0,3600.0,3574.0,4720.0,3547.0,1220.0,1689.0,2483.0,2784.0,3006.0,3284.0,3699.0,3719.0,4089.5,2913.0,1167.0,1614.0,2321.0,2654.5,2804.0,2989.5,3283.5,3445.5,1711.0,1373.0,477.0,658.0,804.0,1032.0,1392.0,1466.0,1626.0,1560.0,4071.5,3155.5,1022.0,1365.0,1843.0,2152.5,2284.5,2472.0,2676.0,2769.5,3488.5,2926.0,1055.0,1266.0,1581.0,1816.5,1983.5,2137.0,2337.0,2375.0,2716.0,2282.5,717.5,889.5,1002.0,1341.5,1675.5,1877.5,2024.5,2031.0,2712.0,2331.5,722.0,892.5,989.0,1323.0,1731.0,1847.5,1998.0,2066.0,2034.5,1470.0,425.0,678.5,738.0,1144.0,1857.0,2006.0,2185.0,2191.5,0.0,0.0,0.0,0.0,0.0,0.0,0.0,0.0,0.0,0.0,1667.0,1243.0,251.0,537.0,593.0,1022.0,1555.0,1634.0,1787.0,1792.0,1725.5,1429.5,846.5,937.0,894.0,1207.0,1740.0,1867.0,2032.5,1929.5,1795.0,1303.5,365.0,672.5,660.0,1157.5,1979.0,2195.5,2337.5,2313.5,1881.5,1499.5,509.0,685.5,788.0,1115.5,1628.5,1761.0,1909.0,1914.5,1943.0,1729.0,541.0,685.0,887.0,1096.0,1218.0,1306.0,1407.0,1444.0,1994.5,1851.5,578.5,734.0,962.5,1092.5,1200.5,1275.0,1374.0,1410.0,2639.5,2554.5,928.5,1198.0,1505.0,1631.5,1656.0,1744.5,1883.5,1880.5,"{""type"":""MultiPoint"",""coordinates"":[]}"
768_0,3,114.5,105.5,203.5,267.0,376.0,438.0,262.5,281.0,266.0,194.0,1925.5,1623.5,715.0,908.0,1082.0,1186.5,1260.0,1341.0,1429.5,1429.5,1946.0,1695.5,726.0,927.0,1114.0,1194.0,1214.0,1286.5,1349.0,1361.0,2166.5,1904.0,894.0,1132.5,1320.0,1412.5,1438.5,1510.5,1572.0,1595.0,2141.0,1973.0,1104.0,1338.0,1557.0,1663.0,1678.0,1744.0,1839.0,1746.0,1500.0,1470.0,1249.0,1474.0,1658.0,1717.0,1683.0,1773.0,1808.0,1746.0,201.0,189.0,581.0,838.0,832.0,945.0,659.0,741.0,674.0,558.0,408.0,359.0,655.0,930.0,893.0,1170.0,971.0,1059.0,938.0,878.0,403.0,330.0,475.0,750.0,660.0,1084.0,893.0,995.0,908.0,771.0,411.5,307.0,371.0,635.5,527.5,1081.0,1431.0,1585.0,1476.0,1383.0,519.5,328.5,248.5,432.0,327.0,807.5,1353.0,1560.0,1482.5,1371.0,153.0,146.0,334.0,486.0,593.0,675.0,519.0,520.0,541.0,432.0,906.0,521.0,243.0,397.0,271.0,672.0,1852.0,2380.0,2251.0,2087.0,1071.0,545.0,109.0,322.0,164.0,672.0,2121.0,2800.0,2916.0,2772.0,1152.0,569.0,149.0,395.0,185.0,725.0,2475.0,3168.0,3198.0,3174.0,1320.0,683.0,355.0,719.0,396.0,1151.0,2819.0,3336.0,3461.0,3368.0,1343.0,717.0,360.0,804.0,575.0,1427.0,2789.0,3193.0,3445.0,3368.0,1820.0,1082.0,488.5,958.0,958.0,1755.0,2613.0,2921.0,3164.5,3235.5,2727.0,1747.0,1104.0,1491.0,1678.0,2171.0,2611.0,2877.5,3115.0,3206.0,3427.0,2451.0,1081.5,1471.0,1975.0,2348.0,2624.5,2818.0,3092.0,3166.0,3403.5,2441.5,1069.0,1443.5,1985.0,2298.0,2534.5,2719.0,3048.0,3090.0,3370.0,2323.0,915.0,1280.0,1863.0,2261.0,2353.0,2630.0,2660.0,2811.0,138.0,130.0,556.0,794.0,752.0,763.0,399.0,421.0,392.0,304.0,3443.0,2661.0,915.0,1280.0,1863.0,2261.0,2353.0,2630.0,2660.0,2811.0,3268.0,2510.0,921.5,1206.0,1632.0,1899.5,2009.5,2169.5,2300.0,2449.5,2963.0,2377.5,756.5,958.5,1264.0,1455.5,1544.0,1670.5,1832.5,1890.5,429.0,340.0,367.0,507.0,653.0,767.0,629.0,694.0,675.0,650.0,130.0,103.0,115.0,162.0,220.0,291.0,184.0,179.0,188.0,131.0,0.0,0.0,0.0,0.0,0.0,0.0,0.0,0.0,0.0,0.0,79.0,86.0,170.0,289.0,351.0,414.0,211.0,261.0,222.0,158.0,79.0,86.0,179.0,242.0,344.0,393.0,236.0,285.0,275.0,217.0,726.0,500.0,384.0,578.0,696.0,821.0,825.0,968.0,1053.0,1078.0,841.0,584.0,574.0,674.0,714.0,947.0,862.0,1070.0,1031.0,1006.0,1790.0,1162.0,549.0,778.0,943.0,1211.0,1281.0,1404.0,1355.0,1455.0,3369.0,2458.0,1150.0,1430.0,1679.0,2013.0,2129.0,2218.0,2261.0,2487.0,3886.5,3181.5,1593.0,1910.0,2238.0,2440.0,2536.5,2662.5,2860.0,2857.0,"{""type"":""MultiPoint"",""coordinates"":[]}"
769_0,3,1660.5,1373.0,551.5,673.5,888.5,948.5,1010.0,1060.5,1212.0,1184.5,1829.0,1581.5,716.5,889.0,1073.5,1159.0,1182.5,1231.0,1339.0,1349.0,2017.5,1766.5,881.5,1082.0,1283.0,1362.5,1390.5,1413.0,1478.5,1489.5,2331.5,2070.5,1072.0,1302.5,1524.5,1631.5,1621.0,1702.0,1777.0,1771.0,1348.0,1225.0,893.0,1079.0,1275.0,1337.0,1355.0,1425.0,1515.0,1469.0,348.0,316.0,697.0,972.0,941.0,1100.0,895.0,940.0,859.0,732.0,323.0,267.0,596.0,830.0,849.0,1098.0,910.0,987.0,963.0,830.0,404.0,293.0,596.0,833.0,851.0,1121.0,985.0,1097.0,1038.0,939.0,472.0,327.0,619.0,853.0,863.0,1050.0,985.0,1097.0,1038.0,939.0,673.0,432.5,335.0,594.0,492.0,847.0,1248.0,1458.0,1321.0,1338.5,904.0,522.5,153.0,334.5,143.5,598.5,1610.5,2004.5,1754.5,1741.0,1820.0,1550.0,613.0,764.0,977.0,1061.0,1106.0,1171.0,1316.0,1335.0,1088.0,559.0,116.0,281.0,103.0,526.0,1930.0,2513.0,2249.0,2374.0,1176.0,578.0,75.0,300.0,82.0,625.0,2267.0,2927.0,2850.0,2866.0,1280.0,648.0,146.0,415.0,198.0,768.0,2582.0,3416.0,3286.0,3436.0,1442.0,742.0,400.0,813.0,500.0,1366.0,3008.0,3490.0,3591.0,3510.0,1524.5,849.5,460.5,935.5,664.0,1594.0,2865.5,3191.0,3425.5,3359.5,1945.0,1176.0,528.5,1010.0,1093.5,1926.0,2619.5,2889.5,3100.0,3163.0,2405.0,1484.0,877.0,1289.0,1629.0,2237.0,2685.5,2937.5,3199.0,3253.0,2830.5,1864.0,958.5,1412.5,1961.5,2486.5,2762.5,3029.5,3323.0,3387.0,3934.0,2740.0,1055.0,1507.0,2081.0,2542.0,2780.0,3068.0,3332.0,3430.0,3802.5,2653.5,975.5,1405.5,2193.5,2571.5,2674.5,2960.5,3297.0,3416.0,1808.5,1538.0,593.0,741.5,974.0,1048.0,1068.5,1165.0,1312.5,1306.0,3412.5,2515.5,844.0,1174.0,1744.0,2060.5,2133.0,2405.0,2652.5,2740.0,3247.0,2399.5,862.0,1163.5,1684.0,1869.0,2021.5,2228.0,2580.0,2603.0,2988.5,2301.0,692.0,902.0,1264.5,1426.0,1570.5,1677.0,1953.5,1943.0,2962.0,2343.0,722.5,875.0,1227.0,1397.5,1481.0,1627.5,1853.5,1911.0,1334.0,1108.0,379.0,452.0,644.0,700.0,746.0,780.0,867.0,886.0,0.0,0.0,0.0,0.0,0.0,0.0,0.0,0.0,0.0,0.0,1350.0,1116.0,478.0,596.0,762.0,843.0,831.0,908.0,1022.0,1009.0,1553.0,1328.0,574.0,691.0,821.0,910.0,901.0,976.0,1070.0,1030.0,2005.0,1757.0,786.0,966.0,1143.0,1247.0,1212.0,1301.0,1435.0,1402.0,1942.0,1676.5,817.0,934.0,1105.0,1170.0,1139.5,1248.0,1395.5,1364.0,1557.0,1344.5,528.0,638.5,812.5,877.0,826.5,897.5,996.5,991.0,1953.0,1722.0,792.0,931.5,1093.0,1160.0,1246.5,1319.0,1430.5,1431.0,2093.0,1806.0,845.0,1035.0,1212.0,1276.0,1328.0,1395.0,1531.0,1483.0,"{""type"":""MultiPoint"",""coordinates"":[]}"
770_0,3,1952.0,1597.5,609.5,761.0,998.0,1141.0,1187.0,1265.5,1351.5,1393.5,2218.5,1914.5,884.0,1138.5,1402.5,1516.0,1547.5,1608.0,1719.5,1703.5,2287.5,1973.5,856.5,1104.0,1382.5,1516.5,1555.0,1589.0,1681.5,1704.0,2020.0,1713.0,739.5,975.5,1237.5,1365.5,1373.0,1430.5,1469.5,1503.5,354.0,285.0,628.0,812.0,877.0,1019.0,931.0,1031.0,956.0,944.0,359.0,285.0,522.0,760.0,789.0,986.0,931.0,1031.0,1011.0,961.0,583.0,494.0,500.0,738.0,647.0,1058.0,1164.0,1305.0,1238.0,1170.0,1049.0,677.0,477.0,738.0,492.0,1077.0,2341.0,2610.0,2613.0,2566.0,1332.0,704.0,346.0,669.0,447.0,1142.0,2820.0,3386.0,3392.0,3457.0,1600.5,873.0,307.5,641.0,450.0,1197.0,2642.5,3101.5,3158.0,3313.0,1667.0,897.0,213.5,486.5,314.0,912.5,2678.0,3469.5,3648.0,3717.5,2145.0,1797.0,675.0,845.0,1094.0,1204.0,1271.0,1359.0,1458.0,1500.0,1803.0,953.0,229.0,550.0,324.0,1044.0,3079.0,3966.0,4076.0,4141.0,1832.0,964.0,247.0,694.0,488.0,1241.0,3268.0,4072.0,4219.0,4335.0,1884.0,1033.0,349.0,825.0,629.0,1511.0,3434.0,4088.0,4261.0,4422.0,2059.0,1125.0,559.0,1088.0,981.0,1959.0,3308.0,3717.0,3895.0,4091.0,2223.5,1302.0,591.5,1108.0,1088.0,2005.0,2975.0,3365.5,3644.5,3732.5,2501.0,1566.5,651.5,1122.5,1336.0,2041.0,2734.5,3061.0,3272.0,3428.5,3112.5,1964.0,1015.0,1396.5,1731.5,2273.5,2772.5,3056.0,3325.5,3452.0,3806.0,2628.5,991.5,1379.5,1913.5,2366.5,2651.0,2927.5,3279.5,3410.5,3418.0,2430.5,837.0,1202.0,1791.0,2168.5,2419.5,2598.5,2942.5,3040.5,2352.0,1823.0,737.0,982.0,1370.0,1627.0,1667.0,1851.0,1857.0,2042.0,2147.5,1780.5,652.0,824.5,1074.0,1193.5,1237.5,1329.5,1465.5,1461.5,2396.5,1859.5,758.5,996.5,1379.0,1605.5,1669.5,1801.0,1831.5,2024.0,2353.5,1811.5,844.0,1050.0,1365.5,1541.0,1635.5,1753.5,1842.0,1927.0,2123.5,1697.0,629.5,795.5,1040.5,1190.0,1242.0,1343.0,1418.5,1492.0,2130.0,1742.0,681.0,817.0,1048.5,1213.5,1242.5,1352.0,1418.0,1500.5,1829.0,1281.0,510.0,636.0,868.0,964.0,1042.0,1096.0,1251.0,1256.0,0.0,0.0,0.0,0.0,0.0,0.0,0.0,0.0,0.0,0.0,1925.0,1640.0,582.0,740.0,938.0,1039.0,1076.0,1147.0,1276.0,1278.0,1960.0,1677.0,663.0,749.0,912.0,998.0,1025.0,1121.0,1201.0,1241.0,2247.0,1926.0,717.0,893.0,1116.0,1229.0,1298.0,1375.0,1443.0,1507.0,2321.5,1968.5,783.0,913.5,1149.0,1230.0,1266.0,1344.0,1473.5,1493.5,2262.0,1864.5,757.0,853.0,1078.0,1158.0,1191.0,1259.5,1384.0,1422.5,2074.0,1777.0,685.0,827.0,1048.0,1161.0,1212.0,1315.0,1411.0,1416.0,1992.0,1731.0,685.0,867.0,1089.0,1153.0,1199.0,1295.0,1403.0,1405.0,"{""type"":""MultiPoint"",""coordinates"":[]}"
771_0,3,1951.5,1546.5,609.5,766.0,1030.0,1163.0,1213.0,1364.0,1408.0,1535.0,2393.0,1940.5,818.5,1083.5,1354.0,1477.5,1556.0,1681.5,1775.5,1802.0,2721.0,2285.5,1010.5,1337.0,1651.0,1773.0,1802.0,1927.5,2018.0,2060.5,2988.5,2497.5,1162.5,1525.5,1869.0,2014.0,2060.0,2121.0,2238.0,2310.5,1715.0,1469.0,1002.0,1320.0,1638.0,1810.0,1826.0,1903.0,1961.0,2015.0,1019.0,865.0,964.0,1262.0,1363.0,1566.0,1398.0,1466.0,1337.0,1204.0,1133.0,836.0,653.0,973.0,975.0,1280.0,1344.0,1466.0,1346.0,1392.0,1383.0,1022.0,644.0,973.0,927.0,1339.0,1618.0,1645.0,1626.0,1608.0,1661.0,1054.0,558.0,897.0,779.0,1287.0,2089.0,2339.0,2215.0,2306.0,1990.0,1253.5,521.5,891.5,758.0,1345.5,2690.0,3355.5,3302.5,3357.5,1852.5,1122.5,282.5,590.5,472.0,1003.0,2687.5,3709.0,3763.5,3771.5,2169.0,1736.0,699.0,902.0,1146.0,1291.0,1402.0,1523.0,1577.0,1589.0,1823.0,1122.0,328.0,637.0,477.0,945.0,2845.0,3982.0,3962.0,3925.0,1854.0,1097.0,267.0,627.0,481.0,1150.0,3125.0,4119.0,4301.0,4403.0,1886.0,1126.0,393.0,876.0,603.0,1517.0,3487.0,4410.0,4452.0,4695.0,2059.0,1223.0,589.0,1166.0,926.0,1971.0,3477.0,4120.0,4202.0,4202.0,2141.0,1327.5,687.5,1231.5,1115.5,2080.0,3240.5,3636.0,4060.0,4003.5,2549.5,1652.0,826.0,1426.5,1563.0,2385.5,3172.0,3563.0,3918.0,3815.0,2990.5,2024.0,1122.0,1707.0,2110.0,2917.5,3390.5,3527.0,4104.0,4097.0,3869.5,2847.5,1300.0,1816.5,2388.5,3012.5,3365.0,3457.0,3798.0,3896.5,3700.0,2827.0,1310.0,1800.0,2572.0,2935.0,2956.0,3248.0,3575.0,3542.0,3678.5,2616.5,1270.0,1750.5,2439.0,2796.0,2978.0,3113.5,3197.0,3312.0,2163.0,1781.0,641.0,862.5,1134.5,1267.0,1309.0,1435.5,1557.5,1625.5,2220.0,1764.0,702.5,974.5,1301.0,1469.5,1558.0,1629.5,1710.0,1807.0,2366.5,1846.5,798.0,1046.5,1361.0,1594.0,1626.5,1719.5,1818.5,1877.0,2141.5,1741.0,654.5,859.5,1121.5,1291.0,1342.5,1461.0,1546.5,1603.5,2252.0,1822.5,735.5,906.0,1162.0,1309.5,1386.0,1505.0,1561.5,1609.5,1774.0,1315.0,487.0,637.0,851.0,920.0,949.0,1109.0,1188.0,1177.0,0.0,0.0,0.0,0.0,0.0,0.0,0.0,0.0,0.0,0.0,1884.0,1447.0,579.0,778.0,986.0,1093.0,1117.0,1238.0,1314.0,1363.0,2021.0,1618.0,695.0,828.0,1016.0,1104.0,1169.0,1293.0,1348.0,1393.0,2416.0,1956.0,818.0,1053.0,1299.0,1412.0,1499.0,1545.0,1652.0,1727.0,2213.0,1770.0,987.0,1192.0,1430.0,1538.0,1623.0,1796.0,1828.0,1936.0,2044.5,1586.5,646.0,820.0,1033.0,1124.0,1172.0,1237.0,1371.5,1366.5,2465.0,2030.0,871.0,1073.0,1279.0,1415.0,1561.0,1644.0,1792.0,1858.0,2202.5,1799.5,725.5,949.5,1176.0,1331.0,1477.0,1588.5,1668.5,1738.5,"{""type"":""MultiPoint"",""coordinates"":[]}"
772_0,3,3226.0,2488.5,926.0,1061.0,1393.0,1612.0,1754.0,1872.5,2050.0,2155.5,2132.0,1949.0,640.0,885.0,1172.0,1281.0,1354.0,1456.0,1550.0,1566.0,2348.0,2223.0,774.0,1030.0,1346.0,1485.0,1537.0,1655.0,1733.0,1756.0,1263.5,1192.0,472.5,653.5,875.5,1005.5,964.0,1049.0,1073.0,1094.0,353.0,315.0,646.0,748.0,767.0,883.0,723.0,774.0,769.0,637.0,353.0,315.0,336.0,591.0,559.0,836.0,723.0,774.0,769.0,637.0,438.0,361.0,271.0,551.0,356.0,781.0,784.0,855.0,769.0,762.0,1622.0,914.0,277.0,592.0,373.0,895.0,1902.0,2165.0,2219.0,2292.0,1052.0,588.0,157.0,373.0,186.0,616.0,1703.0,2136.0,2056.0,2000.0,1173.5,582.0,85.5,331.5,92.5,594.5,2131.5,2855.0,2727.0,2793.5,1154.0,544.5,38.5,212.0,37.5,420.5,2193.5,3102.5,3128.0,3118.5,3538.5,3028.0,2173.5,2139.0,2290.5,2494.5,2603.0,2737.5,2827.0,2874.5,1275.0,586.0,30.0,210.0,14.5,447.5,2567.0,3811.5,3751.5,3838.0,1253.0,587.5,103.5,472.0,140.0,881.5,2972.5,4083.0,4093.0,4209.0,1309.0,649.0,482.0,827.0,582.0,1294.0,3192.0,4038.0,4042.0,4188.0,1437.0,802.0,722.0,1213.0,1033.0,1942.0,3163.0,3569.0,3724.0,3793.0,1847.0,1082.0,670.0,1213.0,1071.0,2070.0,3127.0,3548.0,3758.0,3790.0,2168.0,1303.0,685.0,1280.0,1286.0,2257.0,3127.0,3537.0,3645.0,3734.0,4599.0,3131.5,1298.5,1772.5,2505.5,2988.5,3323.0,3622.0,3968.0,4128.0,4206.0,3089.5,1136.0,1557.0,2232.5,2630.5,2864.5,3143.0,3452.5,3511.0,3863.0,2836.0,1089.0,1473.0,1973.0,2255.0,2543.0,2766.0,3102.0,3126.0,3299.5,2432.0,854.0,1179.5,1627.0,1945.5,2145.5,2338.0,2511.5,2636.5,3353.0,2622.0,700.0,947.0,1334.0,1541.0,1612.0,1734.0,1996.0,2009.0,3351.0,2668.5,752.0,995.0,1306.5,1571.0,1829.0,1979.0,2104.0,2237.0,4235.5,3585.0,1966.0,2159.5,2378.0,2706.0,2974.0,3100.5,3194.0,3334.5,3005.0,2501.0,744.5,870.5,1050.5,1276.0,1513.0,1673.5,1781.0,1859.0,2908.5,2407.5,710.5,845.0,1006.0,1253.0,1485.0,1650.5,1745.5,1831.0,2248.5,1664.5,418.5,591.0,771.0,1030.5,1239.5,1362.0,1523.0,1584.5,0.0,0.0,0.0,0.0,0.0,0.0,0.0,0.0,0.0,0.0,3789.0,2951.0,867.0,1177.0,1714.0,1946.0,1954.0,2122.0,2312.0,2436.0,2907.0,2482.0,1003.0,1243.0,1728.0,1946.0,1971.0,2161.0,2312.0,2436.0,3649.0,2883.0,980.0,1273.0,1742.0,1952.0,2012.0,2179.0,2450.0,2524.0,1979.0,1626.0,564.5,646.5,848.0,943.0,996.0,1084.0,1219.5,1229.0,1380.0,1170.0,393.0,543.0,738.0,820.0,873.0,925.0,1024.0,1024.0,1885.0,1710.5,584.0,769.5,1019.0,1131.5,1190.0,1281.0,1383.5,1380.5,1930.5,1767.5,566.5,766.5,1029.5,1140.5,1181.5,1272.5,1372.0,1376.5,"{""type"":""MultiPoint"",""coordinates"":[]}"
773_0,3,2337.0,1909.5,700.5,858.5,1159.5,1321.5,1353.5,1419.5,1569.5,1566.0,2157.5,1862.5,705.5,926.0,1211.0,1334.5,1391.0,1437.5,1553.5,1568.5,2287.5,1994.5,804.0,1068.0,1369.5,1480.0,1522.0,1574.0,1669.5,1664.0,2408.0,2108.5,850.0,1132.0,1463.0,1597.5,1645.5,1720.5,1806.5,1826.5,1126.5,1024.0,832.0,1051.5,1311.0,1400.5,1419.0,1484.5,1577.5,1507.5,526.5,434.0,565.5,778.5,848.0,978.5,921.0,1033.5,1009.5,977.0,625.5,450.5,547.5,754.0,769.0,1048.0,1049.5,1144.5,1081.5,1075.0,1033.5,714.0,513.0,737.5,642.5,1048.0,1549.0,1672.5,1678.5,1724.0,1420.0,736.0,304.5,589.0,337.5,916.5,2715.0,3166.5,3205.0,3113.5,1821.5,948.5,248.5,627.5,337.0,1004.0,3208.5,4136.0,4134.5,4285.0,1732.5,850.0,180.0,421.0,253.0,777.0,3064.5,4359.0,4465.0,4666.5,2602.5,2166.5,716.5,934.0,1228.5,1434.5,1447.5,1489.5,1642.0,1753.0,1707.5,837.5,200.0,421.5,253.0,794.5,3008.5,4505.5,4504.5,4731.0,1620.0,801.5,168.0,432.0,268.5,901.5,3237.5,4619.5,4813.5,4899.0,1647.5,809.5,278.5,614.5,376.0,1115.0,3295.5,4619.5,4681.5,4832.0,1736.0,917.5,500.0,909.0,636.5,1599.5,3556.0,4442.0,4681.5,4761.5,1805.5,973.5,519.0,1018.0,795.5,1708.0,3488.5,4260.0,4593.0,4607.0,2246.0,1302.0,592.0,1152.0,1122.0,2151.0,3577.0,3981.0,4409.0,4543.0,2815.0,1691.0,866.0,1492.0,1648.0,2557.0,3714.0,4152.5,4565.5,4637.5,4070.5,2815.0,1147.0,1635.0,2279.5,2866.0,3473.5,3792.0,4166.0,4313.0,3892.0,2764.5,1205.5,1672.5,2468.5,2952.5,3211.0,3395.0,3824.5,3947.5,3367.0,2385.0,1115.5,1558.5,2299.0,2829.5,2883.0,3112.5,3284.0,3610.5,2421.0,2022.0,650.0,843.0,1168.0,1297.0,1309.0,1361.0,1556.0,1573.0,3325.0,2405.5,1078.5,1476.5,2031.5,2485.0,2603.5,2721.5,2865.5,3018.5,3182.5,2336.5,1203.5,1469.0,1953.0,2252.0,2453.0,2516.5,2735.0,2862.5,2841.5,2220.5,789.5,968.5,1295.5,1539.0,1682.5,1748.5,1844.0,1982.5,2847.0,2262.0,777.5,961.0,1246.5,1542.0,1612.5,1711.0,1754.0,1931.0,1833.5,1428.0,540.0,726.0,1013.5,1134.5,1201.0,1263.5,1398.0,1347.0,0.0,0.0,0.0,0.0,0.0,0.0,0.0,0.0,0.0,0.0,2353.5,2063.0,597.5,799.5,1101.0,1204.0,1186.5,1276.0,1378.5,1358.0,2239.0,1948.0,678.0,782.0,1005.5,1119.5,1119.5,1181.5,1283.0,1302.5,2428.5,2103.5,741.0,936.0,1199.5,1310.0,1321.5,1375.0,1520.0,1549.0,2536.0,2190.5,757.0,870.5,1175.0,1318.5,1221.5,1283.5,1391.5,1442.5,2571.0,2208.0,825.5,932.0,1196.0,1341.5,1273.5,1352.0,1490.0,1532.0,2605.0,2290.5,885.0,1030.0,1257.5,1373.0,1433.0,1524.0,1635.5,1679.0,2232.5,1912.5,677.0,918.5,1217.0,1328.5,1380.5,1428.5,1579.5,1607.5,"{""type"":""MultiPoint"",""coordinates"":[]}"
774_0,3,1973.0,1755.5,1132.5,1170.5,1270.5,1416.5,1484.5,1569.0,1665.5,1673.0,2657.0,2454.0,968.0,1218.0,1528.0,1651.0,1726.0,1822.0,1914.0,1986.0,2646.0,2550.0,962.0,1202.0,1484.0,1637.0,1692.0,1837.0,1879.0,1928.0,1403.5,1292.5,564.5,764.0,879.5,1055.0,1103.0,1183.5,1078.5,1144.0,648.5,554.0,367.0,494.0,554.0,720.5,772.5,887.5,670.5,718.0,941.0,720.5,403.0,613.5,534.0,951.0,1212.5,1253.5,1176.0,1306.5,1073.0,795.0,362.0,598.0,448.0,965.0,1394.0,1535.0,1431.0,1464.0,1355.0,892.0,343.0,579.0,453.0,926.0,2032.0,2417.0,2425.0,2300.0,1414.0,843.0,100.0,281.0,204.0,661.0,2161.0,3215.0,3148.0,3033.0,1494.0,767.0,35.5,194.0,69.0,485.0,2403.5,4191.5,4458.0,4405.5,1529.5,789.5,60.0,189.5,95.0,508.5,2455.5,4642.5,4880.5,4748.0,2950.0,2734.0,1601.0,1658.5,1807.0,2004.5,2209.5,2264.5,2288.5,2382.5,1590.5,847.0,103.5,250.5,143.5,579.5,2430.5,4572.5,4854.0,4862.5,1566.0,877.0,110.0,288.0,137.0,687.0,2601.5,4329.5,4749.0,4825.0,1596.0,864.0,494.0,783.0,582.0,1179.0,2857.0,4069.0,4468.0,4567.0,1735.0,989.0,637.0,940.0,726.0,1452.0,2956.0,3797.0,4055.0,4067.0,1713.0,1046.0,514.0,904.0,737.0,1452.0,2860.0,3491.0,3952.0,3868.0,2195.0,1312.0,531.0,912.0,898.0,1613.0,2871.0,3440.0,3818.0,3720.0,4391.0,3106.0,1168.0,1597.0,2195.5,2656.0,3109.5,3406.5,3891.0,3925.0,4566.0,3413.0,1265.0,1718.0,2487.0,2735.0,3083.0,3313.0,3672.0,3632.0,4336.0,3134.0,1256.0,1639.0,2376.0,2714.0,2965.0,3135.0,3653.0,3661.0,3639.5,2629.5,1088.5,1486.0,2120.5,2409.0,2568.0,2752.0,3091.5,3141.0,1957.0,1575.0,572.0,752.0,973.0,1146.0,1401.0,1483.0,1615.0,1655.0,3954.0,3126.0,1026.0,1314.5,1794.0,2120.5,2244.0,2443.0,2642.0,2738.0,3033.5,2617.5,955.5,1114.5,1389.5,1526.0,1734.5,1832.5,1985.5,2107.5,2802.0,2661.0,652.5,736.0,913.5,1129.5,1290.0,1467.5,1522.0,1624.5,2624.5,2468.5,652.5,758.5,924.0,1156.5,1339.0,1534.0,1554.5,1585.0,1902.5,1471.0,404.0,622.0,725.5,1029.0,1491.5,1651.5,1844.5,1831.5,0.0,0.0,0.0,0.0,0.0,0.0,0.0,0.0,0.0,0.0,1826.0,1358.0,278.0,501.0,684.0,1098.0,1380.0,1546.0,1533.0,1667.0,1976.0,1648.5,1168.0,1205.0,1167.0,1471.0,1868.0,1910.0,2152.5,1983.0,2153.0,1658.0,518.0,795.0,879.0,1299.5,1852.5,1981.5,2044.5,2139.5,2055.5,1707.0,576.0,744.0,911.0,1197.0,1530.5,1714.5,1758.5,1851.5,2004.0,1801.0,539.0,687.0,901.0,1104.0,1222.0,1455.0,1436.0,1518.0,2112.0,1922.0,600.5,779.0,1026.5,1174.0,1324.0,1459.5,1460.5,1576.0,2602.0,2479.5,893.5,1155.5,1458.5,1582.5,1684.0,1759.0,1863.5,1937.0,"{""type"":""MultiPoint"",""coordinates"":[]}"
775_0,3,1711.0,1435.5,524.5,623.0,829.5,937.0,975.5,1024.0,1096.5,1149.5,2441.5,2164.0,908.0,1164.5,1394.0,1501.5,1543.5,1602.5,1715.5,1722.0,2522.5,2268.5,933.5,1194.0,1431.0,1533.5,1560.0,1649.0,1731.0,1744.5,564.5,546.5,791.5,1058.5,1219.5,1339.5,1055.5,1108.0,1004.5,925.5,459.0,417.0,868.0,1058.0,1145.0,1311.0,1081.0,1085.0,995.0,930.0,569.0,568.0,709.0,948.0,1083.0,1331.0,1249.0,1283.0,1255.0,1230.0,399.0,318.0,502.0,732.0,691.0,1117.0,1076.0,1156.0,1149.0,992.0,506.0,357.0,462.0,722.0,672.0,1220.0,1399.0,1547.0,1413.0,1294.0,359.0,259.0,407.0,652.0,589.0,1056.0,1122.0,1293.0,1213.0,971.0,426.0,286.0,316.5,484.0,394.5,895.0,1215.0,1437.5,1351.0,1112.5,718.0,441.5,252.5,409.0,319.0,865.5,1500.5,1788.5,1855.5,1604.0,1954.5,1677.0,648.5,804.0,985.0,1093.5,1135.5,1202.0,1269.5,1284.0,887.0,525.0,221.0,405.0,286.0,732.0,1817.0,2201.0,2173.0,2000.0,1050.0,590.0,221.0,445.0,236.0,800.0,2137.0,2595.0,2599.0,2402.0,1207.0,624.0,294.0,651.0,393.0,1106.0,2548.0,3062.0,3051.0,3055.0,1346.0,715.0,481.0,866.0,676.0,1477.0,2667.0,3019.0,3086.0,3116.0,1948.0,1141.0,521.0,937.0,899.0,1641.0,2553.0,2860.0,3103.0,3159.0,2215.0,1359.5,577.0,967.0,1045.0,1680.5,2427.5,2755.5,2909.5,3081.0,3619.0,2534.0,1033.5,1445.0,1751.0,2205.0,2544.0,2811.0,3032.0,3200.5,3023.0,2308.5,948.0,1206.0,1566.5,1764.0,1919.5,2080.5,2271.5,2308.5,2523.0,2020.0,702.5,954.0,1295.5,1445.0,1558.0,1650.0,1768.0,1842.5,1976.0,1614.0,647.0,813.0,1044.0,1131.0,1190.0,1244.0,1366.0,1331.0,1754.0,1478.0,442.0,619.0,850.0,949.0,1005.0,1046.0,1100.0,1156.0,1909.0,1649.0,513.0,674.0,883.0,992.0,1016.0,1099.0,1185.0,1221.0,1811.0,1563.0,570.0,707.5,895.5,982.5,1008.0,1081.0,1137.0,1184.0,1904.0,1671.5,509.0,720.5,935.0,1016.0,1067.5,1123.0,1250.0,1229.5,2293.0,2119.0,795.0,988.0,1215.0,1316.0,1386.0,1441.0,1500.0,1546.0,1237.0,1105.0,304.0,388.0,509.0,580.0,609.0,653.0,735.0,715.0,657.0,555.0,604.0,519.0,498.0,507.0,525.0,564.0,642.0,616.0,1882.0,1632.0,569.0,740.0,940.0,1033.0,1060.0,1121.0,1208.0,1223.0,272.0,215.0,231.0,174.0,160.0,162.0,159.0,203.0,196.0,182.0,2288.0,2022.0,733.0,952.0,1156.0,1292.0,1325.0,1405.0,1464.0,1513.0,1640.0,1403.0,404.0,504.0,694.0,785.0,769.0,831.0,884.0,918.0,1640.0,1403.0,404.0,518.0,694.0,785.0,769.0,831.0,889.0,918.0,1995.0,1766.0,661.0,823.0,997.0,1108.0,1139.0,1228.0,1266.0,1306.0,2156.0,1942.0,711.0,897.0,1094.5,1195.0,1249.5,1324.5,1419.5,1417.5,"{""type"":""MultiPoint"",""coordinates"":[]}"
776_0,3,2045.5,1620.5,678.0,843.0,1095.0,1240.0,1298.5,1383.0,1445.0,1538.0,2292.5,1873.5,703.5,944.0,1189.0,1312.0,1381.5,1493.5,1577.0,1619.0,2577.5,2185.0,871.0,1134.5,1433.5,1560.0,1587.0,1663.5,1773.5,1828.5,2710.0,2252.5,920.5,1205.0,1495.5,1647.0,1691.0,1817.0,1847.5,1878.5,598.0,458.0,749.0,979.0,979.0,1217.0,1053.0,1128.0,1114.0,958.0,552.0,458.0,749.0,979.0,979.0,1217.0,1053.0,1128.0,1114.0,958.0,535.0,396.0,523.0,801.0,748.0,1026.0,1041.0,1122.0,1043.0,991.0,841.0,684.0,587.0,925.0,690.0,1198.0,1428.0,1576.0,1458.0,1423.0,1789.0,902.0,444.0,853.0,476.0,1224.0,3428.0,3947.0,3801.0,3856.0,1942.5,1000.5,290.0,717.5,360.5,1246.0,3466.0,4437.5,4392.0,4590.0,1708.5,843.5,176.5,494.0,251.5,922.0,3180.5,4163.0,4245.5,4443.5,2228.0,1800.0,706.0,927.0,1141.0,1344.0,1383.0,1453.0,1552.0,1633.0,1617.0,793.0,193.0,494.0,264.0,824.0,3059.0,4023.0,3985.0,4206.0,1617.0,786.0,121.0,525.0,229.0,971.0,3380.0,4440.0,4472.0,4603.0,1645.0,825.0,299.0,795.0,447.0,1368.0,3746.0,4843.0,4883.0,5071.0,1857.0,936.0,468.0,969.0,669.0,1748.0,3780.0,4634.0,4744.0,4906.0,1954.0,1099.0,492.0,988.0,886.0,1902.0,3487.0,3999.0,4292.0,4489.0,2381.5,1397.5,570.5,1107.5,1131.5,2174.5,3391.5,3906.5,3996.0,4172.0,2768.5,1662.5,840.5,1332.0,1514.0,2504.0,3510.5,3952.5,4088.0,4318.5,4028.0,2776.0,1132.0,1614.0,2169.0,2943.5,3494.0,3808.0,4042.0,4320.5,3703.0,2709.0,1193.0,1608.0,2216.0,2692.0,2979.0,3211.0,3399.0,3638.0,3659.0,2582.0,1095.0,1537.0,2258.5,2853.0,2947.5,3266.0,3292.0,3595.0,2144.0,1683.0,801.0,889.0,1081.0,1197.0,1276.0,1331.0,1417.0,1505.0,3274.0,2403.0,939.0,1302.0,1845.5,2296.0,2329.0,2606.0,2713.5,2914.5,3100.0,2282.0,913.5,1197.0,1623.0,1944.5,2095.5,2214.0,2351.0,2579.0,2888.5,2174.0,718.5,927.5,1256.0,1472.0,1552.0,1687.0,1850.5,1944.5,2848.0,2262.0,767.5,955.0,1262.5,1434.0,1553.0,1670.0,1856.0,1928.0,1846.0,1250.0,482.0,626.0,888.0,991.0,1046.0,1144.0,1248.0,1246.0,0.0,0.0,0.0,0.0,0.0,0.0,0.0,0.0,0.0,0.0,1971.0,1579.0,698.0,854.5,1050.0,1165.0,1212.0,1296.5,1346.5,1397.0,2072.0,1731.0,689.0,792.0,978.0,1080.0,1076.0,1164.0,1272.0,1286.0,2416.0,2046.0,767.0,964.0,1208.0,1330.0,1352.0,1424.0,1518.0,1616.0,2386.0,2176.0,1014.0,1176.0,1364.0,1480.0,1527.0,1661.0,1891.0,1779.0,2092.0,1699.5,673.5,806.0,992.0,1134.5,1141.0,1230.5,1300.0,1337.0,2441.0,2011.0,861.0,987.0,1185.0,1331.0,1459.0,1562.0,1626.0,1646.0,2396.0,1916.0,841.5,1037.5,1188.5,1370.5,1640.0,1746.5,1851.0,1888.5,"{""type"":""MultiPoint"",""coordinates"":[]}"
777_0,3,3014.0,2366.0,934.5,1053.0,1348.5,1557.0,1638.0,1786.0,1948.5,2025.0,2065.0,1893.0,626.0,874.0,1156.0,1279.0,1292.0,1395.0,1504.0,1495.0,2297.0,2185.0,785.0,1024.0,1334.0,1484.0,1528.0,1591.0,1683.0,1714.0,1094.5,1050.5,471.0,632.5,776.0,858.5,805.5,872.5,895.0,849.0,473.0,434.0,756.0,861.0,894.0,1035.0,857.0,889.0,890.0,766.0,473.0,395.0,435.0,668.0,651.0,890.0,857.0,942.0,941.0,861.0,708.0,526.0,384.0,587.0,522.0,832.0,1151.0,1221.0,1191.0,1167.0,1286.0,774.0,324.0,587.0,454.0,898.0,1875.0,2090.0,2165.0,2146.0,1139.0,609.0,164.0,417.0,233.0,718.0,1978.0,2443.0,2439.0,2394.0,1308.0,652.0,99.0,372.5,116.0,659.5,2459.5,3313.0,3314.0,3285.5,1274.0,600.5,44.5,257.5,64.0,454.5,2509.5,3646.5,3704.0,3711.5,3260.5,2720.0,1461.0,1594.0,1853.0,2029.0,2031.5,2146.0,2318.0,2302.5,1257.0,586.0,38.5,243.5,52.5,462.0,2532.0,3972.0,4022.5,4087.5,1117.0,532.0,61.0,304.5,71.5,601.5,2684.5,3997.5,4097.5,4177.5,1182.0,549.0,446.0,744.0,499.0,1099.0,2984.0,4040.0,4145.0,4181.0,1263.0,659.0,590.0,970.0,734.0,1524.0,3082.0,3694.0,3902.0,3910.0,1270.0,678.0,482.0,903.0,734.0,1556.0,2841.0,3315.0,3512.0,3589.0,1573.0,902.0,448.0,931.0,951.0,1798.0,2781.0,3157.0,3346.0,3502.0,4227.5,2954.0,1179.0,1693.5,2346.0,2909.0,3213.0,3552.0,3841.0,4002.5,4294.5,3121.5,1229.0,1715.0,2431.0,2829.0,3072.0,3324.0,3647.5,3751.5,3556.0,2825.0,1063.0,1507.0,2050.0,2332.0,2531.0,2737.0,3075.0,3060.0,3477.0,2434.5,1003.0,1377.0,1999.5,2315.0,2449.0,2643.5,2851.0,3027.5,3174.0,2502.0,784.0,967.0,1351.0,1513.0,1576.0,1701.0,1973.0,1977.0,3654.5,2806.5,947.0,1281.5,1740.5,2015.0,2193.5,2371.0,2533.0,2663.5,4816.0,4096.0,2610.5,2827.5,3157.5,3475.0,3578.5,3697.5,3880.5,3961.5,3270.0,2721.5,913.5,1061.5,1327.0,1567.5,1727.0,1866.0,2002.0,2068.5,3108.0,2569.0,868.5,1022.5,1245.0,1488.0,1667.0,1800.0,1920.0,1972.0,2220.0,1684.0,536.0,737.0,970.5,1174.0,1318.0,1447.5,1634.0,1650.0,0.0,0.0,0.0,0.0,0.0,0.0,0.0,0.0,0.0,0.0,3494.0,2800.0,913.0,1250.0,1706.0,1906.0,1956.0,2042.0,2244.0,2360.0,2783.0,2143.0,1005.0,1254.0,1706.0,1879.0,1956.0,2150.0,2244.0,2409.0,3396.0,2812.0,1029.0,1348.0,1716.0,1879.0,2026.0,2140.0,2334.0,2421.0,2689.0,2308.5,838.5,1011.5,1348.5,1497.0,1514.5,1613.5,1810.0,1788.5,1846.0,1643.0,564.0,703.0,1008.0,1089.0,1068.0,1086.0,1252.0,1261.0,1807.0,1672.0,515.5,693.0,966.0,1067.0,1064.5,1114.0,1214.5,1215.5,1882.5,1744.0,571.0,770.5,1038.5,1150.5,1161.5,1241.0,1321.0,1313.0,"{""type"":""MultiPoint"",""coordinates"":[]}"
778_0,3,1651.5,1379.0,421.5,546.5,736.5,900.5,966.0,1029.0,1074.0,1190.0,2138.5,1829.0,931.5,1172.0,1363.5,1504.5,1572.5,1628.0,1712.5,1722.5,2226.5,1919.5,835.0,1074.5,1296.0,1432.0,1490.5,1550.0,1617.0,1663.0,1976.5,1740.0,863.0,1095.0,1293.0,1412.5,1479.5,1546.5,1581.0,1608.5,906.5,759.5,646.5,867.5,909.5,1082.5,1056.0,1147.0,1060.0,1074.5,922.0,759.5,793.5,965.5,1031.0,1260.5,1255.5,1321.5,1273.0,1235.5,933.0,709.0,559.5,793.5,751.0,1164.0,1266.0,1407.0,1272.0,1274.5,1180.0,818.0,449.5,724.0,571.0,1128.5,1809.0,1892.5,1900.5,1739.5,1453.5,861.5,332.0,597.5,491.5,1052.5,2718.5,3301.0,3556.5,3432.0,1777.0,1036.0,371.5,751.5,596.0,1330.0,2956.0,3633.0,3882.5,3917.0,1942.5,1127.0,403.5,776.5,635.0,1344.5,2975.0,3599.0,3817.0,3906.5,1903.5,1620.0,518.0,684.0,892.0,1033.0,1110.0,1197.5,1247.0,1307.5,2035.5,1204.5,431.5,767.5,701.0,1341.5,2765.0,3412.0,3549.0,3725.0,1960.0,1164.0,414.0,728.0,643.5,1344.5,2714.0,3452.5,3521.5,3682.5,2004.5,1160.0,473.5,841.5,729.0,1451.5,2804.0,3509.0,3521.0,3599.5,2110.0,1219.0,620.5,992.0,865.5,1670.0,2929.5,3303.5,3613.5,3613.5,2259.5,1409.0,605.0,1071.0,964.5,1700.0,2770.5,3143.5,3495.5,3486.0,2421.0,1601.0,639.0,1070.0,1147.0,1731.0,2597.0,2865.0,3133.0,3357.0,2947.5,1934.0,895.0,1268.0,1512.5,1968.5,2485.5,2739.5,3030.0,3174.5,3357.0,2333.5,911.5,1299.5,1755.0,2103.5,2443.0,2693.5,2986.0,3124.5,3151.0,2256.5,903.0,1316.0,1823.0,2070.0,2380.5,2685.0,2954.0,3050.5,2201.5,1727.0,674.5,928.5,1291.0,1624.0,1780.0,1831.5,1908.0,1973.5,1781.5,1473.0,397.5,581.0,796.5,944.0,1016.0,1104.0,1159.0,1200.5,2241.5,1740.0,722.0,974.0,1329.0,1510.0,1674.0,1773.0,1875.0,1978.5,2128.5,1671.5,805.0,1014.0,1294.0,1454.0,1586.5,1714.5,1790.0,1905.5,1964.5,1533.5,620.0,812.5,1064.0,1188.5,1233.0,1343.0,1485.5,1469.0,1963.0,1513.0,640.5,850.0,1108.5,1252.5,1305.5,1389.0,1524.0,1510.5,1598.0,1311.0,501.5,613.5,809.0,935.0,1021.0,1055.5,1185.5,1185.0,0.0,0.0,0.0,0.0,0.0,0.0,0.0,0.0,0.0,0.0,1706.0,1331.5,439.5,598.5,775.0,963.5,944.5,1030.5,1118.0,1210.0,1795.0,1509.0,564.5,686.0,846.5,985.0,1069.0,1167.5,1209.0,1274.0,2186.5,1814.0,667.5,884.0,1073.5,1243.5,1371.5,1550.5,1570.0,1625.0,2128.5,1749.5,685.0,824.5,1040.0,1212.0,1355.0,1436.0,1537.5,1583.5,1917.0,1550.0,518.5,641.5,818.5,999.5,1127.0,1195.5,1243.0,1292.5,1849.0,1567.0,589.0,766.0,942.0,1084.0,1194.0,1265.5,1305.0,1332.0,1966.5,1715.5,631.5,804.5,978.0,1160.5,1198.0,1274.0,1348.0,1378.0,"{""type"":""MultiPoint"",""coordinates"":[]}"
779_0,3,2309.0,1892.5,707.5,859.5,1153.5,1332.0,1327.0,1413.5,1569.5,1622.5,2179.0,1887.0,723.5,927.5,1193.0,1313.5,1350.5,1428.5,1553.0,1562.0,2401.0,2086.0,842.5,1072.5,1380.5,1509.5,1539.5,1618.5,1717.0,1720.0,2524.0,2206.0,880.5,1142.5,1466.0,1602.5,1651.0,1747.5,1827.0,1843.5,1091.0,1015.0,854.0,1173.0,1341.0,1424.0,1493.0,1533.0,1392.0,1452.0,329.0,277.0,580.0,773.0,834.0,942.0,864.0,987.0,909.0,754.0,624.0,429.0,461.0,691.0,649.0,939.0,1175.0,1245.0,1068.0,1075.0,1063.0,810.0,461.0,691.0,454.0,980.0,1669.0,1848.0,1767.0,1687.0,1903.0,925.0,350.0,703.0,309.0,980.0,3405.0,4152.0,4270.0,4325.0,1981.5,975.5,263.5,604.5,286.0,962.0,3595.5,4961.5,4982.0,5125.5,1756.0,818.5,127.5,363.5,178.5,671.0,3209.0,5000.0,5172.5,5262.0,2534.0,2124.0,795.0,960.0,1261.0,1437.0,1445.0,1547.0,1616.0,1727.0,1685.0,782.0,178.0,367.0,182.0,634.0,3061.0,4950.0,5095.0,5287.0,1579.0,727.0,94.0,335.0,166.0,636.0,3171.0,4981.0,5203.0,5344.0,1579.0,727.0,230.0,620.0,341.0,1113.0,3361.0,4875.0,5134.0,5344.0,1802.0,865.0,442.0,872.0,581.0,1566.0,3860.0,4899.0,5194.0,5275.0,1943.0,1039.5,489.0,1000.0,731.0,1770.5,3857.5,4732.5,5138.0,5171.0,2598.5,1506.0,682.5,1373.0,1337.0,2483.0,4141.0,4764.5,5233.0,5262.5,3524.0,2243.0,1133.5,1755.5,2180.5,3172.5,4135.0,4610.5,5005.0,5261.5,4590.5,3171.5,1338.0,1870.0,2669.5,3386.0,3806.5,4228.5,4554.0,4698.5,4019.5,2867.5,1348.5,1878.5,2689.5,3154.5,3376.5,3606.5,3951.5,4047.0,4000.0,2751.0,1346.0,1807.0,2651.0,3180.0,3303.0,3762.0,3663.0,3822.0,2534.0,2106.5,738.5,941.0,1249.5,1380.0,1424.5,1510.0,1673.0,1694.0,3923.0,2760.0,1280.5,1731.0,2409.0,2891.5,3115.5,3201.5,3310.0,3652.5,3592.0,2561.5,1208.0,1537.0,2100.5,2595.5,2636.5,2839.0,2930.5,3115.5,3233.0,2556.5,891.0,1112.0,1467.5,1792.5,1850.5,1983.0,2063.5,2230.5,3270.0,2584.5,888.5,1080.0,1415.5,1714.0,1764.0,1969.5,1944.0,2079.5,2023.0,1492.0,617.0,825.0,1141.0,1283.0,1302.0,1379.0,1575.0,1507.0,0.0,0.0,0.0,0.0,0.0,0.0,0.0,0.0,0.0,0.0,2328.0,1991.0,684.0,869.0,1117.0,1214.0,1237.0,1310.0,1442.0,1480.0,2120.0,1782.0,718.0,826.0,1058.0,1161.0,1163.0,1205.0,1304.0,1327.0,2480.5,2091.5,785.0,965.0,1221.5,1341.0,1350.0,1412.5,1563.5,1564.0,2552.0,2135.0,763.0,873.0,1150.0,1275.0,1242.0,1276.0,1399.0,1444.0,2587.5,2144.5,835.5,950.0,1199.5,1322.0,1321.0,1376.5,1513.5,1545.5,2603.0,2263.0,857.0,1025.0,1249.0,1369.0,1423.0,1543.0,1641.0,1656.0,2251.0,1927.0,723.0,920.0,1204.0,1343.0,1369.0,1453.0,1553.0,1586.0,"{""type"":""MultiPoint"",""coordinates"":[]}"
780_0,3,1767.0,1463.5,609.5,756.0,982.0,1080.0,1140.0,1193.5,1300.5,1311.0,2391.0,2056.0,941.0,1225.5,1479.5,1616.0,1653.0,1711.5,1829.5,1803.0,2425.5,2106.5,959.0,1237.5,1475.5,1618.0,1646.5,1746.5,1811.0,1810.0,2415.0,2124.0,989.0,1251.5,1482.0,1620.0,1642.0,1749.5,1801.0,1797.5,292.0,258.0,970.0,1204.0,1262.0,1378.0,1087.0,1133.0,1148.0,982.0,292.0,258.0,880.0,1184.0,1230.0,1378.0,1087.0,1158.0,1176.0,1037.0,639.0,458.0,741.0,1143.0,1018.0,1538.0,1574.0,1700.0,1699.0,1577.0,1243.0,887.0,602.0,978.0,767.0,1534.0,2168.0,2411.0,2309.0,2161.0,1029.0,699.0,482.0,791.0,728.0,1312.0,1902.0,2149.0,2062.0,2019.0,1083.5,672.5,269.5,557.0,366.0,971.5,2074.5,2443.5,2346.0,2303.5,1345.0,694.5,178.5,468.0,250.5,869.5,2432.0,3170.0,3137.5,3202.0,1929.0,1641.0,690.0,866.0,1086.0,1237.0,1229.0,1317.0,1372.0,1407.0,1478.0,735.0,199.0,430.0,278.0,853.0,2543.0,3290.0,3334.0,3535.0,1398.0,663.0,120.0,376.0,192.0,716.0,2672.0,3560.0,3727.0,3758.0,1386.0,663.0,120.0,410.0,159.0,718.0,2936.0,4017.0,4015.0,4169.0,1749.0,855.0,389.0,790.0,411.0,1240.0,3567.0,4525.0,4627.0,4719.0,1779.0,942.0,405.0,913.0,526.0,1477.0,3461.0,4271.0,4547.0,4469.0,1862.5,1010.0,417.5,959.5,558.5,1627.5,3332.5,3730.5,3899.5,4060.5,2171.5,1208.5,898.5,1516.5,1356.0,2303.5,3417.0,3735.0,3926.5,4085.5,2670.0,1653.5,929.0,1537.5,1699.0,2709.5,3401.0,3666.5,3969.5,4013.5,3895.5,2668.5,1228.0,1756.5,2421.0,2859.5,3082.0,3361.0,3884.5,3759.0,3551.0,2445.0,1244.0,1678.0,2371.0,2769.0,2837.0,3131.0,3221.0,3316.0,1820.0,1521.0,506.0,714.0,979.0,1090.0,1147.0,1204.0,1319.0,1293.0,3604.0,2568.0,1015.0,1381.0,1981.0,2309.0,2439.0,2613.0,2859.0,2977.0,3600.5,2689.0,1053.0,1381.5,1914.5,2194.0,2318.0,2499.5,2714.0,2784.5,2878.5,2314.0,732.5,917.0,1247.0,1461.0,1573.5,1661.0,1796.0,1853.5,2548.0,2079.0,692.0,838.0,1099.0,1304.0,1398.0,1477.0,1543.0,1626.0,2253.0,1571.0,538.0,702.0,959.0,1087.0,1200.0,1293.0,1448.0,1476.0,0.0,0.0,0.0,0.0,0.0,0.0,0.0,0.0,0.0,0.0,1711.0,1387.0,550.0,761.0,941.0,1049.0,1098.0,1136.0,1256.0,1234.0,2005.0,1662.0,722.0,904.0,1067.0,1160.0,1193.0,1290.0,1386.0,1360.0,2415.0,2023.0,854.0,1103.0,1334.0,1455.0,1517.0,1575.0,1696.0,1704.0,1984.0,1657.0,1014.0,1045.0,1129.0,1213.0,1207.0,1259.0,1316.0,1340.0,1933.0,1657.0,611.0,760.0,997.0,1094.0,1113.0,1190.0,1286.0,1301.0,2056.0,1733.0,756.0,896.0,1109.0,1215.0,1229.0,1325.0,1435.0,1401.0,2183.5,1856.5,819.5,1026.0,1243.5,1351.0,1400.5,1480.0,1573.0,1559.5,"{""type"":""MultiPoint"",""coordinates"":[]}"
781_0,3,3256.5,2746.0,911.0,1114.0,1459.0,1614.0,1687.5,1798.5,1970.0,2016.0,3224.0,3042.0,669.0,798.0,1006.0,1073.0,1150.0,1213.0,1325.0,1437.0,3329.0,3099.0,742.0,846.0,1073.0,1125.0,1138.0,1278.0,1385.0,1457.0,4473.0,3970.0,3601.0,3431.0,3404.0,3627.0,3907.0,4123.0,4400.0,4228.0,3454.5,3130.5,2151.5,2094.5,2165.0,2326.0,2526.0,2676.0,2797.0,2819.5,3757.0,3404.0,961.0,1114.0,1358.0,1505.0,1580.0,1659.0,1795.0,1902.0,3846.0,3456.0,997.0,1182.0,1414.0,1600.0,1997.0,2211.0,2400.0,2444.0,3846.0,3456.0,997.0,1182.0,1414.0,1597.0,1967.0,2208.0,2325.0,2435.0,3725.0,3275.0,977.0,1135.0,1316.0,1546.0,2008.0,2208.0,2325.0,2493.0,3670.0,3250.0,984.0,1154.0,1310.0,1560.0,2102.0,2357.0,2409.0,2600.0,3702.0,3250.0,1006.0,1168.0,1360.0,1605.0,2118.0,2227.0,2305.0,2505.0,3551.0,3075.0,1010.0,1196.0,1553.0,1716.0,1820.0,1911.0,2094.0,2114.0,3870.5,3631.5,1040.0,1188.0,1388.5,1583.5,1772.0,1962.5,2059.5,2163.5,3864.0,3527.0,917.0,1070.0,1257.0,1456.0,1695.0,1905.0,1990.0,2068.0,3689.0,3224.0,917.0,1093.0,1242.0,1498.0,1937.0,2130.0,2226.0,2339.0,3090.0,2485.0,880.0,1073.0,969.0,1453.0,2463.0,2690.0,2868.0,2910.0,2828.0,2233.0,648.0,840.0,753.0,1250.0,2793.0,3123.0,3343.0,3185.0,2821.0,2173.5,617.0,839.5,755.5,1268.5,2694.5,2993.0,3173.0,3159.5,3352.0,2553.0,1383.5,1512.5,1473.5,1863.0,2770.0,2993.0,3274.5,3188.5,2837.0,2152.0,642.0,897.0,832.0,1345.0,2530.0,2962.0,3103.0,3085.0,2782.0,2141.0,517.0,785.0,733.0,1276.0,2355.0,2661.0,2873.0,2926.0,2803.0,2260.0,517.0,785.0,728.0,1276.0,1814.0,1936.0,2101.0,2204.0,3059.5,2547.0,865.5,1079.5,1396.5,1564.0,1608.0,1720.5,1909.5,1952.0,3255.0,2642.0,861.0,1101.0,1376.0,1605.0,1814.0,1936.0,2101.0,2204.0,3255.0,2872.0,761.0,932.0,1157.0,1297.0,1483.0,1559.0,1704.0,1749.0,3141.0,2789.0,750.0,899.0,1090.0,1292.0,1491.0,1604.0,1765.0,1749.0,3149.0,2811.5,803.5,951.5,1126.5,1341.0,1612.0,1707.0,1914.5,1905.0,2389.0,1913.5,509.0,655.0,877.0,1015.0,1058.5,1188.5,1323.0,1366.0,1856.0,1162.0,563.0,725.0,973.0,1100.0,1128.0,1247.0,1424.0,1437.0,2591.5,2475.5,422.5,529.5,688.5,772.0,810.5,890.5,1001.0,1068.5,2819.5,2709.5,547.5,655.5,848.5,923.5,957.5,1081.5,1196.5,1249.0,2873.0,2852.0,485.0,588.0,795.0,844.0,886.0,1001.0,1147.0,1202.0,2873.0,2852.0,485.0,588.0,795.0,844.0,886.0,986.0,1147.0,1202.0,2769.5,2428.0,863.0,1018.0,1251.0,1364.5,1408.5,1508.5,1581.0,1678.0,3848.5,3422.5,1140.0,1355.5,1696.0,1840.5,1875.0,1998.5,2156.5,2216.5,3173.0,2955.0,543.0,666.0,889.0,961.0,983.0,1115.0,1206.0,1319.0,"{""type"":""MultiPoint"",""coordinates"":[]}"
782_0,3,1269.5,1080.0,521.5,615.5,757.5,837.0,869.5,923.0,962.0,982.5,1705.5,1477.5,683.5,828.0,1024.0,1118.5,1171.5,1239.5,1300.5,1295.5,789.5,744.0,518.0,700.5,801.0,907.0,785.5,796.5,850.5,755.0,260.5,236.5,421.5,637.0,672.0,743.0,566.5,604.0,580.5,489.5,221.0,177.0,373.0,601.0,554.0,774.0,646.0,701.0,632.0,556.0,360.0,298.0,378.0,694.0,520.0,922.0,953.0,1004.0,1009.0,843.0,1106.0,673.0,416.0,899.0,431.0,1398.0,2668.0,2871.0,2963.0,2436.0,1468.0,738.0,432.0,967.0,457.0,1457.0,3611.0,4407.0,4282.0,3874.0,1489.0,719.0,281.0,766.0,270.0,1283.0,4450.0,5341.0,5519.0,5175.0,1550.0,719.5,207.0,721.5,237.5,1278.0,4422.5,5297.0,5650.0,5476.5,1724.0,800.5,196.5,737.5,223.5,1255.0,4534.0,5546.5,5978.5,5838.5,1506.0,1267.0,616.0,748.0,922.0,1004.0,1027.0,1068.0,1151.0,1149.0,1943.0,921.0,228.0,801.0,249.0,1324.0,4412.0,5596.0,5797.0,5768.0,1844.0,906.0,228.0,775.0,275.0,1324.0,4127.0,5215.0,5440.0,5448.0,1842.0,875.0,255.0,775.0,335.0,1351.0,3955.0,4768.0,4889.0,5025.0,1886.0,944.0,417.0,917.0,489.0,1591.0,3791.0,4378.0,4702.0,4788.0,1907.5,976.5,448.0,1019.5,594.0,1699.5,3676.5,4230.5,4632.0,4564.0,2063.5,1066.5,484.0,1100.0,768.0,1891.5,3539.0,3987.5,4347.5,4380.5,2371.0,1356.0,1363.0,1527.0,1298.0,2305.0,3562.0,4003.0,4335.0,4394.0,4625.0,3003.0,1378.5,1917.0,2649.0,3288.5,3753.0,4067.0,4692.5,4704.5,4540.0,3008.5,1383.0,1928.5,2850.5,3216.5,3570.0,4015.5,4676.0,4546.5,3040.0,1951.0,1061.0,1413.0,2024.0,2124.0,2460.0,2397.0,2902.0,2961.0,1586.0,1201.0,661.0,820.0,987.0,1061.0,1080.0,1121.0,1199.0,1214.0,3128.0,2394.0,833.0,1140.0,1567.0,1995.0,2095.0,2297.0,2136.0,2341.0,2384.5,1907.0,703.0,878.5,1197.5,1314.0,1408.5,1533.0,1712.5,1721.0,2164.5,1813.0,523.0,673.0,926.5,1065.5,1137.0,1236.0,1325.0,1394.5,2289.0,1973.0,617.0,740.0,1003.0,1168.0,1231.0,1332.0,1432.0,1517.0,1843.0,1438.0,452.0,575.0,817.0,925.0,1021.0,1104.0,1236.0,1243.0,0.0,0.0,0.0,0.0,0.0,0.0,0.0,0.0,0.0,0.0,2070.0,1868.0,761.0,941.0,1090.0,1275.0,1312.0,1377.0,1482.0,1471.0,1847.0,1504.0,671.0,855.0,860.0,1119.0,1465.0,1557.0,1618.0,1622.0,1575.5,1318.5,482.0,618.0,713.5,902.0,1092.5,1154.5,1257.0,1255.0,1736.0,1473.0,634.0,747.0,849.0,1014.0,1217.0,1267.0,1381.0,1393.0,1230.5,1041.5,423.5,457.5,595.5,663.0,669.5,727.0,803.5,817.0,1637.0,1443.0,699.0,804.0,974.0,1059.0,1116.0,1186.0,1244.0,1251.0,1604.5,1390.5,671.5,815.5,990.0,1079.0,1105.5,1164.0,1234.0,1214.5,"{""type"":""MultiPoint"",""coordinates"":[]}"
783_0,3,1623.0,1347.0,576.0,701.5,927.5,998.0,1052.5,1096.5,1184.5,1221.0,2354.0,2080.5,981.5,1246.5,1487.5,1580.0,1609.5,1677.0,1792.5,1768.5,2320.5,2054.0,830.0,1099.5,1340.5,1447.5,1487.0,1559.0,1653.5,1660.5,2232.5,1993.5,815.5,1057.0,1285.0,1385.0,1414.0,1491.5,1565.0,1576.5,370.0,341.0,671.0,902.0,998.0,1118.0,913.0,969.0,890.0,836.0,403.0,370.0,936.0,1159.0,1208.0,1354.0,1068.0,1133.0,1176.0,991.0,308.0,219.0,609.0,886.0,970.0,1197.0,1014.0,1094.0,1065.0,935.0,433.0,290.0,609.0,884.0,874.0,1197.0,1193.0,1293.0,1128.0,1087.0,715.0,505.0,522.0,774.0,664.0,1074.0,1582.0,1762.0,1561.0,1518.0,802.5,494.5,237.5,478.0,302.5,853.0,1632.5,1909.5,1786.5,1655.0,1154.5,618.5,218.5,473.0,258.5,902.0,2375.0,2957.0,2954.0,2915.0,1845.5,1570.5,687.5,830.0,1062.5,1154.0,1195.0,1242.0,1333.5,1328.0,1379.0,762.0,223.0,460.0,324.0,853.0,2301.0,2985.0,3007.0,3085.0,1267.0,647.0,120.0,396.0,276.0,840.0,2232.0,2879.0,2913.0,2943.0,1234.0,622.0,120.0,381.0,227.0,771.0,2386.0,3116.0,3044.0,3095.0,1426.0,719.0,350.0,693.0,337.0,1083.0,2926.0,3539.0,3606.0,3617.0,1529.0,793.0,353.0,825.0,438.0,1392.0,3141.0,3670.0,3806.0,3840.0,1597.5,870.5,396.5,928.5,555.0,1622.0,3030.0,3351.0,3476.0,3566.0,1932.0,1043.0,773.0,1364.0,1288.0,2192.0,2987.0,3292.0,3482.0,3568.0,2223.5,1362.5,751.5,1379.5,1412.5,2366.0,3015.0,3306.5,3592.5,3652.5,3160.5,2156.0,1007.5,1514.0,1960.0,2556.5,2981.0,3237.5,3621.0,3667.0,2017.0,1319.0,787.0,1043.0,1587.0,1936.0,2124.0,2284.0,2414.0,2569.0,1689.0,1415.0,474.0,693.0,930.0,1017.0,1069.0,1126.0,1229.0,1203.0,3251.0,2463.0,905.0,1246.0,1767.0,2065.0,2179.0,2376.0,2584.0,2640.0,3300.5,2599.0,1059.5,1311.0,1767.5,2013.5,2124.0,2316.5,2524.5,2601.5,2936.5,2408.0,829.0,1041.5,1378.5,1562.5,1632.5,1796.5,1983.5,1995.0,2486.0,2027.0,798.0,954.0,1209.0,1421.0,1455.0,1623.0,1673.0,1756.0,1896.0,1572.0,465.0,614.0,812.0,927.0,975.0,1097.0,1190.0,1233.0,719.0,613.0,624.0,586.0,596.0,599.0,606.0,686.0,783.0,780.0,1627.0,1385.0,527.0,698.0,871.0,950.0,989.0,1016.0,1135.0,1108.0,707.0,586.0,366.0,334.0,360.0,398.0,395.0,440.0,495.0,453.0,2031.0,1770.0,662.0,872.0,1084.0,1183.0,1221.0,1290.0,1387.0,1375.0,1754.0,1492.0,824.0,1001.0,1081.0,1131.0,1117.0,1167.0,1404.0,1263.0,1754.0,1492.0,525.0,655.0,865.0,939.0,926.0,1015.0,1088.0,1064.0,1849.0,1600.0,684.0,786.0,990.0,1069.0,1088.0,1157.0,1250.0,1251.0,2042.5,1817.0,719.5,906.0,1117.0,1210.5,1260.0,1295.0,1425.0,1399.5,"{""type"":""MultiPoint"",""coordinates"":[]}"
784_0,3,2297.5,2228.5,738.5,884.0,1068.5,1161.0,1170.0,1305.0,1425.5,1416.5,3260.5,3150.0,1086.5,1357.5,1631.0,1783.5,1830.5,1926.5,2119.5,2123.0,3281.5,3221.5,1126.5,1376.5,1649.0,1820.5,1845.0,1943.0,2130.0,2155.5,3140.0,3100.5,1114.5,1322.5,1590.0,1742.0,1766.5,1841.0,2056.0,2038.0,3175.0,3100.5,1120.5,1322.5,1590.0,1776.5,1766.5,1918.0,2056.0,2055.5,3135.5,3117.0,1162.5,1353.0,1616.0,1732.0,1826.0,1903.0,2028.5,2065.0,3159.5,3101.5,1170.0,1366.5,1641.0,1794.5,1827.5,1908.5,2054.5,2088.5,3162.5,3102.0,1195.5,1412.5,1665.0,1793.5,1845.5,1927.0,2111.0,2116.0,3195.5,3154.0,1217.5,1436.0,1705.5,1797.0,1889.0,1993.0,2103.5,2149.0,3196.0,3157.5,1227.5,1436.0,1696.5,1799.5,1859.0,2008.0,2098.0,2134.0,3186.5,3043.0,1206.0,1436.0,1694.5,1804.0,1866.5,1964.5,2058.5,2114.0,2534.0,2373.0,886.5,1038.0,1254.0,1328.0,1431.0,1499.5,1552.5,1648.5,3165.5,3094.5,1223.0,1426.5,1671.0,1776.0,1811.0,1942.5,2061.0,2102.5,3097.5,3050.0,1162.5,1379.0,1633.5,1744.5,1785.0,1923.0,2021.5,2067.5,3120.5,3012.5,1215.0,1427.5,1648.0,1789.0,1867.0,1948.0,2054.5,2136.5,3045.5,3003.0,1213.5,1389.0,1615.5,1754.0,1843.0,1915.5,2025.0,2084.5,3037.0,3037.0,1173.5,1384.5,1615.5,1749.0,1811.0,1903.0,2019.0,2066.0,3029.5,2939.5,1170.0,1387.5,1622.0,1709.0,1777.5,1887.5,2013.0,1992.0,3016.0,2816.0,2253.5,2370.5,2370.0,2447.0,2442.5,2464.0,2530.5,2447.5,2957.0,2713.0,1104.5,1355.5,1574.0,1696.0,1824.5,1841.5,2045.5,2012.5,2843.0,2691.0,1046.5,1239.0,1475.0,1595.5,1677.5,1765.0,1888.5,1940.0,2624.5,2533.0,984.0,1120.0,1316.0,1440.0,1454.0,1606.0,1702.0,1742.0,2216.0,2067.0,663.0,824.5,1027.5,1096.0,1159.5,1272.5,1403.0,1392.5,2496.0,2374.5,827.5,964.0,1163.5,1331.5,1332.0,1498.5,1508.5,1565.0,2129.5,1980.5,1046.0,1102.5,1199.0,1307.0,1336.5,1453.0,1483.5,1522.0,2131.5,2069.0,1048.0,1104.5,1214.5,1349.0,1354.0,1413.5,1507.0,1527.5,2518.0,2501.5,834.0,997.5,1214.5,1364.0,1357.5,1418.0,1601.5,1605.5,2587.0,2414.5,1214.0,1315.0,1462.0,1619.0,1577.5,1673.5,1756.5,1797.5,0.0,0.0,0.0,0.0,0.0,0.0,0.0,0.0,0.0,0.0,2955.5,2817.5,989.0,1185.5,1437.0,1651.5,1637.5,1775.0,1872.5,1907.5,3122.0,3088.5,1064.0,1282.0,1537.0,1726.5,1731.0,1888.0,2006.0,2052.5,3044.5,3029.5,986.5,1243.0,1542.5,1692.5,1747.0,1839.5,2088.5,2054.5,3044.5,3029.5,986.5,1243.0,1542.5,1692.5,1747.0,1832.0,2088.5,2054.5,3152.0,3093.0,1043.0,1250.0,1517.5,1655.5,1670.5,1865.0,2000.5,2021.5,3186.0,3093.0,1043.0,1254.5,1546.0,1655.5,1739.0,1876.0,2044.5,2053.0,3259.0,3132.5,1091.0,1341.0,1604.5,1716.0,1807.0,1950.0,2091.0,2088.0,"{""type"":""MultiPoint"",""coordinates"":[]}"
785_0,3,1625.0,1351.0,570.5,682.0,888.5,1017.5,998.5,1068.5,1138.0,1183.0,2389.5,2101.5,1008.0,1278.0,1523.0,1626.0,1647.0,1704.0,1821.0,1787.5,2379.0,2112.5,899.5,1169.0,1394.0,1520.5,1552.5,1629.5,1703.5,1703.0,2470.0,2176.5,959.0,1242.5,1492.0,1610.5,1634.5,1716.0,1779.0,1811.5,274.0,277.0,760.0,1019.0,1026.0,1165.0,778.0,836.0,773.0,602.0,274.0,277.0,760.0,1019.0,1026.0,1165.0,778.0,836.0,773.0,634.0,307.0,262.0,591.0,902.0,906.0,1166.0,939.0,1015.0,871.0,778.0,494.0,376.0,538.0,801.0,669.0,1285.0,1223.0,1336.0,1250.0,1045.0,541.0,418.0,429.0,706.0,610.0,1204.0,1585.0,1744.0,1624.0,1490.0,629.0,420.5,330.0,546.0,434.5,989.0,1439.0,1670.0,1504.5,1384.5,1035.0,607.5,292.5,513.5,372.5,972.0,2167.0,2560.0,2429.0,2388.5,1870.0,1589.0,682.5,838.0,1048.5,1144.5,1167.5,1239.0,1307.5,1329.0,1321.0,706.0,280.0,558.0,371.0,995.0,2434.0,3044.0,3084.0,2979.0,1185.0,620.0,199.0,463.0,284.0,874.0,2371.0,2945.0,2837.0,2881.0,1194.0,604.0,199.0,463.0,258.0,845.0,2600.0,3249.0,3175.0,3272.0,1318.0,665.0,343.0,672.0,363.0,1099.0,2933.0,3504.0,3618.0,3572.0,1578.0,810.0,388.0,911.0,486.0,1498.0,3241.0,3754.0,3861.0,3891.0,1642.5,901.5,422.5,988.5,585.5,1672.5,3036.5,3405.0,3557.0,3552.0,1959.0,1060.0,744.0,1265.0,1212.0,2108.0,2867.0,3103.0,3328.0,3365.0,2239.5,1399.5,675.5,1229.5,1236.0,2127.0,2793.5,3023.0,3259.5,3354.5,2971.0,2039.5,882.5,1378.0,1701.0,2331.5,2742.5,2974.0,3308.0,3328.5,3053.0,2085.0,958.0,1321.0,1889.0,2286.0,2417.0,2649.0,2740.0,2922.0,1698.0,1434.0,475.0,682.0,888.0,1021.0,1030.0,1109.0,1173.0,1179.0,3335.0,2515.0,923.0,1337.0,1907.0,2277.0,2309.0,2525.0,2587.0,2755.0,3217.0,2400.5,897.0,1200.5,1656.0,1959.0,2081.0,2228.5,2399.5,2515.5,2876.5,2292.0,686.0,898.5,1236.0,1467.0,1563.5,1683.0,1827.5,1922.5,3032.0,2477.0,765.0,940.0,1256.0,1476.0,1574.0,1710.0,1827.0,1939.0,2481.0,1638.0,524.0,705.0,962.0,1110.0,1216.0,1331.0,1512.0,1543.0,1025.0,865.0,896.0,824.0,836.0,873.0,969.0,1033.0,1067.0,1054.0,1595.0,1364.0,500.0,664.0,844.0,949.0,944.0,1029.0,1079.0,1072.0,1778.0,1542.0,622.0,772.0,941.0,1021.0,1033.0,1110.0,1175.0,1186.0,2099.0,1864.0,714.0,923.0,1151.0,1265.0,1292.0,1375.0,1416.0,1417.0,2293.0,2060.0,908.0,1095.0,1293.0,1393.0,1474.0,1508.0,1624.0,1630.0,1761.0,1526.0,528.0,649.0,847.0,935.0,931.0,983.0,1055.0,1079.0,1873.0,1588.0,693.0,806.0,985.0,1078.0,1118.0,1162.0,1257.0,1291.0,2144.5,1904.5,805.0,1004.0,1206.0,1316.5,1344.0,1416.0,1510.0,1507.0,"{""type"":""MultiPoint"",""coordinates"":[]}"
786_0,3,1745.0,1433.0,611.5,746.0,974.5,1100.5,1107.5,1193.0,1277.5,1267.5,2131.5,1814.0,779.5,991.0,1199.5,1304.5,1354.0,1432.5,1507.5,1524.5,2196.0,1890.5,788.0,1034.0,1275.0,1414.5,1416.0,1520.5,1558.5,1570.5,2558.5,2212.0,1117.0,1405.5,1683.5,1817.0,1825.5,1915.5,1985.0,1956.5,2168.0,1900.0,952.0,1165.0,1405.0,1550.0,1538.0,1585.0,1659.0,1643.0,522.0,357.0,918.0,1128.0,1180.0,1352.0,1062.0,1106.0,1154.0,1060.0,512.0,355.0,723.0,1000.0,1020.0,1297.0,1275.0,1338.0,1341.0,1201.0,552.0,410.0,672.0,963.0,943.0,1297.0,1304.0,1402.0,1388.0,1236.0,692.0,555.0,670.0,937.0,887.0,1190.0,1488.0,1657.0,1655.0,1521.0,1448.0,785.0,294.5,648.0,371.5,1013.5,2645.5,3227.5,3159.0,3161.5,1699.5,831.0,156.0,447.0,165.5,769.0,3145.5,4304.0,4447.5,4434.0,1900.0,1578.0,689.0,862.0,1077.0,1174.0,1258.0,1276.0,1362.0,1416.0,1565.0,758.0,176.0,466.0,175.0,752.0,3225.0,4576.0,4598.0,4579.0,1524.0,751.0,115.0,450.0,188.0,824.0,3304.0,4595.0,4687.0,4698.0,1549.0,748.0,202.0,542.0,313.0,1013.0,3467.0,4595.0,4713.0,4838.0,1594.0,748.0,437.0,930.0,629.0,1702.0,3508.0,4278.0,4421.0,4540.0,1610.0,872.0,486.0,1031.0,761.5,1824.5,3289.0,3819.0,4137.0,4101.5,1875.0,1118.0,534.5,1077.5,1061.0,2060.5,3064.0,3458.0,3761.0,3816.0,2447.5,1470.0,977.5,1504.5,1701.5,2396.0,3090.5,3439.0,3769.0,3857.0,2782.0,1796.0,991.5,1544.0,1937.5,2711.5,3229.0,3556.5,3963.5,4012.0,3576.5,2465.5,1137.5,1606.5,2224.5,2788.0,3122.5,3418.5,3736.5,3790.5,3589.0,2527.0,1091.0,1622.0,2320.0,2764.0,2960.0,3116.0,3310.0,3558.0,1795.0,1493.0,510.0,719.0,957.0,1061.0,1103.0,1188.0,1289.0,1294.0,3589.0,2544.0,1091.0,1614.0,2287.0,2764.0,2850.0,3041.0,3240.0,3364.0,3256.0,2381.0,1085.5,1378.5,1913.5,2166.5,2335.0,2530.0,2713.5,2822.0,3005.5,2304.0,840.5,1065.5,1446.0,1642.0,1741.0,1860.5,2068.0,2148.5,3106.0,2443.0,889.0,1119.0,1472.0,1679.0,1769.0,1890.0,2102.0,2164.0,1686.0,1367.0,504.0,665.0,917.0,981.0,1083.0,1152.0,1257.0,1252.0,632.0,534.0,305.0,419.0,516.0,548.0,570.0,604.0,635.0,644.0,1500.0,1226.0,496.0,669.0,813.0,922.0,923.0,1016.0,1097.0,1071.0,991.0,844.0,363.0,388.0,468.0,536.0,597.0,639.0,578.0,691.0,2106.0,1827.0,753.0,941.0,1133.0,1273.0,1286.0,1359.0,1455.0,1453.0,2114.0,1757.0,969.0,1115.0,1284.0,1412.0,1494.0,1565.0,1678.0,1654.0,1710.0,1463.0,537.5,668.0,850.0,919.0,942.0,982.0,1061.0,1079.0,2097.5,1840.0,810.5,962.0,1136.0,1224.5,1261.5,1314.0,1419.5,1414.0,2141.5,1836.0,832.0,1008.5,1185.0,1282.0,1327.0,1391.0,1492.5,1476.5,"{""type"":""MultiPoint"",""coordinates"":[]}"
787_0,3,1290.5,1069.0,511.5,598.0,718.0,816.5,847.0,889.5,919.5,984.0,1831.5,1530.5,754.0,932.0,1085.0,1202.5,1298.0,1417.5,1447.0,1497.5,1053.5,873.5,611.0,811.5,912.5,1128.0,1054.5,1059.0,1016.0,1061.5,972.5,803.5,615.5,830.5,942.5,1139.5,1111.5,1156.0,1141.0,1128.5,1053.0,881.0,651.0,879.0,937.0,1231.0,1205.0,1316.0,1285.0,1247.0,1164.0,943.0,642.0,899.0,867.0,1250.0,1429.0,1462.0,1425.0,1430.0,1388.0,1016.0,610.0,959.0,762.0,1448.0,1994.0,2137.0,2100.0,2120.0,1580.0,1017.0,588.0,959.0,718.0,1450.0,2531.0,2828.0,2676.0,2686.0,1647.0,1038.0,541.0,915.0,682.0,1390.0,3053.0,3441.0,3390.0,3515.0,1651.5,969.5,378.5,806.5,481.0,1353.5,3432.5,4232.5,4049.5,4036.0,1742.5,1079.5,358.0,777.0,492.0,1315.5,3505.0,4261.5,4325.0,4461.0,1506.0,1278.0,605.0,740.0,873.0,971.0,1006.0,1057.0,1138.0,1142.0,1809.0,1077.0,394.0,812.0,526.0,1297.0,3429.0,4264.0,4229.0,4449.0,1897.0,1115.0,358.0,799.0,553.0,1401.0,3459.0,4014.0,4207.0,4300.0,1915.0,1089.0,390.0,798.0,590.0,1401.0,3479.0,4225.0,4353.0,4493.0,1941.0,1087.0,509.0,920.0,659.0,1584.0,3321.0,3883.0,4026.0,4097.0,1918.5,1134.0,515.5,980.5,720.0,1663.0,3014.0,3428.5,3546.5,3769.5,2074.5,1276.5,556.5,1010.5,876.5,1772.0,2924.5,3279.5,3443.5,3551.0,2358.0,1488.0,1124.0,1475.0,1364.0,1986.0,2915.0,3228.0,3443.0,3557.0,3513.5,2534.0,1163.5,1572.5,2074.0,2694.5,2982.5,3169.0,3423.5,3636.0,3399.0,2528.0,1135.5,1528.5,2114.0,2555.0,2824.0,2922.5,3219.5,3419.5,2518.0,1977.0,760.0,1023.0,1352.0,1639.0,1683.0,1920.0,1800.0,1879.0,1601.0,1230.0,652.0,808.0,956.0,1048.0,1061.0,1104.0,1181.0,1167.0,2518.0,2020.0,760.0,1023.0,1352.0,1639.0,1683.0,1857.0,1800.0,1879.0,2050.0,1696.5,647.0,766.0,982.0,1113.5,1233.5,1291.5,1305.5,1430.5,1944.0,1650.0,508.0,683.0,911.5,1062.0,1127.0,1176.5,1300.0,1364.5,2179.0,1912.0,696.0,855.0,1058.0,1248.0,1248.0,1325.0,1407.0,1475.0,1535.0,1345.0,418.0,530.0,710.0,855.0,944.0,954.0,1051.0,1093.0,0.0,0.0,0.0,0.0,0.0,0.0,0.0,0.0,0.0,0.0,2129.0,1870.0,761.0,1003.0,1138.0,1326.0,1352.0,1391.0,1484.0,1564.0,2077.0,1758.0,738.0,887.0,908.0,1168.0,1496.0,1576.0,1553.0,1532.0,1776.5,1527.5,576.0,735.5,867.0,1009.0,1282.0,1262.0,1315.5,1427.5,1817.0,1648.0,712.0,851.0,987.0,1083.0,1377.0,1343.0,1432.0,1514.0,1291.0,1050.0,491.0,453.5,536.0,663.0,782.0,815.5,869.0,987.0,1698.0,1453.0,698.5,834.0,947.0,1092.0,1192.5,1239.0,1290.5,1302.0,1724.0,1436.0,686.5,857.0,985.5,1106.0,1178.0,1291.5,1346.0,1339.5,"{""type"":""MultiPoint"",""coordinates"":[]}"
788_0,3,1324.0,1136.0,635.5,667.0,723.5,825.5,932.0,1007.5,1049.5,1058.0,2525.0,2376.0,917.0,1172.0,1495.0,1593.0,1634.0,1714.0,1788.0,1813.0,2476.0,2379.0,899.0,1100.0,1390.0,1527.0,1560.0,1614.0,1707.0,1747.0,670.0,640.5,626.0,786.0,919.0,1030.0,858.5,907.0,818.0,849.5,419.5,400.0,542.5,684.5,665.5,772.0,627.5,704.0,601.0,565.0,377.0,288.0,336.0,586.0,422.0,758.5,744.5,793.5,752.0,619.5,715.0,476.0,302.0,573.0,382.0,817.0,1138.0,1265.0,1228.0,1141.0,1067.0,666.0,277.0,550.0,341.0,890.0,1731.0,1970.0,1810.0,1806.0,1208.0,661.0,140.0,370.0,132.0,630.0,2127.0,2601.0,2600.0,2539.0,1380.5,664.5,70.0,301.0,62.0,559.5,2625.5,3858.5,3863.0,3975.0,1320.0,637.0,69.0,272.0,54.5,528.0,2678.5,4140.0,4183.0,4254.5,1688.0,1458.5,736.5,762.0,812.0,961.5,1187.5,1278.0,1400.0,1393.5,1372.5,658.5,65.0,272.5,56.5,543.5,2791.0,4392.0,4419.5,4610.5,1423.5,667.5,189.0,603.5,220.0,1071.5,3239.0,4462.5,4591.0,4696.5,1502.0,744.0,521.0,905.0,652.0,1377.0,3354.0,4258.0,4299.0,4535.0,1623.0,901.0,723.0,1116.0,1001.0,1773.0,3173.0,3695.0,3839.0,3948.0,1735.0,982.0,619.0,1089.0,1001.0,1773.0,2818.0,3254.0,3528.0,3540.0,2157.0,1317.0,669.0,1130.0,1301.0,2099.0,2818.0,3126.0,3280.0,3497.0,4302.0,3104.5,1208.0,1631.0,2232.0,2644.0,2969.5,3225.5,3499.5,3631.5,4422.0,3304.0,1192.0,1643.0,2429.0,2822.0,3054.0,3260.0,3526.0,3521.0,4004.0,3114.0,1241.0,1647.0,2319.0,2648.0,2872.0,3055.0,3383.0,3400.0,3928.0,3019.5,1110.5,1481.0,2089.0,2441.5,2590.5,2826.0,3019.5,3160.5,1522.0,1264.0,321.0,533.0,677.0,911.0,1099.0,1190.0,1309.0,1312.0,3732.0,3064.0,934.0,1228.0,1651.0,1909.0,2018.0,2229.0,2311.0,2485.0,2945.0,2519.0,1095.0,1193.0,1368.0,1528.0,1675.0,1769.0,1984.0,1944.0,2665.5,2289.0,669.5,808.5,964.5,1205.0,1451.0,1570.5,1760.5,1803.5,2759.5,2502.5,697.0,855.0,986.5,1212.5,1491.5,1592.0,1731.0,1796.0,1881.0,1408.5,344.0,543.5,654.0,955.0,1362.0,1508.5,1661.5,1660.0,0.0,0.0,0.0,0.0,0.0,0.0,0.0,0.0,0.0,0.0,1470.0,1136.0,263.0,490.0,546.0,915.0,1285.0,1321.0,1447.0,1503.0,1768.0,1386.0,354.0,570.0,614.0,997.0,1483.0,1527.0,1583.0,1614.0,1708.5,1314.0,388.5,675.5,691.5,1096.0,1648.5,1746.5,1890.0,1911.5,1776.0,1425.5,508.5,685.5,789.5,1076.5,1434.0,1534.5,1656.0,1658.5,1842.0,1581.0,493.0,654.0,839.0,1033.0,1138.0,1197.0,1306.0,1331.0,2191.0,2048.5,680.5,839.0,1095.0,1252.5,1313.0,1392.5,1487.0,1514.0,2359.0,2288.0,750.0,981.0,1261.5,1394.0,1439.5,1534.5,1643.5,1620.0,"{""type"":""MultiPoint"",""coordinates"":[]}"
789_0,3,1938.0,1586.5,683.0,819.0,1041.0,1215.5,1236.5,1307.5,1348.5,1427.0,2483.0,2113.0,945.0,1191.5,1476.0,1625.0,1682.0,1731.0,1834.5,1855.0,2558.0,2212.5,915.5,1142.0,1456.5,1577.0,1587.5,1666.5,1760.0,1812.5,618.0,519.0,674.5,864.0,895.0,1069.0,891.5,967.5,962.5,887.0,348.5,283.0,464.5,613.5,658.5,781.5,665.5,729.5,683.0,638.0,401.0,342.0,519.5,722.0,703.0,922.5,856.0,937.5,939.0,838.5,767.0,606.0,453.0,770.0,543.0,1068.5,1367.5,1516.0,1413.5,1369.0,1532.0,851.5,368.0,754.0,389.5,1073.0,2949.5,3542.5,3483.0,3416.0,1756.0,898.0,266.5,623.5,321.5,1013.5,3325.0,4411.0,4487.0,4562.0,1820.5,951.0,221.5,551.5,323.5,964.0,3129.5,4267.5,4408.5,4575.0,1812.0,917.0,166.0,409.0,258.0,717.5,2909.5,4398.0,4546.0,4715.5,2211.0,1868.5,729.0,928.5,1155.0,1319.5,1420.0,1410.0,1474.5,1561.5,1829.5,922.0,220.5,478.0,301.0,826.0,3068.0,4577.0,4782.5,4919.5,1737.0,884.5,248.5,668.5,406.5,1152.0,3400.5,4722.5,4971.5,5074.0,1827.5,961.5,418.5,847.5,570.0,1384.0,3525.0,4625.5,4875.0,5043.0,2028.5,1137.5,630.0,1076.5,926.0,1812.5,3469.0,4237.5,4533.0,4719.0,2500.5,1463.0,784.0,1330.0,1408.0,2318.5,3553.0,4199.0,4643.5,4751.5,3588.0,2302.0,1203.0,1821.0,2539.0,3352.0,3888.0,4328.0,4786.0,4924.0,4317.0,3028.0,1395.5,1895.5,2721.5,3324.0,3679.0,4062.5,4450.5,4670.0,4322.0,3012.0,1325.5,1816.5,2681.5,3143.5,3406.0,3683.5,4126.5,4213.0,3473.0,2641.0,1155.5,1501.5,2116.0,2394.5,2627.0,2823.5,3148.5,3157.0,2247.0,1726.5,785.5,1063.5,1478.5,1768.5,1791.0,1895.5,1942.0,2046.5,2062.0,1709.5,622.0,806.5,1052.5,1223.0,1195.5,1342.0,1367.0,1475.5,2556.0,1991.5,903.5,1180.0,1593.0,1905.0,1899.0,2032.0,2069.5,2172.5,2455.5,1916.5,997.0,1201.0,1551.0,1800.5,1830.5,1927.0,1997.0,2101.0,2270.0,1840.5,749.5,948.5,1204.5,1379.0,1436.0,1531.0,1602.0,1675.5,1755.5,1456.0,571.0,683.0,896.5,1013.0,1074.5,1134.0,1202.5,1216.5,1276.0,1108.5,378.0,455.5,639.5,675.0,742.5,786.0,873.5,860.5,0.0,0.0,0.0,0.0,0.0,0.0,0.0,0.0,0.0,0.0,2208.0,1882.5,653.0,847.0,1092.5,1234.0,1237.0,1363.0,1413.5,1453.0,3396.5,3228.0,1405.5,1677.0,1989.0,2270.0,2562.5,2753.0,2298.0,2959.0,2258.5,1884.5,765.5,936.0,1164.5,1309.0,1356.0,1414.5,1524.5,1541.5,2275.0,1902.0,761.5,879.0,1075.5,1240.5,1345.5,1412.5,1457.0,1535.0,2275.0,1902.0,761.5,879.0,1075.5,1240.5,1345.5,1412.5,1457.0,1535.0,2121.0,1801.0,701.0,869.5,1044.5,1190.5,1287.0,1365.5,1460.5,1485.5,2202.5,1933.0,732.0,903.5,1131.5,1238.5,1314.0,1369.5,1492.5,1504.5,"{""type"":""MultiPoint"",""coordinates"":[]}"
790_0,3,1656.0,1345.5,515.0,643.5,871.0,980.0,990.0,1071.0,1154.0,1177.5,2262.5,1971.0,879.5,1135.5,1360.0,1478.0,1516.5,1583.0,1674.5,1676.5,2264.0,1991.0,895.0,1134.5,1353.0,1466.0,1501.0,1575.0,1636.5,1664.5,2341.0,2017.5,964.5,1213.0,1442.0,1553.0,1589.5,1651.0,1729.0,1736.5,310.0,282.0,724.0,1105.0,1076.0,1295.0,989.0,1068.0,918.0,790.0,310.0,282.0,1130.0,1435.0,1454.0,1502.0,1178.0,1255.0,1226.0,1119.0,396.0,270.0,691.0,1010.0,929.0,1338.0,1178.0,1255.0,1226.0,1119.0,721.0,539.0,575.0,910.0,777.0,1389.0,1623.0,1751.0,1611.0,1545.0,909.0,607.0,458.0,750.0,568.0,1167.0,1903.0,2156.0,1952.0,1902.0,1097.0,641.5,256.5,505.0,292.0,900.0,2267.0,2685.0,2566.0,2485.5,1376.5,726.5,150.0,434.5,212.0,783.5,2577.0,3409.0,3432.0,3403.0,1848.0,1564.0,614.0,813.0,993.0,1132.0,1136.0,1207.0,1287.0,1332.0,1362.0,680.0,177.0,406.0,212.0,723.0,2629.0,3607.0,3544.0,3601.0,1278.0,567.0,66.0,292.0,106.0,592.0,2690.0,3837.0,3894.0,3858.0,1247.0,567.0,83.0,331.0,102.0,610.0,2942.0,4179.0,4251.0,4349.0,1677.0,785.0,389.0,795.0,398.0,1262.0,3729.0,4750.0,5004.0,4971.0,1767.5,866.0,413.5,913.5,441.0,1448.0,3751.0,4571.0,4864.5,4730.5,1782.5,920.0,399.5,948.0,526.5,1663.5,3627.5,4164.0,4363.5,4430.0,2128.0,1177.0,850.0,1508.0,1273.0,2444.0,3722.0,4151.0,4403.0,4452.0,2628.5,1590.5,911.5,1566.0,1740.5,2661.5,3735.5,4062.5,4462.5,4453.5,3643.5,2571.5,1139.5,1596.0,2196.5,2546.0,2793.0,3060.5,3473.5,3393.0,3427.0,2587.0,1285.0,1763.0,2279.0,2537.0,2702.0,2806.0,2955.0,3052.0,1719.0,1435.0,430.0,645.0,885.0,1025.0,1018.0,1087.0,1191.0,1210.0,3078.0,2322.0,839.0,1206.0,1640.0,1952.0,2054.0,2211.0,2282.0,2513.0,2910.5,2224.5,914.5,1159.5,1537.0,1733.0,1844.0,1981.0,2112.5,2185.0,2640.0,2079.5,695.0,915.5,1206.5,1376.5,1447.5,1575.0,1690.0,1756.0,2806.0,2299.0,821.0,984.0,1264.0,1428.0,1487.0,1640.0,1717.0,1831.0,2350.0,1544.0,601.0,752.0,1008.0,1081.0,1220.0,1318.0,1472.0,1505.0,0.0,0.0,0.0,0.0,0.0,0.0,0.0,0.0,0.0,0.0,1599.0,1277.0,513.0,709.0,897.0,975.0,1016.0,1093.0,1200.0,1155.0,1829.0,1496.0,680.0,814.0,977.0,1076.0,1098.0,1199.0,1294.0,1263.0,2369.0,2005.0,856.0,1108.0,1349.0,1469.0,1551.0,1583.0,1711.0,1689.0,2536.0,2152.0,1035.0,1263.0,1494.0,1594.0,1670.0,1746.0,1903.0,1855.0,1882.0,1564.0,582.0,726.0,933.0,1038.0,1071.0,1128.0,1216.0,1243.0,2058.0,1760.0,744.0,905.0,1103.0,1211.0,1235.0,1285.0,1377.0,1381.0,2056.5,1779.5,788.5,978.5,1177.0,1258.5,1306.5,1382.0,1469.0,1444.0,"{""type"":""MultiPoint"",""coordinates"":[]}"
791_0,3,854.0,829.0,196.0,226.0,264.0,325.0,303.0,333.0,364.0,423.0,724.5,613.5,172.0,193.0,217.0,256.0,301.0,320.0,338.0,359.0,1173.0,1149.0,385.0,399.0,438.0,471.0,503.0,547.0,561.0,636.0,1266.0,1234.0,445.0,468.0,501.0,556.0,572.0,621.0,617.0,646.0,1278.0,1220.0,556.5,533.0,547.5,601.5,660.5,696.0,646.0,780.0,1303.0,1226.5,434.0,457.0,472.5,526.5,572.0,631.0,619.0,679.5,1343.0,1238.5,445.5,474.0,472.5,565.0,715.5,774.5,814.0,845.5,1408.5,1316.0,397.5,487.0,454.0,648.5,955.0,1048.5,1064.0,1137.0,1336.5,1170.0,389.0,520.5,426.5,701.0,1374.0,1563.5,1595.0,1561.0,1179.0,964.0,258.0,443.0,274.0,702.0,2045.0,2337.0,2440.0,2303.0,984.0,778.0,169.0,390.0,177.0,666.0,2185.0,2612.0,2848.0,2682.0,926.5,913.0,263.0,290.5,341.5,366.5,371.5,393.0,432.5,449.0,1029.0,766.0,260.0,479.0,266.0,782.0,2487.0,3024.0,3195.0,2945.0,1135.5,819.0,766.0,900.5,725.5,1140.5,2600.5,3073.5,3338.5,3150.5,1046.0,714.0,376.5,628.5,404.5,994.0,2916.5,3508.0,3704.0,3601.0,1417.0,1043.5,718.5,944.0,724.5,1271.0,2974.0,3442.0,3727.5,3559.0,1231.0,821.0,557.0,888.0,658.0,1370.0,3082.0,3447.0,3980.0,3759.0,1729.5,1205.0,724.5,1162.0,1120.5,1879.0,2915.5,3237.5,3605.0,3520.5,2479.5,1698.0,1037.5,1414.0,1682.0,2234.5,2931.5,3269.0,3591.0,3603.5,2736.0,1932.0,878.0,1231.0,1689.0,2135.0,2637.0,2916.0,3319.0,3216.0,2542.5,1945.0,856.5,1145.5,1611.0,1831.5,2029.0,2185.0,2443.5,2383.5,2279.5,1786.0,808.0,1053.0,1446.5,1684.0,1823.5,1957.5,2011.5,2079.5,768.0,661.0,183.0,192.0,223.0,267.0,260.0,274.0,307.0,331.0,855.0,817.0,152.0,215.0,313.0,351.0,380.0,435.0,473.0,500.0,691.0,636.0,207.0,208.0,240.0,255.0,274.0,317.0,322.0,334.0,769.5,765.5,171.5,198.0,243.5,276.0,321.5,336.0,374.0,351.0,837.0,866.0,219.0,235.0,265.0,304.0,309.0,320.0,374.0,371.0,595.0,566.5,118.5,132.0,170.0,197.0,195.5,210.5,244.0,262.5,0.0,0.0,0.0,0.0,0.0,0.0,0.0,0.0,0.0,0.0,619.0,624.0,180.0,164.0,207.0,201.0,231.0,222.0,288.0,262.0,0.0,0.0,0.0,0.0,0.0,0.0,0.0,0.0,0.0,0.0,1166.0,1130.0,277.0,337.0,395.0,405.0,473.0,509.0,553.0,620.0,1124.0,1101.0,297.0,344.0,379.0,461.0,492.0,524.0,539.0,563.0,771.0,720.0,245.0,232.0,265.0,276.0,289.0,306.0,307.0,369.0,1175.0,1118.0,357.0,392.0,436.0,467.0,451.0,504.0,569.0,617.0,1248.5,1203.5,419.5,444.5,485.5,529.5,575.5,622.5,647.5,693.5,"{""type"":""MultiPoint"",""coordinates"":[]}"
792_0,3,2018.5,1603.5,614.5,773.0,1031.5,1178.5,1197.0,1312.0,1381.5,1466.5,2363.0,1977.5,780.0,1034.0,1298.5,1433.5,1465.5,1568.0,1648.0,1681.0,2703.5,2316.5,976.5,1287.0,1609.0,1737.5,1775.5,1822.0,1912.0,1976.5,2946.5,2500.5,1113.0,1448.5,1778.5,1918.0,1944.0,2022.5,2110.5,2142.5,508.0,427.0,846.0,1116.0,1163.0,1433.0,1201.0,1186.0,1191.0,1017.0,651.0,454.0,846.0,1116.0,1163.0,1433.0,1201.0,1326.0,1288.0,1145.0,566.0,403.0,571.0,882.0,882.0,1181.0,1175.0,1326.0,1288.0,1145.0,801.0,648.0,571.0,882.0,807.0,1181.0,1429.0,1549.0,1438.0,1405.0,1574.0,888.0,424.0,744.0,497.0,1013.0,2571.0,2849.0,2787.0,2919.0,1798.0,912.5,244.0,602.0,274.5,955.5,3138.5,4015.5,4010.5,4096.5,1583.5,782.5,90.0,390.0,138.5,732.5,3003.0,4244.0,4171.5,4350.5,2221.0,1812.0,684.0,888.0,1113.0,1285.0,1289.0,1422.0,1509.0,1576.0,1562.0,764.0,129.0,409.0,176.0,720.0,3083.0,4318.0,4429.0,4513.0,1629.0,764.0,88.0,455.0,178.0,867.0,3526.0,4696.0,4894.0,5002.0,1724.0,829.0,314.0,839.0,480.0,1530.0,3850.0,4849.0,4932.0,5237.0,1913.0,986.0,539.0,1110.0,825.0,2020.0,3832.0,4494.0,4572.0,4770.0,2000.0,1136.5,587.0,1186.5,1008.0,2149.0,3494.5,3959.0,4232.0,4294.5,2594.5,1579.0,749.0,1366.5,1527.0,2494.5,3418.5,3696.5,3978.0,4193.5,3099.0,2006.0,1111.0,1693.0,2126.0,3074.5,3739.0,4005.0,4331.5,4509.5,4267.0,2938.5,1320.0,1909.5,2580.0,3344.0,3672.5,3961.0,4282.5,4485.5,3873.0,2866.0,1255.0,1703.0,2384.0,2908.0,3064.0,3230.0,3596.0,3738.0,3906.5,2699.5,1167.5,1636.5,2431.5,2893.0,3003.0,3179.5,3325.0,3714.0,2190.5,1803.0,651.5,847.0,1112.0,1244.5,1282.5,1383.0,1495.0,1532.0,2927.0,2125.5,786.0,1099.0,1557.5,1790.0,1827.0,2069.5,2193.0,2223.0,2976.0,2233.0,889.5,1153.5,1596.0,1852.5,1896.0,2115.0,2171.5,2292.0,2709.0,2127.0,704.5,917.0,1245.0,1389.5,1476.5,1637.0,1741.5,1761.5,2730.0,2202.0,769.0,940.0,1244.5,1386.5,1442.5,1608.5,1718.0,1741.0,1880.0,1159.0,513.0,641.0,895.0,1003.0,1064.0,1123.0,1267.0,1286.0,0.0,0.0,0.0,0.0,0.0,0.0,0.0,0.0,0.0,0.0,1919.0,1508.0,588.0,752.0,955.0,1088.0,1132.0,1172.0,1284.0,1301.0,2023.0,1651.0,678.0,759.0,953.0,1065.0,1089.0,1157.0,1240.0,1262.0,2408.0,2011.0,771.0,993.0,1217.0,1355.0,1382.0,1471.0,1571.0,1603.0,2264.0,1789.0,973.0,1148.0,1145.0,1179.0,1194.0,1222.0,1825.0,1400.0,2074.0,1646.0,720.5,781.0,973.5,1097.5,1121.0,1190.0,1303.5,1346.0,2443.0,2043.0,803.0,992.0,1190.0,1349.0,1433.0,1586.0,1665.0,1661.0,2228.5,1847.0,699.5,904.0,1144.0,1300.0,1331.5,1445.0,1523.0,1564.5,"{""type"":""MultiPoint"",""coordinates"":[]}"
793_0,3,2881.5,2134.0,849.5,979.0,1295.0,1476.5,1512.0,1666.5,1887.0,1966.0,2072.0,1921.0,633.0,864.0,1130.0,1250.0,1269.0,1345.0,1451.0,1470.0,2184.0,2039.0,756.0,940.0,1204.0,1340.0,1377.0,1466.0,1510.0,1566.0,2139.0,2000.0,722.5,943.5,1225.0,1350.5,1380.0,1476.0,1549.0,1557.5,453.0,385.0,679.0,762.0,851.0,979.0,947.0,1008.0,1029.0,952.0,440.0,340.0,389.0,631.0,588.0,832.0,846.0,939.0,943.0,892.0,496.0,370.0,390.0,629.0,521.0,896.0,1027.0,1123.0,1118.0,1117.0,1828.0,1148.0,392.0,646.0,521.0,985.0,2019.0,2238.0,2232.0,2389.0,950.0,578.0,201.0,407.0,268.0,640.0,1700.0,2198.0,2085.0,2154.0,1097.0,567.5,84.0,312.5,110.5,558.0,2071.5,2767.0,2652.5,2714.5,1202.5,569.0,55.0,246.0,46.0,437.0,2314.0,3301.5,3298.0,3343.0,3390.0,2780.0,1201.5,1272.0,1492.0,1638.5,1723.0,1854.5,2017.0,2078.0,1205.5,560.0,49.5,223.5,22.0,437.5,2449.0,3887.5,3835.5,3994.0,1038.5,484.5,39.0,249.0,23.5,516.5,2550.5,3846.5,3873.0,4039.5,1147.0,528.0,463.0,775.0,507.0,1125.0,2897.0,3794.0,3870.0,3929.0,1225.0,635.0,578.0,969.0,735.0,1547.0,3077.0,3754.0,3870.0,3901.0,1241.0,685.0,517.0,957.0,756.0,1624.0,2784.0,3193.0,3347.0,3405.0,1578.0,916.0,491.0,964.0,992.0,1827.0,2636.0,2952.0,3105.0,3274.0,4293.0,3016.5,1301.5,1781.0,2441.0,2975.0,3258.0,3503.5,3859.0,3970.5,4439.0,3220.0,1403.5,1915.5,2626.5,3028.0,3273.0,3528.5,3901.5,3981.0,3692.0,2941.0,1192.0,1615.0,2184.0,2468.0,2688.0,2901.0,3260.0,3192.0,3524.0,2552.0,1092.0,1499.5,2077.0,2423.0,2565.0,2755.0,2964.5,3103.0,3256.5,2569.5,737.0,948.5,1324.0,1491.5,1578.5,1693.5,1933.5,1999.5,3652.5,2819.5,976.5,1300.0,1713.5,2008.0,2192.0,2407.5,2555.0,2642.5,4053.5,3349.0,2092.0,2268.0,2563.5,2831.0,2939.5,3082.5,3274.5,3270.0,3222.0,2670.5,868.0,1026.0,1261.0,1508.5,1698.5,1827.0,1997.5,2051.0,3102.0,2549.0,844.0,1006.0,1216.5,1449.0,1655.0,1802.5,1936.0,2004.0,2486.0,1890.0,581.5,780.5,983.5,1226.5,1417.5,1538.5,1731.5,1751.0,0.0,0.0,0.0,0.0,0.0,0.0,0.0,0.0,0.0,0.0,3513.0,2718.0,815.0,1097.0,1578.0,1812.0,1847.0,1989.0,2162.0,2299.0,3685.0,3024.0,1152.0,1361.0,1759.0,1940.0,2095.0,2328.0,2490.0,2611.0,3396.0,2742.0,934.0,1198.0,1633.0,1842.0,1895.0,2028.0,2243.0,2317.0,2813.0,2344.0,850.5,1027.5,1343.0,1553.0,1745.5,1850.0,1823.0,2183.0,1981.0,1792.0,714.0,861.0,1095.0,1220.0,1279.0,1381.0,1420.0,1488.0,1814.5,1694.5,532.0,701.0,956.5,1056.0,1060.5,1119.5,1230.5,1226.0,1881.5,1747.0,566.0,768.5,1022.0,1123.0,1151.0,1218.5,1317.0,1297.5,"{""type"":""MultiPoint"",""coordinates"":[]}"
794_0,3,3089.0,2405.5,1052.0,1156.5,1450.5,1663.5,1838.0,2004.5,2175.0,2254.0,2106.0,1927.0,638.0,888.0,1171.0,1288.0,1317.0,1388.0,1505.0,1526.0,2368.0,2278.0,809.0,1077.0,1400.0,1529.0,1594.0,1677.0,1761.0,1777.0,1079.5,1045.5,490.0,647.5,785.5,884.0,823.0,872.5,911.0,846.0,398.0,347.0,736.0,831.0,834.0,928.0,730.0,752.0,751.0,620.0,394.0,336.0,373.0,624.0,579.0,812.0,738.0,803.0,822.0,749.0,524.0,398.0,318.0,547.0,487.0,780.0,1025.0,1108.0,1059.0,1064.0,1187.0,748.0,293.0,584.0,414.0,864.0,2014.0,2270.0,2345.0,2274.0,1142.0,601.0,150.0,387.0,210.0,626.0,2020.0,2456.0,2436.0,2337.0,1323.0,629.5,71.0,329.5,89.0,585.0,2474.0,3371.5,3384.5,3453.5,1262.0,581.0,22.5,215.0,25.0,414.5,2496.0,3670.0,3687.0,3710.5,3974.0,3393.5,2122.5,2281.5,2575.5,2795.5,2849.0,3005.0,3024.0,3137.0,1263.5,577.5,30.0,216.0,13.5,412.0,2549.5,4151.0,4194.5,4241.0,1109.5,513.5,45.5,314.5,54.5,600.0,2727.5,4093.5,4225.0,4292.5,1187.0,547.0,442.0,758.0,509.0,1105.0,3099.0,4131.0,4258.0,4292.0,1268.0,654.0,606.0,988.0,759.0,1573.0,3087.0,3761.0,3904.0,3919.0,1280.0,690.0,488.0,939.0,783.0,1657.0,2841.0,3316.0,3520.0,3586.0,1609.0,917.0,470.0,979.0,1004.0,1864.0,2793.0,3137.0,3354.0,3472.0,4234.0,3013.5,1191.0,1684.5,2399.5,2920.5,3214.0,3500.0,3813.5,3948.5,4320.0,3125.0,1217.0,1697.5,2477.5,2901.5,3108.0,3365.0,3709.5,3773.0,3887.0,2836.0,1139.0,1526.0,2199.0,2531.0,2747.0,3000.0,3364.0,3397.0,4049.5,2932.5,1102.5,1488.0,2118.0,2532.0,2674.0,2914.5,3085.0,3311.0,3189.0,2477.0,603.0,852.0,1213.0,1383.0,1486.0,1601.0,1808.0,1882.0,3580.5,2809.0,888.0,1166.5,1563.5,1860.5,2066.5,2210.5,2346.0,2509.5,3860.5,3085.0,1613.0,1823.5,2115.0,2422.0,2578.0,2729.5,2895.0,2953.0,3221.0,2693.5,833.0,958.5,1187.5,1449.0,1605.5,1775.0,1876.0,1964.5,3053.0,2541.0,805.5,940.0,1137.5,1402.5,1566.5,1695.0,1797.5,1887.0,2238.5,1675.5,462.0,635.5,846.5,1095.5,1293.5,1381.0,1578.0,1593.0,0.0,0.0,0.0,0.0,0.0,0.0,0.0,0.0,0.0,0.0,3572.0,2763.0,782.0,1060.0,1544.0,1747.0,1752.0,1954.0,2115.0,2212.0,3826.0,3112.0,1130.0,1268.0,1573.0,1815.0,1798.0,1976.0,2115.0,2279.0,3470.0,2836.0,924.0,1172.0,1520.0,1732.0,1802.0,1963.0,2179.0,2196.0,2689.0,2257.5,766.0,940.5,1270.0,1395.5,1427.5,1546.5,1726.0,1724.5,1759.0,1554.0,546.0,696.0,989.0,1059.0,1004.0,1082.0,1209.0,1174.0,1826.5,1715.5,534.0,703.0,983.0,1069.5,1076.0,1136.5,1249.5,1243.0,1899.0,1774.0,581.0,775.0,1049.0,1140.5,1180.5,1247.5,1348.5,1362.5,"{""type"":""MultiPoint"",""coordinates"":[]}"
795_0,3,2180.5,1771.0,680.5,849.0,1140.5,1229.0,1281.0,1384.5,1539.0,1510.0,2150.5,1848.0,730.5,924.5,1198.5,1296.5,1364.5,1435.0,1571.5,1567.5,2304.5,2016.5,797.0,1021.5,1322.5,1437.5,1454.5,1548.5,1626.5,1662.5,2456.0,2155.0,858.0,1115.5,1436.0,1553.0,1589.5,1680.5,1745.5,1794.0,350.0,305.0,814.0,947.0,1016.0,1137.0,976.0,1018.0,1012.0,867.0,350.0,305.0,757.0,936.0,995.0,1114.0,922.0,1018.0,1012.0,867.0,364.0,293.0,515.0,718.0,657.0,954.0,926.0,1031.0,961.0,835.0,666.0,518.0,496.0,773.0,539.0,993.0,1202.0,1270.0,1252.0,1173.0,1758.0,851.0,382.0,773.0,358.0,1144.0,3399.0,4008.0,4006.0,3817.0,1962.5,993.0,280.0,675.0,318.0,1235.5,3710.5,4667.5,4768.0,4811.0,1753.0,849.5,160.0,410.0,198.0,807.0,3187.0,4481.5,4624.5,4680.0,2389.0,2010.0,738.0,950.0,1203.0,1334.0,1392.0,1452.0,1573.0,1632.0,1712.0,845.0,219.0,438.0,221.0,765.0,3198.0,4432.0,4506.0,4685.0,1651.0,788.0,138.0,392.0,171.0,844.0,3392.0,4740.0,4919.0,4952.0,1651.0,788.0,266.0,715.0,383.0,1278.0,3577.0,4886.0,5033.0,5195.0,1863.0,953.0,461.0,965.0,641.0,1725.0,3851.0,4657.0,5035.0,5039.0,1951.0,1043.0,515.5,1049.0,816.5,1865.0,3621.5,4254.0,4763.5,4656.0,2218.0,1290.0,600.5,1156.0,1126.5,2078.0,3508.5,3969.5,4430.5,4456.0,2528.0,1463.5,867.5,1356.0,1412.5,2363.5,3353.0,3855.5,4277.5,4248.0,3938.0,2673.0,1130.5,1610.0,2189.0,2781.0,3334.0,3615.5,4072.0,4119.0,3540.0,2509.5,1135.5,1614.0,2286.0,2694.0,2924.5,3198.5,3635.0,3623.0,3549.0,2436.0,1217.0,1704.0,2471.0,2877.0,3166.0,3274.0,3737.0,3834.0,2374.0,2007.5,730.5,899.5,1197.0,1321.0,1331.0,1446.5,1625.5,1646.5,3468.5,2428.0,1117.5,1552.0,2131.5,2498.5,2680.0,2853.0,3123.5,3216.0,3191.0,2268.5,1069.0,1378.0,1907.5,2163.5,2376.0,2576.5,2887.5,2892.5,2912.0,2202.0,794.5,1011.0,1380.5,1569.5,1696.5,1810.0,2096.0,2127.5,2949.0,2251.0,803.5,986.0,1324.5,1532.0,1679.5,1785.5,1994.0,2068.5,1996.0,1432.0,581.0,752.0,1054.0,1188.0,1261.0,1319.0,1517.0,1518.0,0.0,0.0,0.0,0.0,0.0,0.0,0.0,0.0,0.0,0.0,2065.0,1765.0,616.0,760.0,1004.0,1097.0,1108.0,1190.0,1325.0,1305.0,2117.0,1824.0,690.0,770.0,958.0,1033.0,1051.0,1148.0,1233.0,1273.0,2304.5,1959.5,727.5,891.5,1127.0,1219.5,1254.0,1325.0,1484.0,1460.5,2353.0,1991.0,761.0,841.0,1132.0,1219.0,1177.0,1217.0,1383.0,1427.0,2377.0,1983.5,824.0,911.0,1164.0,1248.5,1228.0,1295.0,1460.5,1480.5,2478.0,2160.0,850.0,981.0,1196.0,1291.0,1389.0,1466.0,1616.0,1628.0,2258.0,1943.0,730.0,952.0,1233.0,1341.0,1389.0,1465.0,1588.0,1619.0,"{""type"":""MultiPoint"",""coordinates"":[]}"
796_0,3,1765.5,1467.5,478.0,622.5,864.5,964.5,991.0,1075.0,1179.5,1201.0,2192.0,1900.5,833.0,1091.5,1352.5,1459.0,1496.0,1560.5,1658.5,1653.0,2295.5,2013.5,803.5,1033.5,1314.0,1416.5,1479.5,1543.0,1642.5,1646.5,2216.5,1936.0,788.0,1015.0,1274.0,1371.5,1444.0,1503.5,1583.0,1604.5,286.5,247.0,452.0,664.5,723.5,854.0,682.5,787.0,681.5,682.0,300.0,247.0,620.0,886.5,875.5,1088.5,899.0,948.5,956.5,824.0,746.5,518.5,493.5,708.0,633.0,1032.5,1366.0,1447.5,1314.5,1261.0,1159.5,744.5,341.5,674.5,391.5,1024.5,2173.0,2405.5,2327.5,2292.5,1479.5,744.5,249.0,569.5,307.5,1007.5,3170.0,3983.5,3993.0,4052.5,1780.0,965.5,263.5,608.0,425.0,1138.5,3111.5,3959.0,4163.0,4268.5,1817.5,959.5,228.0,504.5,384.5,942.0,2894.0,3882.0,4082.5,4253.0,2032.5,1743.5,560.0,740.5,1017.5,1117.0,1148.0,1234.0,1390.5,1402.5,1854.5,946.0,256.5,533.0,387.5,989.5,3046.5,3918.5,4098.0,4272.0,1850.5,928.5,263.5,647.5,436.5,1184.5,3323.0,4238.0,4465.5,4585.5,1928.0,952.5,407.0,866.0,589.5,1496.5,3492.0,4351.5,4470.5,4670.5,2024.5,1110.5,586.5,1098.0,934.5,1940.0,3439.0,3948.5,4139.5,4280.5,2135.0,1202.0,630.0,1165.0,1075.5,2041.5,3242.5,3657.5,3964.5,4023.5,2374.0,1400.0,640.0,1168.0,1224.0,2127.0,3092.0,3442.0,3737.0,3897.0,3217.0,2035.0,954.5,1444.5,1678.0,2389.5,3169.0,3531.5,3804.0,3972.5,3805.5,2582.5,995.5,1426.5,2001.5,2512.0,2869.5,3185.0,3533.0,3654.5,3249.5,2312.5,743.0,1092.5,1609.5,2047.5,2321.5,2558.5,2775.0,2908.0,2409.0,1870.5,702.0,959.5,1345.5,1633.5,1714.5,1869.5,1883.5,2024.0,1855.0,1571.5,424.0,620.0,910.0,1026.0,1049.0,1155.5,1253.5,1274.0,2448.0,1898.5,762.5,1008.0,1395.5,1651.5,1750.5,1897.0,1923.5,2045.5,2376.0,1848.0,849.5,1045.0,1373.5,1607.0,1693.5,1818.5,1890.5,1963.0,2145.5,1720.0,644.5,820.0,1093.0,1274.5,1321.0,1432.5,1521.5,1551.0,2299.0,1890.0,755.0,915.0,1160.0,1336.0,1411.0,1506.5,1575.0,1654.5,1917.0,1544.0,521.5,666.0,907.5,1052.5,1114.0,1212.0,1305.5,1341.0,0.0,0.0,0.0,0.0,0.0,0.0,0.0,0.0,0.0,0.0,1685.0,1365.5,428.5,599.5,831.0,934.5,932.5,1040.0,1158.0,1173.0,1818.5,1531.0,536.5,654.5,864.0,951.5,1006.0,1064.5,1181.0,1176.5,2184.5,1855.5,662.0,855.0,1101.5,1232.5,1309.5,1381.0,1483.5,1515.0,2182.0,1810.0,650.5,834.0,1068.5,1212.0,1267.5,1363.5,1485.0,1521.5,2049.0,1661.5,648.0,754.5,953.5,1075.0,1133.0,1223.5,1350.0,1373.0,1892.0,1636.0,528.0,690.5,904.0,1012.0,1058.5,1150.5,1258.0,1268.0,1950.5,1752.5,603.0,792.5,999.5,1087.0,1127.0,1219.5,1306.0,1308.0,"{""type"":""MultiPoint"",""coordinates"":[]}"
797_0,3,1498.5,1249.5,500.0,617.5,825.0,913.0,944.0,1002.5,1089.5,1108.5,2387.5,2092.5,924.5,1203.0,1445.5,1568.5,1590.5,1661.5,1766.0,1768.5,2323.5,2082.5,922.5,1188.0,1434.0,1532.0,1546.5,1621.5,1724.0,1698.5,487.0,459.0,797.0,1067.5,1241.0,1357.5,1111.5,1189.0,1167.5,1054.5,436.0,388.0,778.0,1060.0,1157.0,1344.0,985.0,1076.0,979.0,904.0,849.0,619.0,884.0,1135.0,1230.0,1453.0,1379.0,1458.0,1515.0,1450.0,527.0,360.0,583.0,878.0,886.0,1172.0,1093.0,1209.0,1114.0,1062.0,724.0,475.0,583.0,865.0,820.0,1281.0,1301.0,1476.0,1295.0,1209.0,615.0,410.0,559.0,793.0,729.0,1017.0,1189.0,1313.0,1169.0,1151.0,650.5,431.0,307.0,499.0,385.0,836.0,1419.5,1655.0,1489.5,1523.0,747.0,468.5,233.0,397.0,284.5,715.0,1503.5,1827.0,1674.5,1652.5,1733.5,1479.5,644.5,780.5,987.5,1096.0,1107.0,1182.5,1246.5,1275.0,974.0,557.0,191.0,385.0,223.0,646.0,1958.0,2265.0,2126.0,2247.0,1177.0,618.0,182.0,429.0,222.0,802.0,2412.0,2949.0,2843.0,2903.0,1278.0,670.0,268.0,618.0,383.0,1112.0,2696.0,3264.0,3146.0,3413.0,1501.0,804.0,471.0,877.0,692.0,1529.0,2724.0,3052.0,3187.0,3297.0,1926.0,1139.0,564.0,984.0,931.0,1746.0,2497.0,2834.0,3115.0,3171.0,2206.5,1381.0,552.5,928.5,1125.5,1771.0,2374.0,2700.5,2866.5,3031.0,3427.0,2418.5,995.0,1371.0,1712.0,2099.5,2504.0,2757.5,3014.0,3127.5,3526.5,2523.0,836.0,1159.5,1652.5,2022.0,2413.0,2652.0,2961.5,3101.5,3594.0,2497.0,797.0,1176.0,1685.0,2107.0,2459.0,2720.0,2974.0,3190.0,2595.0,1960.5,1027.0,1272.5,1616.0,1833.5,1958.5,2083.5,2139.0,2275.5,1557.0,1329.0,501.0,648.0,826.0,926.0,957.0,1034.0,1100.0,1132.0,2283.0,1857.0,670.0,897.0,1184.0,1341.0,1439.0,1535.0,1586.0,1716.0,2202.0,1791.0,673.0,881.5,1120.0,1307.0,1377.5,1444.5,1534.0,1651.0,1665.0,1435.0,437.5,616.5,797.0,887.5,936.0,1001.0,1088.5,1085.0,1938.0,1747.0,613.0,785.0,992.0,1096.0,1124.0,1205.0,1276.0,1285.0,1447.0,1285.0,386.0,511.0,674.0,745.0,792.0,830.0,914.0,936.0,0.0,0.0,0.0,0.0,0.0,0.0,0.0,0.0,0.0,0.0,1833.0,1592.0,579.0,774.0,995.0,1088.0,1117.0,1157.0,1252.0,1272.0,208.0,173.0,210.0,153.0,133.0,139.0,152.0,172.0,156.0,159.0,2133.0,1866.0,720.0,967.0,1185.0,1276.0,1334.0,1376.0,1469.0,1474.0,1517.0,1267.0,520.0,559.0,706.0,767.0,762.0,828.0,889.0,913.0,1674.5,1443.5,557.5,673.5,853.0,940.5,937.5,1016.5,1077.0,1100.5,1832.0,1620.0,681.0,825.0,1000.0,1114.0,1113.0,1205.0,1265.0,1288.0,2002.0,1785.5,710.0,904.0,1097.5,1184.0,1227.0,1298.5,1388.5,1363.5,"{""type"":""MultiPoint"",""coordinates"":[]}"
798_0,3,3045.5,2291.0,977.5,1108.5,1408.0,1606.5,1724.5,1892.5,2075.5,2186.0,2244.0,2061.0,653.0,918.0,1233.0,1397.0,1449.0,1534.0,1627.0,1617.0,2480.0,2323.0,803.0,1065.0,1427.0,1595.0,1613.0,1745.0,1800.0,1877.0,1199.0,1124.0,511.0,692.5,872.5,968.5,855.0,912.5,950.0,923.0,299.0,237.0,370.0,531.0,604.0,724.0,722.0,701.0,742.0,585.0,388.0,321.0,330.0,551.0,563.0,778.0,722.0,772.0,742.0,585.0,467.0,371.0,266.0,521.0,374.0,792.0,811.0,928.0,800.0,731.0,1107.0,684.0,284.0,576.0,400.0,913.0,1797.0,2034.0,1936.0,1979.0,1020.0,573.0,238.0,476.0,224.0,760.0,1624.0,1917.0,1845.0,1765.0,1070.0,564.0,145.5,389.5,147.0,677.0,1990.0,2513.0,2410.5,2421.5,1085.5,541.0,85.0,274.5,82.5,508.0,2096.0,2851.0,2883.5,2831.0,3330.0,2637.0,720.0,914.0,1305.0,1495.0,1566.0,1702.0,1981.0,2016.0,1244.5,587.0,54.0,247.5,36.5,511.0,2533.5,3544.0,3501.5,3560.5,1241.5,593.0,124.5,504.5,157.0,916.5,2863.5,3808.0,3792.0,3878.5,1261.0,611.0,479.0,851.0,593.0,1286.0,3081.0,3768.0,3785.0,3899.0,1364.0,768.0,703.0,1124.0,1043.0,1837.0,2913.0,3269.0,3370.0,3468.0,1562.0,900.0,618.0,1085.0,1043.0,1843.0,2721.0,2987.0,3201.0,3236.0,1978.0,1160.0,618.0,1131.0,1219.0,2013.0,2737.0,3022.0,3235.0,3301.0,4475.0,3159.0,1318.0,1786.5,2499.5,2966.5,3298.5,3647.5,3989.5,4127.5,4246.0,3106.5,1221.5,1663.0,2320.5,2663.5,2997.0,3257.0,3610.5,3679.5,3945.0,2787.0,1119.0,1464.0,2027.0,2359.0,2664.0,2908.0,3264.0,3299.0,3311.5,2414.0,893.0,1225.5,1650.0,2014.0,2293.0,2476.0,2651.5,2753.0,3077.0,2367.0,631.0,863.0,1270.0,1405.0,1519.0,1652.0,1909.0,1908.0,3356.0,2659.0,749.5,1020.0,1292.5,1608.5,1956.5,2135.0,2236.5,2371.5,3296.5,2629.0,1419.5,1590.5,1767.0,2053.5,2369.0,2503.0,2625.5,2704.0,3016.0,2440.0,744.5,886.5,1003.0,1294.5,1619.5,1818.0,1943.0,1989.5,2892.0,2318.5,723.0,866.0,976.0,1276.0,1600.5,1787.5,1902.0,1968.0,2371.5,1716.0,439.5,662.0,809.0,1130.0,1409.5,1541.0,1717.0,1764.0,0.0,0.0,0.0,0.0,0.0,0.0,0.0,0.0,0.0,0.0,3560.0,2674.0,762.0,1052.0,1536.0,1772.0,1794.0,1971.0,2159.0,2310.0,2800.0,2329.0,857.0,1113.0,1550.0,1819.0,1794.0,1988.0,2159.0,2310.0,3451.0,2658.0,927.0,1182.0,1616.0,1827.0,1892.0,2051.0,2290.0,2324.0,1940.0,1566.5,573.0,648.5,870.5,984.5,1036.5,1145.5,1253.0,1300.5,1477.0,1245.0,435.0,584.0,790.0,890.0,960.0,1032.0,1102.0,1122.0,2076.5,1841.5,622.5,828.0,1109.5,1252.5,1289.0,1381.5,1478.5,1513.5,2077.0,1883.5,610.5,822.0,1110.0,1258.0,1282.5,1374.5,1467.0,1482.5,"{""type"":""MultiPoint"",""coordinates"":[]}"
799_0,3,1569.0,1306.5,497.0,629.5,833.0,927.0,975.0,1031.0,1096.0,1136.0,2246.5,1950.0,879.0,1133.5,1380.0,1496.0,1529.0,1594.5,1692.5,1692.0,2306.0,2016.0,891.0,1158.5,1391.5,1505.5,1543.5,1616.5,1688.5,1689.0,2320.0,2051.5,927.5,1178.0,1402.5,1529.0,1561.5,1639.5,1697.5,1697.0,321.0,297.0,1073.0,1361.0,1406.0,1507.0,1149.0,1156.0,1103.0,884.0,295.0,264.0,758.0,1053.0,1106.0,1335.0,1149.0,1156.0,1103.0,884.0,407.0,321.0,660.0,1043.0,917.0,1335.0,1189.0,1345.0,1263.0,1049.0,703.0,537.0,563.0,887.0,787.0,1470.0,1699.0,1912.0,1753.0,1643.0,732.0,521.0,484.0,782.0,698.0,1240.0,1575.0,1851.0,1702.0,1518.0,948.0,582.0,304.5,566.5,407.0,973.5,1904.5,2247.5,2166.0,2029.5,1383.0,738.5,269.5,551.5,331.0,898.0,2712.0,3554.0,3564.5,3534.0,1782.0,1488.0,594.0,754.0,951.0,1090.0,1076.0,1169.0,1227.0,1256.0,1421.0,686.0,247.0,497.0,286.0,765.0,2677.0,3595.0,3618.0,3669.0,1325.0,607.0,91.0,351.0,133.0,660.0,2683.0,3724.0,3791.0,3799.0,1295.0,598.0,94.0,338.0,115.0,588.0,2877.0,4172.0,4142.0,4286.0,1596.0,766.0,358.0,707.0,318.0,1074.0,3578.0,4656.0,4753.0,4831.0,1711.0,865.0,381.0,888.0,463.0,1467.0,3679.0,4590.0,4927.0,4788.0,1741.5,908.0,377.0,887.5,475.0,1533.5,3478.5,4049.0,4267.0,4290.5,1947.0,1074.0,798.0,1437.0,1145.0,2117.0,3448.0,3905.0,4140.0,4200.0,2551.0,1585.5,958.5,1535.5,1776.5,2761.0,3544.0,3881.0,4264.0,4288.0,3753.5,2624.0,1136.0,1586.5,2147.0,2660.5,2985.0,3242.0,3666.0,3706.5,3122.0,2286.0,1038.0,1421.0,1952.0,2228.0,2324.0,2549.0,2764.0,2809.0,1617.0,1379.0,416.0,610.0,823.0,944.0,988.0,1061.0,1129.0,1179.0,3050.0,2286.0,882.0,1220.0,1634.0,1977.0,1993.0,2215.0,2402.0,2410.0,2928.0,2238.0,922.5,1181.0,1586.0,1784.0,1913.5,2052.0,2305.0,2312.0,2697.0,2106.0,718.0,935.5,1247.5,1403.0,1514.0,1616.0,1766.5,1793.0,2769.0,2288.0,827.0,1003.0,1301.0,1462.0,1576.0,1648.0,1792.0,1875.0,2295.0,1466.0,619.0,799.0,1099.0,1195.0,1328.0,1454.0,1647.0,1574.0,0.0,0.0,0.0,0.0,0.0,0.0,0.0,0.0,0.0,0.0,1580.0,1245.0,501.0,680.0,864.0,964.0,1024.0,1056.0,1152.0,1144.0,1772.0,1486.0,601.0,788.0,949.0,1044.0,1089.0,1137.0,1235.0,1215.0,2284.0,1933.0,811.0,1055.0,1262.0,1408.0,1461.0,1540.0,1619.0,1626.0,2419.0,2103.0,1001.0,1187.0,1409.0,1512.0,1566.0,1658.0,1804.0,1745.0,1791.0,1518.0,522.0,684.0,883.0,977.0,1008.0,1054.0,1128.0,1183.0,1942.0,1672.0,691.0,843.0,1039.0,1160.0,1187.0,1248.0,1336.0,1363.0,2055.0,1768.5,770.5,970.5,1175.0,1261.5,1319.0,1382.0,1479.5,1459.5,"{""type"":""MultiPoint"",""coordinates"":[]}"
800_0,3,1716.5,1455.0,496.0,639.5,875.0,961.5,1007.5,1025.0,1185.5,1191.5,2275.0,1982.0,872.0,1148.0,1417.5,1530.5,1574.5,1625.5,1754.0,1726.0,2398.0,2087.5,841.5,1105.0,1398.0,1515.5,1552.0,1639.0,1748.5,1728.0,2299.0,2001.5,827.5,1072.5,1332.0,1447.0,1499.5,1585.5,1670.0,1655.0,258.0,194.5,406.0,617.0,617.5,812.5,643.5,706.0,609.0,588.5,295.5,224.0,476.0,688.5,683.0,891.0,786.5,832.0,818.5,689.0,683.0,491.0,449.0,666.0,522.0,1018.0,1277.0,1396.0,1314.5,1234.5,1100.5,738.5,355.5,692.5,405.5,1051.0,2171.5,2379.0,2317.5,2162.0,1487.5,756.0,280.5,625.5,312.0,1063.5,3177.0,3881.0,3778.0,3841.5,1699.0,898.5,229.0,564.0,366.5,1078.5,2958.5,3739.0,3828.0,3937.5,1637.5,841.0,213.5,446.5,341.5,864.5,2764.0,3735.5,3904.5,3995.0,2030.5,1714.5,578.0,767.0,1021.0,1159.0,1143.5,1259.5,1350.0,1393.0,1727.0,883.0,253.0,558.0,413.0,1043.5,3054.0,3954.5,4044.5,4299.0,1794.0,897.0,270.5,692.0,486.0,1258.0,3336.0,4204.5,4395.5,4554.5,1860.0,948.0,403.0,857.0,618.0,1480.0,3419.0,4257.0,4285.0,4566.0,1953.0,1098.0,584.5,1055.5,946.0,1920.5,3358.5,3816.0,3979.5,4167.0,2089.0,1211.0,603.5,1132.0,1069.0,1977.5,3138.5,3531.5,3806.0,3894.0,2318.0,1378.0,610.0,1128.0,1186.0,2044.0,3057.0,3405.0,3621.0,3813.0,3180.0,2040.0,981.0,1414.5,1635.5,2357.5,3086.0,3488.5,3694.5,3887.5,3842.0,2615.5,991.5,1420.0,1986.0,2463.5,2835.0,3115.5,3511.0,3598.0,3363.5,2433.0,768.5,1139.0,1636.0,2100.5,2316.0,2586.0,2775.5,2920.5,2440.5,1892.0,729.5,1004.5,1401.5,1675.0,1798.5,1882.5,1952.0,2143.5,1859.0,1540.0,456.5,640.0,917.5,985.5,1048.0,1095.5,1246.0,1279.5,2492.5,1919.5,786.5,1054.0,1459.0,1710.5,1838.5,1915.0,2007.0,2159.0,1894.0,1422.5,802.0,985.5,1263.5,1446.5,1540.0,1607.5,1681.0,1739.0,2236.5,1773.5,681.5,864.0,1159.0,1322.5,1403.0,1500.0,1622.5,1649.5,2328.0,1874.5,752.5,925.0,1202.5,1345.0,1440.5,1534.5,1653.5,1682.0,1985.0,1509.5,544.0,687.5,933.0,1094.0,1139.0,1264.0,1352.5,1386.5,0.0,0.0,0.0,0.0,0.0,0.0,0.0,0.0,0.0,0.0,1769.0,1461.0,451.5,634.0,855.0,957.0,977.5,1027.0,1165.5,1146.5,1775.5,1516.5,557.0,660.5,850.5,935.0,962.0,1018.5,1113.5,1112.0,2167.5,1888.5,672.5,876.5,1117.5,1217.5,1274.5,1324.5,1434.5,1444.0,2191.5,1861.0,668.0,845.0,1097.5,1194.0,1210.5,1302.0,1416.5,1448.5,2065.5,1707.0,674.0,780.0,979.0,1065.0,1070.5,1164.5,1269.5,1261.5,1914.0,1652.5,552.0,733.0,937.0,1024.5,1089.5,1162.0,1252.0,1277.0,2014.5,1784.5,657.5,842.5,1058.5,1126.0,1163.0,1254.0,1337.0,1357.5,"{""type"":""MultiPoint"",""coordinates"":[]}"
801_0,3,2391.0,2204.5,759.5,883.5,1094.0,1186.5,1241.0,1349.0,1426.5,1464.0,3413.0,3178.0,1133.5,1414.5,1714.5,1881.0,1954.0,2046.5,2198.0,2236.5,3484.0,3267.5,1168.5,1405.5,1737.5,1867.0,1996.5,2078.5,2221.0,2257.5,3423.5,3192.0,1166.0,1420.5,1729.0,1915.5,1902.5,2042.0,2169.5,2227.0,3463.5,3217.5,1222.5,1486.0,1794.0,1945.5,2070.0,2099.5,2224.5,2291.0,3584.5,3401.5,1350.0,1575.0,1897.0,2028.5,2108.0,2257.5,2321.0,2392.0,3581.5,3384.0,1350.0,1614.0,1921.0,2078.0,2136.5,2274.0,2370.5,2410.5,3578.0,3377.0,1373.5,1618.5,1955.0,2132.5,2186.5,2284.5,2423.0,2436.5,3557.5,3381.5,1341.5,1607.5,1927.5,2145.5,2162.0,2253.5,2362.0,2400.0,3511.5,3380.0,1309.0,1571.0,1871.0,2044.0,2046.0,2185.0,2286.0,2388.5,3521.5,3284.0,1307.0,1568.5,1866.0,2057.0,2080.0,2248.0,2235.5,2359.5,2517.0,2307.5,842.5,1040.0,1220.0,1337.0,1354.5,1476.0,1503.0,1547.5,3481.5,3300.5,1313.0,1546.5,1802.5,2016.0,2023.0,2124.0,2172.0,2309.5,3444.5,3251.5,1275.5,1525.5,1817.0,1989.5,2041.0,2138.0,2199.0,2288.5,3461.5,3211.5,1331.0,1580.0,1828.0,2063.5,2058.5,2204.5,2220.5,2336.0,3432.0,3212.0,1319.5,1545.0,1820.0,2028.5,2062.5,2139.0,2221.5,2294.0,3365.0,3224.0,1249.5,1516.0,1810.0,2008.5,1973.0,2106.5,2191.0,2286.0,3282.5,3096.5,1231.5,1506.0,1759.5,1882.0,1940.0,2073.0,2150.0,2231.5,3273.5,2999.5,2389.0,2518.0,2530.0,2685.5,2589.0,2583.5,2634.5,2595.0,3254.5,3007.5,1232.0,1491.5,1782.5,1934.0,1938.0,2103.5,2156.0,2176.5,3243.5,2995.5,1141.0,1444.0,1717.5,1925.5,1881.5,1962.0,2178.5,2139.5,2765.5,2627.0,920.5,1085.0,1311.0,1420.0,1463.5,1579.0,1658.5,1761.0,2056.5,1843.0,586.0,763.5,955.5,1019.5,1047.5,1143.5,1238.5,1269.0,2765.5,2596.5,892.5,1073.0,1308.5,1428.0,1464.0,1594.5,1645.5,1761.0,2715.5,2496.0,904.5,1133.5,1353.0,1460.5,1536.5,1570.0,1682.5,1735.0,3063.5,2811.5,1398.5,1550.5,1716.0,1808.0,1864.5,1926.0,2100.5,2062.5,2814.5,2623.0,965.5,1221.0,1458.5,1520.5,1590.5,1723.0,1856.0,1846.0,3297.5,3120.0,1644.0,1774.5,1964.0,2120.0,2068.0,2151.5,2283.5,2271.0,0.0,0.0,0.0,0.0,0.0,0.0,0.0,0.0,0.0,0.0,2826.5,2607.0,918.0,1129.0,1380.5,1530.0,1541.0,1675.5,1754.5,1846.0,2908.5,2711.0,920.0,1143.5,1396.0,1533.0,1572.5,1680.5,1737.0,1842.0,3017.0,2795.5,984.5,1248.0,1533.5,1653.0,1689.0,1802.0,2020.5,2010.0,2932.0,2742.0,990.0,1204.0,1488.0,1576.0,1639.0,1722.5,1923.5,1924.0,2973.5,2790.0,993.5,1178.0,1459.5,1583.5,1638.5,1733.0,1858.0,1895.5,3150.0,2987.0,1027.5,1244.0,1532.0,1662.5,1740.0,1833.5,2001.0,1994.5,3288.0,3072.5,1100.5,1327.5,1607.5,1749.0,1838.5,1942.5,2081.0,2091.5,"{""type"":""MultiPoint"",""coordinates"":[]}"
802_0,3,1244.0,1091.0,356.5,427.5,532.5,603.0,620.0,678.5,728.0,743.5,1993.0,1825.0,691.0,874.5,1041.0,1149.0,1167.0,1247.5,1319.0,1316.0,2175.0,1984.0,721.0,931.0,1120.5,1222.5,1248.0,1303.5,1389.0,1424.5,2688.0,2463.5,1109.5,1356.0,1591.5,1709.0,1733.0,1806.5,1879.5,1903.5,2841.0,2644.0,1205.0,1445.0,1671.0,1781.0,1848.0,1920.0,2041.0,2056.0,2561.0,2426.0,1146.0,1418.0,1665.0,1781.0,1820.0,1920.0,2020.0,2033.0,450.0,410.0,968.0,1167.0,1206.0,1284.0,928.0,932.0,914.0,732.0,450.0,410.0,968.0,1167.0,1206.0,1304.0,928.0,971.0,914.0,750.0,274.0,224.0,602.0,898.0,876.0,1127.0,768.0,840.0,735.0,622.0,297.0,213.0,475.0,825.5,722.5,1023.0,740.0,849.5,724.5,607.0,441.0,291.0,290.5,579.0,312.0,831.0,983.0,1122.5,1012.0,823.5,1414.0,1250.0,446.0,578.0,727.0,772.0,795.0,837.0,928.0,932.0,1086.0,574.0,294.0,502.0,288.0,814.0,2041.0,2500.0,2374.0,2345.0,1099.0,574.0,154.0,351.0,153.0,627.0,2129.0,2760.0,2728.0,2655.0,1168.0,584.0,154.0,350.0,157.0,649.0,2473.0,3311.0,3302.0,3306.0,1386.0,684.0,337.0,654.0,359.0,1019.0,2851.0,3542.0,3591.0,3582.0,1405.0,736.0,363.0,848.0,511.0,1425.0,2964.0,3395.0,3576.0,3506.0,1443.0,824.0,444.0,954.0,792.0,1768.0,2816.5,3119.5,3296.0,3328.5,1912.0,1158.0,814.0,1289.0,1454.0,2199.0,2859.0,3138.0,3357.0,3437.0,2301.5,1449.5,864.5,1323.5,1541.5,2219.0,2829.5,3103.5,3410.5,3471.5,3103.0,2311.0,1013.0,1434.0,1899.0,2352.0,2565.0,2779.0,3097.0,3116.0,2874.0,2000.0,860.5,1241.5,1797.5,2174.0,2317.5,2482.0,2612.5,2764.5,1523.0,1151.0,552.0,639.0,776.0,822.0,825.0,913.0,990.0,973.0,2985.0,2192.0,826.0,1193.0,1628.0,1943.0,2072.0,2257.0,2238.0,2482.0,2804.5,2125.0,881.0,1117.0,1516.0,1782.5,1871.0,2004.5,2132.5,2249.0,2508.0,2020.5,664.0,839.5,1115.0,1301.5,1389.0,1514.5,1614.0,1689.0,2464.0,1927.0,721.0,884.0,1157.0,1312.0,1411.0,1549.0,1639.0,1744.0,2275.0,1547.0,561.0,705.0,953.0,1090.0,1165.0,1287.0,1451.0,1441.0,0.0,0.0,0.0,0.0,0.0,0.0,0.0,0.0,0.0,0.0,2300.0,2085.0,792.0,1049.0,1259.0,1360.0,1376.0,1453.0,1563.0,1582.0,740.0,651.0,393.0,401.0,451.0,466.0,471.0,527.0,493.0,558.0,2523.0,2326.0,915.0,1203.0,1421.0,1519.0,1569.0,1651.0,1757.0,1741.0,2702.0,2524.0,1083.0,1329.0,1559.0,1657.0,1676.0,1793.0,1924.0,1901.0,2015.0,1795.0,610.0,749.0,945.0,1031.0,1007.0,1068.0,1168.0,1187.0,1788.0,1622.0,543.0,714.0,853.0,943.0,979.0,1043.0,1113.0,1133.0,1880.0,1717.5,630.0,780.0,934.5,1014.5,1059.5,1117.0,1204.5,1197.5,"{""type"":""MultiPoint"",""coordinates"":[]}"
803_0,3,1996.0,1632.0,600.5,762.0,1025.5,1177.0,1216.5,1303.0,1392.0,1440.5,2558.5,2166.5,969.5,1263.5,1571.5,1728.0,1779.5,1870.0,1989.0,1988.5,2155.5,1775.0,751.0,994.0,1288.5,1406.0,1456.5,1536.0,1656.0,1663.0,185.5,142.5,356.5,547.0,591.0,733.0,580.0,641.5,624.5,579.0,201.0,160.0,524.5,696.5,681.0,889.5,868.5,905.0,910.0,826.0,388.5,287.0,524.5,696.5,681.0,901.5,1007.0,1111.0,1048.5,981.0,754.0,495.5,383.5,659.5,469.0,902.5,1308.0,1438.0,1285.5,1276.5,1082.5,633.5,325.0,632.5,384.0,941.0,2031.5,2413.5,2360.0,2328.0,1311.0,672.5,250.5,552.5,304.5,942.5,2424.0,2898.5,2974.0,3003.0,1477.0,795.5,217.0,568.5,372.0,953.0,2504.0,3136.0,3224.5,3375.5,1568.0,824.5,224.5,485.0,319.5,861.0,2583.0,3433.0,3655.5,3734.5,2293.5,1899.0,641.5,857.0,1132.0,1317.0,1338.0,1472.0,1480.5,1622.0,1718.5,873.0,251.5,546.5,320.5,937.5,2985.5,3913.5,4066.0,4233.0,1678.0,875.5,330.0,883.5,510.5,1479.5,3424.0,4199.0,4321.5,4451.0,1688.5,890.5,463.5,975.5,746.0,1701.5,3378.0,3884.5,3960.0,4159.5,1922.5,1080.0,667.0,1186.5,1132.0,2068.0,3156.0,3566.0,3752.0,3860.0,2186.0,1287.0,692.0,1221.5,1253.5,2147.0,3014.0,3353.5,3646.5,3716.5,2353.0,1410.0,689.0,1194.0,1351.0,2131.0,2936.0,3206.0,3472.0,3616.0,3782.0,2449.0,982.5,1398.5,1840.5,2355.5,2756.5,3062.0,3338.0,3469.5,3650.0,2365.5,846.5,1285.0,1783.0,2282.0,2785.0,3054.0,3421.0,3547.0,3252.0,2068.0,688.0,1110.0,1595.5,2066.0,2485.0,2745.5,2992.5,3095.0,2095.5,1564.0,585.0,855.0,1197.5,1449.5,1543.0,1692.0,1712.0,1866.5,2125.5,1787.0,549.0,766.5,1020.0,1196.0,1237.0,1349.5,1459.5,1487.0,2354.5,1817.5,694.5,953.0,1306.5,1580.5,1679.0,1800.5,1858.0,2005.0,2321.5,1788.0,826.5,1032.5,1320.5,1561.5,1670.0,1762.0,1876.0,1954.0,1969.5,1628.0,569.5,703.0,928.0,1084.0,1157.5,1244.0,1314.5,1387.5,1842.0,1490.0,524.0,705.5,927.5,1072.5,1135.0,1213.0,1257.5,1352.0,1293.0,1119.5,329.5,434.5,612.5,672.5,710.0,756.5,840.0,832.0,0.0,0.0,0.0,0.0,0.0,0.0,0.0,0.0,0.0,0.0,2094.5,1768.0,548.5,733.5,1002.0,1142.0,1177.0,1279.0,1374.0,1386.0,2199.0,1867.5,656.5,791.5,1008.5,1154.5,1209.5,1281.0,1356.0,1434.0,2228.0,1885.0,641.0,845.5,1094.5,1227.5,1325.0,1375.5,1495.5,1535.0,2392.5,1967.5,744.0,871.0,1117.5,1262.0,1344.5,1410.5,1518.5,1578.5,2415.0,1999.5,807.0,938.0,1154.0,1297.0,1428.5,1493.0,1602.5,1654.5,2238.5,1901.5,653.0,880.5,1120.0,1271.0,1368.0,1450.5,1547.5,1583.0,2354.0,1997.5,783.0,1021.5,1308.0,1435.0,1494.5,1592.0,1696.5,1699.0,"{""type"":""MultiPoint"",""coordinates"":[]}"
804_0,3,2060.5,1714.0,648.0,808.5,1097.5,1227.0,1264.5,1345.5,1459.0,1477.5,2478.5,2108.0,1054.5,1359.5,1639.0,1752.5,1780.5,1853.5,1977.5,1929.5,1424.5,1162.5,690.5,934.5,1114.0,1219.5,1160.0,1240.0,1308.5,1308.5,121.0,122.5,538.5,775.5,864.0,992.5,768.0,863.0,839.5,703.0,132.5,119.0,606.0,874.5,973.5,1227.5,1011.5,1069.0,1030.0,922.5,292.5,217.0,653.0,958.5,981.5,1295.5,1121.0,1176.0,1121.0,990.5,825.5,520.0,431.5,752.0,617.5,1076.5,1509.0,1646.0,1523.5,1457.0,1185.5,764.0,398.5,694.5,476.5,1040.0,2049.5,2188.0,2248.5,2068.5,1604.5,784.0,254.0,547.5,255.5,885.0,2977.0,3757.0,3894.5,3839.0,1695.5,829.0,199.0,531.0,246.5,878.5,3046.0,4098.0,4244.5,4244.5,1638.5,797.0,163.0,394.0,208.0,732.5,2894.0,4121.5,4351.0,4413.0,2350.5,1994.5,699.5,930.5,1217.5,1344.0,1425.5,1486.5,1543.0,1597.5,1703.0,828.5,193.5,459.5,239.0,819.5,3149.5,4579.0,4722.0,4799.0,1714.5,837.0,266.5,761.0,396.0,1414.0,3664.5,4689.0,4873.5,4962.0,1794.0,904.5,425.0,906.0,620.5,1604.5,3594.5,4360.5,4497.0,4661.5,2081.5,1114.0,632.0,1111.0,986.5,2040.5,3446.0,3964.0,4190.5,4328.0,2464.0,1448.5,740.0,1298.5,1333.5,2368.0,3415.0,3806.5,4162.5,4237.5,2930.0,1857.0,876.0,1461.0,1782.0,2601.0,3355.0,3709.0,4002.0,4133.0,4382.5,3070.0,1229.0,1751.5,2487.0,2829.5,3145.0,3367.5,3763.5,3871.5,4388.5,3035.5,1229.0,1704.0,2527.0,3004.5,3242.0,3490.5,3888.0,3925.0,2467.5,1898.0,738.5,1074.0,1508.5,1703.0,1803.5,1889.5,2001.5,2052.0,2075.5,1581.0,684.0,960.0,1324.5,1506.0,1552.5,1633.0,1709.5,1757.5,2226.5,1846.0,613.5,841.5,1137.0,1289.0,1326.5,1435.0,1549.0,1570.0,2380.0,1880.5,823.5,1094.0,1477.5,1647.5,1698.0,1797.5,1883.5,1942.5,2300.0,1802.0,908.0,1124.0,1430.5,1590.5,1632.5,1714.0,1827.0,1865.0,1990.5,1623.5,648.5,809.5,1077.0,1195.5,1248.5,1311.0,1451.5,1457.0,1724.0,1433.5,516.5,755.5,1008.0,1126.0,1152.5,1216.0,1311.0,1355.0,1364.0,1180.5,369.5,519.0,700.5,794.0,830.0,860.5,956.0,947.0,0.0,0.0,0.0,0.0,0.0,0.0,0.0,0.0,0.0,0.0,1321.0,906.5,385.0,545.0,743.0,866.0,888.5,977.5,1093.0,1102.5,2077.5,1692.5,734.5,909.5,1090.5,1280.5,1351.0,1433.5,1471.5,1522.0,2363.5,1881.5,907.0,1144.5,1377.5,1505.5,1561.5,1618.0,1754.5,1745.5,2325.5,1903.5,831.0,1008.5,1289.0,1397.0,1438.5,1506.5,1614.0,1660.5,2418.5,1981.0,938.5,1111.0,1371.5,1487.0,1535.5,1608.0,1726.5,1744.5,2239.5,1897.0,737.0,951.0,1221.5,1366.0,1372.0,1448.0,1571.5,1571.0,2269.0,1952.0,852.0,1095.5,1359.0,1485.5,1537.0,1600.5,1717.5,1716.0,"{""type"":""MultiPoint"",""coordinates"":[]}"
805_0,3,1202.0,1051.5,351.5,426.5,540.5,585.0,607.5,678.0,719.5,701.5,2009.0,1837.0,690.5,904.0,1069.0,1159.5,1200.0,1266.5,1344.0,1348.0,2188.5,1999.0,749.0,959.5,1142.5,1245.5,1278.0,1345.0,1415.5,1444.5,2626.0,2405.0,1073.0,1334.0,1552.0,1680.5,1698.0,1759.5,1850.5,1884.5,2842.0,2637.0,1212.0,1454.0,1675.0,1819.0,1863.0,1939.0,2057.0,2032.0,2516.0,2324.0,1196.0,1454.0,1675.0,1819.0,1863.0,1939.0,1805.0,2032.0,390.0,352.0,869.0,1053.0,1122.0,1232.0,933.0,938.0,895.0,773.0,417.0,394.0,897.0,1152.0,1216.0,1396.0,1016.0,1077.0,1002.0,856.0,297.0,234.0,652.0,908.0,909.0,1168.0,844.0,919.0,869.0,737.0,324.5,237.5,491.5,817.0,788.0,1072.5,894.5,1010.5,913.5,762.0,523.5,347.5,373.5,638.5,482.0,891.5,1094.5,1244.0,1085.5,1050.0,1383.0,1230.0,458.0,571.0,703.0,762.0,791.0,838.0,931.0,929.0,1221.0,669.0,322.0,597.0,384.0,930.0,2231.0,2770.0,2508.0,2652.0,1278.0,661.0,164.0,390.0,205.0,724.0,2316.0,2896.0,2813.0,2938.0,1311.0,661.0,164.0,388.0,193.0,700.0,2613.0,3642.0,3376.0,3511.0,1446.0,722.0,342.0,630.0,357.0,1050.0,2920.0,3650.0,3605.0,3756.0,1451.0,757.0,374.0,812.0,500.0,1410.0,2960.0,3448.0,3509.0,3552.0,1502.5,846.0,430.5,897.5,730.5,1671.0,2849.5,3230.5,3273.5,3349.0,1917.5,1090.5,863.0,1328.5,1391.5,2175.5,2912.5,3185.0,3422.0,3482.5,2330.0,1469.5,745.5,1246.0,1431.0,2214.0,2904.0,3172.0,3451.0,3523.0,3436.0,2365.0,975.0,1440.0,1906.0,2477.0,2903.0,3092.0,3420.0,3538.0,2612.5,1879.5,811.5,1179.5,1677.5,2065.0,2153.5,2355.5,2411.5,2609.0,1476.0,1131.0,534.0,636.0,760.0,795.0,822.0,873.0,962.0,940.0,3281.0,2507.0,954.0,1266.0,1759.0,2011.0,2138.0,2304.0,2524.0,2556.0,3217.0,2444.5,1024.5,1310.5,1759.5,2033.0,2132.5,2296.5,2460.5,2528.0,2941.0,2332.5,786.5,1026.0,1367.0,1583.5,1663.5,1776.0,1944.0,2018.5,2867.0,2297.0,879.0,1056.0,1388.0,1590.0,1609.0,1732.0,1938.0,1927.0,2338.0,1514.0,677.0,855.0,1136.0,1347.0,1431.0,1552.0,1701.0,1779.0,0.0,0.0,0.0,0.0,0.0,0.0,0.0,0.0,0.0,0.0,2302.0,2118.0,820.0,1068.0,1266.0,1357.0,1399.0,1469.0,1583.0,1571.0,376.0,330.0,265.0,227.0,214.0,231.0,231.0,253.0,255.0,261.0,2514.0,2307.0,923.0,1207.0,1416.0,1565.0,1556.0,1638.0,1750.0,1750.0,2672.0,2526.0,1105.0,1345.0,1570.0,1677.0,1717.0,1786.0,1950.0,1893.0,2001.0,1792.0,599.0,752.0,954.0,1041.0,1018.0,1097.0,1183.0,1184.0,1835.0,1682.0,597.0,756.0,914.0,1003.0,1024.0,1095.0,1166.0,1198.0,1886.5,1736.0,634.0,807.0,950.0,1037.0,1066.5,1133.0,1220.5,1207.0,"{""type"":""MultiPoint"",""coordinates"":[]}"
806_0,3,1744.0,1430.0,609.5,748.0,959.0,1049.0,1096.5,1154.5,1272.5,1252.5,2182.0,1857.5,823.5,1030.5,1257.0,1358.5,1397.5,1484.0,1581.5,1573.0,2269.0,1956.0,841.0,1107.5,1384.5,1477.0,1499.0,1592.0,1664.0,1665.0,2608.0,2259.5,1174.5,1507.5,1808.5,1924.0,1905.0,1998.5,2074.0,2048.5,2197.0,1888.0,1126.0,1366.0,1528.0,1696.0,1587.0,1680.0,1722.0,1684.0,1038.0,651.0,1126.0,1366.0,1382.0,1573.0,1462.0,1475.0,1568.0,1537.0,379.0,338.0,638.0,953.0,977.0,1391.0,1282.0,1326.0,1281.0,1154.0,427.0,329.0,625.0,936.0,942.0,1280.0,1204.0,1320.0,1252.0,1125.0,683.0,535.0,462.0,763.0,651.0,1057.0,1379.0,1568.0,1379.0,1384.0,1268.5,717.5,241.0,566.5,305.5,963.0,2261.0,2781.5,2630.5,2654.0,1551.5,759.0,145.0,420.5,138.0,765.5,2901.0,3918.0,3874.5,3794.0,1937.0,1638.0,694.0,863.0,1074.0,1177.0,1190.0,1254.0,1342.0,1392.0,1522.0,728.0,161.0,413.0,118.0,712.0,3063.0,4182.0,4108.0,4232.0,1485.0,707.0,70.0,402.0,94.0,811.0,3269.0,4362.0,4501.0,4393.0,1542.0,730.0,154.0,535.0,244.0,1058.0,3522.0,4595.0,4722.0,4762.0,1633.0,760.0,423.0,927.0,587.0,1701.0,3613.0,4292.0,4470.0,4446.0,1634.0,910.0,462.0,1011.0,816.0,1890.0,3183.0,3688.0,4108.0,4025.0,1920.0,1123.0,519.5,1109.0,1106.5,2058.5,3004.0,3316.5,3661.5,3712.0,2302.0,1368.5,883.0,1435.0,1642.5,2331.5,2953.5,3211.5,3625.0,3680.0,2602.5,1678.5,906.0,1428.5,1837.0,2502.5,2995.5,3278.5,3657.5,3683.0,3508.0,2378.0,1041.0,1539.0,2145.5,2633.5,2951.0,3274.0,3635.5,3702.0,3346.0,2274.0,997.0,1482.0,2211.0,2448.0,2772.0,3003.0,3346.0,3422.0,1767.0,1520.0,505.0,707.0,939.0,1036.0,1065.0,1157.0,1280.0,1257.0,3312.0,2333.0,961.0,1314.0,1869.0,2280.0,2501.0,2625.0,2900.0,2882.0,3085.5,2181.0,946.0,1269.0,1808.0,2017.0,2212.0,2404.0,2754.0,2694.0,2803.5,2153.0,704.5,933.5,1275.0,1512.0,1593.0,1741.5,1978.5,2013.0,2892.0,2219.0,792.0,951.0,1272.0,1491.0,1611.0,1734.0,1898.0,1983.0,1647.0,1348.0,509.0,651.0,900.0,979.0,1025.0,1113.0,1254.0,1212.0,692.5,566.0,554.5,579.5,603.0,599.5,611.5,654.5,806.0,699.0,1389.0,1084.0,476.0,622.0,775.0,836.0,902.0,951.0,1044.0,1035.0,416.0,317.0,234.0,217.0,231.0,252.0,252.0,279.0,295.0,303.0,2158.0,1847.0,785.0,976.0,1170.0,1300.0,1295.0,1422.0,1511.0,1505.0,2337.0,1995.0,981.0,1164.0,1326.0,1453.0,1499.0,1553.0,1747.0,1727.0,1738.0,1457.0,569.5,699.5,877.0,944.0,956.5,1016.0,1116.5,1090.5,2055.0,1774.0,826.0,974.5,1151.0,1233.0,1258.5,1325.5,1440.0,1415.0,2169.0,1850.5,858.5,1034.5,1215.0,1311.5,1346.5,1440.5,1550.0,1488.0,"{""type"":""MultiPoint"",""coordinates"":[]}"
807_0,3,1855.5,1521.5,701.0,862.5,1103.5,1239.5,1236.5,1310.5,1430.0,1420.0,2381.0,2040.0,912.5,1178.5,1447.5,1585.5,1584.0,1640.0,1790.5,1753.5,2492.5,2143.5,912.0,1147.0,1439.0,1567.0,1552.0,1632.5,1753.0,1780.5,674.0,487.5,453.0,632.0,651.0,871.0,780.0,873.5,907.5,858.0,535.0,439.5,474.5,655.0,708.0,890.0,761.5,920.0,880.0,898.5,563.0,457.0,511.0,718.0,734.0,983.0,977.0,1060.5,1080.5,947.0,1005.5,675.0,458.0,710.0,546.0,1018.5,1567.0,1730.5,1659.0,1619.5,1333.0,768.5,361.5,739.0,408.0,1114.5,2690.0,2904.5,2999.5,2856.5,1401.0,799.0,281.0,633.5,404.5,1106.5,2650.5,3111.5,3212.5,3153.5,1587.5,907.0,249.0,595.0,452.5,1095.0,2589.5,3188.5,3366.0,3489.5,1791.0,1035.5,228.0,507.5,413.5,978.0,2546.0,3269.5,3624.5,3686.0,2128.5,1789.0,762.0,960.5,1239.5,1387.5,1414.5,1492.5,1553.5,1595.5,1946.0,1070.5,274.5,606.5,364.5,1072.0,2969.0,3847.5,4013.0,4187.5,1878.5,1015.0,295.0,778.0,458.5,1351.5,3313.5,3971.0,4191.0,4260.0,1911.5,1088.5,447.5,889.5,728.5,1549.5,3288.0,3712.5,3982.0,4099.5,2154.5,1236.5,654.0,1125.0,1061.5,1941.0,3096.5,3620.5,3950.0,4006.0,2312.0,1383.5,690.0,1176.5,1255.5,1988.5,2958.0,3261.5,3794.5,3751.0,2596.0,1613.0,741.0,1197.0,1507.0,2141.0,2860.0,3079.0,3504.0,3532.0,4027.5,2764.0,1304.5,1783.5,2439.0,2902.0,3311.0,3622.5,4090.5,4138.0,4085.5,2837.0,1227.5,1742.5,2508.0,2935.0,3258.0,3567.5,4024.0,4052.5,3700.5,2695.0,1166.5,1590.0,2239.0,2641.0,2852.0,3125.5,3546.0,3532.0,2530.5,1908.0,923.5,1221.5,1687.5,1903.0,1883.5,2090.5,2197.5,2174.0,1975.5,1641.0,645.0,865.5,1162.0,1275.0,1272.0,1369.5,1497.5,1471.0,2544.5,1955.5,946.0,1227.0,1677.0,1887.0,1890.0,2045.0,2199.0,2177.0,2422.0,1921.0,1007.5,1221.5,1568.5,1751.5,1818.5,1872.5,2054.0,2051.5,2166.5,1778.5,768.0,939.0,1230.5,1353.5,1377.0,1463.5,1637.0,1625.5,1712.0,1448.0,555.0,684.0,919.5,951.5,1094.5,1083.5,1253.0,1233.5,1250.5,1062.0,334.0,443.5,612.0,675.0,649.5,771.5,841.5,793.0,0.0,0.0,0.0,0.0,0.0,0.0,0.0,0.0,0.0,0.0,2204.0,1875.5,720.5,928.0,1181.0,1298.0,1311.0,1382.5,1519.5,1518.0,2160.0,1854.0,837.0,964.0,1164.0,1281.0,1319.0,1368.5,1524.0,1483.5,2213.5,1892.0,799.5,1004.5,1245.0,1360.5,1381.5,1432.5,1585.0,1571.0,2214.0,1845.0,785.5,949.0,1164.5,1277.0,1288.0,1366.5,1481.0,1491.5,2214.0,1845.0,785.5,949.0,1164.5,1277.0,1288.0,1366.5,1481.0,1491.5,2114.0,1788.5,685.0,845.0,1086.5,1199.5,1218.0,1287.0,1439.0,1442.5,2147.5,1898.5,718.0,878.0,1119.0,1221.0,1251.5,1324.0,1475.0,1474.0,"{""type"":""MultiPoint"",""coordinates"":[]}"
808_0,3,1914.0,1582.5,548.5,686.5,930.0,1052.5,1071.0,1157.0,1244.5,1313.0,2205.5,1928.5,847.0,1096.5,1336.0,1441.5,1469.0,1543.0,1618.5,1611.5,2264.0,1968.0,809.0,1051.0,1305.5,1404.0,1435.5,1518.5,1602.0,1596.0,1375.0,1166.5,549.0,745.5,902.5,1042.0,1046.0,1113.5,1140.5,1132.0,278.0,172.0,553.0,726.0,754.0,933.0,868.0,917.0,931.0,846.0,238.0,192.0,487.0,689.0,706.0,917.0,901.0,972.0,931.0,904.0,615.0,452.0,486.0,672.0,573.0,986.0,1239.0,1356.0,1195.0,1152.0,1127.0,677.0,435.0,672.0,390.0,1019.0,2219.0,2425.0,2486.0,2362.0,1374.0,692.0,272.0,551.0,317.0,1040.0,2945.0,3543.0,3688.0,3761.0,1550.0,827.5,245.0,510.0,340.0,1036.5,2670.5,3277.5,3430.5,3561.0,1588.5,786.0,129.0,347.0,216.5,735.0,2557.5,3478.5,3677.0,3863.5,2183.0,1827.0,613.0,816.0,1052.0,1197.0,1218.0,1303.0,1392.0,1500.0,1677.0,841.0,161.0,412.0,218.0,784.0,2933.0,3821.0,3886.0,4172.0,1728.0,845.0,167.0,601.0,252.0,1082.0,3361.0,4254.0,4423.0,4604.0,1789.0,880.0,343.0,866.0,533.0,1514.0,3735.0,4447.0,4557.0,4796.0,2157.0,1154.0,569.0,1233.0,988.0,2267.0,3865.0,4379.0,4612.0,4762.0,2402.0,1377.5,666.5,1282.0,1197.0,2285.0,3451.0,3890.0,4257.0,4310.5,2639.0,1585.5,705.0,1293.5,1393.5,2299.5,3270.5,3685.5,3946.5,4114.5,3439.0,2269.5,1007.0,1445.0,1759.0,2535.5,3166.5,3509.0,3889.0,3997.5,4187.0,2829.0,1084.5,1511.0,2113.5,2643.5,2973.0,3288.0,3775.0,3831.5,3742.0,2632.0,951.5,1406.0,2054.5,2420.5,2702.5,2980.0,3394.0,3461.5,2894.0,2190.0,880.0,1201.0,1757.0,2009.0,2131.0,2261.0,2489.0,2555.0,2167.5,1802.5,607.5,759.5,1040.0,1158.0,1189.5,1274.5,1418.5,1426.0,2940.5,2234.0,903.0,1229.0,1766.0,1991.0,2116.5,2277.5,2502.5,2527.0,2823.0,2151.5,980.0,1256.0,1723.0,1939.0,2009.0,2186.0,2397.0,2421.0,2518.5,2019.0,737.0,940.5,1294.0,1449.0,1527.5,1657.0,1862.0,1843.5,2665.0,2104.5,784.0,976.0,1326.0,1486.0,1569.5,1680.0,1861.0,1877.0,2186.0,1431.0,599.0,748.0,1058.0,1177.0,1258.0,1332.0,1539.0,1534.0,0.0,0.0,0.0,0.0,0.0,0.0,0.0,0.0,0.0,0.0,1839.0,1557.0,521.0,675.0,880.0,975.0,966.0,1061.0,1145.0,1190.0,1910.0,1641.0,593.0,681.0,861.0,972.0,979.0,1037.0,1105.0,1134.0,2145.5,1844.0,663.5,830.5,1046.5,1158.0,1192.0,1252.0,1355.0,1382.0,2149.0,1794.0,608.0,704.0,949.0,1049.0,1022.0,1059.0,1162.0,1254.0,2218.5,1896.0,703.0,804.5,1020.0,1133.0,1167.0,1225.5,1313.5,1401.5,1968.0,1740.0,683.0,803.0,996.0,1110.0,1148.0,1215.0,1319.0,1328.0,1968.0,1740.0,665.0,803.0,996.0,1110.0,1148.0,1215.0,1319.0,1328.0,"{""type"":""MultiPoint"",""coordinates"":[]}"
809_0,3,1937.5,1641.5,553.0,728.5,1002.0,1116.0,1177.0,1253.0,1370.5,1389.0,2230.0,1941.0,919.0,1192.0,1424.5,1558.5,1595.5,1668.0,1752.0,1727.5,2314.5,2014.5,887.5,1127.0,1391.5,1532.5,1562.0,1627.5,1736.5,1718.0,1832.0,1617.5,793.5,1020.0,1252.5,1348.0,1377.5,1451.5,1496.5,1520.0,338.0,286.0,794.5,959.5,1031.5,1197.0,1108.0,1154.5,1062.0,1073.5,338.0,286.0,785.5,959.5,1031.5,1197.0,1108.0,1154.5,1206.0,1080.0,295.0,209.5,527.0,717.0,711.5,977.5,1012.5,1101.0,1112.0,970.5,537.5,359.0,532.0,715.5,624.0,1038.0,1455.5,1619.5,1506.0,1403.0,863.0,576.5,352.0,595.0,467.0,992.0,1954.5,2141.5,2068.0,1919.0,1180.5,659.5,291.5,567.5,377.5,987.5,2413.0,2834.5,2768.5,2711.5,1306.0,673.5,221.0,443.5,272.5,802.5,2712.5,3469.0,3535.0,3510.0,2258.0,1934.5,638.0,868.5,1164.0,1334.0,1351.5,1459.5,1529.5,1600.0,1426.5,733.5,216.0,433.5,250.5,824.5,2792.5,3613.5,3636.5,3710.0,1521.0,758.5,201.5,481.5,264.0,962.5,2976.5,3837.5,3873.5,3899.5,1649.0,836.0,341.5,733.5,470.0,1310.5,3159.0,3919.5,3978.0,4181.0,1764.5,955.0,558.5,1036.5,787.0,1804.0,3225.5,3662.0,3802.0,3937.0,1898.5,1083.0,583.0,1104.5,973.5,1896.0,2872.0,3224.0,3545.0,3543.5,2303.0,1418.0,660.0,1111.0,1372.0,2002.0,2567.0,2857.0,3094.0,3217.0,3123.0,2000.5,963.0,1332.5,1729.5,2275.0,2664.5,2947.5,3217.0,3321.5,3693.0,2556.0,892.0,1278.0,1948.0,2322.0,2511.0,2826.5,3222.0,3264.5,3615.5,2555.0,881.0,1306.0,1911.5,2251.0,2440.5,2647.0,3004.5,3070.5,2378.0,1879.5,693.5,999.5,1414.5,1624.0,1673.5,1825.0,1912.5,1968.5,2033.5,1716.5,532.5,770.0,1061.0,1198.5,1244.0,1321.5,1442.0,1481.0,2432.0,1918.0,722.5,1034.0,1431.0,1642.0,1698.0,1840.0,1904.5,1993.5,2365.5,1861.0,831.0,1071.0,1429.0,1597.0,1678.5,1765.5,1930.5,1951.5,2119.5,1735.5,651.0,833.0,1133.5,1269.5,1335.0,1423.0,1565.5,1576.0,2414.5,1965.5,767.0,995.5,1330.5,1490.0,1556.0,1644.5,1768.0,1831.5,2077.5,1510.0,1817.5,1829.0,1922.0,2046.0,2051.5,2129.5,2222.0,2190.0,0.0,0.0,0.0,0.0,0.0,0.0,0.0,0.0,0.0,0.0,1607.5,1278.5,447.5,599.5,823.5,960.0,1000.0,1018.0,1171.5,1147.5,1865.0,1601.5,634.5,775.0,960.0,1069.0,1125.0,1186.0,1272.0,1300.0,2321.0,1973.5,807.5,1000.0,1254.5,1369.5,1457.0,1502.0,1628.5,1608.5,2282.0,1938.5,803.0,1001.0,1250.0,1329.0,1363.5,1470.0,1634.5,1596.5,2066.0,1711.5,637.0,776.5,1027.5,1115.0,1130.0,1205.0,1329.0,1325.0,2023.5,1773.0,653.0,833.5,1059.5,1192.0,1223.0,1323.0,1407.5,1409.5,2060.0,1825.0,688.5,878.5,1102.5,1243.0,1256.0,1357.0,1458.0,1447.5,"{""type"":""MultiPoint"",""coordinates"":[]}"
810_0,3,1731.5,1440.5,515.0,626.5,868.5,990.5,1024.0,1107.0,1174.0,1210.5,2471.0,2093.5,965.5,1276.5,1563.0,1696.5,1748.5,1821.0,1925.5,1914.5,2480.0,2075.0,882.0,1173.0,1472.0,1607.0,1655.5,1731.0,1815.5,1833.5,2399.5,2023.5,882.5,1152.0,1429.5,1553.5,1609.0,1685.0,1756.5,1791.0,643.0,560.5,720.0,955.5,1031.0,1252.5,1056.0,1099.0,1061.0,949.5,246.5,206.5,594.5,837.5,922.0,1148.0,989.5,1069.5,1008.5,941.5,436.0,312.5,549.5,825.5,822.5,1133.0,1169.5,1289.5,1138.0,1131.5,889.5,614.5,555.0,832.0,704.5,1149.0,1691.0,1783.5,1619.5,1641.0,1292.5,789.0,379.5,774.5,443.5,1161.5,2606.5,2928.5,2868.0,2761.0,1738.5,964.5,311.5,732.0,447.0,1253.0,2988.5,3564.5,3547.5,3683.0,1638.5,887.0,295.0,666.0,431.5,1204.5,2841.0,3440.0,3431.5,3541.0,2063.0,1715.5,611.0,796.5,1030.5,1198.5,1202.0,1272.0,1361.0,1447.0,1541.5,827.5,268.5,607.0,405.5,1108.0,2681.0,3317.5,3278.5,3449.5,1371.5,703.0,199.0,528.5,335.5,1000.5,2632.0,3233.5,3236.5,3458.5,1378.0,699.0,246.0,566.0,297.5,950.0,2885.5,3476.5,3418.5,3619.0,1703.5,874.5,463.5,921.5,490.0,1483.5,3393.0,3900.0,4022.0,4052.5,1709.0,896.0,438.0,974.0,569.5,1575.0,3176.0,3676.5,3933.5,3858.5,1759.0,986.0,482.0,1068.0,770.0,1909.0,3159.0,3457.0,3646.0,3719.0,2026.0,1128.5,730.0,1337.0,1149.5,2306.0,3163.0,3478.0,3723.5,3846.0,2426.0,1479.0,752.0,1375.0,1638.5,2526.0,2938.5,3201.5,3532.0,3604.5,3828.0,2582.0,1064.5,1519.0,2106.0,2492.0,2762.5,3006.0,3389.0,3506.5,1776.5,1351.0,467.0,669.0,956.5,1130.0,1152.0,1273.5,1311.5,1391.5,1873.0,1576.5,478.5,701.0,924.5,1059.0,1118.0,1176.5,1285.5,1285.0,1818.0,1436.0,476.5,695.0,949.0,1112.5,1153.5,1246.5,1305.0,1344.0,2090.5,1684.0,790.5,948.5,1155.0,1307.0,1373.0,1459.0,1507.5,1573.0,1810.5,1511.0,535.0,677.0,855.0,996.5,1029.0,1116.5,1150.5,1224.5,1958.0,1650.5,632.5,748.0,923.5,1084.5,1091.0,1202.0,1212.0,1284.5,1632.5,1370.5,418.0,556.0,758.0,825.0,928.0,928.0,1059.5,1068.0,0.0,0.0,0.0,0.0,0.0,0.0,0.0,0.0,0.0,0.0,1488.5,1105.5,391.0,543.0,721.5,872.0,903.5,970.0,1024.5,1053.5,1796.5,1474.0,584.5,724.0,873.0,1006.0,1033.5,1096.5,1174.5,1222.0,2198.5,1823.5,753.5,962.0,1185.0,1312.5,1374.0,1440.0,1542.0,1564.0,2181.0,1817.0,790.0,955.5,1179.5,1290.5,1341.5,1435.0,1524.0,1528.5,2018.5,1660.5,745.0,854.0,1027.5,1138.0,1176.0,1259.5,1331.0,1367.5,2060.0,1745.5,659.5,851.5,1089.5,1189.0,1277.0,1324.5,1409.5,1457.5,2224.0,1907.0,798.5,1061.5,1323.5,1438.5,1492.5,1534.0,1655.5,1666.5,"{""type"":""MultiPoint"",""coordinates"":[]}"
811_0,3,1775.5,1484.5,627.0,785.0,1032.5,1121.0,1163.5,1200.0,1314.5,1299.0,2455.0,2158.0,1012.5,1299.0,1590.0,1703.0,1714.5,1786.5,1891.0,1893.0,2523.0,2200.5,952.5,1246.0,1525.0,1650.5,1691.0,1761.5,1845.0,1852.0,2406.5,2119.0,917.0,1203.0,1475.5,1601.5,1622.0,1705.0,1754.5,1779.5,496.0,554.0,743.0,1091.0,1059.0,1328.0,958.0,999.0,913.0,861.0,496.0,504.0,947.0,1184.0,1232.0,1364.0,1110.0,999.0,997.0,861.0,552.0,438.0,638.0,928.0,889.0,1288.0,1231.0,1288.0,1242.0,1125.0,705.0,530.0,638.0,928.0,865.0,1288.0,1400.0,1492.0,1456.0,1305.0,795.0,543.0,408.0,664.0,502.0,1177.0,1504.0,1657.0,1599.0,1451.0,1077.5,707.5,256.5,533.0,341.0,987.0,1925.5,2303.0,2275.0,2031.0,1279.0,779.5,232.5,465.5,288.5,971.5,2333.5,2990.0,3123.0,2879.5,1996.5,1715.0,752.5,941.0,1174.5,1261.0,1305.0,1343.5,1468.5,1479.5,1346.0,802.0,258.0,470.0,294.0,888.0,2622.0,3355.0,3508.0,3364.0,1296.0,702.0,145.0,396.0,201.0,807.0,2458.0,3236.0,3392.0,3351.0,1268.0,672.0,145.0,393.0,194.0,807.0,2647.0,3578.0,3645.0,3610.0,1506.0,772.0,324.0,692.0,344.0,1094.0,3056.0,3903.0,4156.0,4144.0,1694.0,901.0,408.0,927.0,499.0,1491.0,3382.0,3963.0,4367.0,4220.0,1799.0,1018.5,422.5,1011.5,552.5,1678.5,3360.0,3727.5,4088.0,3841.0,2026.0,1152.0,908.0,1576.0,1385.5,2240.0,3406.5,3596.0,4033.5,3879.5,2420.5,1550.0,960.0,1609.5,1652.0,2525.0,3304.5,3534.5,3952.0,3980.0,3265.0,2350.0,1098.5,1667.5,2219.0,2625.0,3011.0,3094.0,3467.0,3500.0,2913.0,2215.0,944.0,1277.0,1769.0,1986.0,2162.0,2291.0,2363.0,2488.0,1825.0,1565.0,552.0,764.0,1022.0,1079.0,1120.0,1201.0,1327.0,1263.0,2913.0,2241.0,914.0,1277.0,1754.0,1983.0,2156.0,2239.0,2305.0,2456.0,2796.5,2204.0,928.0,1182.0,1570.5,1751.5,1817.0,1916.0,2084.5,2170.0,2545.0,2095.5,707.5,926.5,1219.5,1354.5,1452.5,1529.0,1662.5,1679.0,2723.0,2298.0,796.0,1001.0,1278.0,1430.0,1508.0,1634.0,1707.0,1740.0,2205.0,1551.0,596.0,768.0,1018.0,1156.0,1206.0,1285.0,1471.0,1420.0,737.0,501.0,586.0,544.0,549.0,595.0,624.0,660.0,731.0,680.0,1687.0,1405.0,559.0,722.0,922.0,993.0,1008.0,1094.0,1185.0,1180.0,713.0,624.0,312.0,340.0,415.0,457.0,482.0,563.0,414.0,593.0,2208.0,1956.0,735.0,976.0,1205.0,1323.0,1356.0,1418.0,1502.0,1515.0,2380.0,2102.0,935.0,1125.0,1345.0,1440.0,1486.0,1594.0,1705.0,1674.0,1905.0,1637.0,595.0,721.0,964.0,1032.0,1010.0,1104.0,1160.0,1175.0,2006.0,1733.0,722.0,859.0,1085.0,1169.0,1203.0,1261.0,1373.0,1375.0,2195.0,1933.5,816.0,1022.5,1249.5,1359.5,1368.5,1448.5,1594.0,1542.5,"{""type"":""MultiPoint"",""coordinates"":[]}"
812_0,3,1792.0,1503.5,531.5,665.5,911.5,1042.5,1070.5,1149.0,1290.0,1302.5,2202.0,1937.5,864.5,1120.0,1375.0,1479.5,1517.5,1582.5,1687.5,1693.0,2321.0,2024.5,831.0,1086.5,1345.0,1459.0,1529.5,1614.0,1686.5,1696.5,2249.5,1980.0,820.5,1064.5,1311.5,1416.0,1490.0,1562.0,1631.0,1635.5,204.0,174.5,539.5,749.5,842.5,1018.0,892.0,972.5,886.5,905.0,327.5,233.0,625.5,791.0,881.5,1022.0,993.5,1081.0,1085.5,1022.0,585.0,389.0,553.5,772.5,760.0,1085.5,1411.5,1550.0,1576.5,1482.5,1037.5,707.0,485.5,747.5,564.5,1102.0,1959.0,2120.5,2030.5,2000.5,1402.5,715.5,277.5,566.0,322.5,1001.5,3017.5,3710.5,3744.5,3794.5,1710.0,915.5,269.0,610.5,445.0,1133.0,3042.5,3811.5,3998.5,4158.5,1764.0,929.5,243.0,508.0,426.0,981.0,2868.0,3764.0,3954.0,4151.0,2057.0,1730.5,590.0,788.5,1073.0,1208.5,1241.0,1306.0,1423.0,1453.5,1813.5,940.0,257.5,522.5,423.0,994.0,2905.5,3717.5,3854.5,4102.5,1839.5,926.5,252.0,595.0,416.0,1121.5,3155.0,3973.0,4209.5,4334.0,1902.0,962.5,399.0,851.0,599.0,1505.0,3417.5,4143.5,4232.0,4460.5,1968.0,1111.5,564.5,1048.0,896.0,1878.0,3314.0,3793.0,3946.5,4099.5,2085.0,1210.0,602.0,1106.5,1043.0,1941.5,3027.0,3397.0,3725.5,3796.5,2363.0,1434.0,626.0,1087.0,1229.0,2002.0,2822.0,3171.0,3416.0,3579.0,3258.0,2087.5,974.5,1427.0,1719.0,2359.5,2979.0,3290.5,3631.0,3749.0,3914.5,2641.5,1016.0,1467.5,2074.0,2566.0,2927.5,3203.5,3608.5,3688.0,3428.5,2466.0,764.5,1173.5,1763.0,2150.5,2396.5,2624.5,2932.5,3025.5,2342.5,1852.0,715.5,995.5,1362.0,1618.0,1666.0,1780.0,1864.5,1988.0,1904.0,1579.5,474.5,665.5,970.5,1092.0,1128.0,1255.0,1352.0,1373.0,2265.0,1834.0,736.5,1001.0,1368.5,1616.0,1665.5,1747.5,1813.5,1945.0,2184.0,1729.5,846.0,1054.0,1363.5,1521.0,1587.0,1697.0,1805.0,1873.5,2098.0,1696.5,660.5,831.5,1098.5,1238.0,1295.5,1398.5,1528.5,1538.0,2267.5,1892.0,774.5,927.0,1202.0,1363.0,1424.0,1511.5,1602.5,1650.0,1825.0,1511.0,509.5,661.0,877.0,1003.0,1053.5,1133.0,1262.0,1276.0,0.0,0.0,0.0,0.0,0.0,0.0,0.0,0.0,0.0,0.0,1641.5,1296.0,486.5,616.5,858.5,947.5,1001.0,1075.5,1221.5,1199.5,1894.0,1558.0,622.0,750.5,951.0,1065.0,1126.5,1192.5,1291.0,1303.0,2385.0,2015.5,799.0,1013.5,1275.0,1422.5,1477.5,1552.0,1679.5,1712.0,2285.5,1898.0,767.5,943.0,1220.0,1345.5,1370.5,1458.5,1596.5,1609.5,1892.5,1549.5,574.0,708.5,921.0,1021.0,1032.5,1094.0,1233.0,1222.5,1959.0,1745.0,638.5,790.0,1004.5,1095.5,1156.5,1245.5,1341.0,1345.5,1956.0,1745.0,617.5,804.0,1019.0,1084.5,1156.5,1245.5,1341.0,1345.5,"{""type"":""MultiPoint"",""coordinates"":[]}"
813_0,3,1865.0,1475.5,578.0,744.0,985.5,1123.5,1125.5,1191.0,1309.0,1349.0,2300.5,1894.0,843.0,1097.5,1323.0,1438.5,1471.5,1545.5,1614.5,1639.5,2568.5,2166.0,1003.0,1281.5,1553.5,1660.5,1677.5,1739.5,1846.5,1873.5,2898.0,2443.0,1199.5,1522.5,1813.0,1968.0,1990.5,2058.5,2163.5,2167.5,420.0,363.0,920.0,1237.0,1303.0,1543.0,1192.0,1207.0,1213.0,968.0,411.0,334.0,750.0,1039.0,1161.0,1431.0,1192.0,1207.0,1213.0,978.0,546.0,392.0,750.0,1026.0,1137.0,1380.0,1370.0,1436.0,1401.0,1354.0,747.0,484.0,635.0,968.0,957.0,1358.0,1396.0,1570.0,1515.0,1413.0,1267.0,880.0,563.0,862.0,744.0,1274.0,2015.0,2155.0,2049.0,2100.0,1623.0,885.5,359.0,719.0,483.0,1149.5,2824.0,3450.0,3299.5,3372.0,1642.5,817.5,237.5,479.0,288.0,840.0,2935.5,3988.0,3974.5,4103.0,2114.0,1669.0,687.0,875.0,1110.0,1245.0,1292.0,1370.0,1433.0,1498.0,1595.0,804.0,245.0,483.0,281.0,808.0,3000.0,4053.0,4076.0,4211.0,1560.0,779.0,162.0,458.0,256.0,879.0,3131.0,4206.0,4237.0,4449.0,1661.0,821.0,256.0,643.0,390.0,1178.0,3278.0,4292.0,4370.0,4605.0,1730.0,887.0,442.0,934.0,650.0,1665.0,3218.0,3904.0,4003.0,4140.0,1759.5,966.0,476.5,962.0,764.5,1720.5,3001.0,3413.0,3702.0,3792.5,2194.0,1352.0,571.5,1057.0,1226.5,1981.5,2726.5,3100.5,3261.5,3388.5,2783.0,1783.0,939.0,1419.0,1772.5,2523.0,3081.0,3393.5,3662.5,3751.5,3757.0,2591.5,1169.5,1654.5,2273.0,2929.5,3272.5,3537.5,3874.0,4002.5,4108.5,2899.5,1167.0,1648.0,2394.5,2795.0,2966.0,3178.0,3462.0,3547.0,3480.0,2506.0,1059.0,1466.0,2173.0,2637.0,2742.0,2867.0,3057.0,3266.0,2109.5,1699.0,667.0,852.5,1122.0,1228.5,1266.0,1347.5,1470.0,1515.5,2574.0,2004.5,810.0,1122.5,1528.5,1730.0,1787.5,1937.5,2047.5,2099.5,2475.5,1934.5,859.0,1117.5,1477.0,1606.5,1705.0,1833.0,1964.5,1959.0,2269.0,1789.0,662.0,873.0,1193.5,1307.0,1361.0,1460.0,1611.0,1624.0,2340.5,1878.0,729.0,915.5,1216.5,1347.5,1392.5,1488.5,1608.0,1646.5,1947.0,1368.0,538.0,706.0,973.0,1080.0,1110.0,1200.0,1336.0,1353.0,0.0,0.0,0.0,0.0,0.0,0.0,0.0,0.0,0.0,0.0,1807.0,1331.0,601.0,792.0,1004.0,1116.0,1124.0,1197.0,1322.0,1321.0,2136.0,1663.0,727.0,914.0,1113.0,1235.0,1257.0,1306.0,1387.0,1442.0,2615.0,2099.0,963.0,1236.0,1472.0,1613.0,1615.0,1661.0,1818.0,1794.0,2467.0,1957.5,964.5,1165.5,1394.0,1497.5,1482.0,1543.0,1699.0,1681.5,2038.5,1577.0,753.0,900.5,1113.5,1208.5,1198.5,1261.5,1279.5,1379.5,2510.0,2078.0,934.0,1150.0,1362.5,1492.0,1594.5,1678.5,1780.0,1809.5,2294.0,1896.0,793.0,1030.0,1273.0,1372.0,1429.0,1490.0,1589.0,1624.0,"{""type"":""MultiPoint"",""coordinates"":[]}"
814_0,3,3362.0,2680.0,1696.5,1746.0,1968.0,2096.5,2267.5,2395.0,2720.0,2657.0,2293.0,2082.0,699.0,974.0,1301.0,1432.0,1466.0,1576.0,1679.0,1723.0,2552.0,2379.0,849.0,1098.0,1448.0,1596.0,1645.0,1785.0,1866.0,1897.0,1297.0,1208.5,536.0,732.5,935.5,1010.5,964.0,1004.0,1038.0,992.0,506.0,466.0,491.0,675.0,791.0,936.0,774.0,823.0,817.0,687.0,511.0,439.0,339.0,571.0,535.0,798.0,774.0,823.0,800.0,687.0,790.0,607.0,293.0,661.0,329.0,919.0,1169.0,1321.0,1221.0,1140.0,1261.0,788.0,301.0,661.0,357.0,1061.0,2050.0,2310.0,2267.0,2203.0,1173.0,658.0,214.0,491.0,201.0,816.0,1976.0,2331.0,2181.0,2178.0,1172.5,618.5,145.0,413.5,179.5,720.0,2071.5,2613.5,2543.0,2576.5,1154.0,595.0,98.5,286.0,107.5,514.5,2120.5,2839.5,2870.5,2888.0,3042.0,2446.0,757.0,945.0,1334.0,1510.0,1621.0,1739.0,1988.0,2036.0,1347.0,659.5,82.5,280.5,77.5,560.5,2602.5,3706.5,3604.5,3714.0,1330.0,648.5,139.0,550.0,203.5,1025.5,3130.0,3958.0,3975.5,4141.5,1348.0,663.0,507.0,825.0,614.0,1313.0,3269.0,3924.0,3935.0,4111.0,1442.0,818.0,702.0,1084.0,978.0,1869.0,3084.0,3485.0,3594.0,3702.0,1661.0,959.0,589.0,1065.0,978.0,1869.0,2870.0,3219.0,3475.0,3503.0,2105.0,1273.0,675.0,1128.0,1213.0,2112.0,2872.0,3219.0,3397.0,3503.0,4320.5,3047.5,1116.0,1542.0,2064.5,2598.0,3001.0,3302.5,3579.5,3794.0,4150.5,3057.5,1078.5,1472.5,2059.0,2448.5,2765.5,3007.5,3314.5,3363.5,3934.0,2748.0,1081.0,1439.0,1878.0,2161.0,2504.0,2753.0,3167.0,3177.0,3235.0,2288.0,934.0,1249.0,1705.0,1959.0,2275.0,2468.5,2772.0,2797.0,3123.0,2445.0,648.0,897.0,1275.0,1462.0,1566.0,1680.0,1925.0,1974.0,3500.5,2768.0,754.0,1023.0,1382.0,1646.0,1935.0,2111.5,2275.0,2413.5,3957.0,3397.5,2142.0,2290.5,2476.0,2769.0,3145.0,3332.0,3498.5,3488.5,3136.0,2548.0,762.0,885.5,1094.0,1326.5,1603.5,1786.0,1921.0,1985.5,3010.5,2448.5,737.0,868.5,1049.5,1300.0,1595.0,1767.0,1880.0,1986.5,2283.0,1634.0,419.5,615.0,813.0,1072.0,1313.0,1463.0,1641.5,1721.0,0.0,0.0,0.0,0.0,0.0,0.0,0.0,0.0,0.0,0.0,3550.0,2746.0,830.0,1150.0,1680.0,1853.0,1920.0,2122.0,2357.0,2427.0,2606.0,2058.0,957.0,1217.0,1680.0,1924.0,2007.0,2153.0,2357.0,2464.0,3462.0,2680.0,994.0,1268.0,1700.0,1912.0,2073.0,2182.0,2494.0,2520.0,2064.0,1664.0,618.0,734.0,953.5,1060.0,1163.5,1224.0,1426.5,1410.0,1051.0,880.0,333.0,425.0,571.0,634.0,653.0,697.5,799.0,799.0,2104.0,1880.0,630.0,828.0,1133.0,1239.0,1294.0,1365.0,1499.0,1466.0,2119.0,1938.0,644.0,852.5,1163.0,1282.5,1321.0,1405.5,1520.0,1517.5,"{""type"":""MultiPoint"",""coordinates"":[]}"
815_0,3,1756.5,1465.5,590.0,736.0,953.5,1075.0,1116.5,1177.5,1258.0,1294.5,2188.0,1864.0,802.5,1008.0,1230.5,1341.5,1385.0,1472.0,1564.5,1585.0,2243.5,1931.5,804.0,1063.5,1316.0,1428.0,1459.0,1535.5,1599.0,1623.5,2571.0,2226.5,1113.5,1419.5,1690.5,1817.0,1833.5,1908.5,1999.0,1989.5,2160.0,1893.0,1108.0,1408.0,1582.0,1655.0,1556.0,1633.0,1712.0,1688.0,502.0,451.0,1077.0,1513.0,1476.0,1655.0,1181.0,1186.0,1135.0,919.0,476.0,374.0,605.0,925.0,845.0,1164.0,1069.0,1141.0,1075.0,944.0,618.0,438.0,591.0,925.0,802.0,1164.0,1124.0,1212.0,1159.0,1031.0,751.0,570.0,457.0,748.0,642.0,1001.0,1237.0,1343.0,1304.0,1225.0,1342.5,735.0,224.5,527.5,276.5,834.0,2257.0,2836.0,2726.0,2724.0,1628.0,809.5,115.0,357.5,116.0,637.5,2835.5,4064.0,4134.5,4041.0,1968.0,1668.0,654.0,848.0,1061.0,1199.0,1226.0,1261.0,1382.0,1418.0,1604.0,784.0,141.0,386.0,125.0,660.0,3076.0,4415.0,4401.0,4526.0,1538.0,748.0,102.0,379.0,122.0,757.0,3328.0,4670.0,4833.0,4835.0,1606.0,783.0,193.0,571.0,287.0,1050.0,3527.0,4686.0,4843.0,5050.0,1666.0,819.0,451.0,1006.0,617.0,1762.0,3691.0,4538.0,4691.0,4766.0,1690.0,927.0,510.5,1106.0,787.0,1912.0,3572.0,4050.5,4430.5,4401.5,2023.0,1203.5,613.0,1279.0,1235.0,2354.0,3409.0,3774.0,4095.5,4155.0,2546.0,1562.5,1045.5,1585.0,1782.5,2620.5,3323.0,3655.5,4017.5,4027.5,2902.0,1888.0,1063.5,1672.5,2078.0,2945.0,3412.5,3730.0,4110.0,4158.5,3790.5,2655.5,1244.5,1796.0,2470.5,3097.0,3374.0,3733.5,4095.5,4154.0,3795.0,2671.0,1151.0,1636.0,2403.0,2860.0,2916.0,3217.0,3443.0,3511.0,1852.0,1557.0,498.0,711.0,947.0,1072.0,1114.0,1167.0,1266.0,1301.0,3631.0,2671.0,1047.0,1445.0,2002.0,2360.0,2489.0,2625.0,2897.0,2965.0,3435.5,2549.0,1068.0,1409.5,1937.0,2167.0,2350.5,2510.0,2745.0,2775.5,3110.5,2438.0,849.0,1080.5,1445.5,1659.0,1723.0,1866.5,2020.0,2070.0,3157.0,2569.0,913.0,1095.0,1444.0,1657.0,1722.0,1841.0,1978.0,2069.0,1551.0,1294.0,439.0,591.0,791.0,879.0,943.0,1003.0,1100.0,1099.0,615.0,534.0,280.0,391.0,479.0,538.0,538.0,596.0,600.0,634.0,1458.0,1137.0,448.0,609.0,774.0,883.0,929.0,975.0,1049.0,1069.0,1281.0,1072.0,455.0,558.0,660.0,739.0,796.0,835.0,856.0,916.0,2185.0,1866.0,783.0,975.0,1176.0,1301.0,1333.0,1391.0,1528.0,1528.0,2014.0,2017.0,947.0,1127.0,1313.0,1435.0,1483.0,1570.0,1613.0,1657.0,1769.5,1507.5,581.0,710.5,887.5,968.0,959.5,1036.0,1118.5,1117.5,2157.0,1871.5,848.5,998.5,1171.5,1264.0,1291.0,1373.5,1478.0,1464.0,2186.5,1881.5,863.0,1037.5,1225.0,1314.0,1370.0,1437.5,1548.5,1520.5,"{""type"":""MultiPoint"",""coordinates"":[]}"
816_0,3,1968.0,1635.5,686.0,839.5,1076.5,1244.0,1263.0,1382.5,1417.0,1457.5,2538.0,2171.5,981.0,1252.0,1541.0,1680.0,1715.0,1807.0,1898.5,1900.0,2618.5,2247.0,948.5,1197.5,1512.5,1661.5,1670.0,1720.0,1834.0,1850.5,473.0,424.0,627.0,846.0,829.5,947.0,889.0,924.5,897.5,892.0,284.5,283.0,450.5,608.0,660.0,794.5,636.0,701.0,672.5,639.0,355.0,283.0,511.0,719.5,725.5,917.5,847.5,928.0,909.5,817.5,705.5,532.0,452.0,766.0,550.5,1067.5,1411.5,1532.5,1439.5,1395.5,1483.5,794.5,368.5,765.0,385.0,1097.0,3109.5,3588.0,3551.5,3567.5,1639.5,837.0,238.0,633.5,314.5,1046.5,3376.0,4236.5,4337.0,4432.5,1717.0,889.5,222.0,581.0,341.0,984.5,3010.0,4035.5,4182.0,4313.5,1717.5,885.0,190.0,424.5,281.5,757.5,2853.5,4063.0,4291.0,4424.0,2242.0,1849.0,730.0,909.5,1177.0,1400.5,1367.0,1461.0,1467.5,1634.5,1789.5,900.0,241.0,517.0,341.0,901.5,3115.0,4297.0,4486.5,4646.0,1782.0,900.0,279.0,773.5,476.5,1336.0,3466.5,4539.5,4807.0,4896.0,1891.5,976.5,432.5,900.5,672.5,1509.5,3493.5,4370.0,4636.0,4781.0,2210.5,1197.0,661.5,1092.5,1050.0,2013.5,3399.5,4028.5,4293.0,4473.5,2512.5,1496.0,734.5,1221.5,1376.5,2153.5,3331.5,3851.5,4244.0,4347.0,3293.0,2042.0,984.0,1523.0,2053.0,2834.0,3575.0,3868.0,4347.0,4476.0,4289.0,2953.0,1334.5,1808.5,2628.5,3173.0,3640.0,4009.0,4397.0,4560.5,4321.0,2950.5,1217.5,1755.5,2603.0,3058.0,3335.0,3637.5,4081.0,4218.0,3399.0,2593.0,1079.0,1439.5,2033.5,2384.0,2586.5,2737.5,3089.5,3226.5,2181.0,1661.5,795.5,1056.5,1461.0,1680.5,1700.0,1846.0,1896.0,1992.0,2091.0,1764.5,644.0,818.0,1094.5,1225.5,1300.5,1333.0,1400.0,1470.5,2438.0,1891.0,883.0,1140.5,1533.0,1755.0,1814.5,1924.5,1945.0,2087.0,2367.0,1854.0,1002.0,1192.5,1519.5,1736.5,1762.0,1876.0,1967.5,2023.0,2150.0,1745.0,765.5,925.0,1187.0,1359.5,1374.0,1487.5,1545.0,1593.0,1672.0,1405.0,544.0,667.0,872.5,987.0,989.0,1084.0,1148.5,1138.5,1245.5,1078.5,381.5,468.5,647.5,711.5,754.5,785.0,891.5,887.0,0.0,0.0,0.0,0.0,0.0,0.0,0.0,0.0,0.0,0.0,2215.0,1909.5,687.0,874.5,1103.0,1253.5,1327.5,1323.5,1440.5,1467.0,3379.0,3072.5,1684.5,1838.5,2028.0,2272.0,2512.5,2653.5,2608.5,2752.0,2280.0,1927.5,782.5,982.0,1180.5,1354.5,1408.0,1479.5,1587.5,1607.5,2333.5,1931.5,768.5,890.5,1084.5,1318.5,1357.0,1415.0,1521.0,1580.0,2333.5,1931.5,768.5,890.5,1084.5,1318.5,1357.0,1415.0,1521.0,1580.0,2120.0,1795.5,698.0,855.5,1033.0,1209.5,1358.5,1448.0,1534.0,1551.0,2334.0,2048.5,772.5,965.5,1227.0,1367.0,1396.5,1484.5,1581.5,1620.5,"{""type"":""MultiPoint"",""coordinates"":[]}"
817_0,3,1690.5,1384.5,602.0,737.0,961.0,1063.5,1084.5,1152.0,1239.0,1238.5,2330.0,2040.0,908.5,1185.0,1446.0,1561.5,1573.0,1646.5,1740.5,1735.5,2318.5,2039.0,837.0,1092.5,1343.0,1450.5,1485.5,1563.0,1632.5,1657.0,2415.0,2125.0,893.0,1176.0,1432.5,1548.5,1569.5,1646.5,1712.0,1733.0,701.0,715.0,1056.0,1335.0,1432.0,1564.0,1444.0,1504.0,1318.0,1293.0,219.0,176.0,693.0,935.0,1034.0,1172.0,1071.0,1115.0,1151.0,1056.0,265.0,211.0,681.0,944.0,1025.0,1314.0,1202.0,1296.0,1298.0,1108.0,555.0,486.0,682.0,982.0,950.0,1354.0,1411.0,1503.0,1502.0,1389.0,807.0,512.0,470.0,807.0,668.0,1250.0,1718.0,1972.0,1800.0,1797.0,966.5,555.5,238.0,514.0,299.5,878.5,1996.0,2365.0,2297.0,2190.0,1238.0,630.5,204.0,492.0,220.5,882.5,2479.5,3069.0,3169.0,3227.0,1905.0,1612.0,711.0,881.0,1111.0,1218.5,1232.5,1272.5,1370.0,1395.0,1461.0,772.0,221.0,468.0,331.0,883.0,2257.0,2938.0,3108.0,3271.0,1357.0,682.0,132.0,399.0,291.0,807.0,2257.0,2933.0,3108.0,3184.0,1290.0,644.0,132.0,384.0,227.0,705.0,2439.0,3163.0,3143.0,3319.0,1515.0,757.0,347.0,735.0,369.0,1166.0,3085.0,3759.0,3797.0,3922.0,1607.0,829.0,362.0,843.0,459.0,1418.0,3205.0,3759.0,3941.0,3868.0,1701.5,929.0,401.0,942.5,566.5,1643.0,3077.5,3400.5,3509.5,3615.0,1993.0,1088.0,776.0,1400.0,1303.0,2226.0,3099.0,3343.0,3511.0,3608.0,2286.0,1389.0,791.0,1431.0,1416.0,2448.0,3140.0,3346.5,3616.0,3781.5,3184.0,2213.5,957.0,1444.0,1832.0,2461.5,2688.5,2934.5,3259.0,3319.0,2306.0,1483.0,742.0,1128.0,1706.0,2079.0,2171.0,2388.0,2596.0,2732.0,1744.0,1442.0,507.0,719.0,957.0,1055.0,1079.0,1132.0,1257.0,1265.0,3232.0,2408.0,865.0,1226.0,1747.0,2090.0,2224.0,2394.0,2447.0,2695.0,3140.0,2373.5,920.5,1190.0,1643.0,1894.5,2023.0,2175.5,2362.5,2469.5,2756.5,2227.0,675.5,883.5,1212.0,1370.5,1469.0,1607.5,1735.0,1830.0,2444.0,1940.0,784.0,938.0,1250.0,1409.0,1478.0,1589.0,1708.0,1790.0,1924.0,1467.0,479.0,619.0,845.0,969.0,1020.0,1112.0,1253.0,1262.0,626.0,397.0,491.0,474.0,501.0,510.0,562.0,590.0,678.0,634.0,1619.0,1367.0,510.0,701.0,886.0,977.0,977.0,1030.0,1126.0,1159.0,578.0,437.0,372.0,344.0,373.0,381.0,413.0,423.0,474.0,430.0,2013.0,1755.0,668.0,883.0,1114.0,1206.0,1233.0,1297.0,1382.0,1415.0,2171.0,1929.0,862.0,1043.0,1272.0,1334.0,1369.0,1437.0,1593.0,1537.0,1755.0,1497.0,555.0,673.0,888.0,965.0,956.0,1000.0,1083.0,1085.0,1881.0,1626.0,678.0,806.0,1009.0,1103.0,1123.0,1189.0,1264.0,1288.0,2033.0,1798.0,737.5,902.0,1124.5,1222.0,1262.0,1338.5,1439.5,1417.5,"{""type"":""MultiPoint"",""coordinates"":[]}"
818_0,3,975.0,810.5,319.5,389.0,468.0,523.0,540.0,584.0,629.0,634.5,1839.0,1586.0,735.0,940.0,1087.5,1166.0,1203.0,1278.0,1337.0,1334.0,1998.5,1724.5,767.0,995.0,1153.0,1268.5,1310.5,1369.5,1416.0,1418.5,2392.5,2090.5,1133.0,1393.0,1570.0,1670.0,1694.5,1775.5,1827.5,1828.5,2617.0,2255.0,1308.0,1556.0,1753.0,1887.0,1943.0,1983.0,2032.0,2057.0,2488.0,2177.0,1220.0,1476.0,1636.0,1793.0,1762.0,1896.0,1888.0,1885.0,1142.0,1024.0,863.0,1110.0,1200.0,1490.0,1342.0,1445.0,1190.0,1476.0,380.0,351.0,763.0,1020.0,1073.0,1279.0,918.0,930.0,873.0,759.0,409.0,313.0,695.0,1009.0,955.0,1301.0,940.0,1020.0,899.0,804.0,403.0,290.0,651.5,989.5,964.0,1300.5,977.5,1052.5,941.0,838.5,453.0,315.5,485.5,780.0,704.0,986.5,903.0,1025.0,923.0,838.0,1175.0,1014.0,407.0,527.0,635.0,695.0,716.0,766.0,830.0,811.0,1110.0,591.0,372.0,646.0,504.0,945.0,1996.0,2246.0,2063.0,2305.0,1203.0,626.0,207.0,456.0,308.0,812.0,2159.0,2461.0,2332.0,2545.0,1255.0,627.0,207.0,434.0,280.0,764.0,2371.0,3061.0,2830.0,2844.0,1459.0,745.0,350.0,597.0,368.0,1004.0,2681.0,3335.0,3303.0,3564.0,1459.0,760.0,352.0,661.0,425.0,1173.0,2581.0,3115.0,3156.0,3148.0,1469.5,854.5,394.5,795.5,611.0,1523.5,2498.0,2883.0,2897.0,2973.0,1844.0,1150.0,764.0,1165.0,1251.0,1908.0,2578.0,2851.0,2981.0,3134.0,2371.5,1564.0,716.5,1130.0,1396.0,2049.0,2552.0,2837.5,3097.0,3162.0,2666.5,1780.5,738.5,1222.0,1684.0,2268.5,2622.5,2871.5,3234.5,3251.0,3677.0,2623.0,1074.0,1524.0,2180.0,2688.0,2788.0,3050.0,3169.0,3333.0,1274.0,1100.0,521.0,603.0,706.0,742.0,760.0,811.0,884.0,860.0,3567.0,2623.0,1034.0,1441.0,2023.0,2438.0,2530.0,2711.0,2815.0,3093.0,3392.0,2521.5,1068.0,1392.5,1882.0,2211.5,2307.5,2493.0,2688.0,2804.5,3016.0,2346.5,818.0,1071.0,1418.5,1663.5,1746.5,1895.0,2049.0,2121.0,3134.0,2502.0,888.0,1114.0,1456.0,1681.0,1771.0,1927.0,2045.0,2129.0,2593.0,1628.0,723.0,941.0,1229.0,1425.0,1512.0,1644.0,1805.0,1845.0,881.0,704.0,801.0,708.0,752.0,812.0,869.0,911.0,995.0,935.0,2048.0,1786.0,708.0,956.0,1141.0,1241.0,1264.0,1317.0,1438.0,1417.0,1867.0,1572.0,808.0,934.0,1086.0,1145.0,1160.0,1179.0,1347.0,1248.0,2224.0,1978.0,847.0,1112.0,1305.0,1424.0,1464.0,1508.0,1586.0,1579.0,2404.0,2157.0,1044.0,1264.0,1458.0,1538.0,1581.0,1661.0,1803.0,1713.0,1784.0,1521.0,660.5,790.0,938.5,1006.0,1028.5,1074.0,1144.5,1145.5,1656.0,1424.0,620.0,806.0,927.0,1000.0,1031.0,1098.0,1152.0,1163.0,1716.5,1483.5,679.0,841.0,969.0,1034.5,1085.5,1137.5,1204.5,1192.5,"{""type"":""MultiPoint"",""coordinates"":[]}"
819_0,3,2632.0,2403.0,1451.0,1523.0,1666.0,1838.0,1957.0,2064.5,2081.0,2198.5,2537.0,2342.0,819.0,1117.0,1464.0,1619.0,1623.0,1700.0,1835.0,1864.0,2209.0,2035.0,546.0,827.0,1149.0,1286.0,1287.0,1363.0,1478.0,1529.0,285.0,275.5,430.0,587.0,544.5,645.0,403.0,456.5,436.5,326.5,280.5,253.5,546.5,742.0,687.0,803.0,587.5,626.5,602.0,492.5,364.5,294.5,316.0,529.0,516.5,723.0,705.5,756.0,751.0,707.0,623.0,568.0,357.0,546.0,512.0,805.0,909.0,960.0,876.0,920.0,1318.0,871.0,341.0,514.0,431.0,798.0,1161.0,1268.0,1385.0,1369.0,1069.0,605.0,150.0,315.0,151.0,537.0,1584.0,2022.0,1998.0,1924.0,1177.5,602.5,54.5,220.5,40.5,415.5,2181.5,3283.5,3334.5,3382.5,1281.5,607.5,61.0,238.5,38.0,429.5,2408.5,3864.0,3961.5,3946.0,2115.5,1819.0,1406.0,1390.5,1461.0,1547.0,1602.5,1692.5,1828.0,1718.0,1350.0,642.0,69.5,247.5,41.0,470.5,2695.0,4287.5,4368.0,4466.5,1420.0,685.5,204.5,570.0,216.0,1011.5,3264.0,4565.0,4716.5,4808.5,1523.0,746.0,512.0,919.0,633.0,1414.0,3414.0,4413.0,4452.0,4733.0,1649.0,918.0,769.0,1181.0,1048.0,1873.0,3255.0,3775.0,4009.0,4081.0,1793.0,1008.0,665.0,1166.0,1098.0,1935.0,3032.0,3420.0,3785.0,3769.0,2275.0,1380.0,751.0,1237.0,1406.0,2261.0,3068.0,3368.0,3648.0,3771.0,4817.0,3434.5,1302.5,1782.5,2611.0,3079.5,3317.5,3597.0,3966.5,4087.5,4756.0,3483.0,1244.0,1726.5,2516.5,2915.5,3149.5,3406.5,3785.5,3836.0,4394.0,3155.0,1154.0,1581.0,2335.0,2755.0,2975.0,3197.0,3612.0,3694.0,3680.0,2774.5,964.5,1328.0,1871.5,2223.0,2361.5,2598.5,2784.0,2925.0,2034.0,1576.0,551.0,709.0,932.0,1100.0,1164.0,1280.0,1415.0,1421.0,3621.0,2942.0,843.0,1140.5,1558.5,1807.5,1973.5,2124.0,2268.5,2412.0,2058.0,2093.0,654.0,714.0,852.0,955.0,1016.5,1088.5,1172.5,1216.5,2802.5,2864.5,658.5,721.0,958.0,1110.5,1172.0,1301.5,1416.5,1445.5,2614.5,2652.5,658.5,750.0,953.5,1094.5,1188.5,1285.5,1382.5,1429.0,2177.0,1892.0,418.0,569.5,828.5,1017.0,1070.5,1187.5,1324.5,1372.5,0.0,0.0,0.0,0.0,0.0,0.0,0.0,0.0,0.0,0.0,1553.0,1225.0,278.0,435.0,631.0,851.0,910.0,1021.0,1106.0,1161.0,1928.0,1574.0,381.0,565.0,729.0,978.0,1155.0,1209.0,1282.0,1347.0,2201.0,1843.0,532.0,750.0,916.0,1193.0,1422.0,1510.0,1652.0,1694.0,2150.5,1777.0,612.0,787.5,949.0,1201.0,1514.5,1648.5,1764.5,1765.0,2188.0,1856.0,654.0,846.0,1008.0,1290.0,1625.0,1780.0,1895.0,1889.0,2110.5,1880.5,557.5,759.5,1020.5,1168.5,1215.5,1305.5,1407.0,1442.5,2129.0,1987.5,634.0,858.0,1129.5,1239.5,1300.0,1387.5,1517.5,1508.5,"{""type"":""MultiPoint"",""coordinates"":[]}"
820_0,3,1825.0,1491.5,532.0,638.0,885.0,995.5,1014.0,1122.5,1236.5,1272.5,2010.0,1715.0,674.0,882.5,1118.0,1211.5,1252.0,1309.5,1414.5,1422.5,2130.5,1849.0,802.5,1019.5,1274.5,1363.0,1381.0,1427.5,1513.5,1536.0,2396.0,2098.0,944.0,1190.0,1464.5,1596.5,1595.0,1695.0,1771.0,1744.0,2024.0,1754.0,948.0,1184.0,1466.0,1579.0,1593.0,1633.0,1684.0,1696.0,415.0,387.0,753.0,1065.0,1003.0,1195.0,931.0,960.0,931.0,786.0,469.0,397.0,777.0,1007.0,1019.0,1214.0,1016.0,1073.0,1058.0,879.0,415.0,389.0,640.0,849.0,840.0,1132.0,969.0,1073.0,973.0,879.0,531.0,365.0,543.0,775.0,761.0,999.0,1044.0,1144.0,1010.0,1029.0,978.5,522.0,229.0,498.5,322.5,821.5,1692.0,2046.0,1858.0,2041.5,1308.5,665.5,110.5,325.5,95.5,614.0,2350.0,3308.0,3118.5,3052.0,1999.0,1669.0,623.0,767.0,1004.0,1118.0,1149.0,1226.0,1346.0,1378.0,1461.0,704.0,105.0,317.0,70.0,586.0,2885.0,4204.0,3954.0,4131.0,1463.0,707.0,26.0,262.0,41.0,704.0,3003.0,4433.0,4466.0,4499.0,1525.0,736.0,138.0,442.0,210.0,857.0,3184.0,4686.0,4733.0,4897.0,1709.0,808.0,363.0,797.0,488.0,1446.0,3491.0,4447.0,4699.0,4655.0,1790.0,944.5,394.5,872.5,565.5,1532.5,3330.5,4035.0,4465.0,4430.5,1981.0,1123.0,444.0,919.5,836.5,1735.5,3190.0,3748.0,4080.5,4117.0,2434.0,1437.5,752.0,1194.5,1357.0,2129.0,3172.0,3600.0,4009.5,4048.0,2888.5,1871.0,909.5,1407.5,1772.5,2505.5,3095.5,3483.0,3951.5,3983.0,4089.0,2784.0,1068.0,1508.0,2075.0,2634.0,3044.0,3339.0,3683.0,3834.0,3830.0,2716.5,1005.5,1398.5,2112.5,2642.5,2714.0,3014.5,3217.0,3460.0,2021.0,1685.0,577.0,718.0,973.0,1059.5,1126.5,1189.0,1331.5,1339.0,3486.0,2581.5,863.5,1190.0,1737.5,2094.0,2143.5,2482.0,2681.5,2742.5,3365.0,2515.0,908.5,1192.0,1705.5,1958.5,2113.0,2250.0,2548.5,2634.5,2989.0,2340.5,680.0,872.5,1197.5,1405.5,1513.0,1688.0,1793.5,1890.0,2948.0,2387.5,715.0,854.0,1180.0,1396.0,1470.5,1616.5,1701.5,1899.0,1575.0,1200.0,405.0,504.0,733.0,815.0,874.0,934.0,1040.0,1061.0,0.0,0.0,0.0,0.0,0.0,0.0,0.0,0.0,0.0,0.0,1567.0,1225.0,483.0,620.0,792.0,908.0,870.0,961.0,1108.0,1079.0,1802.0,1483.0,584.0,697.0,864.0,989.0,991.0,1049.0,1131.0,1173.0,2270.0,1923.0,799.0,978.0,1178.0,1318.0,1322.0,1396.0,1539.0,1536.0,2212.5,1874.5,822.5,957.0,1131.0,1255.5,1216.5,1327.0,1482.5,1453.5,1802.0,1510.0,550.5,654.0,842.5,938.5,915.0,986.0,1092.5,1089.5,2154.0,1869.0,779.0,911.5,1102.0,1197.5,1294.5,1368.5,1498.5,1511.5,2168.0,1827.0,792.5,957.0,1125.0,1227.5,1343.0,1428.0,1567.5,1552.0,"{""type"":""MultiPoint"",""coordinates"":[]}"
821_0,3,2142.5,1841.0,894.5,980.0,1070.0,1261.0,1418.0,1480.0,1568.5,1679.0,2602.0,2297.0,798.0,1111.0,1420.0,1662.0,1881.0,2018.0,2144.0,2166.0,2626.0,2348.0,804.0,1065.0,1380.0,1640.0,1716.0,2017.0,2011.0,2028.0,1063.0,920.5,597.5,768.0,797.5,1028.5,1049.0,1093.5,1015.0,1128.5,1041.5,833.0,470.5,692.0,757.0,1067.0,1116.0,1225.0,1077.0,1189.0,1359.0,1066.5,520.0,723.0,801.0,1179.5,1262.0,1413.5,1342.5,1422.5,1566.0,1138.0,476.0,746.0,738.0,1215.0,1285.0,1405.0,1514.0,1516.0,1784.0,1232.0,386.0,675.0,599.0,1180.0,1855.0,2178.0,2016.0,2017.0,1548.0,1088.0,386.0,593.0,585.0,950.0,1922.0,2699.0,2666.0,2770.0,1844.0,1160.5,195.5,429.5,390.0,771.5,2369.5,3636.0,3822.5,3858.5,1907.0,1198.0,239.0,443.5,439.5,891.5,2503.5,4116.0,4387.5,4353.0,2167.0,1892.5,804.5,819.0,879.5,1079.5,1272.0,1385.5,1502.5,1504.5,1939.5,1216.0,209.0,450.5,422.0,778.5,2581.0,4311.5,4583.5,4722.0,1881.0,1172.5,283.0,549.0,469.5,1069.0,2724.0,4166.5,4482.0,4578.0,1907.0,1219.0,498.0,792.0,652.0,1370.0,2955.0,3925.0,4134.0,4307.0,1993.0,1217.0,733.0,1069.0,938.0,1645.0,2982.0,3634.0,3857.0,3837.0,2028.0,1273.0,618.0,996.0,939.0,1645.0,2819.0,3350.0,3582.0,3622.0,2455.0,1607.0,667.0,1155.0,1236.0,2046.0,2956.0,3407.0,3645.0,3787.0,4248.5,3124.0,1110.0,1576.0,2176.5,2507.0,2865.0,3137.0,3472.0,3559.0,4256.0,3224.0,1119.5,1540.5,2262.5,2574.5,2902.5,3160.0,3491.5,3540.5,3853.0,2989.0,1028.0,1451.0,2177.0,2464.0,2755.0,2945.0,3372.0,3350.0,3267.0,2494.0,854.5,1175.5,1716.0,2011.0,2261.5,2481.0,2585.5,2755.0,2085.0,1765.0,375.0,621.0,801.0,1057.0,1283.0,1382.0,1454.0,1497.0,3199.0,2748.5,763.0,1057.5,1387.5,1676.0,1886.5,2064.5,2176.0,2341.0,2132.0,1837.0,861.0,989.0,1169.0,1321.0,1408.5,1540.5,1662.5,1635.0,2938.0,2775.0,774.5,924.5,1146.0,1406.0,1557.5,1704.5,1884.0,1923.5,2710.5,2501.5,726.0,860.5,1054.5,1291.5,1449.0,1593.0,1751.0,1782.0,2123.5,1629.0,437.0,622.5,798.5,1044.5,1342.0,1414.0,1660.0,1655.5,0.0,0.0,0.0,0.0,0.0,0.0,0.0,0.0,0.0,0.0,1907.0,1478.0,389.0,581.0,669.0,1045.0,1320.0,1388.0,1622.0,1561.0,2161.0,1816.0,389.0,600.0,677.0,1059.0,1586.0,1706.0,1713.0,1824.0,2339.0,1813.0,507.0,779.0,812.0,1245.0,1952.0,2207.0,2359.0,2375.0,2847.0,2098.0,1881.0,1890.0,1842.0,2131.5,2604.0,2722.0,3295.0,2798.0,2559.0,1852.5,1794.0,1815.5,1743.0,2039.0,2499.5,2565.5,3190.0,2670.5,2229.0,1916.0,503.0,757.0,968.0,1210.0,1548.0,1700.0,1725.0,1856.0,2259.5,2014.0,628.0,895.0,1100.5,1317.0,1661.5,1850.0,1980.5,2025.0,"{""type"":""MultiPoint"",""coordinates"":[]}"
822_0,3,1814.0,1489.0,554.5,703.5,935.0,1044.5,1101.5,1155.0,1249.5,1273.5,2084.0,1770.5,723.5,934.5,1172.5,1296.5,1330.5,1385.0,1488.5,1507.0,2260.5,1954.0,861.0,1089.5,1363.0,1486.0,1480.5,1553.5,1617.5,1648.0,2544.0,2209.0,1021.5,1269.0,1564.5,1709.0,1720.5,1828.0,1895.5,1897.0,1439.0,1315.0,796.0,987.0,1209.0,1325.0,1355.0,1397.0,1420.0,1421.0,412.0,359.0,686.0,909.0,851.0,1163.0,921.0,940.0,929.0,798.0,439.0,355.0,630.0,873.0,837.0,1159.0,1099.0,1150.0,1175.0,986.0,478.0,374.0,614.0,873.0,809.0,1120.0,1099.0,1189.0,1175.0,1062.0,781.0,520.0,509.0,856.0,661.0,1117.0,1540.0,1707.0,1675.0,1455.0,1278.0,748.0,294.0,611.0,367.0,1005.0,2381.0,2898.5,2958.0,2835.5,1585.5,801.0,193.0,494.5,233.0,864.5,2954.5,4001.5,4081.0,3854.5,2027.0,1687.0,666.0,815.0,1046.0,1180.0,1192.0,1282.0,1348.0,1461.0,1663.0,827.0,224.0,505.0,248.0,834.0,3180.0,4280.0,4282.0,4423.0,1653.0,813.0,154.0,498.0,275.0,928.0,3286.0,4498.0,4601.0,4630.0,1696.0,839.0,204.0,551.0,348.0,969.0,3369.0,4564.0,4764.0,4899.0,1709.0,840.0,443.0,840.0,595.0,1543.0,3344.0,4215.0,4387.0,4475.0,1763.0,943.5,456.5,891.0,683.0,1612.5,3176.5,3778.0,4106.5,4049.5,1943.0,1149.0,483.0,938.0,943.0,1799.0,2911.0,3379.5,3641.0,3732.5,2429.5,1467.5,777.0,1229.5,1418.0,2126.0,2877.5,3194.0,3545.0,3617.5,2870.5,1866.5,893.5,1358.0,1738.5,2433.0,2876.5,3160.0,3559.5,3597.0,3952.0,2705.0,1110.0,1522.0,2038.0,2530.0,2815.0,3100.0,3427.0,3530.0,3786.5,2583.5,954.0,1343.0,2023.5,2487.5,2687.0,2830.5,2976.0,3434.0,1986.0,1665.0,593.0,773.0,1031.0,1150.5,1171.0,1236.5,1362.0,1386.0,3365.0,2342.0,806.0,1120.0,1636.5,1920.0,2129.0,2293.5,2455.5,2656.5,3275.0,2337.5,869.0,1151.5,1596.0,1906.0,2046.0,2269.5,2348.0,2553.5,3012.0,2281.5,668.5,876.5,1225.0,1418.0,1559.0,1660.0,1798.0,1957.5,3050.0,2340.5,721.5,886.0,1216.0,1415.0,1517.5,1645.5,1776.5,1941.5,1566.0,1253.0,407.0,526.0,761.0,863.0,865.0,946.0,1048.0,1059.0,1456.0,1278.0,1125.0,1151.0,1177.0,1235.0,1339.0,1410.0,1453.0,1472.0,1532.0,1178.0,517.0,672.0,829.0,957.0,955.0,1012.0,1122.0,1155.0,1724.0,1405.0,643.0,727.0,898.0,1007.0,1011.0,1075.0,1168.0,1182.0,2326.0,1938.0,862.0,1050.0,1268.0,1442.0,1432.0,1536.0,1621.0,1636.0,2236.0,1854.5,875.0,990.5,1205.5,1358.0,1364.5,1443.0,1534.0,1559.0,1814.0,1498.5,580.5,701.0,890.5,1010.5,1002.5,1075.5,1152.0,1183.5,2204.5,1884.0,810.5,963.5,1147.0,1289.5,1404.0,1471.0,1565.5,1625.5,2186.0,1825.0,815.5,992.0,1189.5,1325.5,1418.5,1518.5,1615.0,1619.0,"{""type"":""MultiPoint"",""coordinates"":[]}"
823_0,3,2014.5,1624.5,606.0,758.0,1046.5,1195.5,1219.5,1308.5,1391.0,1434.0,2327.5,1954.0,776.5,999.0,1262.5,1400.0,1463.5,1564.5,1641.0,1655.0,2781.5,2384.0,1003.5,1327.0,1656.5,1810.0,1816.0,1879.0,1976.0,2024.0,3027.0,2575.5,1132.5,1479.0,1814.5,1982.5,2018.5,2094.0,2178.0,2243.5,1208.0,1094.0,892.0,1155.0,1460.0,1557.0,1635.0,1671.0,1686.0,1701.0,788.0,569.0,820.0,1044.0,1165.0,1377.0,1248.0,1456.0,1319.0,1306.0,564.0,472.0,809.0,1044.0,1144.0,1308.0,1248.0,1347.0,1435.0,1283.0,875.0,670.0,620.0,880.0,862.0,1222.0,1573.0,1666.0,1584.0,1594.0,1452.0,878.0,508.0,865.0,623.0,1184.0,2434.0,2726.0,2652.0,2583.0,1673.5,885.0,297.0,648.5,318.0,1033.0,3024.5,3672.0,3647.0,3718.5,1533.5,776.0,141.0,378.5,167.0,714.5,2854.5,4031.0,4026.0,4077.5,2240.0,1870.0,716.0,903.0,1161.0,1330.0,1312.0,1460.0,1503.0,1593.0,1521.0,761.0,192.0,406.0,193.0,711.0,2959.0,4061.0,4152.0,4278.0,1592.0,761.0,78.0,446.0,162.0,867.0,3374.0,4379.0,4522.0,4687.0,1656.0,815.0,276.0,745.0,409.0,1365.0,3598.0,4628.0,4676.0,4914.0,1805.0,958.0,473.0,1006.0,707.0,1816.0,3591.0,4209.0,4319.0,4474.0,1837.5,1041.5,514.5,1056.0,846.5,1923.0,3323.0,3701.0,3966.0,4069.5,2336.5,1463.5,641.0,1165.5,1373.0,2200.0,3025.5,3391.0,3582.0,3773.5,3010.5,1899.5,1007.5,1523.0,1973.0,2757.5,3447.0,3774.5,4079.5,4131.5,4137.0,2898.0,1273.5,1819.0,2485.0,3128.0,3406.0,3700.0,3958.5,4137.0,3877.0,2875.0,1196.0,1622.0,2299.0,2738.0,2924.0,3120.0,3467.0,3604.0,3994.5,2775.0,1128.0,1596.5,2378.0,2826.5,2853.0,3250.0,3336.0,3614.5,2224.5,1868.5,660.5,847.5,1130.0,1258.5,1307.0,1406.0,1517.0,1542.5,3502.5,2590.0,975.5,1360.0,1971.5,2230.0,2245.0,2512.5,2814.5,2831.5,3225.0,2431.0,945.0,1219.5,1706.0,1953.5,2052.5,2204.5,2421.0,2508.0,2863.5,2281.0,712.0,930.0,1282.5,1450.5,1511.0,1665.5,1858.0,1855.0,2980.0,2370.0,769.5,927.5,1258.0,1435.0,1469.0,1692.0,1847.5,1818.5,1800.0,1254.0,459.0,595.0,851.0,937.0,975.0,1060.0,1179.0,1204.0,0.0,0.0,0.0,0.0,0.0,0.0,0.0,0.0,0.0,0.0,1831.0,1398.0,541.0,735.0,961.0,1074.0,1112.0,1188.0,1256.0,1336.0,2036.0,1664.0,683.0,823.0,1011.0,1137.0,1131.0,1240.0,1302.0,1335.0,2526.0,2070.0,847.0,1088.0,1311.0,1483.0,1476.0,1568.0,1680.0,1700.0,2235.0,1763.0,1062.0,1134.0,1202.0,1362.0,1586.0,1743.0,1541.0,1864.0,2073.0,1654.5,693.0,816.0,1001.0,1158.0,1168.0,1219.0,1319.5,1364.5,2498.0,2114.0,892.0,1071.0,1279.0,1415.0,1545.0,1638.0,1728.0,1774.0,2296.5,1908.5,724.5,956.5,1216.0,1346.5,1415.5,1504.5,1590.5,1639.5,"{""type"":""MultiPoint"",""coordinates"":[]}"
824_0,3,1686.0,1399.5,558.5,674.5,901.0,1007.0,1054.0,1091.0,1202.0,1226.0,2241.0,1961.5,865.0,1115.5,1364.5,1470.5,1525.0,1569.0,1667.5,1665.5,2307.0,2044.5,875.5,1144.0,1367.5,1500.0,1545.5,1598.5,1673.0,1675.5,2216.5,1986.5,867.0,1109.5,1329.0,1445.0,1487.5,1538.5,1601.0,1610.5,262.0,236.0,776.0,1142.0,1084.0,1386.0,953.0,940.0,920.0,700.0,262.0,236.0,769.0,1041.0,1095.0,1386.0,953.0,954.0,933.0,773.0,386.0,274.0,627.0,983.0,884.0,1307.0,1280.0,1391.0,1300.0,1122.0,972.0,713.0,627.0,973.0,873.0,1467.0,1839.0,1965.0,1810.0,1752.0,735.0,519.0,573.0,818.0,671.0,1232.0,1605.0,1892.0,1713.0,1593.0,906.5,567.5,302.5,541.0,401.0,952.0,1796.0,2132.0,2052.0,1907.0,1241.5,669.0,177.5,429.5,198.5,749.5,2329.5,2918.0,2889.5,2823.5,1895.0,1575.0,643.0,841.0,1047.0,1145.0,1206.0,1268.0,1305.0,1409.0,1303.0,661.0,176.0,443.0,190.0,734.0,2454.0,3153.0,2996.0,2957.0,1243.0,594.0,78.0,307.0,91.0,588.0,2648.0,3706.0,3716.0,3662.0,1238.0,594.0,82.0,313.0,97.0,575.0,2796.0,4122.0,4068.0,4144.0,1575.0,770.0,340.0,699.0,332.0,1100.0,3525.0,4625.0,4701.0,4745.0,1681.5,830.5,379.5,855.5,406.5,1366.5,3706.0,4632.5,4900.0,4737.5,1731.0,931.0,391.0,924.0,490.0,1570.0,3620.5,4201.5,4400.5,4470.0,2061.0,1135.0,831.0,1481.0,1230.0,2330.0,3699.0,4220.0,4427.0,4491.0,2657.0,1632.0,996.0,1667.0,1870.5,2973.0,3743.0,4118.0,4501.0,4547.5,3565.5,2533.5,1139.0,1664.5,2230.5,2703.0,2990.5,3231.5,3580.0,3607.0,3032.0,2220.0,837.0,1180.0,1658.0,1918.0,2042.0,2194.0,2319.0,2484.0,1758.0,1476.0,448.0,667.0,906.0,1039.0,1064.0,1151.0,1245.0,1266.0,2925.0,2220.0,837.0,1128.0,1552.0,1791.0,1891.0,2054.0,2110.0,2268.0,2786.5,2117.0,836.5,1075.5,1446.0,1656.5,1740.0,1891.0,2023.0,2122.0,2481.5,1970.5,654.0,858.0,1160.0,1319.0,1387.5,1500.0,1624.5,1667.5,2652.0,2168.0,766.0,940.0,1214.0,1372.0,1443.0,1569.0,1665.0,1737.0,2198.0,1569.0,559.0,679.0,940.0,1094.0,1151.0,1257.0,1410.0,1412.0,0.0,0.0,0.0,0.0,0.0,0.0,0.0,0.0,0.0,0.0,1546.0,1224.0,505.0,687.0,873.0,959.0,1007.0,1050.0,1184.0,1155.0,2170.0,1825.0,1477.0,1371.0,1402.0,1477.0,1531.0,1527.0,1944.0,1578.0,2425.5,2070.5,935.0,1169.0,1417.0,1534.0,1597.0,1659.5,1807.5,1765.0,2521.0,2161.0,1038.0,1249.0,1499.0,1622.0,1665.0,1734.0,1911.0,1854.0,1877.0,1588.0,585.0,723.0,967.0,1080.0,1078.0,1148.0,1217.0,1236.0,1996.0,1742.0,708.0,899.0,1111.0,1224.0,1251.0,1330.0,1405.0,1434.0,2059.0,1778.5,772.0,969.5,1189.0,1282.0,1312.0,1385.0,1482.0,1444.5,"{""type"":""MultiPoint"",""coordinates"":[]}"
825_0,3,1820.0,1525.5,489.0,650.5,863.0,989.5,1026.0,1098.0,1161.0,1214.0,2386.5,2058.0,915.5,1187.5,1464.5,1579.5,1623.0,1686.5,1794.0,1789.0,2382.0,2050.5,811.5,1072.0,1341.5,1481.5,1492.5,1576.0,1646.5,1693.5,362.0,322.0,546.5,797.0,804.5,1019.0,914.5,972.0,957.5,904.5,330.0,273.5,560.0,774.0,868.0,1123.0,1059.5,1105.0,1090.0,1047.0,330.0,273.5,522.5,788.0,816.0,1099.5,1089.0,1149.5,1146.0,1046.5,738.0,502.5,475.5,752.5,641.5,1125.0,1538.0,1656.0,1628.0,1623.0,1311.0,807.0,446.5,788.5,548.0,1138.0,2420.5,2738.5,2748.5,2682.0,1663.0,830.5,317.0,623.0,362.0,1063.0,2966.0,3629.5,3695.5,3816.5,1738.5,870.0,230.5,592.5,345.0,1056.5,3086.5,3954.0,4002.5,4151.0,1675.0,828.0,207.0,464.0,306.5,824.5,2946.0,4050.5,4204.0,4263.0,2133.0,1777.0,554.5,771.0,1016.5,1177.5,1188.5,1278.0,1353.5,1409.5,1723.0,843.0,231.0,520.5,322.5,911.5,3127.0,4348.0,4431.0,4622.5,1694.5,833.0,259.0,711.5,401.0,1283.0,3542.5,4572.5,4730.0,4792.5,1712.5,844.5,392.5,828.0,570.0,1506.0,3538.5,4299.5,4414.5,4618.5,1916.0,1028.0,570.0,1020.5,927.5,1945.5,3347.5,3840.5,4040.5,4149.0,2199.0,1286.5,626.0,1092.0,1176.0,2101.5,3115.5,3481.5,3892.5,3936.5,2755.0,1731.0,762.0,1317.0,1642.0,2447.0,3129.0,3498.0,3717.0,3873.0,4185.0,2828.5,1188.0,1691.0,2426.0,2871.0,3148.5,3441.0,3735.5,3849.5,4033.0,2762.5,1020.5,1457.0,2174.0,2689.0,2923.0,3184.0,3547.5,3653.5,3415.0,2608.5,964.5,1409.0,1937.5,2309.0,2430.0,2659.0,2948.0,3045.5,2178.5,1626.0,692.0,1001.0,1399.0,1614.5,1686.0,1772.5,1849.5,1980.0,2001.0,1674.5,460.5,695.5,946.0,1049.0,1136.0,1202.0,1291.5,1341.0,2487.0,1903.0,814.0,1117.0,1524.0,1726.0,1851.0,1898.0,2030.0,2150.0,2439.0,1859.0,905.0,1141.0,1491.5,1672.5,1782.0,1876.0,1973.0,2035.5,2141.0,1746.0,676.5,844.0,1128.5,1272.5,1318.5,1397.0,1541.0,1577.0,1848.0,1561.5,547.0,742.0,1009.5,1169.5,1176.0,1276.0,1313.5,1398.0,1419.5,1222.5,372.0,484.5,705.5,778.5,817.5,858.0,954.0,964.5,0.0,0.0,0.0,0.0,0.0,0.0,0.0,0.0,0.0,0.0,1465.5,1102.0,398.5,552.0,745.0,851.5,912.5,954.5,1078.0,1061.5,1824.5,1466.5,570.0,708.0,863.5,1011.5,1043.0,1136.5,1192.5,1221.0,2367.5,1944.5,785.0,1038.5,1246.5,1415.0,1451.0,1528.5,1624.5,1676.0,2313.5,1945.0,755.0,949.0,1191.0,1323.5,1339.5,1424.5,1525.5,1576.5,2152.5,1789.5,757.0,859.5,1066.5,1180.0,1205.0,1306.0,1371.0,1427.0,2094.0,1826.5,648.5,825.5,1080.0,1189.5,1228.5,1325.5,1399.5,1393.0,2186.5,1867.0,729.5,966.0,1231.5,1320.0,1384.5,1460.0,1545.5,1571.0,"{""type"":""MultiPoint"",""coordinates"":[]}"
826_0,3,2003.5,1656.5,524.5,670.5,930.5,1082.0,1132.0,1243.0,1346.5,1376.5,2288.0,1988.0,911.5,1194.5,1440.5,1552.0,1602.5,1673.0,1768.5,1764.0,2412.0,2088.5,895.5,1170.0,1432.5,1565.5,1608.5,1698.0,1785.0,1791.0,2042.5,1730.5,825.0,1063.5,1315.0,1433.0,1431.5,1517.0,1586.5,1606.5,342.5,288.0,708.5,887.5,945.0,1128.0,1004.5,1068.5,1046.0,962.0,342.5,288.0,708.5,887.5,945.0,1128.0,1004.5,1068.5,1046.0,962.0,524.0,340.5,423.0,652.5,550.0,985.5,1226.5,1325.0,1147.5,1180.5,823.5,608.0,421.5,648.0,467.0,1079.5,1665.5,1834.5,1728.0,1588.5,1260.5,714.5,285.0,569.0,332.5,988.5,2593.5,3131.5,3029.5,2891.5,1469.0,764.5,222.5,531.0,274.5,958.5,2769.5,3386.0,3407.0,3373.5,1383.0,664.5,156.0,352.5,179.5,643.0,2618.0,3603.0,3646.5,3683.0,2247.0,1871.0,583.0,764.0,1054.5,1212.0,1256.0,1353.5,1421.5,1516.0,1466.0,709.5,171.0,399.0,175.5,740.0,2893.5,3860.0,3858.5,3981.0,1578.5,760.0,175.5,513.5,230.0,964.0,3284.5,4305.0,4473.5,4460.0,1661.0,804.5,388.0,874.5,522.5,1497.0,3498.5,4382.0,4505.5,4555.0,1820.0,990.5,604.5,1141.0,902.0,1998.0,3439.5,3918.0,4080.0,4157.5,1981.0,1126.0,654.0,1220.5,1119.5,2091.5,3202.0,3566.0,3890.5,3881.0,2304.0,1375.0,695.0,1242.0,1380.0,2200.0,3008.0,3310.0,3587.0,3682.0,3217.5,2058.0,994.0,1491.5,1785.5,2441.0,2968.5,3268.5,3560.0,3722.0,3853.5,2631.0,992.5,1408.0,2062.0,2434.5,2694.5,2960.5,3332.0,3375.0,3604.0,2539.5,810.5,1218.5,1840.5,2173.0,2414.0,2628.5,2960.0,3029.0,2414.0,1862.5,682.0,960.0,1361.5,1527.0,1618.0,1765.0,1869.5,1953.5,2060.0,1740.5,469.5,684.5,959.0,1110.0,1175.5,1273.5,1398.5,1431.5,2369.5,1852.5,697.5,960.0,1342.0,1546.5,1635.5,1715.0,1833.5,1916.5,2380.5,1875.0,832.5,1046.0,1398.0,1543.0,1650.0,1781.0,1932.0,1929.0,2160.0,1744.0,649.5,827.0,1096.0,1210.5,1297.0,1384.0,1527.5,1520.5,2335.0,1906.5,735.0,895.0,1156.0,1292.5,1367.5,1491.5,1598.5,1603.5,1933.5,1498.5,503.0,657.5,891.5,987.5,1094.0,1193.5,1316.5,1311.5,0.0,0.0,0.0,0.0,0.0,0.0,0.0,0.0,0.0,0.0,1697.0,1313.0,452.0,591.0,816.5,950.0,998.5,1087.0,1217.5,1211.5,1932.5,1564.0,581.5,728.5,899.0,1062.5,1119.5,1194.5,1304.5,1336.5,2532.5,2089.0,841.5,1043.0,1290.5,1466.0,1526.5,1631.0,1761.0,1814.0,2464.0,2007.5,771.0,981.5,1266.5,1393.5,1473.5,1566.0,1712.0,1712.0,2247.0,1819.5,705.5,828.0,1089.0,1211.0,1265.5,1357.5,1485.5,1519.0,2067.5,1792.5,675.5,833.5,1054.0,1165.5,1228.0,1330.5,1437.5,1437.0,2067.5,1792.5,649.0,851.0,1065.5,1165.5,1228.0,1330.5,1437.5,1419.0,"{""type"":""MultiPoint"",""coordinates"":[]}"
827_0,3,4087.0,3552.5,2216.0,2297.0,2582.0,2838.0,2885.0,2971.5,3150.5,3286.5,2779.0,2536.0,914.5,1207.5,1558.5,1728.5,1842.5,1946.0,2072.5,2098.5,2939.0,2717.0,950.0,1207.0,1577.0,1774.0,1864.0,1990.0,2122.0,2147.0,629.5,566.0,585.5,729.5,778.0,917.5,753.5,858.0,793.5,762.5,565.0,462.0,700.0,821.0,798.0,1016.0,997.0,1071.0,1056.0,929.0,431.0,324.0,359.0,555.0,506.0,696.0,847.0,995.0,923.0,788.0,767.0,565.0,251.0,568.0,309.0,820.0,1318.0,1403.0,1336.0,1270.0,1563.0,858.0,209.0,601.0,223.0,986.0,2539.0,2980.0,2966.0,2921.0,1520.0,819.0,131.0,435.0,157.0,784.0,2539.0,3275.0,3146.0,3221.0,1454.0,696.5,70.5,357.0,91.5,672.5,2779.5,3757.0,3673.0,3792.0,1420.0,689.0,51.5,330.5,93.5,627.0,2811.5,3999.0,4008.5,4145.5,4302.5,3668.5,2170.5,2348.5,2669.5,2951.5,3027.0,3122.0,3230.0,3309.5,1488.0,718.5,59.0,345.0,90.5,676.0,2911.0,4146.0,4163.5,4342.0,1563.0,770.0,187.0,708.0,305.0,1256.5,3429.5,4315.0,4455.0,4592.0,1668.0,834.0,567.0,944.0,736.0,1461.0,3385.0,4096.0,4114.0,4340.0,1774.0,1002.0,695.0,1111.0,1005.0,1842.0,3160.0,3587.0,3755.0,3903.0,1939.0,1082.0,644.0,1151.0,1038.0,1870.0,2957.0,3288.0,3600.0,3625.0,4224.0,2893.0,1118.0,1609.0,2084.0,2804.0,3108.0,3419.0,3718.0,3893.0,4638.0,3357.5,1227.5,1691.0,2260.0,2758.5,3105.5,3414.5,3690.0,3877.5,4459.0,3275.5,1130.5,1551.5,2173.0,2563.5,2803.0,3149.0,3476.0,3591.0,4061.0,2944.0,1013.0,1411.0,1988.0,2370.0,2657.0,2982.5,3185.0,3402.0,3665.0,2655.0,936.0,1219.0,1675.0,2053.0,2317.0,2587.0,2680.0,2923.0,3667.5,2967.0,808.5,1057.5,1466.0,1775.0,1934.5,2078.0,2247.0,2314.5,3407.5,2678.5,720.0,1004.5,1279.0,1619.5,1912.0,2101.0,2219.5,2374.5,3498.5,2968.0,1853.5,1963.5,2122.5,2350.5,2579.5,2602.5,2752.0,2869.0,2937.5,2458.5,1330.0,1433.5,1550.0,1857.5,2016.0,2102.5,2230.5,2302.0,2834.0,2438.5,685.5,814.0,941.0,1201.5,1509.5,1597.5,1710.5,1829.0,2471.0,1916.0,490.0,670.0,810.0,1132.0,1338.0,1537.0,1667.0,1764.0,0.0,0.0,0.0,0.0,0.0,0.0,0.0,0.0,0.0,0.0,3728.0,2853.0,936.0,1301.0,1718.0,2137.0,2231.0,2420.0,2599.0,2716.0,3708.0,3178.0,1035.0,1322.0,1718.0,2137.0,2269.0,2420.0,2599.0,2746.0,3708.0,3057.0,957.0,1301.0,1664.0,2041.0,2316.0,2500.0,2727.0,2860.0,3868.0,2991.5,1074.5,1338.5,1631.0,2048.5,2454.0,2709.0,2931.0,2997.0,2984.0,2346.5,834.5,1065.0,1315.0,1641.0,1907.0,2088.0,2258.0,2297.5,2443.5,2175.0,708.5,916.0,1226.5,1387.5,1504.0,1598.5,1746.0,1763.5,2342.0,2151.0,684.0,866.0,1182.0,1313.0,1390.0,1514.0,1658.0,1632.0,"{""type"":""MultiPoint"",""coordinates"":[]}"
828_0,3,1698.5,1409.5,610.5,736.5,952.5,1043.5,1054.0,1160.0,1252.5,1232.5,2398.5,2064.0,1066.5,1343.5,1582.0,1703.5,1746.0,1806.0,1896.0,1877.5,2414.5,2072.0,947.5,1228.5,1479.5,1603.0,1614.0,1710.5,1794.5,1802.5,2519.5,2163.0,1013.5,1315.0,1574.5,1689.5,1715.0,1820.5,1888.0,1881.0,1066.0,996.0,994.0,1293.0,1490.0,1591.0,1555.0,1578.0,1506.0,1434.0,282.0,252.0,704.0,1022.0,1109.0,1147.0,760.0,817.0,773.0,585.0,420.0,337.0,672.0,1054.0,1055.0,1341.0,1034.0,1106.0,1046.0,867.0,626.0,507.0,663.0,1016.0,954.0,1363.0,1159.0,1238.0,1152.0,1033.0,749.0,515.0,539.0,894.0,863.0,1347.0,1463.0,1605.0,1530.0,1410.0,750.5,536.5,370.5,672.5,597.0,1042.0,1212.0,1400.0,1269.5,1183.5,1047.0,650.0,323.5,565.0,437.5,1034.0,1949.5,2203.0,2225.5,2063.5,1889.0,1580.0,672.0,843.0,1056.0,1161.0,1232.0,1253.0,1302.0,1332.0,1450.0,807.0,336.0,640.0,483.0,1121.0,2625.0,3109.0,3179.0,3113.0,1294.0,681.0,218.0,506.0,416.0,998.0,2541.0,3199.0,3197.0,3154.0,1309.0,650.0,218.0,461.0,313.0,892.0,2669.0,3402.0,3370.0,3497.0,1399.0,715.0,366.0,653.0,345.0,1042.0,2843.0,3492.0,3610.0,3552.0,1521.0,798.0,366.0,801.0,464.0,1325.0,3033.0,3604.0,3899.0,3791.0,1620.0,892.0,387.0,885.5,558.0,1517.5,2833.5,3206.5,3328.5,3359.5,1948.0,1082.0,708.0,1202.0,1129.0,1960.0,2717.0,2955.0,3241.0,3254.0,2224.0,1396.5,686.5,1178.0,1313.5,2032.0,2667.0,2897.0,3146.0,3244.0,2981.5,2074.0,872.0,1334.5,1761.0,2218.5,2621.5,2833.0,3193.0,3220.0,3786.0,2606.0,1086.0,1522.0,2204.0,2562.0,2701.0,3003.0,3249.0,3252.0,1751.0,1462.0,506.0,688.0,952.0,1061.0,1087.0,1144.0,1261.0,1292.0,3465.0,2527.0,918.0,1306.0,1839.0,2215.0,2345.0,2532.0,2580.0,2756.0,3247.0,2381.5,881.5,1182.5,1662.5,1890.0,2022.5,2198.0,2428.5,2467.5,2898.5,2258.0,675.0,898.5,1246.5,1407.5,1551.5,1644.0,1880.0,1907.5,3044.0,2441.0,760.0,946.0,1261.0,1436.0,1566.0,1654.0,1878.0,1944.0,2426.0,1512.0,530.0,716.0,1008.0,1116.0,1279.0,1377.0,1575.0,1570.0,0.0,0.0,0.0,0.0,0.0,0.0,0.0,0.0,0.0,0.0,1657.0,1396.0,557.0,771.0,949.0,1022.0,1044.0,1121.0,1247.0,1192.0,1847.0,1581.0,696.0,848.0,997.0,1075.0,1108.0,1174.0,1268.0,1238.0,2284.0,2000.0,826.0,1089.0,1303.0,1459.0,1433.0,1553.0,1667.0,1592.0,1858.0,1595.0,1005.0,958.0,973.0,1035.0,1079.0,1112.0,1247.0,1194.0,1858.0,1595.0,599.0,743.0,958.0,1035.0,1079.0,1112.0,1209.0,1194.0,1914.0,1640.0,722.0,849.0,1034.0,1124.0,1155.0,1219.0,1288.0,1326.0,2134.5,1861.5,827.5,1019.5,1242.0,1344.5,1380.0,1455.0,1569.5,1514.0,"{""type"":""MultiPoint"",""coordinates"":[]}"
829_0,3,2078.0,1717.5,827.5,1015.0,1284.5,1423.0,1467.5,1499.0,1645.0,1634.0,2560.0,2200.0,1016.0,1290.0,1599.0,1736.0,1769.0,1829.5,1965.5,1935.5,2649.5,2274.5,986.0,1231.5,1572.5,1701.5,1697.0,1787.0,1919.5,1936.0,484.5,429.5,555.5,682.5,741.0,982.5,810.5,911.5,907.5,846.5,336.0,301.5,568.0,739.5,798.0,841.0,772.5,839.5,783.5,743.5,315.5,238.5,489.0,662.5,670.5,886.5,863.5,965.0,918.5,819.0,659.0,526.0,447.5,699.0,540.0,1010.0,1372.0,1466.0,1444.0,1328.0,1479.0,787.0,327.0,704.0,332.0,1059.0,3023.0,3473.0,3627.0,3295.0,1650.5,823.0,219.5,571.0,285.0,1022.0,3380.0,4321.5,4489.0,4432.0,1697.0,864.0,203.0,533.5,293.5,960.0,3061.5,4073.5,4331.5,4399.5,1684.0,842.0,155.5,381.5,199.5,692.0,2883.0,4163.5,4379.5,4576.5,2309.0,1963.5,892.0,1085.0,1397.0,1481.0,1582.0,1647.5,1701.5,1760.5,1749.0,863.0,204.5,459.0,230.5,855.5,3125.0,4426.5,4522.0,4736.5,1745.0,854.0,242.0,691.5,363.5,1224.0,3477.0,4612.5,4847.0,4993.0,1814.0,961.0,423.5,887.5,597.5,1460.5,3539.5,4551.0,4690.5,4932.0,2026.0,1120.5,622.5,1110.5,970.0,1874.0,3437.5,4091.5,4362.0,4521.5,2350.0,1334.5,709.0,1206.0,1277.0,2078.0,3299.0,3882.5,4318.5,4425.5,3101.0,1921.0,935.0,1525.0,2004.0,2701.0,3540.0,3964.0,4308.0,4538.0,4265.5,2995.5,1327.5,1807.5,2584.5,3079.5,3511.0,3842.0,4251.5,4510.0,4259.0,3026.0,1323.0,1825.0,2684.5,3090.5,3350.0,3626.0,4166.0,4155.5,3481.0,2642.0,1158.0,1539.0,2144.0,2343.0,2622.0,2864.5,3271.0,3139.0,2074.0,1602.5,739.0,1000.5,1367.0,1549.0,1584.5,1692.0,1778.0,1779.5,2175.0,1807.5,776.5,983.0,1276.5,1422.0,1364.5,1527.5,1655.5,1611.0,2365.5,1864.5,870.0,1151.5,1526.0,1703.0,1709.0,1833.0,1921.5,1952.0,2296.0,1789.5,981.5,1185.5,1504.0,1661.0,1714.5,1775.5,1922.0,1938.5,2085.5,1703.5,741.5,934.0,1190.5,1315.0,1348.0,1436.5,1576.5,1568.0,1620.5,1374.5,526.0,639.0,831.5,942.5,980.0,1014.0,1110.5,1136.0,1227.0,1059.0,320.0,410.5,564.5,645.5,689.5,721.0,797.0,786.0,0.0,0.0,0.0,0.0,0.0,0.0,0.0,0.0,0.0,0.0,2303.0,1978.5,788.5,1000.5,1268.5,1396.5,1389.5,1483.5,1596.5,1570.0,3461.0,3282.5,1861.0,1963.0,2089.5,2326.5,2530.0,2650.5,2694.0,2775.0,2326.5,1983.5,844.5,1044.0,1285.0,1411.0,1467.5,1502.5,1680.0,1653.5,2388.0,1971.0,894.0,1037.5,1249.0,1362.0,1484.0,1524.0,1660.5,1658.0,2388.0,1971.0,894.0,1037.5,1249.0,1362.0,1484.0,1524.0,1660.5,1658.0,2093.5,1767.0,681.5,846.5,1092.5,1194.5,1250.5,1315.5,1448.5,1442.5,2350.0,2061.0,790.0,994.5,1256.5,1371.5,1417.0,1527.5,1651.5,1650.0,"{""type"":""MultiPoint"",""coordinates"":[]}"
830_0,3,1829.0,1499.0,626.0,763.5,1021.0,1120.5,1152.5,1210.0,1367.0,1377.5,2094.5,1783.0,747.5,947.5,1200.0,1284.0,1335.0,1414.0,1510.0,1513.5,2226.5,1927.5,868.5,1110.0,1374.0,1479.0,1473.0,1542.5,1625.0,1633.0,2501.0,2169.0,1033.0,1296.0,1577.0,1693.5,1714.5,1787.5,1888.5,1886.5,1344.0,1228.0,1019.0,1271.0,1325.0,1556.0,1436.0,1494.0,1611.0,1564.0,380.0,350.0,732.0,1021.0,1085.0,1251.0,952.0,1012.0,846.0,845.0,502.0,420.0,756.0,980.0,959.0,1192.0,1069.0,1092.0,1105.0,961.0,502.0,383.0,564.0,862.0,849.0,1190.0,1069.0,1204.0,1105.0,983.0,572.0,419.0,490.0,781.0,716.0,1026.0,1156.0,1481.0,1186.0,1139.0,1056.5,592.5,220.0,504.5,312.5,919.5,2159.0,2507.0,2266.0,2391.0,1256.0,640.0,101.0,332.5,111.0,711.5,2607.0,3438.5,3250.5,3423.5,2070.0,1733.0,731.0,895.0,1143.0,1279.0,1287.0,1390.0,1460.0,1538.0,1475.0,719.0,103.0,327.0,95.0,698.0,3034.0,4056.0,3953.0,4156.0,1499.0,731.0,96.0,360.0,158.0,833.0,3137.0,4218.0,4284.0,4442.0,1588.0,787.0,210.0,523.0,335.0,1064.0,3162.0,4263.0,4292.0,4514.0,1747.0,867.0,395.0,793.0,538.0,1444.0,3219.0,3996.0,4168.0,4185.0,1756.0,996.0,444.0,863.0,689.0,1543.0,3007.0,3575.0,4003.0,3925.0,2117.0,1247.0,464.5,946.0,911.0,1800.0,2955.5,3439.0,3727.0,3802.5,2519.0,1516.5,731.0,1210.0,1390.0,2107.0,2950.5,3356.5,3704.0,3765.5,2868.0,1878.0,861.5,1295.5,1650.5,2348.0,2911.5,3257.5,3675.0,3723.0,3964.0,2720.0,1037.0,1488.0,2010.0,2470.0,2812.0,3143.0,3638.0,3648.0,3888.0,2674.5,1007.5,1395.5,2088.0,2511.0,2691.5,3041.5,3228.5,3368.5,2057.5,1728.5,671.0,845.5,1126.0,1218.5,1270.5,1335.0,1505.0,1467.0,3599.0,2595.0,903.0,1244.5,1787.5,2157.0,2263.0,2551.0,2722.0,2913.0,3362.5,2476.0,944.5,1222.0,1718.5,1991.0,2104.5,2275.0,2603.0,2618.0,3046.0,2363.5,715.0,922.5,1256.5,1493.5,1525.0,1731.0,1868.5,1947.5,3108.5,2485.5,766.0,931.5,1237.5,1459.0,1548.0,1717.0,1818.5,1928.5,1570.0,1239.0,393.0,514.0,740.0,808.0,852.0,951.0,1040.0,1029.0,0.0,0.0,0.0,0.0,0.0,0.0,0.0,0.0,0.0,0.0,1527.0,1162.0,521.0,676.0,883.0,965.0,973.0,1019.0,1159.0,1128.0,1756.0,1412.0,649.0,765.0,927.0,1040.0,1047.0,1124.0,1197.0,1215.0,2315.0,1918.0,900.0,1098.0,1315.0,1431.0,1465.0,1521.0,1671.0,1706.0,2264.0,1868.0,920.0,1036.5,1259.5,1351.5,1372.0,1427.0,1621.0,1561.0,1846.5,1508.0,620.0,751.5,953.5,1030.0,1017.5,1061.0,1198.0,1190.0,2185.0,1884.5,857.5,1002.5,1192.5,1324.5,1378.0,1466.5,1593.0,1564.0,2209.5,1820.0,867.5,1041.0,1243.0,1344.5,1418.0,1494.5,1645.0,1611.0,"{""type"":""MultiPoint"",""coordinates"":[]}"
831_0,3,1676.0,1392.5,584.0,706.5,914.5,1029.0,1054.0,1124.5,1160.5,1238.0,2413.5,2072.0,975.5,1250.0,1480.5,1605.5,1664.0,1733.0,1838.0,1831.0,2446.5,2135.0,1045.5,1306.0,1521.0,1641.5,1654.0,1748.0,1811.5,1838.0,2426.0,2150.5,1075.0,1338.5,1557.0,1666.0,1676.5,1755.5,1831.0,1832.0,1176.0,1056.0,1106.0,1393.0,1461.0,1578.0,1307.0,1416.0,1294.0,1205.0,1176.0,1056.0,939.0,1259.0,1318.0,1560.0,1307.0,1416.0,1294.0,1205.0,1219.0,1031.0,861.0,1205.0,1133.0,1560.0,1473.0,1576.0,1468.0,1446.0,1437.0,1164.0,817.0,1103.0,1077.0,1612.0,1722.0,1865.0,1765.0,1744.0,1419.0,1164.0,675.0,954.0,966.0,1463.0,1709.0,1853.0,1744.0,1744.0,1668.0,1321.5,682.5,970.5,968.5,1353.0,1789.5,1996.0,1873.0,1892.5,1825.0,1340.0,591.5,918.0,879.5,1433.5,2270.0,2497.5,2531.5,2499.0,1874.0,1620.0,707.0,911.0,1078.0,1188.0,1185.0,1280.0,1293.0,1366.0,1757.0,1227.0,585.0,870.0,787.0,1352.0,2403.0,2791.0,2745.0,2720.0,1729.0,1227.0,534.0,806.0,767.0,1234.0,2497.0,2957.0,3028.0,3086.0,1722.0,1252.0,514.0,813.0,730.0,1198.0,2551.0,3103.0,3162.0,3253.0,1964.0,1294.0,557.0,931.0,788.0,1478.0,2830.0,3337.0,3562.0,3509.0,1965.0,1290.0,628.5,1031.5,805.0,1558.5,3073.0,3366.0,3637.5,3596.0,1982.0,1308.0,607.0,1122.0,869.0,1784.0,3014.0,3363.5,3518.5,3459.0,2232.5,1414.0,906.0,1425.5,1346.5,2038.0,2874.5,3203.5,3492.5,3436.0,2598.0,1836.5,959.0,1469.0,1690.5,2324.5,2905.0,3155.5,3445.5,3502.5,3297.0,2466.5,1185.5,1612.5,2141.5,2482.0,2682.5,2933.0,3185.5,3251.5,3165.0,2287.0,1043.0,1418.0,2013.0,2378.0,2422.0,2585.0,2703.0,2953.0,1686.0,1451.0,487.0,707.0,913.0,1046.0,1058.0,1154.0,1211.0,1225.0,3165.0,2287.0,996.0,1355.0,1814.0,2084.0,2207.0,2435.0,2553.0,2697.0,3071.0,2363.5,1032.5,1332.5,1757.5,2042.0,2113.0,2272.0,2405.0,2490.5,2794.0,2239.5,826.0,1101.5,1427.5,1555.0,1660.0,1811.5,1957.5,2030.5,2889.0,2356.0,913.0,1111.0,1419.0,1563.0,1689.0,1760.0,1923.0,2063.0,2319.0,1477.0,677.0,880.0,1162.0,1330.0,1376.0,1480.0,1696.0,1641.0,0.0,0.0,0.0,0.0,0.0,0.0,0.0,0.0,0.0,0.0,2002.0,1645.0,673.0,882.0,1052.0,1224.0,1291.0,1291.0,1357.0,1423.0,2262.0,1972.0,843.0,1007.0,1196.0,1394.0,1396.0,1512.0,1496.0,1608.0,2569.0,2207.0,937.0,1205.0,1433.0,1599.0,1680.0,1756.0,1815.0,1867.0,2682.0,2380.0,1121.0,1348.0,1547.0,1719.0,1822.0,1910.0,2060.0,2038.0,1963.0,1637.0,624.0,759.0,927.0,1076.0,1198.0,1275.0,1303.0,1343.0,2217.0,1843.0,816.0,946.0,1136.0,1261.0,1389.0,1499.0,1553.0,1608.0,2211.5,1887.0,846.0,1051.0,1235.0,1378.5,1481.0,1515.5,1627.0,1638.5,"{""type"":""MultiPoint"",""coordinates"":[]}"
832_0,3,3240.0,3014.5,2020.5,2003.0,2148.0,2307.0,2419.0,2495.5,2586.5,2608.0,2531.0,2336.0,802.0,1093.0,1457.0,1604.0,1613.0,1717.0,1813.0,1854.0,2199.0,1988.0,528.0,775.0,1121.0,1227.0,1277.0,1336.0,1467.0,1487.0,470.0,439.5,420.0,531.5,544.0,652.5,496.5,523.0,532.5,425.0,396.5,351.0,374.0,521.0,547.5,643.5,486.5,573.0,518.5,410.5,477.5,419.5,298.5,490.0,522.5,665.5,644.5,696.5,677.5,639.5,658.0,521.0,374.0,573.0,539.0,786.0,804.0,860.0,801.0,806.0,1286.0,907.0,317.0,573.0,535.0,839.0,1258.0,1427.0,1475.0,1464.0,1156.0,684.0,124.0,334.0,229.0,568.0,1636.0,1884.0,1811.0,1882.0,1356.0,729.0,78.5,225.0,99.5,434.0,2073.0,3100.0,3142.0,3249.0,1377.5,736.0,81.5,208.0,66.0,395.0,2212.5,3704.0,3706.5,3743.5,2784.5,2533.0,1770.0,1768.0,1899.5,2029.0,2121.0,2199.5,2226.5,2252.0,1426.5,741.5,68.0,223.0,63.5,415.5,2422.0,4186.5,4174.5,4247.5,1475.0,778.5,199.5,546.0,220.0,965.0,3118.5,4466.0,4660.5,4755.5,1601.0,878.0,520.0,899.0,639.0,1384.0,3364.0,4351.0,4463.0,4683.0,1716.0,988.0,734.0,1134.0,1001.0,1729.0,3139.0,3741.0,3984.0,4055.0,1773.0,1061.0,622.0,1101.0,1013.0,1798.0,3094.0,3530.0,3826.0,3779.0,2462.0,1557.0,730.0,1314.0,1510.0,2440.0,3094.0,3530.0,3677.0,3779.0,4612.0,3396.5,1315.5,1804.5,2596.0,3137.5,3336.0,3548.5,3906.0,4123.0,4522.0,3328.0,1299.0,1782.0,2586.0,2895.0,3200.0,3376.0,3699.0,3784.0,4349.0,3132.0,1180.0,1676.0,2471.0,2863.0,3056.0,3353.0,3679.0,3748.0,3686.0,2741.5,1077.0,1454.0,2054.5,2442.0,2569.0,2762.0,2953.0,3143.5,2215.0,1972.0,550.0,690.0,935.0,1117.0,1216.0,1299.0,1406.0,1429.0,3590.0,2928.0,927.0,1243.5,1678.0,1942.5,2072.0,2252.5,2402.5,2509.5,1991.5,1949.5,787.5,813.0,924.5,1039.0,1039.0,1167.0,1177.5,1223.0,2494.0,2598.0,599.0,670.5,867.0,1033.0,1070.5,1192.0,1264.0,1349.0,2463.5,2489.0,602.5,703.0,887.0,1085.5,1108.5,1227.5,1275.5,1380.0,2109.5,1839.0,415.0,555.5,799.5,935.0,1004.0,1141.0,1282.0,1293.0,0.0,0.0,0.0,0.0,0.0,0.0,0.0,0.0,0.0,0.0,1677.0,1310.0,274.0,432.0,630.0,849.0,908.0,1007.0,1092.0,1140.0,2118.0,1785.0,397.0,562.0,769.0,1023.0,1161.0,1231.0,1311.0,1411.0,2304.0,1935.0,525.0,746.0,928.0,1199.0,1452.0,1516.0,1661.0,1718.0,2275.0,1877.0,621.0,796.0,980.0,1238.0,1539.0,1657.5,1773.0,1797.5,2062.0,1829.0,578.0,742.0,944.0,1142.0,1298.0,1399.0,1476.0,1488.0,2112.0,1894.5,542.5,742.5,988.0,1151.5,1248.0,1328.0,1431.5,1465.0,2189.0,2025.5,603.5,841.0,1116.5,1245.0,1332.5,1367.5,1504.0,1521.0,"{""type"":""MultiPoint"",""coordinates"":[]}"
833_0,3,2016.0,1622.5,637.0,784.5,1066.5,1176.5,1184.5,1314.0,1413.5,1429.0,2347.0,1974.0,830.5,1063.0,1322.5,1428.5,1448.0,1541.0,1661.5,1660.5,2647.5,2247.0,1028.5,1293.0,1582.5,1699.0,1699.5,1794.5,1877.5,1908.0,2969.0,2522.5,1203.5,1517.5,1843.0,1985.5,2022.0,2110.0,2204.0,2221.0,907.0,831.0,1116.0,1468.0,1505.0,1728.0,1367.0,1373.0,1259.0,1212.0,432.0,363.0,954.0,1232.0,1262.0,1433.0,1023.0,1018.0,947.0,860.0,686.0,467.0,537.0,889.0,811.0,1156.0,1086.0,1195.0,949.0,934.0,983.0,622.0,537.0,889.0,731.0,1206.0,1535.0,1646.0,1566.0,1503.0,1321.0,812.0,434.0,764.0,518.0,1098.0,2078.0,2340.0,2354.0,2311.0,1500.5,787.5,280.0,574.5,329.5,926.5,2595.0,3110.5,3148.0,3195.0,1447.0,703.0,125.5,319.0,139.5,637.5,2602.5,3598.5,3691.5,3652.5,2248.0,1855.0,749.0,927.0,1178.0,1321.0,1351.0,1442.0,1520.0,1599.0,1532.0,727.0,148.0,339.0,148.0,625.0,2832.0,4024.0,4007.0,4129.0,1609.0,728.0,74.0,429.0,162.0,812.0,3354.0,4554.0,4747.0,4724.0,1673.0,798.0,320.0,799.0,444.0,1390.0,3658.0,4612.0,4747.0,4876.0,1832.0,927.0,502.0,1057.0,768.0,1832.0,3601.0,4268.0,4443.0,4536.0,1879.5,1061.0,546.5,1114.0,930.0,1953.0,3313.5,3746.5,4093.5,4055.0,2266.5,1369.0,653.0,1203.0,1324.0,2140.0,3068.5,3371.5,3663.5,3785.5,2764.5,1712.0,940.5,1386.0,1734.0,2550.0,3197.5,3540.5,3862.5,3894.5,3610.0,2496.0,1070.5,1617.0,2134.5,2767.0,3210.5,3500.0,3767.0,3935.0,3794.0,2808.0,1052.0,1519.0,2120.0,2438.0,2643.0,2875.0,3201.0,3210.0,3897.5,2692.5,1014.5,1437.0,2116.0,2485.0,2725.0,2946.0,2972.5,3311.5,2235.5,1856.5,691.5,875.0,1165.0,1276.0,1315.5,1382.0,1535.5,1573.0,2497.0,1952.0,700.0,948.0,1298.5,1490.5,1584.0,1688.0,1742.0,1871.0,2416.5,1893.0,763.0,974.5,1304.0,1468.5,1522.5,1635.0,1752.5,1800.5,2222.0,1777.5,611.5,819.0,1103.5,1247.5,1284.5,1408.0,1475.0,1542.0,2276.0,1842.0,694.5,851.5,1113.0,1259.0,1289.0,1400.5,1481.5,1559.5,1903.0,1344.0,530.0,662.0,927.0,1038.0,1053.0,1128.0,1273.0,1286.0,0.0,0.0,0.0,0.0,0.0,0.0,0.0,0.0,0.0,0.0,1877.0,1427.0,613.0,786.0,1023.0,1140.0,1147.0,1214.0,1325.0,1332.0,2129.0,1721.0,714.0,885.0,1087.0,1204.0,1192.0,1271.0,1382.0,1400.0,2636.0,2207.0,921.0,1164.0,1401.0,1560.0,1558.0,1640.0,1763.0,1795.0,2230.0,1726.0,1138.0,1334.0,1317.0,1437.0,1643.0,1860.0,1847.0,1974.0,2071.0,1645.0,698.0,853.0,1050.5,1173.5,1184.5,1239.0,1346.0,1400.0,2512.0,2124.0,924.0,1116.0,1325.0,1492.0,1612.0,1754.0,1850.0,1846.0,2380.0,1996.0,808.0,1050.0,1314.0,1443.0,1479.0,1564.0,1670.0,1681.0,"{""type"":""MultiPoint"",""coordinates"":[]}"
834_0,3,1311.5,1094.5,530.5,616.5,760.5,852.5,866.0,906.0,956.0,970.5,1769.5,1527.0,690.5,871.5,1056.0,1161.5,1213.5,1275.5,1343.5,1331.5,200.0,186.0,412.0,650.5,676.5,774.0,544.5,571.0,525.0,441.5,270.0,232.0,455.0,698.0,730.0,889.5,688.5,787.0,719.5,619.0,313.0,247.0,430.0,769.0,667.0,936.0,780.0,873.0,809.0,729.0,661.0,469.0,552.0,877.0,678.0,1145.0,1373.0,1484.0,1417.0,1206.0,1664.0,870.0,505.0,1078.0,517.0,1712.0,3695.0,4223.0,4056.0,3705.0,1732.0,855.0,497.0,1101.0,548.0,1707.0,4328.0,5203.0,5430.0,5072.0,1605.0,773.0,399.0,958.0,404.0,1510.0,4499.0,5296.0,5430.0,5269.0,1656.0,772.5,295.5,860.5,349.5,1452.5,4417.5,5362.5,5402.5,5561.5,1670.0,781.5,207.5,720.0,261.5,1297.0,4248.5,5193.0,5239.5,5475.0,1531.0,1299.0,619.0,767.0,915.0,1003.0,1012.0,1065.0,1165.0,1148.0,1577.0,768.0,192.0,636.0,271.0,1194.0,3827.0,4831.0,4971.0,5125.0,1661.0,806.0,192.0,685.0,260.0,1295.0,3827.0,4757.0,4971.0,5049.0,1758.0,838.0,299.0,818.0,383.0,1456.0,3918.0,4711.0,4830.0,5016.0,1871.0,955.0,482.0,1061.0,599.0,1824.0,3743.0,4364.0,4612.0,4668.0,1871.0,977.0,505.0,1125.0,816.0,2026.0,3492.0,3800.0,4294.0,4231.0,2079.5,1134.0,594.0,1251.0,1043.0,2125.0,3395.5,3793.0,4112.0,4101.5,2442.0,1475.0,1325.0,1551.0,1435.0,2415.0,3399.0,3830.0,4151.0,4250.0,4347.5,2845.5,1494.5,2014.0,2806.0,3391.5,3722.0,3980.5,4517.0,4584.5,4316.0,2919.5,1467.5,2008.5,2891.0,3265.5,3675.5,3875.0,4482.0,4473.0,2794.0,2261.0,999.0,1314.0,1816.0,2066.0,2091.0,2257.0,2387.0,2440.0,1638.0,1383.0,701.0,839.0,1002.0,1081.0,1122.0,1117.0,1218.0,1217.0,2790.0,2185.0,956.0,1229.0,1681.0,1828.0,2038.0,2016.0,2291.0,2366.0,2499.5,2006.5,882.0,1087.5,1438.0,1584.0,1683.0,1750.0,1925.0,1983.5,2163.5,1812.0,524.5,724.5,993.0,1106.0,1166.5,1263.0,1418.0,1458.0,2371.0,2029.0,651.0,821.0,1097.0,1273.0,1298.0,1422.0,1537.0,1558.0,2030.0,1612.0,546.0,677.0,972.0,1058.0,1140.0,1247.0,1420.0,1364.0,0.0,0.0,0.0,0.0,0.0,0.0,0.0,0.0,0.0,0.0,2407.0,2175.0,906.0,1137.0,1357.0,1482.0,1550.0,1606.0,1744.0,1748.0,2298.0,1941.0,833.0,1064.0,1142.0,1375.0,1704.0,1780.0,1865.0,1889.0,1814.0,1561.0,604.0,787.0,864.0,1076.0,1208.0,1266.0,1385.0,1378.0,1814.0,1561.0,661.0,787.0,921.0,1076.0,1208.0,1266.0,1385.0,1378.0,1310.5,1129.5,497.0,541.0,640.5,736.5,797.0,859.0,893.0,926.0,1687.0,1464.0,609.0,755.0,912.0,987.0,1024.0,1093.0,1176.0,1162.0,1665.5,1433.0,638.0,794.5,967.0,1051.0,1080.0,1159.0,1223.0,1213.5,"{""type"":""MultiPoint"",""coordinates"":[]}"
835_0,3,1972.5,1571.5,651.5,794.0,1053.0,1159.0,1203.0,1294.5,1439.0,1408.5,2238.0,1888.0,712.0,932.0,1189.0,1295.0,1369.5,1442.0,1555.0,1576.0,2640.0,2258.5,942.0,1237.5,1547.5,1650.5,1667.5,1747.5,1838.0,1867.5,2902.5,2445.5,1094.5,1420.0,1748.5,1872.0,1891.5,2004.0,2096.5,2068.0,597.0,489.0,905.0,1161.0,1161.0,1427.0,1074.0,1133.0,1119.0,947.0,453.0,416.0,905.0,1161.0,1161.0,1427.0,1074.0,1133.0,1119.0,942.0,427.0,354.0,563.0,867.0,837.0,1153.0,998.0,1137.0,1103.0,967.0,836.0,680.0,555.0,867.0,760.0,1175.0,1559.0,1667.0,1555.0,1494.0,1719.0,928.0,324.0,664.0,359.0,1019.0,2759.0,3318.0,3343.0,3113.0,1886.5,967.5,232.0,591.0,236.5,957.5,3290.0,4424.5,4426.0,4351.5,1661.5,798.0,79.0,302.5,96.5,643.0,3082.0,4523.5,4649.0,4739.5,2166.0,1762.0,692.0,895.0,1141.0,1276.0,1343.0,1382.0,1514.0,1585.0,1628.0,764.0,129.0,326.0,127.0,608.0,3080.0,4567.0,4747.0,4829.0,1668.0,758.0,37.0,355.0,94.0,775.0,3493.0,4912.0,5249.0,5205.0,1710.0,811.0,284.0,799.0,369.0,1407.0,3795.0,5003.0,5272.0,5310.0,1968.0,984.0,526.0,1096.0,764.0,1955.0,3950.0,4800.0,5014.0,4977.0,2044.0,1130.0,570.5,1179.0,927.5,2093.0,3799.0,4322.5,4751.5,4733.5,2797.5,1723.0,904.0,1590.5,1796.5,2912.0,3877.5,4332.0,4705.0,4748.5,3670.0,2501.5,1323.0,2117.0,2919.5,3644.0,4249.0,4630.5,5133.5,5090.0,4617.0,3219.5,1557.5,2187.0,3141.0,3771.5,4019.5,4371.5,4704.0,4858.0,4202.0,3012.0,1418.0,2005.0,2883.0,3230.0,3410.0,3566.0,4012.0,3941.0,4236.5,3010.0,1511.0,2063.5,3003.5,3394.0,3397.5,3635.0,3983.5,4064.0,2185.5,1767.0,692.0,855.5,1140.5,1226.0,1288.5,1371.5,1530.5,1515.5,3706.5,2753.0,1188.5,1600.5,2249.0,2547.5,2569.0,2829.0,3050.5,3108.5,3511.5,2625.0,1193.0,1549.0,2113.5,2246.5,2387.0,2527.5,2892.5,2820.0,3216.5,2541.5,933.5,1142.0,1515.5,1642.5,1741.5,1832.5,2140.5,2076.0,3184.0,2627.5,925.5,1111.5,1475.0,1632.0,1680.0,1801.0,2052.0,2074.5,1851.0,1170.0,494.0,649.0,900.0,970.0,1052.0,1139.0,1260.0,1218.0,0.0,0.0,0.0,0.0,0.0,0.0,0.0,0.0,0.0,0.0,1892.0,1561.0,595.0,769.0,965.0,1080.0,1110.0,1169.0,1273.0,1287.0,1994.0,1661.0,687.0,782.0,972.0,1060.0,1096.0,1137.0,1246.0,1279.0,2376.0,2037.0,784.0,985.0,1221.0,1318.0,1372.0,1464.0,1547.0,1590.0,2587.0,2217.0,987.0,1158.0,1419.0,1565.0,1581.0,1680.0,1806.0,1820.0,2015.0,1646.5,637.0,771.5,981.5,1075.5,1085.0,1132.0,1250.0,1277.5,2398.0,2039.0,856.0,1006.0,1211.0,1312.0,1421.0,1516.0,1629.0,1612.0,2247.5,1866.0,756.5,949.0,1195.5,1310.0,1409.0,1519.0,1604.5,1645.0,"{""type"":""MultiPoint"",""coordinates"":[]}"
836_0,3,335.0,287.5,181.5,252.0,352.5,501.5,392.0,443.0,310.5,380.0,2029.0,1668.5,698.0,912.0,1089.0,1234.0,1363.0,1443.0,1541.5,1624.5,2074.0,1754.0,747.5,959.0,1161.0,1294.0,1309.0,1401.5,1463.5,1503.5,2245.5,1935.0,884.0,1131.5,1323.0,1482.0,1506.0,1583.5,1644.5,1687.0,2139.0,1895.0,1115.0,1349.0,1502.0,1604.0,1598.0,1637.0,1703.0,1704.0,1324.0,1266.0,1115.0,1309.0,1477.0,1544.0,1527.0,1578.0,1511.0,1536.0,663.0,523.0,651.0,936.0,886.0,1189.0,1005.0,1010.0,873.0,791.0,719.0,626.0,672.0,951.0,886.0,1338.0,1202.0,1265.0,1146.0,1187.0,894.0,652.0,497.0,804.0,707.0,1153.0,1276.0,1333.0,1198.0,1143.0,1058.5,688.5,283.0,577.5,421.0,1128.5,1886.5,2139.0,2052.0,1974.0,1241.0,803.0,208.5,425.0,289.5,930.0,1975.5,2560.5,2545.0,2352.0,471.0,358.0,324.0,445.0,535.0,650.0,498.0,537.0,474.0,492.0,1538.0,881.0,200.0,384.0,265.0,750.0,2361.0,3184.0,3488.0,3417.0,1509.0,876.0,113.0,319.0,216.0,804.0,2516.0,3599.0,3832.0,3644.0,1599.0,878.0,191.0,459.0,273.0,852.0,2678.0,3778.0,4022.0,3694.0,1663.0,900.0,436.0,881.0,580.0,1418.0,3162.0,3968.0,4149.0,3996.0,1713.0,999.0,436.0,944.0,665.0,1541.0,2922.0,3429.0,3898.0,3630.0,1904.0,1177.5,518.5,1052.0,971.0,1802.0,2810.0,3121.5,3652.5,3534.0,2719.5,1809.0,1190.0,1594.0,1808.0,2228.5,2665.0,2963.0,3341.5,3163.5,3353.5,2421.5,1168.0,1579.5,2121.5,2407.5,2669.5,2874.0,3216.5,3113.0,3441.0,2503.0,1153.5,1589.5,2253.5,2363.5,2597.5,2848.0,3298.0,3206.0,3382.0,2474.0,1125.0,1532.0,2202.0,2314.0,2694.0,2818.0,2998.0,2960.0,471.0,358.0,522.0,613.0,607.0,731.0,498.0,537.0,474.0,492.0,3428.0,2553.0,1034.0,1415.0,1932.0,2229.0,2395.0,2474.0,2711.0,2840.0,3216.0,2453.0,1037.5,1367.0,1829.0,2035.0,2137.5,2305.0,2580.5,2510.0,2750.5,2284.0,792.5,993.5,1315.0,1379.5,1538.5,1584.5,1843.0,1817.5,688.0,590.0,409.0,531.0,689.0,857.0,770.0,787.0,794.0,812.0,397.0,288.0,125.0,169.0,237.0,333.0,296.0,359.0,246.0,236.0,0.0,0.0,0.0,0.0,0.0,0.0,0.0,0.0,0.0,0.0,433.0,387.0,148.0,228.0,340.0,577.0,276.0,392.0,282.0,280.0,463.0,401.0,168.0,228.0,345.0,507.0,346.0,445.0,361.0,465.0,934.0,656.0,354.0,513.0,679.0,867.0,901.0,1031.0,1085.0,1178.0,1150.0,898.0,648.0,759.0,931.0,1061.0,1187.0,1282.0,1321.0,1378.0,2301.0,1530.0,903.0,1128.0,1441.0,1499.0,1589.0,1748.0,2158.0,2056.0,3706.0,2891.0,1521.0,1793.0,2181.0,2269.0,2372.0,2703.0,3026.0,2870.0,3858.0,3042.5,1555.0,1925.0,2319.5,2495.0,2620.5,2784.5,3084.0,3063.5,"{""type"":""MultiPoint"",""coordinates"":[]}"
837_0,3,1559.5,1301.0,457.5,579.0,774.5,879.5,928.5,993.5,1064.0,1110.0,2100.0,1804.0,929.5,1179.5,1374.0,1467.0,1571.0,1643.0,1700.0,1722.0,2186.5,1893.0,871.0,1126.0,1342.0,1442.5,1501.0,1572.5,1631.5,1627.5,1442.0,1219.0,818.0,1079.0,1233.5,1347.5,1273.0,1334.5,1353.0,1367.0,972.5,792.5,703.5,993.5,1061.5,1306.0,1168.0,1297.5,1121.5,1203.5,879.5,792.5,845.0,1092.0,1126.5,1333.5,1246.0,1315.0,1332.5,1310.0,1078.0,814.5,612.0,836.0,809.5,1128.5,1347.5,1527.5,1415.5,1338.0,1223.0,841.0,627.0,818.5,709.0,1127.0,1560.0,1709.5,1619.5,1649.0,1475.0,941.0,481.5,765.5,634.0,1114.5,2019.5,2397.5,2267.5,2327.0,1649.0,971.5,355.0,665.0,476.5,1063.0,2580.0,3272.5,3175.5,3233.0,1671.0,945.5,358.0,639.5,477.5,1001.5,2640.5,3486.0,3433.5,3448.0,1811.5,1524.0,544.0,729.0,926.0,1029.0,1074.0,1162.0,1291.5,1278.5,1745.0,1009.5,392.5,636.5,519.0,1128.0,2749.5,3574.0,3591.5,3673.5,1771.5,1021.0,377.5,657.0,530.0,1130.5,2803.5,3658.5,3878.5,3961.0,1794.5,1091.0,511.0,874.5,753.5,1476.5,2835.0,3679.5,3888.5,3953.5,1926.5,1167.5,656.5,1057.5,914.0,1812.0,3049.5,3574.0,3799.0,3821.5,2152.5,1346.0,722.5,1183.0,1107.0,1959.0,2996.5,3462.0,3748.5,3753.0,2496.0,1633.0,846.0,1414.0,1585.0,2354.0,3117.0,3444.0,3715.0,3727.0,3039.0,2068.5,1098.5,1552.0,1890.5,2445.5,2801.5,3136.5,3368.0,3378.0,3303.5,2426.5,1151.0,1548.5,2094.5,2369.0,2672.0,2907.0,3150.5,3115.0,3147.5,2366.0,1130.0,1527.0,2051.0,2325.0,2561.0,2656.5,2969.0,2961.5,2201.0,1701.0,732.5,1006.0,1331.5,1525.0,1683.5,1819.5,1829.0,2004.0,1669.0,1390.0,416.0,628.0,844.0,941.0,1000.0,1039.0,1165.5,1156.0,2235.0,1742.5,773.5,1043.5,1375.0,1582.0,1695.0,1834.5,1837.5,1984.5,2174.0,1698.0,858.0,1072.0,1345.5,1544.5,1623.5,1733.5,1823.5,1889.5,1969.5,1574.0,664.0,875.0,1107.5,1207.5,1345.0,1425.5,1503.5,1544.0,1918.0,1553.5,662.0,885.0,1117.5,1263.0,1337.5,1447.5,1514.0,1567.0,1606.5,1257.0,501.0,647.0,880.5,925.0,1019.0,1052.0,1212.0,1175.5,0.0,0.0,0.0,0.0,0.0,0.0,0.0,0.0,0.0,0.0,1536.5,1221.5,409.5,584.0,771.5,856.5,943.5,974.0,1056.5,1032.5,1705.5,1438.5,564.5,689.0,841.0,949.0,1024.0,1104.0,1144.0,1198.0,1968.5,1630.5,702.5,932.0,1089.0,1231.5,1312.5,1375.0,1465.5,1456.5,1788.5,1468.5,540.0,672.0,850.0,969.0,1016.5,1090.0,1149.5,1196.5,1788.5,1468.5,540.0,672.0,850.0,969.0,1016.5,1090.0,1149.5,1196.5,1839.5,1547.0,628.5,814.5,984.0,1108.0,1187.5,1295.5,1296.0,1375.5,1938.0,1688.5,681.5,849.0,1023.0,1161.0,1245.0,1358.5,1341.5,1404.0,"{""type"":""MultiPoint"",""coordinates"":[]}"
838_0,3,1604.5,1378.5,727.5,788.5,874.5,1054.0,1211.5,1272.5,1301.0,1359.0,2676.0,2549.0,1033.0,1282.0,1609.0,1743.0,1762.0,1829.0,1978.0,1971.0,2694.0,2646.0,1004.0,1234.0,1542.0,1700.0,1732.0,1827.0,1919.0,1939.0,1081.0,1061.5,564.0,732.5,858.5,986.0,883.0,972.5,1033.5,974.5,205.0,181.5,342.0,464.5,477.5,593.5,501.0,580.0,580.5,478.0,463.5,339.5,368.0,530.0,485.5,739.5,832.0,918.5,860.0,845.0,641.0,457.0,371.0,543.0,474.0,805.0,1031.0,1089.0,994.0,1067.0,807.0,569.0,242.0,516.0,388.0,826.0,1305.0,1525.0,1346.0,1407.0,835.0,513.0,93.0,260.0,128.0,476.0,1319.0,1759.0,1555.0,1647.0,1229.5,587.5,24.5,182.0,0.0,365.5,2401.0,3790.5,3774.0,3867.5,1296.0,589.5,21.5,160.0,0.0,358.5,2478.0,4352.0,4400.0,4487.5,2346.5,2077.0,1481.5,1577.5,1645.0,1821.0,2000.5,2075.5,2164.5,2136.5,1328.5,597.0,27.5,155.5,0.0,360.5,2500.0,4598.5,4675.5,4859.0,1305.5,607.0,61.5,253.5,31.5,600.0,2775.5,4614.0,4783.0,4927.0,1377.0,655.0,484.0,803.0,547.0,1193.0,3001.0,4374.0,4477.0,4675.0,1560.0,802.0,606.0,966.0,703.0,1490.0,3089.0,3807.0,4082.0,4093.0,1560.0,815.0,502.0,923.0,703.0,1490.0,2901.0,3617.0,3895.0,3943.0,1873.0,1068.0,546.0,935.0,924.0,1742.0,3022.0,3459.0,3700.0,3787.0,4472.0,3142.0,1171.5,1582.5,2180.5,2659.5,3201.0,3499.5,3905.5,3984.0,4679.0,3440.0,1199.0,1696.0,2469.0,2855.0,3090.0,3279.0,3616.0,3609.0,4638.0,3307.0,1277.0,1776.0,2539.0,2817.0,3061.0,3274.0,3764.0,3755.0,4081.0,2915.5,1167.0,1605.5,2354.5,2656.5,2814.5,3104.0,3308.0,3473.0,1653.0,1329.0,479.0,660.0,686.0,968.0,1294.0,1451.0,1495.0,1536.0,4029.5,3137.0,1038.5,1370.0,1834.0,2159.5,2292.5,2485.0,2674.0,2807.5,3226.5,2763.5,971.5,1167.0,1445.0,1670.5,1810.0,2027.0,2140.0,2190.0,2661.5,2376.0,727.0,870.5,975.0,1213.5,1520.0,1657.5,1810.5,1795.5,2524.5,2248.0,670.0,823.0,911.0,1200.5,1537.0,1701.5,1828.0,1798.0,1822.0,1324.5,354.5,590.5,629.5,1029.0,1666.0,1895.0,2003.5,1937.5,0.0,0.0,0.0,0.0,0.0,0.0,0.0,0.0,0.0,0.0,1552.0,1126.0,257.0,500.0,535.0,1008.0,1544.0,1598.0,1741.0,1758.0,3015.5,2652.0,2066.5,2182.0,2186.5,2652.0,3306.0,3469.0,3378.0,3469.0,1797.0,1299.0,379.0,675.5,653.0,1163.5,1987.0,2187.5,2296.0,2291.5,1868.0,1486.5,506.0,709.5,791.0,1133.5,1656.5,1795.5,1941.5,1930.0,1937.0,1699.0,516.0,707.0,901.0,1097.0,1260.0,1320.0,1443.0,1461.0,1986.5,1864.0,596.0,755.5,988.0,1106.5,1228.5,1282.0,1397.5,1419.5,2663.5,2599.0,966.0,1222.0,1526.5,1671.0,1704.0,1772.0,1903.0,1923.5,"{""type"":""MultiPoint"",""coordinates"":[]}"
839_0,3,1756.0,1466.5,630.5,787.0,1013.5,1092.0,1109.0,1185.0,1316.5,1292.5,2472.5,2153.5,1068.0,1350.5,1612.0,1736.5,1764.5,1831.5,1943.5,1922.0,2520.0,2201.5,974.0,1265.5,1536.0,1670.0,1684.0,1767.0,1869.5,1865.5,2612.0,2287.0,1040.5,1361.0,1645.5,1780.0,1796.5,1888.5,1962.0,1962.0,1396.0,1270.0,1020.0,1270.0,1518.0,1648.0,1669.0,1723.0,1817.0,1789.0,331.0,313.0,670.0,916.0,1012.0,1135.0,861.0,954.0,864.0,723.0,601.0,526.0,633.0,972.0,959.0,1322.0,1258.0,1316.0,1359.0,1114.0,904.0,667.0,606.0,958.0,830.0,1322.0,1461.0,1590.0,1506.0,1326.0,1304.0,898.0,472.0,818.0,627.0,1298.0,2200.0,2346.0,2423.0,2351.0,1316.0,855.5,340.0,663.5,495.5,1200.0,2134.5,2645.5,2569.5,2439.5,1437.0,906.0,262.0,592.0,403.0,1139.5,2514.0,2879.0,3189.5,3080.5,1885.0,1602.0,709.0,897.0,1121.0,1234.0,1261.0,1268.0,1412.0,1432.0,1539.0,884.0,276.0,592.0,393.0,1029.0,2811.0,3569.0,3762.0,3753.0,1458.0,759.0,169.0,446.0,269.0,936.0,2734.0,3682.0,3823.0,3708.0,1446.0,725.0,169.0,424.0,229.0,964.0,2954.0,3796.0,3934.0,3855.0,1638.0,874.0,405.0,798.0,425.0,1253.0,3293.0,4140.0,4348.0,4111.0,1806.0,958.0,429.0,992.0,583.0,1597.0,3497.0,3916.0,4507.0,4167.0,1918.5,1108.0,477.0,1066.0,659.0,1751.5,3121.0,3434.5,3813.5,3732.5,2200.0,1256.0,844.0,1450.0,1315.0,2303.0,3135.0,3433.0,3677.0,3577.0,2466.0,1605.5,890.5,1491.5,1620.0,2483.0,3063.0,3290.0,3595.5,3577.5,3043.0,2193.5,1058.0,1554.0,2101.0,2610.5,2940.5,3099.0,3465.5,3353.5,3309.0,2483.0,1183.0,1641.0,2319.0,2715.0,2761.0,3025.0,3151.0,3031.0,1793.0,1510.0,520.0,755.0,1023.0,1100.0,1164.0,1164.0,1360.0,1289.0,3309.0,2483.0,984.0,1392.0,1964.0,2250.0,2375.0,2450.0,2700.0,2784.0,3265.5,2562.5,992.5,1328.5,1821.0,2050.5,2169.0,2320.5,2546.5,2598.0,2988.0,2453.5,778.0,1022.0,1392.0,1575.0,1669.5,1799.5,1997.5,2038.0,3163.0,2678.0,880.0,1060.0,1409.0,1637.0,1744.0,1861.0,1990.0,2031.0,2429.0,1538.0,651.0,799.0,1125.0,1260.0,1349.0,1508.0,1673.0,1616.0,966.0,843.0,964.0,729.0,771.0,824.0,884.0,909.0,1031.0,993.0,1772.0,1495.0,564.0,768.0,966.0,1061.0,1095.0,1153.0,1273.0,1241.0,1969.0,1707.0,703.0,857.0,1067.0,1142.0,1188.0,1235.0,1341.0,1344.0,2332.0,2057.0,803.0,1031.0,1286.0,1418.0,1455.0,1524.0,1597.0,1648.0,1913.0,1652.0,623.0,743.0,976.0,1060.0,1045.0,1144.0,1225.0,1209.0,1913.0,1652.0,623.0,743.0,976.0,1060.0,1045.0,1144.0,1225.0,1209.0,2006.0,1717.0,739.0,877.0,1076.0,1137.0,1184.0,1254.0,1380.0,1363.0,2220.0,1964.5,846.5,1053.5,1293.5,1392.0,1440.5,1499.0,1621.0,1617.5,"{""type"":""MultiPoint"",""coordinates"":[]}"
840_0,3,2480.5,2001.0,794.0,965.5,1309.5,1461.5,1510.5,1590.5,1735.0,1785.0,2237.0,1920.5,749.5,965.5,1248.0,1367.0,1413.0,1501.5,1613.0,1599.5,2475.5,2137.5,867.0,1109.0,1448.0,1583.0,1596.5,1674.5,1789.0,1839.5,2601.0,2276.5,911.0,1180.5,1535.0,1685.5,1728.5,1821.5,1931.5,1937.0,1082.0,1003.0,817.0,1033.0,1305.0,1390.0,1367.0,1436.0,1396.0,1452.0,301.0,263.0,517.0,693.0,758.0,882.0,806.0,871.0,819.0,698.0,550.0,381.0,474.0,607.0,616.0,863.0,1049.0,1146.0,1155.0,1054.0,974.0,669.0,489.0,712.0,504.0,894.0,1485.0,1657.0,1617.0,1480.0,1673.0,806.0,342.0,674.0,307.0,894.0,3099.0,3692.0,3808.0,3651.0,1878.5,941.0,251.0,581.5,293.5,935.0,3331.0,4663.0,4626.0,4748.5,1698.5,799.0,123.0,329.0,163.5,632.5,3037.0,4792.0,4981.5,4995.0,2765.0,2285.0,859.0,1062.0,1391.0,1581.0,1609.0,1724.0,1803.0,1912.0,1676.0,786.0,173.0,344.0,168.0,609.0,2969.0,4831.0,4995.0,5173.0,1567.0,735.0,89.0,326.0,157.0,670.0,3105.0,4895.0,5152.0,5253.0,1577.0,740.0,208.0,589.0,310.0,1038.0,3282.0,4817.0,5156.0,5240.0,1752.0,878.0,431.0,859.0,569.0,1540.0,3760.0,4948.0,5187.0,5230.0,1879.5,1010.5,474.0,993.0,721.0,1731.5,3771.5,4652.0,5161.0,5118.5,2468.0,1405.0,642.0,1301.5,1226.5,2366.0,4007.0,4747.5,5096.0,5185.0,3224.0,2017.0,1094.5,1694.5,2029.5,2979.0,4144.5,4626.0,5073.0,5146.0,4446.0,3066.0,1256.0,1785.5,2493.5,3160.5,3651.0,3964.5,4283.0,4516.0,3925.5,2775.0,1251.0,1712.0,2449.0,2878.0,3085.0,3277.0,3689.0,3738.5,3762.0,2662.0,1226.0,1689.0,2459.0,3062.0,3176.0,3443.0,3507.0,3816.0,2723.5,2254.5,849.5,1039.5,1387.5,1516.0,1599.5,1673.0,1865.5,1877.0,3693.5,2659.5,1133.0,1547.0,2167.0,2600.5,2687.0,3015.5,3076.5,3281.5,3437.5,2497.5,1138.0,1444.5,1977.0,2316.5,2462.0,2605.0,2822.0,3011.0,3080.0,2416.5,851.5,1023.5,1373.5,1634.0,1691.0,1894.5,1948.0,2067.0,3014.0,2429.5,839.0,1010.5,1328.5,1584.5,1634.0,1796.0,1864.0,2040.5,1822.0,1500.0,522.0,670.0,922.0,1032.0,1095.0,1177.0,1275.0,1253.0,0.0,0.0,0.0,0.0,0.0,0.0,0.0,0.0,0.0,0.0,2564.0,2180.0,805.0,989.0,1286.0,1414.0,1401.0,1459.0,1609.0,1637.0,1310.0,1121.0,414.0,491.0,668.0,723.0,721.0,796.0,677.0,891.0,2656.0,2251.0,852.5,1063.0,1341.5,1447.5,1479.5,1544.5,1711.5,1705.5,2748.0,2291.0,883.0,1006.0,1329.0,1461.0,1383.0,1438.0,1607.0,1622.0,2768.5,2315.0,935.0,1064.5,1343.0,1472.0,1467.0,1535.5,1700.0,1711.0,2789.0,2448.0,955.0,1123.0,1357.0,1483.0,1551.0,1653.0,1786.0,1786.0,2321.0,1978.0,741.0,972.0,1273.0,1388.0,1453.0,1519.0,1636.0,1648.0,"{""type"":""MultiPoint"",""coordinates"":[]}"
841_0,3,1698.0,1389.5,596.5,761.5,967.0,1054.0,1052.5,1147.5,1230.0,1204.0,2359.5,2009.0,1058.0,1332.0,1562.5,1659.5,1701.0,1781.0,1873.0,1840.0,2250.5,1900.5,897.5,1188.5,1431.0,1512.0,1520.5,1572.5,1698.0,1688.5,695.0,639.0,672.0,957.5,1031.0,1276.0,1054.5,1118.0,1097.0,987.5,890.0,830.5,911.0,1131.5,1168.5,1487.0,1264.5,1280.0,1185.5,1087.0,890.0,750.5,730.0,1041.5,1003.0,1461.5,1411.0,1494.5,1364.0,1369.5,1277.5,904.5,709.5,1021.0,986.5,1395.5,1790.5,1908.5,1882.0,1834.5,1446.0,969.5,672.5,994.0,846.0,1384.0,2015.0,2221.5,2223.0,2156.0,1446.0,945.5,609.0,917.0,741.5,1242.5,1985.0,2274.5,2295.0,2217.5,1520.5,1003.5,475.0,789.5,667.0,1272.5,1975.0,2276.5,2349.0,2403.0,1561.5,971.5,398.0,665.0,591.0,1051.0,1925.0,2408.0,2493.0,2557.5,1941.0,1602.0,676.5,896.0,1108.5,1216.5,1262.5,1291.5,1400.5,1398.5,1653.0,1049.0,458.0,757.5,622.5,1111.0,2355.5,3057.5,3065.0,2961.0,1738.5,1042.5,464.5,875.5,674.0,1446.5,2678.0,3294.5,3482.5,3561.5,1821.0,1122.5,554.0,1036.0,785.0,1552.5,2720.5,3322.0,3409.5,3640.5,2069.5,1262.0,711.5,1173.0,1115.5,1898.5,2909.0,3129.0,3501.5,3562.5,2247.0,1430.0,717.5,1186.0,1239.0,1929.0,2711.0,2846.0,3260.5,3279.0,2539.0,1700.0,805.0,1245.0,1475.0,2040.0,2517.0,2851.0,3125.0,3144.0,3659.5,2579.5,1178.5,1602.5,2137.5,2411.5,2627.0,2969.5,3205.0,3137.0,3653.5,2590.5,1157.5,1584.0,2137.5,2385.5,2737.5,3011.5,3198.0,3124.0,3614.0,2689.5,1176.5,1584.0,2163.5,2540.0,2807.0,3061.5,3225.0,3124.0,2355.5,1860.5,834.5,1087.0,1444.5,1550.5,1600.5,1710.0,1793.5,1894.5,1794.5,1458.5,570.0,763.0,967.5,1082.0,1063.5,1165.5,1266.0,1294.0,2251.0,1746.5,783.0,1047.5,1389.5,1569.0,1540.5,1651.0,1774.0,1771.0,2213.0,1701.0,892.5,1100.5,1399.0,1547.5,1554.0,1632.0,1758.5,1773.0,1913.5,1592.0,672.5,832.0,1084.0,1155.0,1245.0,1292.0,1395.0,1374.5,1665.5,1430.5,567.0,697.0,896.0,1012.5,1024.0,1069.0,1165.0,1171.5,772.5,523.0,256.5,385.5,509.0,565.0,575.0,601.5,650.0,637.5,0.0,0.0,0.0,0.0,0.0,0.0,0.0,0.0,0.0,0.0,1464.0,1104.0,453.5,609.0,804.5,910.5,903.0,1007.0,1060.0,1104.5,1711.0,1407.0,652.5,778.5,906.0,1035.5,1031.0,1073.0,1194.5,1152.0,2019.5,1672.0,758.5,996.0,1181.0,1294.5,1318.5,1371.0,1476.5,1458.0,1874.5,1523.5,650.5,766.0,940.0,1043.5,1020.0,1088.0,1146.5,1197.0,1874.5,1523.5,650.5,766.0,940.0,1043.5,1020.0,1088.0,1146.5,1197.0,1897.5,1590.5,657.0,844.0,1050.0,1162.5,1160.0,1238.5,1341.0,1312.5,2157.5,1880.0,858.0,1103.0,1289.0,1375.0,1386.0,1472.5,1594.5,1592.0,"{""type"":""MultiPoint"",""coordinates"":[]}"
842_0,3,1781.5,1466.5,635.0,755.0,1003.0,1100.0,1149.0,1205.5,1313.0,1324.5,2220.5,1866.0,847.0,1064.0,1306.5,1405.5,1455.0,1533.0,1647.5,1639.5,2411.5,2028.5,980.5,1265.5,1555.5,1657.0,1686.5,1743.0,1838.5,1833.5,2694.5,2288.5,1244.0,1594.0,1904.0,2026.0,2007.5,2080.5,2162.0,2159.0,2295.0,1987.0,1187.0,1496.0,1533.0,1691.0,1661.0,1708.0,1814.0,1765.0,484.0,451.0,1187.0,1496.0,1512.0,1691.0,1336.0,1344.0,1307.0,1100.0,395.0,294.0,686.0,1003.0,1004.0,1275.0,1098.0,1184.0,1018.0,934.0,395.0,294.0,686.0,1003.0,976.0,1360.0,1390.0,1419.0,1418.0,1270.0,524.0,411.0,401.0,713.0,590.0,963.0,1125.0,1268.0,1198.0,1053.0,1356.0,740.0,246.0,559.5,270.5,914.0,2438.5,3017.0,2966.0,2894.5,1554.5,732.5,105.5,362.0,100.0,664.5,2855.0,4057.0,4059.0,3984.0,1981.0,1662.0,728.0,878.0,1099.0,1225.0,1239.0,1327.0,1389.0,1442.0,1477.0,703.0,123.0,379.0,105.0,660.0,3043.0,4135.0,4227.0,4275.0,1426.0,670.0,39.0,353.0,78.0,788.0,3300.0,4409.0,4601.0,4552.0,1551.0,724.0,207.0,623.0,286.0,1166.0,3611.0,4673.0,4786.0,4922.0,1616.0,776.0,448.0,1008.0,599.0,1800.0,3631.0,4368.0,4528.0,4530.0,1653.5,887.5,487.5,1082.0,784.5,1941.0,3347.5,3757.0,4166.5,4065.5,1949.0,1144.5,555.0,1160.0,1146.5,2153.0,3078.5,3410.5,3711.5,3740.5,2390.5,1428.0,945.5,1470.0,1670.0,2413.5,3070.0,3338.5,3717.5,3698.5,2693.0,1747.5,972.0,1519.0,1925.5,2671.5,3116.5,3371.5,3740.5,3818.5,3519.0,2386.0,1110.0,1600.0,2174.0,2791.0,3046.0,3322.0,3732.0,3753.0,3302.0,2258.5,1166.0,1615.5,2405.0,2796.5,2859.5,3222.5,3554.0,3463.0,1846.0,1540.0,523.0,722.0,978.0,1065.0,1102.0,1171.0,1305.0,1296.0,3535.0,2491.0,1063.0,1470.0,2072.0,2452.0,2553.0,2766.0,3028.0,3158.0,3237.0,2361.5,1034.5,1365.5,1915.0,2136.5,2301.5,2487.0,2843.5,2851.5,2902.0,2254.5,776.5,1013.5,1370.0,1544.5,1654.0,1800.5,2050.0,2045.5,2931.0,2398.0,838.0,1029.0,1360.0,1546.0,1631.0,1787.0,1966.0,2008.0,1602.0,1310.0,472.0,637.0,856.0,929.0,1002.0,1074.0,1205.0,1198.0,894.0,745.0,535.0,637.0,732.0,769.0,833.0,861.5,823.0,883.5,1364.0,1048.0,455.0,618.0,749.0,871.0,879.0,952.0,1037.0,1024.0,319.0,256.0,204.0,163.0,164.0,176.0,179.0,202.0,222.0,210.0,2142.0,1831.0,819.0,1025.0,1224.0,1350.0,1397.0,1449.0,1546.0,1582.0,2063.5,1750.5,808.5,961.0,1162.5,1255.5,1283.5,1366.5,1456.5,1443.5,1620.0,1355.0,548.0,704.0,853.0,913.0,929.0,988.0,1088.0,1070.0,2155.5,1843.0,860.0,1020.0,1210.0,1296.0,1319.0,1406.5,1499.5,1481.0,2170.5,1843.0,890.5,1066.5,1260.0,1354.0,1400.0,1456.0,1587.0,1562.0,"{""type"":""MultiPoint"",""coordinates"":[]}"
843_0,3,1905.0,1361.0,622.0,768.0,689.0,1051.0,2591.0,3303.0,3460.0,3563.0,2652.0,2164.0,838.0,1136.0,1401.0,1617.0,2225.0,2437.0,2737.0,2707.0,2491.0,2270.0,897.0,1154.0,1410.0,1580.0,1817.0,1833.0,2079.0,2105.0,1986.0,1763.0,768.0,985.5,1186.5,1323.0,1375.0,1509.0,1770.5,1695.0,1826.0,1573.0,748.0,975.0,1157.0,1290.0,1392.0,1618.0,1786.0,1661.0,1995.0,1854.0,809.0,1094.0,1331.0,1446.0,1551.0,1719.0,1979.0,1784.0,2035.0,1809.0,835.0,1114.0,1301.0,1426.0,1749.0,1908.0,2098.0,1873.0,2274.0,1666.0,705.0,1009.0,992.0,1325.0,2077.0,2304.0,2485.0,2451.0,1846.0,1244.0,536.0,814.0,889.0,1070.0,2066.0,2499.0,2508.0,2444.0,1928.5,1235.0,436.5,737.0,708.0,1018.0,2674.0,3322.0,3350.5,3411.5,1977.0,1185.0,420.5,727.0,685.0,889.0,2865.5,3836.0,3899.0,3980.5,2380.0,1760.0,1101.5,1130.0,1075.5,1340.0,2833.0,3523.0,3791.5,3763.5,2043.5,1198.5,416.0,744.5,703.5,945.5,2975.0,4161.0,4106.5,4376.5,1995.0,1161.0,472.0,784.5,738.5,1136.5,3014.0,4112.0,4116.0,4258.5,2034.0,1173.0,628.0,867.0,786.0,1198.0,2964.0,3841.0,3805.0,4027.0,1957.0,1205.0,744.0,1057.0,997.0,1474.0,2921.0,3472.0,3573.0,3780.0,2507.0,1953.0,744.0,1057.0,1234.0,1746.0,2442.0,2792.0,2986.0,3209.0,3075.0,2210.0,745.0,1080.0,1392.0,1842.0,2357.0,2618.0,2751.0,2977.0,3110.0,2474.5,993.5,1312.0,1736.5,2101.5,2433.0,2564.5,2718.0,2887.5,3058.0,2510.0,994.5,1282.0,1678.0,2027.0,2195.5,2515.0,2548.5,2665.0,2854.0,2231.0,900.0,1147.0,1569.0,1964.0,2107.0,2355.0,2492.0,2628.0,2414.5,1927.0,736.0,982.5,1276.5,1629.0,1802.0,1888.0,1921.5,2214.0,2316.0,1676.5,446.5,720.0,733.5,1110.5,2932.0,3786.0,4014.0,3861.0,2657.5,2222.5,791.0,1059.0,1261.5,1564.5,1914.0,1947.5,2127.0,2180.0,4555.0,4136.5,3034.0,3182.0,3313.0,3657.0,3899.0,3915.0,4112.0,4073.5,2217.0,1488.5,639.0,925.5,729.5,1341.5,2567.0,2863.0,2993.5,2939.0,2081.5,1367.5,566.0,857.5,607.0,1222.5,2660.5,2985.5,3108.0,3090.0,1944.5,1263.0,480.0,747.0,707.5,1190.5,2389.0,2699.0,2872.5,2834.0,0.0,0.0,0.0,0.0,0.0,0.0,0.0,0.0,0.0,0.0,2545.0,1838.0,587.0,917.0,850.0,1458.0,3482.0,4453.0,4701.0,4735.0,2458.0,1838.0,587.0,917.0,850.0,1458.0,3482.0,4453.0,4701.0,4735.0,2489.0,1968.0,748.0,1029.0,1172.0,1620.0,3229.0,3906.0,4253.0,4325.0,2329.5,1578.0,706.5,975.5,973.5,1408.0,3093.5,4030.0,4443.5,4358.5,2005.0,1392.0,644.0,949.0,878.0,1309.0,2642.0,3443.0,3604.0,3494.0,2056.0,1500.5,673.0,989.0,951.5,1332.5,2719.5,3309.0,3556.5,3509.0,2141.0,1598.0,680.0,1007.0,1011.5,1399.0,2930.0,3390.5,3817.5,3705.0,"{""type"":""MultiPoint"",""coordinates"":[]}"
844_0,3,205.5,178.5,197.0,270.5,361.0,431.0,269.0,295.5,298.5,230.0,2255.0,1947.0,667.5,858.0,1098.5,1206.5,1296.5,1402.5,1507.0,1505.5,2420.0,2159.5,716.0,929.0,1187.0,1332.5,1394.5,1496.0,1608.5,1650.0,2588.0,2319.0,824.5,1072.0,1347.0,1508.5,1556.5,1677.0,1746.5,1804.0,2701.0,2467.0,943.0,1173.0,1457.0,1617.0,1670.0,1805.0,1878.0,1931.0,1356.0,1274.0,981.0,1206.0,1458.0,1572.0,1641.0,1729.0,1766.0,1790.0,430.0,355.0,671.0,959.0,926.0,1207.0,1073.0,1141.0,1031.0,1021.0,755.0,539.0,703.0,1039.0,987.0,1402.0,1497.0,1648.0,1617.0,1555.0,1206.0,847.0,492.0,854.0,624.0,1183.0,2149.0,2409.0,2324.0,2211.0,1612.5,921.5,311.0,683.0,366.0,1033.5,2864.0,3569.5,3553.0,3572.5,1525.5,814.0,203.0,497.5,238.5,846.5,2825.5,3787.0,3729.5,3719.0,269.0,249.0,274.0,385.0,470.0,546.0,442.0,475.0,487.0,406.0,1528.0,813.0,238.0,491.0,278.0,828.0,2724.0,3811.0,3885.0,4046.0,1539.0,813.0,169.0,431.0,259.0,763.0,2748.0,3775.0,3917.0,4070.0,1569.0,837.0,188.0,477.0,270.0,870.0,3050.0,4246.0,4296.0,4603.0,1669.0,871.0,474.0,921.0,605.0,1576.0,3315.0,4035.0,4100.0,4198.0,1701.0,930.0,507.5,1008.0,732.0,1711.0,3142.5,3659.5,3885.5,3916.5,1925.0,1120.0,550.5,1042.5,1021.0,1874.5,2975.0,3357.0,3570.5,3631.0,2300.5,1360.5,900.0,1393.5,1447.0,2145.0,2997.5,3234.0,3557.0,3639.5,3688.5,2593.5,991.5,1453.5,1818.5,2458.5,2964.5,3201.5,3513.5,3682.5,4198.5,2821.5,1377.0,1918.0,2646.5,3196.0,3515.5,3751.5,4166.0,4219.5,3370.0,2261.0,1092.0,1417.0,1939.0,2270.0,2562.0,2567.0,2593.0,3021.0,235.0,183.0,313.0,385.0,470.0,546.0,442.0,475.0,487.0,375.0,3370.0,2568.0,1031.0,1417.0,1913.0,2197.0,2381.0,2567.0,2593.0,2769.0,3199.5,2438.5,996.0,1292.5,1697.0,1985.5,2057.0,2173.0,2284.5,2453.5,2961.5,2313.5,803.5,1016.5,1345.0,1563.0,1640.5,1791.5,1883.0,1986.0,509.0,353.0,351.0,488.0,599.0,686.0,557.0,615.0,608.0,586.0,178.0,163.0,117.0,202.0,278.0,330.0,241.0,221.0,248.0,208.0,0.0,0.0,0.0,0.0,0.0,0.0,0.0,0.0,0.0,0.0,204.0,164.0,188.0,283.0,383.0,471.0,349.0,356.0,360.0,288.0,660.0,454.0,396.0,472.0,636.0,807.0,828.0,929.0,987.0,981.0,3209.0,2513.0,1011.0,1344.0,1738.0,1920.0,2000.0,2179.0,2444.0,2391.0,2845.0,2080.0,956.0,1185.0,1517.0,1947.0,2064.0,2190.0,2103.0,2439.0,3363.0,2716.0,950.0,1246.0,1628.0,2019.0,2089.0,2138.0,2273.0,2400.0,3715.0,3106.0,1199.0,1494.0,1880.0,2174.0,2273.0,2384.0,2538.0,2705.0,3393.5,2919.5,1185.5,1439.5,1780.0,1999.5,2066.0,2197.0,2415.5,2406.0,"{""type"":""MultiPoint"",""coordinates"":[]}"
845_0,3,1817.5,1513.5,502.5,651.0,894.5,998.0,1051.5,1111.0,1217.5,1266.0,2435.5,2084.5,906.5,1203.5,1491.5,1626.0,1664.5,1733.5,1843.5,1850.5,2451.0,2086.0,863.5,1133.0,1419.0,1545.5,1585.5,1671.0,1765.0,1779.0,2354.5,2056.0,823.0,1080.0,1344.5,1473.5,1496.5,1592.5,1665.5,1684.5,282.0,256.5,494.5,732.0,792.0,976.0,808.5,892.5,805.5,834.5,299.5,256.5,771.0,981.5,1052.5,1180.5,1056.0,1116.5,1142.0,1030.5,733.5,500.5,565.5,791.5,764.0,1183.5,1621.0,1728.5,1592.0,1563.0,1254.0,774.0,393.5,719.5,399.0,1109.0,2499.5,2803.0,2883.5,2749.5,1455.0,718.0,171.0,518.0,175.5,952.5,3491.5,4440.0,4573.5,4594.0,1799.0,999.5,283.5,637.0,573.0,1308.0,2951.0,3615.0,3955.5,4205.5,1976.0,1114.5,314.0,649.0,617.0,1302.5,2742.5,3379.5,3707.0,3964.5,2125.5,1771.5,566.5,789.5,1047.5,1211.5,1201.5,1325.5,1363.5,1435.5,1887.5,1054.5,268.5,614.5,538.0,1198.5,2585.0,3142.0,3365.0,3618.0,1652.5,862.0,253.0,571.5,427.5,1050.0,2578.0,3212.0,3336.0,3622.5,1547.0,824.0,266.0,566.5,356.0,1026.0,2759.0,3370.5,3458.5,3686.5,1800.5,931.0,451.5,953.5,523.5,1542.5,3365.0,3862.0,4013.5,4151.0,1845.5,978.0,467.5,1045.0,654.5,1732.0,3253.5,3705.5,3929.0,3948.0,2004.0,1125.0,511.0,1181.0,954.0,2130.0,3124.0,3411.0,3639.0,3751.0,2342.5,1335.5,791.5,1456.0,1519.0,2530.5,3202.5,3444.0,3793.5,3868.0,2567.5,1598.0,777.5,1428.5,1519.0,2534.5,3057.0,3375.0,3791.0,3855.5,4017.0,2693.0,1085.5,1525.0,2170.5,2719.5,3079.5,3378.5,3848.5,3929.0,3393.5,2405.0,965.0,1356.5,1991.5,2422.5,2554.0,2818.5,2978.0,3187.0,1925.5,1624.0,483.5,683.5,943.0,1060.0,1118.0,1173.0,1297.0,1355.5,2604.5,2042.5,828.5,1120.5,1539.0,1802.5,1866.5,2023.0,2108.0,2191.0,1992.0,1525.5,831.5,1050.5,1312.5,1486.0,1532.0,1611.5,1700.5,1761.0,2290.0,1860.0,680.0,881.5,1170.0,1370.5,1439.5,1530.5,1640.0,1692.0,2292.5,1865.5,752.0,950.5,1238.5,1460.0,1502.5,1622.0,1694.0,1778.5,2022.5,1559.5,564.0,698.0,964.5,1115.0,1221.0,1270.5,1461.0,1441.0,0.0,0.0,0.0,0.0,0.0,0.0,0.0,0.0,0.0,0.0,1733.0,1424.0,468.5,663.5,868.5,949.5,1001.0,1079.5,1188.5,1181.0,1742.5,1489.0,536.5,645.5,792.5,920.5,964.0,1008.5,1096.5,1108.5,2230.0,1925.5,661.0,888.0,1115.5,1229.5,1318.0,1406.5,1494.5,1509.5,2236.0,1914.0,702.0,883.0,1091.5,1215.5,1265.5,1378.0,1500.5,1490.0,2137.5,1806.5,704.5,815.5,1018.5,1134.5,1189.5,1299.5,1357.0,1446.5,2039.0,1745.5,599.0,781.0,1016.5,1123.5,1184.0,1248.0,1352.5,1344.5,2226.0,1921.5,722.0,947.0,1203.0,1311.0,1359.0,1449.5,1538.5,1554.5,"{""type"":""MultiPoint"",""coordinates"":[]}"
846_0,3,2000.0,1614.5,665.5,817.5,1082.0,1198.5,1251.5,1341.0,1458.5,1458.0,2365.5,1984.5,793.5,1038.5,1326.0,1449.0,1488.0,1567.5,1723.0,1722.0,2581.0,2215.0,888.0,1175.5,1479.5,1601.0,1581.5,1712.0,1785.5,1794.0,2765.5,2355.0,972.0,1304.0,1628.5,1749.5,1756.0,1846.0,1961.0,1969.5,976.0,853.0,866.0,1136.0,1196.0,1438.0,1187.0,1211.0,1171.0,1048.0,523.0,426.0,564.0,857.0,1046.0,1273.0,1155.0,1211.0,1088.0,1048.0,655.0,525.0,533.0,882.0,774.0,1261.0,1333.0,1416.0,1330.0,1303.0,1110.0,855.0,527.0,812.0,566.0,1153.0,1807.0,2055.0,2101.0,1883.0,1830.0,973.0,298.0,669.0,289.0,1027.0,3156.0,3855.0,3842.0,3769.0,1908.0,954.5,233.0,603.0,259.5,966.5,3419.0,4456.0,4573.5,4664.5,1700.0,836.5,70.5,349.5,120.5,727.0,3236.0,4722.5,4802.0,4910.0,2204.0,1829.0,708.0,901.0,1163.0,1287.0,1327.0,1456.0,1520.0,1573.0,1673.0,785.0,119.0,376.0,152.0,700.0,3298.0,4752.0,4945.0,4967.0,1703.0,785.0,54.0,440.0,174.0,848.0,3528.0,5030.0,5232.0,5283.0,1773.0,861.0,310.0,822.0,444.0,1433.0,3849.0,5041.0,5223.0,5347.0,1991.0,1019.0,521.0,1061.0,771.0,1892.0,3875.0,4649.0,4906.0,5054.0,2080.5,1172.5,562.0,1141.0,934.0,2036.0,3663.0,4236.0,4606.0,4573.5,2660.0,1645.5,760.0,1377.5,1554.0,2533.0,3687.5,3998.5,4301.5,4551.5,3410.5,2224.5,1134.0,1773.0,2336.5,3220.5,3929.5,4251.0,4620.0,4847.0,4471.5,3063.0,1368.0,1940.0,2710.0,3390.5,3802.0,4132.0,4443.0,4641.5,4023.0,2930.0,1265.0,1742.0,2606.0,2988.0,3167.0,3463.0,3808.0,3878.0,4088.0,2790.5,1188.5,1674.5,2465.5,2901.5,3268.5,3424.0,3464.5,3810.0,2176.0,1820.0,694.0,887.5,1157.5,1279.0,1303.0,1400.0,1541.0,1573.5,3375.5,2380.0,898.5,1255.0,1794.5,2122.0,2275.5,2397.5,2602.5,2744.0,3360.0,2411.5,955.5,1257.0,1756.5,2084.0,2169.5,2422.0,2498.5,2625.5,3020.5,2407.5,727.0,940.5,1269.0,1508.0,1569.0,1691.5,1791.0,1934.5,3109.0,2435.5,770.0,945.5,1251.0,1448.0,1590.5,1697.0,1744.0,1867.5,1835.0,1148.0,498.0,653.0,893.0,1026.0,1028.0,1099.0,1263.0,1240.0,0.0,0.0,0.0,0.0,0.0,0.0,0.0,0.0,0.0,0.0,1824.0,1449.0,592.0,758.0,966.0,1084.0,1084.0,1156.0,1287.0,1242.0,1969.0,1651.0,691.0,792.0,973.0,1069.0,1069.0,1161.0,1245.0,1289.0,2380.0,2040.0,829.0,1031.0,1268.0,1364.0,1386.0,1493.0,1605.0,1594.0,2584.0,2190.0,1036.0,1280.0,1443.0,1569.0,1659.0,1718.0,1881.0,1803.0,2019.0,1652.5,677.5,811.5,1012.5,1116.0,1134.5,1163.5,1296.0,1319.0,2408.0,2011.0,864.0,1035.0,1234.0,1339.0,1441.0,1539.0,1675.0,1665.0,2327.5,1922.0,772.5,1005.5,1247.0,1373.5,1417.5,1543.0,1688.5,1661.0,"{""type"":""MultiPoint"",""coordinates"":[]}"
847_0,3,1709.5,1408.0,552.0,697.5,922.5,1059.0,1072.5,1146.0,1210.0,1208.0,2362.0,2057.0,914.0,1178.0,1402.0,1537.5,1558.5,1635.5,1720.5,1725.5,2459.5,2147.5,939.5,1209.0,1445.5,1578.5,1619.5,1674.0,1746.5,1757.5,994.5,846.5,598.5,803.0,950.0,1085.0,1009.0,1061.5,1007.5,1024.0,429.0,367.0,859.0,1072.0,1121.0,1288.0,1068.0,1073.0,1090.0,974.0,508.0,385.0,643.0,922.0,1029.0,1226.0,1101.0,1169.0,1092.0,1132.0,376.0,323.0,537.0,795.0,747.0,1127.0,1066.0,1146.0,1052.0,1018.0,713.0,554.0,475.0,738.0,610.0,1222.0,1576.0,1714.0,1668.0,1553.0,795.0,520.0,439.0,684.0,610.0,1129.0,1680.0,1893.0,1851.0,1803.0,839.5,532.0,336.0,558.0,436.0,916.0,1720.0,2140.0,2070.5,1932.5,915.5,528.5,297.5,485.5,351.0,853.0,1782.5,2194.0,2321.0,2176.5,1894.0,1609.0,625.0,824.0,1020.0,1196.0,1199.0,1225.0,1289.0,1357.0,1026.0,594.0,248.0,454.0,290.0,718.0,2029.0,2501.0,2503.0,2394.0,1175.0,593.0,222.0,479.0,243.0,789.0,2387.0,3004.0,2971.0,2967.0,1262.0,635.0,319.0,695.0,429.0,1126.0,2631.0,3126.0,3307.0,3288.0,1524.0,749.0,566.0,979.0,852.0,1614.0,2873.0,3249.0,3456.0,3458.0,2193.0,1303.0,650.0,1112.0,1180.0,1911.0,2775.0,3101.0,3448.0,3397.0,2442.0,1572.0,708.5,1171.0,1408.0,2017.5,2692.0,2969.0,3217.0,3279.5,3749.5,2711.5,1153.0,1594.5,1989.5,2462.5,2804.0,3063.5,3310.5,3456.5,3123.0,2385.0,1013.0,1318.0,1747.0,1999.0,2207.0,2399.5,2601.0,2683.0,2489.0,2004.5,719.5,995.0,1347.5,1494.0,1577.0,1711.0,1806.5,1868.5,1552.0,1266.0,569.0,659.0,821.0,978.0,982.0,1071.0,1141.0,1136.0,1761.0,1498.0,465.0,688.0,924.0,1038.0,1105.0,1155.0,1221.0,1257.0,1784.0,1492.0,559.0,722.0,921.0,1031.0,1074.0,1149.0,1146.0,1255.0,1723.0,1470.0,583.5,738.5,914.5,1006.5,1027.5,1086.0,1155.5,1207.0,1891.5,1628.0,584.5,784.0,994.0,1111.0,1157.5,1206.5,1312.5,1314.5,2283.0,1995.0,856.0,1067.0,1264.0,1405.0,1455.0,1523.0,1572.0,1618.0,1113.0,956.0,288.0,376.0,485.0,546.0,552.0,617.0,681.0,675.0,814.0,666.0,889.0,751.0,652.0,671.0,681.0,698.0,974.0,692.0,1786.0,1466.0,559.0,751.0,949.0,1036.0,1082.0,1148.0,1240.0,1254.0,1958.0,1728.0,721.0,858.0,1019.0,1128.0,1178.0,1260.0,1281.0,1325.0,2371.0,2078.0,815.0,1076.0,1288.0,1419.0,1471.0,1514.0,1639.0,1607.0,1605.0,1606.0,720.0,724.0,836.0,1014.0,1115.0,1319.0,1012.0,1528.0,1605.0,1337.0,420.0,554.0,731.0,814.0,837.0,912.0,979.0,1014.0,2017.0,1727.0,716.0,885.0,1065.0,1199.0,1219.0,1311.0,1392.0,1405.0,2056.5,1807.5,695.0,887.5,1073.5,1184.5,1219.5,1298.0,1393.5,1402.5,"{""type"":""MultiPoint"",""coordinates"":[]}"
848_0,3,2220.0,1819.0,726.0,912.5,1218.0,1350.5,1432.0,1517.0,1645.0,1649.5,2677.0,2258.0,1039.0,1362.0,1693.0,1835.5,1921.0,2007.5,2145.5,2145.0,2352.0,1990.5,773.5,1037.0,1342.0,1486.5,1564.5,1653.5,1769.0,1782.0,345.5,263.5,404.5,543.0,631.0,760.5,717.0,807.0,839.0,783.0,234.5,198.5,473.0,629.0,657.0,838.0,851.0,935.5,963.0,904.0,430.0,328.5,502.0,699.0,671.5,965.0,1132.0,1204.5,1167.5,1145.0,803.5,494.0,463.0,699.0,543.0,976.0,1634.0,1811.5,1910.0,1777.5,1163.0,631.0,332.0,619.0,403.0,931.0,2109.0,2344.0,2345.5,2263.5,1350.0,707.5,229.5,517.0,314.0,913.0,2417.5,3016.0,3169.0,3157.0,1594.0,864.5,262.5,566.0,393.0,1005.5,2557.0,3267.0,3337.5,3512.5,1671.0,869.0,212.5,444.0,283.5,773.5,2612.0,3584.0,3835.5,3928.5,2510.0,2111.5,758.0,1002.0,1312.5,1504.0,1535.5,1623.0,1702.0,1832.0,1807.0,908.5,235.0,489.5,270.5,842.5,3015.5,4211.0,4374.0,4482.5,1753.0,901.5,305.5,804.0,422.5,1338.5,3550.5,4543.0,4730.5,4823.5,1784.5,933.5,432.5,890.0,629.0,1504.5,3525.0,4372.5,4488.5,4612.5,1974.0,1102.5,661.5,1120.5,995.0,1936.0,3457.5,4024.5,4261.5,4370.5,2248.0,1314.0,697.0,1191.5,1165.5,2073.5,3327.5,3856.0,4173.0,4221.0,2580.0,1567.0,762.0,1289.0,1453.0,2292.0,3308.0,3699.0,4027.0,4145.0,4099.5,2793.0,1198.5,1703.5,2329.0,2747.5,3119.0,3427.0,3816.0,3898.5,3940.5,2671.0,1098.0,1577.5,2338.0,2805.5,3050.0,3336.5,3736.0,3824.0,3370.5,2338.0,969.0,1456.5,2032.5,2304.5,2588.0,2791.0,3207.5,3125.5,2127.5,1605.5,701.5,974.0,1351.5,1573.0,1640.0,1743.0,1845.0,1901.5,2352.0,2001.0,685.5,916.5,1240.0,1373.5,1469.5,1525.0,1677.0,1703.0,2415.0,1875.0,779.0,1073.0,1455.0,1687.0,1764.0,1855.0,1967.0,2036.0,2384.5,1846.0,928.5,1139.5,1467.0,1665.5,1782.0,1866.5,2008.0,2044.0,1956.5,1624.0,600.5,737.5,998.5,1136.5,1204.0,1290.0,1413.5,1426.0,1783.0,1455.5,517.0,703.5,931.5,1090.0,1154.0,1221.5,1272.0,1366.0,1342.0,1144.0,359.0,477.0,644.0,681.5,753.0,804.0,890.0,888.0,0.0,0.0,0.0,0.0,0.0,0.0,0.0,0.0,0.0,0.0,2357.0,1987.5,703.5,916.0,1226.0,1363.0,1409.0,1498.0,1634.5,1622.5,2599.0,2256.5,856.0,1050.5,1296.0,1490.0,1725.0,1865.0,1734.5,1994.5,2463.0,2048.0,783.5,1010.5,1293.0,1420.5,1516.5,1606.0,1745.5,1742.0,2674.5,2191.5,904.0,1060.0,1365.0,1507.0,1560.0,1668.5,1793.0,1819.5,2651.5,2211.0,941.5,1093.0,1352.0,1507.0,1607.0,1708.0,1843.0,1861.5,2369.0,2008.5,695.0,928.0,1218.5,1369.5,1476.5,1582.5,1684.0,1719.0,2488.0,2115.5,831.0,1084.5,1386.5,1549.0,1640.0,1710.0,1831.5,1859.5,"{""type"":""MultiPoint"",""coordinates"":[]}"
849_0,3,3193.0,3017.5,2154.0,2186.0,2294.5,2492.5,2579.0,2613.5,2721.0,2754.5,2531.0,2282.0,828.0,1102.0,1396.0,1585.0,1757.0,1908.0,1970.0,2016.0,2240.0,1998.0,564.0,826.0,1128.0,1307.0,1438.0,1473.0,1552.0,1691.0,1016.0,873.0,450.0,626.5,621.0,865.0,802.5,863.5,745.5,772.5,889.5,676.5,486.5,694.0,718.0,908.0,825.5,827.0,724.0,823.0,1052.0,802.5,402.5,618.5,669.0,985.5,1072.0,1203.5,1074.5,1154.5,1307.0,1034.0,443.0,637.0,653.0,994.0,1263.0,1309.0,1298.0,1437.0,1939.0,1382.0,350.0,627.0,513.0,1023.0,1905.0,2169.0,2311.0,2182.0,1577.0,1070.0,338.0,543.0,458.0,918.0,2028.0,2674.0,2722.0,2719.0,1741.5,1100.5,185.5,407.0,328.5,781.0,2359.0,3405.0,3552.0,3560.0,1773.0,1110.5,194.0,432.5,355.0,806.0,2504.5,3786.5,3949.0,3941.5,2343.5,2059.5,1304.5,1320.5,1420.0,1544.5,1694.5,1791.0,1763.0,1847.0,1796.5,1102.5,168.5,410.0,329.0,829.5,2675.0,4072.5,4226.5,4285.5,1809.5,1115.0,289.5,624.0,442.5,1135.0,2996.5,4168.5,4388.0,4476.0,1883.0,1183.0,530.0,903.0,678.0,1428.0,3192.0,4028.0,4149.0,4314.0,1861.0,1158.0,758.0,1145.0,1025.0,1788.0,3065.0,3624.0,3800.0,3861.0,1934.0,1257.0,650.0,1093.0,1073.0,1828.0,2891.0,3295.0,3572.0,3582.0,2453.0,1677.0,737.0,1268.0,1557.0,2245.0,2941.0,3285.0,3521.0,3651.0,4402.0,3213.0,1415.5,1947.0,2736.5,3188.0,3446.5,3752.0,4152.0,4221.5,4281.0,3176.0,1330.0,1806.0,2582.0,2880.0,3177.0,3470.0,3861.0,3844.0,3930.0,2979.0,1214.0,1720.0,2450.0,2771.0,3126.0,3388.0,3603.0,3779.0,3486.0,2648.0,1053.0,1422.5,1987.5,2316.0,2523.0,2730.5,2905.5,3069.5,2205.0,1801.0,562.0,687.0,897.0,1031.0,1184.0,1300.0,1408.0,1418.0,3230.5,2696.0,784.5,1098.0,1432.0,1729.0,1979.0,2155.5,2274.0,2375.0,2325.0,2273.5,967.5,1014.5,1126.5,1269.5,1341.5,1438.5,1559.0,1557.5,2340.0,2390.5,561.0,630.5,814.0,1000.0,1193.0,1324.0,1428.5,1475.0,2303.5,2278.0,604.5,691.0,852.0,1054.0,1241.5,1379.5,1462.0,1529.0,1989.0,1721.0,341.0,510.5,720.5,912.5,1050.0,1169.5,1273.5,1359.5,0.0,0.0,0.0,0.0,0.0,0.0,0.0,0.0,0.0,0.0,1890.0,1501.0,402.0,587.0,740.0,956.0,1193.0,1277.0,1453.0,1453.0,3099.5,2774.5,2082.5,2165.5,2247.5,2538.5,2859.5,3007.0,3029.0,3048.5,2363.0,1948.0,549.0,794.0,926.0,1217.0,1600.0,1735.0,1931.0,1888.0,2283.5,1875.5,622.5,822.0,968.0,1265.5,1637.0,1777.0,1898.0,1923.0,2117.0,1843.0,645.0,818.0,940.0,1201.0,1586.0,1740.0,1774.0,1896.0,2140.0,1879.0,561.0,756.5,972.5,1176.0,1407.0,1504.5,1616.5,1674.0,2195.0,1997.5,621.0,842.5,1067.0,1231.0,1489.5,1566.0,1702.0,1740.0,"{""type"":""MultiPoint"",""coordinates"":[]}"
850_0,3,1046.5,899.0,309.0,394.5,489.0,530.5,545.0,585.5,632.5,644.0,1870.0,1653.0,695.5,896.0,1039.0,1122.5,1157.5,1218.5,1292.5,1291.0,2026.5,1794.5,735.5,938.5,1102.5,1189.0,1225.5,1300.0,1347.0,1369.5,2597.0,2298.5,1173.5,1438.5,1622.0,1754.0,1767.5,1830.5,1900.0,1943.0,2638.0,2380.0,1208.0,1429.0,1635.0,1760.0,1805.0,1873.0,1977.0,1936.0,2318.0,2099.0,1183.0,1429.0,1635.0,1760.0,1805.0,1873.0,1727.0,1894.0,362.0,349.0,757.0,986.0,1044.0,1218.0,1013.0,1007.0,944.0,862.0,404.0,356.0,892.0,1142.0,1241.0,1384.0,1074.0,1138.0,1103.0,952.0,311.0,253.0,636.0,954.0,984.0,1163.0,871.0,979.0,892.0,760.0,310.0,251.0,584.0,881.5,899.5,1146.0,923.0,1007.5,925.0,824.5,368.0,288.5,453.0,752.0,721.0,1004.5,952.0,1077.0,978.0,898.5,1269.0,1109.0,472.5,557.5,662.0,719.0,737.0,783.5,867.5,848.0,844.0,527.0,367.0,635.0,499.0,885.0,1565.0,1901.0,1808.0,1673.0,1074.0,561.0,204.0,446.0,248.0,773.0,2010.0,2490.0,2532.0,2482.0,1166.0,618.0,204.0,416.0,205.0,708.0,2369.0,3019.0,3056.0,3027.0,1349.0,708.0,311.0,585.0,333.0,897.0,2603.0,3280.0,3349.0,3207.0,1333.0,708.0,333.0,723.0,432.0,1236.0,2685.0,3137.0,3250.0,3178.0,1339.5,764.0,403.0,840.0,620.5,1533.0,2644.0,3009.5,3133.5,3098.0,1814.0,1084.0,809.0,1257.0,1386.0,2044.0,2751.0,2991.0,3228.0,3261.0,2245.5,1451.0,738.0,1183.0,1427.5,2106.0,2692.5,2932.5,3268.0,3309.5,2594.0,1883.0,898.0,1329.0,1690.0,2431.0,2699.0,2959.0,3369.0,3319.0,3173.5,2242.0,1120.5,1524.5,2117.5,2532.0,2688.5,2909.5,3075.0,3203.5,1321.0,1124.0,518.0,585.0,690.0,752.0,770.0,821.0,877.0,861.0,3445.0,2526.0,1030.0,1405.0,1965.0,2387.0,2498.0,2698.0,2701.0,2943.0,3230.0,2411.0,1019.5,1316.5,1770.0,2085.0,2203.5,2364.5,2533.0,2653.0,2963.5,2294.0,816.5,1058.0,1389.0,1614.0,1747.0,1853.5,2009.5,2089.0,3056.0,2438.0,891.0,1108.0,1402.0,1636.0,1771.0,1864.0,1985.0,2101.0,2426.0,1542.0,743.0,936.0,1221.0,1399.0,1531.0,1656.0,1875.0,1866.0,0.0,0.0,0.0,0.0,0.0,0.0,0.0,0.0,0.0,0.0,2067.0,1878.0,728.0,963.0,1141.0,1240.0,1271.0,1344.0,1449.0,1412.0,1214.0,957.0,701.0,752.0,754.0,769.0,729.0,754.0,1074.0,743.0,2283.0,2054.0,832.0,1095.0,1305.0,1407.0,1420.0,1491.0,1571.0,1582.0,1762.0,1535.0,650.0,655.0,815.0,886.0,874.0,954.0,1010.0,1041.0,1617.5,1391.5,690.5,816.0,899.5,987.0,1025.0,1090.5,1111.0,1152.0,1687.0,1493.0,622.0,744.0,867.0,965.0,986.0,1048.0,1112.0,1139.0,1752.5,1545.0,635.5,800.5,929.5,990.0,1033.0,1098.0,1165.0,1166.0,"{""type"":""MultiPoint"",""coordinates"":[]}"
851_0,3,1822.0,1546.0,565.0,719.5,971.0,1087.0,1120.0,1202.5,1292.5,1307.5,2481.5,2076.0,981.5,1294.5,1571.0,1701.0,1759.0,1836.5,1952.0,1938.5,2521.5,2092.5,954.5,1245.0,1551.5,1687.0,1702.5,1793.5,1897.0,1892.5,2600.5,2206.5,1050.0,1346.5,1657.0,1803.0,1825.5,1916.5,2006.5,1989.5,347.5,293.5,823.0,1067.5,1162.5,1374.0,1286.0,1339.0,1345.0,1251.0,347.5,293.5,746.0,1038.5,1162.5,1402.5,1290.0,1353.0,1355.0,1276.5,414.0,305.0,722.5,1009.0,1050.0,1440.0,1506.0,1622.0,1656.0,1538.5,748.0,471.5,683.0,995.0,1012.0,1440.0,1807.5,2011.5,1963.0,1966.5,1171.5,595.5,290.0,596.0,378.0,1040.5,2432.0,2746.5,2875.0,2799.0,1642.5,943.5,278.0,624.0,600.0,1317.5,2694.5,3235.5,3485.5,3667.0,1864.0,1065.5,375.0,732.0,720.0,1465.5,2685.5,3205.0,3436.0,3585.5,2168.5,1821.5,655.5,876.5,1126.5,1286.5,1341.0,1399.0,1478.0,1535.0,1760.0,994.5,377.5,768.0,642.0,1433.0,2715.5,3144.5,3306.0,3443.0,1544.5,836.0,262.5,654.0,469.0,1224.0,2756.0,3146.0,3307.5,3464.0,1440.0,767.5,266.5,613.5,376.5,1076.0,2531.5,2945.0,3001.5,3153.5,1605.5,840.0,430.0,843.5,465.0,1364.0,2887.5,3282.0,3372.0,3504.0,1679.5,915.0,440.5,955.5,595.5,1593.5,2800.5,3160.5,3287.0,3407.5,1830.0,1039.0,444.0,996.0,744.0,1745.0,2695.0,3025.0,3213.0,3345.0,2148.5,1206.0,689.0,1259.0,1180.5,2176.5,2835.5,3140.0,3451.0,3541.5,2452.0,1512.0,717.0,1259.0,1334.5,2182.0,2663.0,2970.0,3298.5,3492.5,3771.5,2567.5,893.5,1301.5,1833.5,2279.5,2536.0,2812.0,3234.0,3334.0,1834.0,1416.0,481.0,702.5,977.0,1137.0,1185.5,1303.0,1382.5,1446.0,1995.0,1685.5,533.0,771.0,1046.0,1163.0,1202.0,1283.0,1405.5,1426.5,1857.0,1470.5,499.0,717.5,970.0,1126.5,1172.5,1295.5,1365.0,1393.5,2132.0,1723.5,826.5,975.5,1213.5,1331.0,1408.0,1480.5,1632.5,1632.5,1872.5,1555.5,564.5,741.5,931.0,1052.0,1103.5,1183.5,1304.0,1308.0,2085.0,1767.5,664.5,833.0,1009.0,1150.0,1202.0,1315.0,1348.0,1414.5,1637.5,1353.5,460.0,565.0,756.0,823.0,881.5,951.5,1093.0,1070.0,0.0,0.0,0.0,0.0,0.0,0.0,0.0,0.0,0.0,0.0,1588.0,1243.5,462.0,637.5,832.0,966.0,997.0,1080.0,1186.0,1167.0,1918.5,1622.0,675.0,809.5,1007.5,1106.5,1163.5,1237.5,1329.5,1322.0,2338.5,1966.0,846.5,1070.5,1305.0,1429.5,1480.0,1576.5,1679.5,1671.5,2367.5,1950.0,967.5,1184.5,1394.5,1501.5,1586.0,1671.5,1819.0,1772.5,2183.5,1787.5,900.0,1054.0,1232.0,1348.0,1443.0,1526.5,1627.0,1642.5,2141.5,1811.5,719.0,914.0,1155.0,1274.5,1319.5,1393.5,1494.0,1504.0,2278.0,1962.0,840.0,1104.0,1355.0,1470.0,1498.5,1570.5,1703.0,1654.0,"{""type"":""MultiPoint"",""coordinates"":[]}"
852_0,3,1033.0,860.0,321.5,401.0,495.5,548.0,549.5,619.0,639.0,636.5,1855.5,1630.0,719.0,919.0,1073.0,1163.0,1186.0,1235.0,1318.5,1321.5,2024.5,1772.5,750.5,986.0,1139.5,1238.5,1274.0,1341.0,1397.0,1421.0,2480.5,2191.5,1117.0,1382.5,1582.5,1697.5,1715.5,1795.0,1834.5,1866.0,2586.0,2337.0,1206.0,1446.0,1643.0,1806.0,1811.0,1911.0,1990.0,1971.0,2356.0,2109.0,1124.0,1363.0,1538.0,1630.0,1665.0,1709.0,1789.0,1746.0,331.0,289.0,817.0,1058.0,1084.0,1189.0,946.0,938.0,923.0,809.0,459.0,412.0,880.0,1160.0,1188.0,1371.0,959.0,1043.0,965.0,809.0,245.0,217.0,684.0,1016.0,999.0,1187.0,914.0,999.0,891.0,802.0,273.0,213.0,632.0,938.0,932.5,1174.0,800.0,915.0,822.0,673.0,289.0,218.0,531.5,827.0,789.0,993.5,800.0,876.0,791.0,651.0,1270.0,1094.5,476.0,570.0,677.5,730.5,750.0,800.0,869.0,854.0,641.0,395.0,443.0,699.0,613.0,942.0,1190.0,1352.0,1349.0,1294.0,835.0,473.0,233.0,469.0,343.0,767.0,1457.0,1776.0,1723.0,1832.0,1084.0,552.0,230.0,435.0,275.0,691.0,1996.0,2631.0,2480.0,2508.0,1288.0,653.0,336.0,566.0,350.0,878.0,2439.0,2964.0,2879.0,3091.0,1302.0,669.0,336.0,654.0,400.0,1059.0,2625.0,3098.0,3144.0,3190.0,1384.5,731.5,382.0,770.0,489.5,1357.5,2687.0,3081.5,3125.0,3084.5,1914.0,1086.0,719.0,1134.0,1136.0,1873.0,2740.0,3027.0,3251.0,3304.0,2177.5,1401.0,657.5,1085.0,1232.5,1907.0,2618.5,2882.0,3151.0,3200.5,2539.5,1760.5,753.0,1218.0,1535.5,2181.0,2606.5,2825.5,3172.5,3202.5,3141.0,2179.0,965.0,1408.0,2005.0,2416.0,2551.0,2785.0,2945.0,3098.0,1320.0,1067.0,524.0,599.0,704.0,763.0,761.0,833.0,879.0,876.0,3549.0,2742.0,1073.0,1480.0,2007.0,2340.0,2454.0,2657.0,2706.0,2922.0,3400.5,2625.0,1068.5,1380.0,1837.0,2156.0,2249.0,2404.0,2589.5,2708.0,3070.0,2455.0,850.5,1111.0,1457.0,1680.5,1778.0,1917.0,2084.5,2162.5,3155.0,2632.0,954.0,1173.0,1507.0,1710.0,1826.0,1937.0,2078.0,2188.0,2543.0,1703.0,732.0,936.0,1259.0,1439.0,1537.0,1669.0,1855.0,1891.0,835.0,656.0,690.0,619.0,643.0,722.0,798.0,826.0,872.0,929.0,1973.0,1716.0,677.0,917.0,1101.0,1205.0,1215.0,1276.0,1369.0,1352.0,1440.0,1303.0,539.0,667.0,815.0,865.0,935.0,1000.0,810.0,1075.0,2204.0,1946.0,820.0,1082.0,1283.0,1399.0,1415.0,1463.0,1571.0,1563.0,1657.0,1400.0,632.0,724.0,818.0,871.0,852.0,884.0,965.0,980.0,1657.0,1400.0,470.0,600.0,777.0,858.0,852.0,884.0,965.0,980.0,1666.0,1466.0,587.0,760.0,884.0,980.0,1010.0,1063.0,1118.0,1131.0,1725.5,1524.5,655.5,812.0,934.5,1017.0,1052.5,1107.5,1182.5,1166.5,"{""type"":""MultiPoint"",""coordinates"":[]}"
853_0,3,1783.0,1524.0,500.5,639.5,858.0,974.0,1020.5,1113.0,1186.0,1194.0,2481.5,2109.0,1045.5,1344.5,1626.0,1750.5,1781.0,1849.0,1959.5,1938.0,2260.5,1898.0,801.5,1066.5,1336.5,1464.5,1472.5,1539.0,1640.0,1639.0,248.0,187.5,474.5,734.5,758.0,947.5,673.5,770.0,750.5,630.5,178.5,140.5,554.0,811.5,867.5,1025.0,815.5,873.0,837.0,770.0,286.0,235.0,555.5,889.0,888.5,1144.5,875.0,1035.5,943.0,784.5,573.0,423.5,416.0,750.5,608.0,1006.5,1118.0,1249.0,1138.5,1025.5,1021.5,661.0,377.0,712.0,472.0,986.5,1766.5,1977.0,2134.0,1884.0,1711.5,845.5,266.0,593.5,297.0,940.5,3040.0,3867.0,4025.5,3915.5,1744.5,889.5,263.5,594.5,342.5,973.5,3151.0,4087.5,4132.5,4233.0,1624.0,810.5,208.5,461.0,293.0,799.0,2959.0,4202.0,4308.0,4296.5,2075.0,1762.0,578.0,782.0,1017.5,1128.5,1178.5,1257.0,1370.5,1374.0,1692.0,827.5,222.0,491.0,292.0,850.5,3153.5,4533.5,4662.0,4735.0,1672.5,806.5,286.0,781.5,419.0,1335.5,3581.5,4543.5,4692.0,4861.5,1729.0,901.0,440.0,924.0,644.5,1604.5,3590.5,4340.0,4355.0,4601.5,2124.0,1126.0,663.0,1221.5,1074.5,2152.0,3496.5,3954.0,4227.0,4263.5,2454.5,1477.5,766.5,1369.0,1411.5,2403.0,3397.5,3695.5,4188.5,4191.0,2954.0,1893.0,934.0,1506.0,1898.0,2566.0,3251.0,3650.0,3912.0,3931.0,4209.5,2929.5,1213.5,1707.5,2415.5,2848.0,3062.0,3390.5,3718.5,3842.5,4056.0,2866.5,1118.5,1578.5,2330.5,2697.5,2922.5,3248.5,3542.0,3582.0,3485.0,2681.0,1104.5,1510.5,2097.0,2401.5,2526.0,2737.0,3166.0,3153.5,2120.0,1603.5,706.0,999.5,1377.0,1545.5,1614.5,1684.5,1759.0,1842.0,1932.0,1645.0,472.5,690.5,934.5,1061.5,1103.0,1191.0,1300.5,1304.0,2424.0,1919.5,818.0,1119.0,1504.0,1664.0,1747.0,1830.5,1882.0,1991.0,2356.5,1861.0,909.5,1147.0,1452.0,1621.5,1632.5,1775.5,1887.5,1913.5,2038.5,1666.0,659.5,846.5,1102.5,1236.0,1288.0,1371.0,1475.5,1479.5,1752.5,1474.5,578.0,767.0,1029.0,1182.0,1193.5,1247.5,1321.5,1342.0,1411.0,1190.0,373.5,515.0,695.5,777.5,784.5,883.0,931.0,914.0,0.0,0.0,0.0,0.0,0.0,0.0,0.0,0.0,0.0,0.0,1472.0,1099.5,402.5,557.5,745.5,868.5,895.0,955.0,1055.0,1071.5,1748.0,1372.5,569.5,700.0,857.0,987.0,1004.0,1093.5,1156.5,1178.5,2339.0,1916.0,799.0,1020.5,1263.0,1401.5,1441.0,1508.0,1607.5,1619.5,2279.5,1900.5,799.5,974.5,1218.5,1340.0,1354.0,1404.0,1553.0,1549.0,2118.5,1753.0,796.0,886.5,1101.0,1192.5,1207.5,1279.5,1401.0,1406.5,2205.5,1904.0,730.0,918.5,1172.0,1298.5,1333.5,1420.0,1505.5,1513.0,2285.0,1978.5,838.5,1104.0,1379.5,1495.5,1551.0,1593.5,1731.5,1721.0,"{""type"":""MultiPoint"",""coordinates"":[]}"
854_0,3,2132.0,1774.0,630.5,813.0,1117.0,1256.0,1281.0,1370.0,1464.0,1463.5,2502.0,2156.5,940.0,1248.0,1541.5,1662.0,1680.0,1777.5,1885.0,1866.5,2497.5,2127.5,892.5,1183.5,1479.5,1600.0,1607.0,1669.5,1787.5,1784.0,2438.5,2128.0,882.5,1151.0,1431.5,1563.0,1551.5,1622.0,1712.0,1734.5,230.5,192.0,594.0,803.5,887.0,1106.0,1020.5,1062.0,1099.0,1003.5,226.5,190.0,553.0,772.0,870.0,1051.0,951.0,1022.0,1034.0,943.5,646.0,424.5,553.0,779.0,784.0,1122.0,1414.0,1521.0,1400.5,1369.0,1248.0,797.0,439.5,751.0,475.0,1115.0,2299.5,2465.5,2432.0,2443.5,1529.5,763.5,248.0,608.0,313.0,1087.0,3316.0,4042.5,4134.0,4118.5,1757.0,931.0,254.5,624.5,395.5,1203.5,3237.5,4009.0,4153.5,4289.0,1731.0,888.5,235.0,628.0,351.5,1195.5,3199.5,3953.0,4153.5,4247.5,2427.5,2047.0,717.0,941.0,1262.5,1408.0,1478.5,1544.0,1605.0,1671.5,1693.0,837.5,211.5,620.5,294.0,1129.0,3185.5,3922.0,4099.0,4205.5,1572.0,776.5,202.0,594.0,292.0,1090.0,3190.0,3907.5,4090.5,4220.0,1573.0,785.5,268.5,656.0,317.5,1156.5,3327.0,3984.0,4148.5,4276.5,1841.0,942.5,428.0,939.0,540.5,1611.0,3542.5,4082.0,4330.0,4379.0,1841.0,955.0,448.0,1006.0,643.5,1708.5,3432.0,3873.5,4184.0,4229.5,2036.0,1119.0,528.0,1203.0,980.0,2145.0,3315.0,3617.0,3940.0,4056.0,2339.5,1327.0,856.0,1521.5,1549.5,2524.5,3356.0,3637.0,3997.0,4088.0,2717.0,1647.0,928.0,1530.0,1751.0,2677.0,3139.5,3462.0,3851.5,3954.5,3954.5,2660.5,1188.0,1658.5,2449.5,2885.5,3142.0,3472.0,3901.0,3995.0,2629.0,2023.0,823.5,1124.5,1599.0,1855.5,1902.0,2062.0,2162.5,2285.5,2269.5,1928.0,641.5,860.5,1194.5,1333.5,1356.0,1445.0,1580.0,1576.5,2492.0,1891.0,761.5,1075.0,1495.5,1721.0,1782.5,1890.0,2026.5,2107.0,2079.5,1615.0,882.5,1082.5,1367.0,1540.5,1551.5,1679.5,1753.0,1803.5,2370.0,1901.0,695.5,930.0,1249.5,1412.5,1454.5,1573.5,1714.0,1718.5,2562.5,2050.0,795.5,993.5,1309.0,1506.0,1557.5,1657.0,1759.0,1813.5,2117.5,1511.0,588.0,738.5,1018.5,1172.0,1227.5,1302.5,1487.0,1477.5,0.0,0.0,0.0,0.0,0.0,0.0,0.0,0.0,0.0,0.0,1968.0,1641.5,581.0,776.5,1025.0,1153.0,1163.0,1238.5,1359.0,1370.0,2175.0,1853.0,705.0,841.0,1059.5,1172.0,1192.5,1285.5,1362.5,1362.5,2461.5,2128.0,758.5,984.0,1251.0,1404.0,1444.5,1532.0,1611.5,1626.5,2550.0,2184.0,813.5,1026.0,1323.0,1431.5,1434.5,1512.0,1660.0,1661.0,2488.5,2103.0,837.5,1005.0,1268.5,1383.0,1375.0,1457.0,1583.5,1609.0,2089.5,1804.0,596.5,806.0,1064.0,1161.5,1192.0,1287.0,1365.5,1380.0,2285.5,2022.0,798.0,1072.0,1349.5,1443.0,1494.0,1541.5,1671.0,1665.5,"{""type"":""MultiPoint"",""coordinates"":[]}"
855_0,3,1007.5,854.5,321.5,405.5,483.0,528.5,542.5,581.0,622.0,620.5,1936.0,1715.5,764.5,973.0,1126.5,1202.0,1245.0,1317.0,1381.5,1359.5,2086.0,1839.5,808.5,1019.0,1180.5,1296.0,1314.0,1385.5,1435.0,1457.5,2671.0,2370.5,1242.5,1532.0,1727.5,1848.5,1871.0,1940.5,2006.5,2028.5,2675.0,2393.0,1256.0,1497.0,1696.0,1818.0,1871.0,1939.0,2037.0,2027.0,2381.0,2147.0,1124.0,1364.0,1554.0,1642.0,1656.0,1706.0,1792.0,1798.0,407.0,375.0,861.0,1124.0,1180.0,1365.0,1035.0,1093.0,1046.0,837.0,428.0,389.0,861.0,1159.0,1244.0,1365.0,1035.0,1093.0,1016.0,862.0,281.0,250.0,701.0,982.0,1007.0,1171.0,886.0,971.0,893.0,750.0,264.0,211.5,648.0,984.5,997.5,1235.0,828.5,929.5,846.0,717.0,278.0,206.5,584.0,887.0,895.0,1076.5,774.5,903.0,829.5,698.5,1250.0,1086.5,482.5,580.5,678.0,721.5,744.0,773.5,867.0,840.0,580.0,406.0,503.0,783.0,725.0,1011.0,1043.0,1269.0,1100.0,1054.0,708.0,439.0,303.0,523.0,425.0,773.0,1307.0,1641.0,1530.0,1520.0,972.0,527.0,281.0,499.0,354.0,718.0,1738.0,2329.0,2143.0,2222.0,1171.0,615.0,361.0,567.0,357.0,846.0,2085.0,2699.0,2598.0,2495.0,1210.0,615.0,323.0,605.0,380.0,1018.0,2217.0,2699.0,2716.0,2670.0,1243.5,676.5,350.5,716.5,486.5,1212.0,2279.5,2615.5,2679.5,2755.0,1658.0,1026.0,807.0,1224.0,1307.0,1951.0,2660.0,2914.0,3093.0,3099.0,2351.0,1556.0,746.0,1153.5,1389.0,2019.0,2548.5,2806.5,3072.0,3126.0,2649.0,1858.5,797.0,1246.5,1612.0,2201.0,2537.0,2782.0,3112.5,3146.0,2945.0,2035.0,934.0,1371.0,1935.0,2299.0,2425.0,2627.0,2826.0,2991.0,1302.0,1140.0,529.0,612.0,712.0,750.0,784.0,798.0,879.0,850.0,3478.0,2667.0,1019.0,1394.0,1922.0,2225.0,2357.0,2505.0,2600.0,2778.0,3344.0,2565.5,1095.0,1393.5,1823.0,2094.5,2166.5,2348.0,2533.0,2604.0,3032.0,2449.0,873.0,1112.5,1456.5,1633.5,1724.5,1850.5,2038.0,2077.5,3141.0,2581.0,971.0,1159.0,1487.0,1676.0,1756.0,1872.0,2043.0,2090.0,2543.0,1609.0,748.0,961.0,1243.0,1398.0,1492.0,1615.0,1811.0,1835.0,596.0,338.0,525.0,498.0,521.0,555.0,586.0,673.0,741.0,716.0,2279.0,1997.0,836.0,1083.0,1276.0,1397.0,1423.0,1501.0,1599.0,1588.0,1756.0,1493.0,815.0,954.0,1060.0,1122.0,1132.0,1193.0,1253.0,1232.0,2494.0,2244.0,989.0,1280.0,1493.0,1595.0,1624.0,1702.0,1785.0,1774.0,1792.0,1542.0,762.0,788.0,868.0,933.0,936.0,994.0,1079.0,1066.0,1663.5,1420.5,528.5,686.5,834.5,899.0,916.5,946.5,1042.0,1026.5,1717.0,1501.0,698.0,818.0,940.0,1017.0,1056.0,1122.0,1186.0,1183.0,1806.0,1603.5,705.0,880.0,1007.0,1094.5,1115.5,1167.5,1257.0,1228.5,"{""type"":""MultiPoint"",""coordinates"":[]}"
856_0,3,1929.5,1576.0,561.0,693.5,935.5,1071.0,1070.5,1158.5,1245.0,1303.0,2041.0,1757.0,683.5,887.5,1123.5,1224.5,1260.5,1344.5,1435.5,1441.0,2253.5,1960.0,792.0,1020.5,1276.0,1387.5,1419.0,1501.0,1577.0,1600.5,2398.5,2100.0,850.0,1098.5,1366.0,1502.0,1523.5,1635.0,1691.0,1727.5,1071.0,983.0,856.0,1071.0,1084.0,1212.0,955.0,998.0,975.0,967.0,330.0,284.0,580.0,785.0,864.0,986.0,875.0,970.0,968.0,803.0,528.0,429.0,483.0,730.0,654.0,972.0,1125.0,1216.0,1190.0,1046.0,951.0,695.0,475.0,730.0,476.0,998.0,1627.0,1831.0,1819.0,1710.0,1853.0,904.0,343.0,687.0,318.0,1012.0,3546.0,4312.0,4292.0,4401.0,1997.0,999.5,288.5,652.0,310.0,1025.5,3592.5,4862.0,4813.5,5046.0,1811.5,874.5,186.5,470.0,295.5,864.0,3283.5,4817.5,4941.5,5123.5,2156.0,1782.0,668.0,824.0,1049.0,1208.0,1241.0,1297.0,1393.0,1446.0,1798.0,856.0,245.0,499.0,331.0,845.0,3254.0,4710.0,4843.0,5047.0,1775.0,849.0,214.0,545.0,414.0,956.0,3366.0,4829.0,5003.0,5161.0,1801.0,850.0,296.0,688.0,483.0,1212.0,3472.0,4775.0,4947.0,5190.0,1942.0,996.0,450.0,904.0,685.0,1627.0,3623.0,4606.0,4764.0,5041.0,1994.5,1121.5,508.0,954.0,802.0,1729.0,3513.0,4227.5,4489.5,4672.0,2423.0,1439.0,581.5,1068.5,1128.5,2049.5,3436.0,3922.0,4067.0,4472.0,3062.0,1884.0,919.5,1384.0,1601.5,2573.0,3515.0,3865.5,4144.0,4449.5,4256.5,2935.5,1177.5,1645.5,2362.0,2962.0,3410.5,3775.0,4083.5,4241.5,3713.0,2644.5,1132.5,1585.5,2266.0,2787.0,2985.5,3210.5,3446.0,3624.5,3765.0,2616.0,1135.0,1555.0,2293.0,2808.0,2981.0,3333.0,3194.0,3499.0,2135.5,1775.0,632.5,778.0,1039.5,1178.0,1181.5,1269.5,1386.5,1416.5,3704.0,2630.5,1078.5,1475.0,2111.5,2648.0,2775.0,3064.0,2991.5,3289.5,3389.0,2411.5,1044.0,1363.5,1828.0,2336.0,2380.5,2578.5,2577.5,2815.5,3075.5,2393.0,815.5,1040.5,1377.5,1659.5,1690.0,1873.5,1931.0,2022.5,3225.0,2520.0,897.5,1089.5,1421.0,1634.0,1689.0,1871.5,1973.5,1997.0,1980.0,1426.0,554.0,712.0,981.0,1160.0,1213.0,1303.0,1387.0,1435.0,0.0,0.0,0.0,0.0,0.0,0.0,0.0,0.0,0.0,0.0,1911.0,1591.0,551.0,703.0,920.0,1020.0,1005.0,1075.0,1187.0,1192.0,1932.0,1615.0,557.0,648.0,838.0,933.0,950.0,1016.0,1068.0,1112.0,2133.0,1802.0,685.0,861.0,1070.0,1153.5,1186.0,1242.5,1355.0,1374.0,2127.0,1764.0,643.0,718.0,953.0,1050.0,999.0,1047.0,1152.0,1209.0,2164.5,1795.5,731.0,801.0,1016.5,1106.5,1089.0,1148.0,1251.5,1294.0,2306.0,1979.0,768.0,940.0,1127.0,1237.0,1298.0,1399.0,1469.0,1504.0,2106.0,1781.0,681.0,872.0,1096.0,1230.0,1257.0,1348.0,1413.0,1452.0,"{""type"":""MultiPoint"",""coordinates"":[]}"
857_0,3,1667.5,1400.5,557.5,686.5,891.0,1001.0,1027.0,1085.5,1151.0,1167.5,2397.0,2098.5,988.5,1259.0,1510.5,1618.0,1644.0,1706.0,1801.5,1786.5,2410.0,2113.5,906.0,1169.0,1427.0,1537.0,1556.5,1639.0,1714.0,1737.5,2492.5,2190.0,955.0,1253.5,1512.0,1644.0,1649.5,1730.5,1790.0,1821.0,393.0,415.0,937.0,1170.0,1219.0,1372.0,1024.0,1023.0,996.0,848.0,368.0,351.0,937.0,1170.0,1219.0,1372.0,1024.0,1023.0,996.0,809.0,354.0,280.0,784.0,1065.0,1057.0,1349.0,1024.0,1051.0,953.0,850.0,359.0,280.0,661.0,956.0,970.0,1349.0,1037.0,1124.0,1040.0,948.0,359.0,285.0,438.0,734.0,687.0,1064.0,1018.0,1144.0,1044.0,913.0,440.0,314.5,272.5,536.0,403.5,847.0,1012.0,1195.0,1038.0,897.0,695.5,417.5,241.5,476.0,317.5,847.0,1649.0,1930.0,1728.0,1619.0,1912.5,1621.0,697.5,846.0,1051.5,1170.0,1180.0,1248.0,1303.5,1347.5,1020.0,619.0,276.0,501.0,337.0,888.0,2064.0,2580.0,2521.0,2348.0,1008.0,549.0,174.0,410.0,252.0,793.0,2204.0,2606.0,2564.0,2460.0,1032.0,562.0,203.0,432.0,275.0,850.0,2553.0,3193.0,3147.0,3092.0,1167.0,588.0,317.0,599.0,312.0,996.0,2687.0,3296.0,3391.0,3283.0,1380.0,673.0,334.0,763.0,392.0,1235.0,2915.0,3534.0,3683.0,3513.0,1440.0,745.5,354.0,823.0,457.0,1379.0,2810.0,3201.0,3387.5,3402.0,1904.0,1063.0,714.0,1187.0,1160.0,1976.0,2805.0,3107.0,3307.0,3326.0,2228.0,1392.5,653.0,1168.0,1180.5,2027.5,2754.5,3024.0,3290.0,3358.5,3017.0,2105.5,837.5,1261.5,1609.0,2082.5,2517.0,2761.0,3018.0,3093.0,2204.0,1473.0,706.0,977.0,1330.0,1621.0,1765.0,1930.0,2105.0,2157.0,1743.0,1449.0,472.0,675.0,898.0,1027.0,1033.0,1105.0,1172.0,1181.0,2740.0,2017.0,764.0,1113.0,1528.0,1820.0,1917.0,2073.0,2109.0,2276.0,2634.5,2056.5,802.0,1040.5,1394.5,1583.0,1681.0,1834.0,1973.5,2011.5,2378.0,1902.5,627.0,811.5,1088.5,1245.5,1302.0,1440.0,1579.5,1616.0,2539.0,2065.0,731.0,872.0,1157.0,1320.0,1420.0,1507.0,1631.0,1708.0,2064.0,1486.0,517.0,658.0,915.0,999.0,1058.0,1160.0,1333.0,1324.0,669.0,564.0,611.0,522.0,539.0,557.0,611.0,673.0,763.0,776.0,1633.0,1372.0,518.0,719.0,873.0,959.0,999.0,1032.0,1135.0,1135.0,1238.0,1014.0,589.0,659.0,727.0,799.0,785.0,803.0,929.0,837.0,2209.0,1915.0,766.0,1018.0,1222.0,1304.0,1356.0,1386.0,1479.0,1501.0,2345.0,2119.0,955.0,1152.0,1352.0,1470.0,1499.0,1580.0,1674.0,1653.0,1829.0,1556.0,556.0,681.0,879.0,983.0,956.0,1023.0,1062.0,1088.0,1928.0,1684.0,708.0,815.0,1021.0,1128.0,1142.0,1217.0,1277.0,1304.0,2121.0,1891.0,798.0,981.0,1186.5,1289.5,1333.5,1405.5,1499.5,1492.5,"{""type"":""MultiPoint"",""coordinates"":[]}"
858_0,3,1847.0,1544.5,538.0,699.0,953.0,1054.5,1118.0,1186.0,1299.5,1307.5,2437.5,2100.5,964.5,1273.5,1543.0,1671.0,1712.5,1780.0,1890.5,1880.0,1446.5,1198.0,644.5,902.5,1068.0,1182.5,1087.5,1152.0,1202.0,1149.0,264.0,211.5,546.0,810.5,851.0,987.0,685.0,713.0,714.5,526.5,531.0,442.0,953.0,1143.5,1188.0,1396.5,1104.5,1131.5,1119.0,901.0,404.0,340.5,491.0,763.0,661.5,965.0,818.0,884.0,854.0,717.5,905.5,557.5,471.5,734.0,543.0,998.0,1583.5,1770.5,1765.0,1609.0,1414.0,844.5,369.0,735.5,408.0,1065.0,2585.5,2771.5,2875.0,2717.5,1727.0,892.0,301.5,655.0,328.5,1054.5,3079.0,3790.0,3778.5,3826.0,1665.5,842.5,242.0,566.5,319.0,985.0,3015.0,3851.5,3801.5,4009.0,1588.5,825.0,166.5,420.0,230.0,778.0,2811.0,3958.0,4038.0,4033.0,2132.5,1787.0,618.0,837.0,1083.5,1236.5,1260.0,1364.0,1434.0,1531.5,1639.5,833.5,207.5,458.0,255.5,832.5,3041.5,4207.5,4372.5,4422.5,1662.5,836.0,297.0,850.0,445.0,1436.5,3624.0,4520.5,4615.0,4595.5,1737.5,929.5,442.0,943.5,652.0,1611.0,3617.0,4330.5,4390.0,4347.5,2083.0,1155.5,679.0,1238.5,1059.0,2157.0,3580.5,4096.5,4308.0,4340.5,2443.5,1475.0,828.0,1444.0,1481.0,2490.0,3488.5,3951.0,4297.5,4268.0,2871.0,1863.0,966.0,1590.0,1925.0,2742.0,3466.0,3676.0,4124.0,4176.0,4226.0,2918.5,1297.0,1805.0,2543.0,3057.0,3209.5,3660.5,3861.5,4004.0,4078.5,2920.0,1223.0,1716.5,2531.5,2951.0,3115.5,3371.5,3782.5,3996.0,3220.5,2473.5,1041.5,1442.0,2010.5,2260.5,2347.5,2535.5,2835.0,2858.5,2306.0,1845.0,821.5,1086.0,1516.5,1778.0,1787.0,1892.0,1942.0,2026.0,1988.5,1715.5,518.5,728.0,997.0,1128.5,1205.0,1266.0,1389.0,1399.5,2344.0,1870.0,848.0,1126.0,1523.5,1734.0,1797.5,1867.0,1910.5,2070.5,2264.5,1826.0,914.0,1151.0,1488.5,1627.5,1685.5,1809.5,1911.5,1949.5,1966.5,1611.0,664.0,826.5,1096.0,1221.5,1293.0,1380.0,1472.5,1467.5,1971.0,1656.5,588.5,784.5,1041.5,1158.5,1181.0,1291.0,1357.5,1386.5,924.5,622.5,314.0,424.5,579.5,655.0,670.0,751.5,805.5,780.5,0.0,0.0,0.0,0.0,0.0,0.0,0.0,0.0,0.0,0.0,1385.5,964.5,393.0,530.5,705.5,844.5,865.0,936.5,1065.0,1084.5,1685.5,1272.5,590.0,718.5,860.5,1003.0,1047.5,1152.5,1225.0,1226.5,2385.0,1921.5,876.5,1120.0,1339.5,1493.5,1530.5,1652.0,1748.5,1747.5,2328.0,1898.5,853.0,1063.5,1311.5,1417.0,1428.0,1550.5,1676.0,1647.5,2150.0,1756.0,811.0,927.5,1148.5,1256.5,1232.0,1332.5,1473.5,1464.5,2111.0,1818.0,692.0,875.0,1136.5,1232.0,1298.5,1391.0,1480.0,1494.5,2235.0,1906.5,775.0,1039.0,1306.0,1432.5,1477.5,1549.0,1645.5,1656.0,"{""type"":""MultiPoint"",""coordinates"":[]}"
859_0,3,143.0,112.0,267.5,376.0,454.0,510.0,326.5,380.5,348.5,251.5,2012.0,1719.5,714.5,914.5,1109.0,1207.5,1246.0,1323.5,1427.5,1433.5,2225.5,1946.0,793.0,1011.5,1224.5,1343.0,1374.0,1454.0,1534.0,1531.5,2403.5,2124.5,941.0,1188.5,1403.5,1517.0,1543.5,1619.0,1705.0,1704.5,2563.0,2286.0,1107.0,1324.0,1568.0,1645.0,1712.0,1784.0,1884.0,1866.0,1537.0,1451.0,1101.0,1318.0,1521.0,1630.0,1648.0,1687.0,1750.0,1750.0,320.0,256.0,719.0,1069.0,1044.0,1304.0,957.0,1005.0,926.0,796.0,712.0,529.0,865.0,1196.0,1173.0,1623.0,1609.0,1704.0,1640.0,1527.0,976.0,629.0,588.0,991.0,753.0,1420.0,1936.0,2130.0,1997.0,1891.0,1257.5,720.0,307.0,655.5,429.5,1070.5,2303.5,2753.5,2626.0,2572.5,1274.5,700.0,224.0,473.0,271.5,833.0,2486.0,3141.5,3093.0,2954.5,186.0,145.0,386.0,538.0,642.0,710.0,506.0,567.0,594.0,471.0,1457.0,737.0,223.0,458.0,244.0,759.0,2681.0,3659.0,3670.0,3834.0,1396.0,666.0,128.0,363.0,164.0,689.0,2647.0,3819.0,3670.0,3834.0,1456.0,703.0,176.0,450.0,222.0,841.0,3048.0,4185.0,4192.0,4329.0,1568.0,795.0,426.0,845.0,535.0,1481.0,3297.0,3898.0,3980.0,4023.0,1577.0,822.0,433.0,898.0,708.0,1593.0,3003.0,3414.0,3733.0,3676.0,1876.5,1079.0,508.5,964.0,969.0,1795.5,2756.0,3098.5,3322.5,3446.0,2231.0,1332.5,861.0,1339.0,1575.0,2159.0,2783.0,3113.0,3323.0,3431.0,3923.0,2718.5,1090.5,1531.0,2062.0,2640.0,2962.0,3252.0,3534.5,3641.0,4390.5,2914.0,1349.5,1892.5,2771.0,3270.5,3509.0,3835.0,4207.5,4276.0,3496.0,2546.0,1270.0,1693.0,2332.0,2750.0,2633.0,3041.0,3120.0,3094.0,186.0,145.0,426.0,538.0,642.0,710.0,506.0,550.0,551.0,469.0,3405.0,2546.0,1062.0,1461.0,1954.0,2234.0,2315.0,2510.0,2670.0,2750.0,3323.0,2547.0,1107.5,1467.0,1913.5,2125.0,2236.0,2409.0,2561.0,2598.5,2823.0,2185.0,809.5,1027.5,1333.5,1497.0,1566.0,1718.5,1835.5,1839.0,284.0,251.0,338.0,469.0,601.0,687.0,529.0,584.0,575.0,468.0,148.0,105.0,139.0,178.0,267.0,301.0,213.0,220.0,244.0,166.0,457.0,600.0,575.0,521.0,497.0,525.0,550.0,659.0,529.0,672.0,110.0,98.0,326.0,485.0,545.0,650.0,438.0,449.0,453.0,321.0,866.0,541.0,483.0,652.0,770.0,967.0,1003.0,1098.0,1170.0,1160.0,2440.0,1752.0,803.0,1087.0,1328.0,1534.0,1615.0,1721.0,1897.0,1903.0,1623.0,1038.0,562.0,711.0,962.0,1095.0,1151.0,1238.0,1377.0,1373.0,2089.0,1487.0,744.5,972.0,1227.0,1371.5,1451.5,1536.5,1697.0,1667.0,3245.0,2635.0,1355.5,1630.0,1921.5,2103.5,2186.0,2271.5,2471.0,2485.0,3160.0,2590.5,1329.5,1587.5,1873.5,2021.5,2094.0,2210.5,2370.0,2383.5,"{""type"":""MultiPoint"",""coordinates"":[]}"
860_0,3,1661.0,1389.0,491.5,633.5,826.0,938.5,993.5,1037.0,1110.0,1148.5,2341.0,2005.5,911.5,1163.0,1401.5,1521.5,1564.0,1639.0,1734.0,1729.0,1740.0,1493.5,608.0,812.5,1029.0,1134.5,1137.5,1203.5,1289.5,1309.5,342.5,295.0,433.0,631.0,671.5,830.5,707.5,787.0,761.0,692.0,276.0,199.5,467.5,706.5,754.5,925.0,850.5,908.0,878.0,861.5,519.0,385.5,593.5,784.0,797.0,1030.0,1101.5,1211.5,1124.0,1125.0,911.5,695.0,463.5,745.0,582.5,1006.5,1552.0,1679.5,1587.0,1557.5,1382.0,775.0,368.0,676.5,424.5,946.0,2442.0,2846.0,2817.0,2789.0,1559.0,778.0,272.0,555.0,316.5,900.5,2832.5,3735.0,3759.0,3862.0,1696.0,864.0,256.0,555.0,356.0,988.0,2899.0,3942.5,4013.0,4202.0,1697.0,863.0,232.0,479.0,329.0,842.0,2811.5,4012.5,4192.5,4350.5,1909.0,1613.5,565.5,747.0,963.0,1096.5,1091.0,1188.5,1250.5,1273.5,1802.0,899.5,269.5,526.5,361.0,920.5,3150.5,4491.0,4633.5,4823.5,1754.0,899.5,330.0,841.5,498.5,1472.5,3622.0,4602.5,4725.5,4953.5,1854.0,953.5,474.0,956.5,687.0,1651.0,3582.5,4279.5,4355.5,4626.5,2114.0,1164.0,674.5,1160.5,1054.0,2055.5,3412.5,3916.0,4108.5,4303.0,2438.5,1458.5,759.0,1275.0,1346.5,2224.5,3346.0,3741.5,4069.5,4237.5,2742.0,1718.0,844.0,1355.0,1598.0,2455.0,3237.0,3699.0,3946.0,4095.0,4097.0,2814.5,1156.0,1648.5,2180.5,2738.5,3054.5,3343.0,3690.0,3828.0,3878.0,2648.5,1055.0,1509.5,2125.0,2593.0,2888.5,3157.5,3560.0,3631.0,2528.0,1904.5,773.0,1104.5,1521.5,1752.0,1866.5,2005.5,2081.0,2169.5,2203.0,1679.5,699.0,997.5,1363.5,1656.5,1653.0,1800.5,1800.0,1956.5,1795.5,1522.0,421.5,647.5,868.5,980.0,1050.5,1096.5,1194.5,1222.5,2479.5,1950.5,830.5,1113.5,1498.5,1781.5,1805.5,1929.5,1958.5,2127.0,2494.0,1951.0,1044.0,1263.0,1564.0,1784.5,1881.5,1967.0,2037.0,2139.0,2135.5,1748.5,679.5,831.5,1108.0,1261.5,1332.5,1439.5,1532.0,1558.0,1654.5,1428.5,501.0,628.5,843.0,958.0,990.5,1044.0,1144.5,1120.0,1417.5,1239.0,371.0,484.0,670.5,730.5,778.5,838.0,918.0,918.0,0.0,0.0,0.0,0.0,0.0,0.0,0.0,0.0,0.0,0.0,1707.0,1418.5,464.5,598.5,798.5,937.5,948.5,1011.5,1104.0,1078.5,1902.5,1649.0,582.0,696.0,875.5,983.5,1017.5,1107.0,1180.5,1233.5,1964.0,1667.0,619.0,802.0,1011.0,1132.0,1166.5,1245.0,1333.0,1345.5,2000.0,1686.5,612.0,753.0,941.0,1061.5,1066.0,1111.5,1207.5,1232.0,2075.5,1720.5,720.0,852.0,1022.0,1121.5,1181.5,1261.5,1343.0,1370.5,1951.0,1678.5,571.5,752.0,957.0,1050.0,1111.0,1177.5,1251.0,1304.0,2095.5,1832.5,738.0,965.5,1195.0,1287.5,1334.0,1403.5,1499.5,1506.5,"{""type"":""MultiPoint"",""coordinates"":[]}"
861_0,3,1639.5,1371.5,524.0,652.5,851.5,966.0,976.0,1048.0,1128.5,1139.5,2203.5,1924.5,784.0,1045.5,1286.5,1399.5,1435.0,1510.5,1604.0,1599.5,2312.0,2061.0,829.5,1104.5,1350.0,1468.0,1519.0,1575.0,1660.5,1656.0,2233.0,2012.0,833.0,1074.5,1306.0,1414.5,1460.5,1522.5,1594.0,1599.0,424.0,396.0,899.0,1175.0,1224.0,1356.0,1028.0,1039.0,1010.0,844.0,424.0,396.0,874.0,1175.0,1224.0,1356.0,1091.0,1118.0,1147.0,1055.0,352.0,269.0,680.0,911.0,959.0,1231.0,1119.0,1181.0,1147.0,1025.0,722.0,634.0,630.0,966.0,876.0,1483.0,1589.0,1597.0,1556.0,1481.0,903.0,584.0,554.0,797.0,700.0,1150.0,1824.0,1973.0,1806.0,1821.0,953.0,593.0,286.5,547.0,427.5,930.5,1780.5,2031.0,1909.0,1939.5,1261.5,695.0,205.5,458.5,239.5,809.5,2428.5,3037.5,3082.0,3042.5,1814.0,1553.0,601.0,782.0,979.0,1076.0,1113.0,1143.0,1255.0,1280.0,1366.0,674.0,184.0,457.0,207.0,820.0,2631.0,3407.0,3482.0,3455.0,1259.0,608.0,47.0,300.0,94.0,624.0,2631.0,3610.0,3581.0,3572.0,1251.0,605.0,76.0,310.0,105.0,595.0,2805.0,3946.0,3956.0,4075.0,1492.0,744.0,340.0,698.0,319.0,1121.0,3436.0,4398.0,4523.0,4513.0,1633.0,804.5,368.0,831.5,397.0,1326.0,3548.0,4437.5,4743.0,4561.5,1611.5,874.5,373.5,878.5,478.5,1534.5,3298.5,3730.0,3968.5,3949.0,1837.0,947.0,587.0,1316.0,1029.0,2119.0,3311.0,3716.0,3955.0,3954.0,2230.5,1343.5,821.5,1514.0,1433.0,2663.0,3581.0,3841.0,4279.5,4280.5,3283.0,2280.5,968.5,1491.0,1865.0,2471.0,2723.5,2968.5,3287.0,3312.5,1984.0,1465.0,587.0,877.0,1302.0,1507.0,1589.0,1762.0,1845.0,1990.0,1683.0,1443.0,434.0,637.0,877.0,978.0,1017.0,1070.0,1195.0,1195.0,2576.0,1934.0,731.0,981.0,1376.0,1603.0,1650.0,1818.0,1827.0,2018.0,2534.0,1960.0,812.5,1037.5,1386.0,1580.5,1660.5,1817.5,1901.5,2002.0,2248.0,1829.0,618.0,799.5,1046.0,1219.5,1267.0,1374.0,1437.5,1522.5,2388.0,1973.0,738.0,864.0,1101.0,1291.0,1309.0,1451.0,1464.0,1548.0,2003.0,1422.0,531.0,671.0,892.0,992.0,1059.0,1161.0,1342.0,1357.0,0.0,0.0,0.0,0.0,0.0,0.0,0.0,0.0,0.0,0.0,1487.0,1222.0,450.0,622.0,805.0,882.0,914.0,970.0,1067.0,1044.0,1810.0,1613.0,594.0,725.0,913.0,1009.0,1073.0,1141.0,1171.0,1222.0,2116.5,1848.0,754.5,946.5,1158.5,1261.5,1318.5,1396.0,1514.5,1488.0,2198.0,1931.0,848.0,1019.0,1230.0,1333.0,1384.0,1458.0,1618.0,1565.0,1636.0,1393.0,590.0,611.0,809.0,874.5,906.0,952.5,1045.0,1026.5,1985.0,1741.0,637.0,851.0,1072.0,1166.0,1210.0,1271.0,1359.0,1383.0,2036.5,1791.5,726.5,913.0,1131.0,1221.5,1253.5,1335.5,1444.5,1418.5,"{""type"":""MultiPoint"",""coordinates"":[]}"
862_0,3,151.0,143.0,183.0,242.0,333.5,407.0,281.5,312.0,327.5,238.5,2088.5,1743.0,721.5,927.5,1143.0,1251.5,1309.5,1389.5,1473.5,1497.5,2193.5,1862.5,812.5,1024.5,1231.5,1356.5,1397.0,1464.5,1547.0,1581.0,2385.0,2087.0,1031.0,1287.0,1493.0,1624.0,1648.0,1740.0,1775.5,1790.0,2551.0,2236.0,1316.0,1551.0,1764.0,1885.0,1917.0,1982.0,2056.0,2044.0,1730.0,1567.0,1002.0,1205.0,1370.0,1463.0,1429.0,1451.0,1509.0,1494.0,214.0,172.0,574.0,867.0,900.0,1057.0,832.0,940.0,898.0,768.0,481.0,368.0,683.0,1017.0,978.0,1379.0,1138.0,1259.0,1208.0,1035.0,475.0,407.0,512.0,830.0,700.0,1206.0,1294.0,1453.0,1370.0,1190.0,869.0,540.0,310.5,611.5,413.0,1086.0,2042.0,2417.5,2358.5,2173.5,1009.0,580.0,208.5,453.0,263.5,778.5,2152.0,2707.5,2656.0,2490.5,192.0,177.0,227.0,314.0,394.0,475.0,338.0,411.0,420.0,322.0,1215.0,632.0,189.0,421.0,223.0,753.0,2334.0,3090.0,3040.0,3119.0,1215.0,630.0,100.0,358.0,160.0,676.0,2392.0,3093.0,3147.0,3085.0,1276.0,646.0,170.0,467.0,226.0,834.0,2794.0,3657.0,3583.0,3669.0,1433.0,741.0,425.0,841.0,541.0,1481.0,3061.0,3645.0,3642.0,3715.0,1474.0,794.0,436.0,909.0,693.0,1573.0,2802.0,3201.0,3343.0,3322.0,1891.5,1146.0,509.0,982.5,993.0,1837.0,2593.0,2854.0,3059.0,3168.5,2305.0,1382.0,842.5,1340.0,1524.0,2160.0,2733.5,2981.0,3215.5,3302.0,3131.0,2089.0,929.5,1388.5,1703.0,2374.5,2820.5,3083.0,3333.5,3492.5,4134.5,2768.0,1204.0,1715.5,2397.5,3013.5,3291.0,3547.0,3863.0,4040.0,4517.0,3135.0,1425.0,2004.0,2822.0,3365.0,3551.0,3800.0,3927.0,4188.0,192.0,162.0,270.0,314.0,394.0,475.0,338.0,411.0,420.0,322.0,4357.0,3135.0,1283.0,1763.0,2485.0,2898.0,3062.0,3243.0,3322.0,3647.0,4099.0,3021.5,1141.5,1519.0,2080.5,2449.0,2592.5,2799.5,2989.0,3087.0,3516.5,2786.5,795.0,1080.5,1456.5,1693.5,1793.0,1948.0,2139.0,2204.5,281.0,269.0,338.0,462.0,584.0,704.0,579.0,649.0,702.0,575.0,125.0,111.0,86.0,139.0,215.0,260.0,211.0,221.0,247.0,152.0,0.0,0.0,0.0,0.0,0.0,0.0,0.0,0.0,0.0,0.0,121.0,114.0,111.0,209.0,281.0,374.0,231.0,276.0,285.0,200.0,158.0,130.0,192.0,256.0,363.0,492.0,453.0,520.0,554.0,504.0,3027.0,2290.0,910.0,1195.0,1525.0,1835.0,1944.0,2040.0,2190.0,2257.0,1333.0,788.0,569.0,643.0,901.0,1097.0,1171.0,1306.0,1443.0,1537.0,3327.0,2523.0,1081.0,1382.0,1762.0,2019.0,2110.0,2256.0,2451.0,2546.0,4153.0,3308.0,1510.0,1761.0,2161.0,2459.0,2528.0,2736.0,2954.0,2991.0,3958.5,3207.0,1400.0,1691.5,2056.5,2293.5,2409.5,2586.0,2726.5,2800.5,"{""type"":""MultiPoint"",""coordinates"":[]}"
863_0,3,2323.0,2032.5,1259.5,1310.0,1457.0,1629.5,1755.0,1870.5,1891.5,2008.5,2525.0,2315.0,806.0,1091.0,1454.0,1592.0,1616.0,1718.0,1831.0,1842.0,2197.0,1999.0,712.0,909.0,1220.0,1371.0,1361.0,1487.0,1594.0,1624.0,557.0,522.0,562.0,735.0,791.0,918.0,803.0,800.5,773.5,663.5,288.0,248.0,395.0,564.5,552.0,702.0,611.5,675.0,652.0,570.5,486.5,382.0,417.0,611.0,644.5,820.0,922.5,986.5,961.0,913.5,526.0,397.0,281.0,474.0,386.0,713.0,884.0,960.0,850.0,857.0,879.0,629.0,281.0,525.0,416.0,797.0,1267.0,1390.0,1322.0,1339.0,1056.0,577.0,241.0,394.0,260.0,558.0,1581.0,1897.0,1865.0,1857.0,1184.5,585.0,43.5,200.5,50.5,406.5,2077.0,3294.5,3316.5,3364.5,1295.0,615.5,45.5,213.0,44.0,411.5,2349.0,3886.5,4032.0,4005.0,1951.0,1691.0,883.0,876.5,963.0,1063.0,1141.0,1230.0,1353.0,1366.5,1389.0,655.5,61.0,216.5,56.5,453.5,2676.0,4396.5,4466.0,4558.5,1452.0,695.5,195.5,541.5,204.0,976.5,3263.0,4591.5,4764.0,4906.5,1565.0,772.0,487.0,870.0,597.0,1362.0,3406.0,4390.0,4487.0,4670.0,1675.0,932.0,709.0,1110.0,953.0,1792.0,3253.0,3785.0,3996.0,4094.0,1770.0,1003.0,622.0,1083.0,984.0,1798.0,2952.0,3357.0,3714.0,3719.0,2221.0,1363.0,670.0,1155.0,1284.0,2153.0,2923.0,3229.0,3439.0,3615.0,4535.0,3321.5,1048.5,1472.5,2103.0,2567.0,2890.0,3157.0,3383.5,3543.5,4490.5,3352.5,1032.0,1452.0,2187.0,2580.5,2781.5,2979.0,3343.5,3440.5,4174.0,3114.0,1021.0,1414.0,2052.0,2366.0,2576.0,2777.0,3151.0,3233.0,3475.5,2623.5,867.0,1174.5,1687.5,1986.5,2129.5,2348.0,2518.5,2672.5,1839.0,1556.0,535.0,671.0,916.0,1082.0,1157.0,1275.0,1370.0,1399.0,3521.5,2815.5,771.5,1044.5,1447.0,1699.5,1796.5,1948.5,2114.0,2281.0,2264.5,1921.0,939.0,1044.0,1225.5,1343.5,1438.5,1526.5,1683.5,1689.5,3044.5,2872.5,755.5,869.0,1122.5,1275.0,1356.5,1480.5,1703.5,1697.5,2819.0,2621.0,728.5,828.0,1065.0,1221.0,1297.5,1421.0,1560.0,1619.5,2087.5,1702.5,412.0,573.0,811.5,981.0,1085.5,1139.0,1340.5,1385.5,0.0,0.0,0.0,0.0,0.0,0.0,0.0,0.0,0.0,0.0,1472.0,1141.0,247.0,418.0,614.0,784.0,894.0,983.0,1077.0,1103.0,1864.0,1544.0,524.0,550.0,730.0,979.0,1137.0,1222.0,1279.0,1346.0,2159.0,1797.0,502.0,720.0,928.0,1218.0,1469.0,1525.0,1648.0,1741.0,2761.0,2118.0,1506.0,1669.0,1776.5,2099.5,2570.5,2729.5,2802.0,2845.5,2235.0,1864.0,748.0,924.0,1085.0,1375.0,1679.0,1783.0,1888.0,1944.0,2114.5,1894.0,561.0,756.0,1050.5,1178.0,1226.0,1319.0,1431.0,1441.5,2138.0,1976.5,647.0,866.0,1146.5,1265.0,1336.5,1403.0,1536.0,1544.5,"{""type"":""MultiPoint"",""coordinates"":[]}"
864_0,3,2060.0,1718.0,741.0,902.0,1167.5,1349.5,1392.5,1446.5,1517.0,1573.5,2603.5,2213.5,1009.0,1290.0,1608.0,1773.0,1801.5,1882.0,1965.0,1994.5,2684.5,2299.0,983.0,1234.0,1575.0,1729.5,1724.5,1802.0,1901.5,1933.5,548.5,506.0,681.5,875.5,895.0,1061.5,924.0,1056.5,1001.5,926.0,282.5,245.5,481.0,642.5,691.0,809.0,694.0,748.5,774.5,666.0,366.0,276.0,533.0,757.5,785.0,931.5,869.0,965.0,952.0,867.0,717.5,586.0,487.5,775.5,599.0,1083.0,1462.0,1520.5,1457.5,1440.0,1508.0,812.5,382.0,791.0,417.0,1114.5,3138.5,3643.5,3617.0,3544.0,1665.5,832.5,262.0,630.0,316.5,1029.5,3383.0,4298.5,4332.0,4420.0,1683.0,869.5,219.5,558.0,328.5,976.0,3045.0,4046.5,4194.0,4346.0,1707.5,858.0,193.5,464.5,287.0,789.0,2926.5,4129.5,4308.0,4507.5,2336.0,1977.0,793.0,1013.0,1293.5,1449.5,1518.0,1613.5,1591.5,1723.0,1808.5,910.0,255.5,558.0,353.5,984.0,3185.0,4350.5,4499.0,4707.5,1793.5,901.5,291.5,754.0,466.0,1304.5,3453.0,4519.5,4740.5,4927.5,1874.5,993.0,426.0,892.5,634.0,1485.5,3507.0,4401.0,4529.5,4842.0,2098.0,1161.0,629.0,1096.5,980.5,1874.5,3378.0,3992.0,4246.5,4466.5,2399.0,1370.5,703.0,1174.0,1251.0,2067.5,3238.0,3774.5,4207.5,4320.5,3129.0,1925.0,930.0,1460.0,1910.0,2676.0,3430.0,3854.0,4174.0,4469.0,4259.0,2938.0,1299.5,1771.5,2544.5,3039.5,3511.5,3865.0,4289.0,4515.5,4274.5,2926.0,1208.5,1723.0,2565.5,2992.0,3275.5,3603.5,4068.5,4149.5,3456.5,2613.0,1085.5,1466.5,1983.0,2339.5,2516.5,2846.0,3030.0,3125.5,2199.0,1664.5,769.5,1047.0,1453.5,1711.5,1713.5,1850.0,1855.5,1939.5,2191.5,1796.5,701.0,913.0,1191.5,1370.0,1396.5,1505.5,1560.0,1620.0,2493.0,1935.5,915.0,1177.0,1593.0,1877.5,1821.0,2029.5,1990.5,2115.5,2387.5,1877.5,1007.5,1209.0,1561.0,1768.5,1867.5,1898.5,1993.5,2101.5,2205.5,1773.0,753.5,946.5,1217.5,1389.5,1429.0,1486.5,1621.5,1661.5,1741.5,1448.5,556.0,692.5,881.5,1020.0,1042.0,1143.0,1194.0,1238.0,1284.0,1099.0,341.5,472.0,640.0,715.5,737.0,773.5,852.5,839.0,0.0,0.0,0.0,0.0,0.0,0.0,0.0,0.0,0.0,0.0,2325.0,1954.5,734.0,930.5,1200.5,1384.0,1337.5,1466.0,1513.0,1588.5,2706.0,2404.5,1153.5,1267.5,1413.0,1577.0,1722.5,1859.5,1917.5,2022.0,2353.5,2004.0,819.5,1025.5,1263.5,1405.0,1498.0,1539.0,1669.5,1654.5,2369.5,1965.0,831.5,979.5,1181.5,1337.0,1462.0,1562.5,1619.5,1667.5,2368.0,1899.0,831.5,979.5,1181.5,1337.0,1462.0,1562.5,1619.5,1667.5,2109.0,1773.0,641.0,821.0,1060.5,1211.5,1252.5,1315.0,1422.0,1470.0,2392.5,2072.0,795.5,995.0,1277.5,1399.5,1454.0,1516.0,1641.0,1686.5,"{""type"":""MultiPoint"",""coordinates"":[]}"
865_0,3,2411.5,1942.5,696.5,850.0,1157.5,1340.0,1347.5,1479.5,1567.5,1602.0,2146.0,1848.0,715.5,910.5,1157.5,1279.0,1323.0,1394.0,1495.5,1511.0,2336.5,2050.5,825.0,1044.5,1333.0,1462.5,1479.0,1550.5,1639.5,1653.0,2472.5,2173.0,880.5,1132.5,1424.0,1570.5,1597.0,1693.5,1747.0,1788.0,1245.0,1164.0,960.0,1235.0,1220.0,1363.0,1197.0,1236.0,1265.0,1221.0,322.0,300.0,610.0,823.0,859.0,1056.0,876.0,958.0,951.0,854.0,450.0,326.0,573.0,785.0,757.0,1019.0,985.0,1085.0,1150.0,950.0,919.0,500.0,716.0,939.0,929.0,1115.0,1724.0,1663.0,1598.0,1846.0,1116.0,561.0,373.0,654.0,443.0,907.0,1724.0,2280.0,2497.0,2107.0,1365.0,696.5,312.0,644.5,383.5,931.0,2420.5,2948.0,3235.0,3110.5,1517.5,739.5,303.0,603.0,368.0,939.0,2548.5,3692.5,3834.5,3510.5,2597.0,2192.0,759.0,941.0,1216.0,1380.0,1428.0,1532.0,1600.0,1733.0,1516.0,733.0,288.0,582.0,405.0,992.0,2910.0,4002.0,3924.0,4006.0,1620.0,762.0,259.0,657.0,429.0,1180.0,3257.0,4291.0,4344.0,4471.0,1693.0,815.0,311.0,706.0,470.0,1265.0,3498.0,4562.0,4415.0,4737.0,1817.0,951.0,438.0,882.0,646.0,1561.0,3679.0,4292.0,4348.0,4617.0,2073.5,1131.5,475.5,905.0,749.0,1620.5,3438.0,4131.0,4327.0,4416.0,2387.0,1432.5,522.5,994.0,1011.5,1813.0,3244.5,3637.5,3909.5,4211.0,3005.0,1859.0,850.5,1276.0,1490.0,2268.5,3192.5,3568.5,3864.0,4094.0,4134.0,2807.0,1078.0,1493.0,2076.0,2595.5,3054.0,3456.0,3803.5,3891.0,3655.0,2599.0,1030.5,1445.5,2035.5,2479.5,2693.0,2941.5,3234.0,3370.0,3555.0,2439.0,989.0,1355.0,1898.0,2289.0,2528.0,2728.0,2803.0,3157.0,2596.5,2167.0,741.0,932.5,1231.5,1392.0,1400.5,1516.5,1653.0,1717.0,3520.0,2466.0,948.5,1272.0,1798.0,2156.0,2334.5,2559.0,2675.0,2937.0,3265.0,2313.5,942.0,1202.5,1642.5,1987.5,2083.5,2317.5,2397.0,2550.0,3049.5,2297.5,731.0,939.0,1259.0,1465.0,1542.0,1735.0,1834.5,1945.5,3177.0,2438.0,816.5,994.0,1323.0,1528.0,1590.5,1759.5,1905.0,1975.5,1766.0,1415.0,410.0,520.0,746.0,860.0,924.0,981.0,1096.0,1158.0,0.0,0.0,0.0,0.0,0.0,0.0,0.0,0.0,0.0,0.0,2211.0,1886.0,623.0,798.0,1054.0,1164.0,1155.0,1257.0,1363.0,1432.0,2463.0,2087.0,719.0,863.0,1084.0,1185.0,1202.0,1267.0,1413.0,1443.0,2492.5,2115.5,757.5,944.5,1197.0,1329.0,1339.5,1422.5,1523.5,1563.0,2625.0,2150.0,739.0,873.0,1152.0,1274.0,1280.0,1291.0,1415.0,1523.0,2680.5,2237.0,826.0,951.0,1199.5,1326.5,1349.5,1415.5,1546.0,1616.5,2434.0,2027.0,757.0,934.0,1141.0,1253.0,1312.0,1404.0,1527.0,1532.0,2182.0,1894.0,676.0,809.0,1007.0,1165.0,1177.0,1307.0,1397.0,1425.0,"{""type"":""MultiPoint"",""coordinates"":[]}"
866_0,3,1973.0,1664.5,593.0,759.5,1020.0,1112.0,1171.5,1259.5,1343.5,1342.0,2642.5,2250.0,1024.0,1355.0,1673.5,1817.5,1861.5,1939.5,2061.0,2040.5,2676.5,2288.5,951.5,1252.0,1598.5,1743.5,1747.5,1807.0,1943.5,1950.0,2617.5,2267.5,932.5,1210.0,1528.0,1669.5,1676.0,1744.0,1851.5,1880.5,435.0,369.0,823.5,1081.5,1197.5,1394.5,1133.0,1173.5,1059.0,1005.0,256.5,205.5,660.0,947.5,1043.0,1215.0,974.0,1072.5,1032.5,879.5,521.5,438.5,566.5,875.0,834.0,1247.0,1156.0,1280.5,1186.5,1067.5,1146.0,809.0,452.0,798.5,471.5,1162.5,2274.5,2394.0,2439.5,2296.5,1541.5,811.5,321.0,698.5,379.0,1148.0,3056.0,3554.5,3585.5,3450.5,1654.5,884.0,330.5,732.5,451.0,1287.5,3044.5,3605.5,3688.5,3736.0,1614.0,841.0,286.0,710.0,411.5,1273.5,3148.0,3778.0,3944.0,3940.0,2241.0,1922.5,646.0,879.5,1132.5,1285.0,1289.0,1379.0,1471.0,1516.0,1613.0,813.0,248.0,689.0,374.0,1269.0,3220.0,3919.0,4058.0,4190.0,1499.5,739.5,236.5,654.0,359.5,1221.0,3240.0,3883.0,4094.5,4176.0,1511.5,739.5,291.5,672.0,405.0,1209.0,3320.5,3929.5,4086.0,4188.0,1802.5,933.5,472.0,978.5,576.5,1693.0,3554.0,4084.0,4317.0,4336.5,1844.0,965.5,466.5,1027.5,679.5,1769.0,3327.5,3725.0,4035.5,4004.0,1953.0,1095.0,529.0,1170.0,1006.0,2091.0,3098.0,3390.0,3658.0,3714.0,2254.5,1302.0,831.0,1453.0,1520.5,2442.0,3124.0,3380.5,3750.5,3790.0,2599.5,1617.0,891.0,1479.0,1748.0,2510.5,3001.0,3270.5,3603.0,3733.5,3663.5,2538.0,1048.5,1496.0,2052.0,2559.5,2805.5,3095.5,3530.5,3588.5,2280.5,1695.5,669.0,956.5,1384.5,1576.5,1643.0,1796.0,1877.0,1997.5,2085.5,1809.5,568.0,776.5,1036.5,1169.5,1260.5,1277.5,1408.0,1406.5,2599.0,2032.0,761.0,1052.0,1463.5,1680.5,1720.5,1862.0,1925.5,2030.5,2421.0,1872.5,959.5,1167.0,1461.5,1651.0,1657.0,1787.0,1888.5,1924.0,2322.5,1903.5,667.5,845.5,1140.0,1285.5,1318.0,1410.0,1524.5,1568.5,2472.5,2069.5,729.0,912.0,1211.5,1359.5,1394.0,1472.0,1573.5,1659.5,2087.5,1537.0,513.5,661.5,924.5,1063.5,1126.5,1184.0,1364.0,1367.0,2024.5,1693.0,907.0,1108.0,1299.0,1444.0,1467.0,1556.0,1529.5,1670.0,1940.5,1643.5,554.0,766.5,988.5,1105.0,1145.5,1186.0,1316.0,1298.5,1995.0,1723.0,646.5,767.0,976.0,1072.0,1129.0,1185.0,1274.0,1258.5,2353.0,2043.5,727.0,942.5,1193.0,1326.0,1321.5,1439.0,1511.5,1548.5,2402.0,2058.0,768.5,956.0,1220.5,1338.0,1310.0,1418.0,1543.5,1524.0,2172.0,1850.5,701.5,844.0,1078.5,1189.5,1183.5,1285.5,1372.0,1392.0,2107.5,1782.0,664.5,845.0,1112.5,1165.5,1209.5,1299.0,1392.5,1384.5,2406.0,2053.5,872.0,1152.0,1467.5,1580.0,1614.5,1675.0,1790.0,1793.0,"{""type"":""MultiPoint"",""coordinates"":[]}"
867_0,3,1616.5,1365.5,399.5,519.5,739.0,854.5,869.0,1002.0,1068.5,1083.0,2096.0,1836.0,781.5,1030.5,1279.0,1388.5,1439.0,1496.0,1601.0,1565.0,2207.0,1931.5,748.5,988.0,1255.0,1351.0,1408.0,1488.0,1581.5,1599.5,2098.5,1859.5,750.5,967.5,1227.0,1321.5,1382.5,1452.5,1530.0,1551.5,398.5,366.5,937.0,1083.5,1120.0,1309.0,1086.5,1107.0,1072.0,921.0,398.5,366.5,937.0,1083.5,1120.0,1309.0,1086.5,1107.0,1072.0,921.0,326.0,266.5,445.0,662.5,548.5,914.0,919.5,1027.5,962.0,860.5,713.5,519.0,322.0,592.5,376.0,920.5,1582.5,1744.0,1682.5,1482.0,1320.0,692.0,214.0,494.0,297.0,929.5,2900.5,3619.5,3664.0,3483.0,1639.0,881.0,218.5,546.0,352.0,1006.5,2938.5,3782.0,3835.0,3887.0,1563.5,768.5,163.5,356.0,215.5,682.5,2656.5,3822.5,3991.0,4096.0,1830.0,1567.5,464.5,641.5,866.5,964.5,1012.0,1109.0,1215.0,1223.0,1594.5,771.0,159.5,378.5,207.5,707.5,2860.5,3959.5,4053.0,4268.5,1659.5,760.5,162.0,492.5,222.0,897.0,3206.0,4342.0,4560.5,4615.5,1705.5,825.5,382.0,842.5,476.5,1427.5,3486.5,4473.0,4581.0,4687.0,1919.5,1035.5,585.0,1122.5,850.0,1915.0,3615.5,4201.5,4427.0,4524.5,2039.5,1140.5,628.0,1192.0,1025.5,2032.0,3452.0,4002.0,4304.0,4340.0,2323.0,1342.0,668.0,1212.0,1232.0,2156.0,3291.0,3702.0,3990.0,4116.0,3153.0,1985.0,989.0,1394.0,1656.5,2402.5,3012.0,3393.5,3690.0,3845.5,3826.5,2638.5,958.0,1359.0,1941.5,2449.0,2712.0,3028.0,3355.0,3447.5,3702.5,2574.5,873.0,1309.5,1962.5,2470.5,2732.5,3038.5,3289.0,3460.0,2478.0,1896.5,719.5,1002.5,1455.5,1726.0,1837.5,1975.0,2023.5,2211.5,1702.0,1429.0,378.5,544.5,796.0,912.5,904.0,1031.5,1129.5,1133.5,2360.0,1796.5,696.0,989.5,1408.5,1662.0,1778.0,1891.0,1999.5,2089.0,2447.5,1896.0,879.0,1093.0,1463.5,1684.0,1816.0,1932.5,2040.5,2089.0,2212.5,1769.5,615.5,796.0,1077.5,1254.0,1353.5,1442.5,1527.0,1597.0,2362.5,1923.0,710.0,839.0,1118.0,1314.5,1390.0,1510.0,1556.5,1677.0,1986.5,1437.0,504.5,649.5,924.5,1044.5,1173.5,1229.0,1375.0,1394.5,0.0,0.0,0.0,0.0,0.0,0.0,0.0,0.0,0.0,0.0,1428.0,1076.0,354.5,485.0,661.0,776.5,806.0,886.5,999.5,1033.0,1665.5,1339.0,476.5,581.5,738.5,877.0,933.5,1017.5,1082.0,1139.5,2162.5,1761.0,666.5,862.0,1058.5,1222.0,1331.0,1406.0,1539.5,1528.0,2084.0,1712.5,596.0,780.0,1007.0,1163.5,1299.0,1355.5,1476.5,1505.5,1845.0,1514.5,549.0,643.0,829.5,961.5,1024.5,1115.0,1234.5,1273.5,1856.0,1659.0,566.5,721.0,918.5,1014.5,1086.5,1119.0,1231.0,1234.5,1856.0,1659.0,523.0,715.0,918.5,1014.5,1086.5,1119.0,1231.0,1234.5,"{""type"":""MultiPoint"",""coordinates"":[]}"
868_0,3,1873.5,1577.5,558.0,718.5,959.5,1046.5,1094.0,1179.0,1231.0,1300.5,2587.5,2204.0,1013.5,1348.5,1667.0,1808.5,1818.0,1899.5,2008.5,2000.5,2598.5,2208.5,931.0,1224.0,1577.5,1708.0,1707.5,1771.0,1899.5,1908.5,2523.5,2191.5,932.5,1203.5,1508.5,1644.5,1652.5,1724.5,1812.0,1836.5,405.5,363.0,783.5,1025.0,1122.0,1311.5,1138.0,1167.0,999.0,1014.5,375.5,346.5,822.5,1059.5,1147.5,1362.0,1097.0,1143.5,1113.5,982.5,531.0,463.0,527.0,828.0,771.0,1215.5,1165.5,1248.0,1152.5,1069.5,1295.0,833.5,442.0,812.5,457.0,1169.0,2428.5,2706.5,2659.5,2537.0,1732.5,883.0,309.0,722.5,375.5,1161.5,3318.0,3993.0,3916.5,3879.0,1919.5,1015.5,341.0,794.5,447.0,1407.5,3447.0,4164.0,4210.0,4292.0,1841.0,939.0,287.5,750.0,401.0,1370.0,3508.5,4317.5,4404.0,4509.0,2143.5,1859.0,608.0,837.0,1082.5,1212.0,1241.0,1324.5,1430.0,1452.5,1806.0,920.5,254.0,712.0,358.0,1327.0,3570.0,4340.0,4473.5,4587.0,1646.0,833.5,252.5,667.5,359.0,1249.0,3471.5,4245.5,4380.5,4555.0,1652.0,857.0,306.0,686.0,387.0,1258.0,3510.0,4307.5,4412.0,4593.0,1939.0,1022.0,481.0,967.0,586.5,1721.5,3796.0,4351.0,4558.0,4674.0,1949.5,1042.5,468.5,1003.5,688.0,1810.5,3481.0,3982.5,4250.5,4288.5,2103.0,1223.0,531.0,1151.0,979.0,2148.0,3219.0,3551.0,3848.0,3872.0,2432.0,1426.5,852.5,1473.5,1551.5,2528.0,3215.0,3546.0,3883.5,3930.0,2795.0,1731.5,915.0,1487.5,1781.0,2617.5,3031.5,3309.0,3655.0,3783.0,3882.5,2630.5,1104.0,1548.5,2172.0,2667.0,2876.0,3204.0,3602.0,3663.0,2200.5,1630.0,651.0,921.0,1312.0,1531.5,1556.0,1684.0,1766.0,1829.0,2031.5,1701.5,515.5,738.5,1007.5,1138.0,1184.0,1246.0,1328.5,1378.5,2252.5,1740.0,659.5,927.0,1303.0,1493.5,1531.5,1654.5,1759.0,1773.0,2449.0,1966.0,892.0,1088.0,1395.5,1576.0,1627.0,1710.5,1817.5,1878.5,2253.0,1845.5,656.0,850.0,1124.5,1281.5,1310.0,1419.5,1492.5,1556.0,2426.0,1966.0,718.5,916.5,1197.0,1391.5,1377.0,1508.0,1532.5,1629.0,2031.5,1572.0,545.0,674.0,937.0,1060.0,1138.0,1214.5,1351.0,1348.5,0.0,0.0,0.0,0.0,0.0,0.0,0.0,0.0,0.0,0.0,1840.5,1514.5,542.0,720.5,937.0,1034.0,1064.5,1147.0,1238.0,1254.5,1869.0,1606.0,593.5,713.0,923.5,1001.5,1045.0,1116.5,1177.0,1203.0,2248.0,1935.5,701.5,921.0,1169.5,1278.0,1342.0,1405.0,1499.0,1512.5,2263.5,1951.0,732.5,918.0,1169.0,1289.5,1286.0,1361.5,1483.0,1485.5,2037.5,1740.5,637.5,789.5,1001.5,1117.0,1126.0,1193.5,1294.5,1320.0,2027.0,1710.0,616.5,816.0,1061.0,1140.5,1172.5,1231.0,1336.5,1359.5,2363.5,1985.0,846.0,1140.0,1432.0,1558.0,1598.5,1676.5,1767.5,1776.5,"{""type"":""MultiPoint"",""coordinates"":[]}"
869_0,3,160.0,153.0,113.0,156.5,246.0,372.5,245.5,285.5,202.5,195.0,2307.0,1916.5,720.5,947.5,1193.0,1339.0,1407.0,1509.5,1607.0,1667.0,2438.0,2068.0,837.5,1052.5,1301.0,1466.5,1530.0,1640.5,1716.0,1800.5,2579.5,2285.5,1073.5,1344.0,1583.5,1720.5,1775.5,1840.0,1920.0,1950.0,2744.0,2407.0,1340.0,1595.0,1827.0,1953.0,2006.0,2066.0,2149.0,2179.0,1344.0,1278.0,1346.0,1590.0,1750.0,1792.0,1563.0,1709.0,1458.0,1573.0,370.0,336.0,762.0,1028.0,1012.0,1221.0,982.0,1038.0,946.0,821.0,553.0,409.0,710.0,1028.0,1012.0,1383.0,1210.0,1305.0,1126.0,1063.0,689.0,444.0,480.0,789.0,639.0,1198.0,1227.0,1368.0,1205.0,1121.0,819.5,536.5,236.0,506.0,331.5,962.0,1643.0,1889.5,1702.0,1602.0,1017.0,642.0,202.5,413.5,231.0,804.0,1938.0,2447.5,2287.0,2145.0,294.0,206.0,215.0,301.0,372.0,503.0,347.0,446.0,344.0,298.0,1256.0,691.0,202.0,391.0,206.0,730.0,2391.0,3128.0,3052.0,3040.0,1256.0,665.0,100.0,332.0,110.0,753.0,2538.0,3338.0,3375.0,3222.0,1348.0,709.0,161.0,477.0,245.0,904.0,2894.0,3770.0,3903.0,3855.0,1490.0,766.0,432.0,876.0,539.0,1498.0,3099.0,3587.0,3790.0,3719.0,1502.0,837.0,432.0,939.0,723.0,1641.0,2801.0,3228.0,3518.0,3380.0,1915.0,1154.0,534.5,1047.5,1044.0,1848.5,2707.5,3027.0,3217.5,3260.0,2281.5,1391.5,869.0,1374.0,1570.5,2119.5,2776.5,3005.0,3305.0,3346.0,3194.5,2183.5,1051.0,1531.5,1904.5,2525.0,2968.5,3195.5,3561.5,3620.0,4114.5,2764.0,1381.5,1983.5,2777.0,3112.5,3403.5,3733.0,4224.5,4206.5,4343.0,3053.0,1587.0,2159.0,3033.0,3401.0,3640.0,3863.0,4079.0,4222.0,294.0,206.0,215.0,248.0,340.0,472.0,362.0,349.0,344.0,316.0,4150.0,3034.0,1293.0,1784.0,2456.0,2830.0,2973.0,3176.0,3260.0,3510.0,3952.0,2943.5,1213.0,1580.0,2154.0,2447.0,2549.5,2743.0,2977.5,3077.5,3283.5,2568.5,839.5,1070.5,1466.5,1608.5,1714.5,1853.0,2082.0,2060.0,388.0,292.0,273.0,368.0,509.0,661.0,619.0,606.0,538.0,567.0,208.0,148.0,60.0,112.0,166.0,267.0,169.0,221.0,142.0,196.0,0.0,0.0,0.0,0.0,0.0,0.0,0.0,0.0,0.0,0.0,220.0,170.0,66.0,130.0,219.0,367.0,231.0,230.0,233.0,212.0,615.0,402.0,257.0,349.0,545.0,753.0,813.0,926.0,1021.0,1051.0,3510.0,2709.0,1056.0,1353.0,1778.0,1988.0,2090.0,2270.0,2538.0,2564.0,1728.0,1003.0,530.0,622.0,975.0,1207.0,1311.0,1438.0,1633.0,1740.0,2658.0,1833.0,775.0,1009.0,1449.5,1691.5,1736.5,1884.5,2175.0,2204.5,4246.5,3343.5,1322.0,1631.0,2106.0,2340.5,2427.5,2635.0,2944.5,2945.0,3914.5,3232.5,1309.5,1567.5,2004.5,2205.0,2343.5,2453.5,2763.0,2759.5,"{""type"":""MultiPoint"",""coordinates"":[]}"
870_0,3,1750.0,1440.0,542.0,660.5,865.5,977.5,986.5,1058.5,1172.5,1211.5,1944.5,1666.5,710.0,896.0,1090.0,1201.5,1220.0,1299.5,1381.5,1398.0,2124.0,1843.5,892.0,1076.5,1304.0,1406.0,1410.5,1451.5,1528.5,1555.5,2390.0,2102.5,1036.5,1284.0,1521.0,1634.5,1656.5,1734.0,1793.0,1790.5,1497.0,1414.0,846.0,1065.0,1262.0,1370.0,1379.0,1458.0,1511.0,1523.0,329.0,305.0,748.0,975.0,912.0,1165.0,926.0,932.0,939.0,832.0,296.0,239.0,593.0,830.0,818.0,995.0,918.0,978.0,983.0,832.0,396.0,292.0,604.0,830.0,818.0,1035.0,997.0,1115.0,1007.0,1017.0,469.0,386.0,539.0,752.0,731.0,934.0,1045.0,1105.0,1010.0,1019.0,1150.0,665.5,263.0,514.5,337.0,841.5,2007.5,2564.0,2283.5,2379.0,1514.0,779.0,162.0,430.5,155.5,724.0,2818.5,3830.5,3589.5,3531.0,1897.0,1633.0,618.0,781.0,961.0,1086.0,1116.0,1218.0,1257.0,1313.0,1594.0,778.0,136.0,416.0,117.0,686.0,3117.0,4384.0,4250.0,4514.0,1546.0,746.0,76.0,353.0,125.0,787.0,3212.0,4482.0,4455.0,4652.0,1575.0,766.0,166.0,476.0,257.0,926.0,3259.0,4594.0,4656.0,4898.0,1694.0,795.0,387.0,812.0,539.0,1501.0,3396.0,4203.0,4311.0,4401.0,1788.0,939.0,411.0,875.0,628.5,1603.0,3200.0,3748.0,4052.5,4070.0,2005.5,1174.5,475.5,931.5,950.5,1829.0,2971.5,3396.5,3648.5,3795.5,2439.0,1470.0,762.5,1210.5,1414.0,2205.0,3001.0,3336.0,3647.5,3792.0,2837.5,1858.0,870.5,1361.5,1764.0,2488.5,2977.0,3272.5,3656.0,3731.0,4046.0,2789.0,1120.0,1528.0,2103.0,2570.0,2935.0,3218.0,3625.0,3670.0,3991.0,2735.5,1067.5,1511.5,2323.0,2710.0,2952.5,3184.0,3525.0,3761.0,1904.5,1622.0,583.0,719.5,951.5,1045.0,1072.5,1150.0,1266.0,1293.5,3525.5,2550.5,865.5,1230.5,1844.5,2113.0,2319.5,2440.0,2830.5,2932.5,3471.5,2517.5,980.5,1281.0,1836.5,2064.5,2239.5,2447.5,2749.0,2809.5,3130.5,2424.0,737.0,962.0,1352.0,1513.5,1653.5,1767.0,2046.0,2072.5,3166.0,2422.5,772.5,941.5,1324.5,1463.0,1613.5,1746.5,1979.5,2007.0,1600.0,1280.0,424.0,558.0,774.0,868.0,894.0,947.0,1088.0,1070.0,0.0,0.0,0.0,0.0,0.0,0.0,0.0,0.0,0.0,0.0,1436.0,1125.0,455.0,589.0,744.0,825.0,862.0,908.0,1024.0,1040.0,1680.0,1396.0,593.0,680.0,833.0,940.0,938.0,1015.0,1068.0,1135.0,2149.0,1813.0,796.0,967.0,1160.0,1286.0,1295.0,1348.0,1484.0,1476.0,2118.5,1775.0,787.0,901.5,1110.0,1245.5,1242.0,1293.0,1383.0,1410.5,1676.0,1404.5,514.0,619.0,798.5,892.5,869.5,917.5,1003.0,1046.5,2058.5,1796.0,773.5,902.0,1069.5,1186.0,1268.5,1359.0,1431.5,1447.0,2035.5,1727.5,778.0,932.0,1099.5,1209.5,1301.0,1384.5,1490.0,1500.5,"{""type"":""MultiPoint"",""coordinates"":[]}"
871_0,3,1117.0,961.0,437.0,500.0,615.5,696.5,720.5,760.5,784.5,799.0,1630.0,1430.5,634.0,793.5,968.0,1058.5,1104.0,1152.5,1214.5,1215.0,153.5,134.0,346.0,518.5,573.5,639.0,452.5,487.5,496.5,391.5,254.5,221.5,438.0,627.5,687.5,822.0,667.5,738.5,775.0,624.0,296.0,239.0,445.0,659.0,605.0,874.0,775.0,866.0,931.0,762.0,646.0,495.0,520.0,836.0,593.0,1137.0,1432.0,1588.0,1549.0,1338.0,1678.0,845.0,431.0,945.0,457.0,1621.0,3841.0,4659.0,4699.0,4262.0,1747.0,844.0,482.0,1025.0,483.0,1556.0,4523.0,5340.0,5204.0,5191.0,1667.0,793.0,293.0,801.0,275.0,1379.0,4512.0,5563.0,5680.0,5769.0,1666.0,782.5,247.0,761.0,276.0,1272.0,4386.5,5422.0,5657.0,5652.0,1718.0,792.5,216.5,724.5,249.0,1235.0,4221.0,5271.5,5596.5,5762.0,1363.0,1188.0,514.0,632.0,791.0,866.0,887.0,958.0,1021.0,995.0,1743.0,833.0,255.0,719.0,287.0,1228.0,4031.0,4996.0,5143.0,5392.0,1760.0,825.0,215.0,701.0,278.0,1281.0,3903.0,4786.0,4995.0,5155.0,1835.0,853.0,315.0,790.0,392.0,1384.0,3949.0,4648.0,4857.0,5029.0,1967.0,1001.0,493.0,1053.0,609.0,1867.0,3925.0,4557.0,4671.0,4888.0,1981.0,1051.0,502.0,1079.0,848.0,1969.0,3552.0,4003.0,4339.0,4395.0,2155.0,1181.5,556.0,1142.5,985.5,2092.0,3345.0,3809.5,4011.5,4136.0,2521.0,1452.0,1318.0,1535.0,1406.0,2242.0,3449.0,3769.0,4003.0,4322.0,4569.5,2974.0,1451.0,1958.5,2767.5,3399.5,3800.0,4102.0,4527.0,4738.5,4447.5,3000.5,1443.5,1971.5,2850.5,3385.0,3737.5,3977.0,4531.0,4582.0,2862.0,2316.0,993.0,1306.0,1774.0,2024.0,2006.0,2313.0,2443.0,2347.0,1412.0,1276.0,626.0,721.0,848.0,950.0,942.0,993.0,1064.0,1049.0,2816.0,2256.0,977.0,1286.0,1722.0,2018.0,1976.0,2169.0,2334.0,2298.0,2552.5,2072.5,879.5,1099.0,1447.5,1598.5,1689.5,1778.0,1967.5,1972.0,2151.0,1800.0,520.5,708.0,972.0,1097.0,1181.0,1232.5,1438.0,1435.5,2502.0,2122.0,686.0,842.0,1153.0,1279.0,1371.0,1471.0,1601.0,1617.0,2064.0,1499.0,522.0,689.0,968.0,1102.0,1170.0,1234.0,1437.0,1432.0,0.0,0.0,0.0,0.0,0.0,0.0,0.0,0.0,0.0,0.0,2411.0,2222.0,882.0,1117.0,1344.0,1461.0,1534.0,1603.0,1748.0,1718.0,2520.0,2248.0,920.0,1148.0,1242.0,1501.0,1806.0,1868.0,2004.0,1981.0,1651.0,1455.0,634.0,725.0,858.0,969.0,1049.0,1131.0,1226.0,1203.0,1651.0,1455.0,634.0,725.0,858.0,969.0,1049.0,1131.0,1226.0,1203.0,1218.0,1038.0,313.0,394.0,539.0,605.0,632.0,702.0,752.0,768.0,1559.0,1392.0,624.0,708.0,870.0,959.0,998.0,1035.0,1108.0,1125.0,1537.0,1341.0,599.0,738.0,879.5,955.0,994.5,1042.5,1122.0,1111.5,"{""type"":""MultiPoint"",""coordinates"":[]}"
872_0,3,1889.5,1569.5,556.5,724.0,945.5,1100.5,1135.5,1219.0,1277.0,1336.5,2386.5,2082.0,962.5,1247.5,1508.5,1650.5,1689.0,1754.5,1842.0,1853.0,2487.5,2143.5,957.0,1220.5,1501.5,1651.0,1685.5,1767.0,1852.0,1874.5,1953.5,1659.0,802.5,1052.0,1288.0,1398.5,1411.0,1482.5,1520.5,1565.5,242.0,187.5,698.0,867.5,926.0,1026.0,841.0,892.5,905.0,736.0,264.5,213.5,547.5,813.5,831.5,1019.0,842.0,907.5,897.0,736.0,580.5,384.0,470.5,725.5,623.5,1037.0,1305.5,1409.5,1236.0,1158.0,834.0,581.5,466.5,695.5,485.0,1099.0,1724.0,1902.5,1770.5,1569.0,1192.5,748.0,400.0,694.5,447.0,1094.0,2419.0,2816.0,2648.0,2575.5,1290.5,689.0,256.5,583.5,337.5,1053.5,2563.0,3125.5,3012.0,3003.0,1330.0,665.0,204.0,448.5,234.0,774.0,2638.5,3440.0,3443.5,3418.0,2161.5,1804.0,624.5,844.0,1097.5,1268.5,1281.0,1427.0,1439.0,1495.5,1451.0,714.5,218.0,514.5,243.5,932.0,3055.0,3826.0,3765.0,3967.0,1537.5,752.0,237.0,627.0,336.5,1145.0,3293.0,4071.5,4143.5,4233.0,1628.5,802.5,389.5,855.5,585.0,1508.5,3426.5,4116.0,4141.0,4332.5,1719.0,959.5,557.0,1019.5,891.5,1865.5,3184.5,3594.0,3674.0,3851.0,1917.5,1117.5,595.0,1077.5,1045.0,1906.0,2911.0,3255.5,3497.5,3567.0,2287.0,1388.0,633.0,1075.0,1267.0,2019.0,2716.0,2983.0,3187.0,3359.0,3258.5,2112.5,1030.5,1405.5,1765.5,2350.0,2829.5,3108.5,3372.0,3505.0,3933.5,2705.5,974.0,1409.5,2050.0,2482.0,2756.5,3016.5,3385.0,3467.0,3484.0,2520.0,862.5,1257.5,1835.0,2177.5,2375.5,2547.5,2792.0,2941.0,2393.5,1847.0,681.0,938.5,1319.5,1545.5,1590.0,1739.0,1812.5,1900.5,1939.0,1605.5,508.0,696.0,966.0,1104.0,1123.0,1217.0,1311.5,1314.0,2458.0,1921.0,745.0,1012.0,1382.5,1589.0,1656.0,1793.5,1877.0,1964.5,2397.0,1886.0,868.5,1098.5,1416.0,1600.0,1654.5,1784.0,1869.0,1941.0,2172.0,1744.0,650.0,835.0,1123.5,1268.5,1319.5,1424.5,1553.0,1584.5,2375.5,1935.5,757.5,922.0,1202.5,1353.5,1421.0,1529.0,1628.5,1705.5,1892.0,1471.0,519.5,665.0,921.0,1027.5,1079.5,1178.5,1300.0,1312.5,0.0,0.0,0.0,0.0,0.0,0.0,0.0,0.0,0.0,0.0,1674.0,1326.0,487.0,648.5,854.0,971.5,997.0,1088.0,1187.0,1220.5,1907.0,1615.5,681.0,787.5,965.5,1101.5,1136.0,1173.0,1283.5,1274.5,2424.5,2054.5,871.5,1064.5,1326.5,1462.0,1513.0,1566.5,1672.5,1696.5,2312.0,1940.0,846.5,1021.0,1257.0,1351.5,1376.5,1449.0,1590.0,1591.5,2069.5,1702.0,753.0,856.5,1051.0,1148.5,1137.5,1207.0,1313.5,1323.0,2074.5,1779.5,697.5,875.5,1085.0,1250.0,1301.0,1397.0,1401.0,1426.0,2135.5,1902.5,741.5,944.0,1175.5,1269.5,1301.0,1397.0,1496.0,1484.0,"{""type"":""MultiPoint"",""coordinates"":[]}"
873_0,3,3405.0,2666.5,921.0,1066.0,1387.0,1625.0,1704.0,1869.0,2069.0,2172.0,2311.0,2163.0,623.0,835.0,1155.0,1275.0,1279.0,1373.0,1490.0,1544.0,2328.0,2239.0,746.0,935.0,1232.0,1349.0,1369.0,1470.0,1579.0,1610.0,2402.5,2286.0,724.5,983.5,1286.0,1423.0,1458.0,1556.5,1648.0,1668.0,399.0,410.0,411.0,561.0,612.0,700.0,560.0,503.0,407.0,494.0,493.0,440.0,828.0,889.0,911.0,958.0,701.0,728.0,713.0,605.0,441.0,361.0,349.0,667.0,370.0,943.0,889.0,936.0,829.0,758.0,1411.0,844.0,349.0,749.0,410.0,1189.0,2312.0,2598.0,2561.0,2470.0,1029.0,607.0,218.0,500.0,271.0,820.0,1777.0,2045.0,2010.0,1865.0,1286.0,630.0,117.0,371.0,147.5,736.0,2426.0,3141.0,3266.0,3267.0,1246.0,585.5,72.0,290.5,99.0,571.0,2394.5,3396.0,3440.0,3421.0,3244.5,2711.5,997.5,1134.5,1433.5,1597.0,1654.0,1829.0,2064.5,2127.5,1236.5,567.0,55.0,216.0,36.5,444.0,2320.0,3605.0,3736.0,3775.0,1082.5,498.0,38.0,203.0,13.0,424.5,2385.0,3793.0,3895.0,3969.5,1106.0,503.0,424.0,666.0,434.0,943.0,2570.0,3725.0,3853.0,3914.0,1274.0,631.0,545.0,867.0,567.0,1307.0,2998.0,3819.0,3986.0,4011.0,1256.0,631.0,432.0,815.0,567.0,1307.0,2910.0,3576.0,3834.0,3827.0,1420.0,769.0,343.0,784.0,680.0,1465.0,2801.0,3281.0,3553.0,3577.0,1947.0,1062.0,658.0,1188.5,1185.0,2110.0,3050.0,3419.0,3734.0,3800.5,2393.5,1478.0,964.5,1454.0,1674.5,2360.0,3059.0,3392.5,3760.5,3796.0,3964.0,2860.0,1202.0,1663.0,2329.0,2852.0,3133.0,3420.0,3644.0,3868.0,4132.5,2882.5,1279.0,1774.5,2606.5,2991.0,3135.5,3426.5,3680.0,3831.0,3665.0,2906.0,775.5,1015.0,1425.5,1645.5,1702.5,1897.0,2144.0,2215.5,4387.0,3214.0,1195.0,1606.5,2255.5,2622.5,2734.0,2957.0,3197.5,3390.0,4750.5,3899.5,2786.0,2985.0,3384.0,3732.0,3797.5,3921.5,4074.0,4174.0,3957.5,3133.0,1061.5,1299.5,1713.5,1958.0,2042.5,2206.0,2420.5,2511.5,3735.5,2957.0,1030.5,1244.0,1629.5,1871.0,1965.0,2148.0,2323.0,2411.0,3201.5,2421.0,780.0,1022.5,1410.0,1626.5,1736.0,1868.5,2089.0,2151.5,0.0,0.0,0.0,0.0,0.0,0.0,0.0,0.0,0.0,0.0,3813.0,2905.0,859.0,1179.0,1671.0,1941.0,2035.0,2159.0,2380.0,2524.0,4076.0,3220.0,1165.0,1444.0,1879.0,2215.0,2347.0,2603.0,2827.0,2971.0,3615.0,2840.0,949.0,1262.0,1702.0,2008.0,2088.0,2265.0,2451.0,2535.0,1931.0,1722.5,537.5,652.5,920.0,1037.5,1025.0,1107.0,1213.5,1247.0,2040.0,1793.0,546.0,674.0,978.0,1097.0,1038.0,1111.0,1224.0,1285.0,2057.0,1961.5,529.5,718.0,997.0,1105.5,1103.5,1147.0,1269.5,1307.5,2121.5,2018.0,568.0,776.5,1054.0,1176.0,1200.0,1248.0,1363.5,1385.0,"{""type"":""MultiPoint"",""coordinates"":[]}"
874_0,3,1910.5,1663.0,1077.5,1119.0,1196.0,1360.5,1499.5,1572.5,1655.5,1664.5,2584.0,2423.0,923.0,1173.0,1492.0,1619.0,1607.0,1698.0,1826.0,1838.0,2570.0,2516.0,919.0,1111.0,1419.0,1579.0,1615.0,1717.0,1783.0,1832.0,663.0,639.0,623.5,777.5,928.5,1035.0,891.0,927.5,853.0,828.5,496.0,454.5,703.0,860.0,859.0,940.5,712.0,842.5,732.5,672.0,458.0,326.5,378.5,575.0,485.5,774.0,910.5,974.5,966.0,905.5,625.0,429.0,364.0,565.0,461.0,826.0,1097.0,1165.0,1099.0,1050.0,923.0,558.0,236.0,475.0,298.0,789.0,1547.0,1745.0,1619.0,1653.0,1029.0,564.0,88.0,291.0,71.0,517.0,1806.0,2297.0,2207.0,2205.0,1299.5,617.0,37.0,207.0,0.0,427.5,2472.5,3960.0,3993.0,3991.5,1273.5,576.0,7.5,168.0,0.0,361.0,2467.5,4384.5,4473.5,4526.0,2294.0,1929.5,1264.0,1293.0,1355.0,1584.5,1818.5,1880.5,2040.5,1970.5,1306.5,588.5,12.5,161.5,0.0,360.5,2484.0,4565.5,4674.0,4838.0,1298.5,595.0,79.5,332.0,58.0,641.5,2838.5,4513.0,4738.0,4863.0,1423.0,655.0,498.0,788.0,534.0,1196.0,3145.0,4355.0,4429.0,4655.0,1577.0,819.0,617.0,960.0,744.0,1526.0,3071.0,3757.0,3988.0,4092.0,1601.0,838.0,503.0,892.0,744.0,1526.0,2771.0,3442.0,3694.0,3739.0,1897.0,1105.0,447.0,904.0,894.0,1649.0,2764.0,3185.0,3460.0,3577.0,4528.0,3183.0,1121.5,1541.0,2069.5,2499.0,2937.5,3246.0,3560.5,3694.0,4713.0,3492.0,1182.0,1635.0,2375.0,2756.0,3001.0,3263.0,3547.0,3547.0,4443.0,3395.0,1227.0,1721.0,2417.0,2747.0,2958.0,3220.0,3586.0,3579.0,4140.5,3043.0,1079.0,1490.5,2177.0,2533.5,2689.0,2923.0,3135.0,3363.5,1652.0,1310.0,337.0,564.0,671.0,987.0,1321.0,1384.0,1527.0,1494.0,4101.0,3211.5,994.5,1314.5,1770.0,2067.5,2223.5,2400.0,2615.5,2767.5,3404.5,2833.5,980.0,1176.0,1470.5,1723.5,1870.5,1993.0,2226.0,2258.0,2493.5,2137.0,621.5,770.0,849.5,1131.0,1654.5,1767.0,1904.5,1905.5,2552.5,2149.5,644.5,824.5,880.5,1165.5,1637.5,1832.0,2021.0,2021.5,1714.0,1177.0,316.0,594.0,516.0,1008.0,2064.5,2104.5,2410.0,2409.0,0.0,0.0,0.0,0.0,0.0,0.0,0.0,0.0,0.0,0.0,1478.0,1086.0,236.0,478.0,525.0,927.0,1305.0,1439.0,1553.0,1559.0,2363.0,1952.5,1818.5,1777.5,1621.5,1955.5,2386.5,2460.0,2929.5,2448.0,1847.5,1366.5,379.0,677.5,679.5,1153.0,1813.0,1969.0,2087.5,2108.0,1841.0,1488.0,488.5,680.5,768.5,1059.0,1499.5,1622.0,1739.5,1763.5,1865.0,1629.0,475.0,632.0,809.0,1000.0,1159.0,1233.0,1340.0,1374.0,2097.5,1960.0,654.0,834.0,1061.0,1199.0,1295.5,1387.5,1487.0,1504.0,2440.0,2378.5,798.0,1037.5,1309.5,1479.0,1523.0,1596.0,1716.0,1723.5,"{""type"":""MultiPoint"",""coordinates"":[]}"
875_0,3,1592.0,1327.0,518.0,640.5,857.5,977.0,993.5,1056.0,1131.0,1170.0,2186.5,1907.5,834.5,1094.0,1323.0,1432.5,1461.0,1525.0,1636.0,1618.5,2261.0,2008.5,847.0,1107.0,1334.5,1460.0,1493.0,1573.5,1643.0,1649.5,2190.5,1958.5,845.0,1087.5,1303.0,1409.5,1435.5,1518.5,1577.0,1580.0,298.0,282.0,755.0,1081.0,1093.0,1349.0,948.0,958.0,916.0,726.0,298.0,282.0,984.0,1245.0,1279.0,1349.0,1114.0,1221.0,1115.0,1026.0,427.0,300.0,701.0,956.0,909.0,1260.0,1137.0,1247.0,1165.0,1026.0,642.0,535.0,557.0,878.0,771.0,1401.0,1388.0,1551.0,1481.0,1223.0,697.0,524.0,557.0,758.0,628.0,1244.0,1668.0,1921.0,1748.0,1655.0,795.5,537.5,298.5,533.5,421.0,1001.5,1661.5,1943.0,1802.0,1661.5,1184.5,682.0,246.5,496.5,332.0,897.0,2209.5,2763.5,2705.5,2629.0,1791.0,1512.0,620.0,805.0,1009.0,1098.0,1132.0,1212.0,1244.0,1281.0,1256.0,670.0,219.0,483.0,276.0,803.0,2226.0,2867.0,2767.0,2659.0,1255.0,608.0,88.0,356.0,138.0,663.0,2591.0,3519.0,3523.0,3373.0,1248.0,598.0,91.0,320.0,110.0,596.0,2705.0,3799.0,3812.0,3832.0,1512.0,724.0,305.0,648.0,298.0,1048.0,3310.0,4328.0,4366.0,4391.0,1624.5,790.0,348.0,819.0,387.5,1302.0,3497.5,4410.0,4663.0,4613.0,1638.0,864.0,370.5,888.0,478.0,1481.0,3285.5,3829.5,3978.5,4026.5,1889.0,1026.0,681.0,1369.0,1109.0,2124.0,3256.0,3784.0,3912.0,3921.0,2461.0,1514.5,843.5,1514.5,1637.0,2771.0,3496.0,3887.0,4108.5,4177.0,3554.0,2474.5,1035.0,1586.5,2093.5,2684.5,2998.0,3229.0,3513.5,3624.5,3010.0,2238.0,864.0,1185.0,1703.0,2078.0,2179.0,2415.0,2545.0,2627.0,1659.0,1389.0,426.0,644.0,866.0,975.0,1024.0,1087.0,1172.0,1183.0,2865.0,2190.0,801.0,1120.0,1575.0,1882.0,1973.0,2144.0,2221.0,2332.0,2662.5,2043.5,786.0,1031.5,1416.0,1638.0,1736.0,1890.5,2058.0,2113.5,2525.0,1992.5,655.0,884.0,1199.5,1377.5,1453.5,1570.5,1752.0,1778.0,2654.0,2162.0,762.0,935.0,1263.0,1406.0,1491.0,1611.0,1794.0,1836.0,2241.0,1459.0,561.0,724.0,995.0,1148.0,1217.0,1305.0,1495.0,1563.0,0.0,0.0,0.0,0.0,0.0,0.0,0.0,0.0,0.0,0.0,1514.0,1186.0,471.0,652.0,824.0,903.0,960.0,1014.0,1098.0,1111.0,2249.0,2037.0,1256.0,1303.0,1411.0,1525.0,1613.0,1646.0,1808.0,1738.0,2296.0,1973.0,860.5,1080.0,1312.0,1425.0,1482.5,1549.5,1651.0,1658.0,2391.0,2071.0,948.0,1155.0,1388.0,1497.0,1564.0,1638.0,1738.0,1722.0,1616.0,1431.0,669.0,754.5,937.0,1046.5,1138.0,1210.0,1064.5,1310.5,1923.0,1693.0,666.0,864.0,1084.0,1170.0,1215.0,1278.0,1362.0,1328.0,1982.5,1732.0,741.0,924.5,1138.0,1233.5,1280.0,1318.5,1421.0,1408.0,"{""type"":""MultiPoint"",""coordinates"":[]}"
876_0,3,2415.0,1940.5,819.5,886.5,1118.5,1265.0,1328.0,1445.0,1540.5,1647.5,2106.0,1933.0,643.0,885.0,1162.0,1308.0,1342.0,1398.0,1502.0,1525.0,2355.0,2249.0,808.0,1025.0,1361.0,1517.0,1548.0,1642.0,1715.0,1734.0,905.5,892.5,468.0,621.0,729.5,824.0,762.0,788.0,831.5,793.5,345.0,321.0,706.0,796.0,815.0,914.0,718.0,755.0,716.0,604.0,505.0,404.0,455.0,690.0,658.0,914.0,917.0,998.0,960.0,937.0,685.0,536.0,403.0,582.0,505.0,833.0,1174.0,1261.0,1240.0,1239.0,1359.0,786.0,262.0,570.0,364.0,885.0,2027.0,2528.0,2480.0,2355.0,1188.0,659.0,163.0,412.0,203.0,675.0,2114.0,2764.0,2629.0,2574.0,1348.0,652.0,89.0,340.0,90.5,612.0,2599.0,3540.0,3506.5,3632.0,1259.0,596.5,26.0,233.5,30.5,480.0,2543.5,3783.0,3748.0,3794.5,3021.5,2491.5,1402.0,1496.0,1765.5,1925.0,1902.0,1978.5,2141.0,2218.5,1257.0,588.5,32.0,219.5,16.0,461.0,2599.0,4074.5,4024.0,4188.5,1137.5,535.5,60.0,330.0,64.5,663.5,2822.0,4052.5,4144.0,4284.5,1198.0,553.0,454.0,760.0,522.0,1146.0,3114.0,4066.0,4099.0,4340.0,1276.0,680.0,612.0,987.0,808.0,1645.0,3073.0,3658.0,3809.0,3874.0,1322.0,724.0,529.0,946.0,808.0,1684.0,2815.0,3255.0,3442.0,3486.0,1656.0,955.0,472.0,985.0,1016.0,1872.0,2785.0,3138.0,3321.0,3444.0,4297.5,3021.0,1222.5,1727.5,2427.5,2905.5,3272.0,3560.0,3873.0,4015.0,4260.0,3082.5,1247.5,1720.0,2469.0,2815.5,3048.0,3297.5,3643.5,3738.5,3576.0,2825.0,1152.0,1526.0,2174.0,2514.0,2635.0,2879.0,3199.0,3191.0,3706.0,2672.5,1168.5,1517.5,2108.5,2426.0,2580.5,2791.0,3071.0,3090.0,3262.0,2613.0,716.0,958.0,1344.0,1451.0,1504.0,1616.0,1885.0,1930.0,3658.0,2846.0,939.5,1245.0,1663.0,1974.5,2116.0,2297.0,2440.0,2588.0,3970.5,3166.5,1824.0,2022.5,2338.0,2588.0,2756.5,2882.5,3068.5,3143.5,3215.5,2666.0,898.5,1055.5,1274.5,1491.0,1651.5,1825.0,1948.0,2017.5,3124.5,2586.5,854.5,1020.5,1209.0,1447.0,1615.0,1769.5,1879.5,1950.0,2320.5,1719.5,533.5,719.5,943.0,1180.5,1345.5,1456.5,1623.0,1670.5,0.0,0.0,0.0,0.0,0.0,0.0,0.0,0.0,0.0,0.0,3632.0,2879.0,850.0,1140.0,1591.0,1789.0,1767.0,1962.0,2123.0,2268.0,3868.0,3224.0,1213.0,1435.0,1648.0,1841.0,2100.0,2298.0,2549.0,2467.0,3475.0,2824.0,959.0,1224.0,1627.0,1824.0,1898.0,2010.0,2204.0,2269.0,2742.0,2314.5,766.0,941.0,1254.5,1408.0,1444.0,1545.0,1672.0,1700.0,1834.0,1610.0,510.0,654.0,930.0,1007.0,991.0,1068.0,1112.0,1141.0,1826.0,1676.5,544.0,701.0,950.0,1053.0,1070.0,1133.5,1227.5,1268.0,1923.0,1774.5,606.0,780.5,1037.0,1149.5,1171.5,1239.5,1350.5,1355.0,"{""type"":""MultiPoint"",""coordinates"":[]}"
877_0,3,3133.5,2435.0,910.0,1053.5,1380.0,1566.5,1649.0,1780.0,1960.0,2064.5,2117.0,1960.0,625.0,886.0,1164.0,1289.0,1311.0,1414.0,1499.0,1529.0,2178.0,2061.0,724.0,911.0,1187.0,1357.0,1366.0,1447.0,1542.0,1555.0,2106.0,1978.5,714.5,943.0,1214.0,1342.0,1384.5,1450.5,1524.5,1541.0,555.0,503.0,830.0,908.0,934.0,1063.0,953.0,950.0,969.0,849.0,369.0,318.0,351.0,586.0,558.0,750.0,656.0,681.0,649.0,564.0,542.0,387.0,318.0,550.0,491.0,792.0,886.0,971.0,954.0,920.0,1260.0,774.0,317.0,588.0,485.0,865.0,1613.0,1920.0,1919.0,1905.0,987.0,527.0,192.0,408.0,311.0,618.0,1613.0,1920.0,1941.0,1905.0,1070.0,541.0,80.0,285.0,107.0,505.5,1890.0,2654.5,2559.5,2675.5,1214.5,567.5,55.5,238.5,51.5,417.0,2214.0,3371.5,3301.5,3347.5,3437.0,2839.0,1501.5,1498.0,1701.0,1845.5,1934.0,2032.5,2226.5,2221.0,1237.0,561.5,45.5,230.0,40.0,428.0,2382.5,3827.0,3822.5,3965.0,1094.5,510.5,50.0,255.5,44.0,508.5,2544.0,3885.0,3936.0,4040.5,1169.0,555.0,443.0,745.0,498.0,1079.0,2864.0,3887.0,3945.0,3977.0,1268.0,659.0,571.0,929.0,701.0,1468.0,3023.0,3717.0,3845.0,3879.0,1289.0,707.0,492.0,909.0,712.0,1525.0,2759.0,3264.0,3388.0,3480.0,1579.0,916.0,462.0,924.0,1006.0,1783.0,2623.0,2984.0,3146.0,3287.0,4181.0,2990.5,1077.5,1533.0,2239.0,2686.5,2964.0,3246.0,3513.5,3688.5,4242.0,3128.5,1142.5,1561.0,2289.5,2678.5,2901.5,3106.5,3456.5,3561.5,3606.0,2922.0,963.0,1400.0,2092.0,2359.0,2555.0,2755.0,3054.0,3075.0,3197.5,2309.5,907.0,1214.0,1786.5,2093.0,2177.5,2384.5,2528.5,2662.5,3359.0,2688.0,700.0,971.0,1366.0,1547.0,1630.0,1751.0,2001.0,2054.0,3679.5,2862.5,883.5,1197.0,1637.0,1939.0,2029.0,2216.5,2336.0,2493.0,4977.0,4371.5,2819.5,2991.5,3332.5,3649.5,3670.5,3800.5,3991.5,3976.5,3381.0,2914.5,892.5,1037.5,1327.0,1539.5,1629.5,1768.0,1876.5,1992.0,3223.5,2784.5,860.5,1011.0,1264.5,1476.0,1554.5,1694.0,1802.5,1919.5,2075.5,1562.0,491.5,646.0,930.0,1100.0,1183.5,1310.0,1477.5,1528.5,0.0,0.0,0.0,0.0,0.0,0.0,0.0,0.0,0.0,0.0,3483.0,2722.0,839.0,1187.0,1677.0,1951.0,2054.0,2155.0,2393.0,2429.0,4053.0,3366.0,1275.0,1546.0,1906.0,2164.0,2218.0,2434.0,2547.0,2645.0,3737.0,3080.0,1094.0,1434.0,1793.0,2036.0,2218.0,2397.0,2502.0,2635.0,2805.0,2394.5,916.0,1075.0,1396.5,1536.0,1600.0,1678.5,1924.5,1901.5,1856.0,1603.0,696.0,777.0,1013.0,1095.0,1079.0,1128.0,1336.0,1258.0,1848.0,1734.0,514.5,686.5,948.0,1056.0,1079.5,1134.0,1250.5,1238.0,1912.0,1794.0,559.5,751.0,1017.0,1130.5,1167.0,1250.5,1352.0,1325.0,"{""type"":""MultiPoint"",""coordinates"":[]}"
878_0,3,1755.5,1444.5,594.5,756.5,964.5,1078.5,1116.0,1215.5,1268.0,1303.5,2130.0,1820.5,795.0,987.0,1198.5,1307.5,1362.5,1429.5,1512.5,1529.5,2243.0,1932.5,811.0,1066.0,1303.0,1441.0,1445.0,1543.0,1579.0,1607.0,2587.5,2239.0,1139.5,1470.5,1750.0,1886.0,1873.0,1944.0,1996.0,2027.0,2207.0,1924.0,928.0,1172.0,1419.0,1538.0,1517.0,1593.0,1673.0,1665.0,490.0,341.0,825.0,1051.0,1114.0,1351.0,1182.0,1236.0,1281.0,1198.0,490.0,341.0,772.0,1022.0,1083.0,1359.0,1214.0,1294.0,1281.0,1223.0,506.0,378.0,739.0,1022.0,1047.0,1359.0,1412.0,1564.0,1534.0,1372.0,784.0,551.0,488.0,855.0,695.0,1183.0,1723.0,1904.0,1912.0,1760.0,1579.5,830.0,240.0,588.0,266.5,967.0,2902.5,3635.0,3639.5,3572.0,1712.0,817.5,116.5,398.0,111.5,683.5,3121.5,4485.0,4535.5,4535.5,1945.0,1597.0,679.0,876.0,1081.0,1183.0,1226.0,1269.0,1356.0,1429.0,1565.0,738.0,151.0,411.0,121.0,656.0,3163.0,4668.0,4620.0,4709.0,1528.0,721.0,67.0,360.0,112.0,732.0,3274.0,4773.0,4845.0,4863.0,1574.0,730.0,179.0,535.0,279.0,1011.0,3436.0,4900.0,4921.0,5011.0,1660.0,764.0,456.0,939.0,630.0,1675.0,3707.0,4506.0,4714.0,4741.0,1709.0,918.0,486.0,1046.0,739.0,1864.0,3523.5,4130.5,4498.0,4390.0,1993.5,1173.5,563.5,1134.0,1076.5,2161.0,3377.5,3778.0,4101.5,4142.0,2506.0,1527.0,979.5,1550.0,1716.0,2519.0,3375.0,3734.0,4119.0,4145.5,2934.0,1879.5,1062.5,1650.0,2056.5,2925.0,3518.5,3828.0,4233.0,4263.0,3581.0,2488.5,1172.5,1700.0,2367.0,2870.0,3131.0,3434.0,3783.5,3807.0,3650.0,2531.0,1126.0,1584.0,2381.0,2689.0,2983.0,3052.0,3476.0,3644.0,1793.0,1482.0,517.0,716.0,937.0,1093.0,1092.0,1156.0,1251.0,1302.0,3650.0,2582.0,1118.0,1584.0,2263.0,2673.0,2848.0,3052.0,3182.0,3437.0,3340.0,2387.5,1027.0,1374.5,1918.0,2211.5,2336.0,2506.0,2797.5,2859.5,3063.0,2331.0,789.5,1035.0,1427.0,1631.0,1742.5,1870.5,2070.5,2142.5,3142.0,2492.0,886.0,1071.0,1442.0,1637.0,1766.0,1888.0,2058.0,2164.0,1570.0,1304.0,471.0,591.0,819.0,902.0,957.0,1024.0,1132.0,1096.0,586.0,512.0,255.0,409.0,484.0,509.0,499.0,549.0,578.0,595.0,1433.0,1148.0,450.0,610.0,777.0,886.0,915.0,969.0,1033.0,1040.0,453.0,368.0,226.0,234.0,243.0,290.0,299.0,320.0,322.0,345.0,2099.0,1854.0,738.0,936.0,1139.0,1259.0,1298.0,1375.0,1450.0,1433.0,2197.0,1935.0,934.0,1070.0,1259.0,1332.0,1391.0,1448.0,1598.0,1582.0,1698.5,1451.0,537.0,663.5,838.5,907.5,922.5,963.5,1053.0,1044.5,2108.5,1830.0,816.5,967.0,1134.0,1227.0,1243.0,1323.5,1416.5,1401.0,2135.0,1824.5,830.0,1002.0,1184.5,1285.0,1316.0,1381.0,1485.0,1468.5,"{""type"":""MultiPoint"",""coordinates"":[]}"
879_0,3,129.0,114.0,163.5,216.0,309.5,384.0,283.0,311.0,331.0,260.0,2059.0,1725.0,634.5,829.0,1038.0,1162.0,1220.5,1316.5,1428.0,1450.0,2230.0,1914.0,736.5,949.5,1179.5,1321.0,1360.5,1441.5,1535.0,1575.5,2439.0,2154.0,958.5,1225.0,1461.0,1587.5,1619.5,1708.5,1760.5,1804.0,2592.0,2313.0,1201.0,1456.0,1693.0,1816.0,1828.0,1900.0,2001.0,1957.0,1161.0,1175.0,987.0,1228.0,1335.0,1864.0,1720.0,1610.0,1338.0,1766.0,263.0,192.0,632.0,890.0,900.0,1073.0,931.0,1009.0,942.0,862.0,343.0,280.0,647.0,901.0,900.0,1160.0,1219.0,1307.0,1152.0,1096.0,536.0,417.0,461.0,761.0,589.0,1109.0,1480.0,1615.0,1600.0,1342.0,995.0,571.5,230.0,524.0,278.0,923.5,2235.0,2755.0,2743.5,2527.0,1105.0,584.5,168.0,434.0,185.0,780.5,2592.5,3375.0,3450.0,3204.5,305.0,274.5,268.0,356.0,472.5,572.5,553.5,579.5,663.5,602.0,1462.0,731.0,195.0,447.0,282.0,781.0,2564.0,3498.0,3574.0,3693.0,1466.0,748.0,132.0,385.0,225.0,756.0,2591.0,3498.0,3748.0,3732.0,1500.0,774.0,167.0,470.0,243.0,875.0,2845.0,3903.0,3967.0,4130.0,1583.0,810.0,424.0,888.0,531.0,1543.0,3273.0,3876.0,4007.0,4085.0,1589.0,869.0,434.0,924.0,708.0,1708.0,3071.0,3559.0,3865.0,3743.0,1944.0,1126.0,507.5,1028.0,969.0,1937.0,2952.5,3347.5,3623.5,3641.5,2425.0,1471.0,904.0,1423.0,1511.0,2343.0,3124.0,3434.0,3682.0,3773.0,3250.0,2217.0,1018.5,1520.5,1865.0,2566.5,3081.5,3381.5,3738.0,3823.5,4206.0,2810.5,1283.0,1848.5,2545.5,3243.5,3483.0,3856.0,4158.0,4287.5,4671.0,3158.0,1580.0,2209.0,3117.0,3646.0,3819.0,4085.0,4313.0,4506.0,188.0,164.0,296.0,309.0,426.0,513.0,469.0,487.0,580.0,494.0,4435.0,3139.0,1471.0,1997.0,2741.0,3070.0,3302.0,3395.0,3624.0,3858.0,4172.5,3017.5,1296.0,1688.5,2288.0,2636.0,2751.0,2975.0,3200.5,3277.5,2055.0,1596.0,649.0,842.5,1179.5,1345.0,1325.0,1407.5,1594.0,1575.0,212.0,188.0,332.0,419.0,555.0,665.0,535.0,603.0,578.0,428.0,160.0,136.0,138.0,168.0,263.0,317.0,281.0,325.0,313.0,231.0,0.0,0.0,0.0,0.0,0.0,0.0,0.0,0.0,0.0,0.0,114.0,110.0,101.0,157.0,250.0,368.0,335.0,388.0,405.0,343.0,679.0,408.0,301.0,380.0,568.0,757.0,817.0,977.0,1079.0,1138.0,3489.0,2641.0,967.0,1258.0,1641.0,1867.0,2020.0,2115.0,2427.0,2456.0,1965.0,1153.0,550.0,650.0,1007.0,1228.0,1391.0,1583.0,1839.0,1859.0,2792.0,1964.0,737.0,960.5,1310.0,1609.0,1782.5,1966.0,2220.5,2257.5,4234.0,3374.5,1199.5,1492.5,1835.0,2151.0,2443.5,2659.0,2961.0,2949.5,4011.0,3179.0,1138.0,1403.0,1729.0,2062.0,2243.5,2465.5,2602.5,2760.0,"{""type"":""MultiPoint"",""coordinates"":[]}"
880_0,3,2966.5,2312.5,869.5,1007.5,1311.0,1471.0,1543.0,1665.0,1849.0,1904.5,2060.0,1896.0,642.0,859.0,1119.0,1237.0,1260.0,1356.0,1464.0,1450.0,2194.0,2042.0,722.0,922.0,1215.0,1348.0,1378.0,1436.0,1530.0,1546.0,2133.0,1990.0,702.5,946.5,1213.0,1345.0,1375.5,1458.0,1532.0,1557.0,637.0,539.0,677.0,763.0,840.0,1004.0,917.0,965.0,977.0,916.0,547.0,377.0,392.0,620.0,597.0,795.0,753.0,831.0,854.0,755.0,649.0,452.0,372.0,622.0,517.0,886.0,986.0,1067.0,1084.0,1074.0,1750.0,1107.0,368.0,640.0,517.0,1009.0,1808.0,1981.0,2104.0,2154.0,972.0,561.0,200.0,433.0,299.0,649.0,1598.0,2015.0,1961.0,1994.0,1041.0,534.0,120.0,343.5,145.0,588.0,1977.5,2501.0,2536.0,2491.0,1202.5,580.0,72.0,266.5,85.0,507.5,2234.0,3096.5,3241.5,3204.5,3663.5,3218.0,1377.0,1450.0,1708.5,1919.5,1964.5,2112.0,2170.5,2387.5,1245.5,582.0,72.0,274.5,76.5,502.5,2479.0,3730.5,3801.5,3808.5,1100.5,514.5,74.5,322.0,80.5,584.5,2618.5,3765.0,3867.5,3919.5,1154.0,555.0,466.0,781.0,515.0,1114.0,2918.0,3720.0,3826.0,3868.0,1252.0,659.0,604.0,972.0,776.0,1590.0,3020.0,3695.0,3808.0,3847.0,1288.0,717.0,516.0,958.0,795.0,1644.0,2731.0,3147.0,3366.0,3385.0,1633.0,971.0,488.0,969.0,1054.0,1845.0,2618.0,2907.0,3126.0,3232.0,4208.5,2916.0,1136.0,1633.0,2316.0,2830.0,3102.0,3397.5,3695.5,3832.0,4273.5,3071.5,1212.0,1683.0,2418.0,2840.5,3081.5,3351.0,3666.0,3801.0,3642.0,2853.0,1023.0,1505.0,2115.0,2422.0,2629.0,2813.0,3160.0,3157.0,3488.5,2536.0,975.0,1368.0,1969.5,2318.5,2442.5,2616.0,2827.0,3008.5,3384.5,2746.0,768.5,998.5,1357.5,1540.0,1588.0,1719.0,1958.0,2029.0,3619.5,2825.0,893.5,1207.5,1653.5,1931.5,2059.0,2245.0,2391.0,2564.0,4207.5,3516.0,2245.0,2423.5,2712.5,3008.5,3083.0,3233.5,3357.0,3363.0,3251.0,2752.0,856.5,1006.5,1255.5,1478.0,1559.0,1721.5,1847.5,1928.5,3114.5,2630.5,846.0,975.5,1206.5,1420.0,1525.0,1662.5,1793.0,1851.5,2393.5,1849.5,530.5,733.5,979.5,1194.5,1290.0,1422.5,1598.0,1630.5,0.0,0.0,0.0,0.0,0.0,0.0,0.0,0.0,0.0,0.0,3618.0,2947.0,895.0,1242.0,1687.0,1886.0,1933.0,2048.0,2283.0,2369.0,3862.0,3239.0,1216.0,1443.0,1814.0,2023.0,2215.0,2369.0,2695.0,2527.0,3467.0,2853.0,1009.0,1287.0,1744.0,1969.0,1992.0,2145.0,2362.0,2424.0,2921.0,2460.0,964.0,1181.5,1525.5,1696.0,1832.5,1982.0,1987.0,2166.0,2065.0,1852.0,717.0,872.0,1130.0,1235.0,1287.0,1388.0,1472.0,1481.0,1854.0,1731.5,523.5,703.5,969.5,1069.0,1063.0,1124.5,1251.0,1249.5,1928.0,1781.5,574.5,763.0,1033.5,1144.0,1153.5,1222.0,1348.0,1324.0,"{""type"":""MultiPoint"",""coordinates"":[]}"
881_0,3,2488.0,1988.0,681.0,846.0,1171.0,1331.5,1359.0,1457.5,1635.0,1680.5,2050.5,1760.0,658.0,850.0,1093.5,1210.0,1257.0,1315.5,1424.5,1444.0,2260.0,1964.5,790.0,1002.0,1272.0,1399.0,1420.0,1505.0,1564.5,1612.0,2407.0,2105.5,859.5,1120.0,1395.5,1529.0,1576.5,1659.5,1734.0,1757.5,1364.0,1251.0,826.0,1043.0,1276.0,1396.0,1403.0,1489.0,1550.0,1568.0,306.0,267.0,668.0,850.0,921.0,1061.0,911.0,1019.0,1006.0,870.0,412.0,301.0,577.0,821.0,841.0,1035.0,1017.0,1034.0,1088.0,978.0,693.0,524.0,532.0,742.0,600.0,995.0,1387.0,1525.0,1598.0,1349.0,1263.0,662.0,369.0,665.0,395.0,938.0,2151.0,2685.0,2642.0,2348.0,1552.0,797.5,267.5,598.0,320.5,962.5,2780.0,3483.0,3562.5,3613.0,1528.0,736.5,132.5,347.0,171.0,706.0,2758.0,4062.5,4193.0,4136.0,2658.0,2172.0,721.0,921.0,1219.0,1388.0,1445.0,1522.0,1631.0,1733.0,1592.0,765.0,168.0,368.0,191.0,690.0,2954.0,4316.0,4322.0,4440.0,1598.0,765.0,104.0,412.0,194.0,822.0,3255.0,4515.0,4791.0,4730.0,1646.0,804.0,279.0,710.0,400.0,1247.0,3437.0,4716.0,4887.0,5040.0,1878.0,945.0,477.0,950.0,671.0,1711.0,3717.0,4621.0,4965.0,4911.0,1933.0,1070.0,526.0,1062.0,815.5,1823.5,3614.5,4310.5,4778.0,4679.0,2400.5,1430.5,643.0,1246.5,1242.5,2278.5,3496.5,4029.5,4431.5,4514.5,3031.0,1876.0,1053.5,1590.0,1841.0,2787.0,3770.5,4211.5,4640.5,4647.5,4323.0,2954.5,1237.5,1755.5,2432.0,3106.5,3594.5,3953.0,4422.5,4542.0,3894.5,2696.5,1233.0,1757.5,2552.0,2927.5,3270.5,3347.5,3880.5,3947.5,3929.0,2702.0,1377.0,1891.0,2776.0,3087.0,3212.0,3603.0,4040.0,3940.0,2684.0,2201.0,723.0,892.5,1219.0,1371.5,1440.0,1519.0,1719.5,1746.5,3871.5,2723.0,1298.5,1745.5,2457.0,2731.0,2885.0,3081.0,3491.0,3466.0,3591.5,2545.5,1259.5,1607.5,2225.5,2550.0,2601.0,2827.5,3206.0,3172.5,3193.0,2399.5,914.5,1151.5,1554.5,1736.5,1793.0,1995.5,2239.0,2171.0,3210.5,2570.0,957.5,1158.0,1529.5,1717.5,1729.0,1920.0,2161.5,2152.5,1801.0,1418.0,584.0,721.0,992.0,1101.0,1165.0,1192.0,1392.0,1332.0,0.0,0.0,0.0,0.0,0.0,0.0,0.0,0.0,0.0,0.0,2190.0,1831.0,561.0,730.0,957.0,1074.0,1099.0,1163.0,1330.0,1344.0,2405.0,2052.0,670.0,761.0,1004.0,1118.0,1159.0,1208.0,1364.0,1367.0,2557.0,2168.0,721.0,910.5,1171.0,1282.5,1319.5,1384.5,1549.5,1578.0,2632.0,2184.0,694.0,844.0,1130.0,1278.0,1227.0,1326.0,1465.0,1501.0,2682.0,2235.0,791.5,915.0,1182.0,1327.0,1313.0,1395.0,1558.0,1594.0,2699.0,2304.0,840.0,986.0,1234.0,1386.0,1429.0,1545.0,1660.0,1696.0,2162.0,1839.0,665.0,876.0,1113.0,1238.0,1299.0,1383.0,1462.0,1493.0,"{""type"":""MultiPoint"",""coordinates"":[]}"
882_0,3,3028.0,2333.5,859.5,977.0,1269.0,1489.5,1591.5,1762.0,1893.5,2008.5,2077.0,1911.0,624.0,861.0,1133.0,1270.0,1292.0,1381.0,1463.0,1495.0,2343.0,2228.0,771.0,1030.0,1347.0,1494.0,1560.0,1629.0,1715.0,1729.0,1065.5,1029.5,500.0,655.5,783.0,878.5,809.0,866.5,882.5,834.0,439.0,388.0,772.0,873.0,868.0,938.0,745.0,775.0,757.0,647.0,426.0,350.0,421.0,646.0,608.0,842.0,745.0,797.0,757.0,662.0,553.0,412.0,309.0,539.0,470.0,788.0,979.0,1092.0,1010.0,978.0,1232.0,747.0,293.0,579.0,442.0,901.0,1736.0,2096.0,2082.0,1944.0,1126.0,593.0,150.0,377.0,217.0,612.0,1760.0,2228.0,2192.0,2102.0,1306.0,629.5,66.0,302.5,82.5,582.5,2361.0,3226.0,3282.5,3281.5,1245.5,578.5,22.0,206.5,16.5,392.0,2393.5,3596.0,3629.0,3640.5,4045.5,3526.5,2337.5,2481.5,2767.5,3029.5,3041.5,3144.5,3272.5,3243.0,1241.5,571.5,20.0,186.5,5.0,403.0,2464.5,3998.5,4022.0,4117.0,1122.0,531.5,43.5,309.5,59.0,611.0,2678.0,4019.0,4129.0,4231.0,1201.0,552.0,448.0,759.0,513.0,1106.0,3023.0,4031.0,4213.0,4241.0,1281.0,671.0,605.0,969.0,773.0,1555.0,3082.0,3727.0,3881.0,3881.0,1310.0,714.0,513.0,946.0,773.0,1626.0,2810.0,3262.0,3463.0,3520.0,1636.0,946.0,485.0,976.0,1016.0,1862.0,2776.0,3090.0,3336.0,3454.0,4303.5,3076.0,1233.0,1727.0,2452.5,2990.0,3256.0,3563.0,3862.5,4005.0,4387.5,3193.5,1282.0,1740.0,2507.5,2918.5,3119.5,3379.5,3738.5,3789.5,3928.0,2897.0,1172.0,1552.0,2275.0,2630.0,2798.0,3034.0,3413.0,3445.0,4167.0,3105.5,1180.5,1582.5,2243.0,2610.0,2786.0,3005.5,3212.0,3415.0,3203.0,2517.0,621.0,867.0,1209.0,1360.0,1483.0,1621.0,1809.0,1913.0,3665.5,2913.5,952.5,1253.0,1667.5,1941.0,2108.5,2267.5,2432.5,2555.0,3749.0,2983.5,1550.0,1751.0,2072.0,2324.0,2486.0,2626.5,2788.5,2844.5,3292.0,2775.5,889.0,1049.0,1298.5,1530.5,1669.0,1788.0,1946.0,2022.5,3148.0,2648.5,844.0,1008.0,1232.0,1464.0,1593.5,1727.5,1854.5,1957.0,2266.0,1674.0,496.5,698.0,935.0,1139.0,1278.0,1376.5,1564.0,1622.5,0.0,0.0,0.0,0.0,0.0,0.0,0.0,0.0,0.0,0.0,3617.0,2837.0,793.0,1059.0,1521.0,1738.0,1812.0,1944.0,2134.0,2290.0,3807.0,3143.0,1079.0,1220.0,1542.0,1818.0,1826.0,1966.0,2134.0,2311.0,3494.0,2862.0,914.0,1156.0,1528.0,1752.0,1828.0,1960.0,2193.0,2265.0,2676.5,2264.5,731.0,902.5,1203.5,1347.5,1398.0,1504.0,1646.5,1707.5,1762.0,1563.0,531.0,680.0,942.0,1020.0,989.0,1051.0,1141.0,1193.0,1825.0,1691.5,504.5,668.0,939.5,1049.5,1061.0,1119.0,1197.5,1238.0,1885.5,1758.0,553.5,741.5,1012.5,1129.5,1168.0,1237.0,1301.5,1356.0,"{""type"":""MultiPoint"",""coordinates"":[]}"
883_0,3,1950.5,1629.0,516.5,659.5,923.0,1063.5,1110.5,1231.5,1329.5,1354.5,2256.0,1964.0,835.5,1088.5,1367.0,1485.0,1524.5,1604.0,1692.0,1701.5,2365.5,2058.0,820.0,1056.0,1349.5,1489.0,1540.5,1617.5,1719.5,1720.0,2129.5,1892.0,808.5,1038.5,1304.0,1448.5,1485.0,1561.0,1623.0,1649.5,320.0,288.0,721.0,892.5,938.5,1128.0,955.5,1020.0,995.5,885.5,320.0,288.0,721.0,892.5,938.5,1128.0,955.5,1020.0,995.5,885.5,349.0,250.5,466.5,640.5,580.0,903.5,971.5,1052.0,935.5,912.0,603.5,471.0,419.0,622.0,482.5,935.0,1332.5,1478.0,1344.0,1254.0,1092.0,608.5,299.5,546.5,329.0,910.5,2415.0,2859.0,2783.0,2696.0,1514.5,797.0,236.5,544.0,342.5,986.0,2786.0,3504.5,3511.0,3558.5,1483.0,735.0,178.0,406.0,239.5,751.5,2711.0,3695.5,3829.0,3883.5,2252.5,1910.5,564.5,782.5,1047.0,1188.0,1253.5,1368.5,1427.0,1552.0,1552.5,766.5,205.5,426.5,237.5,774.5,2909.5,3892.0,3919.5,4083.0,1595.0,767.0,218.5,519.5,244.5,963.5,3188.0,4172.5,4326.0,4395.5,1650.0,807.0,386.5,814.5,481.5,1399.0,3425.0,4289.5,4396.5,4484.0,1855.0,1009.5,574.5,1067.0,824.5,1863.0,3463.5,3968.0,4210.5,4263.5,1987.0,1110.5,616.0,1149.5,992.0,1965.5,3287.5,3731.5,4097.5,4088.5,2291.0,1353.0,666.0,1178.0,1246.0,2068.0,3097.0,3479.0,3745.0,3851.0,3207.0,2025.0,1008.0,1469.5,1741.5,2447.5,2998.0,3325.0,3655.5,3814.0,3921.0,2711.5,1104.0,1538.5,2168.5,2626.5,2978.5,3227.0,3598.0,3675.0,3699.0,2614.0,1084.0,1542.0,2264.5,2575.0,2808.0,3116.5,3470.0,3471.0,2482.0,1902.5,773.5,1063.5,1508.5,1725.0,1789.5,1968.0,1999.5,2159.0,2069.0,1732.0,443.5,662.0,959.5,1113.0,1137.5,1231.0,1369.5,1377.0,2329.5,1793.0,756.0,1025.5,1414.0,1638.0,1691.5,1833.0,1909.5,2028.0,2465.0,1913.5,900.5,1137.5,1501.5,1720.0,1786.0,1925.0,2016.0,2088.5,2205.5,1778.0,678.5,874.5,1176.5,1333.5,1402.0,1489.5,1640.0,1652.0,2393.5,1955.5,783.0,959.5,1237.0,1403.5,1494.5,1625.0,1679.5,1787.5,1955.0,1467.0,535.5,682.0,945.5,1068.5,1125.5,1246.0,1383.5,1392.5,0.0,0.0,0.0,0.0,0.0,0.0,0.0,0.0,0.0,0.0,1676.5,1314.5,440.0,580.5,805.0,925.0,966.5,1046.0,1171.0,1195.5,1859.5,1497.5,585.0,707.5,871.5,1034.5,1075.5,1156.5,1258.0,1298.0,2488.0,2050.0,792.0,996.5,1236.5,1406.5,1462.0,1595.5,1698.0,1720.5,2347.5,1967.5,759.5,922.0,1190.0,1326.0,1430.0,1480.0,1662.5,1666.5,2142.5,1769.0,675.5,766.0,1003.5,1145.5,1195.5,1263.0,1397.0,1469.5,2079.0,1795.5,638.5,797.5,1005.0,1111.5,1202.0,1280.5,1378.0,1398.0,2018.5,1792.0,595.5,807.0,1003.0,1098.5,1202.0,1269.0,1378.0,1377.0,"{""type"":""MultiPoint"",""coordinates"":[]}"
884_0,3,1773.5,1505.5,498.5,635.5,853.0,974.5,1009.0,1059.5,1135.5,1182.0,2481.0,2118.0,1001.0,1272.0,1541.5,1683.5,1749.5,1811.0,1906.0,1933.0,2196.5,1862.0,763.5,1007.0,1285.5,1408.0,1452.0,1517.0,1615.0,1621.5,157.5,151.0,424.0,626.5,675.5,794.0,571.0,635.0,613.5,515.5,167.0,149.0,618.0,790.5,800.0,950.5,814.5,869.5,857.0,715.0,257.0,211.0,471.5,750.5,717.5,951.5,829.0,882.5,860.5,739.5,441.5,352.5,330.0,590.5,472.0,824.0,844.0,952.5,892.0,808.0,1121.5,642.5,286.0,579.5,376.5,878.5,2070.0,2203.0,2485.5,2098.5,1543.5,773.0,229.5,522.0,244.0,827.0,2768.0,3590.0,3737.0,3589.5,1516.0,745.0,178.0,467.5,217.5,792.5,2780.0,3822.0,3839.5,3963.5,1467.5,711.0,138.5,345.5,159.0,640.0,2666.0,3882.0,4097.5,4103.0,2040.5,1750.0,570.0,739.5,976.0,1086.0,1125.0,1198.5,1287.5,1352.0,1579.5,757.5,177.5,417.0,194.5,746.5,3057.0,4406.5,4671.5,4773.0,1647.5,786.0,297.0,841.0,422.5,1441.0,3725.5,4781.5,4940.5,5002.0,1765.0,891.5,454.5,980.5,661.0,1674.5,3677.0,4348.5,4593.0,4643.5,2015.5,1100.5,649.5,1176.5,1039.0,2071.5,3439.5,3952.0,4187.0,4287.0,2366.5,1401.0,766.5,1346.0,1364.5,2393.0,3390.5,3815.5,4188.0,4181.0,2798.0,1767.0,890.0,1485.0,1753.0,2599.0,3423.0,3706.0,4076.0,4158.0,4101.0,2856.0,1178.5,1643.0,2170.0,2685.5,2994.5,3236.5,3605.5,3683.5,4191.5,2879.5,1166.5,1665.0,2491.0,2991.0,3231.0,3498.0,3826.0,3985.0,3576.0,2703.5,1146.5,1566.5,2155.5,2454.0,2706.0,2921.0,3289.0,3316.5,2019.5,1535.0,645.5,902.5,1247.0,1410.0,1444.0,1563.5,1619.5,1710.0,1904.0,1649.0,448.0,661.0,883.5,1008.5,1082.0,1153.0,1219.5,1276.5,2312.0,1820.5,765.0,1014.0,1374.5,1534.5,1599.0,1720.5,1793.5,1837.5,2242.5,1781.0,857.0,1052.5,1345.0,1489.5,1567.5,1644.5,1748.5,1786.5,1991.5,1659.5,607.0,781.5,1010.0,1141.5,1197.0,1278.0,1358.0,1386.0,1888.5,1543.5,548.0,761.0,996.0,1123.5,1178.5,1257.0,1328.5,1362.0,1370.0,1183.5,352.0,475.0,651.0,727.5,771.0,816.5,911.5,898.5,0.0,0.0,0.0,0.0,0.0,0.0,0.0,0.0,0.0,0.0,1561.5,1263.0,395.0,549.5,720.5,857.5,910.0,953.0,1043.5,1035.5,1822.0,1581.0,537.0,658.5,822.0,947.0,974.0,1039.5,1115.0,1134.5,2155.0,1860.5,638.5,831.0,1044.5,1179.5,1194.5,1329.0,1377.5,1415.5,2191.5,1869.5,687.5,868.5,1120.5,1246.5,1249.5,1283.0,1426.5,1418.5,2135.5,1809.0,707.5,841.5,1029.5,1171.5,1212.5,1267.0,1354.0,1389.0,2151.0,1857.0,654.5,856.5,1088.5,1206.5,1267.0,1350.0,1419.5,1460.0,2250.5,1934.5,792.0,996.0,1244.5,1386.0,1458.5,1512.0,1604.5,1640.5,"{""type"":""MultiPoint"",""coordinates"":[]}"
885_0,3,1827.5,1495.0,634.5,768.0,1025.5,1134.5,1165.0,1222.5,1349.5,1337.5,2095.0,1795.0,762.0,970.5,1213.0,1304.0,1332.0,1413.5,1530.5,1532.0,2255.0,1934.5,892.5,1123.5,1383.0,1500.5,1482.0,1558.0,1645.5,1665.5,2518.0,2194.0,1066.5,1325.5,1602.5,1717.0,1742.5,1809.5,1908.0,1906.0,1303.0,1185.0,1059.0,1290.0,1343.0,1587.0,1450.0,1520.0,1614.0,1588.0,376.0,351.0,797.0,1099.0,1171.0,1311.0,996.0,1066.0,906.0,886.0,494.0,399.0,732.0,978.0,967.0,1196.0,1084.0,1104.0,1077.0,931.0,494.0,399.0,562.0,862.0,853.0,1176.0,1084.0,1127.0,1077.0,1014.0,523.0,384.0,494.0,790.0,741.0,1042.0,1145.0,1324.0,1164.0,1047.0,972.0,566.0,214.5,519.5,328.0,918.5,1846.0,2470.0,2112.0,2088.0,1195.0,623.5,118.0,343.0,129.0,694.0,2493.0,3179.0,3008.5,3120.0,2086.0,1721.0,700.0,907.0,1136.0,1279.0,1288.0,1392.0,1450.0,1476.0,1416.0,692.0,116.0,338.0,114.0,721.0,2982.0,3843.0,3778.0,4109.0,1455.0,720.0,112.0,375.0,167.0,853.0,3051.0,4033.0,4091.0,4249.0,1509.0,769.0,207.0,535.0,345.0,1050.0,3130.0,4033.0,4150.0,4357.0,1668.0,846.0,388.0,810.0,548.0,1438.0,3078.0,3772.0,3968.0,4022.0,1728.0,983.0,461.0,889.0,720.0,1501.0,2897.0,3438.0,3780.0,3793.0,2146.0,1270.0,509.0,981.0,997.5,1789.0,2884.5,3279.0,3589.5,3702.5,2510.5,1521.0,759.0,1184.5,1381.5,2041.0,2879.5,3224.0,3586.5,3661.0,2864.0,1863.5,889.5,1317.0,1687.0,2283.0,2858.0,3223.5,3625.5,3642.5,4033.0,2766.0,1074.0,1520.0,2067.0,2534.0,2866.0,3224.0,3651.0,3670.0,3916.5,2689.5,1021.5,1385.5,2113.0,2455.0,2698.0,3005.5,3240.5,3445.5,2041.5,1702.5,668.0,846.5,1124.0,1218.5,1259.5,1314.5,1490.5,1459.0,3627.5,2597.5,902.0,1239.0,1763.0,2089.5,2266.5,2495.0,2651.0,2913.0,3392.0,2488.5,941.0,1223.5,1695.5,1974.0,2082.5,2308.0,2546.0,2582.0,3018.0,2408.0,734.0,930.5,1242.5,1468.5,1560.5,1718.0,1844.5,1948.5,3135.5,2476.5,758.5,918.5,1236.0,1437.0,1545.5,1732.0,1806.0,1892.0,1509.0,1244.0,387.0,483.0,714.0,788.0,793.0,872.0,978.0,980.0,0.0,0.0,0.0,0.0,0.0,0.0,0.0,0.0,0.0,0.0,1545.0,1153.0,538.0,678.0,879.0,946.0,980.0,1018.0,1153.0,1160.0,1759.0,1402.0,641.0,759.0,923.0,1071.0,1090.0,1104.0,1202.0,1205.0,2363.0,1927.0,902.0,1104.0,1330.0,1436.0,1496.0,1541.0,1691.0,1704.0,2282.0,1875.0,915.0,1052.5,1268.5,1359.5,1397.5,1438.0,1615.0,1581.0,1846.5,1512.5,630.5,755.0,956.5,1035.5,1033.0,1075.0,1196.5,1208.0,2223.5,1897.5,860.5,1027.5,1225.0,1330.0,1369.5,1486.5,1611.0,1573.5,2209.0,1844.0,879.0,1044.0,1253.5,1349.0,1409.0,1521.0,1662.0,1628.5,"{""type"":""MultiPoint"",""coordinates"":[]}"
886_0,3,1870.5,1590.5,518.0,659.5,916.5,1033.0,1082.0,1176.5,1260.0,1307.5,2166.0,1902.5,918.5,1165.0,1404.5,1501.5,1555.5,1608.5,1688.5,1695.0,2272.5,1978.5,845.5,1083.5,1328.0,1456.5,1501.5,1582.5,1642.0,1680.5,1950.0,1724.5,767.5,1003.5,1223.5,1402.5,1402.5,1439.0,1482.0,1523.0,308.5,292.5,504.0,722.0,748.0,925.0,798.0,855.5,757.5,716.0,363.5,316.0,745.0,913.5,980.0,1151.0,1065.5,1084.5,1106.5,1030.5,443.0,314.5,529.0,726.0,684.0,1022.5,1166.5,1260.0,1270.0,1091.5,791.5,466.5,480.5,727.0,582.0,1054.0,1670.5,1776.5,1613.5,1550.5,1057.5,659.5,349.5,573.0,392.0,966.0,2318.5,2770.5,2565.0,2544.5,1356.5,718.5,257.5,548.5,371.5,999.0,2566.5,3058.5,3035.0,3097.5,1429.5,725.5,215.5,437.5,284.0,829.5,2626.5,3462.0,3536.0,3564.5,2177.0,1864.5,595.5,788.0,1067.0,1250.0,1263.0,1343.5,1396.5,1482.5,1537.0,781.5,246.5,511.0,334.5,926.5,2808.5,3598.5,3706.0,3803.5,1648.0,817.0,265.0,601.5,446.5,1046.0,3033.5,3812.5,4005.5,4020.5,1765.5,913.0,417.5,827.0,601.5,1444.5,3229.0,3911.0,3988.0,4089.5,1899.0,1062.0,585.5,1033.5,898.5,1807.5,3134.5,3604.0,3697.5,3880.0,2031.0,1186.5,600.0,1064.5,1019.5,1844.5,2829.5,3152.5,3387.0,3535.5,2333.0,1416.0,619.0,1055.0,1202.0,1905.0,2611.0,2903.0,3083.0,3261.0,3055.0,1963.5,885.0,1244.0,1526.5,2091.0,2591.0,2882.0,3112.5,3285.0,3543.0,2441.5,794.5,1144.0,1648.0,2021.0,2302.5,2553.5,2861.5,2950.5,3415.0,2414.5,756.0,1101.0,1608.5,2027.0,2270.0,2515.0,2669.0,2854.5,2344.0,1845.5,645.5,893.5,1286.0,1530.5,1608.5,1735.5,1750.0,1901.0,1987.5,1656.0,474.0,701.5,972.0,1119.0,1181.0,1224.0,1371.0,1390.0,2383.0,1886.0,703.0,936.5,1325.0,1556.5,1639.0,1758.5,1818.5,1931.5,2320.5,1824.5,818.5,1006.5,1338.5,1528.0,1618.5,1723.0,1802.0,1885.5,2094.0,1698.0,617.5,786.5,1062.5,1210.0,1270.5,1373.0,1484.5,1511.5,2353.0,1881.5,738.5,922.0,1238.0,1415.5,1487.5,1597.5,1666.0,1740.5,2044.0,1502.5,1773.5,1763.5,1858.0,1997.0,2020.5,2049.0,2151.5,2126.5,0.0,0.0,0.0,0.0,0.0,0.0,0.0,0.0,0.0,0.0,1623.0,1288.0,448.0,591.0,804.5,923.0,976.0,1033.0,1139.5,1155.0,1823.0,1562.0,598.0,720.0,894.5,1048.5,1069.0,1140.5,1230.5,1235.5,2301.0,1952.5,768.0,950.5,1174.0,1358.5,1432.5,1474.0,1594.5,1629.0,2248.0,1894.5,750.0,943.0,1177.0,1317.0,1349.0,1431.5,1590.5,1600.5,2016.0,1679.0,587.0,720.0,949.5,1096.0,1115.5,1185.0,1277.5,1341.5,1955.5,1709.5,596.0,757.0,958.0,1076.0,1153.0,1235.5,1297.5,1341.5,1986.0,1750.0,651.0,838.0,1049.5,1154.0,1197.0,1280.5,1336.0,1372.0,"{""type"":""MultiPoint"",""coordinates"":[]}"
887_0,3,156.0,131.5,228.5,317.0,415.0,448.0,343.5,365.0,406.0,316.5,2087.0,1810.0,652.0,833.5,1045.5,1159.0,1235.0,1326.0,1439.0,1429.0,2295.0,2035.5,730.5,943.0,1179.0,1286.0,1354.5,1437.5,1529.0,1567.0,2463.5,2221.5,870.5,1117.5,1364.5,1485.0,1539.5,1607.5,1705.0,1736.5,2612.0,2368.0,1008.0,1240.0,1497.0,1584.0,1660.0,1720.0,1870.0,1861.0,1207.0,1139.0,858.0,1061.0,1275.0,1369.0,1403.0,1481.0,1513.0,1504.0,379.0,331.0,686.0,977.0,981.0,1290.0,1047.0,1104.0,1032.0,943.0,676.0,493.0,833.0,1104.0,1095.0,1504.0,1490.0,1622.0,1546.0,1477.0,1079.0,779.0,577.0,892.0,774.0,1377.0,2103.0,2279.0,2141.0,2185.0,1894.0,986.0,398.0,731.5,494.0,1098.5,2778.0,3579.5,3545.5,3729.0,1476.5,772.5,230.0,494.0,320.5,854.5,2610.5,3390.5,3409.5,3481.5,253.0,188.0,383.0,489.0,591.0,693.0,599.0,595.0,678.0,570.0,1598.0,796.0,253.0,484.0,299.0,782.0,2663.0,3727.0,3746.0,3944.0,1469.0,743.0,178.0,398.0,243.0,745.0,2621.0,3586.0,3671.0,3742.0,1476.0,754.0,178.0,421.0,249.0,753.0,2753.0,3812.0,3872.0,4026.0,1558.0,792.0,401.0,763.0,500.0,1262.0,2946.0,3583.0,3743.0,3798.0,1574.0,839.0,417.0,841.0,641.0,1468.0,2753.0,3205.0,3537.0,3478.0,1753.5,1028.0,475.0,891.0,918.5,1662.0,2553.5,2909.5,3105.5,3150.0,2256.5,1362.5,894.5,1318.0,1508.0,2014.0,2637.0,2896.0,3173.0,3224.5,3884.5,2654.5,1150.5,1590.5,2072.0,2717.0,3042.5,3341.0,3642.5,3742.5,4284.0,2793.5,1368.5,1917.0,2776.5,3301.0,3584.5,3879.5,4243.0,4328.5,3296.0,2345.0,1219.0,1656.0,2224.0,2527.0,2443.0,2898.0,3126.0,2841.0,231.0,188.0,397.0,470.0,581.0,649.0,599.0,595.0,676.0,534.0,3262.0,2403.0,1014.0,1356.0,1858.0,2135.0,2190.0,2453.0,2685.0,2793.0,3074.0,2324.5,1038.0,1349.0,1790.0,1998.0,2103.5,2258.5,2541.5,2499.0,2711.0,2140.5,777.0,1022.5,1322.5,1534.5,1561.0,1704.5,1836.0,1893.0,377.0,268.0,377.0,522.0,633.0,690.0,627.0,668.0,734.0,651.0,158.0,139.0,160.0,219.0,309.0,364.0,280.0,311.0,342.0,271.0,531.0,474.0,686.0,595.0,558.0,601.0,562.0,618.0,673.0,559.0,171.0,141.0,243.0,383.0,485.0,608.0,466.0,494.0,516.0,418.0,1113.0,718.0,492.0,632.0,820.0,1060.0,1094.0,1185.0,1291.0,1308.0,2817.0,2180.0,977.0,1262.0,1570.0,1729.0,1828.0,1936.0,2123.0,2146.0,2120.0,1413.0,640.0,824.0,1158.0,1330.0,1326.0,1543.0,1717.0,1645.0,2457.5,1783.0,784.0,1018.0,1346.0,1499.5,1550.0,1751.0,1939.0,1847.5,3321.5,2707.0,1207.5,1477.5,1798.0,1990.5,2106.0,2246.5,2494.5,2414.0,3166.5,2607.5,1176.5,1404.0,1707.0,1906.0,2004.0,2142.5,2295.0,2298.5,"{""type"":""MultiPoint"",""coordinates"":[]}"
888_0,3,2970.5,2372.5,927.5,1043.5,1335.0,1517.0,1611.0,1736.5,1898.5,1933.5,1997.0,1826.0,595.0,833.0,1089.0,1199.0,1233.0,1357.0,1396.0,1414.0,2245.0,2105.0,777.0,978.0,1273.0,1417.0,1433.0,1547.0,1613.0,1657.0,883.5,834.5,439.5,581.5,708.5,795.0,716.5,758.0,792.5,728.0,393.0,367.0,729.0,850.0,854.0,932.0,767.0,817.0,782.0,668.0,434.0,369.0,512.0,722.0,721.0,932.0,852.0,948.0,940.0,877.0,606.0,496.0,420.0,627.0,574.0,945.0,1136.0,1188.0,1199.0,1224.0,1297.0,756.0,325.0,627.0,428.0,951.0,1724.0,1883.0,1901.0,1996.0,1039.0,611.0,201.0,450.0,269.0,773.0,1921.0,2262.0,2193.0,2214.0,1273.5,650.0,105.5,395.5,134.0,737.0,2457.5,3149.0,3124.0,3165.5,1253.0,590.5,62.5,274.0,78.5,542.5,2463.5,3345.5,3416.5,3415.0,2978.5,2479.0,1357.0,1475.0,1617.0,1747.0,1799.0,1933.0,2102.5,2080.0,1228.0,579.5,39.5,246.0,45.0,505.5,2514.5,3729.0,3745.0,3821.5,1094.5,528.0,54.5,319.0,69.0,640.5,2669.5,3828.0,3862.0,3928.5,1157.0,543.0,459.0,744.0,514.0,1118.0,2940.0,3819.0,3899.0,3905.0,1234.0,647.0,619.0,981.0,783.0,1618.0,3001.0,3550.0,3737.0,3767.0,1278.0,704.0,503.0,935.0,783.0,1635.0,2757.0,3110.0,3337.0,3383.0,1590.0,933.0,470.0,951.0,978.0,1823.0,2731.0,3042.0,3226.0,3342.0,4189.0,2979.5,1273.5,1803.0,2459.5,2959.0,3346.0,3609.0,3935.0,4067.0,4192.0,3073.5,1309.0,1809.5,2491.5,2835.5,3096.5,3325.5,3676.5,3779.5,3531.0,2826.0,1119.0,1522.0,2065.0,2367.0,2559.0,2798.0,3108.0,3120.0,3249.5,2291.0,1051.0,1438.0,1996.5,2257.0,2441.5,2627.5,2818.5,2925.0,3225.0,2651.5,726.5,929.0,1301.0,1449.5,1502.5,1631.5,1848.5,1869.0,3502.0,2717.0,983.5,1303.5,1704.0,1958.5,2132.0,2306.0,2449.5,2550.5,4033.0,3286.0,1953.5,2160.5,2441.0,2699.0,2877.0,3004.5,3207.5,3204.5,3182.0,2661.5,932.0,1076.0,1311.5,1503.5,1703.5,1856.0,1960.0,2020.0,3024.5,2516.0,891.0,1047.5,1241.0,1461.5,1649.5,1788.0,1886.5,1953.0,2269.0,1687.0,540.0,729.5,937.5,1178.5,1346.5,1445.0,1626.5,1650.0,0.0,0.0,0.0,0.0,0.0,0.0,0.0,0.0,0.0,0.0,3470.0,2766.0,816.0,1092.0,1523.0,1738.0,1707.0,1849.0,1997.0,2157.0,3434.0,2815.0,985.0,1124.0,1523.0,1757.0,1833.0,1956.0,1997.0,2245.0,3333.0,2751.0,931.0,1176.0,1589.0,1797.0,1825.0,1943.0,2126.0,2214.0,2608.0,2239.0,756.0,899.5,1209.0,1345.0,1374.0,1442.5,1597.5,1643.5,1721.0,1555.0,506.0,609.0,874.0,951.0,911.0,928.0,1031.0,1129.0,1719.5,1575.5,493.0,646.5,878.5,992.5,987.5,1062.0,1128.0,1160.0,1798.0,1666.0,550.5,706.0,941.0,1067.0,1075.0,1149.5,1225.5,1240.5,"{""type"":""MultiPoint"",""coordinates"":[]}"
889_0,3,1599.0,1329.5,496.0,633.5,819.0,941.0,941.5,1021.5,1085.0,1110.0,2139.0,1906.5,784.5,1009.5,1234.0,1359.5,1389.5,1457.0,1525.5,1532.0,2205.0,2006.0,803.5,1032.0,1246.5,1360.0,1405.5,1466.5,1542.0,1544.5,2117.5,1939.0,798.0,1007.0,1216.0,1307.5,1354.0,1422.5,1477.0,1494.5,367.0,365.0,894.0,1066.0,1120.0,1190.0,930.0,960.0,996.0,778.0,367.0,365.0,894.0,1066.0,1120.0,1190.0,1061.0,1136.0,1125.0,1027.0,347.0,286.0,709.0,917.0,957.0,1163.0,1061.0,1136.0,1125.0,1027.0,544.0,435.0,665.0,903.0,850.0,1262.0,1375.0,1508.0,1380.0,1379.0,560.0,442.0,441.0,719.0,681.0,1034.0,1099.0,1262.0,1128.0,1017.0,891.5,540.0,259.0,547.5,432.5,938.0,1696.5,2029.5,1779.5,1809.5,1240.5,680.0,274.0,533.5,362.0,974.0,2605.0,3087.5,3053.5,3099.0,1756.0,1492.0,583.0,761.0,933.0,1058.0,1087.0,1107.0,1174.0,1240.0,1450.0,784.0,288.0,599.0,415.0,1001.0,2578.0,3240.0,3127.0,3279.0,1253.0,654.0,109.0,377.0,200.0,789.0,2523.0,3388.0,3219.0,3415.0,1273.0,647.0,103.0,366.0,154.0,702.0,2651.0,3632.0,3488.0,3642.0,1528.0,766.0,327.0,690.0,333.0,1134.0,3269.0,4095.0,4008.0,4197.0,1597.5,800.5,367.5,825.0,407.0,1329.0,3308.5,3918.5,4109.0,4070.5,1580.5,852.5,363.5,885.0,524.5,1552.0,3094.0,3474.0,3595.5,3623.5,1918.0,1016.0,694.0,1320.0,1123.0,2125.0,3103.0,3481.0,3598.0,3751.0,2260.5,1391.0,775.5,1357.0,1431.5,2485.5,3307.5,3496.0,3760.5,3961.5,3535.5,2469.5,1126.0,1606.5,2165.5,2656.0,3184.0,3387.0,3746.5,3891.0,3708.0,2679.0,1106.0,1594.0,2320.0,2741.0,2863.0,3112.0,3302.0,3366.0,1636.0,1369.0,417.0,593.0,833.0,951.0,978.0,1041.0,1116.0,1158.0,3507.0,2654.0,1044.0,1412.0,1994.0,2359.0,2458.0,2620.0,2768.0,2977.0,3291.0,2494.0,991.5,1303.0,1797.0,2082.5,2191.5,2363.5,2602.0,2660.0,2468.5,2060.5,687.0,836.5,1134.5,1319.0,1376.5,1488.5,1623.5,1679.5,2075.0,1753.0,640.0,742.0,970.0,1135.0,1166.0,1274.0,1330.0,1400.0,1813.0,1370.0,470.0,599.0,827.0,929.0,1026.0,1124.0,1235.0,1224.0,0.0,0.0,0.0,0.0,0.0,0.0,0.0,0.0,0.0,0.0,1620.0,1402.0,494.0,672.0,863.0,958.0,970.0,1035.0,1144.0,1116.0,1648.0,1446.0,568.0,713.0,853.0,960.0,990.0,1030.0,1108.0,1111.0,2082.0,1845.5,752.0,938.0,1157.5,1244.0,1294.0,1368.5,1473.0,1463.0,2173.0,1941.0,854.0,1014.0,1232.0,1305.0,1365.0,1433.0,1571.0,1553.0,1601.0,1371.0,654.0,767.5,917.0,920.5,947.5,955.0,1202.0,1053.5,1930.0,1678.0,656.0,819.0,1007.0,1120.0,1152.0,1232.0,1291.0,1315.0,1948.5,1713.0,700.5,868.5,1071.5,1175.0,1204.0,1266.5,1346.5,1340.5,"{""type"":""MultiPoint"",""coordinates"":[]}"
890_0,3,1817.0,1551.0,526.5,647.0,875.5,1017.0,1023.0,1119.5,1181.5,1221.0,2419.5,2064.5,984.0,1280.5,1547.0,1675.0,1711.5,1784.0,1866.5,1876.5,2253.0,1899.5,787.5,1033.0,1309.5,1437.5,1462.0,1518.0,1610.5,1641.0,141.0,120.5,500.5,764.5,810.5,948.0,689.0,782.0,779.0,673.0,111.0,102.5,577.5,822.0,881.5,1122.0,935.0,982.0,938.0,879.5,231.0,172.0,536.5,862.0,848.0,1124.0,1006.5,1088.5,1072.0,947.0,518.0,379.5,379.0,686.5,555.0,1015.0,1195.0,1343.5,1289.0,1166.5,1135.5,638.0,362.5,671.0,440.0,991.5,2093.5,2503.0,2477.5,2348.0,1595.0,775.5,250.0,571.5,259.5,931.0,3014.0,3850.0,3886.0,3973.5,1711.0,830.5,215.0,576.0,288.0,950.0,3054.0,4077.0,4130.5,4297.5,1659.0,811.5,178.5,444.5,245.5,818.5,2946.0,4166.0,4265.5,4373.0,2084.0,1798.0,587.0,758.0,1002.5,1112.0,1189.0,1261.0,1334.0,1377.0,1712.0,829.0,208.0,482.0,260.0,889.0,3201.5,4478.0,4570.0,4748.5,1700.0,823.0,277.0,786.5,410.0,1439.0,3661.0,4712.0,4815.0,4937.0,1779.5,882.0,425.5,909.5,659.0,1631.0,3612.0,4299.5,4411.5,4593.0,2003.5,1101.5,618.0,1113.5,1038.5,2047.5,3356.5,3795.5,3984.0,4156.5,2319.5,1391.0,715.0,1239.5,1364.0,2241.5,3160.0,3499.0,3874.5,3958.5,2773.0,1748.0,821.0,1338.0,1663.0,2440.0,3117.0,3485.0,3742.0,3902.0,4030.0,2780.0,1138.0,1596.0,2223.5,2650.5,2877.5,3146.0,3450.5,3619.5,3910.5,2753.0,1093.5,1553.5,2285.5,2824.5,3038.0,3345.5,3554.5,3869.0,3606.5,2702.5,1072.5,1511.5,2097.5,2463.0,2648.0,2917.0,3276.5,3304.0,2130.5,1631.0,699.0,998.5,1350.5,1576.5,1623.0,1748.0,1774.5,1892.0,1958.5,1639.0,460.0,677.5,904.5,1064.5,1065.5,1171.5,1274.5,1281.5,2429.5,1921.0,826.0,1120.0,1502.0,1729.5,1761.0,1910.0,1974.5,2034.5,2345.5,1859.5,877.5,1122.5,1454.5,1647.5,1673.0,1780.0,1909.0,1949.0,2049.0,1702.5,652.5,829.5,1087.5,1228.0,1248.5,1368.5,1441.0,1480.0,1661.0,1423.0,509.5,741.0,972.0,1088.0,1113.0,1173.5,1292.5,1287.5,1363.0,1166.5,373.5,475.5,673.0,762.5,792.5,820.0,912.5,912.5,0.0,0.0,0.0,0.0,0.0,0.0,0.0,0.0,0.0,0.0,1555.5,1226.5,418.5,574.5,741.5,880.0,926.0,1013.0,1068.5,1090.5,1804.5,1542.0,566.5,692.5,854.0,987.0,1021.5,1087.0,1158.0,1163.5,2259.5,1938.0,726.0,904.0,1132.5,1273.0,1321.0,1403.0,1473.5,1551.0,2245.5,1930.0,762.0,909.0,1138.5,1266.0,1272.5,1360.5,1479.0,1498.0,2156.0,1813.5,757.0,859.5,1056.0,1176.0,1218.5,1311.0,1378.0,1425.5,2194.5,1892.0,720.5,910.5,1147.5,1284.5,1321.0,1389.0,1477.0,1518.5,2201.0,1903.0,793.0,1006.5,1261.5,1380.5,1437.5,1502.5,1571.0,1582.5,"{""type"":""MultiPoint"",""coordinates"":[]}"
891_0,3,2976.5,2225.0,830.5,945.0,1252.0,1446.5,1525.5,1682.0,1862.5,1964.0,2080.0,1908.0,619.0,868.0,1157.0,1270.0,1308.0,1359.0,1485.0,1477.0,2163.0,2014.0,723.0,934.0,1208.0,1370.0,1418.0,1500.0,1557.0,1574.0,2101.0,1983.0,700.0,942.0,1243.0,1377.5,1406.5,1494.5,1552.5,1577.0,516.0,462.0,882.0,978.0,1032.0,1153.0,998.0,1037.0,1022.0,889.0,487.0,386.0,402.0,702.0,607.0,904.0,957.0,998.0,1008.0,889.0,599.0,467.0,323.0,598.0,491.0,879.0,1145.0,1277.0,1354.0,1283.0,1412.0,771.0,281.0,591.0,384.0,879.0,2178.0,2561.0,2511.0,2535.0,1119.0,578.0,148.0,382.0,182.0,642.0,2140.0,2842.0,2872.0,2844.0,1207.0,597.0,67.0,300.5,79.0,562.5,2354.5,3341.5,3345.0,3296.5,1215.5,551.5,26.0,221.0,34.5,413.0,2484.0,3690.5,3778.5,3803.0,3408.5,2920.0,1623.0,1645.0,1872.5,2040.5,2084.0,2210.5,2291.5,2427.0,1222.0,547.5,26.0,205.0,16.0,413.5,2554.0,4058.5,4132.0,4241.0,1099.5,506.0,70.0,318.0,55.0,596.5,2779.5,4070.5,4191.0,4262.0,1178.0,540.0,468.0,793.0,520.0,1156.0,3110.0,4218.0,4334.0,4255.0,1254.0,654.0,611.0,997.0,786.0,1618.0,3160.0,3768.0,3940.0,4042.0,1286.0,701.0,521.0,967.0,786.0,1672.0,2882.0,3325.0,3555.0,3602.0,1616.0,917.0,488.0,989.0,1033.0,1919.0,2775.0,3123.0,3320.0,3459.0,4320.5,3034.5,1204.0,1710.0,2441.0,2920.0,3263.0,3546.0,3811.0,3963.0,4356.0,3128.5,1264.5,1738.5,2509.5,2926.5,3166.0,3372.5,3724.5,3863.5,3582.0,2871.0,1072.0,1556.0,2114.0,2385.0,2584.0,2780.0,3097.0,3079.0,3472.5,2529.0,995.0,1402.5,1952.5,2314.5,2402.0,2639.5,2798.5,2965.5,3179.0,2711.0,724.0,881.0,1264.0,1419.0,1510.0,1664.0,1863.0,1928.0,3646.5,2812.0,924.0,1241.0,1662.5,1979.5,2140.5,2309.5,2445.5,2587.0,5241.5,4549.0,3054.0,3246.0,3556.0,3884.0,3961.5,4047.0,4310.0,4305.0,3272.0,2715.0,879.5,1010.5,1259.5,1519.0,1644.5,1771.0,1902.5,1984.0,3121.0,2589.0,841.0,981.5,1208.5,1459.5,1588.0,1728.0,1836.0,1916.0,2329.5,1754.0,489.0,695.0,923.5,1167.5,1286.5,1393.5,1567.0,1621.5,0.0,0.0,0.0,0.0,0.0,0.0,0.0,0.0,0.0,0.0,3611.0,2806.0,838.0,1106.0,1592.0,1800.0,1828.0,2009.0,2177.0,2292.0,3803.0,3108.0,1094.0,1339.0,1743.0,1969.0,2097.0,2279.0,2557.0,2566.0,3520.0,2785.0,931.0,1190.0,1635.0,1864.0,1875.0,2023.0,2252.0,2296.0,2794.5,2283.5,1076.0,1164.5,1425.5,1543.0,1611.5,1708.0,2024.0,1883.5,1911.0,1652.0,682.0,832.0,1073.0,1201.0,1209.0,1324.0,1383.0,1416.0,1820.5,1675.0,516.0,697.5,978.5,1083.0,1084.0,1149.0,1268.0,1241.0,1895.0,1739.0,560.5,768.0,1040.5,1154.5,1170.5,1247.5,1357.5,1348.0,"{""type"":""MultiPoint"",""coordinates"":[]}"
892_0,3,1792.5,1482.5,625.0,753.5,996.5,1091.0,1159.5,1222.5,1296.5,1292.0,2427.0,2121.5,970.5,1259.5,1532.5,1657.5,1682.5,1740.5,1851.5,1840.5,2471.5,2144.5,913.0,1190.0,1467.0,1611.0,1620.5,1709.5,1790.5,1794.5,2510.5,2218.0,977.5,1276.0,1561.5,1692.5,1717.0,1782.5,1858.5,1868.5,573.0,597.0,984.0,1253.0,1256.0,1374.0,1052.0,1110.0,969.0,955.0,155.0,158.0,619.0,854.0,941.0,1013.0,686.0,777.0,688.0,551.0,350.0,274.0,706.0,1006.0,970.0,1232.0,989.0,1008.0,998.0,789.0,394.0,274.0,564.0,887.0,876.0,1232.0,1057.0,1164.0,1111.0,946.0,394.0,276.0,396.0,646.0,574.0,1022.0,1001.0,1101.0,953.0,832.0,475.0,307.5,271.5,489.0,360.5,851.0,1116.5,1308.0,1149.0,1069.5,901.0,524.5,245.0,451.5,298.0,884.5,1821.0,2303.5,2105.0,2001.0,2035.5,1740.5,736.5,902.5,1144.0,1254.5,1292.5,1361.5,1432.5,1472.0,1132.0,595.0,211.0,453.0,289.0,832.0,2238.0,2985.0,2744.0,2743.0,1040.0,521.0,156.0,360.0,199.0,691.0,2146.0,2721.0,2634.0,2635.0,1077.0,525.0,156.0,360.0,200.0,680.0,2344.0,3088.0,3009.0,3054.0,1220.0,607.0,309.0,602.0,304.0,944.0,2779.0,3477.0,3525.0,3591.0,1480.0,749.0,348.0,782.0,395.0,1303.0,3244.0,3768.0,3885.0,3921.0,1536.0,834.0,377.0,876.0,478.5,1486.5,3080.0,3504.0,3559.5,3543.0,1820.5,964.0,788.0,1360.0,1208.0,2083.5,3022.0,3270.0,3469.0,3555.0,2178.0,1338.5,706.0,1270.0,1331.0,2226.0,2935.5,3139.0,3362.0,3567.0,3214.0,2234.0,966.5,1401.0,1874.5,2365.5,2750.5,2951.0,3255.0,3400.5,3071.0,2065.0,895.0,1301.0,1933.0,2311.0,2478.0,2694.0,2885.0,3051.0,1862.0,1580.0,511.0,735.0,995.0,1095.0,1145.0,1192.0,1298.0,1269.0,3344.0,2464.0,872.0,1227.0,1736.0,2127.0,2226.0,2399.0,2534.0,2705.0,3264.0,2466.5,921.0,1191.5,1664.0,1946.0,2051.0,2188.5,2432.5,2513.0,3011.5,2420.5,774.0,997.0,1352.0,1551.5,1643.0,1797.5,1976.0,2034.5,2309.0,1840.0,805.0,979.0,1248.0,1378.0,1477.0,1559.0,1724.0,1723.0,2027.0,1493.0,513.0,662.0,920.0,1043.0,1095.0,1205.0,1351.0,1367.0,625.0,444.0,473.0,448.0,498.0,524.0,603.0,657.0,628.0,686.0,1691.0,1437.0,538.0,706.0,903.0,990.0,982.0,1088.0,1180.0,1187.0,299.0,232.0,218.0,164.0,172.0,183.0,170.0,204.0,202.0,204.0,2151.0,1889.0,705.0,921.0,1160.0,1265.0,1292.0,1374.0,1440.0,1455.0,2295.0,2051.0,917.0,1080.0,1299.0,1400.0,1432.0,1524.0,1636.0,1635.0,1923.0,1662.0,585.0,713.0,941.0,1032.0,1019.0,1091.0,1148.0,1188.0,2027.0,1761.0,725.0,861.0,1084.0,1188.0,1208.0,1286.0,1361.0,1400.0,2163.5,1904.5,804.0,989.5,1227.0,1338.0,1385.0,1437.5,1549.0,1535.0,"{""type"":""MultiPoint"",""coordinates"":[]}"
893_0,3,182.5,147.5,144.5,182.0,263.0,324.0,221.0,223.5,242.0,161.0,2151.0,1800.5,656.0,836.0,1046.0,1158.0,1224.5,1326.5,1428.5,1456.0,2322.0,2003.0,721.0,949.0,1182.0,1309.5,1385.0,1470.5,1567.0,1597.0,2533.0,2247.0,983.0,1225.5,1486.0,1616.5,1632.5,1732.0,1798.5,1822.5,2725.0,2378.0,1301.0,1539.0,1782.0,1901.0,1942.0,2034.0,2113.0,2131.0,1139.0,1150.0,1044.0,1339.0,1461.0,1698.0,1656.0,1695.0,1234.0,1524.0,383.0,311.0,751.0,986.0,952.0,1134.0,908.0,929.0,926.0,752.0,523.0,360.0,625.0,945.0,819.0,1200.0,1127.0,1217.0,1148.0,950.0,816.0,603.0,424.0,700.0,507.0,1147.0,1539.0,1689.0,1514.0,1417.0,1117.0,622.0,241.0,515.0,276.5,949.5,2340.5,2851.0,2643.5,2550.5,1194.5,648.0,153.5,406.0,174.5,768.0,2586.0,3253.0,3200.5,3112.5,319.0,297.5,231.0,332.5,421.5,524.5,451.5,499.5,504.0,453.0,1381.0,704.0,167.0,420.0,183.0,765.0,2445.0,3338.0,3324.0,3512.0,1381.0,703.0,120.0,359.0,130.0,708.0,2581.0,3438.0,3562.0,3582.0,1477.0,735.0,172.0,511.0,241.0,934.0,2891.0,3900.0,4045.0,4233.0,1563.0,811.0,442.0,944.0,566.0,1594.0,3305.0,3993.0,4083.0,4026.0,1582.0,879.0,442.0,962.0,762.0,1774.0,3082.0,3508.0,3824.0,3773.0,1975.0,1152.0,559.5,1127.0,1082.0,2054.0,3038.5,3351.5,3596.5,3713.0,2390.0,1411.0,888.0,1430.0,1483.0,2419.0,3098.0,3366.0,3624.0,3750.0,3190.5,2186.5,1028.5,1527.0,1838.0,2621.5,3060.5,3330.0,3680.0,3755.0,4170.0,2788.5,1330.5,1915.0,2592.5,3243.5,3493.0,3799.0,4104.5,4211.5,4637.0,3156.0,1674.0,2328.0,3217.0,3801.0,3882.0,4201.0,4378.0,4598.0,179.0,213.0,233.0,267.0,354.0,442.0,389.0,457.0,434.0,374.0,4376.0,3156.0,1323.0,1816.0,2510.0,2990.0,3111.0,3351.0,3376.0,3707.0,4147.0,3034.0,1297.5,1682.5,2246.0,2627.5,2753.5,2934.5,3152.0,3243.5,2086.5,1645.5,681.0,852.0,1170.0,1344.5,1367.0,1450.5,1579.5,1565.5,370.0,363.0,312.0,442.0,548.0,696.0,501.0,633.0,570.0,558.0,183.0,172.0,131.0,139.0,238.0,308.0,216.0,214.0,233.0,235.0,549.0,476.0,743.0,624.0,557.0,581.0,546.0,539.0,722.0,488.0,136.0,139.0,94.0,171.0,262.0,320.0,260.0,285.0,301.0,237.0,537.0,380.0,211.0,286.0,406.0,606.0,578.0,707.0,746.0,888.0,3287.0,2499.0,905.0,1185.0,1550.0,1778.0,1882.0,2024.0,2276.0,2347.0,1917.0,1178.0,583.0,615.0,961.0,1181.0,1250.0,1503.0,1695.0,1731.0,2701.0,1931.0,720.5,950.5,1290.0,1535.0,1656.5,1887.5,2095.5,2126.5,4139.5,3307.5,1229.0,1509.5,1872.5,2160.5,2370.0,2556.5,2851.5,2871.0,3634.0,2963.0,1150.5,1384.5,1716.5,1912.0,2066.5,2214.5,2509.0,2516.0,"{""type"":""MultiPoint"",""coordinates"":[]}"
894_0,3,1913.5,1593.0,515.5,660.5,932.0,1044.5,1115.0,1188.5,1296.5,1351.0,2289.0,1995.0,931.0,1205.5,1457.0,1558.5,1606.5,1682.5,1779.5,1757.0,2390.5,2067.0,901.0,1166.5,1431.0,1561.5,1605.5,1670.5,1775.5,1781.0,2071.0,1758.5,801.0,1038.0,1274.0,1394.0,1435.5,1503.0,1530.0,1565.0,337.5,295.5,661.0,871.5,938.0,1154.5,971.5,1030.5,999.0,893.5,337.5,295.5,702.5,871.5,938.0,1154.5,971.5,1030.5,1012.0,893.5,508.5,357.0,448.5,693.5,592.5,1013.0,1204.5,1308.5,1172.5,1099.5,775.5,553.0,426.0,683.5,485.5,1088.0,1738.0,1864.0,1799.0,1535.0,1156.0,700.5,355.0,644.0,399.0,1046.5,2398.0,2811.0,2701.5,2540.0,1367.5,725.5,250.0,557.0,313.5,1007.0,2637.0,3207.5,3098.0,3098.5,1334.0,654.0,189.5,385.0,197.0,662.0,2563.5,3459.5,3417.0,3488.0,2194.5,1833.0,583.5,791.5,1053.5,1222.5,1235.5,1359.0,1444.5,1511.0,1421.0,692.5,203.5,460.0,225.0,796.5,2850.5,3719.5,3675.0,3844.0,1564.0,764.5,220.5,588.5,319.5,1053.0,3254.0,4077.0,4207.0,4270.5,1678.5,834.0,408.0,892.5,596.0,1520.0,3430.5,4230.5,4215.5,4391.5,1784.0,1002.0,618.5,1154.5,973.5,2023.0,3280.5,3727.0,3825.0,3941.0,1977.0,1141.5,661.5,1188.0,1167.5,2052.5,2981.0,3298.5,3534.0,3594.0,2283.0,1371.0,667.0,1175.0,1339.0,2128.0,2812.0,3085.0,3282.0,3422.0,3187.5,2043.5,986.5,1406.5,1764.0,2388.0,2836.5,3145.5,3359.0,3476.0,3807.5,2602.5,973.5,1383.0,2011.5,2412.5,2674.0,2909.0,3254.0,3334.5,3473.5,2464.0,813.5,1192.0,1772.5,2129.5,2299.0,2522.5,2741.5,2848.5,2270.0,1789.0,614.5,846.0,1197.5,1457.5,1462.0,1593.0,1642.0,1770.0,1990.0,1656.5,459.0,682.0,953.0,1081.5,1154.0,1216.5,1361.0,1391.5,2175.5,1732.0,634.0,854.0,1181.0,1409.5,1462.0,1562.0,1616.0,1707.0,2270.5,1785.5,770.0,966.5,1249.0,1447.5,1494.5,1590.5,1674.0,1785.5,2068.5,1672.0,586.0,780.5,1035.5,1177.5,1232.0,1333.5,1413.0,1482.0,2213.0,1857.0,726.5,850.0,1100.0,1285.0,1361.5,1429.5,1455.0,1577.0,1801.5,1472.0,470.0,616.0,827.0,959.5,1011.0,1110.5,1213.5,1232.0,0.0,0.0,0.0,0.0,0.0,0.0,0.0,0.0,0.0,0.0,1629.5,1273.0,440.0,594.0,823.5,935.0,976.5,1065.0,1176.5,1203.0,1833.0,1483.0,592.0,715.5,903.0,1049.5,1088.0,1165.0,1270.5,1297.0,2499.0,2055.5,865.0,1093.5,1341.0,1488.5,1546.0,1634.0,1782.5,1811.5,2390.0,1954.0,810.5,1016.0,1276.0,1384.0,1423.5,1514.5,1667.0,1658.0,2177.0,1753.0,745.5,853.0,1089.0,1194.5,1210.5,1296.5,1438.5,1446.0,1986.0,1688.5,637.5,791.0,997.5,1080.0,1159.0,1232.5,1326.5,1365.5,2022.5,1767.5,667.0,876.5,1094.5,1168.0,1199.5,1263.0,1384.5,1369.5,"{""type"":""MultiPoint"",""coordinates"":[]}"
895_0,3,1818.0,1541.0,567.0,691.5,909.5,1042.0,1083.0,1155.0,1265.5,1287.5,2518.5,2132.5,982.5,1259.0,1551.5,1700.5,1756.0,1842.5,1951.5,1946.5,1769.5,1443.0,592.5,823.5,1048.0,1188.0,1243.5,1322.0,1345.5,1380.0,216.5,178.0,399.5,594.0,634.5,763.0,566.0,646.0,614.5,533.5,245.0,183.5,574.5,731.0,727.5,871.0,786.5,850.0,817.5,737.0,416.5,315.5,522.5,731.0,727.5,911.0,868.5,967.0,897.0,860.5,697.5,526.0,409.5,706.0,552.0,935.5,1110.5,1184.0,1064.0,1107.5,1081.0,657.0,373.5,700.5,456.0,966.5,1810.5,2043.0,2045.0,1964.5,1394.5,743.5,299.5,606.0,382.5,1003.0,2328.5,2686.0,2701.5,2702.5,1575.0,839.5,284.5,624.5,425.5,1031.0,2572.0,3184.0,3144.5,3327.0,1567.0,838.5,246.0,512.5,351.5,935.0,2566.0,3345.5,3512.5,3535.0,2114.5,1776.5,594.5,778.5,1023.0,1150.5,1209.0,1295.0,1364.5,1390.5,1730.5,889.0,266.0,572.5,364.0,1001.5,3044.5,4006.5,4127.0,4250.0,1703.5,881.0,344.5,880.0,522.5,1508.5,3503.5,4247.5,4311.0,4442.5,1722.5,912.5,490.0,982.0,784.5,1696.5,3393.0,3901.5,3931.5,4147.0,1987.0,1089.5,688.5,1210.5,1157.5,2165.0,3297.5,3663.0,3821.0,3951.5,2296.0,1366.5,763.0,1345.5,1386.5,2294.0,3196.0,3537.5,3805.5,3883.5,2522.0,1557.0,797.0,1335.0,1510.0,2307.0,3052.0,3347.0,3631.0,3734.0,3889.5,2594.5,1090.0,1523.5,2015.5,2533.5,2903.5,3171.5,3454.5,3596.5,3562.0,2405.0,902.0,1325.0,1830.0,2331.5,2706.0,2971.0,3274.5,3378.5,3121.5,2046.0,706.0,1093.0,1479.0,1876.0,2123.5,2399.0,2539.5,2762.5,1946.0,1471.5,546.0,767.5,1070.0,1284.5,1365.0,1461.0,1498.5,1609.0,2003.0,1688.0,491.5,717.0,970.5,1099.5,1136.5,1192.5,1316.0,1336.5,2194.5,1730.0,656.5,868.5,1184.0,1387.0,1500.5,1617.0,1622.5,1768.5,2169.5,1705.0,776.0,954.5,1223.0,1383.5,1521.5,1626.5,1658.5,1754.5,1906.5,1576.5,537.5,678.5,869.0,1043.0,1075.0,1178.5,1210.0,1281.5,1916.5,1550.0,525.5,706.5,893.0,1058.5,1112.5,1190.0,1208.5,1287.0,1325.0,1164.5,351.0,443.0,611.0,698.0,738.0,797.0,852.0,882.5,0.0,0.0,0.0,0.0,0.0,0.0,0.0,0.0,0.0,0.0,1844.5,1528.5,467.5,648.0,855.5,976.5,1009.0,1105.0,1201.5,1182.5,1968.5,1689.5,590.5,714.5,889.5,993.0,1033.0,1139.5,1216.0,1237.5,2236.0,1929.5,649.5,856.5,1092.0,1208.5,1311.5,1365.0,1464.5,1497.5,2301.5,1961.0,818.0,912.5,1144.0,1267.0,1316.0,1451.0,1604.0,1601.5,2263.5,1911.0,767.0,892.0,1090.5,1213.0,1288.5,1369.5,1466.0,1489.5,2175.0,1876.5,645.0,833.0,1088.0,1218.0,1283.5,1380.5,1478.5,1496.0,2302.5,1991.0,789.5,1046.0,1301.0,1418.5,1502.5,1560.5,1673.0,1699.5,"{""type"":""MultiPoint"",""coordinates"":[]}"
896_0,3,2463.5,1760.0,958.5,1029.0,1261.5,1422.0,1528.5,1618.5,1849.5,1858.5,2210.0,2043.0,633.0,874.0,1157.0,1299.0,1303.0,1402.0,1516.0,1552.0,2259.0,2106.0,728.0,909.0,1213.0,1339.0,1334.0,1423.0,1523.0,1586.0,2309.0,2160.5,824.5,1089.0,1424.5,1542.0,1559.5,1638.0,1772.5,1761.5,625.0,570.0,873.0,1013.0,1107.0,1206.0,1014.0,1019.0,1031.0,922.0,625.0,570.0,950.0,1013.0,1107.0,1206.0,1014.0,1019.0,1031.0,922.0,675.0,445.0,285.0,609.0,355.0,881.0,1275.0,1367.0,1336.0,1319.0,1585.0,871.0,291.0,637.0,408.0,1027.0,2433.0,2750.0,2908.0,2940.0,1397.0,726.0,150.0,444.0,201.0,819.0,2450.0,2978.0,2930.0,2915.0,1370.0,661.5,84.5,355.0,82.0,644.5,2654.0,3572.5,3578.0,3617.5,1306.5,624.0,66.5,307.5,70.5,567.0,2689.0,3964.5,3935.0,4023.5,3158.0,2562.5,1064.5,1250.5,1562.5,1745.5,1795.5,1927.5,2083.0,2186.0,1284.0,587.5,50.5,192.5,44.0,383.5,2468.0,4071.0,4082.0,4269.0,1129.5,516.0,29.0,160.0,1.0,347.5,2478.0,4180.0,4326.0,4385.5,1125.0,527.0,431.0,672.0,435.0,950.0,2701.0,4103.0,4208.0,4340.0,1304.0,637.0,556.0,875.0,576.0,1303.0,3079.0,4107.0,4284.0,4329.0,1283.0,652.0,439.0,820.0,576.0,1306.0,3075.0,3910.0,4132.0,4171.0,1406.0,757.0,358.0,796.0,684.0,1452.0,2942.0,3505.0,3778.0,3861.0,2218.0,1290.5,842.5,1411.5,1546.5,2347.0,3266.0,3645.0,3993.0,4092.0,2905.5,1883.5,1213.0,1777.0,2148.0,2847.0,3374.0,3748.0,4183.5,4261.0,4366.0,2976.0,1267.0,1712.0,2517.0,2926.0,3134.0,3415.0,3866.0,3923.0,3837.0,2622.0,1241.0,1739.0,2583.0,2999.5,3114.0,3360.0,3598.0,3830.5,3256.5,2544.0,695.0,925.5,1302.0,1479.5,1560.5,1701.0,1980.5,2015.5,4146.5,2904.0,1140.5,1594.0,2266.0,2634.5,2727.5,2986.5,3179.5,3330.0,5287.0,4447.0,2996.5,3252.5,3720.0,4063.0,4149.5,4300.5,4499.0,4536.5,3343.5,2515.5,934.5,1195.5,1590.0,1851.0,1939.0,2103.5,2311.0,2375.0,3474.0,2696.0,1013.0,1243.5,1608.5,1884.0,1971.5,2124.0,2292.5,2377.0,2929.5,2161.0,744.0,995.5,1375.0,1614.0,1733.0,1851.5,2059.0,2118.0,0.0,0.0,0.0,0.0,0.0,0.0,0.0,0.0,0.0,0.0,3390.0,2599.0,771.0,1030.0,1432.0,1681.0,1797.0,1926.0,2104.0,2181.0,3799.5,2980.0,978.5,1210.5,1561.0,1863.5,2013.5,2170.5,2370.5,2515.5,3431.5,2706.0,832.5,1092.5,1391.0,1658.0,1897.0,2015.0,2255.0,2331.0,1801.5,1614.0,535.0,657.0,893.0,1019.5,1017.0,1102.0,1188.5,1225.5,1959.0,1727.0,562.0,692.0,976.0,1110.0,1046.0,1137.0,1223.0,1255.0,1953.0,1820.0,540.5,717.0,989.5,1092.0,1091.0,1164.5,1266.0,1278.5,2016.5,1867.0,585.0,774.0,1054.0,1151.5,1174.5,1262.0,1354.0,1383.0,"{""type"":""MultiPoint"",""coordinates"":[]}"
897_0,3,147.0,136.0,148.5,229.5,321.5,387.5,254.0,316.0,314.0,218.5,2076.0,1739.0,697.0,886.5,1089.0,1213.5,1260.0,1350.0,1463.5,1475.0,2161.0,1846.5,788.5,987.0,1190.5,1310.5,1373.0,1451.5,1523.0,1527.5,2359.5,2068.0,1001.5,1250.5,1464.0,1582.0,1613.0,1699.5,1762.0,1768.0,2513.0,2206.0,1277.0,1529.0,1733.0,1853.0,1861.0,1944.0,2016.0,2030.0,1863.0,1776.0,1047.0,1276.0,1464.0,1549.0,1573.0,1616.0,1672.0,1661.0,307.0,241.0,635.0,914.0,942.0,1154.0,1076.0,1068.0,1087.0,974.0,458.0,393.0,664.0,973.0,942.0,1371.0,1192.0,1329.0,1233.0,1082.0,530.0,413.0,507.0,856.0,680.0,1163.0,1414.0,1590.0,1568.0,1391.0,1119.5,680.0,284.0,589.5,363.0,1051.0,2340.5,2762.5,2737.0,2641.5,1294.5,689.0,189.5,442.5,237.5,827.0,2513.5,3239.0,3364.0,3188.0,163.0,161.0,190.0,283.0,372.0,447.0,336.0,384.0,430.0,314.0,1363.0,676.0,199.0,446.0,228.0,776.0,2520.0,3405.0,3488.0,3459.0,1309.0,676.0,122.0,392.0,169.0,730.0,2658.0,3520.0,3683.0,3606.0,1380.0,681.0,157.0,456.0,222.0,855.0,2845.0,3927.0,3946.0,3945.0,1446.0,753.0,402.0,849.0,533.0,1464.0,3064.0,3783.0,3812.0,3885.0,1471.5,796.5,432.5,914.0,644.0,1585.5,2839.5,3290.0,3496.5,3417.5,1830.0,1085.5,483.0,951.5,932.0,1774.5,2661.5,2925.5,3164.0,3206.0,2297.5,1388.5,907.5,1370.5,1560.5,2172.0,2738.5,2976.0,3280.0,3342.0,2800.5,1841.0,949.0,1397.5,1756.0,2402.0,2840.0,3137.5,3380.0,3494.5,4121.0,2751.0,1272.5,1833.0,2537.0,3126.5,3410.5,3652.0,3988.0,4133.0,4506.0,3079.0,1467.0,2058.0,2913.0,3429.0,3611.0,3892.0,4055.0,4285.0,163.0,155.0,248.0,283.0,372.0,447.0,336.0,384.0,424.0,314.0,4344.0,3069.0,1247.0,1801.0,2523.0,2928.0,3099.0,3352.0,3416.0,3722.0,4081.0,2957.5,1134.5,1544.5,2146.5,2487.0,2631.0,2837.0,3061.0,3158.0,3495.5,2724.5,794.5,1059.0,1463.0,1683.0,1773.0,1913.5,2152.0,2169.0,405.0,332.0,389.0,492.0,685.0,847.0,742.0,801.0,894.0,751.0,117.0,100.0,99.0,148.0,209.0,255.0,192.0,228.0,239.0,149.0,0.0,0.0,0.0,0.0,0.0,0.0,0.0,0.0,0.0,0.0,123.0,113.0,93.0,182.0,265.0,341.0,227.0,260.0,262.0,181.0,151.0,126.0,181.0,220.0,340.0,493.0,467.0,503.0,571.0,504.0,2754.0,2003.0,780.0,1034.0,1317.0,1601.0,1675.0,1795.0,1954.0,2041.0,1238.0,882.0,756.0,841.0,911.0,1049.0,1155.0,1218.0,1299.0,1360.0,3384.0,2533.0,1108.0,1407.0,1792.0,2000.0,2107.0,2219.0,2484.0,2486.0,4093.0,3308.0,1500.0,1779.0,2132.0,2368.0,2505.0,2593.0,2911.0,2882.0,3976.0,3221.0,1434.5,1717.0,2084.0,2277.0,2398.0,2516.0,2766.0,2760.0,"{""type"":""MultiPoint"",""coordinates"":[]}"
898_0,3,187.0,162.5,220.5,283.5,329.0,440.5,264.0,325.0,347.0,230.0,1939.0,1620.5,684.5,867.5,1041.0,1158.5,1265.0,1358.5,1455.5,1424.5,1966.5,1696.0,712.0,914.0,1101.0,1187.0,1231.5,1307.5,1377.5,1378.0,2147.0,1855.5,861.0,1088.0,1282.0,1381.0,1436.5,1487.5,1555.5,1574.5,2051.0,1819.0,973.0,1222.0,1386.0,1492.0,1504.0,1544.0,1600.0,1593.0,761.0,661.0,835.0,993.0,1132.0,1193.0,1075.0,1137.0,1187.0,1091.0,290.0,224.0,642.0,935.0,923.0,1141.0,848.0,889.0,847.0,706.0,472.0,361.0,669.0,957.0,923.0,1275.0,1156.0,1250.0,1132.0,1078.0,531.0,422.0,524.0,766.0,653.0,1084.0,1100.0,1207.0,1174.0,950.0,720.0,467.5,346.0,565.5,401.0,1016.5,1842.5,2083.5,1965.0,1944.5,873.0,553.0,230.5,427.5,255.5,716.0,1956.5,2372.0,2288.5,2212.5,237.0,192.0,364.0,519.0,535.0,567.0,450.0,481.0,525.0,415.0,1341.0,674.0,198.0,384.0,213.0,637.0,2452.0,3502.0,3432.0,3554.0,1368.0,674.0,115.0,311.0,166.0,556.0,2649.0,3847.0,3865.0,3921.0,1392.0,674.0,137.0,379.0,173.0,649.0,2846.0,4364.0,4229.0,4501.0,1550.0,765.0,403.0,797.0,468.0,1302.0,3306.0,4349.0,4383.0,4504.0,1626.0,817.0,403.0,851.0,578.0,1495.0,3319.0,4107.0,4288.0,4283.0,1931.5,1071.5,490.5,1021.0,838.0,1853.0,3362.0,3858.5,4077.5,4219.0,2912.0,1916.5,1084.5,1542.0,1749.5,2319.0,3024.5,3365.5,3600.0,3743.0,3629.0,2623.5,1086.5,1493.5,2056.0,2475.5,2775.5,2981.5,3233.0,3353.5,3798.5,2650.0,1091.5,1508.5,2198.0,2584.0,2830.5,3030.5,3320.5,3418.5,3699.0,2562.0,1059.0,1456.0,2172.0,2541.0,2806.0,3045.0,3026.0,3377.0,165.0,149.0,537.0,747.0,724.0,731.0,436.0,459.0,421.0,296.0,3820.0,2833.0,1042.0,1480.0,2122.0,2438.0,2634.0,2764.0,2880.0,3133.0,3678.0,2805.5,999.5,1318.0,1822.0,2197.5,2291.0,2472.5,2633.5,2804.5,2979.0,2427.0,790.5,978.5,1310.0,1522.5,1610.5,1755.5,1914.5,1966.0,441.0,366.0,417.0,528.0,664.0,788.0,630.0,649.0,759.0,645.0,186.0,173.0,110.0,174.0,237.0,271.0,202.0,232.0,282.0,180.0,0.0,0.0,0.0,0.0,0.0,0.0,0.0,0.0,0.0,0.0,148.0,134.0,126.0,228.0,282.0,397.0,232.0,241.0,261.0,181.0,130.0,115.0,159.0,218.0,285.0,347.0,202.0,251.0,261.0,137.0,789.0,531.0,377.0,529.0,667.0,829.0,871.0,936.0,1077.0,1060.0,1028.0,685.0,538.0,610.0,787.0,999.0,1088.0,1117.0,1311.0,1339.0,2225.0,1502.0,693.0,944.0,1135.0,1374.0,1487.0,1627.0,1761.0,1786.0,3854.0,3046.0,1416.0,1757.0,2106.0,2350.0,2556.0,2642.0,2898.0,2856.0,4062.5,3295.0,1566.0,1907.5,2224.0,2533.0,2733.0,2869.5,3143.0,3088.5,"{""type"":""MultiPoint"",""coordinates"":[]}"
899_0,3,2961.0,2615.0,2035.5,2029.0,2135.0,2295.0,2398.0,2502.0,2594.5,2600.0,2495.0,2295.0,793.0,1082.0,1443.0,1607.0,1621.0,1727.0,1817.0,1815.0,2154.0,1968.0,681.0,912.0,1232.0,1370.0,1429.0,1435.0,1551.0,1590.0,529.0,525.0,545.5,725.5,800.0,994.0,788.5,810.0,739.0,710.5,218.5,202.5,398.5,562.5,578.5,712.5,533.5,582.0,551.5,454.0,600.0,468.5,443.0,642.5,684.0,894.0,966.5,1041.0,1027.5,1041.5,562.0,383.0,293.0,455.0,422.0,718.0,969.0,1063.0,1001.0,1013.0,779.0,594.0,293.0,531.0,435.0,843.0,1171.0,1283.0,1123.0,1099.0,1079.0,613.0,185.0,331.0,190.0,571.0,1693.0,2089.0,1950.0,1945.0,1171.5,601.5,49.0,213.0,28.0,421.5,2287.0,3373.5,3329.5,3388.5,1267.5,598.5,47.0,230.5,34.5,422.0,2469.5,3899.5,3980.0,3954.0,1955.0,1695.0,917.0,904.5,1000.0,1113.5,1152.5,1242.5,1342.0,1333.5,1337.0,626.0,56.0,243.5,35.5,473.5,2740.5,4288.0,4344.5,4409.0,1420.5,664.5,203.5,596.5,219.0,987.0,3336.5,4504.5,4672.0,4788.0,1524.0,758.0,492.0,900.0,610.0,1366.0,3426.0,4280.0,4325.0,4573.0,1667.0,927.0,751.0,1167.0,987.0,1844.0,3185.0,3714.0,3875.0,3967.0,1837.0,1062.0,644.0,1150.0,1077.0,1916.0,2875.0,3216.0,3544.0,3556.0,2357.0,1464.0,732.0,1206.0,1417.0,2215.0,2875.0,3149.0,3429.0,3511.0,4712.5,3407.5,1225.0,1669.0,2405.0,2838.0,3070.0,3365.5,3711.5,3849.5,4629.5,3406.0,1150.5,1604.5,2383.0,2698.5,2930.0,3200.0,3553.5,3593.5,4163.0,3071.0,1129.0,1578.0,2167.0,2519.0,2703.0,2991.0,3345.0,3426.0,3566.5,2672.5,1096.5,1456.5,1740.5,2041.0,2201.0,2394.5,2561.0,2724.5,1844.0,1539.0,548.0,677.0,937.0,1066.0,1177.0,1257.0,1367.0,1390.0,3571.5,2870.5,808.0,1079.5,1470.0,1739.0,1862.0,2019.0,2158.5,2326.0,1911.5,1805.0,689.0,744.5,868.0,971.5,1013.0,1065.5,1142.5,1184.0,2828.0,2842.0,707.0,785.0,1014.0,1150.0,1227.5,1323.5,1455.5,1526.0,2624.0,2620.0,678.0,775.0,982.0,1121.5,1202.5,1276.0,1393.0,1460.5,2025.0,1722.0,415.5,560.5,806.5,949.0,1011.5,1133.0,1283.5,1298.5,0.0,0.0,0.0,0.0,0.0,0.0,0.0,0.0,0.0,0.0,1392.0,1053.0,242.0,367.0,568.0,756.0,833.0,855.0,953.0,987.0,1756.0,1483.0,357.0,505.0,679.0,906.0,981.0,1101.0,1124.0,1225.0,2206.0,1848.0,524.0,733.0,963.0,1214.0,1362.0,1440.0,1571.0,1608.0,2349.0,1889.5,932.0,1113.0,1294.5,1557.0,1833.0,1973.5,2072.0,2102.0,2253.0,1904.0,770.0,949.0,1103.0,1367.0,1638.0,1775.0,1849.0,1910.0,2079.5,1903.5,542.0,742.0,1040.5,1154.0,1196.5,1270.5,1387.0,1413.0,2093.5,1941.5,626.5,860.0,1134.5,1257.5,1313.5,1389.5,1523.0,1489.5,"{""type"":""MultiPoint"",""coordinates"":[]}"
900_0,3,1635.0,1375.0,540.5,682.5,879.0,986.5,1029.0,1088.5,1144.5,1191.5,2363.5,2090.5,970.0,1230.5,1477.0,1579.5,1609.5,1685.0,1766.0,1747.5,2371.0,2089.0,850.0,1120.0,1358.0,1484.0,1520.5,1591.5,1667.5,1686.5,2274.5,2009.0,914.0,1195.5,1437.5,1523.5,1589.5,1597.0,1721.0,1711.0,299.0,255.0,849.0,1064.0,1140.0,1234.0,980.0,1007.0,1001.0,825.0,299.0,255.0,849.0,1064.0,1140.0,1234.0,998.0,1104.0,1083.0,990.0,289.0,214.0,626.0,923.0,992.0,1150.0,1001.0,1104.0,1083.0,920.0,499.0,322.0,623.0,903.0,898.0,1193.0,1239.0,1353.0,1330.0,1170.0,763.0,496.0,550.0,831.0,703.0,1112.0,1655.0,1773.0,1662.0,1532.0,877.5,531.0,260.5,529.5,343.5,903.5,1786.5,2134.5,2063.5,1918.5,1203.0,655.5,240.0,526.5,290.0,955.5,2533.0,3151.0,3164.0,3106.5,1875.0,1598.5,684.5,833.5,1029.0,1144.5,1176.5,1239.5,1300.0,1337.5,1428.0,744.0,257.0,518.0,361.0,920.0,2496.0,3186.0,3277.0,3284.0,1282.0,641.0,158.0,448.0,284.0,865.0,2419.0,3011.0,3126.0,3067.0,1228.0,621.0,158.0,408.0,220.0,770.0,2498.0,3214.0,3299.0,3340.0,1423.0,708.0,344.0,703.0,337.0,1118.0,3031.0,3640.0,3747.0,3734.0,1564.0,797.0,355.0,859.0,465.0,1413.0,3200.0,3738.0,4001.0,3933.0,1636.0,898.0,399.0,931.0,555.0,1666.5,3029.0,3370.5,3545.0,3602.0,1939.0,1053.0,747.0,1321.0,1195.0,2209.0,2939.0,3218.0,3479.0,3527.0,2215.5,1349.0,733.5,1359.5,1375.5,2337.5,2936.0,3254.0,3538.5,3487.0,3135.5,2149.0,974.0,1507.0,1952.5,2564.5,2941.5,3241.5,3595.0,3584.5,2911.0,2183.0,884.0,1180.0,1669.0,1993.0,2110.0,2294.0,2390.0,2557.0,1708.0,1447.0,471.0,663.0,913.0,1014.0,1038.0,1114.0,1197.0,1213.0,2894.0,2184.0,795.0,1126.0,1506.0,1717.0,1778.0,1940.0,2068.0,2147.0,2832.5,2202.0,817.0,1061.0,1444.0,1675.5,1779.5,1933.0,2031.0,2137.0,2487.5,2066.5,639.5,841.0,1114.5,1268.0,1313.0,1423.5,1547.5,1631.0,2576.0,2137.0,741.0,903.0,1175.0,1319.0,1378.0,1505.0,1584.0,1698.0,1989.0,1572.0,504.0,616.0,864.0,990.0,1043.0,1136.0,1298.0,1283.0,1002.0,873.0,764.0,772.0,799.0,864.0,914.0,968.0,977.0,1009.0,1662.0,1419.0,505.0,677.0,859.0,966.0,1010.0,1033.0,1111.0,1127.0,1617.0,1382.0,611.0,730.0,866.0,917.0,935.0,960.0,1118.0,1061.0,2057.0,1823.0,666.0,877.0,1098.0,1215.0,1266.0,1346.0,1366.0,1396.0,2253.0,2003.0,851.0,1045.0,1260.0,1358.0,1393.0,1469.0,1577.0,1551.0,1795.0,1528.0,526.0,637.0,854.0,935.0,956.0,996.0,1073.0,1102.0,1868.0,1638.0,661.0,780.0,976.0,1087.0,1101.0,1170.0,1217.0,1239.0,2092.0,1880.0,747.0,933.0,1153.0,1260.5,1299.5,1368.0,1458.0,1450.0,"{""type"":""MultiPoint"",""coordinates"":[]}"
901_0,3,2315.0,2048.5,1242.0,1283.0,1423.0,1583.5,1673.0,1750.0,1834.0,1886.0,2599.0,2404.0,768.0,1067.0,1396.0,1550.0,1615.0,1721.0,1817.0,1864.0,2298.0,2087.0,530.0,775.0,1096.0,1225.0,1319.0,1403.0,1516.0,1558.0,235.0,226.0,172.0,246.5,238.0,338.5,174.0,203.5,156.0,180.0,226.0,207.0,202.0,347.0,336.0,459.0,323.0,348.5,267.0,299.5,413.5,319.5,200.5,412.5,341.0,587.0,538.5,593.5,539.0,445.5,678.0,506.0,193.0,481.0,213.0,712.0,887.0,923.0,867.0,820.0,1020.0,596.0,193.0,481.0,213.0,773.0,1473.0,1763.0,1639.0,1663.0,1170.0,609.0,127.0,299.0,71.0,528.0,1911.0,2484.0,2522.0,2457.0,1255.0,628.5,69.5,232.5,26.0,483.5,2370.5,3479.5,3499.0,3503.0,1326.0,635.0,53.0,260.0,18.5,505.0,2628.0,3997.0,4080.0,4075.0,2349.0,2052.0,1236.0,1254.0,1383.5,1551.0,1648.0,1713.0,1747.0,1823.0,1469.0,717.0,75.0,326.5,74.5,645.0,3085.5,4474.5,4547.5,4666.0,1556.5,769.5,260.0,865.5,397.0,1513.0,3653.0,4532.5,4645.0,4748.5,1639.0,817.0,565.0,940.0,780.0,1569.0,3348.0,4091.0,4137.0,4313.0,1755.0,1000.0,768.0,1182.0,1139.0,1953.0,3058.0,3494.0,3689.0,3823.0,1884.0,1094.0,668.0,1151.0,1166.0,2000.0,2788.0,3087.0,3446.0,3482.0,4310.0,3067.0,1047.0,1501.0,2217.0,2611.0,2891.0,3195.0,3468.0,3581.0,4548.0,3368.0,1097.0,1493.5,2059.0,2402.0,2777.5,3086.0,3331.5,3499.5,4387.5,3325.5,1001.5,1380.5,2028.0,2351.0,2614.5,2896.5,3226.5,3290.5,4094.0,3056.0,968.0,1312.0,1906.0,2238.0,2446.0,2669.0,3001.0,3082.0,2995.5,2182.0,738.5,1043.5,1508.0,1794.5,1951.5,2196.5,2307.5,2504.5,2218.0,1848.0,609.0,783.0,1046.0,1230.0,1414.0,1491.0,1591.0,1698.0,3533.0,2783.0,841.0,1112.0,1506.5,1811.0,1976.5,2145.5,2287.0,2401.0,2553.0,2117.5,935.5,1080.5,1274.5,1469.5,1596.0,1734.5,1821.5,1831.0,2915.5,2502.0,669.0,881.0,1094.0,1347.5,1584.0,1716.5,1901.0,1900.0,3028.0,2601.5,765.0,946.5,1139.0,1412.5,1683.0,1827.0,1978.5,2005.5,2527.0,1760.0,541.0,754.0,913.0,1279.0,1562.0,1797.0,1916.0,1939.0,0.0,0.0,0.0,0.0,0.0,0.0,0.0,0.0,0.0,0.0,1472.0,1038.0,169.0,336.0,483.0,736.0,881.0,988.0,1125.0,1246.0,1494.0,1229.0,631.0,710.5,688.0,812.5,996.0,1024.5,1344.5,1110.5,2389.5,2002.0,517.5,753.5,902.0,1189.0,1421.5,1526.5,1671.5,1714.5,2507.5,2097.5,633.5,825.5,1025.0,1294.0,1507.5,1653.0,1790.0,1844.0,2266.0,2036.0,626.0,821.0,1061.0,1215.0,1374.0,1501.0,1593.0,1624.0,2083.5,1911.0,512.0,679.0,913.5,1056.5,1146.0,1247.0,1363.0,1379.0,2348.0,2226.5,616.0,869.5,1154.5,1283.5,1388.5,1498.5,1612.0,1638.0,"{""type"":""MultiPoint"",""coordinates"":[]}"
902_0,3,123.0,109.0,213.0,310.0,375.0,411.0,255.5,275.0,249.0,194.5,2091.0,1804.0,682.5,884.5,1094.0,1209.5,1244.0,1358.0,1436.5,1438.5,2396.0,2120.5,841.0,1069.5,1319.0,1446.0,1491.5,1584.0,1672.5,1684.5,2576.0,2306.0,1016.0,1270.5,1524.5,1646.0,1664.5,1762.0,1857.5,1867.5,2684.0,2419.0,1099.0,1357.0,1606.0,1753.0,1768.0,1868.0,1983.0,1977.0,752.0,774.0,983.0,1196.0,1347.0,1468.0,1309.0,1324.0,1102.0,1192.0,313.0,251.0,792.0,1038.0,1038.0,1258.0,1020.0,1034.0,1063.0,853.0,442.0,333.0,813.0,1156.0,1081.0,1480.0,1319.0,1430.0,1334.0,1177.0,631.0,541.0,572.0,934.0,749.0,1381.0,1471.0,1576.0,1399.0,1270.0,1196.0,711.5,321.5,700.5,480.0,1162.5,2207.5,2570.0,2383.5,2462.5,1015.0,570.0,201.0,448.0,258.5,771.0,1990.0,2498.0,2415.5,2269.0,309.5,268.5,372.0,502.0,571.0,641.5,518.0,544.5,546.0,472.5,1612.0,827.0,214.0,458.0,345.0,847.0,2740.0,3674.0,3964.0,4044.0,1503.0,787.0,171.0,416.0,316.0,847.0,2473.0,3311.0,3444.0,3497.0,1559.0,801.0,171.0,415.0,260.0,789.0,2659.0,3641.0,3732.0,3982.0,1568.0,800.0,367.0,739.0,466.0,1320.0,2865.0,3479.0,3616.0,3693.0,1537.0,824.0,367.0,783.0,567.0,1371.0,2640.0,3089.0,3443.0,3412.0,1745.5,1008.0,436.5,835.0,858.5,1563.5,2420.5,2790.5,3069.0,3139.0,2115.5,1257.0,816.5,1208.0,1443.0,1888.5,2432.0,2737.5,3032.0,3085.5,3816.5,2633.0,1039.5,1459.0,1982.5,2519.0,2832.0,3121.5,3511.0,3610.0,4263.0,2811.5,1348.5,1890.0,2712.0,3161.5,3454.5,3756.5,4263.5,4260.5,2983.0,2150.0,931.0,1241.0,1668.0,2008.0,1889.0,2118.0,2176.0,2318.0,192.0,160.0,347.0,440.0,506.0,581.0,451.0,493.0,494.0,400.0,2950.0,2150.0,931.0,1241.0,1668.0,1864.0,1889.0,2053.0,2176.0,2318.0,2784.5,2155.5,938.5,1188.0,1510.0,1734.0,1827.5,1953.0,1992.5,2022.5,2450.0,1898.0,728.0,918.5,1202.5,1336.5,1360.5,1523.0,1654.5,1665.0,326.0,262.0,364.0,505.0,586.0,678.0,562.0,559.0,543.0,500.0,162.0,104.0,193.0,260.0,343.0,392.0,283.0,309.0,281.0,239.0,724.0,747.0,679.0,649.0,682.0,724.0,729.0,765.0,687.0,755.0,142.0,111.0,223.0,366.0,454.0,521.0,355.0,409.0,365.0,297.0,823.0,511.0,441.0,561.0,699.0,848.0,867.0,931.0,1021.0,1052.0,2603.0,1904.0,825.0,1115.0,1375.0,1529.0,1630.0,1785.0,1900.0,1950.0,1752.0,1129.0,519.0,682.0,949.0,1088.0,1167.0,1223.0,1339.0,1458.0,2258.0,1609.5,687.0,890.0,1154.0,1323.0,1420.5,1528.5,1564.0,1679.0,3312.0,2613.0,1173.0,1425.5,1709.0,1918.0,2038.0,2097.5,2197.0,2299.0,2816.5,2338.0,1136.5,1355.5,1605.5,1685.0,1727.0,1855.5,2034.5,1980.0,"{""type"":""MultiPoint"",""coordinates"":[]}"
903_0,3,1857.5,1566.5,810.5,865.5,1021.0,1147.5,1199.5,1250.0,1348.5,1355.5,2704.0,2467.0,825.0,1166.0,1583.0,1724.0,1758.0,1849.0,1986.0,1978.0,2388.0,2163.0,601.0,899.0,1278.0,1410.0,1451.0,1552.0,1673.0,1688.0,254.0,246.5,340.0,479.5,493.5,565.5,322.0,371.0,334.0,231.5,270.0,255.5,344.5,507.0,500.5,612.5,367.0,405.0,367.5,301.0,378.5,317.5,297.5,519.0,469.0,730.0,731.0,827.5,783.5,725.5,740.0,595.0,238.0,502.0,349.0,853.0,1148.0,1253.0,1126.0,1091.0,1123.0,677.0,275.0,536.0,345.0,866.0,1906.0,2158.0,2245.0,2363.0,1362.0,704.0,149.0,384.0,129.0,635.0,2412.0,3207.0,2986.0,3072.0,1381.0,671.5,82.0,324.5,57.0,569.5,2714.5,3887.5,3787.0,3974.0,1302.5,629.5,82.5,341.5,60.0,569.5,2736.5,4047.5,3967.0,4095.5,2626.5,2252.0,1365.5,1506.5,1691.5,1867.0,1900.0,1934.5,1950.5,2054.0,1371.5,659.0,85.5,365.0,68.5,624.0,2939.0,4257.5,4317.0,4472.5,1502.0,730.0,238.0,825.5,331.0,1349.5,3587.0,4468.0,4586.5,4699.5,1592.0,815.0,521.0,941.0,687.0,1496.0,3462.0,4105.0,4141.0,4428.0,1736.0,974.0,742.0,1163.0,1073.0,1924.0,3122.0,3613.0,3713.0,3870.0,1947.0,1160.0,674.0,1185.0,1128.0,1987.0,2808.0,3098.0,3433.0,3432.0,3855.0,2569.0,953.0,1516.0,1726.0,2593.0,2991.0,3238.0,3589.0,3741.0,4545.5,3303.0,1259.5,1691.5,2335.0,2783.0,3094.0,3446.5,3712.0,3911.5,4301.0,3166.0,1083.0,1502.0,2195.0,2611.0,2906.0,3195.0,3454.0,3446.0,4020.0,2894.0,1115.0,1504.0,2195.0,2604.0,2834.0,3046.0,3299.0,3272.0,3353.0,2684.5,972.5,1298.5,1785.5,2183.0,2434.0,2676.5,2799.0,2880.5,2312.0,2056.0,593.0,774.0,1024.0,1184.0,1251.0,1349.0,1455.0,1490.0,3248.0,2602.0,676.5,939.0,1212.0,1543.5,1754.0,1938.5,2027.0,2183.0,3464.5,2984.0,1613.0,1728.5,1922.0,2181.0,2333.5,2450.5,2534.0,2607.5,2475.0,2057.5,587.0,754.0,898.0,1157.5,1403.0,1529.0,1688.5,1702.0,2741.5,2415.0,646.0,805.5,914.0,1213.0,1428.5,1569.5,1707.5,1749.0,2322.5,1842.5,430.5,629.5,788.0,1060.5,1294.5,1414.5,1581.0,1643.0,0.0,0.0,0.0,0.0,0.0,0.0,0.0,0.0,0.0,0.0,2005.0,1683.0,377.0,604.0,881.0,1034.0,1103.0,1184.0,1327.0,1347.0,2290.0,2458.0,916.0,937.0,1053.0,1468.0,2141.0,2686.0,1419.0,2891.0,2424.0,2092.0,580.0,809.0,1100.0,1307.0,1418.0,1534.0,1640.0,1707.0,2397.0,2048.0,709.5,874.0,1117.5,1307.0,1458.0,1566.5,1706.5,1730.5,2375.0,2134.0,741.0,924.0,1202.0,1375.0,1494.0,1588.0,1673.0,1725.0,2331.0,2127.5,639.5,865.0,1187.0,1327.0,1379.5,1474.5,1613.5,1621.0,2319.5,2145.0,653.5,914.5,1231.5,1360.5,1432.5,1530.0,1649.5,1649.5,"{""type"":""MultiPoint"",""coordinates"":[]}"
904_0,3,1881.5,1570.5,527.5,679.0,929.0,1044.0,1110.5,1175.5,1288.0,1310.0,2390.5,2046.0,891.0,1187.5,1465.5,1587.0,1643.5,1725.0,1821.5,1810.5,2417.5,2052.0,845.0,1123.0,1402.0,1539.5,1572.0,1644.5,1738.5,1750.5,2337.5,2029.0,810.5,1061.5,1329.0,1466.0,1502.0,1571.5,1642.5,1689.5,237.0,197.5,541.0,801.0,845.5,994.0,804.5,889.5,820.0,742.0,386.5,309.0,625.5,912.5,951.0,1208.5,1045.0,1108.0,1033.0,980.5,604.0,476.0,581.5,838.0,762.0,1172.0,1214.5,1326.0,1213.5,1131.5,1284.0,839.0,414.5,805.5,475.5,1159.0,2376.5,2654.0,2616.0,2515.0,1627.0,829.0,278.5,678.0,273.0,1086.5,3547.5,4349.5,4300.0,4446.5,1751.5,913.5,241.0,675.0,391.0,1255.0,3235.5,3950.0,4162.5,4398.0,1864.0,992.0,248.5,652.0,411.0,1214.0,3063.5,3748.5,3969.0,4174.5,2202.0,1827.5,610.0,849.0,1099.5,1268.0,1290.0,1380.0,1445.5,1592.5,1780.0,922.0,240.0,629.5,377.5,1144.0,3029.0,3725.0,3900.0,4112.0,1613.5,803.0,188.5,580.0,346.5,1047.0,2995.0,3738.0,3882.0,4057.0,1578.5,803.0,241.0,576.5,334.5,1020.0,3010.0,3692.0,3802.5,4055.0,1907.5,968.5,483.0,960.0,545.0,1614.0,3533.0,4105.5,4213.5,4391.5,1944.0,1013.0,458.5,1034.0,649.5,1713.5,3367.5,3847.5,4104.5,4170.0,2068.0,1180.0,497.0,1136.0,882.0,2114.0,3248.0,3531.0,3735.0,3912.0,2390.5,1379.5,819.5,1444.0,1401.5,2507.0,3272.5,3549.0,3848.5,4006.0,2671.5,1692.5,810.5,1404.5,1604.0,2596.5,3081.0,3350.5,3741.0,3849.5,3848.0,2566.0,1050.5,1538.0,2095.5,2698.5,2925.0,3267.0,3684.5,3818.0,2136.0,1618.5,667.5,942.0,1312.0,1568.5,1587.0,1717.5,1787.0,1914.0,2035.0,1695.0,495.0,730.0,1011.0,1135.0,1171.5,1268.0,1393.5,1406.5,2422.5,1912.5,749.0,1020.5,1391.0,1637.0,1673.5,1808.5,1807.5,1950.0,2218.5,1760.5,828.5,1036.0,1340.5,1506.0,1553.5,1653.0,1753.0,1812.0,2190.0,1788.5,674.5,878.0,1129.0,1284.0,1345.5,1456.0,1541.0,1594.0,2150.5,1741.0,736.0,948.0,1201.0,1359.5,1414.0,1530.5,1586.0,1633.5,1952.0,1587.5,555.5,701.5,950.0,1075.5,1155.5,1231.0,1371.5,1371.5,0.0,0.0,0.0,0.0,0.0,0.0,0.0,0.0,0.0,0.0,1769.5,1400.5,483.0,653.0,866.5,1002.0,1037.0,1117.5,1221.0,1248.0,2114.5,1768.5,822.0,970.5,1091.0,1216.5,1259.0,1309.5,1541.0,1414.5,2290.5,1927.5,706.5,939.5,1157.0,1318.0,1432.0,1514.0,1616.0,1612.0,2312.0,1924.0,702.5,909.0,1160.0,1299.0,1350.0,1469.0,1603.5,1587.0,2187.5,1779.0,708.0,866.5,1063.0,1203.0,1230.5,1345.5,1488.0,1471.5,2061.5,1767.5,590.0,802.5,1050.5,1157.5,1223.5,1320.0,1378.0,1436.5,2177.0,1902.5,738.5,986.0,1250.0,1358.0,1410.5,1468.0,1583.0,1579.0,"{""type"":""MultiPoint"",""coordinates"":[]}"
905_0,3,1936.5,1587.5,619.5,796.0,1075.5,1210.0,1235.5,1313.0,1423.5,1463.5,2515.5,2227.0,900.0,1184.0,1451.5,1573.0,1620.0,1700.5,1777.0,1803.0,2436.0,2104.0,798.5,1064.5,1337.0,1445.0,1461.5,1556.5,1642.0,1662.0,442.5,359.5,555.0,752.0,866.5,984.5,884.5,918.5,944.0,906.0,405.0,412.0,684.0,942.0,1022.0,1132.0,900.0,913.0,803.0,770.0,530.0,412.0,835.0,1059.0,1146.0,1317.0,1167.0,1218.0,1277.0,1225.0,432.0,326.0,525.0,786.0,823.0,1075.0,1256.0,1340.0,1317.0,1243.0,782.0,594.0,525.0,857.0,736.0,1226.0,1488.0,1577.0,1548.0,1515.0,725.0,524.0,358.0,655.0,556.0,1006.0,1293.0,1500.0,1409.0,1354.0,903.5,548.5,209.0,481.5,281.0,848.5,1759.5,2053.5,2057.0,2021.0,1276.0,694.5,185.5,426.0,238.5,830.0,2078.5,2632.5,2782.0,2813.0,2157.5,1819.5,744.0,945.0,1211.0,1363.0,1399.0,1476.5,1582.0,1584.5,1431.0,731.5,206.0,424.5,257.5,778.5,2463.0,3164.5,3172.0,3303.5,1444.0,740.0,89.0,390.0,145.0,751.0,2588.0,3292.0,3414.0,3447.0,1444.0,740.0,250.0,659.0,364.0,1183.0,2685.0,3441.0,3538.0,3701.0,1533.0,825.0,468.0,915.0,728.0,1663.0,2918.0,3356.0,3590.0,3633.0,1818.0,1068.0,535.0,1005.0,1088.0,1863.0,2679.0,3040.0,3412.0,3377.0,2130.0,1323.0,636.5,1089.5,1329.5,1927.5,2638.5,2983.5,3226.0,3350.0,3992.0,2789.0,1325.5,1759.0,2322.0,2675.5,2996.5,3259.5,3676.5,3733.0,3131.5,2335.5,1098.0,1386.5,1839.5,1997.0,2142.5,2352.0,2644.0,2549.5,2362.0,1931.0,671.0,912.0,1270.0,1394.0,1508.0,1552.0,1685.0,1775.0,1673.5,1327.0,476.5,649.5,879.0,988.5,1052.0,1095.0,1202.0,1231.0,2081.0,1753.0,656.0,867.5,1157.0,1284.5,1331.0,1401.0,1512.5,1512.5,1921.0,1571.0,548.0,741.0,987.0,1104.0,1182.0,1238.0,1297.0,1355.0,1772.0,1438.0,640.0,785.0,998.5,1096.0,1136.0,1202.5,1307.5,1303.0,1839.0,1602.5,437.0,613.5,851.5,961.0,1019.5,1063.0,1173.0,1176.5,1975.0,1790.5,565.5,738.5,948.0,1067.0,1084.5,1164.5,1219.0,1261.0,1575.0,1371.0,389.0,498.0,697.0,786.0,821.0,866.0,950.0,961.0,0.0,0.0,0.0,0.0,0.0,0.0,0.0,0.0,0.0,0.0,2150.0,1865.0,679.0,912.0,1158.0,1282.0,1309.0,1362.0,1480.0,1524.0,347.0,266.0,251.0,234.0,225.0,230.0,244.0,253.0,261.0,277.0,2418.0,2093.0,804.0,1027.0,1323.0,1461.0,1488.0,1559.0,1666.0,1659.0,2400.5,2074.0,853.0,1036.5,1309.0,1418.5,1428.5,1506.5,1620.0,1602.5,2030.0,1797.0,652.0,818.0,1024.0,1111.0,1174.0,1264.0,1306.0,1386.0,2030.0,1797.0,652.0,818.0,1024.0,1111.0,1174.0,1264.0,1306.0,1392.0,2145.5,1895.5,677.5,889.0,1105.0,1215.5,1256.5,1343.0,1434.5,1434.5,"{""type"":""MultiPoint"",""coordinates"":[]}"
906_0,3,1727.5,1421.5,561.0,726.0,975.5,1073.5,1105.5,1195.0,1258.0,1287.5,2548.0,2179.5,1037.0,1363.0,1667.5,1785.0,1840.0,1924.5,2022.0,2002.0,2466.0,2064.0,904.0,1225.5,1526.0,1654.5,1707.5,1785.5,1857.0,1846.5,523.5,502.5,544.0,814.0,871.5,1186.5,955.0,1013.5,1014.0,933.0,492.5,432.5,624.0,919.0,944.5,1234.0,1020.0,1047.5,1028.5,878.5,492.5,432.5,803.5,1010.5,999.5,1234.0,1020.0,1047.5,1073.5,880.0,639.0,401.0,461.0,700.0,599.5,1019.0,1391.0,1516.5,1498.0,1366.0,1045.0,677.5,492.0,769.0,521.0,1114.5,1752.0,2014.5,1872.5,1798.5,1378.0,777.5,427.0,736.5,540.5,1194.0,2522.0,3133.5,3005.0,2942.5,1392.5,752.0,301.0,584.0,394.5,1039.0,2593.0,3179.5,3078.5,3169.5,1452.5,756.5,260.5,514.0,346.0,884.0,2600.0,3491.0,3369.5,3497.0,1975.0,1630.5,616.5,852.5,1083.0,1268.5,1256.0,1312.5,1355.0,1444.0,1547.5,777.5,248.5,508.0,307.5,906.0,2930.0,3667.0,3640.5,4025.0,1577.5,782.5,254.0,648.5,341.5,1135.0,3291.5,4111.0,4098.5,4392.0,1653.5,836.0,372.0,792.0,492.0,1384.5,3458.5,4239.5,4137.0,4439.0,1868.5,992.5,550.0,1008.5,786.0,1839.0,3435.5,3907.0,4017.5,4262.5,2119.5,1193.0,609.5,1081.5,1057.5,2059.5,3172.5,3635.5,3932.0,4032.0,2590.0,1579.0,733.0,1190.0,1466.0,2247.0,3055.0,3384.0,3581.0,3869.0,4179.0,2934.5,1244.0,1695.0,2388.5,2813.0,3120.0,3470.0,3804.0,3890.5,4186.5,2896.0,1134.5,1559.5,2322.5,2776.5,3018.0,3296.5,3623.5,3795.0,3861.5,2801.0,1068.5,1487.0,2101.0,2468.0,2655.5,2853.5,3138.5,3449.0,2385.5,1887.0,731.5,1001.0,1392.5,1680.0,1703.5,1827.5,1910.0,2043.5,1866.0,1542.5,509.5,751.0,1011.0,1108.0,1173.5,1235.0,1321.5,1342.0,2440.0,1912.5,781.0,1055.5,1439.5,1689.5,1746.5,1858.5,1972.0,2074.0,2381.5,1845.0,897.5,1126.0,1458.5,1664.0,1713.5,1833.0,1924.5,1996.0,2074.5,1633.0,669.5,846.0,1131.0,1265.0,1347.5,1418.0,1586.5,1603.5,1878.5,1557.5,541.0,723.5,957.0,1111.5,1166.5,1236.5,1288.5,1333.5,860.5,584.0,272.0,428.5,556.5,634.5,691.5,723.5,781.5,797.0,0.0,0.0,0.0,0.0,0.0,0.0,0.0,0.0,0.0,0.0,1462.5,1116.5,415.5,604.5,797.0,910.0,941.5,1009.0,1103.0,1113.0,1763.0,1427.5,638.0,767.5,922.5,1029.5,1069.0,1110.5,1196.0,1213.5,2210.5,1837.0,777.0,1008.0,1240.5,1373.0,1430.0,1470.0,1574.0,1589.0,2172.0,1810.5,751.0,975.5,1205.0,1313.0,1325.0,1410.0,1504.0,1490.5,1962.5,1629.5,609.5,794.0,1002.0,1085.5,1074.0,1135.0,1241.5,1250.0,2024.0,1711.0,671.5,857.5,1100.5,1222.0,1260.0,1340.0,1421.0,1439.5,2368.5,2059.5,835.5,1064.0,1332.0,1462.5,1516.0,1627.0,1717.0,1704.0,"{""type"":""MultiPoint"",""coordinates"":[]}"
907_0,3,1766.0,1454.5,626.5,786.0,1033.5,1147.0,1165.5,1240.5,1344.0,1338.0,2425.5,2113.5,1046.5,1304.0,1544.0,1676.5,1697.0,1770.0,1866.0,1849.5,2426.0,2106.5,921.0,1191.0,1432.0,1560.5,1602.0,1678.0,1749.0,1757.5,2513.5,2185.5,981.0,1274.0,1520.5,1653.0,1686.0,1760.0,1826.0,1849.0,849.0,736.0,952.0,1230.0,1232.0,1399.0,1002.0,1031.0,965.0,970.0,290.0,274.0,722.0,1021.0,1125.0,1234.0,876.0,972.0,892.0,770.0,385.0,296.0,671.0,985.0,1004.0,1324.0,1114.0,1128.0,1079.0,914.0,586.0,503.0,641.0,985.0,945.0,1364.0,1261.0,1317.0,1297.0,1139.0,805.0,554.0,556.0,913.0,815.0,1347.0,1598.0,1741.0,1693.0,1668.0,812.0,516.0,326.5,569.0,431.5,937.0,1549.0,1760.0,1618.0,1575.0,1135.0,658.0,276.5,539.5,372.0,987.0,2277.5,2744.5,2665.5,2572.0,1958.0,1667.0,706.0,883.0,1143.0,1278.0,1268.0,1362.0,1402.0,1428.0,1460.0,786.0,279.0,581.0,400.0,1072.0,2629.0,3259.0,3202.0,3237.0,1294.0,663.0,172.0,494.0,306.0,940.0,2500.0,3080.0,3043.0,3036.0,1227.0,628.0,172.0,443.0,246.0,845.0,2538.0,3144.0,3048.0,3223.0,1331.0,671.0,352.0,680.0,337.0,1087.0,2855.0,3351.0,3483.0,3466.0,1556.0,808.0,370.0,922.0,489.0,1520.0,3225.0,3707.0,3805.0,3848.0,1661.5,910.5,444.0,1024.0,610.0,1718.5,3057.0,3395.5,3542.5,3560.5,2019.0,1159.0,797.0,1343.0,1387.0,2247.0,2807.0,3088.0,3321.0,3332.0,2311.5,1483.5,762.5,1307.5,1475.5,2271.0,2766.0,3015.5,3260.0,3293.5,2980.0,2050.5,944.5,1412.0,1852.0,2366.5,2731.5,2974.0,3309.5,3301.0,3188.0,2245.0,998.0,1384.0,1995.0,2431.0,2529.0,2775.0,2835.0,3085.0,1840.0,1543.0,538.0,761.0,1018.0,1157.0,1195.0,1264.0,1365.0,1340.0,3223.0,2352.0,866.0,1271.0,1803.0,2141.0,2269.0,2460.0,2503.0,2771.0,3102.0,2300.0,894.0,1166.0,1608.5,1911.5,2018.0,2181.5,2326.5,2458.0,2750.5,2163.5,658.0,849.5,1163.0,1370.5,1462.0,1622.0,1746.5,1830.5,2863.0,2354.0,754.0,888.0,1203.0,1432.0,1477.0,1670.0,1760.0,1868.0,2412.0,1692.0,535.0,663.0,952.0,1083.0,1208.0,1305.0,1482.0,1506.0,1065.0,1040.0,792.0,766.0,805.0,893.0,1051.0,1138.0,1025.0,1208.0,1695.0,1346.0,559.0,758.0,955.0,1034.0,1100.0,1124.0,1264.0,1253.0,1956.0,1667.0,704.0,867.0,1075.0,1174.0,1218.0,1278.0,1340.0,1348.0,2360.0,2039.0,860.0,1090.0,1330.0,1488.0,1560.0,1562.0,1677.0,1672.0,2048.0,1796.0,1022.0,1243.0,1473.0,1600.0,1636.0,1742.0,1882.0,1800.0,1934.0,1633.0,601.0,759.0,995.0,1109.0,1106.0,1195.0,1255.0,1283.0,1961.0,1680.0,723.0,865.0,1068.0,1166.0,1191.0,1264.0,1354.0,1333.0,2160.0,1895.5,804.0,1014.5,1238.0,1337.0,1379.0,1442.0,1549.5,1538.5,"{""type"":""MultiPoint"",""coordinates"":[]}"
908_0,3,1868.0,1547.0,550.0,713.5,950.0,1084.0,1096.0,1211.0,1289.0,1299.0,2452.0,2067.5,926.5,1246.0,1545.0,1688.0,1717.5,1782.0,1904.5,1882.0,2484.0,2080.0,890.0,1173.5,1497.5,1635.5,1653.5,1722.5,1826.5,1856.0,2408.0,2046.5,879.0,1160.5,1454.0,1587.0,1605.0,1694.0,1779.5,1805.0,206.5,170.0,527.5,755.5,814.0,985.5,793.5,877.5,831.0,741.5,195.5,170.0,517.5,763.0,810.5,1012.5,911.0,981.5,981.5,881.5,541.0,483.5,530.0,813.0,711.0,1209.5,1243.0,1293.0,1199.0,1140.0,1142.5,824.5,495.0,822.0,577.5,1209.5,2036.5,2226.0,2090.0,2025.0,1541.5,816.5,270.0,646.5,268.5,1091.5,3442.0,4137.0,4114.5,4103.5,1697.5,890.5,254.5,638.0,423.5,1238.5,3189.0,3870.5,4106.0,4247.0,1777.5,946.5,262.5,631.5,441.5,1200.0,2989.0,3681.5,3900.5,4062.0,2150.0,1813.5,617.5,849.0,1100.5,1216.0,1319.0,1387.0,1441.5,1507.5,1703.5,887.0,243.0,586.5,361.0,1114.0,2910.0,3554.5,3739.0,3949.5,1520.5,748.0,174.5,511.5,289.5,996.0,2879.0,3567.5,3751.0,3965.0,1479.5,742.5,222.0,579.5,306.0,1043.5,2973.0,3627.5,3659.5,3918.5,1862.0,957.0,475.0,999.5,545.0,1655.0,3535.0,4094.0,4216.0,4311.5,1906.5,1016.0,485.5,1072.0,669.0,1810.5,3390.0,3869.5,4131.5,4142.0,2045.0,1157.0,547.0,1220.0,948.0,2142.0,3336.0,3499.0,3840.0,3897.0,2352.5,1345.5,830.0,1490.5,1390.5,2559.0,3280.0,3596.0,3902.5,4045.0,2766.0,1701.5,868.5,1485.5,1747.0,2585.0,2992.5,3254.0,3593.5,3662.5,3779.0,2546.5,1040.0,1495.5,2023.5,2478.0,2732.0,2989.5,3349.0,3514.5,1975.5,1501.0,602.0,862.5,1207.5,1378.0,1427.5,1518.5,1620.0,1681.0,2057.0,1667.0,508.5,749.5,1026.0,1160.0,1205.0,1318.0,1429.0,1421.5,2122.5,1663.5,620.5,883.5,1226.0,1378.0,1437.5,1541.0,1635.5,1675.5,2301.0,1857.0,855.5,1060.0,1351.0,1493.0,1551.0,1645.5,1769.0,1775.0,2054.5,1708.0,644.5,830.0,1066.0,1184.0,1242.5,1319.0,1444.5,1467.0,2255.5,1900.0,753.5,914.0,1134.5,1279.0,1326.0,1410.0,1494.0,1600.5,1808.5,1491.0,519.0,646.5,868.5,973.0,1026.5,1119.0,1227.0,1237.0,0.0,0.0,0.0,0.0,0.0,0.0,0.0,0.0,0.0,0.0,1492.0,1103.5,425.5,590.5,792.5,904.5,940.0,1018.0,1119.5,1156.0,1852.5,1501.0,607.5,758.0,930.5,1076.5,1137.5,1188.0,1263.5,1278.0,2311.5,1898.0,795.0,1038.5,1246.5,1435.0,1502.0,1542.5,1660.0,1655.0,2303.5,1909.0,811.0,1002.5,1243.5,1378.5,1427.0,1510.5,1632.5,1643.5,2129.5,1741.0,782.0,915.5,1095.0,1225.5,1273.5,1335.5,1459.5,1471.5,2043.5,1725.5,668.0,836.0,1079.0,1168.5,1214.0,1334.5,1398.0,1403.0,2224.5,1952.0,774.0,1044.0,1330.0,1435.0,1475.0,1561.5,1658.0,1660.5,"{""type"":""MultiPoint"",""coordinates"":[]}"
909_0,3,2152.0,1755.0,644.5,795.0,1078.5,1184.5,1232.5,1285.0,1486.0,1471.0,2040.0,1767.0,680.5,869.0,1122.0,1236.5,1269.0,1328.0,1430.5,1451.5,2209.5,1945.0,780.5,999.5,1271.0,1406.0,1410.0,1486.5,1560.0,1593.0,2330.0,2057.0,819.5,1068.5,1359.0,1492.0,1528.0,1619.5,1675.5,1709.0,1234.0,1178.0,784.0,986.0,1180.0,1220.0,1242.0,1241.0,1390.0,1345.0,360.0,315.0,563.0,762.0,847.0,963.0,885.0,935.0,921.0,777.0,419.0,400.0,539.0,771.0,736.0,1041.0,1025.0,1079.0,1059.0,998.0,1002.0,683.0,501.0,722.0,588.0,1019.0,1595.0,1794.0,1714.0,1653.0,1461.0,748.0,353.0,693.0,336.0,932.0,2688.0,3349.0,3340.0,3103.0,1809.0,961.0,291.5,637.0,348.5,1075.5,3154.0,4036.0,4259.0,4186.0,1673.0,828.5,149.0,388.5,240.5,767.0,2912.5,4128.0,4323.5,4354.5,2408.0,1982.0,681.0,888.0,1175.0,1305.0,1345.0,1401.0,1532.0,1640.0,1684.0,841.0,200.0,412.0,269.0,754.0,2946.0,4228.0,4366.0,4551.0,1653.0,809.0,159.0,440.0,266.0,900.0,3177.0,4477.0,4752.0,4687.0,1679.0,821.0,278.0,694.0,419.0,1255.0,3487.0,4646.0,4813.0,4860.0,1847.0,977.0,478.0,947.0,684.0,1673.0,3659.0,4535.0,4842.0,4817.0,1932.5,1082.5,526.5,1046.0,838.0,1850.5,3530.0,4169.5,4665.0,4530.0,2296.0,1358.5,614.0,1218.0,1185.0,2156.0,3498.0,3989.0,4420.5,4463.0,2746.5,1637.5,929.0,1498.5,1648.0,2447.5,3551.0,3967.0,4492.0,4493.0,3928.5,2734.0,1149.5,1605.0,2220.5,2690.0,3364.0,3625.0,4107.5,4169.5,3723.5,2666.5,1161.5,1629.5,2363.0,2684.0,2871.5,3298.0,3750.5,3566.0,3251.0,2248.0,1174.0,1648.0,2388.0,2502.0,2802.0,2809.0,3367.0,3326.0,2316.5,1943.5,665.5,852.5,1166.0,1242.5,1292.0,1380.0,1571.0,1552.0,3234.5,2278.5,1083.5,1452.5,1998.0,2310.0,2557.5,2598.5,2865.5,2962.0,3237.5,2333.5,1471.0,1746.5,2212.0,2371.0,2533.5,2654.5,2997.5,2937.5,2749.5,2134.0,797.0,1025.0,1346.0,1458.0,1578.5,1704.0,1965.0,1939.0,2806.5,2187.5,805.0,998.0,1304.0,1451.5,1595.0,1650.0,1847.5,1911.0,1791.0,1439.0,553.0,680.0,942.0,1049.0,1054.0,1189.0,1313.0,1275.0,0.0,0.0,0.0,0.0,0.0,0.0,0.0,0.0,0.0,0.0,2109.0,1804.0,585.0,767.0,1005.0,1111.0,1108.0,1176.0,1317.0,1316.0,2068.0,1794.0,654.0,750.0,966.0,1041.0,1042.0,1093.0,1224.0,1210.0,2249.5,1922.5,695.0,875.5,1125.5,1228.0,1237.0,1333.5,1447.0,1451.5,2319.0,1941.0,673.0,800.0,1063.0,1148.0,1095.0,1169.0,1325.0,1337.0,2375.5,1963.0,750.5,844.5,1105.0,1182.5,1175.5,1243.5,1399.5,1409.0,2456.0,2125.0,790.0,955.0,1183.0,1280.0,1372.0,1414.0,1566.0,1582.0,2116.0,1804.0,667.0,873.0,1118.0,1242.0,1279.0,1361.0,1451.0,1526.0,"{""type"":""MultiPoint"",""coordinates"":[]}"
910_0,3,1690.0,1394.0,548.5,688.5,912.5,1014.0,1063.5,1109.5,1200.0,1237.0,2271.0,1970.0,847.0,1121.5,1357.5,1477.5,1535.5,1602.5,1680.5,1671.0,2334.5,2047.0,866.0,1144.0,1387.5,1505.0,1549.0,1607.0,1689.5,1702.0,2252.0,2000.0,864.0,1112.5,1345.5,1460.0,1488.0,1559.5,1613.5,1630.5,350.0,335.0,1001.0,1240.0,1266.0,1429.0,1039.0,1061.0,1053.0,824.0,350.0,335.0,1001.0,1240.0,1266.0,1429.0,1194.0,1300.0,1265.0,1097.0,335.0,261.0,717.0,1010.0,1034.0,1354.0,1194.0,1300.0,1223.0,1081.0,696.0,620.0,657.0,1001.0,948.0,1525.0,1370.0,1562.0,1416.0,1247.0,637.0,466.0,594.0,848.0,738.0,1255.0,1567.0,1733.0,1587.0,1524.0,798.0,488.5,284.0,556.5,426.5,975.0,1678.0,1877.5,1713.0,1670.5,1188.5,691.5,247.5,504.0,287.0,925.5,2365.5,2833.0,2714.0,2682.5,1861.0,1587.0,635.0,856.0,1053.0,1185.0,1206.0,1236.0,1301.0,1346.0,1299.0,677.0,216.0,508.0,256.0,913.0,2413.0,2933.0,2721.0,2698.0,1260.0,623.0,80.0,366.0,149.0,716.0,2540.0,3436.0,3287.0,3251.0,1244.0,609.0,84.0,338.0,118.0,662.0,2732.0,3669.0,3609.0,3674.0,1491.0,750.0,283.0,646.0,286.0,1060.0,3325.0,4174.0,4202.0,4256.0,1603.0,798.5,345.5,832.0,388.0,1358.0,3527.0,4288.5,4573.5,4477.0,1623.5,874.5,375.5,884.0,484.5,1560.0,3255.5,3724.5,3877.0,3891.5,1918.0,1043.0,803.0,1405.0,1110.0,2258.0,3258.0,3663.0,3796.0,3870.0,2458.5,1560.0,1012.5,1686.0,2025.0,2864.5,3525.5,3889.5,4210.5,4172.0,3574.0,2499.0,1161.0,1688.0,2322.5,2742.0,3033.5,3226.0,3589.5,3631.0,2955.0,2214.0,859.0,1219.0,1741.0,2048.0,2100.0,2315.0,2421.0,2518.0,1764.0,1482.0,453.0,683.0,905.0,1053.0,1103.0,1146.0,1249.0,1235.0,2838.0,2214.0,779.0,1097.0,1519.0,1794.0,1828.0,2044.0,2157.0,2226.0,2473.5,1948.0,808.0,1035.0,1396.0,1554.5,1632.5,1782.5,1899.5,1954.0,2458.5,1957.5,670.0,879.0,1154.0,1320.0,1381.5,1487.0,1609.5,1686.0,2560.0,2105.0,778.0,920.0,1188.0,1361.0,1419.0,1525.0,1623.0,1720.0,2175.0,1515.0,561.0,690.0,965.0,1081.0,1163.0,1269.0,1441.0,1434.0,0.0,0.0,0.0,0.0,0.0,0.0,0.0,0.0,0.0,0.0,1561.0,1251.0,507.0,701.0,863.0,949.0,995.0,1055.0,1167.0,1144.0,1993.0,1756.0,781.0,935.0,1114.0,1212.0,1307.0,1395.0,1358.0,1517.0,2227.0,1910.0,781.0,1043.0,1255.0,1345.0,1419.0,1495.0,1617.0,1632.0,2397.0,2095.0,968.0,1188.0,1419.0,1525.0,1547.0,1657.0,1812.0,1755.0,1878.0,1587.0,600.0,724.0,956.0,1032.0,1060.0,1116.0,1198.0,1233.0,2036.0,1743.0,705.0,908.0,1119.0,1244.0,1292.0,1348.0,1407.0,1451.0,2087.0,1791.0,766.5,967.0,1180.0,1274.0,1326.5,1393.5,1501.5,1481.0,"{""type"":""MultiPoint"",""coordinates"":[]}"
911_0,3,750.0,768.0,201.0,215.0,257.0,293.0,292.0,312.0,339.0,359.0,865.5,782.0,226.5,237.5,272.0,294.0,303.0,339.0,369.0,390.0,1116.0,1128.0,359.0,373.0,419.0,439.0,467.0,510.0,525.0,558.0,1213.0,1230.0,425.0,439.0,464.0,501.0,498.0,549.0,559.0,589.0,1003.5,968.0,436.5,407.5,403.0,406.0,398.0,426.5,448.0,482.0,1183.0,1145.0,390.0,392.5,421.5,443.5,458.0,480.5,515.0,543.5,2145.0,1833.5,1037.0,1071.0,1188.5,1355.0,1519.5,1648.0,1594.5,1809.5,1377.5,1349.5,415.5,455.0,490.0,580.5,629.5,666.0,695.0,728.0,1358.5,1271.0,477.5,537.0,525.0,657.5,951.5,1022.5,1025.0,1076.5,1213.0,1022.0,339.0,508.0,399.0,716.0,1653.0,1748.0,1753.0,1817.0,994.0,784.0,209.0,391.0,216.0,616.0,1785.0,2108.0,2031.0,2078.0,897.0,894.5,246.0,270.5,313.0,352.5,362.5,385.5,405.5,421.5,992.0,690.0,278.0,492.0,270.0,758.0,2343.0,2930.0,2890.0,2887.0,1066.0,677.5,757.0,895.0,702.5,1132.5,2576.5,3095.5,3230.0,3206.5,953.5,586.5,315.0,524.0,337.5,860.0,2757.0,3330.0,3348.5,3387.5,1395.5,997.0,716.5,893.5,730.0,1204.5,2863.5,3446.5,3551.0,3535.0,1020.0,606.0,392.0,634.0,415.0,971.0,2890.0,3569.0,3723.0,3648.0,1394.0,819.0,512.5,845.0,699.0,1406.0,3106.5,3554.0,3798.5,3853.0,2116.5,1310.5,827.0,1193.5,1303.5,1878.0,3174.0,3613.5,3822.0,3976.5,2398.0,1487.0,698.0,1067.0,1316.0,1768.0,2955.0,3410.0,3667.0,3718.0,2550.5,1868.5,790.0,1073.0,1523.5,1782.0,1972.0,2167.0,2438.0,2456.0,2254.5,1701.5,745.5,984.5,1362.0,1625.0,1720.0,1876.5,1910.5,2107.0,726.0,662.0,160.0,177.0,208.0,239.0,249.0,271.0,293.0,288.0,858.0,804.0,175.0,226.0,306.0,329.0,358.0,406.0,470.0,489.0,724.0,689.0,214.0,210.0,251.0,292.0,287.0,327.0,346.0,378.0,737.5,734.5,142.5,178.5,227.0,253.0,277.0,294.5,324.5,337.5,839.0,852.0,217.0,228.0,265.0,305.0,314.0,342.0,339.0,385.0,567.0,543.0,110.5,124.5,168.0,184.5,196.5,210.0,233.0,229.0,0.0,0.0,0.0,0.0,0.0,0.0,0.0,0.0,0.0,0.0,605.0,610.0,158.0,159.0,190.0,207.0,204.0,223.0,254.0,237.0,0.0,0.0,0.0,0.0,0.0,0.0,0.0,0.0,0.0,0.0,1055.0,1052.0,232.0,299.0,359.0,395.0,411.0,451.0,483.0,500.0,1052.0,1038.0,292.0,312.0,356.0,408.0,428.0,470.0,481.0,528.0,687.0,681.0,196.0,196.0,225.0,223.0,207.0,209.0,236.0,274.0,1075.0,1092.0,328.0,380.0,408.0,423.0,451.0,496.0,528.0,538.0,1162.0,1145.5,402.5,418.0,455.0,475.0,518.0,550.5,575.0,616.5,"{""type"":""MultiPoint"",""coordinates"":[]}"
912_0,3,1673.0,1395.5,580.0,704.0,918.5,1014.5,1071.5,1109.0,1189.5,1230.5,2458.5,2165.5,1033.0,1319.5,1562.5,1689.0,1717.0,1781.5,1903.0,1860.0,2446.0,2147.0,912.0,1186.0,1440.5,1570.0,1585.5,1678.5,1735.0,1764.0,2335.0,2055.0,869.0,1144.5,1381.5,1498.5,1509.0,1606.0,1655.5,1679.5,353.0,389.0,654.0,948.0,1010.0,1204.0,936.0,1010.0,900.0,758.0,397.0,389.0,884.0,1135.0,1210.0,1391.0,1025.0,1132.0,1095.0,938.0,341.0,275.0,707.0,995.0,1034.0,1248.0,1053.0,1132.0,1138.0,938.0,382.0,293.0,707.0,994.0,1043.0,1356.0,1185.0,1275.0,1138.0,979.0,560.0,392.0,549.0,835.0,773.0,1075.0,1138.0,1243.0,1199.0,997.0,562.5,377.0,283.5,526.5,451.0,801.5,1060.0,1224.0,1184.0,1065.5,839.5,515.5,252.5,474.5,322.0,811.0,1705.0,1989.5,2061.5,1870.5,1907.5,1624.0,688.0,848.0,1072.0,1185.0,1219.0,1281.5,1351.5,1395.0,1046.0,599.0,232.0,476.0,318.0,838.0,1998.0,2551.0,2507.0,2422.0,1002.0,529.0,155.0,403.0,236.0,750.0,1880.0,2526.0,2507.0,2234.0,996.0,539.0,155.0,409.0,207.0,741.0,2290.0,2904.0,2885.0,2790.0,1262.0,666.0,342.0,700.0,371.0,1127.0,2862.0,3384.0,3492.0,3416.0,1434.0,747.0,365.0,835.0,492.0,1399.0,2950.0,3478.0,3718.0,3547.0,1545.5,847.0,392.0,886.0,528.0,1497.0,2953.5,3267.5,3477.0,3417.0,2127.0,1154.0,723.0,1288.0,1194.0,2129.0,3028.0,3308.0,3515.0,3592.0,2307.0,1451.5,714.5,1287.5,1305.0,2202.5,2910.0,3172.5,3514.5,3543.5,3086.0,2128.0,942.5,1421.5,1800.0,2377.0,2812.5,3100.0,3471.5,3520.0,2606.0,1718.0,845.0,1174.0,1654.0,1904.0,2099.0,2208.0,2453.0,2576.0,1742.0,1465.0,488.0,704.0,945.0,1051.0,1099.0,1130.0,1240.0,1277.0,3304.0,2572.0,872.0,1203.0,1690.0,1904.0,2099.0,2208.0,2484.0,2576.0,3187.5,2450.5,950.0,1224.0,1655.0,1870.5,1999.5,2145.0,2425.5,2428.0,2943.5,2363.5,788.0,1019.5,1387.0,1567.5,1642.5,1764.0,2056.5,2054.0,2613.0,2141.0,884.0,1075.0,1326.0,1489.0,1597.0,1670.0,1891.0,1921.0,1998.0,1529.0,520.0,642.0,895.0,1004.0,1090.0,1171.0,1342.0,1327.0,1031.0,951.0,875.0,807.0,811.0,856.0,956.0,1021.0,1031.0,1065.0,1710.0,1441.0,539.0,735.0,940.0,1035.0,1034.0,1103.0,1194.0,1172.0,1476.0,1308.0,593.0,680.0,806.0,892.0,927.0,989.0,956.0,1097.0,2303.0,2020.0,800.0,1052.0,1303.0,1426.0,1461.0,1514.0,1603.0,1616.0,2475.0,2228.0,1012.0,1228.0,1461.0,1576.0,1579.0,1655.0,1818.0,1781.0,1894.0,1631.0,598.0,728.0,955.0,1058.0,1040.0,1096.0,1175.0,1193.0,1901.0,1631.0,680.0,822.0,1007.0,1080.0,1138.0,1199.0,1285.0,1308.0,2160.5,1903.0,768.0,975.5,1196.0,1314.5,1348.5,1419.0,1518.0,1523.0,"{""type"":""MultiPoint"",""coordinates"":[]}"
913_0,3,187.0,160.5,182.5,239.5,356.5,388.0,313.5,343.0,371.5,321.5,2073.0,1726.0,675.0,873.0,1068.0,1180.5,1299.0,1381.0,1506.5,1487.0,2102.5,1817.5,734.0,933.5,1146.5,1258.0,1297.5,1387.5,1459.5,1476.5,2260.0,1972.0,885.5,1116.5,1330.0,1425.5,1473.5,1563.5,1614.0,1635.5,2085.0,1861.0,1005.0,1250.0,1385.0,1492.0,1486.0,1542.0,1590.0,1594.0,418.0,374.0,1005.0,1250.0,1319.0,1346.0,964.0,1033.0,1011.0,814.0,254.0,205.0,623.0,940.0,933.0,1091.0,772.0,829.0,777.0,597.0,434.0,354.0,743.0,1101.0,1025.0,1356.0,1060.0,1153.0,1084.0,968.0,513.0,409.0,490.0,813.0,622.0,1052.0,1232.0,1340.0,1362.0,1196.0,777.0,512.5,298.5,529.5,344.5,986.5,1904.0,2307.5,2246.0,2082.5,821.5,515.0,207.0,413.0,237.0,692.5,1898.0,2370.5,2208.5,2130.5,260.0,200.0,306.0,402.0,520.0,570.0,423.0,437.0,456.0,420.0,1344.0,668.0,176.0,372.0,194.0,661.0,2397.0,3273.0,3252.0,3406.0,1425.0,710.0,103.0,321.0,173.0,624.0,2594.0,3672.0,3714.0,3840.0,1457.0,710.0,136.0,398.0,180.0,724.0,2785.0,4015.0,3994.0,4197.0,1592.0,772.0,379.0,765.0,460.0,1309.0,3408.0,4233.0,4354.0,4423.0,1616.0,821.0,379.0,835.0,574.0,1516.0,3397.0,3992.0,4312.0,4253.0,1889.0,1066.0,471.0,972.5,814.0,1832.5,3285.0,3801.5,4025.0,4183.5,2418.0,1482.0,1022.0,1381.0,1465.0,2284.0,3095.0,3490.0,3710.0,3777.0,3423.5,2454.0,990.5,1379.0,1861.0,2319.0,2658.0,2853.0,3136.0,3307.5,3523.0,2503.5,981.5,1387.0,1902.5,2333.5,2607.0,2810.5,3125.0,3254.0,3458.0,2490.0,924.0,1303.0,1878.0,2297.0,2476.0,2754.0,2827.0,3098.0,219.0,196.0,306.0,340.0,439.0,488.0,414.0,431.0,456.0,334.0,3458.0,2597.0,900.0,1265.0,1781.0,2132.0,2222.0,2461.0,2509.0,2769.0,3337.5,2513.5,886.0,1180.0,1616.0,1934.5,2064.0,2256.0,2417.0,2533.5,2901.0,2287.5,660.0,856.0,1181.5,1387.0,1519.5,1673.5,1810.0,1878.0,407.0,297.0,453.0,559.0,682.0,728.0,553.0,541.0,613.0,545.0,178.0,149.0,154.0,202.0,230.0,297.0,203.0,236.0,248.0,171.0,0.0,0.0,0.0,0.0,0.0,0.0,0.0,0.0,0.0,0.0,175.0,162.0,128.0,202.0,270.0,367.0,250.0,287.0,283.0,255.0,189.0,162.0,175.0,223.0,299.0,367.0,256.0,287.0,294.0,255.0,708.0,498.0,320.0,454.0,575.0,735.0,776.0,868.0,927.0,996.0,897.0,523.0,367.0,480.0,657.0,862.0,827.0,1039.0,1082.0,1113.0,2109.0,1394.0,666.0,906.0,1098.0,1347.0,1480.0,1535.0,1720.0,1724.0,4096.0,3207.0,1323.0,1635.0,2002.0,2370.0,2485.0,2534.0,2749.0,2911.0,4302.5,3453.0,1570.0,1862.0,2201.0,2517.0,2676.0,2818.5,3036.0,3055.0,"{""type"":""MultiPoint"",""coordinates"":[]}"
914_0,3,129.5,133.0,156.5,202.5,303.5,401.0,277.0,314.0,314.0,233.5,2133.0,1776.0,706.5,906.5,1125.5,1230.0,1296.5,1396.0,1502.0,1493.0,2200.5,1876.0,786.0,1012.0,1222.0,1347.0,1402.5,1477.0,1568.5,1598.0,2370.5,2091.0,999.0,1267.0,1491.5,1588.0,1643.5,1719.0,1771.0,1811.0,2536.0,2228.0,1285.0,1529.0,1747.0,1839.0,1878.0,1945.0,2039.0,2006.0,1907.0,1799.0,1079.0,1303.0,1474.0,1561.0,1567.0,1636.0,1682.0,1676.0,279.0,209.0,638.0,895.0,944.0,1104.0,1046.0,1108.0,1111.0,983.0,459.0,404.0,658.0,981.0,944.0,1390.0,1218.0,1317.0,1237.0,1108.0,506.0,391.0,566.0,884.0,745.0,1205.0,1449.0,1606.0,1537.0,1360.0,1112.5,665.0,295.0,624.5,408.0,1070.0,2323.0,2726.5,2695.0,2599.5,1256.0,671.5,208.0,463.5,288.0,896.0,2467.5,3122.5,3134.0,3144.5,162.0,155.0,204.0,279.0,380.0,436.0,343.0,401.0,439.0,337.0,1317.0,654.0,197.0,433.0,240.0,777.0,2491.0,3325.0,3297.0,3338.0,1308.0,648.0,101.0,375.0,141.0,697.0,2585.0,3329.0,3422.0,3452.0,1363.0,658.0,153.0,446.0,214.0,836.0,2864.0,3744.0,3689.0,3873.0,1456.0,740.0,406.0,803.0,507.0,1426.0,3087.0,3635.0,3661.0,3734.0,1465.0,779.0,409.0,865.0,640.0,1532.0,2786.0,3175.0,3408.0,3345.0,1830.5,1074.0,479.0,929.0,954.5,1763.5,2624.0,2892.5,3114.0,3227.0,2289.0,1375.0,901.0,1350.0,1575.0,2199.0,2760.5,3039.0,3219.5,3328.0,2781.0,1818.5,904.5,1355.5,1716.5,2342.0,2818.0,3086.0,3272.5,3475.0,4187.5,2767.5,1302.0,1862.0,2596.0,3199.0,3443.0,3720.5,4041.5,4156.0,4542.0,3075.0,1471.0,2039.0,2931.0,3476.0,3602.0,3897.0,4072.0,4238.0,162.0,155.0,227.0,270.0,380.0,436.0,343.0,401.0,424.0,317.0,4403.0,3075.0,1299.0,1814.0,2567.0,3024.0,3142.0,3339.0,3450.0,3772.0,4091.5,2944.0,1148.5,1532.5,2136.0,2486.0,2655.0,2856.0,3073.0,3200.0,3525.0,2713.5,791.5,1053.5,1454.5,1663.0,1791.5,1952.0,2131.5,2150.0,414.0,343.0,369.0,493.0,690.0,842.0,745.0,807.0,934.0,810.0,109.0,104.0,111.0,134.0,186.0,253.0,199.0,207.0,218.0,162.0,0.0,0.0,0.0,0.0,0.0,0.0,0.0,0.0,0.0,0.0,100.0,104.0,95.0,170.0,254.0,342.0,234.0,267.0,255.0,196.0,135.0,104.0,170.0,241.0,365.0,466.0,450.0,535.0,614.0,570.0,2869.0,2097.0,861.0,1147.0,1496.0,1759.0,1871.0,1930.0,2165.0,2163.0,1311.0,823.0,636.0,697.0,867.0,1037.0,1105.0,1245.0,1462.0,1487.0,3441.0,2621.0,1161.0,1439.0,1851.0,2049.0,2167.0,2306.0,2562.0,2597.0,4203.0,3415.0,1487.0,1816.0,2189.0,2468.0,2581.0,2754.0,2980.0,3015.0,4125.0,3329.5,1467.0,1732.0,2126.5,2336.0,2465.0,2625.5,2881.5,2926.5,"{""type"":""MultiPoint"",""coordinates"":[]}"
915_0,3,1822.0,1497.0,580.0,703.0,941.0,1052.0,1087.0,1158.5,1266.5,1297.0,2023.0,1729.5,745.5,949.0,1173.5,1272.0,1300.0,1382.5,1475.0,1474.0,2196.0,1912.5,902.0,1120.0,1362.5,1464.5,1466.0,1531.0,1613.5,1618.0,2460.5,2158.5,1044.5,1293.5,1569.0,1688.5,1703.0,1782.5,1872.5,1871.0,1306.0,1198.0,884.0,1090.0,1320.0,1412.0,1440.0,1505.0,1588.0,1586.0,359.0,318.0,676.0,927.0,879.0,1124.0,872.0,881.0,840.0,741.0,364.0,291.0,636.0,863.0,852.0,1048.0,955.0,1048.0,995.0,878.0,397.0,291.0,503.0,775.0,774.0,995.0,937.0,1032.0,935.0,890.0,470.0,356.0,461.0,697.0,625.0,910.0,1061.0,1109.0,1012.0,978.0,1071.5,628.0,281.0,528.5,334.5,913.5,1915.5,2296.5,2062.5,2040.0,1425.5,742.0,193.5,426.0,168.0,787.5,2642.0,3422.0,3321.5,3318.0,2011.0,1673.0,669.0,813.0,1043.0,1158.0,1190.0,1251.0,1335.0,1405.0,1581.0,769.0,189.0,420.0,150.0,752.0,3064.0,4093.0,3979.0,4100.0,1564.0,761.0,88.0,396.0,153.0,785.0,3132.0,4263.0,4291.0,4385.0,1638.0,781.0,153.0,465.0,249.0,942.0,3224.0,4465.0,4509.0,4713.0,1681.0,853.0,406.0,832.0,542.0,1533.0,3405.0,4103.0,4268.0,4341.0,1745.0,940.5,431.0,919.5,637.5,1630.0,3157.0,3733.0,4043.5,3996.0,1952.5,1137.5,493.0,981.5,964.0,1834.0,2985.5,3369.0,3651.0,3749.0,2412.5,1453.5,768.0,1252.5,1461.0,2214.5,2958.0,3301.0,3628.5,3698.5,2826.0,1843.0,912.5,1382.5,1786.5,2467.0,2948.0,3235.0,3618.0,3677.0,3945.0,2723.0,1115.0,1524.0,2085.0,2580.0,2860.0,3193.0,3506.0,3586.0,3870.0,2591.0,973.0,1370.5,2105.5,2545.5,2824.5,3063.0,3189.5,3490.5,1974.0,1668.0,627.5,769.5,1012.5,1118.5,1134.5,1250.0,1360.0,1373.0,3441.5,2439.0,826.0,1165.0,1739.0,2100.0,2259.5,2460.0,2708.0,2806.0,3383.0,2395.5,895.0,1187.0,1716.5,2045.5,2193.5,2396.0,2593.5,2703.5,3010.5,2313.5,685.5,884.5,1209.0,1479.0,1550.5,1707.0,1861.0,1982.5,3026.5,2304.0,713.0,874.5,1191.5,1421.0,1560.5,1669.5,1772.0,1935.5,1591.0,1307.0,453.0,541.0,784.0,854.0,915.0,974.0,1079.0,1063.0,0.0,0.0,0.0,0.0,0.0,0.0,0.0,0.0,0.0,0.0,1471.0,1132.0,451.0,599.0,767.0,865.0,896.0,978.0,1063.0,1066.0,1699.0,1399.0,601.0,680.0,835.0,973.0,981.0,1032.0,1098.0,1147.0,2254.0,1885.0,827.0,1043.0,1221.0,1375.0,1371.0,1452.0,1588.0,1577.0,2191.5,1834.0,826.5,963.0,1180.0,1297.0,1326.5,1375.0,1470.5,1509.5,1758.5,1482.0,562.5,685.0,877.5,972.5,952.5,1002.0,1116.5,1130.0,2145.0,1849.5,825.0,957.0,1143.0,1235.0,1337.0,1429.0,1549.5,1551.5,2115.5,1790.0,825.5,984.0,1149.5,1272.5,1337.5,1476.0,1585.5,1569.0,"{""type"":""MultiPoint"",""coordinates"":[]}"
916_0,3,3205.0,2451.0,871.5,990.0,1334.5,1524.5,1605.5,1783.5,1987.5,2100.5,2281.0,2128.0,645.0,877.0,1188.0,1306.0,1334.0,1448.0,1550.0,1554.0,2340.0,2237.0,735.0,937.0,1222.0,1378.0,1395.0,1480.0,1554.0,1601.0,2326.5,2208.5,731.5,974.0,1277.5,1405.5,1437.0,1532.0,1611.5,1653.5,533.0,469.0,444.0,562.0,723.0,820.0,777.0,818.0,795.0,686.0,533.0,469.0,783.0,862.0,911.0,994.0,777.0,818.0,795.0,686.0,550.0,430.0,305.0,630.0,374.0,960.0,1027.0,1111.0,1033.0,1026.0,1290.0,785.0,308.0,708.0,421.0,1156.0,2071.0,2402.0,2100.0,2151.0,1165.0,647.0,243.0,513.0,282.0,783.0,1902.0,2142.0,2100.0,2150.0,1282.0,644.0,96.0,364.0,88.5,678.5,2683.5,3485.5,3477.0,3507.0,1317.5,604.0,98.0,353.0,91.5,606.5,2729.0,3857.0,3845.5,3956.0,2935.5,2285.0,1053.0,1228.0,1533.5,1704.5,1770.0,1892.5,2067.0,2103.0,1270.5,580.0,78.5,262.5,65.0,477.0,2477.5,3914.0,3983.0,4081.0,1103.0,510.0,41.5,223.5,30.5,433.5,2469.0,3852.0,3991.0,4059.0,1090.0,488.0,442.0,651.0,442.0,921.0,2548.0,3777.0,3802.0,3967.0,1291.0,641.0,538.0,865.0,576.0,1330.0,3018.0,3824.0,3978.0,4080.0,1273.0,641.0,439.0,822.0,576.0,1330.0,2898.0,3608.0,3821.0,3872.0,1422.0,769.0,353.0,779.0,685.0,1455.0,2777.0,3273.0,3508.0,3588.0,1987.0,1104.5,696.5,1218.5,1225.5,2152.0,3014.5,3358.0,3645.5,3768.0,2544.5,1580.5,1010.0,1493.5,1814.5,2509.0,3072.0,3427.5,3742.5,3886.5,3940.0,2916.0,1241.0,1654.0,2410.0,2806.0,2963.0,3247.0,3715.0,3723.0,3829.0,2648.5,1154.5,1632.5,2420.5,2783.5,2867.0,3161.0,3428.0,3518.5,3620.5,2814.0,754.5,1005.5,1427.0,1654.0,1773.5,1913.5,2140.5,2230.5,4135.0,2981.0,1072.5,1469.0,2112.5,2480.0,2561.0,2783.5,2992.0,3159.0,3938.0,3081.0,1938.5,2159.0,2572.5,2859.0,2943.5,3116.0,3279.5,3351.5,3719.5,2947.5,988.0,1176.5,1575.0,1830.5,1901.0,2071.0,2253.5,2371.5,3557.0,2797.5,968.0,1155.5,1522.0,1767.5,1859.5,2034.5,2162.5,2295.5,3024.0,2259.0,697.0,951.0,1319.5,1558.5,1636.0,1782.0,1978.5,2053.0,0.0,0.0,0.0,0.0,0.0,0.0,0.0,0.0,0.0,0.0,3770.0,2855.0,845.0,1180.0,1665.0,1937.0,1984.0,2169.0,2358.0,2517.0,4221.0,3264.5,1065.0,1321.0,1762.5,2063.5,2206.5,2394.5,2592.0,2742.0,3796.5,2956.0,923.0,1207.5,1599.5,1849.0,1987.5,2156.5,2387.0,2455.0,1929.0,1701.5,561.0,688.5,946.0,1057.0,1060.0,1126.5,1287.5,1294.0,2047.0,1786.0,565.0,718.0,1009.0,1129.0,1093.0,1127.0,1315.0,1342.0,2035.5,1923.0,555.0,731.5,1013.0,1112.0,1110.0,1206.0,1312.0,1316.0,2107.0,1973.5,592.0,795.5,1077.0,1179.0,1198.0,1287.5,1396.0,1398.0,"{""type"":""MultiPoint"",""coordinates"":[]}"
917_0,3,1936.5,1633.0,525.5,701.5,944.0,1074.5,1112.0,1200.0,1276.5,1322.5,2486.5,2135.0,982.5,1296.5,1575.5,1711.0,1754.5,1818.0,1925.0,1906.0,2317.0,1957.5,775.5,1059.5,1335.0,1456.5,1477.5,1552.0,1652.0,1683.0,398.5,386.0,529.5,785.0,791.5,1051.0,882.0,982.5,885.0,848.0,307.0,212.5,559.0,783.5,853.5,1103.5,954.5,1034.5,981.5,944.5,369.5,262.0,561.0,905.5,878.5,1167.0,1035.5,1111.5,1106.0,990.5,924.5,615.0,498.0,795.5,637.5,1154.5,1638.5,1721.0,1682.0,1675.0,1320.0,815.0,422.0,762.0,543.5,1095.0,2118.0,2437.0,2271.5,2236.5,1588.5,829.5,326.5,611.0,399.5,977.5,2793.5,3462.0,3341.0,3465.0,1668.0,852.5,247.5,590.5,392.0,962.5,2863.5,3746.0,3690.5,3893.0,1613.0,811.5,228.5,468.5,323.0,781.0,2745.5,3795.0,3814.0,4067.5,2240.5,1893.0,627.0,833.5,1088.0,1241.5,1281.0,1369.0,1451.0,1551.5,1677.0,833.0,246.0,503.5,330.5,850.0,2959.0,4120.0,4177.5,4406.0,1637.5,821.5,302.0,761.5,437.0,1353.5,3464.5,4302.5,4400.0,4585.0,1697.5,868.0,412.0,864.0,624.0,1542.5,3411.0,4094.5,4036.5,4297.0,1976.0,1074.5,601.0,1038.0,974.0,1973.5,3257.0,3709.5,3837.5,3994.0,2315.0,1386.5,651.5,1152.5,1261.5,2155.0,3132.0,3473.0,3724.5,3870.0,2910.0,1864.0,840.0,1375.0,1761.0,2498.0,3128.0,3428.0,3611.0,3860.0,4129.0,2876.0,1156.5,1651.0,2391.5,2814.0,3024.5,3308.5,3705.0,3773.0,4010.0,2793.5,1034.5,1422.5,2155.0,2557.0,2804.0,3047.5,3405.0,3479.5,3441.0,2625.0,951.5,1360.5,1972.5,2280.5,2488.5,2690.5,2968.5,3040.0,2130.5,1628.5,681.0,962.5,1352.0,1626.0,1635.5,1746.0,1761.5,1908.5,2103.0,1780.0,537.0,750.5,1038.5,1155.0,1207.0,1314.0,1408.0,1429.0,2422.5,1900.5,791.5,1079.0,1489.5,1750.5,1771.5,1894.5,1948.5,2078.0,2385.0,1867.5,894.5,1131.0,1471.0,1673.5,1731.0,1818.0,1906.0,1989.0,2059.5,1696.5,656.5,836.0,1129.0,1264.5,1318.5,1400.0,1524.5,1526.0,1730.0,1448.5,535.0,739.5,988.0,1124.0,1148.0,1242.0,1288.0,1323.0,1468.5,1255.0,377.5,546.0,723.5,815.0,849.5,910.5,986.0,1009.0,0.0,0.0,0.0,0.0,0.0,0.0,0.0,0.0,0.0,0.0,1508.0,1110.5,421.5,594.0,796.0,899.0,963.0,1018.5,1148.5,1162.5,1873.5,1525.0,610.5,769.5,941.5,1073.0,1130.5,1213.5,1281.5,1296.0,2469.5,2022.5,854.0,1099.5,1350.5,1498.0,1550.5,1593.0,1732.0,1730.0,2423.5,2014.5,828.5,1040.5,1305.0,1452.5,1461.0,1552.5,1677.0,1684.5,2265.5,1870.5,828.5,945.5,1166.5,1298.0,1289.5,1404.5,1490.0,1539.5,2224.0,1916.0,706.0,899.5,1157.0,1290.0,1340.0,1398.0,1489.0,1551.0,2291.5,1966.0,809.0,1072.5,1353.0,1483.5,1526.0,1567.5,1685.5,1681.5,"{""type"":""MultiPoint"",""coordinates"":[]}"
918_0,3,1847.0,1544.5,538.0,699.0,953.0,1054.5,1118.0,1186.0,1299.5,1307.5,2437.5,2100.5,964.5,1273.5,1543.0,1671.0,1712.5,1780.0,1890.5,1880.0,1446.5,1198.0,644.5,902.5,1068.0,1182.5,1087.5,1152.0,1202.0,1149.0,264.0,211.5,546.0,810.5,851.0,987.0,685.0,713.0,714.5,526.5,531.0,442.0,953.0,1143.5,1188.0,1396.5,1104.5,1131.5,1119.0,901.0,404.0,340.5,491.0,763.0,661.5,965.0,818.0,884.0,854.0,717.5,905.5,557.5,471.5,734.0,543.0,998.0,1583.5,1770.5,1765.0,1609.0,1414.0,844.5,369.0,735.5,408.0,1065.0,2585.5,2771.5,2875.0,2717.5,1727.0,892.0,301.5,655.0,328.5,1054.5,3079.0,3790.0,3778.5,3826.0,1665.5,842.5,242.0,566.5,319.0,985.0,3015.0,3851.5,3801.5,4009.0,1588.5,825.0,166.5,420.0,230.0,778.0,2811.0,3958.0,4038.0,4033.0,2132.5,1787.0,618.0,837.0,1083.5,1236.5,1260.0,1364.0,1434.0,1531.5,1639.5,833.5,207.5,458.0,255.5,832.5,3041.5,4207.5,4372.5,4422.5,1662.5,836.0,297.0,850.0,445.0,1436.5,3624.0,4520.5,4615.0,4595.5,1737.5,929.5,442.0,943.5,652.0,1611.0,3617.0,4330.5,4390.0,4347.5,2083.0,1155.5,679.0,1238.5,1059.0,2157.0,3580.5,4096.5,4308.0,4340.5,2443.5,1475.0,828.0,1444.0,1481.0,2490.0,3488.5,3951.0,4297.5,4268.0,2871.0,1863.0,966.0,1590.0,1925.0,2742.0,3466.0,3676.0,4124.0,4176.0,4226.0,2918.5,1297.0,1805.0,2543.0,3057.0,3209.5,3660.5,3861.5,4004.0,4078.5,2920.0,1223.0,1716.5,2531.5,2951.0,3115.5,3371.5,3782.5,3996.0,3220.5,2473.5,1041.5,1442.0,2010.5,2260.5,2347.5,2535.5,2835.0,2858.5,2306.0,1845.0,821.5,1086.0,1516.5,1778.0,1787.0,1892.0,1942.0,2026.0,1988.5,1715.5,518.5,728.0,997.0,1128.5,1205.0,1266.0,1389.0,1399.5,2344.0,1870.0,848.0,1126.0,1523.5,1734.0,1797.5,1867.0,1910.5,2070.5,2264.5,1826.0,914.0,1151.0,1488.5,1627.5,1685.5,1809.5,1911.5,1949.5,1966.5,1611.0,664.0,826.5,1096.0,1221.5,1293.0,1380.0,1472.5,1467.5,1971.0,1656.5,588.5,784.5,1041.5,1158.5,1181.0,1291.0,1357.5,1386.5,924.5,622.5,314.0,424.5,579.5,655.0,670.0,751.5,805.5,780.5,0.0,0.0,0.0,0.0,0.0,0.0,0.0,0.0,0.0,0.0,1385.5,964.5,393.0,530.5,705.5,844.5,865.0,936.5,1065.0,1084.5,1685.5,1272.5,590.0,718.5,860.5,1003.0,1047.5,1152.5,1225.0,1226.5,2385.0,1921.5,876.5,1120.0,1339.5,1493.5,1530.5,1652.0,1748.5,1747.5,2328.0,1898.5,853.0,1063.5,1311.5,1417.0,1428.0,1550.5,1676.0,1647.5,2150.0,1756.0,811.0,927.5,1148.5,1256.5,1232.0,1332.5,1473.5,1464.5,2111.0,1818.0,692.0,875.0,1136.5,1232.0,1298.5,1391.0,1480.0,1494.5,2235.0,1906.5,775.0,1039.0,1306.0,1432.5,1477.5,1549.0,1645.5,1656.0,"{""type"":""MultiPoint"",""coordinates"":[]}"
919_0,3,1838.5,1517.0,598.5,767.5,990.5,1116.0,1155.0,1223.5,1322.5,1333.0,2337.5,2011.5,908.0,1179.0,1436.0,1553.5,1601.5,1687.5,1770.5,1762.0,2330.5,2022.0,932.5,1186.0,1423.5,1543.0,1572.5,1654.0,1725.0,1723.0,2412.5,2141.0,987.5,1247.0,1489.0,1601.5,1639.0,1723.5,1791.5,1800.0,225.0,199.0,989.0,1227.0,1258.0,1358.0,1009.0,1048.0,995.0,801.0,225.0,199.0,847.0,1152.0,1218.0,1358.0,1024.0,1128.0,1129.0,969.0,354.0,299.0,734.0,1069.0,1072.0,1466.0,1472.0,1615.0,1634.0,1535.0,669.0,576.0,703.0,1001.0,943.0,1542.0,1887.0,2011.0,1854.0,1734.0,655.0,444.0,525.0,843.0,700.0,1266.0,1701.0,1909.0,1751.0,1620.0,817.5,498.0,242.5,531.0,320.0,938.5,1868.0,2129.0,1991.0,1858.0,1216.0,628.5,181.0,497.0,258.0,921.5,2592.5,3154.5,3147.5,3158.0,2019.0,1699.0,697.0,878.0,1107.0,1255.0,1292.0,1310.0,1420.0,1479.0,1414.0,702.0,196.0,477.0,298.0,957.0,2346.0,2946.0,2950.0,3062.0,1343.0,687.0,120.0,397.0,255.0,797.0,2372.0,3055.0,3181.0,3219.0,1301.0,654.0,120.0,391.0,184.0,744.0,2680.0,3484.0,3473.0,3621.0,1557.0,756.0,339.0,714.0,327.0,1155.0,3253.0,3980.0,3990.0,4061.0,1669.0,827.5,367.5,861.0,412.5,1388.5,3364.0,4009.5,4255.5,4210.0,1718.0,914.0,405.5,974.5,540.5,1672.5,3214.0,3574.0,3751.5,3812.0,2043.0,1114.0,811.0,1420.0,1278.0,2342.0,3178.0,3484.0,3730.0,3788.0,2369.5,1469.0,876.0,1467.5,1536.5,2480.0,3096.5,3407.5,3714.0,3756.0,3645.5,2564.5,1098.0,1525.5,2119.0,2595.0,2927.0,3161.5,3485.5,3578.0,3186.0,2323.0,971.0,1301.0,1820.0,2168.0,2328.0,2432.0,2512.0,2744.0,1859.0,1582.0,514.0,734.0,995.0,1100.0,1146.0,1210.0,1330.0,1327.0,3066.0,2323.0,872.0,1218.0,1679.0,1931.0,2052.0,2165.0,2211.0,2377.0,2936.0,2260.0,917.5,1178.0,1529.5,1788.0,1855.5,2005.0,2119.5,2230.0,2607.0,2116.5,720.5,917.5,1201.0,1361.5,1441.0,1568.0,1658.5,1722.0,2788.0,2307.0,822.0,971.0,1245.0,1428.0,1509.0,1627.0,1701.0,1781.0,2342.0,1519.0,626.0,762.0,998.0,1152.0,1207.0,1301.0,1453.0,1493.0,0.0,0.0,0.0,0.0,0.0,0.0,0.0,0.0,0.0,0.0,1725.0,1385.0,548.0,765.0,961.0,1060.0,1111.0,1192.0,1300.0,1251.0,1971.0,1663.0,699.0,868.0,1067.0,1175.0,1199.0,1270.0,1361.0,1358.0,2457.0,2082.0,868.0,1133.0,1386.0,1521.0,1541.0,1639.0,1757.0,1752.0,2613.0,2251.0,1061.0,1276.0,1516.0,1668.0,1698.0,1769.0,1936.0,1909.0,2028.0,1728.0,659.0,795.0,1025.0,1157.0,1165.0,1230.0,1325.0,1323.0,2172.0,1823.0,794.0,940.0,1158.0,1247.0,1295.0,1380.0,1489.0,1484.0,2188.5,1848.0,832.5,1040.0,1257.5,1360.5,1403.0,1483.0,1604.0,1579.0,"{""type"":""MultiPoint"",""coordinates"":[]}"
920_0,3,1991.5,1607.0,600.5,759.5,1012.5,1130.5,1167.5,1266.0,1368.0,1401.0,2276.0,1912.5,763.0,969.0,1227.5,1347.0,1391.5,1492.0,1586.0,1598.0,2670.0,2266.5,949.0,1243.0,1561.5,1674.0,1684.0,1777.5,1883.0,1911.0,3000.5,2556.0,1145.0,1454.0,1784.5,1940.5,1966.0,2078.0,2174.5,2184.5,1258.0,1170.0,963.0,1236.0,1519.0,1648.0,1652.0,1756.0,1747.0,1770.0,393.0,331.0,907.0,1224.0,1256.0,1505.0,1064.0,1149.0,1162.0,1057.0,613.0,433.0,547.0,864.0,846.0,1127.0,1203.0,1303.0,1285.0,1221.0,847.0,660.0,578.0,837.0,774.0,1170.0,1472.0,1602.0,1503.0,1467.0,1467.0,873.0,450.0,779.0,518.0,1100.0,2467.0,2748.0,2778.0,2735.0,1754.0,890.0,257.5,572.0,270.0,911.0,2999.5,4030.0,4006.0,3947.0,1577.0,763.0,127.0,338.5,142.5,637.0,2894.0,4272.5,4359.5,4405.5,2200.0,1805.0,730.0,902.0,1115.0,1286.0,1303.0,1407.0,1474.0,1543.0,1584.0,749.0,171.0,369.0,175.0,629.0,3006.0,4395.0,4453.0,4714.0,1630.0,739.0,84.0,393.0,159.0,771.0,3386.0,4752.0,4967.0,4947.0,1677.0,801.0,283.0,741.0,386.0,1335.0,3699.0,4825.0,5038.0,5151.0,1912.0,943.0,504.0,1041.0,714.0,1842.0,3705.0,4508.0,4693.0,4777.0,1983.5,1101.5,550.5,1096.0,864.5,1942.5,3504.5,3996.5,4377.5,4371.5,2475.0,1511.5,720.0,1305.5,1418.0,2379.0,3362.0,3806.5,4063.5,4179.0,3232.5,2098.0,1148.5,1745.0,2289.5,3097.5,3786.0,4152.5,4517.0,4551.5,4012.5,2858.5,1217.0,1700.5,2393.5,2892.0,3202.5,3437.0,3717.0,3892.0,3982.0,2847.0,1216.0,1713.0,2488.0,2913.0,3093.0,3274.0,3531.0,3632.0,3708.0,2633.5,1305.5,1809.5,2504.0,2904.0,3000.5,3291.5,3478.0,3579.5,2216.0,1825.5,666.0,848.5,1117.0,1235.5,1259.0,1352.0,1504.0,1513.5,2516.0,1982.0,712.5,984.5,1375.0,1569.5,1598.0,1727.5,1806.5,1904.5,2479.0,1944.0,810.0,1033.5,1400.5,1581.5,1629.0,1737.5,1845.5,1895.0,2252.0,1820.5,635.0,848.0,1142.5,1296.5,1320.5,1449.5,1538.0,1564.5,2320.5,1901.5,719.0,897.5,1184.5,1313.0,1351.0,1464.5,1551.5,1589.5,1951.0,1326.0,527.0,677.0,954.0,1047.0,1086.0,1173.0,1288.0,1298.0,0.0,0.0,0.0,0.0,0.0,0.0,0.0,0.0,0.0,0.0,1830.0,1435.0,595.0,760.0,980.0,1096.0,1091.0,1172.0,1292.0,1319.0,2081.0,1707.0,708.0,844.0,1030.0,1155.0,1182.0,1249.0,1356.0,1321.0,2563.0,2160.0,872.0,1109.0,1337.0,1496.0,1499.0,1591.0,1711.0,1746.0,2217.0,1735.0,791.0,854.0,1104.0,1219.0,1514.0,1775.0,1342.0,1924.0,2065.0,1637.5,641.0,800.5,1005.5,1122.0,1155.5,1212.0,1333.5,1331.5,2493.0,2114.0,890.0,1068.0,1254.0,1417.0,1613.0,1728.0,1833.0,1839.0,2419.0,2007.0,774.0,1023.0,1274.0,1430.0,1482.0,1544.0,1655.0,1705.0,"{""type"":""MultiPoint"",""coordinates"":[]}"
921_0,3,1985.5,1618.0,639.0,792.0,1055.0,1206.5,1247.0,1327.5,1405.0,1497.5,2416.5,1988.0,839.5,1084.5,1357.0,1468.0,1521.5,1624.5,1730.5,1754.5,2762.5,2354.5,1019.0,1346.5,1673.5,1812.5,1845.0,1937.0,2014.0,2073.0,3018.5,2580.5,1165.5,1502.5,1835.5,1984.0,2030.0,2105.0,2232.0,2248.5,1145.0,973.0,779.0,1034.0,1158.0,1332.0,1252.0,1307.0,1353.0,1417.0,556.0,409.0,747.0,986.0,1070.0,1289.0,1094.0,1185.0,1204.0,961.0,590.0,472.0,636.0,912.0,924.0,1158.0,1125.0,1291.0,1318.0,1122.0,966.0,639.0,582.0,873.0,791.0,1197.0,1614.0,1640.0,1774.0,1527.0,1436.0,854.0,442.0,740.0,541.0,1069.0,2423.0,2745.0,2821.0,2659.0,1732.0,931.5,302.0,653.0,347.5,1020.0,2931.5,3894.0,3750.0,3864.5,1633.0,844.0,150.5,385.5,203.5,684.0,2906.0,4208.5,4146.5,4221.5,2206.0,1813.0,728.0,928.0,1175.0,1345.0,1373.0,1483.0,1538.0,1622.0,1639.0,843.0,190.0,418.0,233.0,655.0,3088.0,4410.0,4470.0,4663.0,1672.0,873.0,112.0,468.0,211.0,836.0,3535.0,4776.0,4942.0,5069.0,1693.0,883.0,339.0,840.0,461.0,1427.0,3835.0,4904.0,5047.0,5318.0,1927.0,1005.0,542.0,1124.0,785.0,1960.0,3843.0,4697.0,4698.0,4830.0,2006.0,1136.5,612.0,1192.5,971.0,2069.5,3704.0,4144.0,4452.0,4591.5,2572.0,1626.0,776.5,1450.0,1532.5,2637.5,3641.0,4130.5,4278.5,4454.0,3213.0,2124.5,1124.0,1770.5,2235.5,3189.0,3967.0,4286.5,4594.0,4716.0,4164.0,3011.0,1326.5,1915.5,2532.0,3342.0,3580.5,3857.0,4077.0,4299.0,3963.0,2917.0,1279.0,1770.0,2530.0,2894.0,3092.0,3304.0,3565.0,3598.0,3910.0,2809.0,1311.0,1828.0,2601.0,3081.5,3149.0,3454.0,3456.0,3608.0,2226.0,1865.0,709.0,888.5,1153.0,1274.5,1337.0,1430.0,1540.5,1542.0,2413.0,1998.0,723.0,977.5,1343.5,1547.5,1613.5,1679.0,1755.0,1839.5,2464.5,1969.0,815.5,1047.0,1374.5,1588.5,1624.0,1729.5,1808.0,1896.0,2236.0,1812.0,641.5,883.0,1152.0,1322.5,1384.5,1450.0,1578.5,1589.0,2294.5,1923.0,735.0,907.5,1190.5,1357.0,1383.5,1491.0,1581.5,1634.0,1947.0,1302.0,555.0,711.0,974.0,1076.0,1119.0,1242.0,1333.0,1317.0,0.0,0.0,0.0,0.0,0.0,0.0,0.0,0.0,0.0,0.0,1870.0,1516.0,600.0,782.0,985.0,1075.0,1138.0,1212.0,1302.0,1341.0,2039.0,1699.0,711.0,816.0,1000.0,1096.0,1124.0,1219.0,1305.0,1341.0,2469.0,2070.0,826.0,1028.0,1268.0,1369.0,1450.0,1489.0,1604.0,1634.0,2272.0,1808.0,1013.0,1181.0,1365.0,1451.0,1546.0,1594.0,1850.0,1589.0,2097.0,1678.0,673.0,829.0,1017.0,1134.0,1150.0,1227.0,1320.5,1360.0,2506.0,2145.0,905.0,1085.0,1281.0,1420.0,1536.0,1643.0,1719.0,1746.0,2436.0,1971.0,775.0,1037.0,1290.0,1412.0,1497.0,1613.0,1697.0,1709.0,"{""type"":""MultiPoint"",""coordinates"":[]}"
922_0,3,1843.0,1525.0,546.0,669.0,919.0,1022.5,1057.5,1144.0,1277.5,1294.5,2221.0,1945.5,814.5,1059.5,1338.5,1454.0,1484.0,1542.5,1658.5,1649.5,2318.5,2007.5,813.0,1042.5,1338.5,1453.5,1485.5,1577.0,1659.0,1660.5,2167.0,1915.0,789.5,1036.5,1303.0,1421.0,1456.5,1538.5,1612.0,1613.5,303.5,234.0,500.0,768.0,740.5,984.5,825.5,929.5,820.5,823.5,333.5,269.0,510.5,753.0,762.5,994.0,907.5,983.5,938.0,899.5,628.0,438.0,514.0,739.0,644.0,1036.5,1433.0,1557.5,1632.0,1459.5,1078.0,604.5,378.5,644.5,385.5,992.0,2132.5,2452.5,2505.0,2277.0,1230.5,608.0,162.0,430.0,279.0,876.5,3014.0,3798.0,4068.5,3912.0,1813.0,973.5,302.0,599.5,572.0,1215.5,2798.0,3513.0,3736.0,3978.0,1830.0,940.5,213.5,464.5,422.0,938.5,2686.5,3591.5,3805.5,4005.0,2115.0,1773.5,566.5,760.5,1045.5,1172.0,1223.0,1292.0,1375.5,1461.5,1801.0,903.5,213.5,420.0,300.0,805.5,2802.5,3662.0,3805.5,4056.5,1796.5,860.5,190.0,493.0,263.0,939.5,3133.5,4081.5,4398.5,4427.5,1816.0,895.0,343.0,780.0,449.5,1350.0,3444.0,4368.5,4500.5,4610.5,1930.0,1039.5,557.0,1046.0,791.0,1821.5,3510.5,4096.0,4415.5,4472.5,2057.5,1149.5,591.0,1142.5,978.0,1911.0,3353.0,3843.0,4269.5,4235.5,2327.0,1366.0,618.0,1152.0,1186.0,2020.0,3185.0,3626.0,3961.0,4056.0,3136.5,1970.0,874.5,1357.5,1542.5,2269.5,2974.5,3367.0,3710.5,3949.5,3741.0,2551.0,940.0,1346.0,1874.0,2420.5,2809.0,3110.5,3492.0,3584.0,3592.0,2549.0,884.0,1342.0,1961.5,2388.5,2670.0,2971.0,3406.5,3478.0,2652.5,2013.5,848.5,1151.5,1660.0,1955.5,2004.5,2153.0,2292.0,2405.0,1903.0,1602.0,488.0,675.0,928.0,1019.0,1040.0,1114.0,1316.0,1295.0,2686.0,2056.5,868.0,1181.5,1654.5,1897.0,1998.5,2123.0,2261.0,2338.5,2570.5,2029.0,961.0,1196.5,1592.5,1803.0,1862.0,2012.0,2177.0,2202.0,2313.0,1848.0,723.5,939.0,1225.5,1373.5,1448.5,1561.0,1697.0,1730.5,2383.0,1929.5,765.0,934.5,1236.0,1367.0,1447.5,1567.5,1674.5,1727.5,2051.5,1437.0,573.5,728.0,1028.0,1146.0,1221.5,1325.0,1504.5,1471.0,0.0,0.0,0.0,0.0,0.0,0.0,0.0,0.0,0.0,0.0,1895.0,1613.0,487.0,622.5,857.5,951.0,958.5,1024.0,1196.5,1191.0,1828.0,1548.0,541.5,663.5,835.0,940.0,923.5,1016.5,1119.0,1135.5,2192.0,1883.0,658.0,830.0,1047.0,1155.0,1208.0,1270.0,1413.0,1416.0,2123.0,1736.0,597.0,698.0,958.0,1020.0,1042.0,1104.0,1219.0,1234.0,2135.0,1754.0,683.0,761.5,987.0,1057.5,1100.5,1164.5,1297.0,1318.0,1949.5,1687.0,544.0,723.0,931.0,1037.0,1106.5,1182.5,1295.5,1289.5,2048.0,1820.0,606.0,817.0,1040.5,1165.0,1183.5,1286.5,1399.0,1357.5,"{""type"":""MultiPoint"",""coordinates"":[]}"
923_0,3,188.5,155.0,210.0,260.5,357.0,444.5,339.5,379.0,377.5,342.5,2215.5,1891.5,624.5,817.5,1042.0,1163.0,1222.0,1329.5,1427.5,1452.5,2472.5,2183.0,758.5,989.0,1256.0,1392.5,1463.5,1556.5,1655.0,1683.5,2642.0,2372.5,937.0,1185.5,1468.5,1615.5,1646.5,1732.5,1815.5,1874.5,2733.0,2463.0,1012.0,1265.0,1549.0,1683.0,1735.0,1821.0,1941.0,1927.0,671.0,636.0,923.0,1153.0,1225.0,1326.0,1114.0,1186.0,1064.0,1017.0,404.0,309.0,645.0,921.0,871.0,1182.0,1105.0,1166.0,1169.0,1029.0,632.0,429.0,647.0,921.0,871.0,1182.0,1444.0,1508.0,1379.0,1353.0,816.0,633.0,439.0,755.0,527.0,1069.0,1587.0,1737.0,1653.0,1517.0,1562.5,832.5,277.0,612.5,281.0,967.0,2951.5,3702.0,3551.0,3580.5,1333.5,678.0,148.0,432.0,182.5,807.5,2787.5,3669.0,3695.5,3740.0,506.0,418.5,330.5,434.5,552.0,688.0,679.5,741.0,797.5,768.0,1525.0,754.0,180.0,449.0,277.0,798.0,2646.0,3507.0,3597.0,3811.0,1577.0,788.0,160.0,405.0,266.0,809.0,2656.0,3611.0,3883.0,4007.0,1647.0,825.0,181.0,485.0,258.0,879.0,2828.0,3877.0,3928.0,4192.0,1647.0,847.0,458.0,895.0,574.0,1538.0,3242.0,3801.0,3929.0,4138.0,1647.0,909.0,458.0,944.0,782.0,1642.0,3057.0,3524.0,3829.0,3882.0,1942.0,1108.0,538.5,1017.5,1044.0,1876.0,2937.5,3317.5,3558.5,3725.5,2317.5,1349.5,873.5,1397.0,1494.0,2169.0,3071.5,3365.5,3626.0,3765.0,3761.5,2567.5,1058.0,1489.5,1927.0,2499.0,3038.0,3330.5,3664.0,3825.5,4185.0,2811.5,1386.0,1941.5,2652.0,3187.0,3523.5,3823.5,4277.0,4327.0,3144.0,2342.0,1035.0,1361.0,1857.0,2249.0,2416.0,2543.0,2474.0,2757.0,425.0,306.0,349.0,414.0,530.0,663.0,651.0,703.0,768.0,747.0,3141.0,2342.0,994.0,1334.0,1757.0,1977.0,2141.0,2255.0,2330.0,2536.0,3024.0,2254.0,972.0,1246.0,1627.0,1893.0,1985.5,2109.0,2171.0,2380.0,1586.5,1243.0,598.5,730.0,954.5,1057.5,1085.5,1178.0,1227.0,1202.0,354.0,351.0,334.0,466.0,531.0,621.0,503.0,591.0,499.0,574.0,150.0,133.0,133.0,208.0,248.0,328.0,227.0,250.0,214.0,177.0,491.0,551.0,564.0,522.0,534.0,572.0,560.0,636.0,496.0,633.0,287.0,247.0,181.0,325.0,417.0,559.0,496.0,540.0,584.0,562.0,850.0,540.0,413.0,512.0,687.0,846.0,883.0,1009.0,1103.0,1115.0,3067.0,2310.0,941.0,1221.0,1566.0,1794.0,1857.0,1991.0,2268.0,2230.0,2613.0,1806.0,985.0,1000.0,1251.0,1428.0,1470.0,1681.0,1850.0,1953.0,2924.5,2175.5,756.5,999.0,1342.5,1544.0,1620.5,1780.5,1947.0,2050.5,3674.5,3029.5,1097.5,1360.5,1707.0,1898.5,2006.0,2163.0,2374.5,2410.0,3461.5,2872.5,1100.0,1327.0,1657.0,1783.0,1871.0,2030.5,2292.5,2262.0,"{""type"":""MultiPoint"",""coordinates"":[]}"
924_0,3,2216.5,1809.0,630.0,774.5,1038.0,1199.5,1257.0,1328.0,1433.5,1482.0,2147.0,1838.0,694.0,879.0,1139.0,1269.5,1329.5,1411.0,1474.0,1512.5,2333.0,2028.5,785.5,1006.5,1294.5,1429.5,1475.0,1546.5,1600.5,1650.0,2467.5,2156.0,838.5,1087.5,1387.5,1545.5,1596.0,1664.5,1712.0,1780.5,1124.0,1038.0,970.0,1222.0,1287.0,1433.0,1445.0,1482.0,1523.0,1489.0,319.0,236.0,642.0,846.0,914.0,1023.0,842.0,899.0,933.0,804.0,514.0,431.0,451.0,681.0,632.0,936.0,1087.0,1197.0,1157.0,1045.0,939.0,666.0,451.0,709.0,508.0,986.0,1618.0,1757.0,1734.0,1669.0,1926.0,950.0,317.0,690.0,258.0,997.0,3484.0,4387.0,4335.0,4288.0,2004.0,990.0,254.0,594.0,249.0,951.5,3671.0,5147.5,5223.5,5235.0,1761.5,804.5,126.5,336.5,155.0,640.5,3186.5,5055.0,5228.5,5364.5,2408.0,2001.0,702.0,871.0,1136.0,1332.0,1355.0,1431.0,1492.0,1654.0,1679.0,768.0,165.0,340.0,153.0,597.0,3028.0,4931.0,4993.0,5248.0,1543.0,711.0,100.0,335.0,175.0,676.0,3186.0,5058.0,5202.0,5348.0,1522.0,727.0,247.0,641.0,358.0,1114.0,3377.0,4917.0,5202.0,5297.0,1823.0,875.0,460.0,897.0,614.0,1613.0,3911.0,5010.0,5271.0,5341.0,1960.5,1058.5,504.5,1023.0,759.5,1811.0,3950.5,4731.5,5196.0,5204.0,2602.0,1521.0,709.5,1384.0,1353.0,2639.0,4221.5,4811.0,5113.0,5278.0,3481.0,2181.5,1133.5,1769.0,2179.5,3170.5,4237.0,4787.0,5106.0,5245.5,4582.0,3138.5,1355.5,1874.0,2684.0,3310.0,3850.0,4130.5,4568.5,4749.5,3976.5,2802.5,1300.0,1818.0,2623.0,3089.0,3244.0,3472.5,3837.0,3894.0,3912.0,2722.0,1466.0,2041.0,2985.0,3512.0,3507.0,3709.0,4122.0,4280.0,2413.0,2018.0,673.0,839.0,1126.5,1282.5,1320.0,1391.0,1547.0,1574.5,3850.0,2717.5,1397.5,1922.0,2631.0,2920.0,3070.0,3356.5,3604.5,3637.5,3561.5,2551.5,1301.5,1707.5,2305.5,2492.0,2729.5,2840.5,3251.5,3206.5,3281.5,2520.0,1007.0,1265.5,1679.0,1784.0,1947.0,1999.0,2352.5,2322.0,3309.5,2627.0,1057.5,1288.0,1699.5,1812.5,1896.5,1978.0,2336.0,2310.5,2066.0,1479.0,631.0,792.0,1112.0,1211.0,1316.0,1391.0,1533.0,1493.0,0.0,0.0,0.0,0.0,0.0,0.0,0.0,0.0,0.0,0.0,2156.0,1843.0,601.0,771.0,996.0,1090.0,1131.0,1225.0,1321.0,1327.0,2180.0,1775.0,674.0,796.0,1012.0,1122.0,1098.0,1157.0,1328.0,1259.0,2339.5,1977.5,700.0,874.5,1120.0,1236.0,1249.5,1342.0,1446.0,1459.5,2373.0,2034.0,685.0,783.0,1051.0,1192.0,1111.0,1191.0,1266.0,1344.0,2421.5,2048.0,774.0,847.0,1105.0,1225.0,1211.0,1271.5,1377.5,1438.0,2497.0,2128.0,801.0,948.0,1167.0,1301.0,1382.0,1462.0,1549.0,1612.0,2219.0,1881.0,681.0,885.0,1147.0,1282.0,1356.0,1402.0,1475.0,1578.0,"{""type"":""MultiPoint"",""coordinates"":[]}"
925_0,3,1627.0,1379.5,538.5,692.5,889.0,1006.0,1025.5,1100.5,1144.0,1189.5,2467.0,2173.0,1044.5,1341.0,1584.0,1708.0,1725.5,1785.5,1892.0,1900.5,2449.0,2146.0,920.5,1188.5,1430.0,1555.5,1583.0,1657.0,1729.0,1738.0,2321.0,2055.0,876.5,1147.0,1375.0,1492.5,1512.0,1602.5,1644.5,1655.5,484.0,422.0,649.0,920.0,1025.0,1163.0,876.0,1018.0,940.0,841.0,484.0,422.0,886.0,1136.0,1212.0,1346.0,1055.0,1117.0,1096.0,997.0,440.0,349.0,636.0,944.0,1018.0,1279.0,1150.0,1207.0,1141.0,1007.0,680.0,480.0,627.0,918.0,877.0,1189.0,1266.0,1394.0,1258.0,1174.0,917.0,709.0,455.0,764.0,638.0,1115.0,1632.0,1765.0,1660.0,1606.0,1017.0,633.5,306.0,566.0,401.5,899.5,1810.5,2137.5,1991.5,1961.5,1252.5,714.5,270.0,538.5,354.5,912.0,2232.0,2773.0,2808.5,2757.5,1882.5,1598.5,686.5,840.0,1054.5,1166.0,1191.0,1252.5,1322.0,1355.5,1336.0,706.0,268.0,522.0,346.0,879.0,2449.0,3109.0,3189.0,3229.0,1239.0,640.0,173.0,433.0,242.0,782.0,2449.0,3100.0,3189.0,3300.0,1239.0,649.0,173.0,394.0,201.0,708.0,2549.0,3349.0,3419.0,3539.0,1501.0,761.0,372.0,705.0,379.0,1128.0,3233.0,3883.0,4084.0,4111.0,1666.0,842.0,390.0,914.0,521.0,1490.0,3402.0,4076.0,4302.0,4254.0,1755.5,945.0,433.5,977.5,568.5,1661.0,3346.5,3771.5,3902.5,3958.5,2139.0,1170.0,813.0,1450.0,1248.0,2220.0,3306.0,3521.0,3880.0,3915.0,2403.5,1511.5,883.5,1546.0,1521.5,2637.5,3221.0,3503.5,3879.0,3859.5,3166.0,2224.5,1070.0,1635.0,2093.0,2842.5,3120.5,3343.5,3653.0,3783.0,2959.0,2143.0,994.0,1373.0,1941.0,2326.0,2371.0,2615.0,2728.0,2853.0,1713.0,1443.0,459.0,689.0,913.0,1044.0,1063.0,1129.0,1197.0,1239.0,3394.0,2612.0,958.0,1366.0,1892.0,2326.0,2361.0,2605.0,2606.0,2853.0,3341.5,2626.5,954.0,1247.0,1704.0,2042.0,2158.5,2293.5,2472.5,2578.0,3043.0,2481.5,752.5,1011.0,1380.0,1642.5,1744.0,1870.0,2026.0,2092.5,2841.0,2272.0,852.0,1046.0,1407.0,1653.0,1670.0,1767.0,1973.0,2032.0,2090.0,1514.0,509.0,647.0,891.0,1052.0,1139.0,1217.0,1338.0,1398.0,1055.0,935.0,903.0,857.0,881.0,924.0,988.0,1020.0,1059.0,1029.0,1711.0,1432.0,547.0,734.0,911.0,1007.0,1026.0,1093.0,1172.0,1154.0,1186.0,1051.0,499.0,543.0,645.0,704.0,746.0,782.0,707.0,835.0,2282.0,2002.0,790.0,1042.0,1259.0,1360.0,1382.0,1462.0,1572.0,1569.0,2455.0,2200.0,993.0,1207.0,1418.0,1510.0,1561.0,1649.0,1763.0,1717.0,1857.0,1584.0,563.0,711.0,900.0,1001.0,983.0,1039.0,1124.0,1138.0,1889.0,1630.0,669.0,806.0,994.0,1078.0,1104.0,1184.0,1277.0,1270.0,2168.5,1935.0,786.0,984.0,1196.0,1303.5,1348.0,1408.0,1513.5,1508.0,"{""type"":""MultiPoint"",""coordinates"":[]}"
926_0,3,1750.0,1429.5,585.5,724.5,933.0,1046.0,1087.5,1151.0,1226.5,1270.5,2155.0,1839.0,778.0,975.0,1193.5,1307.5,1356.5,1435.5,1526.5,1544.5,2229.5,1917.0,789.5,1031.5,1290.0,1395.5,1426.5,1508.0,1566.0,1596.0,2594.5,2227.0,1123.5,1447.0,1733.5,1864.0,1875.5,1947.5,2007.5,2022.0,2208.0,1918.0,1116.0,1401.0,1463.0,1553.0,1529.0,1598.0,1681.0,1651.0,672.0,692.0,808.0,1124.0,1206.0,1420.0,1230.0,1249.0,1215.0,1150.0,528.0,451.0,714.0,1053.0,1056.0,1307.0,1272.0,1383.0,1292.0,1141.0,479.0,369.0,633.0,897.0,896.0,1189.0,1211.0,1289.0,1292.0,1142.0,838.0,578.0,511.0,825.0,709.0,1078.0,1544.0,1640.0,1584.0,1531.0,1417.0,764.5,240.5,551.5,278.0,874.5,2451.0,3016.5,2936.0,2924.0,1684.0,815.5,133.0,380.5,112.5,649.5,2942.5,4196.5,4212.0,4205.0,1928.0,1608.0,678.0,833.0,1048.0,1164.0,1200.0,1235.0,1348.0,1408.0,1593.0,747.0,147.0,389.0,115.0,657.0,3168.0,4511.0,4496.0,4654.0,1544.0,747.0,76.0,381.0,137.0,755.0,3277.0,4681.0,4774.0,4796.0,1583.0,748.0,193.0,512.0,285.0,979.0,3457.0,4810.0,4835.0,5035.0,1666.0,763.0,430.0,911.0,599.0,1663.0,3694.0,4482.0,4642.0,4721.0,1689.0,894.5,481.0,1027.5,748.0,1822.5,3511.0,4066.5,4376.5,4411.5,1948.5,1125.0,532.5,1101.5,1074.5,2122.0,3290.5,3707.5,3920.5,4052.0,2460.0,1492.5,1018.5,1510.0,1735.5,2480.5,3291.5,3641.5,3937.5,4013.5,2867.0,1857.0,1030.5,1571.0,2019.5,2837.5,3368.5,3674.0,4011.5,4166.5,3579.0,2436.5,1119.0,1615.0,2298.5,2861.5,3128.0,3448.0,3783.5,3920.0,3597.0,2517.0,1005.0,1486.0,2231.0,2792.0,2825.0,3205.0,3224.0,3506.0,1829.0,1511.0,505.0,700.0,934.0,1053.0,1094.0,1157.0,1267.0,1286.0,3597.0,2517.0,1005.0,1486.0,2228.0,2629.0,2734.0,3075.0,3166.0,3422.0,3288.5,2355.0,972.5,1307.0,1821.5,2151.5,2302.5,2486.5,2709.0,2845.5,2994.5,2251.0,757.0,1002.0,1379.0,1603.5,1712.5,1857.5,2054.0,2148.0,3044.0,2379.0,836.0,1023.0,1398.0,1604.0,1732.0,1869.0,2052.0,2139.0,1751.0,1370.0,478.0,650.0,916.0,1038.0,1072.0,1177.0,1303.0,1295.0,654.0,577.0,317.0,417.0,514.0,568.0,603.0,627.0,667.0,703.0,1434.0,1159.0,450.0,622.0,770.0,857.0,886.0,974.0,1057.0,1028.0,849.0,743.0,394.0,432.0,475.0,557.0,539.0,566.0,633.0,634.0,2090.0,1811.0,709.0,928.0,1108.0,1236.0,1275.0,1339.0,1405.0,1448.0,1892.0,1614.0,914.0,1089.0,1155.0,1230.0,1175.0,1217.0,1375.0,1324.0,1745.5,1480.5,546.5,674.0,840.5,920.0,938.5,980.0,1069.5,1078.0,2105.0,1826.0,792.0,943.5,1106.0,1208.0,1240.5,1302.5,1388.5,1392.5,2159.5,1836.5,823.5,987.5,1179.0,1273.5,1313.0,1385.5,1475.5,1473.0,"{""type"":""MultiPoint"",""coordinates"":[]}"
927_0,3,2012.0,1657.0,598.0,770.0,1028.0,1156.5,1199.5,1283.0,1393.5,1452.5,2352.5,2071.5,925.5,1205.0,1479.5,1605.0,1643.5,1696.5,1800.0,1784.0,2440.5,2115.0,918.5,1188.5,1471.5,1600.5,1646.5,1723.0,1818.0,1835.5,2383.5,2067.5,906.5,1162.5,1430.0,1549.0,1588.0,1670.0,1756.0,1779.5,234.5,210.0,667.5,889.5,957.5,1086.5,829.5,891.0,860.0,715.0,356.0,285.0,599.0,889.5,914.0,1088.5,995.0,1083.0,995.5,929.0,692.0,466.5,551.5,817.0,712.0,1222.5,1625.5,1720.0,1481.0,1534.0,1076.0,729.5,439.5,775.5,529.5,1226.0,2119.0,2371.5,2343.5,2217.5,1427.5,762.5,326.0,638.5,371.0,1115.0,2963.0,3580.5,3542.5,3594.0,1634.5,874.5,259.5,601.0,388.5,1119.0,2922.0,3628.5,3576.5,3725.5,1579.0,776.5,175.5,392.0,225.0,720.0,2831.5,3820.5,3976.0,4026.0,2282.0,1897.0,642.0,852.0,1154.5,1298.5,1322.0,1448.5,1528.5,1580.5,1589.5,786.5,175.5,418.0,215.5,807.5,3028.0,4073.5,4162.5,4299.5,1667.0,799.0,213.0,584.0,324.5,1088.5,3347.5,4350.0,4508.5,4590.0,1796.5,886.5,391.0,868.5,571.5,1501.0,3500.5,4354.5,4469.0,4651.5,1883.5,1054.0,583.0,1062.0,910.5,1934.5,3422.5,3868.5,4063.0,4187.0,2059.0,1189.0,634.0,1161.5,1081.5,2008.5,3194.5,3610.5,3958.5,3977.5,2429.0,1477.0,672.0,1196.0,1380.0,2121.0,3001.0,3343.0,3652.0,3755.0,3270.5,2093.0,975.5,1436.5,1747.5,2389.0,2984.0,3368.5,3665.5,3872.5,3822.5,2617.5,993.0,1408.0,2005.0,2449.5,2768.5,3047.0,3416.0,3482.5,3449.0,2426.0,823.0,1231.0,1840.5,2261.0,2459.0,2691.0,3047.0,3069.5,2432.0,1875.0,752.5,1003.0,1462.0,1715.5,1735.0,1902.0,1940.5,2084.0,2092.0,1712.0,544.0,759.0,1046.0,1159.0,1229.0,1311.0,1417.0,1448.0,2485.0,1930.5,802.5,1053.0,1494.5,1728.0,1763.0,1921.0,1972.5,2107.0,2437.0,1879.0,901.0,1115.0,1480.0,1708.0,1736.5,1883.0,1975.5,2062.0,2180.0,1764.0,692.5,867.0,1153.5,1309.0,1383.5,1464.5,1563.0,1624.5,2365.5,1916.0,787.0,942.0,1213.5,1384.5,1486.0,1580.5,1602.0,1688.5,1899.0,1422.0,574.5,689.5,957.0,1113.0,1134.5,1217.5,1362.5,1378.0,0.0,0.0,0.0,0.0,0.0,0.0,0.0,0.0,0.0,0.0,1728.0,1383.0,489.0,659.0,868.0,964.0,1018.0,1090.5,1216.0,1246.0,1923.0,1628.0,657.0,772.0,957.5,1051.5,1092.5,1167.0,1253.0,1241.5,2409.5,2040.0,821.0,1022.5,1287.0,1396.0,1441.0,1547.0,1637.5,1673.0,2353.0,1972.0,854.5,972.0,1265.0,1385.5,1415.0,1468.5,1600.0,1585.0,2193.5,1811.5,778.0,877.0,1110.5,1222.0,1191.0,1266.0,1410.5,1416.0,2158.0,1864.5,701.0,868.5,1094.0,1229.5,1282.5,1369.0,1457.5,1477.5,2091.0,1864.5,699.0,898.5,1130.5,1237.5,1282.5,1362.0,1457.5,1469.0,"{""type"":""MultiPoint"",""coordinates"":[]}"
928_0,3,1963.0,1650.0,580.0,769.0,997.0,1131.5,1169.5,1243.5,1326.0,1364.0,2576.5,2198.5,1000.0,1327.5,1633.5,1760.0,1793.5,1862.5,1966.5,1959.5,2581.5,2178.0,940.0,1248.5,1568.5,1700.5,1697.5,1782.0,1885.0,1871.5,2522.5,2173.5,943.5,1233.0,1519.5,1661.5,1636.5,1731.0,1812.5,1816.0,280.5,243.0,519.0,809.0,821.5,1125.0,1000.0,1066.0,1070.0,996.5,269.0,217.5,623.5,896.5,991.5,1262.0,1161.5,1238.0,1253.0,1141.5,700.5,477.5,637.5,896.0,925.5,1257.5,1610.5,1707.5,1757.0,1653.0,1512.0,918.5,486.5,831.5,578.0,1222.5,2482.5,2579.0,2470.0,2556.5,1732.5,919.0,327.0,706.5,379.0,1139.0,3164.5,3748.0,3877.0,3777.5,1847.5,991.5,321.0,712.5,434.5,1262.5,3199.5,3937.0,4077.0,4101.5,1715.0,892.0,294.5,699.5,413.0,1230.5,3209.0,3931.5,4113.0,4200.5,2245.0,1914.5,658.0,880.0,1129.0,1303.5,1315.0,1387.5,1482.5,1506.0,1657.5,853.0,250.5,652.0,369.5,1195.0,3185.5,3926.0,4094.0,4182.5,1514.5,767.0,234.5,593.0,360.0,1126.5,3066.0,3760.5,3929.0,3983.0,1511.5,767.0,287.5,615.0,392.5,1111.0,3111.5,3762.0,3905.0,4088.5,1835.5,961.5,457.0,947.0,575.5,1618.5,3413.0,3925.5,4161.0,4223.5,1849.5,982.5,454.0,982.5,658.5,1655.5,3196.5,3573.5,3998.5,3953.5,2000.0,1138.0,515.0,1099.0,972.0,2039.0,3036.0,3325.0,3667.0,3682.0,2317.0,1362.0,852.5,1467.5,1516.0,2387.5,3092.5,3358.5,3692.0,3753.0,2710.5,1675.0,906.0,1475.5,1777.5,2538.5,2913.5,3185.5,3507.5,3681.5,3672.5,2586.0,1051.5,1517.5,2112.0,2591.5,2784.0,3078.5,3432.0,3509.5,2462.0,1818.5,841.0,1197.5,1698.0,1939.0,1971.5,2119.5,2288.0,2262.0,2116.0,1788.5,561.5,784.5,1050.5,1181.0,1224.5,1287.0,1421.0,1437.5,2575.5,1943.0,829.5,1160.0,1623.5,1806.0,1852.0,2011.0,2204.5,2188.5,2782.0,2174.5,1018.0,1295.0,1717.5,1925.5,1969.5,2082.5,2305.0,2300.0,2509.5,2027.0,764.5,998.5,1320.0,1475.5,1520.5,1615.5,1821.0,1821.5,2569.0,2034.5,791.0,1061.5,1404.0,1550.5,1635.0,1764.5,1896.0,1937.0,2194.5,1509.5,599.0,760.0,1064.0,1179.5,1193.5,1347.0,1493.0,1479.0,0.0,0.0,0.0,0.0,0.0,0.0,0.0,0.0,0.0,0.0,1709.5,1371.0,489.5,693.5,893.5,986.5,1045.5,1083.0,1183.0,1202.5,2018.0,1726.5,680.5,825.0,1025.0,1166.0,1186.5,1253.5,1297.0,1340.0,2399.0,2033.5,833.5,1058.5,1306.5,1426.0,1471.0,1536.5,1637.5,1663.5,2383.0,2018.5,819.0,1026.5,1277.5,1404.0,1391.0,1454.5,1583.5,1606.5,2025.5,1718.0,697.5,843.0,1016.5,1107.0,1109.5,1180.0,1311.5,1301.0,2077.5,1764.0,617.5,838.5,1081.0,1160.0,1201.5,1281.5,1370.0,1392.5,2345.5,2039.0,855.5,1156.0,1448.0,1555.0,1585.5,1652.5,1759.0,1752.0,"{""type"":""MultiPoint"",""coordinates"":[]}"
929_0,3,227.0,198.5,246.5,334.5,409.5,539.5,316.5,384.0,317.5,253.0,1815.5,1518.5,613.5,784.0,953.5,1043.5,1104.5,1176.0,1250.5,1299.5,1952.5,1672.5,658.5,848.5,1041.0,1123.5,1166.0,1247.5,1302.0,1313.5,2189.0,1925.5,835.0,1062.5,1269.0,1386.5,1410.5,1486.0,1534.0,1563.5,2123.0,1904.0,1030.0,1255.0,1357.0,1454.0,1453.0,1521.0,1582.0,1569.0,358.0,352.0,1030.0,1255.0,1311.0,1382.0,947.0,1016.0,948.0,736.0,392.0,319.0,757.0,922.0,921.0,1077.0,907.0,925.0,926.0,768.0,463.0,348.0,674.0,922.0,921.0,1194.0,1048.0,1139.0,1065.0,946.0,543.0,404.0,411.0,703.0,512.0,1073.0,1160.0,1383.0,1196.0,1048.0,809.0,461.0,276.5,468.0,273.0,955.0,2042.5,2380.0,2182.0,2079.5,940.0,548.0,180.5,370.0,186.0,730.0,2257.5,2771.5,2561.0,2501.5,424.5,342.5,304.5,435.0,521.0,626.5,519.0,612.0,595.0,564.5,1331.0,681.5,200.5,388.5,203.0,724.0,2476.0,3459.5,3448.0,3491.0,1301.0,660.0,72.0,268.0,83.0,607.0,2520.0,3570.0,3657.0,3692.0,1379.0,667.0,145.0,419.0,195.0,785.0,2729.0,4044.0,4066.0,4212.0,1522.0,769.0,414.0,850.0,498.0,1439.0,3410.0,4151.0,4341.0,4379.0,1532.0,799.0,418.0,904.0,628.0,1558.0,3294.0,3848.0,4201.0,4141.0,1823.0,1011.5,510.0,1048.0,903.5,1895.5,3240.5,3684.0,3965.5,3987.0,3366.0,2355.0,1162.0,1563.0,1666.0,2336.0,2913.0,3220.0,3392.0,3634.0,3529.5,2551.5,1146.0,1579.0,2178.5,2545.0,2725.5,2965.0,3319.0,3350.0,3516.0,2499.5,1106.5,1505.0,2152.0,2491.0,2673.5,2855.5,3236.0,3281.5,3624.0,2617.0,1046.0,1468.0,2114.0,2480.0,2542.0,2824.0,3010.0,3165.0,258.0,212.0,307.0,357.0,465.0,588.0,467.0,572.0,534.0,533.0,3590.0,2617.0,999.0,1395.0,1925.0,2264.0,2397.0,2549.0,2709.0,2906.0,3412.5,2599.0,992.0,1281.0,1784.5,2045.5,2181.0,2369.0,2592.5,2664.5,1759.5,1387.5,573.5,730.5,998.0,1128.5,1115.0,1236.5,1331.0,1311.0,423.0,311.0,384.0,429.0,496.0,632.0,510.0,589.0,545.0,487.0,196.0,154.0,111.0,194.0,147.0,324.0,282.0,315.0,280.0,264.0,597.0,642.0,656.0,532.0,491.0,598.0,642.0,684.0,589.0,716.0,216.0,196.0,218.0,341.0,423.0,514.0,367.0,412.0,399.0,339.0,253.0,209.0,226.0,289.0,350.0,429.0,368.0,439.0,389.0,386.0,1284.0,853.0,468.0,649.0,764.0,903.0,985.0,1103.0,1227.0,1259.0,1425.0,825.0,455.0,589.0,729.0,967.0,999.0,1118.0,1232.0,1260.0,2111.0,1464.5,658.5,848.5,1026.5,1237.5,1310.5,1448.5,1597.0,1567.5,3706.0,3011.0,1369.5,1619.0,1895.0,2079.5,2262.0,2338.0,2572.5,2528.0,3738.5,3020.5,1422.5,1692.0,1982.0,2153.0,2366.0,2483.5,2663.0,2665.0,"{""type"":""MultiPoint"",""coordinates"":[]}"
930_0,3,1866.0,1566.0,574.0,733.0,996.0,1104.0,1148.5,1220.0,1343.0,1361.0,2560.5,2152.5,1031.0,1352.5,1646.0,1780.5,1846.0,1926.5,2054.5,2029.5,2581.0,2159.5,973.0,1281.0,1610.5,1739.5,1805.5,1869.5,1987.5,1987.5,2497.5,2106.5,996.0,1273.0,1568.5,1689.0,1745.0,1823.5,1929.0,1921.0,391.5,336.0,790.5,1027.0,1100.0,1340.5,1080.5,1142.0,1120.0,967.5,258.5,225.5,576.0,852.5,922.0,1184.0,928.5,1025.0,961.0,854.0,473.5,352.0,597.5,896.5,896.5,1204.0,1072.0,1204.0,1083.0,1005.5,852.5,633.5,542.0,878.5,757.5,1228.0,1636.5,1734.5,1581.0,1598.0,1314.0,818.5,368.0,736.0,451.5,1110.5,2371.5,2758.0,2708.0,2643.0,1840.0,1016.0,323.5,753.0,471.5,1289.5,2966.0,3609.0,3596.5,3715.5,1735.5,922.0,291.0,683.5,434.0,1212.5,2835.5,3483.0,3625.0,3611.0,2171.0,1846.0,668.0,887.0,1150.0,1319.0,1332.5,1402.0,1479.5,1563.5,1625.5,851.5,268.5,619.0,383.0,1121.0,2743.5,3384.0,3452.5,3490.5,1448.5,731.0,197.0,545.5,307.0,1017.0,2729.5,3393.0,3476.5,3602.0,1384.5,704.5,228.5,576.0,274.0,973.0,2903.5,3561.0,3636.5,3737.5,1723.5,879.0,471.0,978.0,514.5,1535.5,3423.0,3962.5,4121.5,4133.5,1775.0,944.0,464.5,1063.0,619.5,1694.5,3305.0,3651.5,4039.0,3939.0,1858.0,1076.0,535.0,1191.0,901.0,2055.0,3096.0,3447.0,3635.0,3672.0,2200.5,1258.0,796.5,1480.0,1341.5,2420.0,3221.5,3467.5,3776.5,3796.0,2590.5,1583.0,815.5,1485.5,1742.0,2584.0,2956.5,3194.0,3574.5,3668.0,3896.0,2642.0,1073.5,1535.5,2120.5,2542.5,2770.0,3048.0,3420.0,3489.5,1796.5,1389.5,507.0,720.0,1004.0,1136.0,1203.5,1300.0,1387.5,1412.5,2002.0,1694.5,559.0,784.5,1039.0,1162.5,1238.0,1310.0,1436.0,1434.0,1833.5,1459.5,525.0,730.5,989.0,1116.0,1171.0,1281.5,1362.5,1388.5,2145.0,1723.0,854.5,1014.0,1235.0,1385.5,1447.5,1541.5,1644.5,1656.5,1862.0,1551.5,549.0,718.5,931.0,1039.5,1096.5,1170.5,1260.5,1271.5,2006.5,1730.5,640.5,803.5,1003.5,1123.0,1184.5,1276.0,1309.0,1350.0,1643.0,1379.0,457.5,566.0,756.5,843.0,908.5,975.5,1096.0,1079.5,0.0,0.0,0.0,0.0,0.0,0.0,0.0,0.0,0.0,0.0,1562.0,1198.0,437.5,609.0,836.5,948.5,998.0,1042.0,1157.0,1150.5,1932.5,1622.0,697.5,831.5,1019.5,1126.5,1174.5,1274.5,1387.0,1388.5,2313.0,1930.0,841.0,1067.0,1312.5,1438.5,1465.5,1581.5,1679.5,1699.0,2309.0,1915.5,877.0,1090.0,1314.5,1426.0,1479.5,1565.5,1737.5,1663.0,2156.0,1772.5,825.5,963.0,1163.0,1271.0,1333.5,1432.5,1540.5,1534.5,2186.5,1856.0,734.0,948.5,1198.0,1321.0,1374.0,1469.0,1577.0,1570.0,2302.0,1973.0,851.5,1135.0,1428.5,1518.5,1589.0,1634.0,1783.5,1748.5,"{""type"":""MultiPoint"",""coordinates"":[]}"
931_0,3,1633.5,1363.0,581.5,714.0,921.0,1004.0,1039.0,1076.5,1183.0,1204.0,2436.5,2140.5,1023.5,1302.5,1546.5,1662.5,1696.5,1770.0,1857.0,1860.0,2454.0,2151.5,918.0,1200.0,1435.0,1566.0,1595.5,1677.5,1750.5,1778.5,2526.5,2219.0,980.0,1275.0,1528.5,1659.0,1692.5,1765.0,1831.0,1858.5,290.0,274.0,778.0,1047.0,1083.0,1187.0,865.0,874.0,864.0,687.0,290.0,274.0,778.0,1047.0,1083.0,1187.0,865.0,937.0,892.0,731.0,332.0,253.0,617.0,902.0,938.0,1162.0,1011.0,1094.0,991.0,876.0,602.0,447.0,597.0,897.0,810.0,1297.0,1336.0,1434.0,1375.0,1196.0,657.0,508.0,576.0,859.0,784.0,1255.0,1670.0,1830.0,1760.0,1680.0,818.0,528.5,363.5,610.5,482.0,981.0,1643.5,1861.5,1776.5,1679.0,1188.0,689.0,301.0,557.5,369.0,1004.5,2262.5,2771.0,2701.5,2678.5,1873.0,1612.0,708.0,873.5,1073.0,1176.0,1191.0,1262.0,1344.0,1372.0,1419.0,733.0,309.0,592.0,405.0,1028.0,2409.0,3013.0,2976.0,3018.0,1261.0,631.0,187.0,464.0,275.0,861.0,2409.0,2963.0,2991.0,3018.0,1222.0,621.0,187.0,454.0,247.0,814.0,2591.0,3182.0,3191.0,3274.0,1396.0,688.0,361.0,685.0,370.0,1097.0,2948.0,3510.0,3596.0,3640.0,1616.0,839.0,378.0,892.0,506.0,1481.0,3215.0,3784.0,3936.0,3905.0,1699.0,934.0,423.0,979.5,579.0,1661.5,3061.0,3398.0,3557.0,3595.0,1981.0,1077.0,747.0,1316.0,1120.0,2119.0,2925.0,3178.0,3436.0,3476.0,2266.0,1407.5,716.5,1299.0,1310.0,2215.5,2900.0,3142.5,3401.0,3476.0,3068.5,2114.5,949.5,1440.5,1823.0,2441.0,2830.5,3063.0,3368.0,3422.5,3120.0,2155.0,842.0,1181.0,1762.0,2101.0,2180.0,2383.0,2487.0,2691.0,1735.0,1445.0,485.0,694.0,934.0,1027.0,1070.0,1123.0,1222.0,1212.0,3459.0,2658.0,890.0,1254.0,1785.0,2048.0,2215.0,2322.0,2432.0,2630.0,3326.5,2583.5,884.5,1144.0,1599.0,1897.0,1990.0,2167.5,2314.0,2417.5,2998.0,2405.5,693.5,919.5,1259.5,1466.5,1577.0,1709.5,1885.5,1947.0,3173.0,2648.0,802.0,977.0,1299.0,1494.0,1613.0,1767.0,1905.0,2013.0,2528.0,1621.0,587.0,742.0,1029.0,1191.0,1269.0,1416.0,1642.0,1596.0,938.0,842.0,830.0,764.0,801.0,845.0,915.0,989.0,1015.0,1049.0,1678.0,1406.0,521.0,737.0,908.0,995.0,1051.0,1084.0,1188.0,1189.0,1852.0,1600.0,682.0,860.0,1041.0,1088.0,1125.0,1175.0,1301.0,1267.0,2244.0,1982.0,772.0,1023.0,1263.0,1371.0,1431.0,1485.0,1576.0,1579.0,2415.0,2175.0,1001.0,1201.0,1434.0,1539.0,1579.0,1650.0,1781.0,1748.0,1844.0,1584.0,557.0,700.0,918.0,1019.0,1012.0,1076.0,1144.0,1155.0,1913.0,1664.0,695.0,832.0,1030.0,1129.0,1159.0,1210.0,1290.0,1301.0,2173.0,1936.5,800.5,1008.5,1236.0,1335.0,1363.5,1435.5,1536.5,1521.5,"{""type"":""MultiPoint"",""coordinates"":[]}"
932_0,3,1723.0,1423.5,546.5,648.5,900.0,1003.0,1054.0,1125.5,1228.5,1274.0,1962.0,1697.5,701.5,906.0,1133.0,1237.5,1275.5,1328.5,1423.0,1439.5,2162.5,1890.5,863.0,1092.0,1329.5,1435.5,1433.5,1500.0,1567.5,1580.0,2453.0,2166.0,1033.5,1290.5,1565.0,1684.5,1708.5,1778.0,1851.5,1856.0,2018.0,1754.0,994.0,1228.0,1466.0,1624.0,1573.0,1621.0,1666.0,1687.0,391.0,363.0,915.0,1188.0,1096.0,1317.0,961.0,965.0,918.0,726.0,390.0,310.0,581.0,856.0,837.0,1083.0,960.0,1010.0,997.0,854.0,404.0,310.0,533.0,833.0,832.0,1085.0,960.0,1049.0,958.0,887.0,476.0,384.0,455.0,704.0,701.0,944.0,911.0,995.0,870.0,839.0,800.0,486.0,222.5,472.5,328.5,832.5,1501.0,1751.0,1607.0,1582.0,1237.0,667.5,181.5,410.5,203.0,749.0,2340.0,2952.5,2957.5,2918.5,1880.0,1571.0,642.0,789.0,988.0,1133.0,1153.0,1209.0,1317.0,1348.0,1358.0,713.0,147.0,379.0,159.0,677.0,2517.0,3399.0,3266.0,3270.0,1392.0,708.0,88.0,375.0,143.0,763.0,2750.0,3749.0,3706.0,3661.0,1461.0,758.0,184.0,500.0,267.0,937.0,2957.0,4004.0,3980.0,4069.0,1529.0,801.0,432.0,842.0,575.0,1474.0,3024.0,3583.0,3696.0,3728.0,1624.0,889.5,464.5,947.0,693.0,1620.0,2817.0,3260.0,3470.0,3435.5,2036.5,1266.5,532.0,983.0,1138.5,1839.5,2520.0,2820.5,3072.0,3200.0,2649.0,1682.0,862.5,1315.5,1700.5,2245.5,2660.0,2917.0,3251.5,3331.0,3095.5,2065.5,1008.5,1440.0,2016.5,2556.0,2904.5,3178.5,3521.0,3587.0,4233.0,2895.0,1175.0,1584.0,2319.0,2753.0,2985.0,3292.0,3755.0,3717.0,4196.5,2896.0,1111.5,1582.0,2410.0,2791.0,2960.0,3227.5,3578.5,3755.5,1885.0,1586.5,597.0,729.5,976.0,1089.5,1125.5,1187.5,1307.0,1317.5,3715.5,2707.0,946.5,1328.0,1941.5,2188.0,2382.0,2601.5,2959.5,2959.5,3683.0,2700.5,1032.5,1353.0,1905.0,2191.0,2318.0,2546.5,2837.0,2899.5,3238.5,2572.5,780.0,968.0,1360.0,1539.0,1660.0,1801.0,2045.5,2071.0,3208.0,2516.5,760.0,941.0,1303.0,1489.0,1612.0,1749.5,1918.0,1961.5,1450.0,1190.0,379.0,472.0,684.0,761.0,786.0,854.0,952.0,934.0,1344.0,1234.0,1070.0,1041.0,1025.0,1132.0,1328.0,1449.0,1416.0,1524.0,1529.0,1231.0,483.0,637.0,817.0,913.0,926.0,997.0,1096.0,1121.0,1751.0,1480.0,627.0,722.0,872.0,963.0,1003.0,1046.0,1145.0,1176.0,2165.0,1877.0,785.0,968.0,1193.0,1317.0,1347.0,1425.0,1498.0,1528.0,2110.0,1811.5,793.5,916.0,1143.5,1248.5,1262.0,1346.0,1455.5,1437.5,1694.5,1436.0,529.5,641.5,832.5,927.5,923.0,984.5,1062.0,1074.5,2056.0,1786.5,780.5,918.0,1090.0,1191.5,1303.5,1403.0,1489.5,1518.5,2047.0,1724.0,780.0,934.0,1097.0,1223.0,1327.0,1435.5,1537.5,1534.0,"{""type"":""MultiPoint"",""coordinates"":[]}"
933_0,3,2031.0,1579.5,803.0,879.0,1053.5,1185.0,1218.5,1291.5,1390.5,1440.0,2333.0,2103.0,661.0,918.0,1232.0,1370.0,1403.0,1466.0,1600.0,1620.0,2388.0,2217.0,756.0,969.0,1276.0,1460.0,1422.0,1498.0,1600.0,1621.0,2557.5,2377.0,849.0,1137.0,1504.0,1650.0,1669.5,1753.5,1869.0,1893.5,839.0,728.0,631.0,761.0,875.0,1146.0,980.0,1026.0,872.0,918.0,839.0,728.0,951.0,1035.0,1105.0,1204.0,980.0,1026.0,1072.0,918.0,756.0,560.0,369.0,602.0,498.0,893.0,1202.0,1290.0,1330.0,1248.0,1345.0,894.0,369.0,657.0,503.0,1051.0,1799.0,2184.0,2262.0,2103.0,1283.0,829.0,202.0,447.0,298.0,868.0,1832.0,2240.0,2301.0,2165.0,1431.5,804.5,122.5,394.5,152.5,703.5,2472.0,3175.5,3268.0,3263.0,1466.5,773.0,125.5,348.0,135.5,659.5,2573.0,3661.0,3745.0,3680.0,3187.5,2759.0,1617.5,1676.5,1862.5,1996.0,2136.5,2164.5,2305.0,2335.5,1408.0,728.0,105.0,267.0,112.0,501.0,2480.0,3912.0,4014.0,4050.5,1289.0,680.5,62.0,229.5,72.5,444.5,2424.0,3870.0,4053.0,4071.5,1266.0,678.0,424.0,596.0,448.0,795.0,2439.0,3818.0,3876.0,3966.0,1411.0,741.0,561.0,851.0,567.0,1272.0,2982.0,3931.0,4169.0,4243.0,1456.0,775.0,438.0,789.0,567.0,1289.0,2927.0,3912.0,4171.0,4162.0,1556.0,908.0,369.0,789.0,603.0,1388.0,2911.0,3561.0,3851.0,3958.0,2893.5,1812.0,1174.5,1683.5,2144.5,2785.5,3410.0,3787.5,4346.0,4294.5,3428.5,2277.5,1362.0,1915.5,2505.5,2980.5,3435.5,3781.5,4303.5,4312.0,4478.5,3118.0,1404.5,1981.0,2951.0,3442.5,3685.5,4012.5,4461.5,4559.5,4241.0,3030.0,1500.0,2035.0,2910.0,3491.0,3459.0,3734.0,3950.0,4172.0,3255.5,2762.0,834.0,1054.0,1393.5,1589.0,1621.5,1758.0,1995.0,2003.5,4002.0,3006.0,1254.0,1699.0,2308.0,2571.0,2695.0,2934.5,3161.5,3243.0,4357.5,3629.0,2611.5,2854.0,3230.0,3516.0,3588.5,3752.5,3917.5,3981.0,3335.5,2732.5,1011.5,1257.5,1606.5,1819.5,1891.5,2079.0,2242.0,2262.5,3360.5,2828.5,1069.0,1279.0,1591.0,1807.0,1878.0,2063.5,2202.0,2271.0,2886.0,2234.5,764.5,998.5,1328.0,1552.0,1686.0,1789.0,1976.5,2006.0,0.0,0.0,0.0,0.0,0.0,0.0,0.0,0.0,0.0,0.0,3456.0,2824.0,887.0,1177.0,1548.0,1837.0,1869.0,1979.0,2206.0,2281.0,3577.5,2950.0,1079.0,1294.5,1602.0,1866.5,2033.5,2179.0,2430.5,2412.5,3316.5,2698.0,914.0,1170.0,1414.0,1709.0,1969.0,2156.0,2373.0,2315.0,2085.5,1795.5,559.0,703.5,954.5,1104.0,1123.0,1203.5,1308.0,1336.0,2158.0,1886.0,582.0,715.0,1030.0,1166.0,1128.0,1185.0,1303.0,1329.0,2085.0,1839.0,614.0,790.0,1096.0,1179.0,1160.0,1306.0,1434.0,1412.0,2148.0,1941.5,604.5,799.5,1114.0,1201.5,1210.5,1324.5,1452.5,1430.5,"{""type"":""MultiPoint"",""coordinates"":[]}"
934_0,3,1729.0,1415.0,586.0,723.5,953.5,1058.0,1098.5,1155.5,1256.0,1281.5,2362.5,2082.0,930.5,1200.5,1455.5,1571.5,1596.5,1669.5,1775.5,1767.5,2338.5,2061.0,837.0,1088.5,1337.5,1449.0,1483.5,1552.5,1650.5,1628.5,2248.0,1982.0,819.0,1052.5,1287.5,1381.5,1416.5,1471.0,1566.5,1572.0,352.0,330.0,636.0,820.0,970.0,1072.0,931.0,1000.0,975.0,774.0,352.0,330.0,802.0,1031.0,1092.0,1250.0,1028.0,1076.0,1040.0,952.0,365.0,276.0,616.0,870.0,940.0,1177.0,1044.0,1133.0,1109.0,1000.0,673.0,453.0,605.0,870.0,846.0,1225.0,1420.0,1518.0,1453.0,1313.0,957.0,566.0,516.0,821.0,663.0,1130.0,1682.0,1852.0,1757.0,1781.0,985.0,570.0,272.5,534.0,362.5,899.5,1887.5,2099.5,2160.5,2039.0,1217.0,663.0,216.0,489.0,279.0,920.0,2392.5,3012.0,3113.0,2916.5,1959.0,1661.0,706.5,878.5,1117.0,1221.0,1263.0,1321.5,1401.0,1429.5,1354.0,704.0,239.0,488.0,298.0,845.0,2500.0,3289.0,3387.0,3287.0,1222.0,598.0,112.0,378.0,189.0,775.0,2532.0,3301.0,3463.0,3382.0,1211.0,586.0,112.0,337.0,139.0,655.0,2706.0,3514.0,3651.0,3674.0,1461.0,715.0,319.0,681.0,336.0,1068.0,3311.0,4181.0,4307.0,4255.0,1571.0,799.0,329.0,801.0,423.0,1348.0,3379.0,4104.0,4435.0,4214.0,1611.5,842.0,366.5,874.0,472.5,1522.5,3239.0,3704.0,3891.0,3923.5,1890.0,974.0,753.0,1377.0,1103.0,2079.0,3258.0,3574.0,3891.0,3944.0,2244.5,1347.5,786.5,1492.5,1354.0,2543.0,3429.0,3690.5,4115.5,4072.0,3337.5,2288.5,1119.0,1710.5,1999.5,2831.5,3285.0,3556.0,4000.0,4024.0,2648.0,1731.0,829.0,1151.0,1603.0,1798.0,1970.0,2003.0,2216.0,2407.0,1787.0,1493.0,515.0,729.0,996.0,1104.0,1135.0,1177.0,1294.0,1277.0,2804.0,2154.0,806.0,1134.0,1552.0,1798.0,1899.0,2003.0,2074.0,2228.0,2672.5,2064.0,823.5,1060.5,1402.5,1585.5,1648.0,1790.0,1938.0,1950.5,2403.5,1928.5,641.0,809.5,1107.0,1233.5,1290.0,1394.5,1515.0,1583.5,2594.0,2121.0,768.0,897.0,1170.0,1299.0,1402.0,1462.0,1567.0,1709.0,1985.0,1467.0,509.0,636.0,893.0,980.0,1083.0,1149.0,1307.0,1312.0,792.0,615.0,708.0,707.0,645.0,657.0,657.0,704.0,926.0,782.0,1700.0,1463.0,548.0,710.0,892.0,982.0,1003.0,1092.0,1185.0,1158.0,1485.0,1232.0,608.0,679.0,837.0,907.0,922.0,961.0,1024.0,1041.0,2078.0,1799.0,671.0,881.0,1102.0,1210.0,1240.0,1292.0,1377.0,1426.0,2137.0,1988.0,870.0,1041.0,1276.0,1355.0,1391.0,1468.0,1603.0,1565.0,1838.0,1577.0,567.0,692.0,909.0,1023.0,972.0,1067.0,1139.0,1132.0,1880.0,1589.0,675.0,784.0,989.0,1066.0,1110.0,1185.0,1250.0,1252.0,2054.0,1830.0,697.5,875.0,1101.5,1197.5,1244.5,1312.5,1410.0,1407.5,"{""type"":""MultiPoint"",""coordinates"":[]}"
935_0,3,1828.5,1542.0,452.5,591.5,835.0,968.5,1005.0,1093.5,1210.5,1257.5,2130.0,1864.5,851.0,1082.5,1326.0,1443.5,1492.0,1534.5,1628.0,1624.0,2226.0,1960.0,810.0,1037.5,1287.5,1401.5,1439.5,1515.0,1616.0,1630.0,2040.0,1827.0,818.5,1026.0,1262.0,1376.5,1417.0,1484.5,1579.5,1592.0,298.0,285.5,709.0,920.0,950.0,1050.0,890.0,935.5,908.5,812.5,368.5,351.0,862.0,987.0,1056.0,1206.5,1113.5,1146.5,1202.0,1074.5,383.0,292.0,485.5,690.5,595.0,969.0,1062.5,1181.5,1067.5,919.5,703.5,513.0,352.5,612.5,405.0,947.0,1581.0,1701.5,1704.5,1477.5,1154.5,647.5,226.0,487.5,262.5,917.0,2836.5,3442.5,3493.5,3267.0,1509.0,824.5,221.5,537.5,378.0,997.5,2777.0,3504.0,3649.5,3721.5,1529.0,804.5,188.5,416.5,279.5,796.5,2618.5,3662.0,3825.5,3942.0,2073.0,1769.0,514.5,708.0,954.5,1105.5,1158.5,1245.0,1350.5,1388.5,1576.5,815.0,191.5,415.5,253.5,794.0,2870.5,3799.5,3893.0,4088.0,1643.5,787.0,191.5,503.0,247.5,916.5,3190.5,4117.0,4352.0,4397.0,1729.0,857.0,393.5,834.0,507.5,1461.5,3455.0,4311.5,4379.0,4549.0,1940.5,1047.0,595.0,1115.0,870.5,1915.0,3470.5,3965.5,4154.0,4267.5,2067.5,1156.5,633.5,1172.5,1045.5,2006.5,3185.5,3628.0,3995.5,3971.5,2316.0,1409.0,645.0,1158.0,1259.0,2078.0,3010.0,3355.0,3598.0,3719.0,3081.0,1954.0,936.0,1342.5,1618.0,2252.5,2784.5,3142.5,3420.0,3521.5,3601.5,2454.0,892.0,1250.5,1866.5,2287.5,2582.0,2830.0,3209.5,3225.5,3627.5,2503.0,866.5,1291.5,1888.5,2288.5,2570.5,2857.5,3267.0,3343.5,2438.5,1868.0,736.0,984.0,1409.5,1681.5,1755.5,1943.0,1950.0,2077.5,1934.0,1627.0,412.5,626.0,890.5,1029.5,1084.5,1180.0,1316.0,1354.0,2453.5,1907.0,762.0,1039.0,1445.5,1671.0,1732.5,1910.5,1943.5,2065.0,2395.5,1867.0,873.0,1099.0,1448.5,1655.5,1740.0,1864.0,2010.0,2053.0,2153.0,1741.0,634.0,814.5,1090.0,1255.0,1308.0,1427.5,1549.5,1591.0,2438.5,1962.5,769.0,1004.0,1307.5,1476.5,1546.0,1660.0,1803.5,1829.0,2062.0,1521.5,1769.5,1765.0,1850.0,1977.5,2012.0,2075.0,2216.0,2145.0,0.0,0.0,0.0,0.0,0.0,0.0,0.0,0.0,0.0,0.0,1608.0,1252.5,430.0,571.0,794.5,891.5,952.5,1034.5,1154.5,1180.0,1874.0,1554.0,550.5,687.0,873.5,1026.0,1077.5,1182.5,1268.5,1282.5,2291.0,1919.0,703.0,902.5,1100.5,1311.5,1404.0,1470.0,1625.5,1657.5,2290.5,1868.0,721.5,879.0,1100.5,1255.5,1392.0,1467.5,1656.5,1652.0,1837.5,1465.0,540.0,678.0,895.0,1019.5,1110.0,1190.5,1360.0,1359.5,1893.5,1681.5,559.5,724.0,919.5,1033.5,1106.5,1194.5,1283.0,1289.0,1934.5,1742.0,577.5,763.5,961.5,1079.0,1134.0,1226.5,1325.5,1309.0,"{""type"":""MultiPoint"",""coordinates"":[]}"
936_0,3,3197.5,2556.5,935.5,1059.5,1387.5,1556.5,1662.0,1782.0,1956.5,2027.5,2169.0,1994.0,678.0,889.0,1168.0,1278.0,1320.0,1431.0,1529.0,1560.0,2294.0,2153.0,745.0,944.0,1216.0,1345.0,1357.0,1474.0,1537.0,1560.0,2218.5,2090.5,762.5,985.0,1256.0,1358.0,1407.0,1488.0,1578.5,1590.0,673.0,574.0,789.0,886.0,952.0,1098.0,994.0,1019.0,1059.0,984.0,490.0,403.0,451.0,621.0,609.0,809.0,808.0,955.0,924.0,781.0,792.0,578.0,378.0,682.0,499.0,945.0,1260.0,1350.0,1267.0,1207.0,1984.0,1307.0,383.0,712.0,544.0,1075.0,1975.0,2306.0,2229.0,2308.0,1230.0,774.0,266.0,495.0,350.0,742.0,1658.0,2042.0,1960.0,1923.0,1039.5,561.5,132.0,339.5,171.5,568.5,1803.5,2325.0,2314.5,2313.5,1223.0,597.0,86.5,281.5,94.0,491.0,2152.0,3068.5,3159.0,3153.0,3278.0,2843.5,1134.0,1132.5,1305.5,1419.0,1517.5,1637.5,1858.5,1861.5,1290.0,599.5,82.0,275.0,67.0,466.5,2415.0,3736.0,3799.5,3848.0,1104.5,536.5,56.0,259.5,41.0,457.0,2440.0,3683.0,3715.0,3813.0,1168.0,539.0,457.0,742.0,501.0,1078.0,2834.0,3700.0,3805.0,3923.0,1314.0,679.0,587.0,933.0,697.0,1465.0,3070.0,3769.0,3886.0,3946.0,1314.0,703.0,514.0,923.0,720.0,1519.0,2846.0,3362.0,3586.0,3605.0,1627.0,928.0,460.0,929.0,976.0,1760.0,2672.0,2997.0,3236.0,3346.0,4123.5,2863.0,1224.0,1700.0,2310.5,2920.5,3196.0,3496.0,3857.0,3951.5,4454.0,3158.5,1327.0,1832.0,2497.0,3060.5,3316.0,3608.0,3971.0,4085.5,3734.0,2960.0,1242.0,1627.0,2255.0,2592.0,2821.0,3016.0,3364.0,3369.0,3818.0,2763.5,1168.5,1618.0,2284.5,2700.0,2836.0,3041.0,3261.5,3425.0,3358.5,2869.5,747.0,966.5,1311.5,1510.0,1567.5,1684.5,1911.5,1924.0,3969.5,3111.0,1048.0,1403.0,1899.5,2194.5,2385.5,2539.5,2721.0,2858.0,4981.0,4448.0,2908.0,3087.0,3430.5,3746.5,3876.0,3958.0,4184.5,4149.0,3511.0,2978.5,916.0,1069.0,1342.5,1590.0,1714.5,1903.5,2037.0,2116.0,3380.0,2875.0,908.5,1079.0,1303.5,1571.0,1710.5,1917.0,1992.5,2097.0,2709.5,2114.0,657.0,864.0,1135.0,1393.0,1542.5,1685.0,1872.5,1904.5,0.0,0.0,0.0,0.0,0.0,0.0,0.0,0.0,0.0,0.0,3648.0,2998.0,866.0,1141.0,1576.0,1818.0,1850.0,2006.0,2174.0,2292.0,3847.0,3273.0,1278.0,1490.0,1920.0,2234.0,2384.0,2604.0,2751.0,2914.0,3487.0,2909.0,939.0,1196.0,1604.0,1836.0,1924.0,2023.0,2259.0,2336.0,1888.0,1668.5,550.5,669.0,913.0,961.0,1018.0,1103.0,1228.0,1217.5,1983.0,1754.0,585.0,712.0,1002.0,1039.0,1026.0,1143.0,1263.0,1215.0,1929.0,1802.0,542.5,711.5,969.5,1060.5,1084.5,1145.5,1282.0,1295.0,1990.0,1857.0,593.0,777.0,1037.0,1133.0,1178.0,1241.5,1365.5,1376.5,"{""type"":""MultiPoint"",""coordinates"":[]}"
937_0,3,1800.5,1491.0,642.0,767.0,1016.0,1112.0,1165.0,1233.5,1348.5,1338.0,2241.5,1909.0,830.0,1052.5,1291.0,1412.0,1456.5,1536.0,1634.5,1627.5,2318.5,1998.0,823.5,1106.0,1397.5,1516.5,1554.5,1621.5,1713.5,1726.0,2655.5,2295.5,1157.5,1494.0,1820.0,1954.5,1978.0,2019.5,2105.0,2089.0,2081.0,1627.0,1057.0,1296.0,1507.0,1601.0,1641.0,1666.0,1715.0,1729.0,830.0,661.0,857.0,1201.0,1218.0,1496.0,1340.0,1391.0,1239.0,1470.0,381.0,325.0,579.0,855.0,851.0,1295.0,1226.0,1282.0,1187.0,1093.0,444.0,310.0,579.0,830.0,797.0,1107.0,1178.0,1308.0,1197.0,1101.0,848.0,627.0,482.0,770.0,645.0,1023.0,1657.0,1767.0,1621.0,1597.0,1398.5,741.5,199.5,508.0,221.0,871.5,2505.5,3038.5,3038.0,3020.5,1638.0,786.5,112.5,365.0,93.0,672.5,2942.0,4123.5,4184.0,4099.0,1960.0,1658.0,694.0,869.0,1088.0,1228.0,1261.0,1329.0,1397.0,1416.0,1563.0,724.0,128.0,369.0,89.0,647.0,3100.0,4453.0,4379.0,4497.0,1516.0,710.0,46.0,339.0,53.0,698.0,3241.0,4694.0,4808.0,4777.0,1540.0,710.0,141.0,464.0,205.0,898.0,3396.0,4795.0,4904.0,5031.0,1617.0,753.0,408.0,905.0,539.0,1615.0,3755.0,4544.0,4823.0,4814.0,1634.0,865.0,448.5,1009.5,686.0,1786.5,3541.5,4190.5,4565.0,4434.0,1909.5,1089.5,527.0,1127.5,1057.0,2090.5,3354.5,3786.5,4139.0,4177.0,2443.0,1446.0,988.5,1570.5,1738.5,2495.0,3350.0,3677.0,4151.0,4100.0,2814.0,1798.5,1077.0,1635.5,2042.5,2849.5,3459.5,3798.0,4247.5,4173.0,3588.0,2432.0,1149.0,1685.0,2346.5,2936.0,3228.5,3505.0,3902.0,3993.5,3872.0,2587.0,1182.0,1660.0,2524.0,2955.0,3188.0,3506.0,3800.0,3853.0,1867.0,1594.0,543.0,755.0,1003.0,1115.0,1177.0,1235.0,1353.0,1341.0,3644.0,2577.0,1008.0,1419.0,2112.0,2414.0,2691.0,2861.0,3150.0,3271.0,3439.5,2417.0,1078.0,1433.5,2050.0,2317.5,2485.0,2714.5,3020.0,3016.0,2992.5,2305.0,773.5,1023.0,1399.0,1649.0,1730.5,1866.0,2095.5,2123.5,3095.0,2448.0,837.0,1067.0,1428.0,1692.0,1721.0,1887.0,2041.0,2093.0,1756.0,1375.0,515.0,692.0,974.0,1070.0,1129.0,1188.0,1357.0,1347.0,636.0,568.0,328.0,414.0,519.0,558.0,593.0,633.0,670.0,685.0,1447.0,1132.0,458.0,636.0,787.0,911.0,913.0,1005.0,1096.0,1082.0,786.0,638.0,348.0,384.0,448.0,496.0,530.0,577.0,522.0,602.0,2161.0,1868.0,753.0,956.0,1155.0,1303.0,1350.0,1431.0,1533.0,1534.0,1955.0,1675.0,966.0,1140.0,1327.0,1403.0,1383.0,1507.0,1540.0,1602.0,1798.5,1524.0,596.5,732.0,912.5,1010.5,1012.0,1054.0,1159.5,1174.5,2179.0,1897.0,864.5,1013.0,1200.0,1278.5,1319.5,1392.0,1518.0,1488.5,2220.0,1904.0,880.5,1057.5,1255.0,1354.5,1386.0,1459.5,1577.0,1567.5,"{""type"":""MultiPoint"",""coordinates"":[]}"
938_0,3,3305.5,2661.0,1068.0,1181.5,1458.0,1622.5,1749.5,1907.0,2178.0,2161.5,2117.0,1942.0,640.0,875.0,1172.0,1288.0,1303.0,1420.0,1523.0,1539.0,2372.0,2263.0,793.0,1037.0,1359.0,1509.0,1522.0,1645.0,1717.0,1756.0,528.0,520.0,430.0,518.0,587.5,685.0,537.5,578.0,520.5,467.5,385.0,339.0,687.0,805.0,810.0,865.0,649.0,696.0,665.0,563.0,328.0,290.0,331.0,530.0,548.0,716.0,596.0,667.0,608.0,563.0,478.0,393.0,300.0,556.0,441.0,752.0,794.0,833.0,706.0,734.0,1000.0,660.0,368.0,693.0,532.0,974.0,1498.0,1683.0,1559.0,1571.0,946.0,535.0,169.0,429.0,246.0,663.0,1502.0,1857.0,1778.0,1674.0,1239.0,603.0,69.0,300.0,85.0,558.0,2250.5,3076.0,3093.5,3023.5,1221.5,559.0,29.5,198.0,29.5,396.5,2260.5,3443.5,3489.5,3421.5,4923.5,4278.0,2735.5,2882.0,3216.5,3501.5,3523.0,3605.0,3734.0,3821.0,1203.0,556.5,28.0,176.0,27.0,417.5,2266.5,3715.5,3803.0,3841.0,1096.5,520.0,40.5,268.0,49.5,539.5,2412.0,3792.5,3882.5,3895.5,1166.0,552.0,437.0,712.0,488.0,1035.0,2756.0,3845.0,3926.0,3900.0,1300.0,680.0,576.0,935.0,687.0,1431.0,2928.0,3592.0,3788.0,3846.0,1318.0,704.0,477.0,872.0,687.0,1447.0,2703.0,3156.0,3466.0,3489.0,1625.0,926.0,411.0,868.0,865.0,1681.0,2701.0,3063.0,3272.0,3359.0,4324.5,3071.5,1123.5,1583.5,2261.0,2839.0,3093.5,3452.0,3718.5,3934.0,4283.5,3182.0,1155.5,1578.5,2316.0,2686.5,2912.0,3159.5,3465.0,3532.0,3881.0,2913.0,1110.0,1532.0,2122.0,2434.0,2626.0,2858.0,3225.0,3268.0,3544.0,2620.0,1010.5,1347.5,1941.5,2272.5,2358.5,2537.5,2707.5,2849.5,3375.0,2764.0,712.0,961.0,1351.0,1544.0,1619.0,1746.0,1975.0,2028.0,3727.5,2962.0,938.5,1227.0,1687.0,1951.0,2103.5,2247.5,2419.5,2536.5,4829.0,4181.5,2674.5,2852.0,3180.0,3473.0,3591.0,3682.0,3934.0,3873.5,3394.5,2900.0,910.0,1058.0,1343.5,1569.5,1683.0,1831.5,1975.0,2057.5,3247.0,2765.0,865.0,1023.0,1289.5,1517.0,1633.5,1783.5,1901.5,1995.0,2156.5,1617.0,496.5,693.5,958.0,1144.5,1261.0,1390.5,1548.5,1593.5,0.0,0.0,0.0,0.0,0.0,0.0,0.0,0.0,0.0,0.0,3770.0,3025.0,927.0,1334.0,1837.0,2127.0,2134.0,2330.0,2609.0,2602.0,4155.0,3536.0,1331.0,1512.0,1938.0,2271.0,2294.0,2422.0,2642.0,2742.0,3709.0,3079.0,1096.0,1424.0,1755.0,2014.0,2099.0,2193.0,2501.0,2511.0,2286.5,1922.5,696.5,824.5,1064.0,1161.5,1203.5,1307.5,1482.5,1478.5,1408.0,1196.0,415.0,529.0,731.0,794.0,835.0,864.0,968.0,960.0,1856.5,1706.5,515.5,691.5,952.0,1047.5,1060.5,1145.0,1247.0,1264.0,1942.0,1807.0,567.0,765.5,1036.5,1129.0,1204.0,1271.0,1351.5,1358.5,"{""type"":""MultiPoint"",""coordinates"":[]}"
939_0,3,1623.5,1363.0,557.5,685.5,878.5,977.5,984.0,1049.0,1136.5,1166.5,2405.0,2127.5,996.0,1287.5,1537.5,1651.5,1676.0,1738.0,1830.5,1824.0,2395.0,2112.0,889.5,1156.0,1396.0,1516.5,1541.5,1621.0,1693.5,1707.5,2291.5,2026.5,917.5,1178.0,1408.0,1554.0,1519.0,1635.5,1662.0,1652.5,315.0,298.0,831.0,1054.0,1107.0,1306.0,928.0,974.0,934.0,773.0,315.0,298.0,831.0,1054.0,1107.0,1306.0,928.0,998.0,962.0,827.0,317.0,258.0,588.0,905.0,897.0,1128.0,941.0,1011.0,962.0,827.0,458.0,327.0,540.0,825.0,762.0,1176.0,1201.0,1339.0,1261.0,1078.0,690.0,468.0,540.0,742.0,617.0,1137.0,1658.0,1756.0,1587.0,1505.0,778.5,472.0,268.0,509.0,372.5,945.0,1681.0,1931.0,1738.0,1640.0,1140.5,654.5,276.0,528.0,341.0,947.0,2370.0,2920.5,2799.0,2788.5,1863.0,1600.0,679.0,836.5,1042.5,1128.5,1158.5,1213.0,1305.5,1314.5,1309.0,703.0,273.0,539.0,363.0,892.0,2533.0,3229.0,3040.0,3152.0,1186.0,600.0,156.0,445.0,259.0,838.0,2430.0,2999.0,2975.0,3034.0,1176.0,600.0,156.0,424.0,218.0,777.0,2484.0,3203.0,3120.0,3264.0,1388.0,699.0,338.0,671.0,351.0,1106.0,3037.0,3572.0,3632.0,3741.0,1579.0,803.0,372.0,891.0,475.0,1475.0,3306.0,3857.0,3903.0,3986.0,1642.5,901.0,407.5,961.0,565.5,1684.5,3095.5,3496.0,3580.0,3654.0,1917.0,1025.0,735.0,1319.0,1193.0,2187.0,2996.0,3220.0,3433.0,3537.0,2189.5,1345.0,708.0,1303.5,1308.0,2299.0,2943.0,3181.0,3422.5,3507.0,3122.0,2130.5,979.0,1495.5,1903.0,2594.5,2963.0,3165.5,3493.0,3570.5,2781.0,2002.0,861.0,1211.0,1709.0,2044.0,2181.0,2323.0,2470.0,2567.0,1701.0,1435.0,463.0,662.0,896.0,984.0,1032.0,1080.0,1179.0,1211.0,2833.0,2155.0,780.0,1092.0,1534.0,1792.0,1911.0,2061.0,2243.0,2257.0,2958.5,2325.0,845.5,1128.5,1521.5,1777.5,1897.0,2030.5,2187.0,2258.0,2562.0,2133.0,664.0,854.5,1130.5,1315.0,1386.5,1547.0,1607.0,1694.5,2637.0,2182.0,755.0,919.0,1178.0,1384.0,1426.0,1603.0,1634.0,1749.0,2000.0,1566.0,513.0,628.0,857.0,965.0,1028.0,1126.0,1313.0,1318.0,1020.0,891.0,925.0,821.0,820.0,862.0,964.0,1021.0,1044.0,1042.0,1557.0,1331.0,497.0,644.0,843.0,912.0,934.0,967.0,1085.0,1074.0,1619.0,1399.0,627.0,744.0,875.0,923.0,940.0,992.0,1128.0,1063.0,2046.0,1821.0,691.0,929.0,1133.0,1220.0,1233.0,1312.0,1411.0,1382.0,2244.0,2006.0,910.0,1066.0,1291.0,1356.0,1402.0,1455.0,1611.0,1537.0,1756.0,1519.0,529.0,662.0,849.0,916.0,908.0,967.0,1066.0,1057.0,1900.0,1646.0,674.0,820.0,993.0,1097.0,1124.0,1196.0,1254.0,1275.0,2117.5,1884.5,760.5,956.0,1170.0,1275.5,1309.0,1383.0,1478.0,1479.5,"{""type"":""MultiPoint"",""coordinates"":[]}"
940_0,3,1803.5,1493.5,584.0,744.5,999.5,1159.5,1178.5,1245.0,1315.5,1352.0,2472.0,2226.5,962.5,1241.5,1508.5,1639.0,1672.0,1737.5,1847.5,1856.5,2443.0,2166.5,852.5,1122.0,1370.0,1512.0,1524.0,1612.0,1684.0,1723.5,2354.0,2105.5,835.5,1082.0,1312.5,1426.0,1461.0,1536.5,1608.5,1630.0,710.0,671.0,946.0,1167.0,1221.0,1270.0,1051.0,1060.0,1076.0,900.0,710.0,671.0,923.0,1167.0,1221.0,1270.0,1107.0,1259.0,1214.0,1140.0,781.0,587.0,652.0,926.0,940.0,1262.0,1107.0,1259.0,1219.0,1179.0,1209.0,816.0,530.0,839.0,639.0,1266.0,2031.0,2111.0,2170.0,2105.0,1476.0,897.0,464.0,835.0,568.0,1339.0,2393.0,2616.0,2632.0,2566.0,1482.5,878.5,295.0,616.5,314.0,1001.0,2652.0,3321.0,3243.0,3186.0,1667.5,958.0,207.5,528.5,268.0,896.0,2831.0,3795.5,3922.0,3948.5,2049.0,1745.0,719.5,894.5,1149.5,1309.5,1304.0,1377.5,1475.0,1515.0,1653.0,912.0,241.0,507.0,273.0,845.0,2835.0,3997.0,4144.0,4257.0,1483.0,805.0,115.0,348.0,177.0,754.0,2773.0,4077.0,4163.0,4159.0,1508.0,805.0,125.0,337.0,168.0,778.0,2911.0,4196.0,4349.0,4454.0,1749.0,880.0,413.0,774.0,422.0,1282.0,3677.0,4608.0,4936.0,4911.0,1868.0,1040.0,416.0,915.0,523.0,1537.0,3756.0,4716.0,5099.0,4964.0,2094.0,1169.5,519.0,1201.5,665.0,1922.5,4098.0,4709.5,5112.0,4944.5,2363.0,1415.5,1109.5,1788.0,1662.0,2615.0,3992.0,4403.5,4844.5,4745.5,2940.5,1927.0,1188.0,1870.5,2229.5,3140.0,3932.0,4234.5,4644.0,4691.0,3626.0,2494.0,1348.0,2022.0,2730.0,3170.0,3506.0,3661.0,4125.0,4063.0,3457.5,2404.0,1267.0,1779.5,2541.0,2806.5,2982.0,3209.0,3540.5,3655.5,1864.0,1551.0,490.0,740.0,1005.0,1150.0,1190.0,1229.0,1319.0,1420.0,3631.0,2660.0,1109.0,1545.0,2177.0,2499.0,2745.0,2895.0,3029.0,3119.0,3504.5,2611.0,1156.0,1547.5,2079.5,2279.5,2399.0,2564.5,2900.0,2908.5,3119.0,2465.0,914.5,1172.0,1530.0,1685.0,1786.5,1934.5,2145.5,2116.0,2619.0,2044.0,850.0,1068.0,1425.0,1601.0,1576.0,1785.0,1915.0,1963.0,2295.0,1442.0,687.0,874.0,1223.0,1302.0,1336.0,1474.0,1737.0,1723.0,0.0,0.0,0.0,0.0,0.0,0.0,0.0,0.0,0.0,0.0,1864.0,1519.0,559.0,771.0,975.0,1081.0,1136.0,1178.0,1264.0,1312.0,329.0,262.0,232.0,189.0,183.0,191.0,189.0,218.0,212.0,189.0,2328.0,2030.0,772.0,1006.0,1273.0,1409.0,1444.0,1517.0,1619.0,1636.0,2509.0,2133.0,959.0,1193.0,1414.0,1527.0,1603.0,1672.0,1824.0,1794.0,1875.0,1625.0,646.5,792.5,1009.5,1123.5,1140.0,1193.5,1281.5,1293.5,2050.0,1788.0,693.0,828.0,1015.0,1109.0,1178.0,1220.0,1337.0,1342.0,2163.5,1919.0,726.0,928.5,1151.0,1239.5,1301.0,1385.5,1458.5,1471.5,"{""type"":""MultiPoint"",""coordinates"":[]}"
941_0,3,1916.0,1607.0,522.0,685.5,929.5,1035.5,1092.5,1157.0,1276.0,1311.5,2478.0,2123.5,973.0,1288.5,1580.5,1695.0,1759.5,1820.5,1912.5,1915.0,2286.0,1945.5,848.0,1147.0,1435.0,1543.5,1547.0,1651.5,1756.0,1732.0,334.0,321.5,559.5,827.0,796.0,1038.5,854.0,931.0,864.0,821.5,239.5,158.5,511.0,737.5,798.5,1002.0,865.0,936.0,873.0,845.5,316.5,255.5,495.5,814.0,792.5,1127.5,981.0,1067.5,957.5,880.5,683.5,526.0,387.0,750.5,573.0,1106.5,1341.0,1445.5,1361.5,1381.0,1345.5,749.5,356.5,711.0,436.5,1066.0,2515.5,3029.0,3092.0,2853.5,1602.5,819.5,267.5,606.5,290.5,997.0,2971.5,3716.0,3821.0,3825.5,1678.5,849.0,211.0,575.5,289.0,1010.0,2992.0,3880.0,3909.5,4063.5,1637.5,813.5,144.5,398.5,207.5,766.5,2872.5,3945.0,4157.5,4202.0,2201.0,1870.5,588.5,799.5,1048.5,1199.0,1256.0,1319.0,1403.0,1487.5,1707.5,828.5,175.0,449.5,215.0,879.0,3144.5,4334.0,4517.0,4634.0,1684.0,812.5,280.0,811.0,406.5,1455.5,3628.0,4575.0,4727.0,4773.5,1743.0,889.0,436.5,935.5,678.0,1654.5,3546.0,4208.0,4327.5,4536.0,1984.5,1064.0,638.5,1172.0,1077.5,2085.0,3350.0,3793.0,4022.0,4159.5,2319.0,1364.0,746.0,1275.0,1395.0,2264.0,3171.5,3540.5,3957.0,3923.5,2796.0,1742.0,842.0,1355.0,1710.0,2415.0,3154.0,3478.0,3782.0,3903.0,4033.5,2801.5,1117.5,1594.5,2281.0,2711.0,2909.5,3191.0,3566.0,3649.0,3932.5,2690.0,921.5,1350.5,2079.0,2410.0,2711.0,2948.0,3309.0,3417.0,3452.0,2595.0,921.5,1350.5,1973.5,2260.5,2451.0,2705.5,3112.5,3062.5,2134.5,1619.0,684.5,968.0,1382.0,1582.5,1612.5,1706.5,1833.0,1921.0,2074.5,1765.5,517.5,724.5,997.5,1105.5,1179.0,1252.0,1394.5,1391.0,2412.0,1893.0,797.5,1070.0,1504.5,1694.0,1745.5,1854.5,1962.5,2058.0,2377.0,1856.5,900.0,1102.5,1472.0,1618.5,1684.5,1792.5,1938.0,1945.0,2045.5,1698.0,636.5,799.5,1065.5,1213.0,1233.0,1338.5,1483.5,1474.5,1679.0,1439.0,516.5,722.5,990.5,1098.5,1094.5,1196.5,1266.5,1277.0,1401.0,1208.5,391.0,501.0,693.0,764.0,797.5,871.0,949.5,926.5,0.0,0.0,0.0,0.0,0.0,0.0,0.0,0.0,0.0,0.0,1530.5,1159.5,406.0,565.0,757.0,866.0,929.0,1038.5,1115.5,1112.5,1835.0,1492.0,580.5,718.5,879.0,1022.0,1060.5,1168.0,1224.5,1226.0,2395.5,2013.5,775.5,1012.0,1232.0,1385.0,1414.0,1489.0,1633.0,1660.0,2369.0,2000.0,780.0,979.0,1240.5,1405.0,1393.0,1486.0,1626.0,1616.0,2238.0,1864.5,803.5,925.5,1153.5,1274.5,1273.5,1356.5,1486.5,1497.0,2207.5,1929.5,717.0,918.5,1189.0,1287.0,1350.5,1434.5,1558.0,1534.5,2269.5,1956.0,778.0,1027.0,1295.0,1416.5,1489.0,1560.5,1645.5,1666.0,"{""type"":""MultiPoint"",""coordinates"":[]}"
942_0,3,1812.5,1478.5,589.0,701.5,947.0,1064.5,1100.5,1173.5,1248.0,1288.0,2073.0,1744.0,723.5,930.5,1165.0,1282.0,1311.5,1377.0,1473.0,1483.5,2223.5,1921.0,885.0,1102.0,1349.0,1460.5,1461.5,1523.0,1596.5,1611.0,2497.5,2172.0,1039.5,1294.0,1564.5,1706.0,1703.5,1793.5,1864.5,1860.0,2137.0,1866.0,1036.0,1334.0,1547.0,1684.0,1706.0,1778.0,1663.0,1831.0,379.0,333.0,815.0,1116.0,1212.0,1570.0,1178.0,1165.0,953.0,883.0,476.0,415.0,770.0,1029.0,1046.0,1330.0,1155.0,1203.0,1202.0,1005.0,470.0,370.0,695.0,1003.0,1031.0,1309.0,1155.0,1246.0,1202.0,1011.0,563.0,377.0,599.0,891.0,882.0,1163.0,1178.0,1345.0,1374.0,1218.0,802.0,473.5,281.5,580.5,422.5,1000.0,1767.0,1851.0,2086.5,1959.0,1101.0,597.5,182.5,440.5,215.5,823.5,2238.0,2898.0,2959.5,2716.5,2047.0,1689.0,691.0,846.0,1082.0,1216.0,1248.0,1310.0,1376.0,1474.0,1325.0,657.0,138.0,408.0,161.0,818.0,2853.0,3807.0,3685.0,3514.0,1372.0,682.0,154.0,444.0,293.0,921.0,2967.0,3918.0,3942.0,3862.0,1486.0,764.0,239.0,589.0,443.0,1044.0,3047.0,4024.0,4050.0,4180.0,1682.0,824.0,381.0,779.0,602.0,1374.0,3037.0,3746.0,3861.0,3918.0,1780.0,981.0,448.0,836.0,717.0,1504.0,2845.0,3342.0,3669.0,3710.0,2081.5,1234.5,464.0,890.0,877.5,1658.0,2754.0,3167.0,3416.0,3547.0,2435.5,1454.0,674.0,1106.5,1215.5,1913.5,2752.5,3091.5,3438.5,3543.0,2835.0,1820.0,796.5,1203.0,1471.5,2139.0,2810.5,3154.5,3516.5,3679.0,3848.0,2657.0,963.0,1472.0,1966.0,2505.0,2872.0,3188.0,3656.0,3795.0,3981.5,2736.5,1037.0,1422.0,2138.5,2748.5,2912.0,3200.5,3275.0,3684.0,2013.5,1666.0,638.5,789.5,1048.0,1164.5,1189.5,1262.0,1389.0,1413.0,3689.5,2666.5,946.5,1304.0,1863.5,2231.5,2369.0,2641.0,2801.5,2993.0,3499.0,2579.0,955.0,1235.5,1692.5,2010.0,2197.0,2351.0,2526.5,2782.0,3204.0,2466.0,746.0,961.5,1292.5,1505.5,1602.0,1747.5,1909.0,2030.5,3190.5,2576.5,783.5,949.5,1296.0,1476.5,1565.0,1696.5,1861.5,2034.5,1658.0,1261.0,437.0,547.0,787.0,866.0,925.0,967.0,1128.0,1129.0,0.0,0.0,0.0,0.0,0.0,0.0,0.0,0.0,0.0,0.0,1548.0,1208.0,517.0,669.0,853.0,961.0,974.0,1029.0,1129.0,1149.0,1787.0,1442.0,634.0,755.0,941.0,1055.0,1043.0,1116.0,1194.0,1234.0,2311.0,1932.0,844.0,1052.0,1272.0,1439.0,1418.0,1491.0,1602.0,1631.0,2225.0,1856.5,870.0,1003.0,1207.5,1356.0,1300.5,1414.5,1503.5,1530.0,1801.5,1489.0,579.0,695.5,889.0,1012.0,958.5,1024.0,1110.5,1147.0,2165.0,1865.0,797.5,952.5,1137.5,1273.5,1355.5,1417.0,1508.5,1548.0,2166.5,1818.5,821.5,990.5,1181.5,1304.0,1378.0,1454.0,1568.0,1562.0,"{""type"":""MultiPoint"",""coordinates"":[]}"
943_0,3,1705.5,1452.5,829.5,897.5,985.0,1176.0,1309.5,1370.5,1437.5,1482.0,2664.0,2533.0,979.0,1215.0,1545.0,1686.0,1672.0,1772.0,1908.0,1888.0,2677.0,2620.0,958.0,1170.0,1497.0,1645.0,1672.0,1797.0,1885.0,1916.0,782.0,768.0,598.5,759.0,891.5,967.0,857.5,936.5,800.5,824.5,437.0,390.0,485.0,603.0,608.0,754.5,589.0,645.5,583.5,570.5,598.5,402.5,370.0,659.0,453.5,894.0,1131.0,1317.0,1320.5,1147.0,795.0,517.0,327.0,637.0,386.0,955.0,1373.0,1590.0,1632.0,1394.0,1125.0,706.0,188.0,499.0,210.0,846.0,1888.0,2251.0,2187.0,2080.0,1230.0,654.0,77.0,329.0,102.0,654.0,2315.0,3051.0,3060.0,2944.0,1381.0,644.5,61.0,264.0,25.0,505.5,2698.0,4219.0,4318.0,4310.5,1321.5,602.0,34.0,244.5,26.5,455.0,2669.0,4466.0,4527.5,4616.0,2102.5,1729.0,1220.0,1351.5,1396.0,1627.5,1834.0,1918.5,1976.5,1963.0,1351.0,614.0,44.0,235.0,27.5,473.0,2678.0,4526.5,4616.0,4784.5,1343.5,616.0,123.5,406.0,133.5,718.5,2945.0,4415.5,4642.5,4773.0,1416.0,671.0,507.0,828.0,572.0,1242.0,3082.0,4253.0,4277.0,4538.0,1583.0,832.0,649.0,1005.0,829.0,1587.0,3037.0,3745.0,3881.0,3936.0,1613.0,869.0,546.0,953.0,829.0,1587.0,2768.0,3277.0,3547.0,3641.0,1954.0,1138.0,478.0,948.0,1023.0,1796.0,2701.0,3053.0,3303.0,3444.0,4452.5,3099.0,1086.5,1531.0,2060.5,2506.0,2872.5,3170.5,3462.0,3634.5,4606.0,3390.0,1130.0,1585.0,2271.0,2679.0,2975.0,3212.0,3487.0,3451.0,4380.0,3276.0,1165.0,1542.0,2205.0,2569.0,2757.0,3024.0,3312.0,3449.0,3798.0,2808.5,1091.5,1373.0,1945.5,2315.0,2449.5,2657.0,2846.5,3087.0,1688.0,1338.0,346.0,595.0,704.0,1001.0,1445.0,1505.0,1672.0,1619.0,3978.5,3121.0,915.0,1206.0,1643.5,1983.0,2150.0,2308.5,2465.0,2613.5,3216.0,2708.0,879.5,1048.5,1294.5,1605.0,1701.0,1854.0,1965.5,2076.5,2444.5,2276.0,625.5,729.0,819.0,1073.5,1379.5,1527.0,1544.5,1609.0,2343.0,2139.5,565.5,680.0,758.0,1031.0,1340.5,1484.5,1552.0,1632.0,1592.0,1201.0,296.0,511.0,540.5,879.5,1569.0,1626.0,1715.5,1802.5,0.0,0.0,0.0,0.0,0.0,0.0,0.0,0.0,0.0,0.0,1562.0,1117.0,303.0,554.0,540.0,1042.0,1510.0,1708.0,1816.0,1734.0,2115.0,1955.5,1022.0,1100.5,1095.5,1534.0,2241.0,2500.5,2326.0,2653.0,1818.5,1303.5,384.5,705.0,662.5,1214.0,2093.0,2248.0,2452.0,2370.0,1888.5,1489.0,509.0,729.5,802.0,1153.0,1643.5,1826.0,1953.0,1921.0,1961.0,1677.0,521.0,713.0,892.0,1122.0,1276.0,1379.0,1459.0,1474.0,2176.5,2051.0,729.0,909.5,1169.0,1330.0,1372.0,1496.0,1613.5,1604.5,2580.5,2515.5,831.0,1080.0,1361.0,1564.5,1604.5,1667.0,1779.5,1802.0,"{""type"":""MultiPoint"",""coordinates"":[]}"
944_0,3,2279.0,1867.0,719.0,876.0,1173.5,1304.0,1351.0,1394.5,1544.5,1607.5,2184.5,1881.5,755.5,950.0,1231.5,1349.5,1394.0,1453.0,1579.0,1572.5,2350.0,2055.5,839.0,1083.0,1390.5,1512.0,1544.0,1605.0,1705.5,1713.0,2454.5,2167.0,865.5,1128.0,1453.5,1592.5,1630.0,1715.0,1804.0,1822.0,614.0,520.0,743.0,915.0,940.0,1119.0,836.0,906.0,851.0,697.0,392.0,341.0,743.0,915.0,940.0,1119.0,836.0,906.0,851.0,754.0,540.0,435.0,457.0,735.0,585.0,999.0,1085.0,1155.0,1008.0,910.0,1023.0,685.0,457.0,728.0,465.0,999.0,1640.0,1805.0,1766.0,1670.0,1627.0,780.0,354.0,728.0,361.0,992.0,3186.0,3689.0,3858.0,3773.0,1924.5,975.0,286.0,659.0,351.5,1054.0,3344.0,4331.0,4392.0,4486.5,1728.0,840.0,145.0,394.5,210.5,734.5,3009.5,4326.5,4504.5,4608.5,2510.0,2091.0,781.0,968.0,1245.0,1440.0,1429.0,1539.0,1603.0,1730.0,1741.0,841.0,199.0,421.0,225.0,727.0,3142.0,4447.0,4533.0,4799.0,1640.0,779.0,119.0,405.0,183.0,804.0,3267.0,4579.0,4813.0,4953.0,1641.0,794.0,275.0,695.0,374.0,1212.0,3437.0,4651.0,4820.0,5029.0,1844.0,927.0,467.0,979.0,666.0,1729.0,3821.0,4650.0,4918.0,5087.0,1904.0,1044.5,529.5,1076.0,846.5,1897.5,3688.5,4292.5,4769.0,4714.5,2293.0,1314.0,624.5,1200.5,1189.5,2201.0,3551.0,4137.0,4399.0,4509.0,2701.0,1562.0,837.0,1385.0,1448.5,2463.5,3652.5,4152.5,4487.0,4510.0,3833.5,2644.5,1039.5,1543.0,1984.0,2773.0,3266.0,3625.5,3987.0,4176.5,3600.0,2556.5,1078.0,1552.0,2228.0,2752.5,3068.5,3230.0,3754.5,3876.0,3361.0,2377.0,1026.0,1438.0,2120.0,2666.0,2708.0,3043.0,3214.0,3438.0,2512.0,2088.5,754.0,930.0,1242.0,1379.5,1408.5,1476.5,1645.0,1676.0,3278.0,2379.0,943.5,1313.0,1838.5,2313.5,2408.5,2698.0,2744.0,3027.5,3048.5,2205.5,967.5,1267.5,1717.5,2066.5,2217.0,2385.5,2604.5,2792.5,2755.5,2099.5,714.5,893.0,1192.0,1452.5,1613.0,1708.5,1809.5,1952.5,2823.0,2192.5,722.5,882.5,1179.0,1446.0,1497.0,1692.0,1699.5,1861.5,1881.0,1502.0,605.0,770.0,1039.0,1181.0,1221.0,1314.0,1524.0,1464.0,0.0,0.0,0.0,0.0,0.0,0.0,0.0,0.0,0.0,0.0,2314.0,2010.0,691.0,885.0,1135.0,1232.0,1231.0,1318.0,1403.0,1416.0,2278.0,1945.0,745.0,834.0,1052.0,1166.0,1175.0,1185.0,1301.0,1335.0,2416.5,2077.5,769.0,950.0,1198.5,1319.5,1323.5,1386.0,1526.5,1540.0,2516.0,2143.0,771.0,885.0,1178.0,1287.0,1205.0,1273.0,1398.0,1410.0,2534.0,2127.5,852.0,954.5,1216.0,1330.5,1282.5,1347.5,1483.0,1511.5,2306.0,1947.0,835.0,940.0,1167.0,1238.0,1291.0,1347.0,1524.0,1466.0,2030.0,1769.0,684.0,822.0,1067.0,1165.0,1211.0,1263.0,1398.0,1417.0,"{""type"":""MultiPoint"",""coordinates"":[]}"
945_0,3,1911.5,1613.5,823.0,909.5,1025.0,1211.5,1366.0,1444.5,1538.5,1579.0,2592.0,2444.0,907.0,1163.0,1488.0,1609.0,1647.0,1746.0,1879.0,1892.0,2619.0,2560.0,883.0,1128.0,1447.0,1578.0,1641.0,1714.0,1822.0,1867.0,720.5,704.5,571.0,747.5,905.0,1030.5,928.5,978.0,882.5,897.5,332.0,328.5,474.5,634.0,609.5,750.0,569.5,641.5,527.5,503.5,489.0,354.5,331.5,587.0,407.5,792.0,1009.0,1118.0,1074.0,935.5,680.0,445.0,284.0,578.0,336.0,827.0,1225.0,1349.0,1302.0,1231.0,856.0,537.0,209.0,454.0,255.0,851.0,1669.0,1828.0,1771.0,1791.0,811.0,556.0,60.0,283.0,32.0,497.0,1376.0,1609.0,1599.0,1443.0,1167.5,567.0,55.5,255.0,0.0,461.5,2349.0,3520.5,3559.5,3477.0,1231.0,548.5,26.5,177.0,0.0,368.0,2470.0,4099.0,4198.5,4135.0,2189.0,1878.0,1216.0,1242.5,1300.5,1505.5,1753.5,1795.5,1876.5,1895.0,1287.0,568.0,29.0,160.5,0.0,367.0,2626.0,4478.5,4588.5,4683.5,1300.0,581.5,116.0,418.0,101.5,817.5,3084.5,4541.0,4747.5,4856.5,1426.0,650.0,497.0,828.0,560.0,1243.0,3296.0,4407.0,4462.0,4690.0,1559.0,813.0,655.0,1019.0,839.0,1660.0,3162.0,3753.0,4012.0,4083.0,1632.0,909.0,530.0,961.0,856.0,1660.0,2829.0,3334.0,3593.0,3682.0,2025.0,1212.0,542.0,980.0,1066.0,1840.0,2718.0,3092.0,3301.0,3465.0,4487.0,3103.0,1123.0,1547.0,2114.0,2528.5,2855.5,3135.5,3430.0,3569.5,4647.0,3393.0,1175.0,1609.0,2376.0,2778.0,2993.0,3256.0,3547.0,3536.0,4613.0,3283.0,1207.0,1664.0,2388.0,2729.0,2970.0,3197.0,3584.0,3654.0,4201.0,3086.5,1102.5,1497.5,2138.0,2459.0,2653.5,2895.0,3152.0,3332.5,1693.0,1359.0,458.0,640.0,782.0,1010.0,1219.0,1314.0,1524.0,1450.0,4025.0,3118.5,961.5,1239.5,1716.0,2013.0,2171.0,2359.5,2553.5,2715.0,3200.0,2770.0,901.0,1039.0,1320.5,1546.5,1678.0,1805.5,1988.0,2074.5,2581.5,2375.0,572.5,716.5,887.5,1080.0,1295.5,1356.0,1531.0,1640.0,2592.5,2433.0,649.0,763.0,909.5,1076.5,1311.0,1419.5,1534.0,1601.5,2213.0,1728.0,413.5,621.5,777.5,1070.5,1341.0,1523.5,1724.5,1721.0,0.0,0.0,0.0,0.0,0.0,0.0,0.0,0.0,0.0,0.0,1674.0,1299.0,270.0,522.0,607.0,992.0,1365.0,1485.0,1626.0,1612.0,1507.5,1187.5,772.5,792.5,696.0,983.0,1326.5,1461.5,1761.0,1533.0,1788.0,1342.0,377.0,657.0,687.5,1134.5,1815.0,1939.5,2090.0,2084.5,1860.0,1520.5,484.5,676.5,798.0,1077.5,1452.5,1608.5,1743.0,1709.5,1962.0,1726.0,481.0,670.0,876.0,1063.0,1134.0,1249.0,1373.0,1368.0,2238.5,2152.5,643.0,826.5,1091.5,1230.5,1301.0,1406.0,1530.5,1511.0,2420.0,2355.5,736.0,975.5,1266.5,1401.5,1469.0,1555.0,1690.5,1686.0,"{""type"":""MultiPoint"",""coordinates"":[]}"
946_0,3,205.0,175.0,204.0,283.5,371.0,451.5,273.0,327.5,269.5,237.5,2096.5,1790.5,722.5,943.5,1154.5,1269.0,1326.5,1404.0,1499.5,1488.5,2418.0,2109.0,911.5,1158.0,1385.5,1516.5,1581.5,1658.5,1745.0,1770.0,2628.5,2320.5,1105.0,1372.0,1612.5,1751.0,1787.0,1874.5,1930.0,1970.5,2685.0,2408.0,1208.0,1456.0,1689.0,1828.0,1860.0,1943.0,2032.0,2035.0,1082.0,1027.0,1333.0,1584.0,1742.0,1816.0,1675.0,1696.0,1465.0,1444.0,447.0,368.0,790.0,1067.0,1090.0,1307.0,1091.0,1101.0,1063.0,940.0,641.0,505.0,817.0,1194.0,1155.0,1566.0,1369.0,1409.0,1297.0,1244.0,781.0,656.0,573.0,909.0,787.0,1316.0,1441.0,1515.0,1335.0,1265.0,1343.0,859.5,388.0,714.0,531.0,1177.0,2086.5,2306.5,2257.0,2237.5,1065.5,685.5,254.5,498.0,328.5,862.5,1882.0,2298.0,2333.0,2086.5,327.0,269.0,371.0,480.0,620.0,715.0,496.0,544.0,526.0,425.0,1570.0,864.0,281.0,527.0,342.0,866.0,2599.0,3474.0,3798.0,3755.0,1425.0,794.0,183.0,436.0,267.0,820.0,2446.0,3302.0,3415.0,3292.0,1472.0,803.0,183.0,430.0,245.0,820.0,2677.0,3550.0,3766.0,3687.0,1546.0,813.0,405.0,821.0,527.0,1344.0,2854.0,3428.0,3792.0,3649.0,1527.0,839.0,417.0,862.0,620.0,1440.0,2594.0,3097.0,3510.0,3207.0,1796.0,1069.0,489.5,912.5,945.0,1634.5,2488.5,2718.5,3107.5,3062.0,2299.0,1396.0,887.0,1296.0,1471.0,2050.0,2509.0,2831.0,3063.0,3072.0,3715.0,2563.0,1134.0,1578.5,2141.5,2639.0,2913.5,3251.5,3625.0,3693.5,4111.5,2747.5,1383.0,1952.0,2825.0,3173.0,3457.0,3776.5,4281.5,4287.5,3215.0,2303.0,1160.0,1623.0,2257.0,2315.0,2673.0,2637.0,3050.0,3057.0,313.0,240.0,371.0,439.0,540.0,715.0,487.0,515.0,495.0,425.0,3236.0,2394.0,1087.0,1502.0,1993.0,2216.0,2506.0,2637.0,2727.0,2787.0,3066.0,2261.5,1050.0,1357.5,1770.5,1960.5,2084.5,2230.5,2486.0,2472.5,2483.0,1977.0,747.0,978.5,1287.5,1380.5,1508.5,1597.0,1854.0,1807.0,414.0,393.0,370.0,490.0,599.0,758.0,675.0,682.0,623.0,487.0,235.0,170.0,135.0,224.0,295.0,359.0,271.0,335.0,284.0,242.0,804.0,751.0,750.0,748.0,767.0,804.0,781.0,792.0,808.0,782.0,264.0,228.0,228.0,349.0,461.0,602.0,431.0,421.0,444.0,393.0,846.0,550.0,407.0,527.0,713.0,915.0,918.0,1038.0,1117.0,1119.0,2618.0,1922.0,975.0,1253.0,1610.0,1753.0,1877.0,1915.0,2221.0,2175.0,1799.0,1116.0,590.0,783.0,1137.0,1245.0,1346.0,1463.0,1697.0,1688.0,2317.0,1588.0,824.0,1057.5,1401.5,1547.0,1576.0,1710.0,1973.5,1955.5,3474.5,2667.0,1313.5,1602.0,1991.0,2100.5,2215.0,2421.0,2674.0,2586.0,2668.0,2203.5,955.0,1146.0,1401.5,1527.0,1599.0,1701.5,1905.5,1826.0,"{""type"":""MultiPoint"",""coordinates"":[]}"
947_0,3,1979.5,1671.0,626.0,795.0,1050.5,1203.5,1231.0,1314.0,1433.0,1432.0,2593.5,2180.0,1046.0,1368.5,1649.5,1819.5,1882.5,1974.0,2082.5,2061.5,2582.0,2156.0,968.5,1272.0,1586.0,1708.5,1779.5,1868.0,1987.5,1976.0,2487.0,2098.5,989.0,1261.0,1535.5,1679.0,1720.0,1825.0,1917.5,1916.5,581.5,497.0,723.5,985.5,991.5,1244.5,1086.0,1131.0,1074.5,943.5,436.0,305.0,527.5,771.5,858.5,1026.0,822.5,975.5,865.0,807.0,473.5,384.0,478.5,748.5,756.5,1043.0,897.5,929.0,915.5,792.5,839.5,588.5,532.5,777.0,724.5,1080.5,1170.5,1366.0,1129.5,1165.0,1302.5,881.0,484.5,813.5,592.0,1284.5,2091.5,2261.0,2079.0,2223.5,1625.5,964.0,413.0,786.0,566.5,1246.0,2646.0,3241.5,2985.5,3182.0,1563.5,884.0,333.5,671.0,445.5,1064.5,2589.5,3232.5,3006.0,3167.0,2255.0,1933.5,681.0,916.5,1195.5,1319.0,1365.0,1461.5,1509.5,1562.5,1521.0,847.5,299.5,600.5,430.5,980.0,2571.5,3223.0,3103.0,3268.5,1391.5,759.5,248.0,530.0,399.5,873.0,2509.5,3223.5,3154.0,3454.0,1400.5,759.5,272.5,538.5,363.0,949.0,2788.5,3330.0,3293.0,3626.0,1701.5,892.5,483.0,901.5,553.5,1429.0,3259.5,3869.5,3823.0,4019.0,1748.0,971.5,481.5,961.0,613.0,1495.0,3007.0,3552.0,3757.0,3899.0,1806.0,1071.0,456.0,976.0,771.0,1712.0,2914.0,3276.0,3308.0,3455.0,2137.0,1226.5,699.5,1233.5,1169.5,2085.0,3039.5,3380.0,3424.0,3673.0,2615.0,1650.0,752.5,1307.0,1593.5,2368.0,2977.0,3329.0,3449.5,3637.5,3686.0,2545.5,1075.5,1523.5,2099.5,2664.0,2889.5,3198.0,3391.0,3504.0,1930.0,1443.0,702.0,852.0,1181.0,1386.0,1467.5,1506.5,1603.0,1680.5,2117.5,1800.5,560.5,815.0,1090.0,1217.5,1302.5,1350.5,1481.0,1480.5,2289.0,1792.5,735.5,968.5,1302.5,1521.0,1571.0,1640.5,1747.0,1794.5,2567.5,1989.5,1172.0,1351.0,1566.0,1798.5,1969.5,2059.0,2153.0,2187.0,2033.0,1694.0,639.0,829.0,1053.0,1186.0,1285.0,1361.5,1427.5,1471.0,2202.5,1864.0,708.0,915.5,1125.5,1274.5,1374.0,1475.0,1489.0,1539.0,1825.0,1458.5,533.0,661.5,873.0,1008.5,1026.0,1152.5,1254.0,1220.5,0.0,0.0,0.0,0.0,0.0,0.0,0.0,0.0,0.0,0.0,1497.5,1064.5,406.0,592.5,764.5,893.5,943.0,987.0,1160.0,1126.0,1974.5,1593.0,662.5,844.0,1014.5,1187.0,1205.5,1329.5,1390.0,1407.0,2474.5,2014.5,924.5,1172.0,1403.5,1560.0,1633.5,1722.5,1852.5,1884.0,2485.0,2015.0,982.5,1176.0,1404.0,1535.5,1646.5,1726.0,1897.5,1844.5,2343.5,1901.5,895.0,1052.0,1275.5,1415.5,1486.5,1587.0,1700.0,1726.5,2013.0,1657.5,616.0,816.0,1015.5,1115.5,1207.0,1310.0,1404.5,1411.0,2379.0,2026.5,874.5,1144.0,1420.5,1567.5,1626.5,1716.0,1818.0,1812.0,"{""type"":""MultiPoint"",""coordinates"":[]}"
948_0,3,1794.0,1486.5,510.0,659.0,878.0,1019.0,1055.5,1150.5,1225.5,1252.0,2304.0,1970.0,871.0,1166.0,1429.5,1555.0,1600.5,1679.5,1776.0,1784.0,2304.5,1953.0,826.0,1080.5,1360.5,1489.5,1513.5,1607.0,1688.0,1685.5,2263.5,1956.0,830.0,1063.5,1329.5,1459.5,1492.5,1585.0,1634.5,1649.5,282.0,240.0,599.5,869.5,926.5,1033.5,780.5,877.5,876.5,793.5,402.5,361.0,661.0,965.5,963.0,1308.0,1024.0,1075.0,1027.0,871.5,711.5,557.0,525.5,850.5,678.5,1222.5,1478.0,1589.0,1562.0,1435.5,1590.5,927.5,397.0,824.0,418.0,1205.5,3036.5,3387.0,3396.0,3257.0,1824.0,906.5,242.5,674.0,233.5,1059.5,4097.5,5329.0,5206.5,5314.5,1946.0,1030.0,258.0,678.5,432.5,1214.0,3504.5,4398.5,4617.5,5030.0,1972.0,1037.0,227.0,613.5,369.5,1115.0,3166.0,4069.5,4279.0,4521.0,2119.0,1743.0,592.0,804.5,1067.0,1225.5,1274.0,1316.5,1413.0,1475.0,1841.0,937.0,215.5,572.0,313.5,1039.0,3095.5,3981.0,4122.5,4368.0,1654.0,797.0,171.0,507.0,295.5,972.0,3050.5,3979.5,4120.5,4353.5,1613.0,796.5,208.5,536.0,282.5,916.0,3175.0,4066.5,4143.5,4341.5,1910.0,949.0,492.5,985.0,538.5,1575.0,3742.0,4458.5,4604.0,4766.5,1967.5,1033.0,482.0,1084.0,652.5,1788.5,3752.5,4335.0,4527.0,4590.5,2123.0,1210.0,571.0,1270.0,964.0,2317.0,3575.0,3938.0,4178.0,4348.0,2565.0,1479.0,877.0,1615.0,1596.0,2819.5,3638.0,4022.5,4294.0,4488.0,2807.0,1779.5,886.0,1598.0,1828.0,2863.0,3471.0,3771.0,4021.0,4205.0,3892.5,2673.5,1114.5,1595.5,2181.0,2876.0,3214.5,3460.5,3834.0,3939.0,3186.5,2242.5,1017.5,1434.5,2145.0,2573.0,2724.5,2967.0,3043.0,3308.0,1928.0,1613.5,482.5,689.5,974.5,1109.5,1161.5,1246.0,1302.5,1374.0,3197.0,2370.0,964.5,1316.0,1919.5,2258.5,2431.0,2548.5,2714.5,2895.5,2208.5,1620.5,897.5,1106.0,1455.0,1659.0,1763.5,1852.5,1947.5,2025.5,2814.5,2214.5,800.5,1044.0,1401.5,1630.0,1738.0,1827.0,1963.0,2076.5,2860.5,2186.0,800.0,1021.0,1334.5,1583.0,1660.5,1826.5,1906.5,1973.5,1779.5,1467.0,541.0,697.0,972.5,1090.5,1127.5,1219.0,1371.5,1367.5,0.0,0.0,0.0,0.0,0.0,0.0,0.0,0.0,0.0,0.0,1793.5,1422.0,468.0,662.5,864.0,993.5,1027.0,1105.0,1217.5,1244.5,1857.0,1562.5,586.5,721.0,877.5,999.5,1061.0,1143.5,1194.0,1235.5,2296.5,1935.5,704.0,913.5,1154.5,1292.0,1395.5,1456.0,1553.0,1589.5,2288.0,1910.5,695.0,886.5,1115.5,1275.5,1310.5,1400.0,1545.0,1539.0,2144.0,1763.5,710.0,819.0,1020.0,1155.0,1173.0,1286.5,1379.5,1402.5,2036.5,1735.0,630.0,808.5,1043.0,1161.5,1228.5,1292.5,1389.5,1404.0,2067.5,1777.5,705.5,937.5,1195.0,1295.0,1344.5,1418.0,1520.5,1513.0,"{""type"":""MultiPoint"",""coordinates"":[]}"
949_0,3,1942.5,1574.0,624.5,766.5,1021.0,1115.0,1163.5,1230.0,1348.5,1395.5,2316.0,1930.5,801.0,1021.5,1277.5,1386.5,1435.0,1509.5,1615.5,1665.0,2636.0,2235.0,992.0,1288.0,1586.5,1692.5,1716.5,1794.5,1911.0,1927.0,2963.0,2516.5,1166.0,1475.0,1802.0,1964.5,1962.0,2096.5,2181.5,2200.0,1114.0,1023.0,833.0,1107.0,1329.0,1454.0,1463.0,1492.0,1405.0,1475.0,413.0,340.0,703.0,1007.0,1087.0,1318.0,952.0,966.0,939.0,911.0,484.0,424.0,564.0,830.0,814.0,1079.0,935.0,962.0,938.0,911.0,966.0,640.0,542.0,830.0,712.0,1182.0,1584.0,1693.0,1657.0,1526.0,1334.0,809.0,432.0,729.0,515.0,1062.0,2073.0,2502.0,2249.0,2238.0,1594.5,851.0,285.0,590.0,329.5,935.0,2786.5,3697.5,3485.5,3584.0,1561.5,772.5,156.0,369.0,189.5,655.0,2806.5,4018.0,4025.0,4194.5,2201.0,1804.0,726.0,898.0,1132.0,1271.0,1329.0,1420.0,1470.0,1558.0,1585.0,772.0,172.0,379.0,203.0,647.0,3002.0,4312.0,4306.0,4588.0,1595.0,764.0,81.0,388.0,164.0,753.0,3301.0,4643.0,4730.0,4872.0,1646.0,800.0,267.0,676.0,352.0,1196.0,3529.0,4683.0,4789.0,4980.0,1854.0,909.0,475.0,952.0,670.0,1739.0,3584.0,4472.0,4568.0,4757.0,1909.5,1058.5,511.5,1021.0,800.5,1822.0,3444.5,3969.5,4299.5,4373.5,2383.0,1447.5,635.5,1168.5,1282.5,2258.5,3267.0,3740.5,3949.0,4104.0,3162.5,2056.0,1043.5,1540.5,1982.0,2916.0,3632.0,4002.5,4284.0,4443.5,4152.5,2954.5,1213.0,1760.0,2407.5,3135.5,3445.5,3700.5,3966.5,4148.0,4035.0,2924.0,1214.0,1625.0,2297.0,2742.0,2900.0,3181.0,3443.0,3501.0,4036.5,2886.5,1210.0,1661.5,2426.0,2947.0,3086.0,3356.5,3309.0,3623.0,2163.0,1807.5,683.0,858.0,1137.5,1262.0,1292.0,1377.5,1523.0,1520.0,3246.0,2485.0,937.0,1283.0,1816.0,2109.0,2194.5,2404.5,2454.5,2616.0,3183.0,2419.0,983.5,1252.5,1738.5,2025.0,2100.0,2231.0,2369.0,2516.5,2884.0,2306.5,771.5,986.0,1338.5,1544.0,1588.0,1677.5,1820.0,1899.0,2855.0,2381.0,841.5,1004.5,1332.0,1498.0,1578.0,1667.5,1769.5,1860.0,1911.0,1361.0,491.0,614.0,891.0,1018.0,1040.0,1165.0,1241.0,1263.0,0.0,0.0,0.0,0.0,0.0,0.0,0.0,0.0,0.0,0.0,1839.0,1409.0,607.0,795.0,1013.0,1102.0,1134.0,1178.0,1325.0,1315.0,2104.0,1724.0,728.0,894.0,1061.0,1179.0,1193.0,1273.0,1373.0,1379.0,2553.0,2153.0,917.0,1123.0,1371.0,1533.0,1527.0,1600.0,1706.0,1733.0,2726.0,2310.0,1108.0,1301.0,1527.0,1666.0,1775.0,1826.0,1990.0,1961.0,2005.0,1585.0,653.5,804.5,999.0,1122.0,1167.0,1228.0,1342.5,1367.5,2406.0,1987.0,923.0,1073.0,1260.0,1423.0,1656.0,1775.0,1869.0,1890.0,2394.0,1949.0,803.0,1043.0,1266.0,1429.0,1488.0,1544.0,1646.0,1689.0,"{""type"":""MultiPoint"",""coordinates"":[]}"
950_0,3,1689.5,1402.0,563.5,687.5,895.5,1025.5,1057.5,1115.5,1181.0,1242.0,2299.0,1986.0,888.5,1153.5,1396.0,1520.5,1584.0,1638.0,1729.5,1747.5,2347.0,2046.5,910.0,1181.0,1423.0,1547.5,1596.0,1661.0,1723.5,1721.0,2350.0,2078.0,940.0,1203.0,1435.5,1554.0,1600.5,1673.0,1724.5,1743.0,311.0,263.0,1047.0,1317.0,1344.0,1430.0,1030.0,1063.0,1021.0,801.0,301.0,244.0,765.0,1062.0,1057.0,1352.0,1030.0,1063.0,1021.0,801.0,434.0,392.0,699.0,1062.0,926.0,1352.0,1257.0,1315.0,1286.0,1102.0,777.0,610.0,561.0,902.0,791.0,1491.0,1773.0,1934.0,1792.0,1700.0,798.0,519.0,456.0,782.0,711.0,1273.0,1656.0,1804.0,1769.0,1622.0,991.0,609.5,285.5,566.5,416.0,996.5,1918.0,2278.5,2174.5,2072.0,1465.5,780.0,242.0,561.0,340.0,950.5,2756.5,3471.0,3524.0,3542.5,1880.0,1567.0,621.0,797.0,1010.0,1157.0,1188.0,1222.0,1275.0,1363.0,1453.0,715.0,287.0,529.0,323.0,819.0,2747.0,3607.0,3568.0,3722.0,1335.0,635.0,109.0,373.0,167.0,689.0,2734.0,3705.0,3766.0,3777.0,1304.0,619.0,109.0,352.0,129.0,633.0,2898.0,4060.0,4075.0,4227.0,1574.0,770.0,345.0,721.0,338.0,1132.0,3559.0,4511.0,4669.0,4736.0,1703.0,869.0,385.0,889.0,465.0,1489.0,3692.0,4557.0,4896.0,4765.0,1735.0,906.0,391.5,921.5,490.0,1585.0,3477.0,4039.0,4205.0,4248.5,1966.0,1063.0,796.0,1505.0,1239.0,2247.0,3477.0,3885.0,4099.0,4204.0,2483.5,1525.0,935.0,1563.0,1730.0,2715.0,3536.5,3877.5,4259.5,4285.5,3680.0,2535.5,1118.5,1590.5,2136.0,2679.5,2999.0,3259.5,3628.0,3613.5,3498.0,2629.0,1385.0,1919.0,2534.0,2926.0,3066.0,3225.0,3194.0,3472.0,1748.0,1466.0,459.0,666.0,879.0,1025.0,1082.0,1108.0,1193.0,1277.0,3062.0,2324.0,899.0,1242.0,1676.0,1934.0,2075.0,2202.0,2395.0,2483.0,2908.0,2203.5,923.5,1214.0,1621.0,1832.5,1943.0,2106.0,2309.0,2347.0,2630.0,2130.5,722.0,949.0,1248.0,1434.5,1487.0,1607.5,1755.5,1798.5,2786.0,2258.0,796.0,998.0,1298.0,1485.0,1541.0,1670.0,1782.0,1837.0,2306.0,1487.0,614.0,804.0,1098.0,1190.0,1276.0,1399.0,1631.0,1581.0,0.0,0.0,0.0,0.0,0.0,0.0,0.0,0.0,0.0,0.0,1621.0,1295.0,507.0,696.0,889.0,1006.0,1012.0,1084.0,1159.0,1181.0,1839.0,1534.0,628.0,785.0,973.0,1106.0,1141.0,1190.0,1251.0,1238.0,2335.0,1981.0,812.0,1073.0,1272.0,1453.0,1481.0,1554.0,1644.0,1676.0,2479.0,2147.0,1008.0,1214.0,1428.0,1556.0,1617.0,1698.0,1829.0,1819.0,1864.0,1608.0,572.0,730.0,931.0,1065.0,1060.0,1163.0,1194.0,1244.0,2032.0,1717.0,713.0,865.0,1059.0,1186.0,1231.0,1286.0,1388.0,1394.0,2130.5,1829.0,801.5,990.5,1209.5,1322.0,1354.5,1440.5,1526.5,1530.5,"{""type"":""MultiPoint"",""coordinates"":[]}"
951_0,3,1698.0,1419.0,587.5,727.0,935.5,1005.0,1071.0,1113.0,1231.5,1211.0,2310.0,2006.5,934.5,1192.5,1433.0,1550.5,1576.0,1647.5,1745.5,1735.5,2350.5,2043.5,926.0,1199.0,1418.5,1530.0,1575.5,1640.5,1704.0,1720.0,2262.5,1991.0,908.0,1159.0,1377.0,1473.0,1525.5,1578.5,1634.0,1651.5,312.0,282.0,1141.0,1479.0,1498.0,1609.0,1145.0,1170.0,1108.0,846.0,312.0,238.0,824.0,1122.0,1173.0,1513.0,1145.0,1170.0,1108.0,846.0,379.0,304.0,655.0,1050.0,1052.0,1513.0,1450.0,1551.0,1497.0,1326.0,610.0,444.0,648.0,986.0,943.0,1526.0,1750.0,1913.0,1742.0,1623.0,727.0,518.0,551.0,864.0,774.0,1258.0,1528.0,1681.0,1494.0,1419.0,792.0,532.5,260.5,521.5,403.0,980.0,1655.5,1899.0,1800.5,1692.0,1182.0,682.5,277.0,528.0,363.0,1053.5,2519.0,2940.0,3007.0,2958.0,1911.0,1617.0,697.0,869.0,1090.0,1190.0,1233.0,1281.0,1326.0,1374.0,1341.0,733.0,343.0,639.0,497.0,1177.0,2413.0,2953.0,2890.0,2984.0,1214.0,639.0,161.0,435.0,257.0,896.0,2413.0,2953.0,2890.0,2984.0,1204.0,620.0,145.0,420.0,198.0,830.0,2513.0,3180.0,3079.0,3130.0,1432.0,729.0,374.0,738.0,403.0,1177.0,3095.0,3672.0,3752.0,3754.0,1582.5,807.5,412.5,888.0,474.5,1417.5,3243.0,3744.5,4027.5,3894.0,1628.0,918.0,434.5,973.0,646.0,1719.5,2910.5,3259.0,3428.0,3377.5,2116.0,1179.0,704.0,1349.0,1217.0,2081.0,2956.0,3274.0,3473.0,3474.0,2382.5,1511.5,755.0,1353.0,1440.5,2282.0,2977.0,3208.0,3570.5,3579.5,3293.0,2335.0,1037.5,1473.0,1952.0,2336.0,2659.0,2877.5,3246.0,3253.0,3342.0,2345.0,1013.0,1451.0,2087.0,2416.0,2599.0,2803.0,2986.0,3096.0,1794.0,1483.0,499.0,696.0,948.0,1040.0,1107.0,1142.0,1272.0,1270.0,3287.0,2345.0,886.0,1237.0,1789.0,2151.0,2244.0,2449.0,2533.0,2672.0,3165.5,2395.0,935.0,1246.5,1704.0,1918.5,2070.5,2234.0,2438.0,2495.0,2821.0,2205.5,715.0,936.0,1260.0,1419.0,1538.0,1663.0,1842.0,1903.0,2925.0,2389.0,804.0,982.0,1304.0,1464.0,1586.0,1697.0,1866.0,1945.0,2389.0,1502.0,595.0,754.0,1028.0,1166.0,1255.0,1384.0,1583.0,1564.0,0.0,0.0,0.0,0.0,0.0,0.0,0.0,0.0,0.0,0.0,1583.0,1281.0,520.0,727.0,905.0,953.0,1006.0,1093.0,1193.0,1164.0,1810.0,1513.0,664.0,801.0,981.0,1071.0,1101.0,1207.0,1251.0,1256.0,2313.0,1972.0,848.0,1107.0,1347.0,1442.0,1496.0,1560.0,1680.0,1670.0,2497.0,2170.0,1038.0,1257.0,1490.0,1600.0,1638.0,1677.0,1881.0,1827.0,1922.0,1628.0,615.0,783.0,994.0,1100.0,1087.0,1179.0,1276.0,1276.0,2066.0,1742.0,780.0,963.0,1168.0,1261.0,1321.0,1378.0,1476.0,1501.0,2123.5,1803.5,843.0,1041.0,1245.5,1340.5,1377.5,1444.0,1566.5,1529.5,"{""type"":""MultiPoint"",""coordinates"":[]}"
952_0,3,132.5,102.5,151.5,199.5,305.5,365.5,260.0,293.5,282.0,210.5,2321.5,1931.0,758.5,970.5,1220.0,1333.5,1393.5,1522.0,1661.0,1654.0,2377.0,2030.5,849.0,1068.0,1301.5,1440.0,1485.5,1591.5,1721.5,1724.5,2528.0,2222.5,1064.0,1323.0,1568.0,1689.0,1735.5,1801.5,1877.0,1896.5,2700.0,2413.0,1313.0,1569.0,1798.0,1941.0,1947.0,2050.0,2122.0,2099.0,1517.0,1429.0,1128.0,1357.0,1545.0,1680.0,1641.0,1710.0,1722.0,1711.0,223.0,179.0,615.0,907.0,914.0,1073.0,885.0,953.0,1001.0,777.0,527.0,399.0,705.0,1038.0,1021.0,1442.0,1328.0,1436.0,1287.0,1178.0,546.0,432.0,536.0,848.0,741.0,1215.0,1310.0,1441.0,1418.0,1265.0,967.5,576.5,283.0,601.0,389.5,1049.0,2220.5,2613.5,2589.5,2482.5,1146.5,630.0,189.0,432.0,217.0,769.5,2405.5,3080.5,3038.5,2857.5,150.0,130.0,244.0,334.0,419.0,476.0,346.0,393.0,409.0,294.0,1305.0,640.0,188.0,424.0,191.0,745.0,2527.0,3469.0,3478.0,3519.0,1283.0,611.0,104.0,333.0,120.0,654.0,2617.0,3534.0,3507.0,3506.0,1336.0,650.0,170.0,443.0,202.0,819.0,2886.0,3938.0,3904.0,4041.0,1513.0,764.0,404.0,837.0,513.0,1474.0,3288.0,3882.0,3922.0,4006.0,1527.0,808.0,409.0,909.0,657.0,1594.0,2936.0,3420.0,3708.0,3641.0,1919.0,1124.0,496.0,983.0,971.5,1854.0,2807.5,3129.5,3379.0,3421.0,2335.5,1402.0,880.5,1389.5,1562.0,2187.0,2855.0,3123.0,3422.5,3489.5,3135.0,2070.0,991.0,1446.5,1825.0,2472.5,2945.0,3203.0,3499.0,3578.0,4302.5,2842.0,1260.0,1831.0,2569.5,3222.0,3445.0,3770.5,4071.0,4174.0,4811.0,3265.0,1571.0,2184.0,3147.0,3707.0,3893.0,4117.0,4401.0,4615.0,150.0,130.0,244.0,269.0,371.0,446.0,328.0,393.0,409.0,294.0,4655.0,3265.0,1399.0,1968.0,2755.0,3224.0,3392.0,3545.0,3723.0,3959.0,4275.5,3114.5,1226.5,1624.0,2262.0,2600.5,2761.5,2941.0,3214.0,3289.0,3671.0,2848.5,860.5,1123.5,1546.0,1743.5,1868.0,2003.0,2213.0,2244.0,321.0,241.0,328.0,439.0,625.0,691.0,598.0,639.0,714.0,638.0,124.0,117.0,105.0,128.0,197.0,243.0,210.0,193.0,215.0,196.0,176.0,165.0,153.0,296.0,313.0,315.0,287.0,325.0,334.0,304.0,66.0,77.0,97.0,174.0,253.0,374.0,206.0,244.0,260.0,183.0,102.0,88.0,142.0,219.0,357.0,481.0,417.0,526.0,498.0,485.0,3246.0,2458.0,976.0,1282.0,1688.0,1929.0,2054.0,2221.0,2481.0,2474.0,1426.0,822.0,473.0,609.0,987.0,1249.0,1324.0,1455.0,1677.0,1806.0,2487.5,1766.0,797.5,1038.0,1445.0,1722.0,1849.0,1993.5,2233.5,2314.0,4472.0,3572.5,1521.5,1822.0,2289.5,2559.0,2711.0,2889.0,3229.5,3234.0,4195.0,3400.0,1431.0,1718.5,2153.0,2418.5,2518.0,2731.5,2987.0,3022.0,"{""type"":""MultiPoint"",""coordinates"":[]}"
953_0,3,2012.5,1679.0,606.5,769.0,1050.5,1199.0,1231.5,1304.0,1411.5,1441.0,2576.0,2180.5,1031.5,1344.5,1661.5,1799.5,1841.0,1916.5,2055.0,2021.0,2642.0,2206.0,1004.0,1295.5,1640.5,1784.0,1815.0,1885.0,2023.0,2025.0,2598.0,2197.0,1079.0,1399.5,1737.5,1892.5,1924.0,1988.0,2109.0,2096.5,331.0,285.5,938.5,1201.5,1214.0,1329.0,1006.0,1024.0,1013.5,792.5,190.0,174.0,600.5,856.5,917.5,1062.0,826.0,931.5,891.0,743.0,421.0,304.5,528.0,819.0,807.0,1108.5,1000.5,1093.5,977.0,885.0,855.5,619.5,500.0,792.5,632.0,1189.5,1686.5,1794.5,1657.0,1574.5,1319.5,701.5,302.0,662.5,343.0,1101.5,2999.5,3504.5,3606.0,3434.0,1536.5,830.0,238.5,608.5,406.0,1172.0,2943.0,3593.0,3723.0,3823.5,1651.0,882.5,265.5,591.0,451.5,1149.0,2720.5,3380.0,3623.0,3672.0,2312.5,1948.5,682.0,904.5,1190.0,1336.5,1391.0,1493.5,1541.0,1568.0,1661.5,882.5,259.0,578.5,431.5,1112.0,2745.0,3389.0,3631.0,3761.0,1509.0,763.5,200.0,497.0,341.0,990.0,2753.5,3461.5,3641.0,3756.0,1401.5,727.5,224.0,544.5,299.5,949.0,2712.0,3288.5,3383.0,3530.5,1701.0,867.5,450.0,903.5,503.5,1467.0,3197.0,3704.5,3834.0,3881.0,1731.0,943.5,441.0,983.0,626.5,1680.5,2963.0,3401.5,3689.5,3617.5,1859.0,1038.0,488.0,1095.0,850.0,1897.0,2893.0,3161.0,3374.0,3468.0,2191.0,1224.0,713.0,1369.5,1245.0,2290.5,3018.0,3303.0,3593.0,3674.5,2385.0,1495.5,755.0,1383.5,1677.0,2426.0,2831.0,3104.0,3452.0,3534.0,3766.5,2543.0,993.0,1442.0,1962.5,2376.0,2634.5,2923.5,3283.5,3408.5,1973.0,1454.0,601.5,862.0,1219.5,1381.5,1466.0,1566.0,1661.0,1706.0,2187.5,1820.0,583.0,816.0,1113.5,1248.0,1283.5,1370.5,1524.0,1530.5,2145.0,1655.5,632.5,891.0,1241.5,1421.5,1492.0,1566.0,1691.0,1726.5,2300.5,1825.0,829.5,1023.5,1326.0,1481.0,1534.5,1661.0,1756.5,1792.0,2068.5,1717.0,639.0,820.0,1045.5,1179.0,1208.0,1314.0,1417.5,1444.5,2210.0,1768.0,709.5,887.0,1117.5,1245.5,1280.5,1407.5,1457.5,1529.5,1839.5,1528.5,533.0,659.0,870.0,1000.0,1067.5,1132.5,1268.5,1268.5,0.0,0.0,0.0,0.0,0.0,0.0,0.0,0.0,0.0,0.0,1681.5,1265.0,487.5,658.5,900.5,1053.5,1044.5,1139.0,1276.5,1286.0,1999.0,1600.5,653.0,821.0,1014.5,1181.0,1221.5,1272.0,1374.5,1397.0,2548.0,2064.0,877.5,1139.5,1397.5,1532.0,1618.5,1700.0,1837.0,1855.0,2511.5,2070.5,904.5,1125.5,1397.0,1518.5,1580.0,1667.0,1811.0,1801.0,2329.0,1913.5,879.0,1029.5,1247.0,1368.0,1433.5,1517.0,1642.0,1660.0,2286.5,1928.0,769.5,974.5,1237.0,1387.5,1423.0,1505.0,1596.5,1608.5,2363.0,2007.0,843.0,1092.0,1395.0,1514.5,1588.0,1655.0,1771.5,1783.5,"{""type"":""MultiPoint"",""coordinates"":[]}"
954_0,3,1642.0,1370.5,555.5,677.5,888.5,1005.0,1020.5,1092.0,1157.5,1175.0,2349.5,2057.0,958.0,1233.0,1456.0,1578.0,1614.5,1658.5,1770.0,1760.0,2353.5,2045.0,862.0,1117.5,1354.5,1464.5,1529.5,1597.0,1663.0,1677.0,2437.5,2120.5,926.0,1193.5,1440.0,1548.0,1599.5,1693.5,1743.0,1757.5,1268.0,1096.0,862.0,1141.0,1125.0,1314.0,1076.0,1142.0,1206.0,1239.0,301.0,297.0,697.0,967.0,1044.0,1169.0,859.0,868.0,853.0,701.0,356.0,280.0,608.0,914.0,850.0,1131.0,999.0,1080.0,1020.0,860.0,573.0,435.0,611.0,930.0,849.0,1263.0,1189.0,1290.0,1240.0,1115.0,819.0,541.0,543.0,880.0,774.0,1263.0,1566.0,1679.0,1545.0,1435.0,830.5,526.5,278.5,528.0,397.5,901.5,1500.0,1699.0,1678.0,1616.0,1141.0,637.0,233.0,483.5,298.5,876.0,2287.5,2828.0,2939.5,2765.0,1831.0,1539.0,609.0,795.0,989.0,1124.0,1129.0,1203.0,1261.0,1309.0,1394.0,736.0,218.0,462.0,278.0,880.0,2617.0,3336.0,3324.0,3354.0,1242.0,617.0,136.0,418.0,231.0,831.0,2506.0,3292.0,3503.0,3388.0,1203.0,605.0,136.0,388.0,173.0,738.0,2651.0,3443.0,3436.0,3529.0,1393.0,707.0,339.0,703.0,335.0,1115.0,3083.0,3859.0,4016.0,3944.0,1536.0,799.0,349.0,870.0,475.0,1416.0,3388.0,3981.0,4202.0,4212.0,1650.5,903.5,409.0,967.5,583.5,1644.0,3145.5,3518.0,3678.0,3685.0,1915.0,1039.0,743.0,1352.0,1227.0,2193.0,3058.0,3348.0,3543.0,3594.0,2224.5,1379.0,765.0,1382.5,1401.5,2318.0,3059.0,3273.0,3572.5,3572.0,2944.5,2049.5,938.5,1437.0,1837.0,2474.0,2817.5,3039.5,3383.0,3400.0,3330.0,2337.0,921.0,1329.0,1919.0,2305.0,2509.0,2754.0,2746.0,3124.0,1742.0,1454.0,461.0,663.0,899.0,1013.0,1043.0,1114.0,1191.0,1208.0,3267.0,2423.0,871.0,1255.0,1753.0,2154.0,2266.0,2402.0,2450.0,2695.0,3132.0,2315.5,904.5,1201.0,1657.5,1909.0,2015.0,2158.5,2346.0,2442.0,2746.5,2197.0,650.5,847.5,1151.0,1342.0,1452.0,1548.0,1705.5,1751.0,2862.0,2318.0,716.0,888.0,1174.0,1364.0,1496.0,1597.0,1703.0,1788.0,2410.0,1640.0,523.0,692.0,985.0,1093.0,1188.0,1281.0,1461.0,1499.0,888.0,753.0,882.0,804.0,741.0,744.0,784.0,839.0,1075.0,928.0,1587.0,1286.0,481.0,641.0,812.0,906.0,938.0,984.0,1090.0,1067.0,1747.0,1495.0,599.0,727.0,882.0,972.0,1015.0,1069.0,1123.0,1181.0,2094.0,1829.0,687.0,896.0,1111.0,1233.0,1292.0,1339.0,1426.0,1435.0,1791.0,1505.0,874.0,1050.0,1265.0,1354.0,1404.0,1410.0,1603.0,1428.0,1791.0,1505.0,508.0,638.0,835.0,934.0,974.0,1022.0,1086.0,1100.0,1853.0,1632.0,652.0,783.0,965.0,1062.0,1080.0,1155.0,1218.0,1224.0,2059.0,1843.5,761.0,943.5,1150.5,1259.5,1280.0,1359.5,1450.5,1448.0,"{""type"":""MultiPoint"",""coordinates"":[]}"
955_0,3,1938.0,1569.0,620.0,768.0,1001.0,1131.5,1162.0,1269.0,1352.0,1408.0,2213.5,1866.5,715.0,939.5,1181.0,1297.5,1335.5,1436.5,1550.0,1545.5,2654.0,2274.0,964.0,1292.0,1615.5,1730.5,1749.0,1810.5,1911.0,1937.5,2903.5,2460.0,1082.5,1414.5,1734.0,1873.0,1905.0,1991.5,2078.0,2115.5,501.0,411.0,846.0,1114.0,1122.0,1384.0,1101.0,1130.0,1081.0,941.0,501.0,411.0,776.0,1054.0,1122.0,1384.0,1101.0,1134.0,1071.0,998.0,475.0,368.0,561.0,897.0,850.0,1175.0,1016.0,1134.0,1071.0,998.0,857.0,664.0,551.0,878.0,757.0,1165.0,1462.0,1582.0,1546.0,1431.0,1657.0,924.0,427.0,764.0,452.0,1042.0,2681.0,3117.0,3027.0,3206.0,1871.5,918.5,254.5,588.0,266.5,928.5,3233.5,4276.0,4338.5,4488.0,1651.0,785.5,95.0,365.0,128.5,708.5,3082.0,4524.0,4506.5,4580.5,2170.0,1788.0,691.0,865.0,1103.0,1271.0,1285.0,1390.0,1482.0,1487.0,1625.0,758.0,134.0,383.0,159.0,698.0,3167.0,4594.0,4767.0,4791.0,1639.0,723.0,62.0,406.0,140.0,807.0,3519.0,4909.0,5094.0,5172.0,1724.0,806.0,298.0,789.0,433.0,1420.0,3798.0,4949.0,5098.0,5320.0,1945.0,966.0,511.0,1073.0,768.0,1903.0,3879.0,4681.0,4843.0,4992.0,2010.0,1116.5,559.0,1150.0,942.0,2059.5,3632.5,4180.0,4559.5,4585.5,2760.0,1668.0,830.5,1479.5,1733.0,2703.5,3692.0,4059.0,4405.0,4533.5,3537.5,2390.0,1230.0,1941.0,2668.5,3539.5,4080.5,4393.0,4779.0,4929.0,4486.0,3134.0,1486.5,2078.5,2932.5,3620.0,3856.5,4206.5,4442.5,4692.0,4094.0,2963.0,1311.0,1789.0,2600.0,2965.0,3105.0,3438.0,3645.0,3724.0,4071.5,2848.5,1221.0,1648.5,2433.5,2901.0,3090.0,3366.5,3253.0,3555.5,2132.0,1754.5,663.0,831.0,1087.5,1205.0,1258.5,1360.5,1457.0,1484.5,3659.0,2627.0,1022.5,1385.0,1952.0,2274.0,2426.0,2582.5,2650.0,2901.0,3371.5,2494.5,1000.5,1276.0,1733.0,2100.5,2112.0,2347.0,2365.0,2562.5,3028.5,2453.0,776.0,967.5,1295.0,1528.5,1540.5,1687.0,1778.0,1891.5,3044.0,2474.5,782.5,970.0,1270.0,1464.0,1543.5,1660.5,1749.0,1833.5,1780.0,1160.0,486.0,627.0,849.0,962.0,966.0,1045.0,1170.0,1175.0,0.0,0.0,0.0,0.0,0.0,0.0,0.0,0.0,0.0,0.0,1907.0,1529.0,606.0,769.0,983.0,1073.0,1124.0,1174.0,1275.0,1321.0,1980.0,1657.0,659.0,769.0,938.0,1052.0,1050.0,1134.0,1216.0,1272.0,2397.0,2046.0,810.0,1007.0,1228.0,1358.0,1379.0,1461.0,1555.0,1607.0,2584.0,2185.0,1020.0,1192.0,1409.0,1549.0,1618.0,1692.0,1793.0,1819.0,2011.0,1621.5,626.5,776.5,962.0,1062.5,1091.5,1150.5,1242.5,1280.5,2394.0,2022.0,815.0,998.0,1193.0,1298.0,1393.0,1527.0,1597.0,1624.0,2233.0,1844.5,732.5,931.0,1172.0,1307.0,1386.0,1505.5,1582.0,1613.0,"{""type"":""MultiPoint"",""coordinates"":[]}"
956_0,3,1590.0,1328.5,517.0,638.5,845.5,954.0,972.5,1054.5,1096.0,1113.5,2153.0,1888.0,794.5,1056.0,1273.0,1395.0,1435.5,1497.0,1572.5,1561.5,2247.0,1994.5,828.5,1073.0,1307.0,1425.0,1462.0,1520.0,1593.5,1623.0,2168.5,1952.0,823.0,1046.0,1264.0,1376.5,1405.5,1473.0,1528.5,1547.0,292.0,255.0,763.0,1097.0,1130.0,1332.0,932.0,972.0,882.0,717.0,322.0,255.0,738.0,1009.0,1052.0,1262.0,932.0,972.0,882.0,717.0,456.0,341.0,649.0,942.0,842.0,1243.0,1198.0,1319.0,1201.0,1039.0,678.0,532.0,541.0,857.0,729.0,1424.0,1548.0,1669.0,1627.0,1366.0,854.0,574.0,507.0,779.0,611.0,1253.0,1794.0,2067.0,1888.0,1805.0,949.5,607.5,276.5,525.0,385.0,954.5,1833.0,2207.0,2124.0,2005.5,1344.5,732.5,209.5,473.5,265.0,842.5,2509.0,3224.0,3191.0,3125.5,1776.0,1488.0,627.0,780.0,969.0,1067.0,1147.0,1169.0,1219.0,1262.0,1362.0,681.0,211.0,474.0,227.0,816.0,2604.0,3320.0,3250.0,3266.0,1287.0,602.0,70.0,348.0,129.0,648.0,2777.0,3834.0,3880.0,3904.0,1264.0,594.0,83.0,331.0,99.0,604.0,2889.0,4124.0,4091.0,4211.0,1583.0,762.0,342.0,702.0,327.0,1107.0,3582.0,4646.0,4705.0,4786.0,1661.5,809.0,379.0,851.5,398.5,1328.0,3618.5,4563.0,4829.5,4737.5,1670.5,880.5,383.0,911.0,483.0,1541.0,3445.5,3977.0,4157.0,4135.0,2005.0,1109.0,830.0,1527.0,1204.0,2333.0,3685.0,4078.0,4289.0,4413.0,2567.5,1595.5,975.5,1674.5,1787.5,3057.5,3842.5,4124.5,4464.0,4568.0,3523.0,2467.0,1116.0,1631.0,2173.5,2727.0,2956.5,3239.5,3520.5,3628.5,2849.0,2112.0,904.0,1244.0,1742.0,2050.0,2159.0,2263.0,2381.0,2523.0,1649.0,1377.0,438.0,632.0,848.0,957.0,992.0,1035.0,1133.0,1144.0,2708.0,2066.0,781.0,1054.0,1468.0,1689.0,1825.0,1944.0,2081.0,2172.0,2583.0,1977.5,787.0,1038.5,1386.0,1617.0,1705.0,1844.5,1975.0,2066.0,2350.5,1876.0,633.0,816.5,1128.0,1296.0,1336.0,1462.0,1647.0,1654.0,2505.0,2024.0,724.0,897.0,1195.0,1353.0,1397.0,1543.0,1679.0,1670.0,2102.0,1492.0,536.0,667.0,950.0,1060.0,1106.0,1219.0,1418.0,1434.0,0.0,0.0,0.0,0.0,0.0,0.0,0.0,0.0,0.0,0.0,1477.0,1193.0,457.0,631.0,788.0,878.0,915.0,997.0,1040.0,1039.0,1926.0,1678.0,957.0,952.0,1059.0,1152.0,1221.0,1270.0,1469.0,1333.0,2191.5,1922.5,826.5,1039.5,1247.0,1363.0,1411.0,1476.0,1582.0,1575.0,2270.0,2010.0,930.0,1122.0,1311.0,1439.0,1483.0,1548.0,1682.0,1659.0,1886.5,1646.5,675.5,803.0,989.0,1069.5,1104.0,1177.5,1226.0,1256.0,1917.0,1678.0,649.0,850.0,1048.0,1152.0,1212.0,1258.0,1326.0,1351.0,1965.5,1719.0,723.0,896.5,1102.5,1213.5,1244.0,1310.0,1386.0,1387.5,"{""type"":""MultiPoint"",""coordinates"":[]}"
957_0,3,812.0,810.0,210.0,252.0,305.0,339.0,349.0,361.0,400.0,405.0,1062.0,971.0,344.5,362.0,402.5,400.5,440.5,473.0,506.5,541.5,1292.0,1240.0,486.0,473.0,539.0,529.0,555.0,597.0,648.0,676.0,1337.0,1336.0,516.0,536.0,562.0,599.0,597.0,653.0,668.0,702.0,1157.0,1092.0,524.0,492.5,515.5,523.0,491.5,542.5,566.5,582.5,1364.5,1306.5,516.5,524.0,548.5,573.0,587.0,615.0,665.0,687.0,2416.0,2164.0,1032.5,1208.5,1361.5,1532.0,1769.5,1911.0,1675.5,2044.5,1476.0,1424.5,497.0,549.0,566.0,644.5,760.5,824.0,851.5,890.0,1432.5,1296.5,494.5,565.0,527.5,709.0,1074.5,1211.5,1221.0,1249.5,1097.0,927.0,315.0,463.0,352.0,653.0,1533.0,1743.0,1764.0,1731.0,1079.0,881.0,258.0,406.0,278.0,631.0,1697.0,2031.0,2076.0,2080.0,958.5,959.0,286.5,310.0,359.5,383.5,404.0,439.5,461.0,466.5,1083.0,856.0,353.0,502.0,363.0,684.0,2011.0,2211.0,2381.0,2258.0,1222.0,900.5,814.5,928.0,762.0,1111.5,2352.0,2728.5,2931.0,2858.0,1165.5,847.5,432.0,602.0,467.5,862.5,2272.5,2794.0,2859.5,2858.0,1570.0,1203.5,818.0,960.5,825.5,1217.0,2509.0,2921.0,3089.0,3045.0,1426.0,1034.5,578.0,843.5,695.5,1202.5,2550.0,2852.5,3207.5,3176.5,1680.5,1234.0,691.5,1029.5,973.5,1564.5,2557.0,2908.5,3127.5,3082.0,2259.0,1601.5,931.5,1250.5,1456.0,1906.5,2618.0,2844.5,3156.0,3152.0,2532.0,1857.0,841.0,1166.0,1533.0,1927.0,2337.0,2689.0,3038.0,3000.0,2388.0,1906.0,844.0,1086.5,1480.0,1687.5,1817.0,1896.0,2170.5,2148.0,2028.0,1629.0,722.0,907.5,1222.5,1437.0,1489.0,1634.5,1661.5,1803.5,749.0,664.0,183.0,208.0,224.0,247.0,260.0,280.0,314.0,306.0,898.0,852.0,236.0,282.0,321.0,387.0,408.0,417.0,520.0,471.0,735.0,704.0,201.0,223.0,256.0,304.0,308.0,355.0,342.0,394.0,794.0,800.5,168.0,196.5,251.5,288.0,304.5,323.5,361.0,365.0,929.0,958.0,253.0,272.0,322.0,361.0,372.0,407.0,408.0,437.0,602.5,574.5,146.5,147.0,182.0,202.5,192.5,228.5,262.5,265.0,0.0,0.0,0.0,0.0,0.0,0.0,0.0,0.0,0.0,0.0,636.0,625.0,176.0,188.0,212.0,228.0,235.0,251.0,276.0,252.0,0.0,0.0,0.0,0.0,0.0,0.0,0.0,0.0,0.0,0.0,1107.0,1103.0,269.0,319.0,386.0,405.0,437.0,483.0,510.0,532.0,1158.0,1148.0,342.0,351.0,439.0,479.0,488.0,528.0,566.0,588.0,709.0,699.0,229.0,220.0,236.0,228.0,192.0,228.0,276.0,293.0,1117.0,1105.0,370.0,403.0,450.0,474.0,486.0,509.0,574.0,577.0,1231.5,1207.0,440.5,460.5,495.5,529.0,549.5,580.5,620.0,649.0,"{""type"":""MultiPoint"",""coordinates"":[]}"
958_0,3,1751.0,1457.0,456.5,589.5,809.0,928.0,991.0,1061.0,1126.5,1179.0,2378.5,2040.5,880.0,1181.0,1471.0,1594.0,1654.5,1720.5,1823.0,1819.0,2410.5,2050.5,835.0,1112.0,1401.0,1537.5,1588.0,1668.0,1747.5,1768.0,2353.5,2043.0,832.5,1087.5,1361.5,1508.5,1539.0,1620.0,1682.5,1730.0,319.0,305.0,725.0,1025.0,1014.5,1147.0,750.0,831.0,742.5,644.0,371.0,310.0,922.0,1118.5,1122.5,1229.5,914.0,924.0,895.0,726.5,542.5,473.0,503.5,824.0,670.0,1155.0,1280.5,1368.0,1209.5,1110.0,1264.0,828.0,400.0,793.5,411.0,1158.5,2482.5,2744.0,2686.5,2506.0,1622.0,824.0,252.5,707.5,270.0,1132.0,3510.5,4405.5,4396.0,4419.0,1836.0,1007.0,301.5,722.0,474.0,1342.0,3094.0,3759.5,4009.5,4170.5,1890.5,1054.0,310.0,693.0,501.0,1311.5,2915.5,3560.5,3784.0,4006.5,2009.0,1693.0,548.5,738.0,977.0,1145.5,1149.5,1248.5,1335.0,1370.5,1824.0,1007.5,290.0,664.0,455.5,1245.5,2885.5,3500.5,3665.5,3820.5,1643.0,865.5,283.5,642.5,425.0,1144.0,2876.0,3512.5,3690.5,3821.0,1610.0,860.5,297.0,631.5,372.5,1097.0,2961.0,3552.5,3688.0,3868.5,1860.0,979.5,478.0,981.0,543.0,1615.0,3435.5,3973.0,4142.5,4244.5,1885.0,1028.0,461.5,1043.5,659.5,1717.5,3326.0,3777.5,4036.5,4058.5,2008.0,1139.0,548.0,1202.0,967.0,2179.0,3142.0,3460.0,3704.0,3807.0,2344.0,1355.5,804.0,1466.5,1515.0,2513.0,3245.0,3526.0,3789.0,3913.5,2589.0,1624.0,800.0,1466.5,1556.5,2587.5,3102.5,3401.0,3744.0,3861.5,3866.5,2656.0,1116.0,1545.0,2314.0,2862.0,3103.5,3395.0,3796.5,3915.0,3100.0,2260.0,935.5,1300.5,1869.5,2270.0,2411.0,2625.5,2677.0,2911.5,1860.0,1549.5,423.0,636.5,872.0,985.0,1071.0,1103.0,1230.0,1269.0,2673.5,2097.0,906.5,1241.0,1660.5,1932.0,2011.0,2164.5,2219.0,2334.5,2388.5,1953.0,920.0,1182.0,1489.0,1696.5,1764.0,1865.0,1979.0,2035.0,2350.0,1925.0,729.5,919.5,1213.0,1403.5,1467.0,1578.0,1664.5,1733.0,2292.0,1856.0,778.0,983.5,1283.5,1468.5,1531.0,1636.0,1691.0,1757.5,2126.0,1585.0,600.0,750.5,1046.0,1225.5,1259.5,1363.0,1511.0,1512.5,0.0,0.0,0.0,0.0,0.0,0.0,0.0,0.0,0.0,0.0,1717.5,1399.0,456.0,625.0,805.0,925.5,965.5,1028.5,1125.5,1142.5,1710.0,1447.5,516.5,638.0,778.0,879.0,911.0,973.0,1074.0,1063.0,2181.0,1830.5,630.5,825.5,1030.0,1158.0,1265.0,1344.5,1444.5,1444.5,2192.5,1857.5,628.5,809.0,1031.0,1146.5,1209.5,1349.5,1458.5,1449.5,2084.0,1729.5,659.0,782.0,960.5,1080.0,1151.0,1253.5,1397.5,1385.5,1934.0,1631.0,540.5,729.5,936.5,1057.0,1115.0,1210.0,1272.0,1292.5,2163.5,1893.0,713.5,952.0,1209.5,1351.5,1420.0,1493.0,1562.0,1602.5,"{""type"":""MultiPoint"",""coordinates"":[]}"
959_0,3,1999.5,1621.0,644.0,797.0,1050.0,1195.0,1220.5,1281.0,1426.0,1446.5,2275.5,1977.0,936.0,1196.5,1455.5,1575.0,1615.0,1663.0,1768.5,1746.0,2366.5,2033.5,900.5,1163.0,1443.5,1580.0,1572.0,1657.0,1743.5,1756.0,2337.0,2017.5,901.0,1151.5,1419.0,1549.5,1560.5,1643.0,1709.5,1713.0,253.0,215.0,605.0,823.0,876.0,1018.0,895.0,956.0,891.0,837.0,258.0,215.0,518.0,745.0,760.0,956.0,836.0,949.0,866.0,831.0,535.0,431.0,473.0,700.0,614.0,1035.0,1060.0,1175.0,1117.0,1055.0,1030.0,669.0,455.0,700.0,456.0,1043.0,1862.0,2075.0,1920.0,1847.0,1263.0,687.0,360.0,655.0,410.0,1055.0,2540.0,2977.0,2869.0,2853.0,1454.0,814.0,288.5,634.0,405.5,1108.5,2533.0,3028.0,2943.5,3074.0,1533.0,782.5,177.0,432.0,222.5,781.0,2607.5,3395.0,3496.0,3539.0,2211.0,1834.0,707.0,888.0,1150.0,1316.0,1318.0,1405.0,1518.0,1568.0,1672.0,833.0,195.0,468.0,229.0,864.0,3042.0,3934.0,4048.0,4151.0,1659.0,833.0,179.0,628.0,330.0,1153.0,3359.0,4186.0,4295.0,4448.0,1715.0,867.0,339.0,830.0,558.0,1515.0,3513.0,4202.0,4339.0,4466.0,1892.0,1015.0,553.0,1061.0,903.0,1980.0,3367.0,3886.0,4043.0,4180.0,2058.0,1183.0,596.5,1122.0,1075.5,2044.5,3096.0,3472.0,3809.0,3831.0,2411.5,1469.5,677.5,1184.5,1347.5,2108.0,2912.0,3231.5,3495.0,3612.5,3026.5,1886.5,946.5,1402.5,1725.5,2316.5,2858.0,3193.5,3464.0,3592.0,3874.5,2650.5,969.0,1359.0,1877.5,2354.0,2628.0,2906.5,3262.0,3384.5,3485.5,2474.0,845.0,1224.5,1842.5,2228.5,2432.0,2642.0,3020.5,3069.5,2399.0,1870.0,719.0,988.0,1372.0,1631.0,1681.0,1848.0,1885.0,2024.0,2193.0,1827.5,683.0,848.5,1147.5,1261.5,1323.5,1383.5,1526.5,1557.5,2453.0,1918.5,756.5,1006.0,1397.0,1624.0,1684.5,1857.5,1929.0,2025.0,2406.0,1859.5,856.5,1057.0,1396.5,1578.0,1657.5,1788.5,1877.5,1957.0,2198.0,1757.0,644.0,832.5,1111.0,1266.0,1338.5,1423.5,1525.0,1586.0,2264.5,1829.5,713.0,858.5,1137.0,1311.5,1350.0,1469.0,1533.0,1615.0,1907.0,1353.0,528.0,656.0,902.0,1035.0,1085.0,1140.0,1321.0,1307.0,0.0,0.0,0.0,0.0,0.0,0.0,0.0,0.0,0.0,0.0,1809.0,1464.0,575.0,729.0,937.0,1056.0,1055.0,1124.0,1235.0,1227.0,1925.0,1631.0,672.0,761.0,945.0,1041.0,1069.0,1154.0,1214.0,1236.0,2345.0,2001.0,788.0,982.0,1228.0,1350.0,1386.0,1450.0,1553.0,1589.0,2335.0,1982.5,856.0,974.0,1223.0,1328.5,1338.0,1405.0,1558.5,1561.0,2236.0,1846.5,794.0,882.5,1114.0,1221.5,1230.5,1297.5,1412.5,1452.0,2122.0,1819.0,729.0,883.0,1106.0,1223.0,1262.0,1362.0,1459.0,1491.0,2049.0,1797.0,729.0,918.0,1138.0,1224.0,1255.0,1340.0,1438.0,1453.0,"{""type"":""MultiPoint"",""coordinates"":[]}"
960_0,3,1734.0,1423.0,584.0,742.5,979.5,1135.0,1122.0,1178.0,1257.5,1262.0,2416.0,2133.5,999.0,1274.5,1524.5,1684.5,1678.5,1766.0,1840.0,1829.5,2364.0,2075.5,858.5,1121.5,1368.0,1483.0,1511.0,1596.0,1671.5,1674.5,2285.5,2009.5,837.5,1075.0,1310.5,1424.0,1450.0,1539.0,1598.5,1609.0,432.0,361.0,611.0,873.0,929.0,1022.0,770.0,898.0,929.0,760.0,558.0,487.0,995.0,1244.0,1271.0,1413.0,1055.0,1091.0,1106.0,1005.0,438.0,324.0,666.0,912.0,979.0,1277.0,1271.0,1329.0,1364.0,1158.0,661.0,457.0,589.0,899.0,823.0,1189.0,1472.0,1646.0,1652.0,1484.0,959.0,605.0,498.0,811.0,642.0,1118.0,1932.0,2008.0,1949.0,1844.0,1027.5,593.0,307.5,624.5,406.0,982.0,1908.5,2280.0,2288.0,2155.0,1220.0,660.5,280.5,576.5,327.5,945.5,2319.0,2996.0,3042.5,2939.5,1943.5,1670.5,693.0,881.5,1132.5,1246.5,1289.0,1324.0,1398.0,1458.5,1404.0,735.0,292.0,518.0,364.0,859.0,2247.0,2911.0,3027.0,3108.0,1261.0,648.0,163.0,411.0,258.0,703.0,2247.0,2911.0,3027.0,3140.0,1287.0,650.0,163.0,416.0,222.0,711.0,2486.0,3282.0,3306.0,3511.0,1522.0,762.0,355.0,746.0,366.0,1159.0,3197.0,3917.0,4036.0,4083.0,1645.0,868.0,377.0,889.0,463.0,1485.0,3451.0,4122.0,4282.0,4240.0,1743.0,928.0,428.0,986.0,559.5,1656.0,3316.5,3771.0,3983.5,4005.5,2049.0,1141.0,809.0,1437.0,1222.0,2246.0,3365.0,3650.0,3865.0,3968.0,2337.0,1443.0,833.0,1512.0,1473.0,2541.0,3279.0,3556.5,3879.5,3902.5,3231.0,2237.5,1078.0,1615.5,2023.0,2731.5,3117.5,3423.5,3742.0,3821.5,2265.0,1533.0,822.0,1076.0,1619.0,1936.0,2059.0,2271.0,2428.0,2515.0,1781.0,1493.0,517.0,731.0,980.0,1116.0,1130.0,1206.0,1310.0,1295.0,3244.0,2455.0,881.0,1232.0,1751.0,2083.0,2170.0,2387.0,2537.0,2626.0,3228.0,2494.0,1017.5,1291.0,1757.5,1992.0,2098.5,2272.5,2484.5,2533.0,2889.0,2312.0,791.0,1032.5,1379.5,1552.5,1654.5,1799.0,2012.5,2006.5,2589.0,2104.0,799.0,983.0,1292.0,1494.0,1590.0,1719.0,1791.0,1907.0,1964.0,1635.0,502.0,660.0,897.0,1031.0,1078.0,1161.0,1309.0,1359.0,994.0,872.0,719.0,724.0,775.0,855.0,966.0,1056.0,924.0,1070.0,1635.0,1334.0,485.0,682.0,859.0,926.0,986.0,1049.0,1147.0,1095.0,1142.0,922.0,465.0,508.0,613.0,659.0,670.0,708.0,707.0,765.0,2161.0,1857.0,685.0,929.0,1161.0,1266.0,1291.0,1369.0,1456.0,1468.0,1836.0,1540.0,800.0,873.0,1037.0,1107.0,1079.0,1190.0,1256.0,1319.0,1836.0,1540.0,533.0,669.0,898.0,973.0,987.0,1048.0,1117.0,1135.0,1974.0,1688.0,693.0,838.0,1033.0,1112.0,1141.0,1218.0,1311.0,1338.0,2085.5,1874.0,738.0,942.5,1159.5,1251.0,1287.5,1373.5,1475.0,1466.0,"{""type"":""MultiPoint"",""coordinates"":[]}"
961_0,3,1668.0,1402.5,503.5,632.0,834.0,940.0,982.0,1041.5,1125.5,1154.0,2450.0,2057.5,998.0,1290.0,1551.5,1671.5,1712.0,1781.0,1879.0,1868.0,2449.0,2045.5,935.5,1197.5,1471.0,1600.5,1593.0,1671.0,1770.5,1793.0,2375.5,2015.0,929.0,1178.5,1426.5,1545.5,1556.0,1639.5,1712.5,1745.5,364.5,310.0,677.5,926.5,994.5,1266.5,1129.5,1163.5,1167.0,1090.5,468.5,307.0,670.0,932.0,1016.5,1276.0,1139.0,1207.5,1172.5,1141.5,616.5,406.5,683.0,986.0,1065.0,1398.5,1393.5,1430.5,1445.5,1408.5,705.5,449.0,655.5,949.5,960.5,1340.5,1562.5,1740.5,1726.5,1592.5,1229.0,786.5,505.0,833.5,672.0,1262.0,2280.5,2485.0,2367.0,2424.0,1779.5,1010.0,473.5,860.5,682.0,1359.0,2670.5,3104.0,3120.0,3218.0,1560.0,895.0,405.0,756.0,582.5,1289.0,2675.0,3091.0,3164.0,3190.0,2033.5,1696.0,583.5,800.0,1009.0,1168.0,1182.5,1259.0,1376.5,1379.5,1509.0,814.5,322.0,692.5,510.5,1223.5,2681.0,3212.5,3218.0,3314.5,1393.0,719.5,284.0,612.5,412.5,1120.0,2698.0,3328.0,3279.0,3330.5,1411.5,717.5,313.5,652.0,392.5,1111.0,2905.0,3483.0,3482.0,3660.5,1655.5,849.0,463.5,918.0,527.5,1502.0,3248.0,3737.5,3868.0,3925.5,1699.5,912.5,449.5,977.0,616.5,1642.0,3102.5,3519.0,3760.0,3742.5,1865.0,1050.0,487.0,1088.0,821.0,1882.0,3017.0,3268.0,3470.0,3608.0,2195.5,1236.5,761.0,1341.5,1335.0,2296.5,3086.0,3399.5,3657.0,3745.0,2539.0,1544.5,847.0,1402.5,1619.5,2380.0,2943.5,3232.0,3581.0,3713.0,3910.0,2631.0,993.0,1459.5,1976.5,2477.5,2774.5,3024.0,3425.5,3561.0,1874.5,1428.0,495.0,689.0,970.0,1164.0,1199.5,1313.5,1350.0,1484.0,1870.0,1560.0,465.0,668.0,903.5,1027.5,1067.0,1125.0,1227.0,1282.0,1909.5,1490.0,512.0,715.5,988.5,1156.0,1197.0,1291.0,1345.5,1436.0,2187.5,1746.5,825.0,977.0,1206.0,1380.0,1433.0,1484.5,1578.0,1670.0,1953.5,1604.5,579.0,740.0,949.5,1070.0,1119.5,1191.5,1316.0,1335.5,2080.0,1639.0,643.5,825.5,1056.5,1156.5,1217.5,1303.5,1382.5,1445.5,1712.0,1399.0,446.5,570.5,750.5,865.0,915.0,961.0,1069.0,1064.0,1555.0,1281.5,722.5,868.0,1005.5,1097.5,1148.0,1220.5,1287.0,1280.5,1585.0,1244.0,471.5,652.0,824.5,933.0,947.5,1007.0,1106.5,1120.5,1816.5,1535.0,603.0,734.5,883.5,995.0,1039.0,1125.0,1147.5,1230.5,2220.5,1871.5,781.5,978.0,1187.0,1306.0,1362.5,1437.5,1532.0,1517.5,2193.0,1840.5,818.5,990.0,1183.0,1284.5,1291.5,1364.0,1518.0,1467.5,2013.0,1659.5,786.0,872.5,1040.5,1126.0,1152.0,1236.5,1336.0,1329.0,2064.5,1737.5,674.0,864.0,1078.5,1176.5,1217.0,1266.0,1362.5,1411.5,2216.0,1856.5,837.0,1094.5,1324.5,1435.0,1467.0,1533.5,1639.5,1629.5,"{""type"":""MultiPoint"",""coordinates"":[]}"
962_0,3,1796.0,1466.0,585.5,733.0,969.5,1083.0,1132.0,1211.5,1290.0,1300.5,2317.5,1984.5,909.5,1174.5,1420.5,1551.5,1593.5,1668.5,1753.5,1742.0,2315.5,2016.0,915.0,1174.5,1399.5,1526.0,1557.5,1631.0,1680.0,1687.5,2413.5,2138.5,988.0,1245.5,1477.5,1591.0,1641.0,1715.0,1772.0,1778.5,275.0,245.0,902.0,1168.0,1201.0,1294.0,1002.0,1017.0,990.0,834.0,275.0,245.0,796.0,1147.0,1199.0,1294.0,1028.0,1121.0,1107.0,1001.0,411.0,358.0,705.0,1079.0,1048.0,1491.0,1454.0,1558.0,1568.0,1470.0,676.0,583.0,622.0,1009.0,904.0,1555.0,1750.0,1876.0,1748.0,1588.0,730.0,520.0,479.0,793.0,694.0,1302.0,1691.0,1929.0,1741.0,1645.0,810.0,542.0,265.0,533.0,334.5,937.5,1776.5,2132.5,1923.0,1869.0,1245.0,678.0,179.0,499.5,297.5,894.5,2578.5,3114.5,3094.5,3115.0,1970.0,1645.0,696.0,871.0,1111.0,1210.0,1270.0,1329.0,1364.0,1432.0,1423.0,759.0,196.0,460.0,306.0,899.0,2400.0,2977.0,3005.0,3179.0,1342.0,693.0,136.0,377.0,212.0,768.0,2510.0,3272.0,3395.0,3422.0,1310.0,660.0,136.0,386.0,162.0,712.0,2774.0,3706.0,3739.0,3845.0,1616.0,810.0,358.0,729.0,360.0,1190.0,3414.0,4240.0,4398.0,4456.0,1716.5,856.0,400.0,893.5,435.0,1431.5,3554.0,4323.5,4626.5,4488.5,1742.5,943.5,410.0,992.0,571.0,1741.0,3379.5,3779.0,3968.0,4029.5,2003.0,1091.5,850.5,1497.5,1285.5,2261.5,3359.5,3716.5,3964.0,3988.5,2444.5,1523.0,942.0,1548.5,1643.0,2647.0,3311.0,3627.0,3988.0,3956.5,3710.0,2570.5,1120.0,1600.0,2200.5,2708.0,2990.0,3283.5,3683.5,3693.5,3049.0,2277.0,959.0,1331.0,1840.0,2184.0,2308.0,2568.0,2352.0,2751.0,1817.0,1524.0,504.0,718.0,979.0,1085.0,1128.0,1224.0,1323.0,1329.0,2969.0,2249.0,830.0,1149.0,1551.0,1880.0,1923.0,2101.0,2167.0,2383.0,2770.5,2140.0,871.0,1101.0,1440.0,1633.0,1743.0,1848.0,1960.0,2060.0,2523.5,2024.0,690.0,895.0,1149.0,1309.5,1414.0,1492.5,1598.5,1681.5,2663.0,2177.0,788.0,956.0,1205.0,1361.0,1482.0,1555.0,1636.0,1741.0,2240.0,1600.0,595.0,749.0,983.0,1100.0,1186.0,1263.0,1427.0,1457.0,0.0,0.0,0.0,0.0,0.0,0.0,0.0,0.0,0.0,0.0,1678.0,1333.0,569.0,764.0,943.0,1047.0,1095.0,1132.0,1262.0,1234.0,1969.0,1640.0,727.0,863.0,1072.0,1162.0,1191.0,1257.0,1373.0,1317.0,2348.0,2020.0,841.0,1114.0,1357.0,1461.0,1502.0,1599.0,1708.0,1697.0,2540.0,2188.0,1044.0,1257.0,1498.0,1561.0,1685.0,1717.0,1927.0,1849.0,1997.0,1692.0,640.0,787.0,1025.0,1097.0,1158.0,1170.0,1310.0,1316.0,2105.0,1763.0,760.0,914.0,1127.0,1221.0,1254.0,1351.0,1450.0,1438.0,2151.5,1823.5,825.0,1039.5,1251.0,1330.0,1389.5,1457.5,1588.5,1536.5,"{""type"":""MultiPoint"",""coordinates"":[]}"
963_0,3,1729.0,1444.0,589.0,732.0,928.0,1065.0,1081.5,1158.0,1210.5,1243.5,2156.0,1809.5,790.5,989.0,1211.0,1354.0,1400.5,1497.0,1570.5,1604.5,2343.5,1982.0,929.0,1176.0,1429.0,1589.5,1623.0,1697.5,1743.5,1794.0,2641.5,2252.5,1171.5,1501.5,1787.0,1942.0,1948.5,2030.5,2066.5,2103.5,2250.0,1954.0,1164.0,1474.0,1690.0,1732.0,1588.0,1672.0,1739.0,1710.0,558.0,499.0,1164.0,1442.0,1412.0,1602.0,1242.0,1279.0,1250.0,1043.0,347.0,335.0,643.0,959.0,943.0,1216.0,934.0,1032.0,979.0,839.0,561.0,391.0,598.0,935.0,881.0,1250.0,1227.0,1325.0,1268.0,1115.0,631.0,491.0,382.0,657.0,556.0,882.0,1040.0,1198.0,1146.0,1009.0,1284.5,735.0,273.0,549.0,358.0,851.5,2187.0,2605.0,2481.0,2545.0,1431.5,715.0,174.5,388.5,188.0,646.5,2479.0,3480.5,3411.5,3523.0,1937.0,1622.0,666.0,833.0,1030.0,1156.0,1189.0,1258.0,1317.0,1363.0,1381.0,674.0,161.0,372.0,152.0,609.0,2666.0,3809.0,3803.0,3852.0,1455.0,674.0,89.0,436.0,164.0,805.0,3213.0,4423.0,4301.0,4462.0,1567.0,759.0,263.0,701.0,390.0,1230.0,3465.0,4520.0,4620.0,4710.0,1643.0,807.0,478.0,1033.0,684.0,1822.0,3575.0,4188.0,4262.0,4395.0,1712.0,964.0,530.0,1106.0,871.5,1991.0,3301.5,3731.0,3944.5,3940.5,2018.5,1213.5,617.0,1198.5,1206.0,2185.0,3113.0,3390.5,3587.0,3809.0,2382.5,1428.0,923.5,1469.0,1570.0,2449.0,3133.5,3426.0,3645.5,3790.5,2673.0,1732.0,950.0,1446.5,1849.0,2545.0,3092.5,3372.0,3608.5,3698.0,3470.0,2471.5,974.0,1410.5,1914.0,2515.5,2793.0,3007.5,3311.0,3455.0,2664.0,1846.0,787.0,1181.0,1782.0,2343.0,2550.0,2603.0,2668.0,3094.0,1806.0,1526.0,479.0,665.0,912.0,1038.0,1068.0,1156.0,1215.0,1255.0,3358.0,2423.0,855.0,1183.0,1665.0,2073.0,2293.0,2399.0,2455.0,2675.0,3157.5,2301.5,921.0,1193.0,1634.0,2060.0,2151.5,2347.0,2334.5,2566.5,2862.0,2284.0,746.5,951.5,1275.0,1504.0,1603.0,1735.0,1819.0,1976.5,2946.0,2308.0,778.0,978.0,1274.0,1491.0,1600.0,1708.0,1829.0,1972.0,1557.0,1296.0,440.0,571.0,772.0,916.0,929.0,987.0,1098.0,1123.0,964.0,698.0,808.0,815.0,794.0,847.0,913.0,917.0,1029.0,918.0,1254.0,946.0,402.0,564.0,701.0,801.0,828.0,891.0,967.0,995.0,265.0,216.0,172.0,120.0,116.0,129.0,147.0,165.0,170.0,185.0,2101.0,1749.0,778.0,991.0,1172.0,1298.0,1367.0,1416.0,1505.0,1558.0,2023.5,1678.5,794.0,917.5,1108.0,1202.5,1229.5,1299.0,1444.0,1440.0,1579.0,1325.0,582.0,660.0,798.0,889.0,941.0,1008.0,1066.0,1105.0,2125.5,1812.0,821.0,989.5,1160.5,1272.0,1336.5,1384.0,1468.5,1492.0,2129.5,1807.0,823.0,1013.0,1198.5,1328.5,1374.0,1472.5,1552.0,1561.0,"{""type"":""MultiPoint"",""coordinates"":[]}"
964_0,3,1754.0,1469.5,600.0,717.5,915.5,1035.0,1075.0,1126.0,1238.5,1236.5,2198.5,1845.0,867.0,1073.5,1304.5,1402.0,1447.5,1530.5,1639.0,1622.5,2380.5,2025.0,994.5,1271.5,1525.5,1641.0,1666.5,1732.5,1804.0,1819.5,2653.5,2272.0,1227.0,1541.5,1842.0,1963.0,1957.0,2027.0,2076.5,2105.5,2243.0,1941.0,1219.0,1550.0,1596.0,1810.0,1638.0,1679.0,1783.0,1732.0,509.0,463.0,1233.0,1618.0,1596.0,1810.0,1307.0,1315.0,1224.0,993.0,384.0,289.0,653.0,1015.0,969.0,1322.0,1062.0,1150.0,1086.0,914.0,429.0,307.0,567.0,980.0,926.0,1355.0,1151.0,1261.0,1171.0,1022.0,525.0,412.0,438.0,760.0,679.0,1018.0,995.0,1058.0,946.0,827.0,1074.0,597.0,234.0,508.5,314.0,793.5,1712.5,2133.0,2046.0,2004.5,1423.5,697.5,123.0,333.0,115.5,583.5,2457.5,3393.0,3534.5,3522.0,1956.0,1643.0,677.0,850.0,1038.0,1149.0,1178.0,1229.0,1343.0,1348.0,1432.0,672.0,118.0,325.0,93.0,538.0,2825.0,4064.0,4208.0,4141.0,1429.0,656.0,43.0,310.0,57.0,668.0,3095.0,4468.0,4690.0,4624.0,1503.0,713.0,155.0,499.0,233.0,942.0,3333.0,4664.0,4770.0,4850.0,1618.0,750.0,425.0,910.0,551.0,1613.0,3561.0,4388.0,4560.0,4655.0,1661.0,881.5,468.5,1008.5,700.0,1790.5,3452.5,4021.5,4370.0,4302.5,1926.5,1114.0,540.5,1117.5,1053.5,2073.5,3250.5,3678.5,3950.0,4023.0,2396.0,1397.0,899.0,1477.0,1565.5,2345.5,3214.0,3550.5,3910.5,3974.5,2719.5,1725.5,982.5,1518.5,1900.5,2639.0,3193.5,3496.5,3903.5,3923.5,3723.0,2626.5,1081.0,1543.5,2154.5,2702.0,3014.5,3263.0,3680.0,3748.0,3482.0,2459.0,1139.0,1568.0,2289.0,2731.0,2728.0,3074.0,3327.0,3331.0,1830.0,1535.0,509.0,701.0,926.0,1025.0,1061.0,1147.0,1269.0,1268.0,3577.0,2633.0,1055.0,1431.0,2019.0,2414.0,2401.0,2712.0,2936.0,2957.0,3464.0,2590.5,1112.5,1450.5,1982.5,2208.0,2346.5,2517.5,2829.5,2852.0,3104.0,2469.0,872.0,1107.5,1454.5,1639.0,1737.0,1877.0,2078.5,2141.0,3121.0,2549.0,926.0,1122.0,1462.0,1618.0,1729.0,1871.0,2038.0,2111.0,1526.0,1278.0,425.0,576.0,776.0,875.0,934.0,970.0,1092.0,1096.0,727.0,628.5,457.5,549.5,586.5,624.5,651.0,692.0,728.5,765.0,1164.0,833.0,379.0,549.0,679.0,775.0,808.0,876.0,944.0,970.0,264.0,210.0,152.0,134.0,121.0,148.0,159.0,178.0,176.0,185.0,2185.0,1791.0,872.0,1081.0,1270.0,1414.0,1453.0,1491.0,1605.0,1613.0,2043.5,1688.0,834.5,999.5,1192.5,1274.5,1294.5,1366.0,1504.5,1453.5,1853.0,1548.0,651.0,792.0,1000.0,1067.0,1067.0,1119.0,1241.0,1196.0,2192.0,1826.0,888.5,1073.0,1256.5,1353.5,1377.5,1443.5,1552.0,1540.0,2191.0,1837.5,906.0,1097.0,1287.5,1379.0,1439.5,1509.5,1631.0,1598.5,"{""type"":""MultiPoint"",""coordinates"":[]}"
965_0,3,1889.5,1546.0,643.5,817.5,1084.5,1194.5,1198.5,1292.0,1399.5,1405.5,2511.5,2227.5,909.0,1188.0,1460.0,1568.5,1605.0,1686.0,1785.5,1802.5,2420.0,2076.5,793.0,1065.0,1332.0,1444.5,1456.0,1544.0,1632.5,1664.5,289.0,225.0,491.5,685.0,788.5,906.5,672.0,762.5,756.5,605.0,550.0,438.0,721.0,982.0,1076.0,1216.0,1126.0,1171.0,987.0,953.0,550.0,438.0,732.0,1010.0,1094.0,1333.0,1209.0,1246.0,1296.0,1183.0,545.0,425.0,510.0,875.0,720.0,1161.0,1271.0,1411.0,1421.0,1277.0,1157.0,782.0,474.0,821.0,578.0,1161.0,2096.0,2219.0,2166.0,2073.0,1078.0,636.0,351.0,671.0,467.0,1013.0,2057.0,2286.0,2387.0,2328.0,1154.5,630.0,220.0,555.0,274.0,903.5,2441.0,2895.0,3064.5,3051.0,1421.0,775.0,174.0,413.0,270.0,851.0,2170.5,2819.5,3012.5,3109.0,2119.5,1775.5,766.5,945.5,1212.0,1343.5,1367.0,1432.5,1566.0,1571.5,1791.0,964.0,272.5,556.0,450.5,967.5,2664.5,3356.5,3468.5,3747.0,1742.0,963.0,208.0,570.0,359.0,1055.0,2720.0,3406.0,3551.0,3686.0,1751.0,963.0,312.0,714.0,532.0,1326.0,2830.0,3368.0,3505.0,3737.0,1848.0,1012.0,514.0,943.0,819.0,1708.0,2809.0,3263.0,3408.0,3580.0,2016.0,1181.0,552.0,992.0,981.0,1807.0,2768.0,3077.0,3348.0,3491.0,2247.5,1340.0,602.0,1035.5,1117.0,1869.5,2630.0,3013.0,3214.5,3370.0,3821.0,2636.0,1164.0,1583.0,2000.5,2506.5,2873.5,3157.5,3425.0,3603.0,3161.0,2327.0,1041.5,1353.5,1786.0,2085.5,2207.0,2434.0,2641.5,2717.5,2526.0,2023.0,773.0,1020.0,1431.0,1654.0,1733.0,1798.0,1965.0,2021.0,1817.5,1409.0,543.5,746.0,1018.0,1231.5,1296.5,1318.5,1378.0,1458.5,2036.5,1709.0,692.5,883.5,1153.0,1255.0,1295.5,1374.5,1522.0,1485.0,2041.0,1657.0,634.0,858.0,1138.0,1356.0,1350.0,1472.0,1504.0,1609.0,1923.0,1534.5,715.5,889.5,1110.0,1251.0,1294.0,1383.5,1450.5,1493.5,1946.0,1650.5,473.0,690.0,956.5,1069.0,1105.0,1188.5,1309.5,1293.5,2104.0,1867.5,618.0,803.0,1067.0,1200.0,1233.0,1315.0,1380.0,1398.5,1604.0,1384.0,379.0,535.0,745.0,824.0,864.0,932.0,1012.0,1004.0,0.0,0.0,0.0,0.0,0.0,0.0,0.0,0.0,0.0,0.0,2221.0,1898.0,725.0,949.0,1220.0,1330.0,1346.0,1424.0,1540.0,1520.0,366.0,277.0,274.0,239.0,242.0,247.0,264.0,271.0,271.0,281.0,2564.5,2254.5,907.5,1156.0,1446.5,1549.5,1598.5,1654.0,1809.0,1799.0,2447.5,2127.0,878.5,1068.5,1344.5,1433.0,1456.0,1522.0,1660.0,1655.5,2022.0,1774.0,667.0,815.0,1014.0,1112.0,1156.0,1261.0,1338.0,1354.0,2022.0,1774.0,660.0,815.0,1014.0,1112.0,1156.0,1261.0,1338.0,1354.0,2149.0,1893.0,683.5,897.0,1128.0,1205.5,1260.0,1342.5,1453.0,1448.5,"{""type"":""MultiPoint"",""coordinates"":[]}"
966_0,3,1894.5,1580.5,563.5,695.5,949.0,1053.0,1102.5,1141.5,1287.0,1289.5,2190.0,1926.0,905.0,1133.0,1353.0,1454.0,1490.5,1541.5,1642.0,1622.0,2229.0,1945.0,850.5,1066.5,1309.0,1431.0,1443.5,1507.0,1595.5,1608.0,2169.0,1902.0,833.5,1054.5,1281.0,1403.0,1424.5,1496.5,1564.0,1594.0,270.0,217.0,682.0,840.0,893.0,1015.0,877.0,907.0,901.0,793.0,276.0,223.0,511.0,709.0,707.0,945.0,836.0,907.0,864.0,793.0,602.0,435.0,511.0,671.0,609.0,1008.0,1179.0,1231.0,1044.0,1064.0,1004.0,694.0,424.0,670.0,390.0,1008.0,2054.0,2340.0,2349.0,2164.0,1419.0,739.0,317.0,620.0,348.0,995.0,2925.0,3640.0,3672.0,3626.0,1580.5,836.0,272.5,585.0,364.5,1057.0,2835.0,3495.0,3499.5,3657.5,1520.0,764.0,134.5,358.0,201.5,725.5,2694.5,3698.0,3769.0,3923.0,2116.0,1778.0,639.0,808.0,1048.0,1181.0,1210.0,1249.0,1384.0,1443.0,1580.0,790.0,174.0,423.0,204.0,799.0,2953.0,3900.0,3918.0,4066.0,1632.0,793.0,165.0,594.0,282.0,1107.0,3321.0,4255.0,4373.0,4513.0,1709.0,859.0,332.0,832.0,540.0,1499.0,3598.0,4337.0,4429.0,4535.0,1929.0,1012.0,536.0,1102.0,873.0,2027.0,3502.0,4032.0,4190.0,4328.0,2066.0,1177.5,615.5,1186.0,1085.5,2101.5,3243.0,3654.5,3967.5,3997.0,2414.5,1440.0,680.5,1242.5,1331.0,2188.0,3080.5,3415.5,3671.0,3822.0,3158.0,2069.0,900.5,1366.5,1596.5,2308.5,2872.0,3216.5,3551.5,3647.0,3798.0,2633.5,973.5,1361.0,1915.5,2313.0,2625.5,2894.0,3317.5,3351.5,3626.5,2560.5,924.5,1352.5,1998.0,2337.5,2608.0,2867.0,3253.0,3294.0,2472.0,1927.0,772.0,1036.0,1459.0,1712.0,1824.0,1956.0,1984.0,2114.0,2102.0,1769.0,607.0,766.0,1039.5,1132.5,1178.5,1236.5,1383.5,1405.5,2519.0,1936.0,800.0,1076.0,1493.5,1702.5,1796.0,1910.0,2014.0,2121.0,2488.5,1931.0,913.0,1136.5,1521.0,1689.5,1785.5,1900.5,2065.0,2084.5,2253.0,1793.5,654.5,854.5,1124.0,1279.5,1326.5,1422.0,1546.5,1623.0,2261.0,1838.5,701.5,861.0,1127.5,1276.0,1344.0,1420.5,1514.5,1617.0,1985.0,1432.0,574.0,710.0,966.0,1094.0,1157.0,1252.0,1383.0,1394.0,0.0,0.0,0.0,0.0,0.0,0.0,0.0,0.0,0.0,0.0,1755.0,1475.0,510.0,639.0,845.0,926.0,930.0,974.0,1121.0,1135.0,1836.0,1596.0,581.0,667.0,839.0,911.0,940.0,967.0,1061.0,1107.0,2097.0,1816.5,666.0,845.5,1049.0,1159.0,1170.5,1223.5,1357.0,1359.0,2090.0,1743.0,588.0,695.0,947.0,1043.0,982.0,1076.0,1181.0,1188.0,2184.0,1850.0,702.5,810.5,1029.5,1133.0,1137.5,1227.5,1338.5,1334.5,1960.0,1691.0,670.0,804.0,990.0,1085.0,1146.0,1195.0,1297.0,1319.0,1900.0,1691.0,670.0,804.0,990.0,1085.0,1130.0,1191.0,1297.0,1288.0,"{""type"":""MultiPoint"",""coordinates"":[]}"
967_0,3,2006.5,1686.0,602.5,748.5,1004.0,1178.0,1192.0,1293.5,1346.0,1368.5,2531.0,2186.0,938.0,1219.0,1530.0,1662.0,1707.5,1794.0,1882.5,1899.5,2525.5,2152.0,881.0,1141.0,1462.5,1593.5,1612.5,1688.5,1773.0,1809.0,2459.5,2143.0,861.0,1118.5,1409.5,1556.5,1544.5,1626.5,1698.5,1745.0,340.5,241.0,430.0,649.0,642.5,831.5,703.5,744.5,709.0,625.5,337.5,243.0,538.5,775.0,855.0,1019.5,907.0,970.5,951.5,872.0,820.5,578.5,521.0,760.5,702.5,1123.0,1459.5,1543.0,1418.5,1414.5,1399.5,811.5,431.0,768.5,443.5,1104.0,2490.5,2763.0,2817.0,2605.5,1510.0,769.5,267.5,629.5,340.0,1057.5,3076.5,3613.0,3697.0,3764.5,1741.0,918.0,293.5,666.0,408.0,1203.5,3057.5,3716.0,3811.5,4017.5,1729.5,891.0,260.0,674.5,365.0,1195.5,3118.0,3788.5,3916.5,4103.5,2329.5,1932.5,665.0,873.5,1142.0,1342.0,1344.5,1447.5,1519.0,1578.5,1690.5,859.5,233.5,653.0,359.5,1196.0,3130.5,3913.0,3946.5,4176.0,1557.5,783.0,241.0,609.5,367.5,1160.5,3106.0,3866.0,3943.5,4143.0,1579.5,783.0,281.5,638.0,380.0,1157.5,3294.5,4005.0,4111.0,4325.5,1894.0,942.5,452.5,943.5,570.0,1660.5,3596.5,4199.0,4369.0,4520.0,1912.5,1015.5,459.0,1054.0,704.0,1830.0,3476.0,3968.5,4219.0,4331.5,2118.0,1197.0,541.0,1188.0,999.0,2207.0,3369.0,3701.0,3956.0,4139.0,2411.5,1387.5,824.5,1473.0,1524.0,2557.5,3365.0,3706.0,4038.5,4147.0,2781.5,1688.5,889.0,1483.5,1720.5,2610.5,3136.5,3436.0,3819.0,3919.5,4085.5,2813.5,1155.0,1589.5,2299.0,2794.0,3080.5,3407.5,3786.0,3820.0,2518.5,1980.5,835.0,1130.5,1535.0,1809.5,1877.0,1991.0,2024.0,2178.5,2164.5,1801.5,560.5,757.0,1046.5,1186.5,1222.0,1284.5,1405.0,1499.5,2438.5,1894.5,808.0,1096.5,1490.5,1675.0,1732.5,1860.0,1986.5,2073.0,2415.5,1901.0,891.5,1131.0,1432.5,1601.0,1637.5,1759.5,1838.0,1938.0,2333.5,1890.5,727.0,911.5,1233.0,1406.0,1430.5,1542.0,1660.5,1703.0,2556.5,2107.5,804.5,968.0,1296.0,1497.5,1540.0,1645.0,1732.5,1763.5,2093.5,1491.5,608.0,757.5,1040.0,1158.5,1225.5,1309.0,1460.5,1452.5,0.0,0.0,0.0,0.0,0.0,0.0,0.0,0.0,0.0,0.0,1934.5,1633.5,525.5,719.0,926.0,1040.0,1102.0,1146.5,1235.0,1267.0,2026.0,1763.5,624.0,735.5,927.0,1042.0,1096.0,1148.5,1220.5,1260.5,2369.0,2067.5,721.0,907.0,1150.0,1288.5,1346.0,1383.0,1487.5,1547.0,2459.5,2122.5,739.0,921.0,1184.5,1332.5,1310.0,1398.0,1512.0,1497.0,2201.5,1861.0,652.0,780.5,995.0,1129.5,1130.0,1218.5,1279.0,1324.5,1924.5,1666.5,558.0,731.0,971.0,1072.5,1103.0,1177.5,1285.5,1287.5,2302.0,2004.0,777.5,1047.5,1326.0,1463.5,1497.0,1541.5,1652.5,1671.0,"{""type"":""MultiPoint"",""coordinates"":[]}"
968_0,3,1602.0,1339.0,484.5,599.0,796.5,925.0,936.5,1008.0,1067.0,1101.5,2163.5,1906.0,749.5,996.0,1240.5,1341.0,1390.5,1468.0,1541.5,1540.5,2242.0,2025.5,794.5,1035.5,1278.0,1392.5,1435.0,1497.5,1566.0,1586.0,2170.0,1977.0,783.5,1010.5,1237.0,1333.5,1386.5,1455.0,1512.5,1530.0,414.0,382.0,867.0,1111.0,1166.0,1231.0,1032.0,1040.0,1017.0,841.0,414.0,382.0,951.0,1117.0,1169.0,1301.0,1032.0,1040.0,1017.0,876.0,382.0,305.0,688.0,918.0,885.0,1132.0,1028.0,1134.0,1019.0,913.0,616.0,522.0,597.0,858.0,796.0,1282.0,1462.0,1557.0,1432.0,1396.0,872.0,559.0,475.0,747.0,641.0,1085.0,1586.0,1789.0,1579.0,1546.0,991.0,607.0,226.0,498.5,325.0,874.5,1784.5,2117.5,1971.5,1974.0,1340.0,710.0,197.5,478.0,235.0,855.0,2658.0,3312.0,3283.5,3260.0,1779.0,1498.0,594.0,731.0,935.0,1032.0,1074.0,1126.0,1191.0,1233.0,1387.0,699.0,206.0,498.0,234.0,850.0,2832.0,3759.0,3749.0,3853.0,1267.0,612.0,58.0,342.0,109.0,674.0,2801.0,3813.0,3897.0,3865.0,1265.0,612.0,86.0,367.0,119.0,665.0,2976.0,3994.0,3981.0,4135.0,1522.0,743.0,340.0,732.0,337.0,1190.0,3538.0,4437.0,4542.0,4606.0,1635.0,810.0,359.0,859.5,411.5,1361.0,3550.5,4315.0,4571.5,4445.0,1633.5,884.0,368.5,906.0,515.0,1598.0,3279.0,3719.5,3877.5,3918.5,1929.0,994.0,732.0,1374.0,1099.0,2205.0,3381.0,3715.0,3869.0,4064.0,2289.0,1370.5,812.0,1509.5,1407.5,2652.5,3578.0,3874.5,4186.0,4279.5,3356.5,2323.0,1040.0,1584.5,2010.0,2636.5,2914.5,3163.5,3543.0,3542.0,2394.0,1805.0,778.0,1077.0,1516.0,1764.0,1828.0,1952.0,2121.0,2124.0,1664.0,1375.0,412.0,586.0,818.0,966.0,950.0,1043.0,1120.0,1191.0,2638.0,2020.0,778.0,1074.0,1488.0,1741.0,1830.0,1952.0,2113.0,2146.0,2565.5,2004.0,841.0,1079.0,1466.0,1677.0,1798.5,1895.0,2032.0,2092.5,2286.0,1863.5,649.0,825.0,1104.5,1267.0,1325.5,1435.5,1538.0,1601.0,2399.0,2017.0,731.0,893.0,1161.0,1323.0,1360.0,1501.0,1569.0,1651.0,2022.0,1472.0,533.0,651.0,920.0,1046.0,1111.0,1206.0,1341.0,1389.0,0.0,0.0,0.0,0.0,0.0,0.0,0.0,0.0,0.0,0.0,1532.0,1278.0,441.0,611.0,777.0,898.0,898.0,972.0,1060.0,1064.0,1879.0,1634.0,807.0,914.0,1048.0,1150.0,1195.0,1213.0,1385.0,1255.0,2065.5,1845.0,724.5,920.0,1135.0,1232.5,1284.5,1354.0,1460.5,1442.0,2142.0,1933.0,825.0,1000.0,1216.0,1299.0,1361.0,1435.0,1568.0,1508.0,1597.5,1365.5,638.0,746.5,867.0,926.5,923.5,960.5,1088.5,1029.5,1944.0,1695.0,611.0,809.0,1027.0,1133.0,1171.0,1216.0,1311.0,1348.0,1986.0,1753.0,682.0,879.5,1092.5,1176.0,1221.0,1293.0,1392.5,1376.0,"{""type"":""MultiPoint"",""coordinates"":[]}"
969_0,3,1014.5,866.5,325.5,393.0,471.5,525.5,533.0,585.5,620.0,626.0,1912.0,1688.0,752.5,955.5,1114.0,1196.5,1222.0,1282.5,1352.0,1360.5,2058.5,1803.0,794.5,1020.5,1166.0,1276.5,1296.5,1369.5,1416.0,1445.5,2489.5,2210.0,1150.5,1403.0,1589.0,1708.0,1706.5,1783.5,1829.0,1856.0,2613.0,2368.0,1259.0,1468.0,1669.0,1804.0,1803.0,1893.0,1976.0,1983.0,2347.0,2114.0,1110.0,1335.0,1517.0,1621.0,1651.0,1712.0,1758.0,1777.0,357.0,321.0,858.0,1085.0,1144.0,1326.0,996.0,1049.0,1039.0,845.0,413.0,386.0,858.0,1118.0,1221.0,1424.0,1128.0,1169.0,1107.0,974.0,213.0,167.0,707.0,961.0,1027.0,1162.0,915.0,992.0,954.0,817.0,220.0,191.0,649.5,971.5,1022.0,1204.5,943.0,1071.0,987.0,875.0,332.0,230.0,542.5,868.0,889.5,1164.5,1032.5,1160.5,1066.5,960.0,1261.0,1094.0,477.5,580.0,686.5,729.0,753.0,800.5,872.5,843.0,749.0,446.0,439.0,744.0,584.0,1016.0,1440.0,1774.0,1606.0,1550.0,932.0,522.0,213.0,480.0,303.0,791.0,1788.0,2196.0,2094.0,1991.0,1057.0,557.0,207.0,427.0,244.0,701.0,2125.0,2694.0,2550.0,2610.0,1254.0,635.0,324.0,562.0,329.0,884.0,2377.0,2892.0,2907.0,2850.0,1238.0,647.0,316.0,636.0,388.0,1075.0,2394.0,2871.0,2889.0,2844.0,1263.5,699.5,359.5,728.0,506.5,1326.5,2445.5,2737.0,2839.5,2869.5,1547.0,967.0,723.0,1105.0,1172.0,1852.0,2496.0,2753.0,3049.0,3067.0,2212.5,1434.5,661.5,1048.0,1294.0,1865.5,2404.0,2672.5,2938.0,3039.0,2605.0,1819.0,754.0,1178.5,1564.5,2121.0,2539.0,2819.0,3114.0,3193.0,1699.0,1308.0,635.0,860.0,1176.0,1369.0,1581.0,1770.0,1670.0,1922.0,1305.0,1152.0,521.0,607.0,714.0,760.0,779.0,818.0,877.0,857.0,3407.0,2573.0,947.0,1266.0,1772.0,2088.0,2214.0,2397.0,2604.0,2640.0,3296.5,2472.5,1009.5,1306.0,1761.0,2065.0,2175.0,2364.5,2533.5,2603.0,2976.0,2324.5,799.5,1026.0,1389.0,1604.5,1691.0,1846.5,2035.0,2084.5,2925.0,2298.0,906.0,1089.0,1416.0,1652.0,1705.0,1846.0,2033.0,2102.0,2239.0,1476.0,706.0,885.0,1190.0,1345.0,1467.0,1591.0,1787.0,1819.0,590.0,318.0,475.0,473.0,509.0,542.0,597.0,653.0,752.0,716.0,2135.0,1896.0,778.0,1028.0,1217.0,1307.0,1341.0,1414.0,1524.0,1486.0,373.0,326.0,265.0,222.0,205.0,202.0,206.0,234.0,236.0,245.0,2393.0,2124.0,925.0,1219.0,1405.0,1528.0,1546.0,1623.0,1710.0,1662.0,1948.0,1466.0,1121.0,1375.0,1564.0,1661.0,1709.0,1787.0,1908.0,1784.0,1596.0,1348.0,704.5,845.5,998.5,1056.0,1068.5,1112.5,1197.5,1156.0,1737.0,1514.0,646.0,819.0,940.0,1029.0,1063.0,1112.0,1178.0,1180.0,1779.0,1573.5,691.5,851.5,989.5,1063.0,1093.5,1151.0,1229.5,1216.5,"{""type"":""MultiPoint"",""coordinates"":[]}"
970_0,3,1703.0,1427.5,484.5,605.0,847.0,946.0,971.0,1039.0,1159.0,1184.0,2226.5,1942.5,815.0,1073.5,1347.5,1464.5,1498.5,1552.0,1648.5,1656.0,2341.5,2025.0,811.0,1056.5,1335.0,1445.0,1505.0,1576.5,1659.0,1681.5,1333.5,1114.0,666.5,865.5,1029.0,1101.5,1040.5,1124.0,1150.5,1117.0,241.5,204.0,403.5,612.5,572.0,837.0,712.0,777.0,663.5,637.0,301.5,230.5,464.0,648.0,624.5,862.0,757.5,808.5,788.5,671.5,705.0,514.0,453.5,679.5,564.5,961.0,1333.0,1418.0,1270.0,1274.5,1199.5,784.5,345.5,714.5,382.5,1097.0,2229.5,2443.5,2437.0,2354.0,1595.0,830.0,274.0,663.5,293.5,1108.5,3337.0,4045.0,4085.0,4105.5,1698.5,905.5,226.5,586.0,342.5,1074.5,3009.5,3742.5,3863.5,3890.5,1656.0,848.0,181.5,453.0,272.0,821.5,2836.0,3808.0,4003.0,4056.5,1958.5,1651.5,542.5,735.0,979.0,1096.0,1140.5,1189.5,1272.5,1362.0,1712.5,871.5,197.0,464.0,293.5,850.5,2977.5,3918.5,4059.5,4240.0,1680.0,828.0,201.0,479.0,286.0,935.0,3121.0,4122.5,4343.5,4454.5,1725.5,854.5,335.0,740.5,449.5,1290.5,3308.5,4189.5,4338.5,4451.0,1842.5,1005.5,532.5,1016.0,794.5,1791.0,3417.5,3966.0,4206.0,4313.5,2002.5,1120.5,597.0,1120.5,1002.0,1964.0,3239.0,3717.5,4040.5,4036.0,2261.0,1333.0,616.0,1147.0,1172.0,2057.0,3142.0,3506.0,3839.0,3945.0,3106.5,2021.0,1025.5,1412.0,1674.0,2340.0,3007.0,3380.0,3686.0,3848.5,3720.5,2598.5,1003.0,1415.5,1981.0,2438.0,2714.5,2995.0,3319.5,3417.5,3513.0,2551.0,930.0,1342.5,1956.5,2338.5,2581.0,2809.0,3127.0,3201.5,2583.0,2004.5,826.0,1094.5,1525.5,1812.5,1902.0,2040.0,2101.5,2247.5,1826.0,1514.0,448.0,647.0,898.0,1039.0,1027.0,1090.0,1228.0,1275.0,2601.5,2014.5,824.5,1116.5,1567.5,1813.0,1891.5,2007.5,2146.0,2217.0,1827.5,1387.5,837.0,1027.5,1309.0,1474.5,1538.0,1607.0,1691.0,1711.5,2306.0,1845.0,740.0,933.0,1225.0,1390.0,1455.5,1544.5,1680.0,1719.0,2351.0,1918.5,760.0,938.5,1225.5,1390.0,1459.0,1547.0,1662.5,1731.5,2054.5,1502.5,630.0,791.5,1066.0,1201.0,1256.5,1325.0,1529.0,1502.0,0.0,0.0,0.0,0.0,0.0,0.0,0.0,0.0,0.0,0.0,1732.0,1420.5,471.0,601.5,818.0,910.0,933.0,1020.5,1138.5,1129.5,1814.5,1529.0,549.5,662.5,872.0,972.0,984.0,1066.5,1151.0,1152.0,2121.0,1782.0,648.0,835.0,1048.0,1168.0,1222.0,1316.0,1402.0,1439.0,2002.0,1633.0,561.0,681.0,910.0,1019.0,1009.0,1073.0,1189.0,1205.0,2015.0,1643.5,644.0,736.5,941.5,1057.0,1076.5,1135.0,1268.0,1292.5,1849.0,1616.5,512.0,683.5,884.0,998.5,1042.0,1112.5,1200.0,1198.5,2014.5,1778.0,602.0,807.0,1011.0,1109.5,1159.5,1236.5,1344.0,1322.0,"{""type"":""MultiPoint"",""coordinates"":[]}"
971_0,3,3164.5,2383.5,837.5,987.0,1317.5,1540.5,1613.5,1798.5,1911.5,2065.5,2100.0,1942.0,639.0,883.0,1164.0,1287.0,1310.0,1390.0,1513.0,1526.0,2193.0,2063.0,726.0,934.0,1204.0,1341.0,1384.0,1474.0,1525.0,1553.0,2074.0,1962.0,723.0,944.5,1213.0,1343.5,1338.0,1443.5,1499.0,1514.5,565.0,453.0,704.0,768.0,828.0,945.0,933.0,986.0,1042.0,986.0,565.0,392.0,398.0,585.0,554.0,805.0,921.0,986.0,971.0,978.0,586.0,392.0,398.0,577.0,533.0,799.0,921.0,993.0,971.0,978.0,1716.0,1037.0,349.0,607.0,472.0,888.0,1948.0,2199.0,2232.0,2293.0,857.0,458.0,169.0,336.0,247.0,495.0,1340.0,1638.0,1459.0,1473.0,957.5,478.0,59.0,222.0,77.0,400.0,1765.0,2511.0,2354.0,2407.5,1168.0,546.0,47.5,214.0,40.5,394.0,2148.5,3241.0,3267.0,3349.5,3101.0,2475.5,1049.5,1079.5,1266.5,1466.0,1551.0,1680.5,1882.0,1964.5,1227.0,549.0,40.0,211.5,28.5,402.0,2375.5,3912.0,3890.5,4047.5,1053.5,474.0,39.0,195.0,11.5,426.0,2464.0,3882.0,3962.5,4070.5,1167.0,536.0,469.0,756.0,499.0,1072.0,2801.0,3730.0,3865.0,3949.0,1270.0,650.0,567.0,927.0,678.0,1425.0,3054.0,3730.0,3865.0,3947.0,1270.0,696.0,473.0,894.0,678.0,1487.0,2772.0,3224.0,3457.0,3458.0,1572.0,909.0,432.0,894.0,921.0,1733.0,2606.0,2914.0,3154.0,3247.0,4308.5,3044.0,1155.5,1600.0,2207.5,2694.0,2963.0,3236.0,3537.5,3635.0,4484.5,3302.0,1212.5,1648.0,2422.0,2782.0,3030.0,3290.0,3646.0,3714.5,4198.0,3017.0,1158.0,1504.0,2198.0,2463.0,2633.0,2859.0,3289.0,3319.0,4247.0,3188.0,1112.5,1493.5,2145.0,2481.5,2603.5,2897.5,3052.5,3268.0,3502.0,2809.5,722.0,961.0,1363.5,1579.5,1621.0,1800.5,1994.5,2107.0,3746.0,2912.5,903.5,1179.5,1615.5,1899.0,2032.0,2188.0,2360.5,2508.0,4093.0,3420.5,2040.5,2206.5,2530.0,2794.0,2881.5,2995.0,3177.0,3201.5,3370.0,2844.5,848.5,998.0,1268.5,1483.0,1583.0,1755.5,1900.5,1959.0,3249.5,2727.5,832.0,982.0,1223.0,1448.0,1560.5,1703.0,1817.5,1941.5,2066.0,1552.5,489.5,658.0,935.5,1100.0,1229.5,1345.5,1533.0,1577.0,0.0,0.0,0.0,0.0,0.0,0.0,0.0,0.0,0.0,0.0,3690.0,2959.0,874.0,1216.0,1707.0,1947.0,2050.0,2159.0,2379.0,2500.0,3967.0,3343.0,1212.0,1456.0,1789.0,2020.0,2179.0,2455.0,2528.0,2580.0,3674.0,3013.0,1023.0,1316.0,1789.0,1966.0,2166.0,2321.0,2502.0,2546.0,3196.5,2631.5,1395.5,1527.0,1755.5,1938.0,2021.5,2167.5,2503.0,2305.0,1990.0,1811.0,713.0,854.0,1079.0,1193.0,1242.0,1332.0,1433.0,1460.0,1844.0,1722.0,524.5,699.5,953.0,1043.0,1064.0,1147.0,1245.0,1229.5,1912.0,1773.5,571.5,754.5,1019.5,1114.5,1151.5,1228.0,1342.5,1335.5,"{""type"":""MultiPoint"",""coordinates"":[]}"
972_0,3,1882.5,1536.5,586.0,687.0,942.0,1074.0,1096.0,1156.0,1256.0,1313.5,2221.5,1946.0,867.5,1111.0,1359.5,1479.0,1496.5,1548.5,1648.5,1640.0,2270.0,1990.0,849.0,1079.5,1337.5,1452.5,1474.5,1568.0,1618.5,1658.0,1755.5,1531.5,695.0,921.5,1118.0,1230.0,1230.0,1291.0,1319.0,1347.5,279.0,215.0,649.0,831.0,870.0,1026.0,904.0,971.0,992.0,853.0,290.0,223.0,535.0,784.0,796.0,1026.0,904.0,971.0,992.0,853.0,480.0,401.0,530.0,704.0,654.0,987.0,995.0,1094.0,1049.0,907.0,883.0,634.0,470.0,750.0,505.0,1049.0,1778.0,1946.0,1848.0,1719.0,1268.0,718.0,351.0,667.0,417.0,1094.0,2648.0,3081.0,2997.0,2906.0,1436.5,776.0,268.5,600.5,362.0,1074.0,2618.0,3169.5,3204.0,3234.5,1415.0,709.0,188.0,410.0,213.0,745.0,2653.5,3387.5,3525.5,3570.0,2109.0,1759.0,635.0,810.0,1053.0,1200.0,1229.0,1282.0,1422.0,1439.0,1499.0,745.0,200.0,457.0,196.0,853.0,2903.0,3735.0,3742.0,3891.0,1574.0,778.0,210.0,620.0,318.0,1119.0,3259.0,4091.0,4215.0,4304.0,1686.0,840.0,346.0,843.0,566.0,1470.0,3597.0,4212.0,4322.0,4442.0,1847.0,986.0,525.0,1087.0,903.0,1980.0,3380.0,3841.0,3981.0,4169.0,2007.0,1151.5,599.0,1118.0,1072.5,2029.5,3159.5,3480.0,3733.0,3813.0,2339.0,1424.0,659.5,1142.5,1318.5,2103.0,2886.0,3209.0,3378.0,3576.0,3165.0,2095.5,979.5,1393.5,1728.5,2363.5,2869.0,3169.0,3404.5,3502.0,3893.5,2687.0,1027.0,1422.0,2026.0,2486.0,2755.5,3059.0,3341.0,3427.0,3484.5,2507.0,932.5,1313.5,1908.0,2292.5,2463.5,2680.0,2906.5,3071.0,2391.0,1871.0,752.0,996.0,1387.0,1715.0,1726.0,1892.0,1848.0,1992.0,2097.0,1737.0,614.0,784.5,1042.5,1184.0,1194.5,1279.5,1386.0,1424.5,2435.5,1913.5,779.5,1025.5,1431.0,1695.5,1741.0,1882.0,1906.0,2012.0,2378.5,1864.5,840.5,1062.5,1407.5,1597.0,1690.0,1764.0,1845.5,1927.5,2176.5,1734.5,665.5,846.0,1128.0,1287.0,1341.5,1431.0,1519.5,1598.0,2231.0,1811.5,713.5,874.0,1146.0,1303.0,1358.5,1455.0,1520.5,1602.5,1868.0,1442.0,533.0,672.0,924.0,1070.0,1097.0,1146.0,1277.0,1300.0,0.0,0.0,0.0,0.0,0.0,0.0,0.0,0.0,0.0,0.0,1684.0,1331.0,525.0,665.0,867.0,966.0,970.0,1023.0,1120.0,1124.0,1840.0,1569.0,643.0,721.0,891.0,983.0,1001.0,1041.0,1139.0,1152.0,2167.5,1851.5,770.0,936.5,1145.5,1254.5,1293.5,1335.0,1445.5,1458.0,2030.0,1681.0,610.0,734.0,950.0,1057.0,992.0,1079.0,1167.0,1186.0,2122.5,1772.0,736.5,824.0,1036.5,1143.0,1125.0,1218.5,1295.5,1344.5,1952.0,1725.0,618.0,791.0,1012.0,1130.0,1166.0,1226.0,1322.0,1317.0,1952.0,1731.0,675.0,834.0,1053.0,1135.0,1166.0,1226.0,1322.0,1317.0,"{""type"":""MultiPoint"",""coordinates"":[]}"
973_0,3,917.0,841.0,314.0,406.0,484.0,519.0,519.0,562.0,603.0,613.0,1508.0,1408.0,755.0,878.0,980.0,1054.5,1060.0,1083.0,1146.5,1124.0,1559.5,1451.5,798.5,935.5,1042.5,1135.5,1140.5,1177.5,1208.0,1212.0,1632.0,1540.0,819.0,958.0,1068.0,1148.0,1179.0,1241.0,1240.0,1256.0,1747.5,1609.5,898.5,1037.0,1150.5,1234.5,1347.0,1398.5,1428.0,1444.5,1712.5,1530.5,834.0,1007.5,1094.0,1203.5,1379.0,1444.0,1498.5,1498.0,1768.5,1526.0,787.5,993.0,1064.5,1224.5,1569.5,1684.0,1738.0,1745.5,1883.5,1560.5,654.0,904.5,942.0,1223.0,1863.0,2089.0,2023.5,2109.0,2011.0,1504.5,498.5,826.5,744.5,1255.5,2526.0,2857.0,2805.0,2903.5,2036.0,1399.0,374.0,712.0,599.0,1191.0,2901.0,3420.0,3373.0,3521.0,1982.0,1348.0,295.0,625.0,502.0,1097.0,3095.0,3732.0,3761.0,3773.0,996.5,948.5,399.0,463.5,555.0,584.0,613.5,635.0,677.0,657.0,1927.0,1257.0,330.0,656.0,518.0,1116.0,3178.0,4042.0,3990.0,3976.0,1892.0,1122.0,802.5,979.0,825.0,1315.0,3092.0,3826.5,3909.0,3969.0,1808.5,1058.5,343.0,612.5,481.5,1029.5,3246.0,4129.0,4054.0,4224.0,1889.5,1216.5,702.5,885.0,766.5,1239.5,3007.0,3736.5,3783.0,3788.5,1783.5,1001.5,348.5,605.0,473.5,1044.5,3290.5,4277.0,4264.5,4365.5,1719.0,958.5,338.5,591.5,465.0,1029.0,3306.0,4177.0,4276.5,4346.5,1756.5,933.5,464.0,705.5,604.5,1140.0,3309.5,4235.0,4320.0,4566.0,1674.0,862.0,267.0,498.0,379.0,932.0,3288.0,4331.0,4461.0,4477.0,1530.5,846.5,234.5,498.0,393.5,929.0,3162.0,4110.5,4217.5,4266.5,1501.0,736.5,231.5,525.5,328.0,1018.0,3471.0,4383.0,4261.0,4576.0,949.0,767.0,368.0,459.0,529.0,597.0,613.0,637.0,676.0,687.0,962.0,846.0,127.0,243.0,338.0,392.0,426.0,459.0,564.0,523.0,958.0,852.0,210.0,258.0,348.0,404.0,421.0,484.0,489.0,509.0,1096.0,1005.5,223.5,332.5,426.0,479.0,498.0,550.0,597.0,606.5,1113.0,1030.0,235.0,329.0,448.0,473.0,467.0,545.0,594.0,612.0,655.0,578.0,111.5,170.0,236.0,280.0,296.0,324.5,342.0,380.0,0.0,0.0,0.0,0.0,0.0,0.0,0.0,0.0,0.0,0.0,1150.0,1026.0,478.0,559.0,656.0,703.0,703.0,745.0,796.0,766.0,1642.0,1550.0,650.0,805.0,953.0,1015.0,1054.0,1096.0,1151.0,1159.0,1581.0,1492.0,572.0,751.0,906.0,970.0,1007.0,1040.0,1095.0,1117.0,0.0,0.0,0.0,0.0,0.0,0.0,0.0,0.0,0.0,0.0,1179.0,1054.0,582.0,643.0,720.0,743.0,727.0,754.0,825.0,800.0,1436.0,1327.0,623.0,746.0,877.0,887.0,924.0,943.0,1011.0,983.0,1501.0,1421.0,691.0,821.0,936.5,992.5,996.5,1021.0,1076.5,1075.0,"{""type"":""MultiPoint"",""coordinates"":[]}"
974_0,3,1752.5,1461.5,494.0,644.0,877.5,940.0,996.0,1066.5,1223.0,1201.0,2381.0,2043.0,913.0,1196.5,1484.0,1618.0,1676.0,1745.0,1845.0,1835.5,2415.5,2042.5,871.0,1140.5,1437.0,1574.5,1604.0,1682.5,1796.0,1782.0,2358.5,2027.0,847.5,1101.5,1386.0,1528.0,1535.0,1623.5,1715.0,1747.5,348.0,281.0,1015.0,1238.0,1240.5,1363.5,1036.5,1060.5,1062.5,879.0,348.0,281.0,1015.0,1238.0,1240.5,1363.5,1036.5,1060.5,1062.5,879.0,676.5,541.0,554.5,839.5,713.5,1171.0,1389.5,1466.5,1304.0,1256.5,1370.0,876.0,398.5,796.0,431.0,1145.0,2457.0,2717.0,2659.0,2525.0,1631.0,822.5,215.0,599.5,210.5,1017.0,3515.5,4420.0,4450.5,4459.5,1824.5,969.5,246.5,633.0,466.0,1231.5,3073.5,3852.0,4115.5,4327.0,1872.0,1014.5,251.0,601.0,458.0,1136.0,2827.5,3496.5,3785.5,4025.0,2052.5,1716.5,567.5,768.5,1026.0,1172.0,1158.0,1273.0,1354.5,1402.5,1752.0,919.0,228.0,555.5,382.5,1034.5,2726.5,3362.5,3550.0,3771.0,1546.5,766.0,140.0,478.0,280.0,936.5,2755.5,3443.5,3588.5,3787.5,1493.5,750.0,205.0,531.0,239.0,939.5,2927.5,3676.5,3693.0,3949.0,1842.5,927.0,456.0,964.5,496.0,1548.5,3592.0,4212.0,4335.0,4473.0,1891.5,970.0,455.0,1038.5,605.5,1740.0,3503.0,4006.5,4277.5,4296.5,1984.0,1106.0,509.0,1203.0,899.0,2194.0,3342.0,3647.0,3872.0,4009.0,2375.0,1341.0,814.0,1498.0,1422.5,2625.0,3353.5,3665.0,3998.5,4078.0,2603.5,1616.5,774.0,1428.5,1570.5,2694.0,3187.5,3464.5,3885.0,3970.5,3960.0,2673.0,1173.5,1621.5,2307.5,2839.5,3187.5,3464.5,3885.0,3970.5,3192.0,2272.5,974.5,1359.5,2016.0,2377.0,2522.0,2735.0,2908.5,3086.5,1891.5,1563.5,467.0,683.0,923.0,987.0,1108.0,1162.0,1309.0,1264.5,2552.0,1982.5,838.0,1137.0,1575.0,1773.0,1858.0,1969.0,2106.5,2198.0,2494.5,2008.5,909.5,1129.0,1495.0,1693.0,1783.0,1882.0,2003.5,2058.0,2258.5,1821.0,687.0,902.5,1196.0,1343.0,1413.0,1512.0,1645.5,1659.0,2212.5,1791.5,741.0,932.5,1202.0,1346.5,1425.0,1488.0,1621.0,1608.5,2006.5,1577.0,568.0,728.5,1000.0,1115.5,1214.0,1294.5,1446.5,1466.0,0.0,0.0,0.0,0.0,0.0,0.0,0.0,0.0,0.0,0.0,1707.0,1414.0,435.5,623.0,810.0,907.0,974.0,1011.5,1176.5,1143.5,1774.5,1496.0,549.0,670.0,805.5,918.0,967.0,1038.5,1118.0,1131.5,2215.0,1884.0,645.0,841.0,1069.5,1178.5,1253.0,1362.0,1481.0,1455.0,2215.5,1860.0,658.5,839.0,1074.5,1172.5,1215.0,1355.0,1500.5,1451.5,2140.5,1775.5,703.0,838.0,1019.0,1137.0,1204.0,1321.0,1437.0,1427.5,2024.5,1746.0,600.0,803.0,1058.5,1140.5,1234.0,1322.0,1409.0,1402.0,2157.0,1835.5,733.0,956.0,1186.5,1321.5,1385.5,1446.5,1551.0,1537.5,"{""type"":""MultiPoint"",""coordinates"":[]}"
975_0,3,1817.5,1532.5,555.5,719.0,941.5,1050.5,1062.0,1137.0,1240.0,1222.5,2511.0,2144.0,1030.5,1342.5,1624.0,1751.5,1778.5,1859.0,1950.0,1941.0,2530.0,2156.5,943.0,1233.5,1530.0,1644.5,1628.5,1727.0,1837.0,1835.0,2488.5,2125.5,951.0,1226.5,1504.5,1629.0,1618.0,1697.0,1783.0,1803.0,380.5,353.0,930.0,1180.5,1303.0,1487.5,1206.0,1242.5,1301.0,1093.0,253.0,236.5,716.5,1027.0,1150.0,1299.0,1116.5,1216.5,1225.0,1060.0,503.5,357.0,661.0,953.5,969.5,1296.5,1299.0,1459.5,1334.5,1169.5,906.0,724.5,599.5,883.0,815.0,1226.0,1743.0,1874.0,1765.0,1721.5,1424.0,906.5,440.5,781.0,484.5,1172.5,2446.0,2854.5,2805.0,2682.0,1551.0,842.5,358.5,667.5,400.5,1091.5,2668.0,3177.0,3166.0,3095.0,1463.5,780.0,301.0,636.0,368.0,1055.0,2690.0,3263.5,3371.0,3237.5,2079.5,1745.0,619.5,857.5,1098.0,1195.0,1256.0,1298.5,1388.0,1439.5,1452.0,754.5,284.0,630.0,363.0,1080.0,2908.5,3498.0,3634.0,3554.0,1366.0,695.0,262.5,597.5,344.5,1080.0,2936.5,3581.5,3800.5,3752.5,1366.0,695.0,309.5,629.0,371.0,1064.0,2879.0,3613.5,3718.0,3800.0,1710.5,899.5,476.5,942.5,554.0,1525.5,3316.0,3848.0,4016.5,4064.0,1735.5,942.0,455.5,998.0,624.0,1599.5,3063.5,3572.5,3835.5,3671.0,1817.0,1059.0,499.0,1072.0,837.0,1798.0,2880.0,3138.0,3414.0,3412.0,2121.5,1223.0,759.5,1343.0,1346.0,2225.5,2944.5,3248.0,3488.0,3544.5,2463.5,1512.5,860.5,1400.0,1551.5,2284.5,2940.0,3247.5,3515.0,3549.0,3561.0,2548.5,1084.5,1493.0,2011.5,2361.5,2604.5,2785.0,3206.0,3190.0,2155.5,1630.0,654.5,944.0,1332.5,1522.0,1558.0,1678.0,1819.0,1826.0,1929.0,1592.0,530.0,762.5,989.5,1110.0,1149.0,1222.5,1327.0,1329.0,2464.0,1940.5,782.5,1057.5,1442.0,1626.0,1683.0,1743.5,1896.5,1946.5,2541.0,2010.0,915.0,1136.0,1472.0,1629.5,1706.5,1775.5,1953.5,1965.0,2203.5,1834.5,644.5,838.0,1091.5,1206.5,1248.0,1354.5,1500.0,1497.5,2300.5,1805.0,680.5,893.5,1177.0,1293.5,1348.0,1457.0,1551.5,1634.5,1929.0,1494.0,498.0,619.5,860.5,950.0,1032.5,1069.5,1264.0,1214.5,1909.0,1540.5,943.0,1142.0,1310.0,1431.5,1521.5,1581.5,1612.0,1705.0,1733.0,1418.0,556.0,755.0,949.0,1051.5,1072.0,1168.5,1251.5,1239.0,1893.0,1626.5,671.0,807.0,973.5,1078.0,1110.5,1147.0,1235.0,1248.0,2260.0,1891.5,824.5,1063.0,1262.5,1378.5,1444.5,1475.0,1582.0,1573.0,2274.0,1909.0,863.5,1033.5,1261.5,1362.5,1368.0,1426.0,1583.5,1544.5,2029.0,1693.0,694.0,841.0,1045.5,1133.5,1152.5,1230.0,1317.0,1326.0,1946.0,1652.5,669.0,838.0,1037.0,1111.5,1146.0,1240.5,1340.0,1311.0,2289.5,1962.5,879.5,1169.0,1427.5,1542.0,1558.0,1622.5,1742.5,1726.5,"{""type"":""MultiPoint"",""coordinates"":[]}"
976_0,3,1748.5,1460.0,574.0,715.0,941.5,1080.0,1097.0,1184.5,1231.5,1280.0,2316.5,2004.5,884.0,1159.0,1404.0,1520.5,1566.5,1638.0,1738.0,1726.5,2384.5,2077.0,898.0,1178.0,1425.5,1544.5,1589.5,1661.5,1752.0,1732.5,2299.0,2024.5,884.5,1145.0,1379.0,1498.5,1527.0,1609.0,1666.0,1665.0,341.0,299.0,848.0,1124.0,1136.0,1253.0,887.0,892.0,852.0,702.0,371.0,356.0,840.0,1124.0,1130.0,1253.0,887.0,935.0,852.0,739.0,470.0,371.0,589.0,939.0,902.0,1380.0,1281.0,1384.0,1290.0,1199.0,641.0,427.0,516.0,804.0,786.0,1263.0,1442.0,1511.0,1433.0,1387.0,638.0,485.0,410.0,648.0,599.0,1099.0,1421.0,1595.0,1401.0,1325.0,690.5,492.0,315.0,526.0,434.5,962.0,1454.0,1671.5,1539.5,1452.0,1117.5,661.0,322.0,549.5,419.0,1075.0,2257.5,2673.0,2597.5,2519.0,1966.0,1681.0,692.0,861.0,1083.0,1225.0,1253.0,1322.0,1351.0,1398.0,1179.0,661.0,367.0,623.0,460.0,1051.0,2218.0,2732.0,2658.0,2590.0,1136.0,590.0,147.0,417.0,246.0,792.0,2218.0,2732.0,2658.0,2590.0,1136.0,607.0,169.0,423.0,231.0,795.0,2545.0,3201.0,3123.0,3141.0,1362.0,690.0,347.0,716.0,387.0,1159.0,3111.0,3651.0,3705.0,3713.0,1523.5,764.0,389.5,851.0,451.0,1368.0,3225.0,3839.0,4017.0,3875.0,1590.0,872.5,425.0,943.5,601.5,1577.0,2978.0,3312.5,3454.0,3461.0,2064.0,1136.0,715.0,1234.0,1100.0,2017.0,2901.0,3203.0,3477.0,3524.0,2368.0,1475.0,678.5,1217.5,1308.0,2152.0,2841.5,3130.5,3382.5,3459.0,3242.5,2260.5,920.5,1369.5,1841.0,2286.5,2686.0,2907.5,3167.0,3224.5,2948.0,2137.0,855.0,1222.0,1745.0,2081.0,2231.0,2442.0,2564.0,2648.0,1831.0,1544.0,473.0,703.0,961.0,1074.0,1117.0,1200.0,1272.0,1278.0,2829.0,2137.0,743.0,1045.0,1465.0,1695.0,1848.0,1983.0,2177.0,2213.0,2730.5,2075.5,819.0,1074.5,1459.0,1664.0,1799.5,1962.0,2096.5,2161.0,2391.5,1918.5,638.0,831.0,1094.5,1233.5,1328.0,1452.0,1565.0,1629.5,2495.0,2015.0,742.0,895.0,1165.0,1305.0,1390.0,1511.0,1615.0,1728.0,2145.0,1574.0,526.0,667.0,931.0,1056.0,1105.0,1279.0,1466.0,1437.0,0.0,0.0,0.0,0.0,0.0,0.0,0.0,0.0,0.0,0.0,1583.0,1256.0,484.0,664.0,857.0,981.0,1014.0,1065.0,1141.0,1174.0,1845.0,1588.0,615.0,749.0,929.0,1085.0,1104.0,1178.0,1203.0,1290.0,2334.0,1966.0,790.0,1029.0,1278.0,1419.0,1489.0,1562.0,1635.0,1680.0,2492.0,2165.0,990.0,1198.0,1417.0,1521.0,1627.0,1694.0,1803.0,1800.0,1952.0,1643.0,593.0,759.0,961.0,1081.0,1123.0,1156.0,1241.0,1276.0,2102.0,1802.0,715.0,930.0,1139.0,1276.0,1297.0,1406.0,1454.0,1484.0,2136.5,1831.5,797.0,980.0,1215.5,1327.0,1344.5,1436.0,1534.0,1519.0,"{""type"":""MultiPoint"",""coordinates"":[]}"
977_0,3,177.5,156.5,172.5,256.0,333.5,419.5,255.5,250.0,246.5,207.5,1887.0,1586.5,712.5,900.5,1058.0,1147.0,1204.0,1281.0,1337.5,1374.5,1968.0,1691.0,778.5,977.0,1132.0,1228.5,1254.5,1307.5,1370.5,1388.5,2149.5,1866.5,940.5,1162.5,1331.0,1435.0,1452.5,1513.0,1570.0,1582.0,2052.0,1830.0,1016.0,1243.0,1382.0,1467.0,1474.0,1529.0,1582.0,1575.0,520.0,458.0,969.0,1169.0,1233.0,1312.0,1028.0,1080.0,1055.0,889.0,274.0,223.0,636.0,971.0,943.0,1111.0,754.0,837.0,717.0,628.0,370.0,284.0,652.0,943.0,892.0,1140.0,861.0,941.0,883.0,707.0,452.0,325.0,427.0,667.0,565.0,1021.0,1024.0,1073.0,1005.0,846.0,459.5,329.0,229.0,446.5,322.5,937.5,1295.5,1480.5,1325.0,1167.0,567.0,373.5,199.0,359.5,243.5,722.0,1379.5,1592.5,1425.0,1289.5,232.0,189.0,457.0,499.0,504.0,586.0,442.0,454.0,390.0,329.0,931.0,508.0,141.0,274.0,170.0,625.0,1819.0,2324.0,2096.0,2050.0,1075.0,557.0,85.0,291.0,106.0,590.0,2246.0,2910.0,2826.0,2748.0,1214.0,593.0,151.0,402.0,193.0,727.0,2601.0,3233.0,3264.0,3332.0,1425.0,727.0,358.0,738.0,411.0,1180.0,3010.0,3584.0,3609.0,3632.0,1425.0,727.0,389.0,852.0,611.0,1493.0,2873.0,3288.0,3521.0,3446.0,1816.0,1073.0,489.5,983.0,967.0,1808.5,2639.5,2959.0,3150.0,3260.5,2260.0,1457.0,1033.0,1422.0,1521.0,2133.0,2681.0,2964.0,3143.0,3270.0,3350.5,2427.0,992.5,1385.5,1922.0,2272.0,2514.5,2750.0,3049.5,3089.5,3336.0,2416.5,979.5,1369.0,1913.5,2244.0,2458.5,2702.5,3012.0,3027.0,2983.0,2136.0,786.0,1127.0,1680.0,2134.0,2205.0,2489.0,2517.0,2720.0,210.0,186.0,457.0,499.0,504.0,505.0,416.0,367.0,387.0,308.0,3235.0,2411.0,827.0,1129.0,1680.0,2094.0,2205.0,2353.0,2501.0,2720.0,3220.0,2444.0,888.0,1168.5,1609.0,1913.0,2049.5,2244.0,2417.5,2504.5,2716.5,2190.5,714.5,912.0,1251.5,1487.0,1543.5,1698.0,1880.5,1924.5,401.0,283.0,357.0,467.0,549.0,659.0,544.0,533.0,527.0,511.0,158.0,132.0,68.0,123.0,168.0,266.0,136.0,179.0,134.0,137.0,0.0,0.0,0.0,0.0,0.0,0.0,0.0,0.0,0.0,0.0,169.0,152.0,172.0,329.0,368.0,426.0,243.0,266.0,245.0,182.0,174.0,165.0,234.0,299.0,328.0,406.0,208.0,239.0,216.0,195.0,666.0,458.0,430.0,561.0,662.0,759.0,798.0,881.0,989.0,983.0,903.0,518.0,530.0,751.0,874.0,1032.0,1088.0,1186.0,1297.0,1282.0,2016.0,1316.0,770.0,1039.0,1194.0,1403.0,1473.0,1566.0,1704.0,1691.0,3579.0,2883.0,1493.0,1793.0,2067.0,2255.0,2360.0,2454.0,2651.0,2606.0,3813.5,3137.5,1625.0,1930.5,2209.0,2413.5,2494.5,2651.0,2799.0,2822.5,"{""type"":""MultiPoint"",""coordinates"":[]}"
978_0,3,1650.5,1365.5,413.0,534.0,754.5,855.0,886.0,993.5,1073.0,1089.0,2152.0,1879.0,832.0,1075.5,1309.5,1425.0,1438.5,1517.5,1609.5,1591.0,2258.0,1978.5,776.0,1020.5,1272.5,1387.0,1428.0,1485.0,1590.0,1611.5,2177.0,1912.5,777.5,1004.5,1237.0,1357.0,1385.0,1461.0,1536.0,1565.5,245.5,205.0,520.5,726.5,813.5,943.0,785.0,840.5,796.5,740.0,259.5,203.5,705.5,893.5,957.0,1076.0,954.5,1007.5,1035.5,916.5,715.0,486.0,517.5,718.0,671.0,1061.5,1575.0,1679.0,1538.0,1548.0,1111.0,701.0,365.0,661.5,423.0,1020.5,2218.0,2451.0,2399.0,2283.5,1387.0,696.5,188.5,489.0,249.0,940.5,3134.5,4021.0,4122.5,4120.0,1739.5,927.0,271.0,621.0,515.0,1195.5,3058.5,3806.5,4070.5,4245.0,1882.5,1012.0,279.5,545.5,468.0,1064.5,2864.5,3725.0,3959.0,4184.0,1913.5,1615.5,508.0,667.5,896.0,997.0,1018.5,1121.0,1237.5,1294.5,1934.0,1001.0,264.5,532.0,436.0,1022.0,2806.5,3620.5,3776.5,4021.0,1890.0,963.5,246.0,580.5,391.5,1091.0,3038.5,3920.5,4158.5,4293.5,1947.5,963.5,383.5,831.5,561.0,1460.0,3374.5,4037.5,4205.5,4341.5,2006.5,1119.5,570.0,1051.0,854.0,1854.5,3380.0,3843.5,4043.0,4197.0,2122.0,1196.5,596.0,1133.0,1009.5,1935.0,3138.5,3536.5,3914.0,3945.0,2356.0,1391.0,605.0,1115.0,1179.0,1999.0,2966.0,3356.0,3584.0,3781.0,3212.0,2030.0,981.5,1399.5,1667.0,2364.5,3044.0,3418.0,3718.0,3827.5,3833.0,2573.0,976.5,1442.0,2013.0,2534.5,2907.5,3220.5,3609.0,3706.0,3321.0,2353.0,758.0,1167.5,1719.0,2153.0,2416.0,2648.0,2959.0,3081.0,2453.0,1911.5,760.0,1073.5,1539.0,1798.5,1859.0,2002.0,2109.0,2168.5,1754.0,1448.0,402.0,560.0,804.0,927.5,907.0,1016.5,1132.5,1173.5,2507.5,1953.0,792.0,1104.0,1548.5,1796.0,1866.0,2002.0,2105.0,2211.0,2421.5,1895.5,887.5,1150.0,1519.5,1717.0,1768.0,1904.0,2080.0,2116.0,2182.0,1755.0,660.0,876.5,1155.0,1287.5,1380.0,1463.5,1631.0,1611.0,2376.0,1949.5,785.5,955.5,1233.5,1416.0,1469.5,1576.0,1698.0,1719.0,1926.5,1539.0,541.0,696.0,917.0,1057.5,1103.5,1194.0,1342.0,1349.0,0.0,0.0,0.0,0.0,0.0,0.0,0.0,0.0,0.0,0.0,1580.5,1227.5,394.5,523.0,737.5,828.0,834.5,935.5,1045.0,1085.5,1738.5,1432.5,511.0,609.5,789.0,903.5,936.0,993.0,1096.5,1135.5,2141.5,1788.0,665.5,845.5,1068.0,1191.0,1259.5,1345.5,1446.0,1466.0,2090.0,1755.5,627.5,791.5,1024.5,1134.5,1185.0,1266.5,1414.5,1428.0,1891.5,1551.0,569.0,658.5,862.0,954.0,1024.0,1083.5,1212.5,1227.0,1802.0,1583.5,595.0,728.0,864.0,956.0,1016.0,1086.0,1260.5,1179.5,1905.0,1719.0,564.0,763.0,943.5,1042.5,1079.0,1147.5,1260.5,1261.0,"{""type"":""MultiPoint"",""coordinates"":[]}"
979_0,3,108.5,96.0,169.0,208.0,286.5,344.5,236.5,242.5,228.5,167.0,2252.5,1876.5,733.0,951.0,1185.0,1316.0,1362.5,1471.5,1597.0,1610.5,2367.5,1999.0,827.0,1053.5,1299.5,1436.0,1480.0,1591.5,1680.0,1707.5,2530.5,2226.0,1076.5,1316.0,1549.0,1693.0,1701.0,1798.0,1861.5,1884.5,2725.0,2419.0,1383.0,1641.0,1876.0,1986.0,2003.0,2082.0,2179.0,2156.0,1037.0,1042.0,1260.0,1561.0,1620.0,1729.0,1467.0,1565.0,1324.0,1389.0,268.0,224.0,668.0,908.0,898.0,1080.0,851.0,921.0,920.0,730.0,453.0,364.0,668.0,981.0,920.0,1343.0,1067.0,1156.0,1076.0,871.0,581.0,409.0,452.0,739.0,536.0,1161.0,1209.0,1355.0,1215.0,1077.0,744.5,478.0,259.0,509.0,324.5,989.5,1714.0,1945.0,1823.5,1640.0,875.0,529.0,187.5,412.0,222.0,769.0,1863.5,2326.5,2211.0,1981.5,160.0,116.0,248.0,359.0,422.0,488.0,333.0,364.0,372.0,292.0,1120.0,561.0,254.0,415.0,194.0,694.0,2122.0,2785.0,2720.0,2663.0,1156.0,557.0,111.0,329.0,87.0,647.0,2434.0,3161.0,3091.0,3014.0,1287.0,623.0,162.0,498.0,223.0,898.0,2866.0,3766.0,3681.0,3759.0,1478.0,760.0,447.0,902.0,550.0,1573.0,3170.0,3766.0,3819.0,3894.0,1508.0,832.0,455.0,981.0,766.0,1754.0,2936.0,3307.0,3591.0,3573.0,1961.0,1177.5,541.5,1079.5,1044.5,1982.0,2816.0,3108.0,3274.0,3339.0,2315.5,1398.5,903.5,1428.5,1553.0,2211.0,2895.0,3134.0,3403.5,3450.5,3213.0,2192.0,1004.0,1496.0,1815.0,2513.0,2913.0,3183.5,3476.0,3497.0,4191.0,2806.5,1314.5,1854.0,2577.5,3123.5,3342.0,3624.5,3982.5,3982.5,4463.0,3109.0,1496.0,2050.0,2884.0,3325.0,3455.0,3711.0,3919.0,4079.0,160.0,130.0,248.0,270.0,364.0,443.0,333.0,364.0,372.0,292.0,4326.0,3177.0,1267.0,1746.0,2420.0,2815.0,2944.0,3166.0,3232.0,3486.0,4107.5,3075.0,1223.5,1575.5,2163.0,2470.5,2570.0,2781.0,2991.0,3068.5,3324.0,2653.5,865.0,1119.0,1514.0,1706.5,1774.0,1898.0,2141.0,2105.0,262.0,195.0,301.0,367.0,503.0,604.0,458.0,497.0,472.0,410.0,126.0,105.0,77.0,115.0,178.0,257.0,150.0,168.0,196.0,163.0,0.0,0.0,0.0,0.0,0.0,0.0,0.0,0.0,0.0,0.0,105.0,102.0,117.0,185.0,270.0,364.0,232.0,271.0,240.0,185.0,414.0,271.0,246.0,343.0,497.0,680.0,695.0,781.0,913.0,903.0,3454.0,2606.0,1084.0,1373.0,1782.0,1968.0,2068.0,2265.0,2526.0,2437.0,1323.0,785.0,489.0,560.0,908.0,1099.0,1204.0,1320.0,1556.0,1612.0,2385.5,1664.5,773.0,1000.0,1389.0,1587.0,1721.5,1839.0,2126.5,2130.5,4323.0,3443.5,1435.0,1750.0,2189.0,2447.5,2601.0,2798.5,3113.5,3085.0,4111.0,3324.0,1407.0,1685.0,2123.0,2355.5,2442.5,2612.5,2919.5,2946.0,"{""type"":""MultiPoint"",""coordinates"":[]}"
980_0,3,1647.0,1378.5,552.5,682.0,904.0,1028.5,1066.5,1132.0,1204.0,1226.0,2556.0,2249.0,978.0,1271.0,1541.5,1667.0,1718.0,1791.0,1899.0,1895.5,2605.5,2306.5,1000.0,1284.0,1544.0,1694.0,1709.5,1794.0,1889.0,1895.0,492.0,477.0,820.5,1125.5,1201.5,1365.0,1025.0,1114.5,1016.0,887.0,320.0,313.0,663.0,931.0,1040.0,1152.0,850.0,924.0,811.0,735.0,439.0,388.0,967.0,1199.0,1262.0,1421.0,1158.0,1235.0,1262.0,1114.0,342.0,253.0,563.0,842.0,846.0,1076.0,992.0,1068.0,950.0,837.0,608.0,401.0,562.0,838.0,785.0,1295.0,1376.0,1397.0,1351.0,1233.0,444.0,308.0,460.0,763.0,669.0,1079.0,1252.0,1364.0,1207.0,1125.0,643.5,411.5,330.5,542.5,371.0,899.5,1790.0,2002.5,1842.0,1752.5,807.5,496.5,238.0,407.0,271.5,714.5,1606.5,1881.5,1780.0,1659.5,1891.5,1616.0,677.0,859.0,1074.0,1189.5,1224.0,1298.0,1368.5,1388.0,1049.0,598.0,173.0,426.0,224.0,798.0,2255.0,2870.0,2800.0,2657.0,1325.0,695.0,173.0,483.0,252.0,917.0,2638.0,3289.0,3477.0,3295.0,1384.0,747.0,273.0,648.0,386.0,1151.0,2800.0,3393.0,3553.0,3529.0,1599.0,854.0,475.0,885.0,709.0,1552.0,2803.0,3159.0,3403.0,3428.0,2043.0,1194.0,578.0,1001.0,933.0,1729.0,2573.0,2933.0,3331.0,3297.0,2251.5,1393.0,550.5,956.0,1084.5,1754.5,2435.5,2766.0,3007.0,3088.0,3722.5,2616.5,1131.0,1494.5,1868.0,2278.0,2608.0,2841.5,3163.5,3294.5,3685.5,2684.5,963.0,1322.5,1858.5,2178.0,2555.5,2766.5,3162.0,3221.0,3778.0,2620.0,904.0,1283.0,1797.0,2146.0,2538.0,2749.0,3077.0,3218.0,2208.0,1738.0,632.5,851.0,1132.0,1301.5,1383.0,1543.5,1666.0,1708.5,1833.5,1553.5,584.5,779.5,1011.0,1131.5,1153.5,1250.5,1320.5,1344.5,2354.0,1869.0,649.0,897.0,1163.0,1371.0,1457.0,1604.0,1686.0,1765.0,2224.5,1799.5,685.5,880.0,1108.5,1262.5,1372.0,1478.0,1625.0,1656.0,1761.0,1517.5,461.5,629.0,822.5,940.5,985.5,1058.0,1162.0,1137.5,2065.0,1831.0,649.0,804.0,1022.0,1138.0,1181.0,1257.5,1339.5,1372.0,1517.0,1337.0,391.0,518.0,694.0,758.0,809.0,866.0,942.0,916.0,0.0,0.0,0.0,0.0,0.0,0.0,0.0,0.0,0.0,0.0,1775.0,1502.0,559.0,771.0,943.0,1048.0,1074.0,1166.0,1248.0,1244.0,215.0,182.0,209.0,163.0,139.0,143.0,167.0,179.0,163.0,166.0,2183.0,1911.0,734.0,990.0,1200.0,1328.0,1336.0,1434.0,1506.0,1536.0,1699.0,1420.0,908.0,816.0,820.0,897.0,937.0,970.0,1400.0,1065.0,1582.0,1312.0,615.5,720.5,787.5,863.5,880.5,949.0,1128.0,1036.0,2015.0,1763.0,707.0,902.0,1096.0,1212.0,1243.0,1324.0,1410.0,1424.0,2174.5,1935.0,754.0,977.0,1201.5,1298.0,1350.5,1436.5,1541.0,1524.0,"{""type"":""MultiPoint"",""coordinates"":[]}"
981_0,3,1738.5,1448.5,551.0,664.5,877.5,994.5,1054.0,1092.0,1186.0,1219.0,1901.5,1649.0,693.0,872.5,1080.5,1175.0,1223.5,1277.0,1356.5,1383.5,2078.5,1812.5,849.5,1039.0,1266.5,1380.5,1366.0,1416.0,1483.0,1509.0,2354.0,2075.5,978.5,1229.5,1476.5,1601.5,1600.5,1685.0,1750.5,1772.0,1176.0,1067.0,829.0,1032.0,1239.0,1349.0,1368.0,1432.0,1495.0,1482.0,350.0,329.0,715.0,967.0,884.0,1170.0,929.0,947.0,915.0,787.0,351.0,274.0,605.0,810.0,788.0,1041.0,988.0,1085.0,1079.0,888.0,400.0,317.0,529.0,786.0,782.0,1050.0,1047.0,1204.0,1123.0,1044.0,532.0,401.0,426.0,704.0,600.0,929.0,1089.0,1234.0,1296.0,1136.0,1095.5,611.5,266.0,536.5,327.5,856.5,2056.0,2444.0,2533.5,2478.5,1398.5,727.0,169.5,407.0,178.5,722.0,2699.0,3661.5,3752.5,3505.0,1924.0,1613.0,622.0,766.0,969.0,1129.0,1143.0,1197.0,1302.0,1367.0,1565.0,782.0,180.0,416.0,184.0,725.0,2978.0,4198.0,4183.0,4114.0,1565.0,782.0,99.0,393.0,203.0,807.0,3033.0,4348.0,4412.0,4401.0,1599.0,788.0,186.0,517.0,307.0,900.0,3283.0,4485.0,4583.0,4688.0,1670.0,805.0,421.0,835.0,581.0,1517.0,3271.0,4008.0,4154.0,4195.0,1696.5,906.0,441.5,889.5,680.0,1592.5,3072.5,3593.0,3919.5,3877.0,1958.5,1153.5,476.0,944.5,983.5,1822.0,2777.5,3172.5,3468.5,3529.0,2550.5,1567.0,768.5,1208.5,1481.5,2196.5,2808.0,3139.0,3450.0,3548.5,2970.5,1950.0,871.5,1333.5,1778.5,2517.5,2952.0,3228.0,3589.0,3703.5,4093.0,2831.0,1151.0,1559.0,2165.0,2689.0,3021.0,3256.0,3657.0,3791.0,3930.0,2748.0,921.0,1337.0,2048.5,2646.0,2686.5,3044.0,3098.0,3500.0,1931.0,1634.0,592.0,728.5,963.0,1067.5,1120.5,1189.5,1272.5,1312.5,3388.5,2451.5,788.0,1107.0,1643.0,2011.5,2119.0,2297.0,2482.5,2723.5,3358.5,2464.0,886.5,1143.5,1627.0,1986.0,2079.0,2269.0,2390.0,2669.5,3071.5,2320.5,680.0,875.5,1220.0,1442.0,1557.0,1697.0,1772.0,1977.5,3074.0,2452.5,724.0,882.0,1210.5,1435.0,1492.5,1669.0,1742.0,1917.0,1577.0,1269.0,452.0,549.0,775.0,867.0,876.0,948.0,1083.0,1041.0,0.0,0.0,0.0,0.0,0.0,0.0,0.0,0.0,0.0,0.0,1485.0,1222.0,471.0,625.0,768.0,859.0,841.0,938.0,1032.0,1032.0,1665.0,1429.0,592.0,681.0,812.0,905.0,929.0,985.0,1037.0,1060.0,2162.0,1841.0,755.0,933.0,1132.0,1258.0,1248.0,1318.0,1416.0,1458.0,2064.0,1785.5,774.0,865.5,1075.5,1205.0,1170.5,1299.5,1317.0,1379.5,1686.0,1446.0,530.5,614.0,802.0,894.0,863.0,923.5,1001.0,1024.5,2048.0,1789.5,769.5,883.0,1050.5,1155.5,1243.5,1312.0,1383.0,1435.5,2053.5,1762.5,777.5,917.5,1090.0,1184.0,1274.0,1351.5,1447.5,1452.5,"{""type"":""MultiPoint"",""coordinates"":[]}"
982_0,3,1693.0,1405.0,577.5,713.0,934.5,1047.5,1091.0,1139.5,1203.5,1219.0,2379.0,2090.0,951.5,1231.0,1480.0,1608.0,1639.5,1694.5,1794.0,1792.0,2387.0,2074.5,843.5,1129.5,1387.5,1509.0,1541.5,1607.0,1678.0,1716.0,2474.5,2157.0,914.5,1212.5,1476.5,1608.0,1628.0,1710.0,1763.0,1781.5,643.0,646.0,935.0,1134.0,1192.0,1385.0,1126.0,1217.0,1045.0,1128.0,232.0,192.0,633.0,838.0,905.0,1078.0,900.0,989.0,935.0,809.0,351.0,276.0,571.0,851.0,854.0,1109.0,900.0,999.0,935.0,888.0,543.0,366.0,519.0,851.0,766.0,1238.0,1284.0,1359.0,1299.0,1159.0,709.0,469.0,417.0,739.0,583.0,1092.0,1486.0,1600.0,1453.0,1350.0,880.0,522.5,310.0,573.5,392.5,968.5,1796.0,2140.0,1967.5,1880.0,1255.5,679.5,244.0,544.5,336.0,936.0,2397.5,3007.0,2992.0,2895.5,1950.0,1644.5,697.0,864.0,1096.5,1206.0,1212.5,1292.0,1354.5,1380.0,1333.0,727.0,252.0,496.0,318.0,847.0,2393.0,3101.0,3060.0,3012.0,1155.0,575.0,153.0,383.0,202.0,712.0,2166.0,2791.0,2875.0,2788.0,1166.0,575.0,153.0,361.0,189.0,665.0,2392.0,3094.0,3224.0,3259.0,1416.0,687.0,316.0,656.0,325.0,1054.0,3045.0,3755.0,3884.0,3818.0,1602.0,813.0,372.0,897.0,466.0,1493.0,3421.0,3985.0,4071.0,4111.0,1680.0,878.5,399.5,991.5,525.0,1651.5,3346.0,3723.5,3895.0,3870.5,1877.5,985.0,840.0,1473.5,1241.5,2273.0,3292.0,3519.5,3754.0,3825.5,2236.5,1341.0,813.5,1466.5,1435.5,2552.0,3221.5,3477.5,3756.0,3820.0,3474.0,2460.0,1157.0,1659.0,2311.0,2753.0,3185.0,3447.0,3757.0,3835.0,3136.5,2152.0,880.5,1273.0,1933.5,2293.5,2481.5,2683.5,2868.5,3031.0,1776.0,1439.0,501.0,682.0,946.0,1053.0,1065.0,1135.0,1229.0,1246.0,3454.0,2518.0,880.0,1259.0,1808.0,2128.0,2338.0,2473.0,2523.0,2794.0,3218.0,2424.5,862.0,1144.0,1610.0,1919.5,2019.0,2178.0,2379.5,2515.0,2951.0,2378.5,697.0,914.5,1264.5,1514.0,1582.5,1745.5,1857.0,1974.5,2045.0,1606.0,733.0,864.0,1112.0,1279.0,1323.0,1408.0,1524.0,1577.0,1894.0,1523.0,472.0,631.0,872.0,980.0,1039.0,1129.0,1273.0,1253.0,0.0,0.0,0.0,0.0,0.0,0.0,0.0,0.0,0.0,0.0,1604.0,1338.0,478.0,668.0,848.0,928.0,975.0,986.0,1090.0,1092.0,271.0,236.0,197.0,158.0,152.0,146.0,157.0,170.0,176.0,185.0,2041.0,1773.0,650.0,870.0,1084.0,1218.0,1217.0,1285.0,1369.0,1426.0,2192.0,1939.0,857.0,1029.0,1229.0,1347.0,1378.0,1447.0,1561.0,1543.0,1807.0,1541.0,529.0,675.0,877.0,982.0,957.0,991.0,1061.0,1106.0,1956.0,1691.0,665.0,811.0,1025.0,1127.0,1170.0,1223.0,1284.0,1312.0,2098.0,1858.0,748.5,926.5,1152.0,1251.5,1307.0,1366.0,1462.0,1456.0,"{""type"":""MultiPoint"",""coordinates"":[]}"
983_0,3,1952.5,1627.0,558.5,680.0,955.0,1095.5,1144.5,1204.5,1325.5,1351.0,2198.0,1920.5,846.0,1105.0,1340.5,1444.5,1485.5,1548.0,1632.0,1618.0,2274.0,1962.0,834.5,1058.5,1318.0,1419.5,1472.0,1540.5,1631.0,1662.0,2203.0,1928.0,844.0,1055.0,1296.5,1398.5,1427.5,1516.5,1584.5,1607.5,234.5,198.5,740.0,895.0,939.0,1041.5,809.5,859.5,842.0,700.5,235.5,198.5,503.5,693.5,712.5,924.0,841.5,916.0,892.0,792.0,559.5,399.5,473.5,676.0,572.0,1012.0,1329.5,1425.0,1254.5,1205.5,971.5,642.0,336.0,628.0,393.0,1001.0,2072.0,2269.0,2267.0,2115.5,1324.5,682.0,224.5,523.5,300.5,984.5,2824.5,3491.0,3625.5,3588.0,1518.0,830.5,227.5,542.5,373.5,1041.0,2757.5,3456.5,3518.0,3590.0,1539.0,782.5,168.0,399.5,263.0,747.0,2656.0,3580.5,3763.0,3874.0,2204.5,1846.0,592.5,785.5,1061.5,1184.0,1254.0,1327.0,1424.5,1537.0,1597.0,795.0,178.5,432.0,242.5,806.0,2944.5,3866.0,3909.0,4146.5,1647.0,798.0,200.0,579.0,270.0,1058.0,3308.0,4196.0,4397.0,4475.5,1715.5,847.0,359.0,831.0,497.5,1417.5,3477.0,4277.5,4402.0,4555.5,1871.5,998.0,547.5,1055.5,839.0,1895.5,3461.5,3929.0,4195.0,4301.0,2027.0,1136.5,604.0,1160.5,1028.0,2025.5,3282.5,3708.5,4084.5,4091.5,2292.0,1366.0,633.0,1167.0,1236.0,2131.0,3092.0,3455.0,3751.0,3824.0,3144.0,2008.5,903.5,1336.0,1594.0,2309.5,2894.0,3298.0,3604.0,3721.0,3858.5,2639.5,948.0,1354.5,1962.0,2375.0,2744.5,2999.0,3489.0,3493.0,3706.0,2655.0,959.5,1387.0,2041.5,2382.5,2709.5,2975.5,3437.0,3459.5,2475.5,1901.5,756.5,1053.5,1496.5,1757.0,1795.5,1945.5,2090.5,2199.0,2016.0,1687.0,503.0,675.0,962.0,1083.0,1111.0,1201.0,1349.0,1375.0,2537.5,1954.5,802.5,1082.5,1517.5,1734.0,1820.5,1956.0,2065.0,2199.0,2516.0,1929.0,923.0,1149.5,1542.5,1715.0,1791.5,1928.5,2098.0,2146.0,2263.0,1812.0,667.0,861.0,1165.5,1329.5,1389.0,1496.0,1633.0,1663.5,2314.0,1864.5,714.0,881.0,1176.0,1326.5,1424.0,1516.0,1629.5,1692.0,1995.5,1437.0,556.0,710.5,980.5,1093.0,1154.5,1254.5,1425.5,1387.0,0.0,0.0,0.0,0.0,0.0,0.0,0.0,0.0,0.0,0.0,1761.0,1473.0,448.5,576.5,791.5,883.0,924.5,991.0,1108.0,1118.5,1844.5,1594.5,560.0,645.0,839.0,931.0,964.0,1007.0,1112.5,1117.5,2245.0,1969.0,684.0,844.0,1051.0,1196.0,1215.0,1294.0,1414.0,1437.0,2125.0,1776.0,603.0,718.0,955.0,1064.0,981.0,1108.0,1218.0,1219.0,2173.5,1810.5,713.5,796.5,1009.5,1113.5,1071.0,1181.5,1347.0,1297.5,1995.5,1732.5,655.5,798.5,995.0,1108.0,1155.0,1243.0,1337.5,1361.5,1934.5,1726.0,607.0,796.5,992.0,1108.0,1152.0,1235.5,1332.0,1330.5,"{""type"":""MultiPoint"",""coordinates"":[]}"
984_0,3,1746.0,1440.0,573.0,695.0,945.0,1028.0,1070.0,1118.0,1262.0,1290.0,2001.0,1711.0,744.0,944.0,1162.0,1254.0,1281.5,1339.5,1444.5,1445.0,2183.0,1897.5,892.5,1113.5,1348.5,1456.0,1437.0,1503.0,1579.0,1599.5,2454.0,2150.0,1063.5,1306.0,1572.5,1680.0,1698.5,1761.0,1844.0,1851.5,1462.0,1403.0,883.0,1093.0,1326.0,1404.0,1421.0,1472.0,1584.0,1550.0,382.0,361.0,795.0,1023.0,984.0,1257.0,996.0,1034.0,1038.0,856.0,356.0,288.0,691.0,969.0,982.0,1241.0,1080.0,1137.0,1116.0,976.0,435.0,316.0,651.0,958.0,982.0,1241.0,1158.0,1307.0,1123.0,1081.0,531.0,402.0,569.0,855.0,811.0,1084.0,1126.0,1334.0,1134.0,1158.0,1052.5,577.0,276.0,569.0,428.5,963.0,2138.0,2267.5,2149.0,2392.0,1404.0,749.0,193.0,452.0,214.5,809.5,2731.0,3445.5,3351.0,3518.0,1947.0,1619.0,679.0,830.0,1048.0,1151.0,1173.0,1255.0,1359.0,1378.0,1596.0,796.0,181.0,423.0,173.0,801.0,3077.0,4220.0,4030.0,4126.0,1591.0,796.0,100.0,377.0,131.0,847.0,3077.0,4319.0,4279.0,4330.0,1609.0,771.0,155.0,445.0,237.0,924.0,3111.0,4351.0,4392.0,4562.0,1622.0,805.0,407.0,789.0,515.0,1408.0,3195.0,3957.0,4027.0,4201.0,1651.0,882.5,415.5,846.5,587.5,1530.5,3024.5,3555.5,3850.0,3841.5,1920.5,1123.0,450.0,878.5,915.0,1747.5,2738.5,3112.0,3390.0,3508.0,2438.5,1489.5,783.0,1211.5,1520.0,2104.0,2683.0,2999.0,3327.0,3421.0,2951.5,1916.5,908.0,1351.5,1853.5,2441.0,2863.5,3116.0,3530.5,3600.0,4069.0,2739.0,1099.0,1528.0,2265.0,2709.0,2979.0,3207.0,3719.0,3691.0,3951.5,2697.0,1015.5,1481.0,2292.5,2693.5,2835.5,3239.5,3506.5,3549.0,1931.0,1629.5,629.5,781.5,1024.5,1101.5,1138.5,1215.5,1363.5,1352.5,3477.0,2482.0,846.0,1239.0,1885.5,2125.5,2250.5,2507.0,2911.0,2835.5,3437.5,2485.0,936.0,1262.5,1866.0,2076.0,2233.0,2430.5,2825.5,2827.0,3085.0,2331.0,731.5,941.0,1356.0,1549.0,1585.0,1802.0,2044.0,2071.5,3085.5,2438.5,747.5,920.5,1309.0,1492.5,1569.5,1735.0,1971.0,2006.5,1543.0,1273.0,427.0,543.0,776.0,855.0,877.0,951.0,1063.0,1054.0,1472.0,1263.0,1061.0,1138.0,1157.0,1240.0,1395.0,1450.0,1419.0,1450.0,1475.0,1154.0,501.0,644.0,827.0,912.0,898.0,971.0,1102.0,1078.0,1662.0,1359.0,613.0,704.0,878.0,964.0,975.0,1045.0,1114.0,1074.0,2288.0,1911.0,902.0,1087.0,1299.0,1406.0,1414.0,1452.0,1602.0,1616.0,2153.5,1825.0,896.5,1012.5,1226.0,1329.0,1276.5,1387.0,1549.5,1489.5,1736.0,1458.5,610.5,706.0,887.0,976.0,924.5,1015.5,1119.0,1099.0,2123.5,1848.0,877.0,1011.0,1188.5,1280.5,1344.5,1417.0,1548.5,1530.5,2105.5,1800.0,872.0,1025.5,1224.5,1294.0,1366.0,1446.5,1581.0,1562.5,"{""type"":""MultiPoint"",""coordinates"":[]}"
985_0,3,1718.0,1429.5,558.5,697.0,911.5,1039.0,1049.5,1127.0,1189.5,1206.0,2331.5,2022.5,906.0,1189.0,1422.0,1554.5,1590.5,1657.0,1761.0,1763.0,2397.0,2082.5,915.0,1199.5,1450.0,1551.0,1601.5,1675.0,1744.5,1750.5,2311.5,2033.5,907.0,1169.0,1401.0,1500.5,1547.5,1621.5,1674.5,1685.0,337.0,298.0,1015.0,1337.0,1368.0,1466.0,1051.0,1082.0,1024.0,808.0,337.0,298.0,757.0,1081.0,1113.0,1424.0,1051.0,1082.0,1024.0,808.0,450.0,369.0,646.0,1012.0,998.0,1451.0,1346.0,1419.0,1469.0,1233.0,604.0,476.0,573.0,865.0,794.0,1407.0,1532.0,1675.0,1579.0,1500.0,701.0,523.0,469.0,756.0,681.0,1194.0,1514.0,1640.0,1610.0,1407.0,854.5,542.5,289.0,538.0,424.5,971.0,1766.5,2071.0,2020.0,1774.0,1268.0,734.5,278.5,573.5,423.0,1083.5,2663.5,3124.0,3247.0,3112.0,1942.0,1659.0,680.0,845.0,1060.0,1198.0,1196.0,1290.0,1315.0,1397.0,1415.0,763.0,370.0,668.0,469.0,1089.0,2591.0,3262.0,3262.0,3223.0,1268.0,663.0,174.0,480.0,284.0,875.0,2591.0,3377.0,3262.0,3223.0,1227.0,663.0,174.0,452.0,233.0,846.0,2678.0,3486.0,3465.0,3394.0,1478.0,755.0,400.0,791.0,444.0,1238.0,3191.0,3883.0,3947.0,3873.0,1591.5,815.0,430.5,924.0,513.5,1477.0,3350.0,3918.0,4145.0,3989.5,1658.0,933.5,449.0,988.0,671.5,1761.0,3053.0,3363.5,3525.5,3598.0,2133.0,1193.0,702.0,1311.0,1182.0,2138.0,3042.0,3315.0,3569.0,3619.0,2425.0,1511.5,745.0,1343.5,1385.0,2301.0,3014.5,3321.5,3618.5,3587.5,3213.5,2241.5,931.0,1410.0,1857.5,2390.5,2650.5,2866.0,3118.5,3184.0,3325.0,2318.0,971.0,1394.0,2022.0,2443.0,2577.0,2805.0,2908.0,3098.0,1794.0,1532.0,494.0,672.0,920.0,1047.0,1066.0,1163.0,1228.0,1262.0,3183.0,2318.0,901.0,1242.0,1741.0,2063.0,2152.0,2333.0,2440.0,2596.0,3080.5,2281.0,872.0,1155.0,1608.5,1907.5,2035.0,2204.0,2344.0,2479.5,2729.0,2159.5,668.0,879.0,1194.0,1403.0,1492.0,1601.5,1745.0,1844.5,2829.0,2301.0,758.0,925.0,1248.0,1453.0,1538.0,1655.0,1777.0,1890.0,2411.0,1501.0,541.0,690.0,978.0,1177.0,1247.0,1379.0,1560.0,1573.0,0.0,0.0,0.0,0.0,0.0,0.0,0.0,0.0,0.0,0.0,1581.0,1224.0,492.0,684.0,845.0,957.0,997.0,1039.0,1132.0,1139.0,1802.0,1526.0,608.0,765.0,937.0,1078.0,1090.0,1164.0,1199.0,1225.0,2306.0,1924.0,800.0,1024.0,1261.0,1400.0,1466.0,1508.0,1597.0,1600.0,2475.0,2127.0,963.0,1173.0,1413.0,1514.0,1601.0,1652.0,1789.0,1757.0,1937.0,1632.0,588.0,748.0,967.0,1077.0,1098.0,1125.0,1209.0,1247.0,2076.0,1786.0,742.0,940.0,1127.0,1254.0,1314.0,1369.0,1430.0,1474.0,2143.5,1838.0,800.5,997.0,1208.5,1323.5,1361.5,1429.5,1525.5,1514.5,"{""type"":""MultiPoint"",""coordinates"":[]}"
986_0,3,2544.5,2019.5,718.5,821.5,1030.5,1171.5,1251.5,1394.5,1512.0,1639.5,1987.0,1837.0,594.0,833.0,1088.0,1202.0,1239.0,1315.0,1403.0,1423.0,2237.0,2140.0,769.0,1000.0,1275.0,1405.0,1459.0,1528.0,1630.0,1658.0,294.0,261.0,292.0,413.0,476.5,566.0,461.0,506.0,485.0,425.5,331.0,310.0,642.0,719.0,741.0,843.0,682.0,717.0,692.0,596.0,333.0,310.0,361.0,611.0,559.0,843.0,781.0,884.0,850.0,809.0,614.0,501.0,327.0,563.0,459.0,857.0,1127.0,1162.0,1095.0,1126.0,1459.0,839.0,236.0,580.0,291.0,917.0,2238.0,2677.0,2738.0,2679.0,1268.0,691.0,129.0,417.0,159.0,735.0,2411.0,2886.0,2887.0,2949.0,1356.0,654.5,62.0,323.0,77.0,617.5,2679.0,3653.0,3633.0,3670.0,1252.0,583.5,24.5,224.0,24.0,467.0,2530.0,3782.0,3841.5,3905.5,3446.5,2869.0,1729.0,1818.5,2030.5,2206.5,2214.0,2311.0,2447.0,2490.0,1266.0,588.0,16.0,207.0,13.0,463.0,2614.0,4082.0,4131.5,4229.0,1241.5,585.5,74.5,401.0,109.0,808.0,3005.0,4262.0,4304.5,4393.5,1270.0,612.0,464.0,801.0,541.0,1238.0,3271.0,4231.0,4243.0,4416.0,1359.0,735.0,641.0,1063.0,890.0,1773.0,3142.0,3699.0,3886.0,3906.0,1447.0,800.0,573.0,1028.0,890.0,1825.0,2864.0,3292.0,3495.0,3519.0,1794.0,1028.0,549.0,1078.0,1142.0,2054.0,2871.0,3171.0,3414.0,3504.0,4183.5,2966.5,1155.5,1620.0,2294.0,2726.0,3054.0,3295.5,3618.0,3752.0,4157.5,3029.0,1163.5,1610.5,2336.5,2704.5,2929.5,3185.5,3492.5,3567.5,3569.0,2742.0,1035.0,1428.0,2075.0,2335.0,2551.0,2775.0,3086.0,3081.0,3210.0,2264.5,902.5,1280.0,1790.0,2098.0,2278.0,2471.5,2609.0,2787.5,3154.0,2470.0,550.0,775.0,1139.0,1282.0,1374.0,1498.0,1724.0,1762.0,3470.0,2679.5,854.0,1135.5,1537.0,1812.0,2001.0,2176.5,2313.0,2452.0,4005.5,3275.0,2038.0,2205.0,2465.5,2746.5,2928.5,3041.0,3191.0,3276.0,3129.5,2556.5,823.0,963.5,1179.5,1422.0,1596.5,1719.5,1881.5,1948.5,2976.0,2419.5,792.5,937.5,1135.0,1363.0,1553.0,1683.0,1818.5,1909.5,2188.0,1576.0,457.0,628.5,836.0,1056.5,1272.0,1346.5,1518.5,1582.5,0.0,0.0,0.0,0.0,0.0,0.0,0.0,0.0,0.0,0.0,3523.0,2766.0,770.0,1073.0,1514.0,1665.0,1713.0,1882.0,2105.0,2162.0,3735.0,3108.0,1083.0,1286.0,1725.0,1981.0,2091.0,2287.0,2565.0,2652.0,3442.0,2793.0,905.0,1177.0,1596.0,1757.0,1841.0,1937.0,2208.0,2276.0,2611.5,2234.0,731.0,888.0,1187.0,1318.0,1321.5,1459.0,1630.0,1641.5,1687.0,1508.0,466.0,591.0,846.0,916.0,857.0,928.0,1029.0,1079.0,1698.0,1545.5,483.0,639.0,885.5,966.5,979.0,1029.0,1126.0,1125.0,1785.0,1657.0,559.0,730.5,949.0,1042.0,1076.5,1146.0,1285.0,1234.0,"{""type"":""MultiPoint"",""coordinates"":[]}"
987_0,3,1737.5,1433.0,584.0,711.0,930.0,1046.5,1095.5,1152.0,1219.0,1260.0,2447.0,2150.5,1014.0,1283.0,1526.0,1650.5,1687.0,1738.5,1842.5,1866.5,2477.0,2168.5,921.0,1200.5,1455.0,1569.0,1609.0,1685.5,1775.5,1791.5,2553.5,2235.5,988.0,1277.5,1531.5,1674.0,1698.5,1767.5,1849.0,1865.5,373.0,354.0,744.0,1027.0,1032.0,1125.0,859.0,943.0,840.0,758.0,208.0,178.0,675.0,907.0,953.0,1125.0,746.0,787.0,728.0,580.0,333.0,283.0,675.0,946.0,953.0,1166.0,938.0,981.0,958.0,746.0,620.0,488.0,577.0,922.0,850.0,1234.0,1194.0,1307.0,1259.0,1115.0,753.0,559.0,485.0,824.0,700.0,1209.0,1544.0,1650.0,1609.0,1478.0,867.5,544.5,294.5,543.0,388.0,895.0,1517.5,1788.0,1652.5,1584.0,1201.0,665.0,258.5,518.5,337.5,895.0,2242.5,2657.0,2656.5,2634.0,1907.0,1627.0,658.0,834.0,1061.0,1211.0,1208.0,1308.0,1307.0,1389.0,1383.0,702.0,247.0,514.0,288.0,888.0,2582.0,3422.0,3257.0,3366.0,1217.0,572.0,157.0,405.0,202.0,726.0,2494.0,3301.0,3222.0,3185.0,1206.0,566.0,157.0,366.0,165.0,720.0,2687.0,3355.0,3263.0,3425.0,1400.0,671.0,333.0,672.0,327.0,1046.0,3071.0,3813.0,3956.0,3964.0,1711.0,847.0,388.0,934.0,488.0,1535.0,3504.0,4154.0,4216.0,4326.0,1770.5,962.5,426.5,985.0,568.5,1652.5,3293.0,3668.0,3849.5,3969.5,1998.0,1077.0,791.0,1381.0,1215.0,2201.0,3139.0,3432.0,3647.0,3691.0,2313.5,1443.0,797.5,1403.0,1448.0,2452.0,3114.0,3362.5,3493.0,3623.0,3166.5,2213.0,1067.0,1567.5,2103.0,2724.0,3043.5,3320.5,3502.0,3551.0,2800.0,1968.0,873.0,1179.0,1652.0,2013.0,2075.0,2266.0,2224.0,2339.0,1805.0,1524.0,489.0,699.0,939.0,1085.0,1144.0,1186.0,1256.0,1249.0,2901.0,2230.0,840.0,1132.0,1561.0,1892.0,1972.0,2055.0,2120.0,2339.0,2783.0,2212.5,900.5,1155.5,1477.5,1710.0,1781.0,1906.5,1983.5,2065.5,2529.5,2079.5,697.0,889.0,1140.5,1324.0,1371.5,1489.0,1590.0,1639.0,2658.0,2246.0,778.0,948.0,1205.0,1381.0,1434.0,1579.0,1638.0,1680.0,2203.0,1588.0,555.0,711.0,943.0,1064.0,1103.0,1223.0,1340.0,1329.0,902.0,677.0,904.0,864.0,798.0,785.0,796.0,836.0,1078.0,853.0,1683.0,1355.0,543.0,722.0,900.0,973.0,1041.0,1066.0,1186.0,1169.0,1870.0,1615.0,634.0,807.0,969.0,1058.0,1104.0,1157.0,1238.0,1241.0,2292.0,1970.0,766.0,1017.0,1250.0,1361.0,1428.0,1475.0,1578.0,1565.0,2110.0,1870.0,966.0,1172.0,1389.0,1483.0,1509.0,1637.0,1759.0,1723.0,1905.0,1623.0,551.0,710.0,911.0,1043.0,1029.0,1065.0,1159.0,1156.0,1972.0,1719.0,688.0,848.0,1033.0,1134.0,1172.0,1244.0,1303.0,1341.0,2193.0,1939.5,802.0,1003.0,1227.5,1328.5,1361.0,1445.0,1539.5,1550.5,"{""type"":""MultiPoint"",""coordinates"":[]}"
988_0,3,1797.0,1450.0,618.0,736.0,994.5,1083.5,1098.0,1210.5,1355.0,1317.0,2071.0,1740.0,691.0,879.5,1125.5,1202.5,1272.5,1397.5,1538.0,1545.5,2243.0,1931.0,841.5,1064.0,1337.0,1429.5,1431.5,1532.5,1640.0,1619.5,2544.0,2203.5,1002.0,1268.5,1558.0,1672.5,1712.5,1775.0,1897.5,1906.0,1903.0,1618.0,1006.0,1269.0,1549.0,1655.0,1608.0,1703.0,1678.0,1664.0,679.0,561.0,744.0,951.0,935.0,1111.0,882.0,893.0,813.0,810.0,697.0,515.0,551.0,830.0,799.0,1111.0,985.0,1108.0,1043.0,988.0,873.0,646.0,518.0,838.0,731.0,1097.0,1261.0,1331.0,1227.0,1212.0,1099.0,770.0,459.0,766.0,609.0,1062.0,1609.0,1856.0,1784.0,1688.0,1787.5,978.5,265.0,622.0,293.5,1015.0,3083.5,3683.5,3827.5,3795.0,1870.5,958.5,135.5,411.5,173.0,783.0,3206.5,4522.0,4655.5,4547.5,2068.0,1739.0,665.0,854.0,1099.0,1167.0,1229.0,1345.0,1492.0,1448.0,1849.0,960.0,175.0,439.0,196.0,769.0,3287.0,4826.0,4860.0,4921.0,1851.0,940.0,146.0,417.0,227.0,852.0,3315.0,4892.0,5090.0,5115.0,1912.0,995.0,246.0,636.0,413.0,1210.0,3551.0,4732.0,5053.0,5101.0,2008.0,1069.0,481.0,942.0,648.0,1671.0,3638.0,4466.0,4890.0,4806.0,2073.0,1199.0,513.0,1009.0,837.0,1721.0,3597.0,4194.0,4731.0,4569.0,2309.5,1416.5,601.0,1193.0,1141.0,2082.5,3552.0,4066.5,4496.0,4412.0,2764.0,1735.5,903.5,1420.5,1625.0,2401.0,3437.5,3885.5,4359.0,4255.0,3148.5,2105.5,1028.0,1597.0,2031.5,2754.0,3334.5,3689.5,4206.5,4083.5,4236.0,2969.0,1249.0,1727.0,2547.0,3034.0,3292.0,3649.0,3954.0,3975.0,4000.5,2819.5,1278.5,1755.0,2551.5,2914.5,3280.5,3492.5,3561.5,3906.0,2024.0,1670.5,624.5,801.0,1085.5,1204.0,1156.5,1260.0,1479.5,1459.5,3660.0,2586.5,1111.5,1487.0,2072.0,2552.5,2626.0,2742.0,2931.0,3163.0,3367.5,2497.0,1100.5,1411.5,1923.0,2198.5,2340.5,2579.5,2734.5,2722.5,2931.0,2438.0,854.5,1035.5,1348.5,1622.0,1694.5,1760.5,1957.5,2060.0,3036.0,2434.5,852.5,1014.0,1312.0,1550.5,1677.5,1777.0,1857.0,2000.0,1492.0,1202.0,408.0,501.0,707.0,805.0,821.0,908.0,1005.0,1027.0,1708.0,1359.0,1477.0,1500.0,1433.0,1505.0,1731.0,1806.0,1949.0,1838.0,1721.0,1360.0,531.0,682.0,870.0,950.0,1014.0,1087.0,1207.0,1198.0,1958.0,1640.0,636.0,762.0,934.0,1073.0,1099.0,1168.0,1283.0,1273.0,2370.0,1995.0,831.0,1045.0,1260.0,1357.0,1469.0,1524.0,1718.0,1686.0,2270.0,1876.5,848.5,970.0,1180.0,1265.5,1359.0,1452.0,1628.5,1628.0,1864.0,1494.5,578.5,711.0,892.5,972.5,1022.5,1114.0,1274.5,1269.0,2210.0,1857.0,795.0,953.0,1118.5,1249.5,1418.0,1535.0,1679.5,1653.0,2174.5,1794.0,797.0,961.5,1135.0,1250.0,1483.0,1660.5,1776.0,1744.0,"{""type"":""MultiPoint"",""coordinates"":[]}"
989_0,3,3449.0,2690.5,976.0,1121.5,1466.0,1700.0,1810.5,1953.5,2148.5,2234.5,2148.0,1961.0,616.0,877.0,1170.0,1282.0,1354.0,1450.0,1531.0,1557.0,2370.0,2240.0,760.0,1013.0,1332.0,1485.0,1539.0,1636.0,1713.0,1723.0,1225.0,1118.5,445.0,612.5,801.0,893.0,826.5,928.0,946.0,934.5,386.0,360.0,687.0,768.0,795.0,897.0,716.0,749.0,763.0,610.0,386.0,337.0,307.0,554.0,514.0,782.0,716.0,749.0,763.0,610.0,451.0,373.0,266.0,556.0,341.0,731.0,745.0,831.0,730.0,676.0,1470.0,875.0,282.0,615.0,386.0,951.0,2042.0,2349.0,2311.0,2394.0,1083.0,602.0,202.0,437.0,202.0,674.0,1704.0,1983.0,1955.0,1917.0,1149.0,584.0,93.5,318.5,106.5,601.5,2101.5,2717.5,2665.5,2688.0,1154.5,556.0,36.5,212.0,46.0,446.5,2184.0,3078.0,3092.5,3095.0,3616.5,3081.5,2311.0,2247.5,2379.0,2543.0,2599.0,2755.5,2926.0,2869.5,1278.0,595.5,30.5,211.5,10.0,466.5,2567.0,3728.0,3713.5,3802.0,1262.0,598.0,103.0,459.0,137.0,851.0,2922.5,3984.0,4000.5,4093.0,1322.0,677.0,484.0,852.0,591.0,1336.0,3151.0,3986.0,3988.0,4063.0,1459.0,805.0,713.0,1174.0,1010.0,1985.0,3231.0,3638.0,3778.0,3850.0,1817.0,1044.0,643.0,1156.0,1010.0,1999.0,3038.0,3431.0,3601.0,3719.0,2110.0,1286.0,600.0,1156.0,1155.0,2079.0,3038.0,3381.0,3497.0,3656.0,4530.0,3082.0,1174.5,1660.5,2257.0,2778.0,3151.5,3439.5,3713.0,3894.5,4128.0,3047.0,1054.0,1408.0,2032.5,2439.5,2676.0,2972.5,3244.5,3324.5,3812.0,2799.0,992.0,1354.0,1883.0,2167.0,2429.0,2628.0,2927.0,2986.0,3289.5,2415.5,771.5,1080.5,1508.5,1830.0,2085.0,2295.0,2419.0,2590.5,3335.0,2698.0,703.0,972.0,1325.0,1508.0,1620.0,1718.0,1958.0,1997.0,3350.5,2654.5,670.0,914.5,1214.5,1529.0,1796.0,1980.0,2085.5,2280.5,4751.0,4127.0,2429.5,2602.5,2851.0,3214.0,3472.5,3580.0,3737.5,3822.5,3007.5,2465.0,717.0,823.5,984.5,1240.0,1500.0,1661.0,1780.0,1875.5,2903.5,2376.0,685.5,808.5,960.0,1224.5,1495.5,1641.5,1750.5,1856.0,2321.5,1709.5,414.0,596.5,763.5,1041.0,1247.5,1419.5,1583.0,1609.5,0.0,0.0,0.0,0.0,0.0,0.0,0.0,0.0,0.0,0.0,3828.0,3004.0,917.0,1209.0,1719.0,1964.0,1982.0,2151.0,2337.0,2483.0,3031.0,2533.0,995.0,1216.0,1719.0,1983.0,1982.0,2185.0,2337.0,2483.0,3619.0,2896.0,988.0,1282.0,1743.0,1970.0,2045.0,2192.0,2415.0,2498.0,1970.0,1614.5,541.5,630.0,827.5,929.5,988.5,1072.0,1200.5,1227.0,1414.0,1200.0,413.0,552.0,756.0,834.0,878.0,951.0,1051.0,1057.0,1928.0,1727.5,576.5,751.5,1031.5,1127.0,1191.0,1270.0,1377.0,1397.5,1959.5,1793.5,572.5,758.5,1039.0,1138.5,1209.0,1289.5,1375.0,1388.5,"{""type"":""MultiPoint"",""coordinates"":[]}"
990_0,3,1974.0,1684.0,537.5,713.5,953.5,1081.5,1129.0,1193.0,1283.5,1302.0,2576.5,2219.5,966.0,1289.5,1595.0,1726.5,1759.0,1835.5,1944.0,1943.0,2606.0,2255.0,901.5,1183.5,1512.5,1640.0,1641.0,1711.0,1835.5,1835.5,2557.0,2230.0,896.0,1166.0,1465.0,1595.5,1601.0,1686.5,1768.5,1791.5,315.0,216.0,715.0,963.5,1069.0,1228.0,1086.0,1161.0,1189.5,1044.0,279.5,220.0,627.0,944.0,1062.5,1255.0,1163.5,1225.5,1202.5,1117.5,905.0,616.5,640.5,943.5,908.0,1400.5,1791.5,1883.5,1797.0,1816.0,1344.0,792.0,636.5,943.5,869.0,1400.5,2280.0,2438.0,2341.0,2438.5,1573.0,845.0,388.0,751.5,467.5,1223.5,2940.0,3434.0,3358.0,3307.5,1640.5,876.0,323.0,709.0,430.0,1229.5,3063.0,3662.5,3741.0,3763.5,1539.0,802.0,287.5,683.5,386.5,1222.5,3121.0,3788.0,3887.5,3942.5,2253.5,1934.5,609.5,821.0,1080.0,1234.0,1241.5,1300.5,1415.0,1516.0,1503.5,757.0,234.0,621.0,335.5,1170.5,3107.5,3831.5,3946.0,4001.5,1413.0,700.0,192.0,568.0,293.0,1112.5,3097.0,3785.5,3889.5,4025.0,1439.5,705.0,271.5,627.5,316.0,1122.5,3125.5,3758.0,3893.0,4011.0,1781.0,923.5,461.0,994.0,535.5,1637.0,3433.5,3884.5,4077.5,4145.5,1799.5,958.0,465.0,1077.0,633.5,1731.5,3245.5,3640.5,3945.0,3902.5,1894.0,1079.0,510.0,1127.0,917.0,1988.0,2943.0,3233.0,3487.0,3542.0,2245.0,1297.5,848.5,1392.5,1519.0,2332.0,2945.0,3208.5,3522.0,3566.0,2586.0,1592.0,886.5,1423.0,1679.5,2388.0,2919.0,3205.0,3560.5,3612.0,3870.5,2575.5,1136.0,1571.0,2118.0,2668.5,2961.5,3218.5,3649.5,3716.5,3370.0,2316.5,939.0,1332.5,2029.0,2368.0,2496.0,2750.5,2942.5,3085.5,2073.5,1809.0,527.0,729.5,984.0,1125.0,1179.5,1252.0,1355.5,1380.0,2479.0,1888.0,786.5,1084.5,1513.0,1715.0,1774.5,1890.5,2108.5,2102.5,2737.5,2137.5,1014.0,1255.0,1650.0,1836.5,1914.0,2001.5,2209.5,2212.5,2449.0,1972.0,689.5,902.0,1247.5,1387.0,1439.5,1549.0,1706.5,1725.5,2643.5,2013.5,774.0,959.5,1318.0,1470.5,1544.0,1662.5,1767.5,1865.0,2193.5,1514.5,575.0,719.5,1028.0,1165.5,1232.0,1302.5,1494.5,1457.0,0.0,0.0,0.0,0.0,0.0,0.0,0.0,0.0,0.0,0.0,1738.0,1455.5,477.0,657.5,867.5,987.5,1037.5,1082.0,1180.0,1165.5,1973.0,1712.0,628.5,752.5,934.0,1073.5,1091.0,1159.0,1222.0,1238.5,2346.0,2077.5,749.5,972.5,1206.5,1334.0,1348.5,1454.0,1536.0,1573.0,2389.5,2048.5,766.5,939.5,1201.5,1318.0,1292.5,1410.0,1512.0,1503.5,2091.5,1796.0,646.0,785.5,1006.0,1131.0,1102.5,1229.5,1281.5,1303.5,1966.5,1705.5,644.5,811.5,1016.0,1099.0,1140.0,1201.5,1335.5,1302.0,2357.5,2068.0,810.0,1110.5,1384.5,1511.0,1541.0,1603.0,1733.5,1704.0,"{""type"":""MultiPoint"",""coordinates"":[]}"
991_0,3,1799.5,1497.0,584.0,731.5,973.0,1064.0,1110.5,1187.0,1290.0,1273.0,2442.0,2074.5,1077.5,1360.5,1615.5,1720.0,1758.5,1844.5,1946.0,1933.0,1534.5,1275.0,645.0,896.5,1090.0,1201.5,1161.5,1224.0,1266.5,1262.5,475.5,423.5,511.5,814.0,864.5,1153.0,797.0,919.0,826.5,790.5,470.5,461.0,631.0,914.5,966.5,1282.0,1110.5,1168.5,1109.5,1025.0,553.5,461.0,579.0,952.5,873.0,1282.0,1131.5,1191.0,1175.5,1039.5,997.5,784.0,431.5,787.0,592.5,1175.5,1571.0,1634.0,1633.5,1487.5,1354.0,865.0,429.5,808.5,525.5,1194.0,2193.0,2478.0,2439.5,2295.0,1603.0,908.5,330.5,668.5,405.5,1085.5,2714.0,3229.5,3316.5,3217.0,1639.0,908.5,250.0,583.5,388.5,1105.5,2636.5,3228.5,3473.0,3360.0,1615.5,899.5,233.0,474.5,359.5,947.0,2510.0,3352.5,3584.0,3593.5,2076.0,1776.0,630.5,852.5,1096.0,1204.0,1272.0,1338.0,1420.0,1412.0,1785.0,999.5,262.5,529.5,345.0,1064.5,2859.0,3784.5,3944.5,3942.0,1767.0,949.5,345.0,861.5,505.5,1462.5,3263.0,3968.0,4190.5,4160.0,1782.5,1086.0,472.0,959.0,737.5,1652.5,3193.5,3642.5,3824.0,3904.5,2067.0,1206.5,656.5,1189.5,1106.0,2081.5,3016.0,3486.5,3708.5,3756.0,2293.0,1421.0,730.5,1256.5,1317.0,2197.0,2933.0,3201.5,3657.5,3547.5,2598.0,1673.0,812.0,1319.0,1551.0,2277.0,2836.0,3039.0,3452.0,3431.0,3839.5,2662.5,1154.0,1590.0,2226.0,2548.5,2763.5,3048.0,3430.0,3472.0,3802.5,2709.5,1033.0,1445.0,2169.0,2446.0,2743.0,2952.0,3386.5,3485.0,2399.0,1821.0,738.0,1031.5,1433.0,1622.0,1719.0,1845.0,2003.0,1957.0,1997.0,1509.5,653.5,919.5,1300.0,1463.5,1452.0,1634.5,1701.5,1690.0,1992.0,1638.5,534.5,751.0,1032.5,1135.5,1157.0,1252.5,1401.0,1418.0,2282.5,1785.0,775.5,1045.0,1424.5,1618.5,1614.5,1768.5,1846.0,1861.0,2189.5,1728.0,869.5,1082.0,1379.5,1525.0,1596.0,1635.5,1805.5,1794.0,1910.0,1555.0,619.5,794.5,1037.0,1120.5,1218.5,1290.5,1425.5,1405.0,1520.5,1255.5,476.5,651.0,840.5,958.0,950.0,1025.0,1122.5,1115.0,815.0,534.0,286.5,413.0,548.0,614.0,635.5,679.5,726.5,721.5,0.0,0.0,0.0,0.0,0.0,0.0,0.0,0.0,0.0,0.0,1513.5,1170.0,449.0,615.0,813.0,908.0,980.0,1051.5,1127.0,1141.5,1836.0,1492.5,618.0,772.5,951.0,1089.0,1108.5,1174.5,1239.5,1270.5,2185.5,1768.0,781.5,1016.5,1239.0,1354.5,1402.5,1456.0,1586.0,1553.0,2085.0,1720.0,714.5,870.5,1116.0,1232.5,1170.0,1265.5,1386.0,1422.5,2216.5,1848.5,824.5,993.0,1205.5,1341.5,1325.5,1424.5,1521.5,1551.5,2111.5,1780.0,672.5,920.0,1148.0,1237.0,1291.0,1366.5,1455.0,1477.0,2278.5,1926.5,843.0,1122.0,1383.0,1494.0,1544.0,1619.0,1715.5,1710.5,"{""type"":""MultiPoint"",""coordinates"":[]}"
992_0,3,2026.0,1732.0,1057.5,1117.5,1198.5,1360.5,1523.5,1584.5,1716.5,1681.5,2670.0,2517.0,911.0,1187.0,1520.0,1654.0,1708.0,1811.0,1911.0,1920.0,2726.0,2672.0,921.0,1157.0,1494.0,1665.0,1698.0,1851.0,1908.0,1951.0,1501.0,1414.5,537.5,699.5,868.0,1016.5,962.0,1034.0,1056.5,1051.0,747.0,623.0,452.0,609.0,635.5,771.0,682.5,716.0,668.0,635.0,771.0,656.5,314.5,507.5,512.0,782.0,816.5,851.0,894.0,911.0,792.0,650.0,313.0,481.0,483.0,778.0,818.0,873.0,845.0,826.0,1094.0,836.0,246.0,456.0,448.0,765.0,1143.0,1299.0,1213.0,1308.0,1094.0,691.0,246.0,392.0,321.0,633.0,1394.0,1467.0,1504.0,1466.0,1502.0,846.0,87.0,271.0,143.0,510.5,2282.5,3593.5,3565.0,3539.5,1499.0,862.5,85.0,238.0,137.0,485.0,2327.5,4091.5,4211.5,4165.0,2766.0,2556.5,1461.0,1558.5,1689.0,1905.0,2172.5,2252.0,2336.0,2399.5,1497.5,855.0,85.5,256.5,118.0,456.5,2376.0,4367.5,4449.0,4562.0,1484.5,809.0,133.5,324.5,147.0,694.0,2700.0,4500.0,4692.5,4764.5,1488.0,825.0,505.0,795.0,561.0,1207.0,3049.0,4522.0,4552.0,4666.0,1688.0,992.0,644.0,994.0,750.0,1508.0,3126.0,3925.0,4181.0,4300.0,1688.0,970.0,532.0,934.0,750.0,1508.0,3013.0,3780.0,4035.0,4088.0,1987.0,1192.0,525.0,955.0,941.0,1713.0,2991.0,3614.0,3791.0,3979.0,4555.0,3217.0,1219.5,1680.5,2238.5,2840.5,3341.5,3607.5,3929.0,4074.5,4671.0,3421.0,1251.0,1728.0,2480.0,2876.0,3201.0,3401.0,3639.0,3659.0,4313.0,3208.0,1168.0,1699.0,2471.0,2805.0,3063.0,3311.0,3650.0,3664.0,3885.0,2829.5,1182.5,1608.5,2337.0,2697.5,2845.0,3103.5,3323.0,3440.5,1945.0,1554.0,543.0,761.0,941.0,1221.0,1634.0,1781.0,1935.0,1899.0,3850.5,3095.0,1001.5,1346.0,1823.0,2151.5,2328.5,2493.5,2642.5,2799.0,3002.5,2534.5,1011.5,1194.0,1470.0,1671.0,1837.0,1967.0,2144.0,2185.0,2886.0,2659.5,738.0,882.0,1037.0,1326.0,1625.5,1697.5,1871.0,1939.0,2696.0,2418.5,693.0,857.5,969.5,1267.0,1619.0,1729.5,1863.0,1921.0,1990.5,1536.0,401.5,657.5,709.5,1115.0,1786.5,1832.0,2131.0,2100.5,0.0,0.0,0.0,0.0,0.0,0.0,0.0,0.0,0.0,0.0,1791.0,1304.0,295.0,563.0,609.0,1136.0,1778.0,1850.0,1999.0,2008.0,2395.0,1952.0,1910.0,1757.5,1560.5,1981.0,2529.0,2668.5,3099.0,2679.0,2089.5,1546.0,468.5,815.5,823.5,1379.5,2165.5,2466.5,2497.5,2565.0,2052.5,1641.5,534.0,757.0,870.5,1249.5,1790.0,1848.0,2003.0,2105.0,2003.0,1819.0,519.0,741.0,920.0,1157.0,1239.0,1376.0,1490.0,1535.0,2110.0,1960.5,641.5,822.5,1048.5,1215.0,1296.5,1424.0,1537.5,1550.0,2625.5,2530.5,850.0,1104.0,1435.0,1557.0,1616.5,1750.0,1837.0,1835.0,"{""type"":""MultiPoint"",""coordinates"":[]}"
993_0,3,174.5,146.5,160.5,195.0,302.0,367.5,275.5,289.5,314.0,252.0,2272.0,1880.0,724.5,916.0,1151.0,1302.5,1364.0,1461.0,1583.0,1605.0,2321.5,1991.0,817.0,1018.0,1244.5,1391.5,1439.5,1549.0,1634.0,1662.5,2483.5,2184.5,1031.5,1279.0,1513.0,1637.0,1681.0,1768.5,1831.0,1856.0,2586.0,2333.0,1254.0,1499.0,1710.0,1861.0,1864.0,1950.0,2030.0,1998.0,1403.0,1343.0,1101.0,1337.0,1528.0,1629.0,1661.0,1729.0,1675.0,1770.0,287.0,232.0,631.0,921.0,932.0,1110.0,961.0,1044.0,955.0,883.0,429.0,326.0,706.0,991.0,957.0,1335.0,1243.0,1331.0,1164.0,1108.0,655.0,527.0,517.0,829.0,687.0,1178.0,1328.0,1441.0,1327.0,1200.0,980.5,607.0,283.5,569.0,355.5,941.0,2061.0,2441.0,2326.5,2289.0,1367.5,708.5,203.0,431.0,230.5,777.5,2582.0,3420.0,3382.0,3392.5,197.0,183.0,224.0,322.0,391.0,462.0,349.0,420.0,436.0,356.0,1362.0,661.0,212.0,435.0,223.0,712.0,2593.0,3591.0,3475.0,3583.0,1330.0,658.0,105.0,354.0,138.0,674.0,2757.0,3754.0,3748.0,3737.0,1394.0,668.0,148.0,445.0,212.0,792.0,2931.0,4120.0,4046.0,4222.0,1499.0,762.0,417.0,851.0,517.0,1452.0,3213.0,3895.0,3954.0,4021.0,1518.5,804.5,433.0,905.5,612.0,1581.5,2967.5,3388.5,3656.0,3626.0,1835.0,1078.5,474.0,945.0,942.0,1765.5,2673.5,3008.5,3291.5,3330.5,2276.5,1347.5,828.5,1351.0,1548.5,2137.5,2740.0,3025.0,3338.0,3369.5,2697.0,1764.5,913.5,1367.0,1734.0,2369.5,2860.0,3150.5,3417.0,3555.5,4327.5,2834.0,1258.5,1836.0,2610.0,3288.5,3560.5,3864.5,4200.5,4278.0,4728.0,3137.0,1454.0,2078.0,3020.0,3626.0,3791.0,4082.0,4273.0,4592.0,197.0,171.0,260.0,282.0,376.0,462.0,338.0,420.0,436.0,345.0,4560.0,3137.0,1240.0,1797.0,2572.0,3073.0,3253.0,3500.0,3589.0,3883.0,4247.0,3027.5,1161.5,1561.0,2203.0,2588.0,2775.5,2979.0,3195.0,3358.0,3620.0,2782.0,808.0,1032.5,1474.5,1702.0,1803.0,1979.5,2182.5,2192.0,416.0,296.0,377.0,499.0,708.0,766.0,742.0,791.0,929.0,836.0,149.0,130.0,102.0,147.0,223.0,262.0,216.0,228.0,278.0,185.0,192.0,158.0,137.0,246.0,300.0,313.0,289.0,301.0,319.0,299.0,113.0,120.0,103.0,175.0,263.0,356.0,240.0,270.0,294.0,206.0,395.0,266.0,195.0,236.0,404.0,562.0,528.0,607.0,659.0,722.0,2360.0,1666.0,604.0,881.0,1168.0,1623.0,1704.0,1787.0,1846.0,1991.0,1246.0,757.0,666.0,725.0,858.0,1120.0,1271.0,1294.0,1494.0,1684.0,3200.0,2344.0,994.0,1310.0,1684.0,1989.0,2137.0,2239.0,2499.0,2649.0,4400.0,3536.0,1485.0,1782.0,2253.0,2561.0,2674.0,2868.0,3175.0,3157.0,4293.5,3419.5,1443.0,1719.0,2131.5,2469.5,2583.0,2758.0,2947.5,3043.0,"{""type"":""MultiPoint"",""coordinates"":[]}"
994_0,3,3329.0,2604.5,1010.0,1169.0,1485.5,1676.0,1735.0,1874.0,2077.5,2190.0,2172.0,1961.0,628.0,873.0,1142.0,1254.0,1284.0,1375.0,1535.0,1507.0,2270.0,2144.0,727.0,914.0,1185.0,1333.0,1284.0,1409.0,1540.0,1561.0,2211.5,2087.5,761.0,984.5,1258.0,1364.0,1388.5,1493.0,1585.0,1602.5,689.0,581.0,844.0,938.0,991.0,1072.0,959.0,1021.0,1102.0,850.0,501.0,439.0,529.0,676.0,681.0,880.0,807.0,840.0,976.0,844.0,1044.0,714.0,364.0,721.0,431.0,996.0,1730.0,1821.0,1906.0,1777.0,2089.0,1261.0,360.0,721.0,433.0,1001.0,2188.0,2565.0,2803.0,2779.0,1509.0,881.0,226.0,487.0,320.0,737.0,2141.0,2626.0,2685.0,2602.0,985.0,549.0,115.0,293.0,161.5,500.0,1567.0,2064.5,2056.0,2013.5,1239.5,623.0,86.5,240.5,90.5,419.5,2049.5,3072.0,3179.0,3179.5,3371.5,2925.5,1191.0,1226.0,1393.0,1544.0,1582.0,1717.5,1925.0,1978.5,1314.0,623.0,78.5,235.5,70.0,375.0,2298.5,3780.0,3898.5,3974.0,1110.5,519.0,51.5,219.0,37.5,412.0,2367.5,3832.0,3931.0,3965.5,1200.0,564.0,450.0,718.0,488.0,1038.0,2831.0,3803.0,3959.0,4010.0,1329.0,696.0,568.0,928.0,710.0,1408.0,3083.0,3782.0,3932.0,4063.0,1323.0,732.0,513.0,900.0,710.0,1496.0,2832.0,3311.0,3530.0,3595.0,1631.0,942.0,453.0,915.0,975.0,1696.0,2659.0,2980.0,3243.0,3354.0,4193.0,2904.5,1156.5,1701.5,2309.0,2872.0,3166.5,3463.0,3830.0,3903.5,4631.5,3270.5,1308.5,1786.0,2520.0,3027.0,3281.5,3603.5,3911.0,4057.0,3731.0,2983.0,1102.0,1564.0,2166.0,2495.0,2737.0,2941.0,3274.0,3248.0,3868.5,2856.0,1095.0,1490.0,2114.5,2507.5,2640.0,2867.0,3040.5,3185.0,3496.5,2987.5,821.0,1028.5,1394.0,1592.5,1658.0,1778.0,1996.5,2063.0,3970.0,3174.0,1006.0,1326.5,1792.0,2070.5,2263.5,2400.5,2582.5,2760.5,5018.5,4503.0,2838.0,3010.5,3320.0,3608.0,3744.5,3832.0,4092.5,4058.5,3443.0,2876.0,899.0,1068.0,1330.0,1570.5,1741.0,1859.0,2003.0,2106.5,3465.0,2917.5,888.5,1068.5,1304.5,1563.0,1721.5,1852.5,1983.5,2070.5,2597.5,2021.0,564.5,768.5,1023.5,1281.0,1470.0,1591.5,1777.0,1844.5,0.0,0.0,0.0,0.0,0.0,0.0,0.0,0.0,0.0,0.0,3738.0,3058.0,923.0,1215.0,1689.0,1915.0,1976.0,2137.0,2302.0,2375.0,3896.0,3361.0,1279.0,1546.0,1998.0,2180.0,2429.0,2625.0,2748.0,2807.0,3565.0,2990.0,986.0,1259.0,1680.0,1946.0,1990.0,2147.0,2353.0,2409.0,1834.0,1592.0,526.0,637.5,879.0,989.0,925.5,1074.0,1172.5,1125.5,1873.0,1669.0,553.0,678.0,955.0,1044.0,922.0,1044.0,1184.0,1168.0,1930.0,1789.0,530.5,698.0,951.5,994.0,1046.5,1156.0,1255.5,1216.5,2011.5,1853.0,573.5,760.0,1004.5,1061.0,1132.5,1224.5,1336.5,1326.5,"{""type"":""MultiPoint"",""coordinates"":[]}"
995_0,3,1015.5,852.0,317.5,404.5,487.0,523.0,551.0,590.0,628.0,645.0,1882.5,1644.0,733.5,939.5,1084.5,1174.5,1196.0,1260.5,1336.5,1322.0,2044.0,1803.5,772.5,1005.0,1151.5,1250.0,1298.0,1354.0,1415.0,1415.0,2453.5,2169.5,1105.0,1377.0,1568.5,1695.0,1694.5,1777.0,1827.0,1835.5,2621.0,2344.0,1239.0,1487.0,1701.0,1811.0,1837.0,1935.0,2024.0,1984.0,2357.0,2146.0,964.0,1224.0,1431.0,1535.0,1553.0,1627.0,1659.0,1684.0,1454.0,1361.0,1003.0,1231.0,1231.0,1326.0,1293.0,1362.0,1379.0,1436.0,408.0,384.0,1003.0,1231.0,1231.0,1326.0,950.0,939.0,926.0,729.0,255.0,219.0,670.0,975.0,984.0,1156.0,866.0,939.0,870.0,755.0,263.5,215.0,623.5,982.0,991.0,1256.0,808.5,908.0,808.0,658.0,258.5,198.5,463.0,743.0,671.5,937.0,689.5,793.5,705.5,558.0,1226.0,1033.0,410.0,533.0,644.0,691.0,727.0,766.0,846.0,822.0,658.0,398.0,348.0,597.0,458.0,842.0,1392.0,1601.0,1553.0,1410.0,801.0,448.0,172.0,400.0,224.0,724.0,1652.0,2007.0,1991.0,1813.0,966.0,492.0,163.0,392.0,204.0,706.0,2062.0,2513.0,2556.0,2359.0,1212.0,623.0,338.0,599.0,337.0,947.0,2508.0,2982.0,3071.0,2891.0,1214.0,639.0,337.0,686.0,405.0,1144.0,2475.0,2810.0,3060.0,2829.0,1256.0,736.0,400.0,848.0,642.5,1495.0,2365.5,2655.0,2736.0,2639.0,2068.0,1343.0,838.0,1247.0,1400.0,2015.0,2606.0,2837.0,3061.0,3150.0,2553.0,1728.5,766.5,1189.0,1566.5,2093.5,2516.0,2789.0,3085.5,3122.0,2732.0,1872.0,759.5,1239.0,1741.0,2223.0,2574.5,2796.5,3173.0,3189.0,3092.0,2223.0,931.0,1340.0,1971.0,2397.0,2517.0,2697.0,2947.0,3046.0,1302.0,1031.0,500.0,605.0,713.0,732.0,761.0,806.0,875.0,873.0,3633.0,2683.0,1045.0,1476.0,1993.0,2401.0,2501.0,2710.0,2819.0,2973.0,3235.5,2483.5,1056.0,1374.5,1819.0,2123.0,2230.5,2407.0,2561.5,2685.0,3090.0,2479.5,870.0,1117.0,1466.5,1705.5,1801.5,1937.0,2112.5,2174.5,3186.0,2611.0,932.0,1158.0,1487.0,1731.0,1817.0,1961.0,2119.0,2230.0,2486.0,1597.0,745.0,949.0,1288.0,1516.0,1598.0,1695.0,1928.0,1945.0,942.0,811.0,812.0,750.0,794.0,865.0,946.0,1024.0,1054.0,1100.0,1957.0,1701.0,677.0,912.0,1095.0,1184.0,1216.0,1269.0,1354.0,1320.0,1930.0,1686.0,751.0,903.0,1037.0,1118.0,1173.0,1211.0,1286.0,1266.0,2192.0,1946.0,812.0,1087.0,1265.0,1364.0,1420.0,1505.0,1553.0,1570.0,1624.0,1350.0,531.0,591.0,730.0,791.0,823.0,852.0,933.0,943.0,1624.0,1350.0,459.0,591.0,730.0,791.0,823.0,852.0,933.0,943.0,1684.0,1468.0,617.0,775.0,910.0,989.0,1015.0,1100.0,1138.0,1153.0,1741.0,1532.0,666.5,826.5,952.5,1019.5,1050.5,1124.0,1189.5,1173.5,"{""type"":""MultiPoint"",""coordinates"":[]}"
996_0,3,1656.0,1373.0,584.0,739.0,934.5,1004.0,1041.0,1119.5,1215.0,1212.0,2370.5,2018.5,1052.5,1344.0,1593.5,1674.5,1712.5,1777.5,1884.5,1864.0,2274.5,1921.0,975.5,1253.5,1506.5,1638.0,1664.5,1730.0,1759.0,1774.5,876.5,796.5,771.5,1041.0,1160.0,1407.5,1316.0,1285.5,1209.5,1192.5,570.5,396.0,579.0,839.0,876.5,1131.5,876.0,1002.0,798.5,829.5,736.5,613.0,549.0,912.0,838.5,1297.0,1164.5,1183.5,1133.5,1048.0,901.0,678.0,495.0,847.0,671.5,1282.0,1520.0,1548.0,1500.0,1497.5,1206.0,819.0,476.5,815.0,588.5,1255.0,1774.5,2059.5,1997.0,1921.5,1425.5,885.5,378.5,776.0,520.5,1273.5,2275.0,2592.5,2778.0,2798.5,1533.5,876.5,354.5,699.0,523.5,1264.0,2214.5,2590.5,2762.0,2687.0,1588.0,952.0,269.0,564.5,435.0,1024.0,2323.0,2942.0,3139.5,2960.5,1940.5,1598.5,650.0,884.5,1123.5,1228.0,1243.0,1289.0,1406.5,1414.0,1763.5,992.5,315.0,648.5,480.5,1168.0,2780.5,3447.5,3788.0,3750.0,1781.0,993.5,360.0,887.0,561.5,1545.0,3109.0,3759.5,3999.0,3932.0,1841.5,1026.0,466.5,964.0,714.0,1667.5,3039.5,3589.0,3810.0,3732.0,2035.0,1215.5,642.5,1130.5,1083.5,1946.5,2867.5,3297.5,3603.5,3651.0,2172.0,1329.0,656.0,1117.0,1192.0,1914.0,2661.0,2946.0,3281.5,3286.0,2497.0,1582.0,719.0,1125.0,1421.0,1987.0,2516.0,2765.0,3101.0,3188.0,3866.5,2687.0,1124.0,1563.5,2176.5,2553.5,2835.5,3118.0,3513.0,3575.0,4027.5,2732.0,1146.5,1564.0,2255.0,2746.5,2881.0,3196.0,3670.0,3720.5,3462.5,2495.5,1140.0,1560.5,2175.5,2459.0,2580.5,2877.5,3301.0,3212.5,1873.5,1425.0,625.0,878.0,1217.5,1318.0,1393.0,1437.0,1557.0,1640.0,1771.5,1503.0,547.5,777.0,1011.0,1084.5,1141.5,1197.0,1319.0,1254.0,2170.0,1691.0,761.0,1033.5,1369.5,1511.0,1546.0,1595.5,1732.0,1769.0,2115.5,1614.5,865.0,1093.5,1361.0,1523.0,1468.5,1587.5,1699.0,1696.0,1918.0,1511.0,667.5,830.5,1069.0,1189.0,1199.5,1318.0,1390.0,1380.5,1752.5,1448.0,561.0,698.5,910.0,1074.0,1057.5,1121.5,1192.5,1213.5,1026.0,823.0,348.0,427.5,580.0,612.0,644.5,692.5,740.0,714.0,0.0,0.0,0.0,0.0,0.0,0.0,0.0,0.0,0.0,0.0,1519.0,1161.5,452.0,628.5,794.0,889.0,981.0,1031.0,1079.0,1118.0,1824.0,1488.0,665.5,812.0,970.0,1068.0,1116.0,1165.0,1253.0,1235.0,2044.5,1687.5,820.5,1044.5,1231.0,1336.0,1359.0,1417.5,1529.5,1513.5,1922.5,1584.5,660.5,806.5,1003.5,1093.5,1041.0,1131.5,1226.0,1183.0,1922.5,1584.5,660.5,806.5,1003.5,1093.5,1041.0,1131.5,1226.0,1183.0,1873.5,1554.5,629.0,804.5,1015.5,1092.5,1113.0,1186.0,1281.0,1270.0,2194.0,1923.5,809.0,1072.5,1294.0,1377.5,1418.5,1465.0,1569.5,1579.5,"{""type"":""MultiPoint"",""coordinates"":[]}"
997_0,3,2172.5,1738.0,632.5,773.0,1053.5,1209.5,1241.5,1335.5,1495.0,1505.0,2315.5,1941.0,747.5,926.0,1159.0,1344.5,1470.0,1552.5,1650.5,1691.5,2245.5,1955.0,760.5,979.5,1259.0,1372.0,1414.0,1484.5,1561.5,1587.0,2470.0,2163.0,900.5,1149.0,1451.5,1590.0,1627.5,1711.5,1806.0,1805.5,1270.0,1187.0,901.0,1114.0,1230.0,1335.0,1383.0,1441.0,1554.0,1552.0,452.0,439.0,924.0,1114.0,1070.0,1270.0,969.0,998.0,968.0,886.0,369.0,294.0,554.0,674.0,729.0,891.0,824.0,940.0,918.0,868.0,433.0,363.0,448.0,683.0,668.0,929.0,943.0,1059.0,992.0,950.0,876.0,528.0,375.0,595.0,475.0,856.0,1656.0,1816.0,1690.0,1754.0,1738.5,864.5,188.5,501.0,172.5,826.5,3225.0,4131.0,4106.5,4088.5,1745.0,824.0,53.0,311.0,42.5,622.0,3305.0,4814.5,4931.5,4961.5,2365.0,1936.0,677.0,832.0,1116.0,1277.0,1335.0,1421.0,1512.0,1595.0,1709.0,815.0,96.0,326.0,77.0,657.0,3326.0,4890.0,5037.0,5116.0,1692.0,794.0,33.0,371.0,71.0,815.0,3485.0,5065.0,5225.0,5300.0,1736.0,820.0,190.0,578.0,285.0,1114.0,3646.0,5134.0,5255.0,5527.0,1835.0,890.0,405.0,842.0,538.0,1604.0,3903.0,4878.0,5217.0,5234.0,1885.5,1001.5,429.5,938.5,650.0,1730.5,3679.5,4433.5,4916.5,4867.5,2084.0,1186.5,499.0,1042.5,965.0,2008.0,3476.5,3986.5,4397.0,4437.5,2519.0,1477.5,839.0,1325.5,1430.5,2406.5,3512.0,3980.5,4447.5,4473.5,2940.0,1884.0,942.5,1514.5,1861.0,2748.5,3459.0,3920.0,4445.0,4452.5,4170.0,2885.0,1197.0,1684.0,2443.0,2918.0,3268.0,3553.0,4051.0,4122.0,4081.0,2808.5,1282.0,1763.5,2624.5,3096.0,3214.0,3587.5,3811.5,3950.0,2375.5,1946.5,643.0,829.5,1122.0,1244.5,1313.5,1402.0,1575.5,1590.0,3778.5,2688.5,1062.5,1474.5,2114.5,2458.5,2596.0,2851.5,3166.5,3227.5,3606.0,2589.0,1113.5,1475.5,2054.0,2304.0,2497.0,2686.0,3029.0,3065.0,3207.0,2402.0,826.0,1058.5,1425.5,1638.5,1742.5,1958.0,2139.0,2137.0,3161.5,2486.0,833.0,1014.0,1378.0,1602.0,1683.5,1868.5,2021.5,2118.0,1764.0,1297.0,495.0,609.0,873.0,990.0,1010.0,1084.0,1247.0,1237.0,0.0,0.0,0.0,0.0,0.0,0.0,0.0,0.0,0.0,0.0,1641.0,1281.0,479.0,599.0,784.0,898.0,971.0,1014.0,1152.0,1122.0,1909.0,1540.0,562.0,656.0,828.0,978.0,1012.0,1113.0,1175.0,1240.0,2405.0,1998.0,697.0,879.0,1121.0,1260.0,1371.0,1443.0,1584.0,1611.0,2603.0,2187.0,912.0,1072.0,1316.0,1484.0,1578.0,1672.0,1858.0,1797.0,2089.0,1711.0,587.0,704.0,914.5,1047.0,1091.0,1182.0,1300.0,1331.0,2414.5,2055.0,783.0,914.5,1114.0,1272.5,1414.0,1563.5,1676.5,1690.0,2399.5,1972.0,788.0,949.0,1129.0,1297.5,1523.5,1638.0,1790.5,1808.5,"{""type"":""MultiPoint"",""coordinates"":[]}"
998_0,3,1621.5,1329.5,535.5,657.0,872.0,958.5,1000.0,1067.0,1149.0,1155.5,2237.0,1938.5,872.5,1133.5,1376.0,1471.0,1505.0,1572.5,1675.5,1644.5,2272.0,1990.0,875.0,1150.0,1355.0,1475.0,1509.0,1573.0,1650.0,1653.5,2345.0,2100.0,937.5,1195.5,1411.0,1537.5,1568.5,1640.0,1708.0,1713.0,352.0,306.0,641.0,1005.0,977.0,1307.0,985.0,1069.0,841.0,800.0,368.0,306.0,1052.0,1357.0,1381.0,1474.0,1187.0,1263.0,1187.0,1160.0,389.0,293.0,678.0,1019.0,934.0,1358.0,1187.0,1263.0,1187.0,1160.0,681.0,462.0,534.0,856.0,676.0,1371.0,1619.0,1766.0,1660.0,1506.0,854.0,518.0,461.0,768.0,585.0,1212.0,1776.0,2107.0,1925.0,1798.0,1012.5,588.5,294.0,579.0,367.0,939.0,2134.5,2506.0,2431.5,2257.0,1331.5,728.5,197.5,508.0,264.0,866.5,2609.0,3377.0,3322.5,3254.5,1813.0,1519.0,631.0,795.0,1003.0,1088.0,1130.0,1199.0,1266.0,1282.0,1366.0,658.0,211.0,460.0,238.0,769.0,2555.0,3467.0,3384.0,3396.0,1261.0,584.0,85.0,339.0,138.0,654.0,2590.0,3595.0,3741.0,3682.0,1241.0,571.0,100.0,340.0,115.0,625.0,2847.0,3960.0,4082.0,4119.0,1592.0,775.0,368.0,757.0,378.0,1175.0,3585.0,4517.0,4699.0,4699.0,1693.5,852.5,399.0,903.5,434.5,1422.5,3666.0,4462.5,4763.5,4695.5,1721.0,921.0,415.0,976.5,535.5,1695.0,3527.5,4076.5,4219.5,4199.5,2047.0,1117.0,785.0,1415.0,1147.0,2312.0,3474.0,3832.0,4134.0,4158.0,2440.0,1476.5,830.0,1430.0,1487.0,2456.0,3463.5,3804.0,4161.5,4195.5,3545.5,2480.5,1050.0,1462.5,2004.0,2434.0,2740.0,2981.0,3287.5,3287.5,3381.0,2340.0,1125.0,1582.0,2088.0,2398.0,2582.0,2736.0,2972.0,3009.0,1694.0,1419.0,418.0,631.0,862.0,987.0,1002.0,1079.0,1178.0,1188.0,3308.0,2386.0,889.0,1258.0,1780.0,2172.0,2261.0,2464.0,2488.0,2732.0,3148.5,2331.5,958.0,1198.5,1611.5,1890.0,2000.0,2176.0,2338.0,2417.0,2863.0,2226.5,679.0,902.5,1217.0,1437.5,1527.0,1653.0,1796.0,1901.0,2983.0,2399.0,773.0,923.0,1234.0,1457.0,1546.0,1640.0,1783.0,1898.0,2340.0,1523.0,590.0,770.0,1024.0,1197.0,1291.0,1411.0,1598.0,1589.0,0.0,0.0,0.0,0.0,0.0,0.0,0.0,0.0,0.0,0.0,1595.0,1220.0,487.0,668.0,856.0,959.0,1008.0,1073.0,1164.0,1146.0,1862.0,1559.0,651.0,806.0,987.0,1095.0,1161.0,1198.0,1267.0,1271.0,2318.0,1983.0,821.0,1056.0,1301.0,1433.0,1483.0,1566.0,1649.0,1655.0,2488.0,2120.0,1004.0,1214.0,1436.0,1573.0,1608.0,1684.0,1848.0,1821.0,1847.0,1549.0,567.0,724.0,935.0,1017.0,1049.0,1100.0,1199.0,1239.0,2028.0,1721.0,753.0,874.0,1080.0,1166.0,1203.0,1284.0,1372.0,1357.0,2042.5,1752.5,770.5,964.0,1162.5,1260.5,1298.0,1382.5,1473.0,1462.5,"{""type"":""MultiPoint"",""coordinates"":[]}"
999_0,3,54.0,59.5,176.5,233.5,328.0,396.5,212.0,228.0,224.0,125.5,1902.0,1589.0,714.0,929.5,1102.0,1180.0,1231.0,1279.5,1382.0,1389.0,2005.0,1706.0,765.0,973.0,1148.0,1259.0,1283.5,1345.0,1416.0,1420.5,2190.5,1905.0,949.0,1176.5,1358.0,1472.5,1480.5,1549.5,1610.0,1622.5,2257.0,2010.0,1090.0,1340.0,1522.0,1616.0,1621.0,1690.0,1779.0,1745.0,1611.0,1604.0,1261.0,1481.0,1661.0,1795.0,1826.0,1833.0,1876.0,1888.0,212.0,171.0,653.0,981.0,915.0,1096.0,782.0,876.0,764.0,627.0,321.0,267.0,755.0,1053.0,1043.0,1360.0,1193.0,1246.0,1037.0,953.0,263.0,240.0,588.0,875.0,826.0,1205.0,986.0,1120.0,1037.0,833.0,323.0,233.0,249.0,559.5,452.0,926.0,1090.0,1205.0,1149.5,986.0,409.5,280.5,194.0,372.5,234.5,697.5,1130.0,1326.5,1212.0,1057.5,205.0,194.5,440.0,563.5,601.0,677.0,468.0,479.0,464.0,376.5,862.0,472.0,185.0,357.5,207.5,663.5,1698.5,2225.5,2058.0,1876.5,991.0,502.0,84.0,276.0,74.0,587.0,2069.0,2755.0,2677.0,2539.0,1136.0,531.0,127.0,388.0,173.0,736.0,2561.0,3281.0,3277.0,3267.0,1339.0,676.0,366.0,724.0,418.0,1198.0,3022.0,3597.0,3702.0,3658.0,1352.0,720.0,385.0,848.0,612.0,1513.0,2864.0,3363.0,3601.0,3506.0,1827.5,1091.0,489.0,985.5,981.5,1850.0,2652.5,2965.5,3199.0,3299.5,2338.0,1519.0,1110.0,1504.0,1493.0,2181.0,2712.0,2979.0,3201.0,3352.0,3475.5,2504.5,1072.0,1502.5,2075.0,2496.0,2702.5,2930.0,3206.0,3309.0,3512.0,2471.0,1031.0,1427.5,2074.0,2447.0,2630.0,2876.0,3188.5,3263.5,3415.0,2469.0,935.0,1335.0,1950.0,2263.0,2457.0,2596.0,2822.0,3045.0,87.0,77.0,311.0,395.0,440.0,484.0,336.0,383.0,380.0,259.0,3378.0,2479.0,907.0,1278.0,1773.0,2136.0,2214.0,2358.0,2472.0,2635.0,3246.5,2486.0,881.5,1157.0,1592.5,1849.5,1956.5,2142.5,2315.0,2396.5,2998.5,2387.0,800.0,1084.5,1477.0,1679.0,1790.5,1875.5,2187.0,2180.0,226.0,199.0,302.0,426.0,527.0,587.0,399.0,396.0,384.0,313.0,50.0,53.0,77.0,134.0,197.0,226.0,88.0,101.0,105.0,49.0,0.0,0.0,0.0,0.0,0.0,0.0,0.0,0.0,0.0,0.0,59.0,62.0,213.0,291.0,379.0,433.0,231.0,272.0,244.0,158.0,59.0,63.0,247.0,291.0,366.0,425.0,276.0,331.0,298.0,213.0,886.0,552.0,481.0,657.0,819.0,1013.0,1105.0,1152.0,1299.0,1320.0,812.0,420.0,473.0,658.0,851.0,1056.0,1066.0,1188.0,1296.0,1322.0,2700.0,2015.0,997.0,1302.0,1611.0,1869.0,1903.0,2007.0,2218.0,2191.0,3935.0,3216.0,1501.0,1852.0,2230.0,2510.0,2542.0,2692.0,2864.0,2911.0,4012.0,3293.0,1589.0,1914.0,2289.0,2480.0,2564.0,2697.0,2929.0,2918.5,"{""type"":""MultiPoint"",""coordinates"":[]}"
1000_0,3,1827.0,1505.5,527.5,662.0,903.5,1014.5,1038.0,1145.0,1236.0,1264.0,2357.0,2023.5,900.5,1193.0,1464.0,1581.0,1631.0,1713.0,1806.5,1790.5,2392.5,2033.0,853.5,1107.0,1387.5,1500.0,1548.5,1620.0,1712.0,1740.5,2304.5,2014.5,816.5,1068.0,1329.0,1448.5,1485.0,1563.5,1638.5,1679.5,239.0,188.0,523.5,746.5,765.5,960.0,846.5,912.5,902.5,813.0,329.5,214.5,698.5,914.0,946.5,1144.5,1066.0,1141.5,1166.0,1121.5,614.0,411.5,578.5,819.0,754.5,1156.5,1469.5,1566.5,1470.0,1429.5,1095.0,708.5,417.0,727.5,449.5,1083.0,2097.0,2337.5,2316.0,2219.5,1343.5,663.5,182.5,529.0,187.0,878.0,3489.0,4334.5,4456.5,4386.5,1732.5,957.0,249.0,635.5,555.5,1342.5,3089.5,3804.0,4119.0,4319.5,2036.5,1146.0,340.0,733.0,645.5,1411.5,2965.5,3615.5,4002.5,4200.5,2143.5,1792.0,586.0,793.5,1065.5,1214.5,1245.0,1347.0,1415.5,1487.5,2067.0,1164.0,329.0,735.0,532.0,1351.5,2883.0,3512.0,3788.0,3939.0,1816.5,971.5,281.0,678.0,435.5,1198.0,2886.0,3508.0,3781.5,3921.0,1714.0,905.0,268.5,642.0,399.0,1090.0,2749.5,3277.5,3437.5,3616.5,1885.5,998.5,474.5,928.5,544.0,1536.0,3222.5,3688.0,3886.5,3945.0,1895.0,1011.0,467.0,1012.0,650.5,1735.5,3114.5,3524.5,3842.0,3851.5,2041.0,1163.0,494.0,1125.0,888.0,2014.0,3027.0,3274.0,3576.0,3639.0,2350.5,1340.5,753.0,1361.0,1280.5,2331.0,3088.5,3415.5,3714.5,3841.5,2620.0,1609.5,751.5,1332.5,1453.0,2455.5,3011.0,3324.0,3792.5,3840.5,3932.5,2610.5,1038.0,1509.0,2014.5,2581.5,2872.0,3168.0,3580.5,3738.5,2252.5,1690.0,717.0,994.5,1386.0,1585.0,1644.0,1791.5,1905.5,1995.0,1983.0,1614.0,482.5,709.0,979.5,1084.0,1146.0,1251.0,1359.5,1380.0,2488.0,1928.5,822.0,1107.0,1513.5,1714.0,1778.5,1897.5,2028.5,2080.5,2505.0,1972.0,897.0,1129.0,1449.5,1616.0,1709.5,1805.0,1956.5,2014.0,2284.5,1859.5,697.5,908.0,1176.5,1349.0,1423.5,1519.5,1685.0,1690.5,2290.0,1852.0,725.5,892.0,1162.0,1344.5,1399.5,1499.5,1615.5,1654.0,2026.0,1557.5,562.0,722.5,948.0,1095.5,1165.5,1276.5,1401.0,1409.5,0.0,0.0,0.0,0.0,0.0,0.0,0.0,0.0,0.0,0.0,1646.5,1222.0,435.0,617.5,821.0,963.0,994.5,1086.5,1201.0,1209.0,1865.5,1557.5,598.0,745.0,894.0,1028.0,1107.5,1197.0,1262.5,1281.0,2363.5,1943.0,741.0,981.0,1206.0,1374.5,1466.5,1545.5,1662.5,1686.5,2304.5,1909.0,729.5,939.0,1172.5,1326.0,1407.0,1469.0,1619.5,1631.5,2150.5,1756.5,722.5,852.0,1059.5,1173.0,1252.5,1327.5,1479.5,1478.5,2069.5,1732.0,604.5,798.5,1038.5,1153.5,1203.0,1284.0,1389.0,1405.5,2147.0,1856.5,737.5,961.0,1223.0,1355.5,1394.0,1463.0,1566.5,1576.5,"{""type"":""MultiPoint"",""coordinates"":[]}"
1001_0,3,1854.5,1566.0,552.5,725.0,953.0,1063.5,1102.0,1185.0,1266.0,1287.5,2429.5,2078.0,1006.5,1290.0,1565.5,1673.5,1686.0,1773.0,1887.5,1869.5,2192.0,1867.5,831.0,1081.5,1353.0,1500.5,1478.5,1560.5,1649.5,1653.5,496.5,467.5,625.5,878.0,941.0,1187.5,956.0,1022.5,932.0,873.0,430.0,412.0,742.0,984.5,1084.5,1269.0,1052.5,1078.5,982.5,906.0,342.5,258.0,454.5,754.5,734.5,999.0,851.0,922.5,873.5,754.0,712.5,469.5,386.5,709.5,564.5,1011.0,1221.5,1394.5,1237.0,1164.0,1035.0,697.5,444.0,762.5,521.0,1038.0,1819.0,2067.5,2145.5,1877.0,1572.0,839.5,303.0,634.5,369.0,1041.0,2726.5,3432.5,3395.0,3411.0,1585.0,806.0,239.0,559.0,304.5,942.5,2780.0,3623.0,3678.0,3738.0,1534.0,751.5,156.0,362.0,198.0,669.5,2709.5,3827.0,3994.5,3991.0,2192.0,1875.0,646.5,852.5,1139.5,1254.5,1294.0,1375.0,1436.0,1509.0,1612.0,786.0,175.5,413.0,209.0,749.0,3003.0,4319.5,4469.5,4525.5,1625.5,776.5,250.0,741.5,366.0,1332.0,3595.0,4523.5,4678.5,4750.0,1701.0,866.0,423.5,906.5,619.0,1588.5,3541.5,4292.5,4362.5,4545.0,1973.0,1059.0,649.5,1159.5,1017.0,2082.5,3446.0,3912.5,4166.5,4261.0,2318.5,1354.5,733.0,1317.5,1325.5,2308.0,3292.0,3697.5,4121.0,4082.5,2804.0,1786.0,882.0,1403.0,1806.0,2471.0,3270.0,3613.0,3909.0,4038.0,4266.0,2970.5,1218.5,1656.0,2358.0,2826.5,3034.0,3300.5,3618.0,3775.0,4126.0,2975.5,1123.0,1527.0,2272.5,2695.0,2931.5,3188.5,3490.5,3665.0,2799.5,2178.5,1115.5,1518.0,2103.0,2165.0,2169.0,2171.0,3106.5,2321.0,2430.5,1845.5,792.0,1070.0,1495.0,1744.5,1793.0,1914.0,1930.0,2067.5,2060.0,1735.5,546.0,771.0,1038.0,1154.5,1195.5,1308.5,1420.5,1428.5,2423.0,1912.5,785.0,1054.5,1465.5,1724.5,1774.5,1879.0,1947.0,2028.5,2331.5,1839.5,878.5,1100.5,1444.0,1646.5,1696.0,1798.5,1887.5,1959.0,2045.0,1669.0,639.5,814.0,1106.0,1267.5,1315.5,1387.0,1529.0,1525.5,1810.0,1481.0,526.5,745.0,1016.5,1154.5,1205.5,1286.0,1309.5,1387.0,878.0,597.0,310.0,428.5,562.0,663.5,685.5,703.5,789.5,802.0,0.0,0.0,0.0,0.0,0.0,0.0,0.0,0.0,0.0,0.0,1357.5,967.0,380.0,537.0,717.0,823.5,857.0,941.0,1053.0,1049.0,1825.0,1462.5,609.5,760.0,919.5,1060.5,1110.5,1203.5,1256.5,1299.0,2227.0,1809.5,777.0,1014.5,1238.0,1365.0,1406.0,1482.0,1614.0,1562.5,2085.0,1746.0,672.0,834.0,1088.5,1164.5,1147.5,1239.0,1358.0,1375.5,2085.0,1746.0,672.0,834.0,1088.5,1164.5,1147.5,1239.0,1358.0,1375.5,2046.5,1751.0,675.5,867.5,1098.5,1194.0,1213.0,1267.5,1390.0,1380.0,2243.5,1910.0,796.0,1027.5,1277.5,1400.0,1445.0,1516.5,1629.0,1619.5,"{""type"":""MultiPoint"",""coordinates"":[]}"
1002_0,3,2053.0,1844.5,1043.5,1075.5,1182.0,1347.0,1389.5,1491.0,1547.0,1575.5,2684.0,2508.0,827.0,1119.0,1474.0,1620.0,1621.0,1739.0,1877.0,1914.0,2544.0,2446.0,766.0,994.0,1302.0,1466.0,1496.0,1545.0,1702.0,1714.0,766.5,721.0,510.0,697.0,805.5,982.5,934.0,960.0,1015.5,954.5,267.5,225.0,300.5,486.0,455.5,609.5,511.0,565.0,566.0,422.5,477.0,367.5,298.5,522.0,454.5,706.0,799.5,824.0,868.5,770.0,600.0,486.0,249.0,491.0,307.0,685.0,857.0,952.0,1002.0,884.0,1202.0,778.0,249.0,501.0,307.0,752.0,1656.0,1921.0,2027.0,1931.0,1223.0,632.0,78.0,222.0,85.0,384.0,2051.0,2929.0,2934.0,2880.0,1350.5,614.5,35.0,197.5,3.5,320.0,2535.0,4268.0,4204.5,4323.5,1351.0,608.0,33.5,222.0,14.0,336.0,2706.0,4681.5,4732.5,4810.0,3122.5,2837.0,1711.5,1840.0,2060.0,2273.0,2305.0,2345.0,2398.5,2483.5,1399.5,619.5,47.0,232.0,17.5,391.0,2907.0,4911.5,4968.5,5198.5,1431.5,645.0,185.0,678.5,251.0,1103.5,3521.5,4781.5,4964.5,5120.5,1552.0,744.0,527.0,931.0,665.0,1431.0,3592.0,4512.0,4489.0,4791.0,1698.0,926.0,730.0,1153.0,1053.0,1847.0,3223.0,3784.0,3993.0,4133.0,1793.0,1031.0,629.0,1135.0,1053.0,1871.0,3021.0,3456.0,3815.0,3836.0,4075.0,2807.0,982.0,1426.0,1741.0,2550.0,3018.0,3301.0,3526.0,3727.0,4263.5,2995.5,1068.5,1454.5,2016.0,2462.5,2822.5,3010.0,3204.0,3453.5,4327.0,3176.0,1010.0,1375.0,2015.0,2394.0,2577.0,2864.0,3125.0,3288.0,4409.0,3194.0,1169.0,1586.0,2207.0,2599.0,2853.0,3119.0,3382.0,3466.0,4460.0,3254.0,1073.0,1473.5,2135.0,2590.5,2797.5,3025.0,3252.5,3472.0,2443.0,1911.0,633.0,823.0,1085.0,1249.0,1371.0,1462.0,1613.0,1646.0,3957.5,3073.0,863.0,1164.5,1602.0,1985.5,2119.5,2314.0,2483.5,2699.5,3819.5,3359.0,1784.5,1929.0,2176.0,2448.0,2528.5,2608.5,2791.5,2815.5,2819.0,2884.0,671.0,754.0,988.5,1176.0,1212.5,1311.0,1485.0,1558.5,2604.5,2626.5,652.5,725.5,943.5,1094.5,1122.0,1254.0,1393.0,1431.5,2022.0,1791.5,389.5,528.5,767.5,901.0,1050.0,1085.0,1279.0,1300.5,0.0,0.0,0.0,0.0,0.0,0.0,0.0,0.0,0.0,0.0,1971.0,1589.0,341.0,554.0,772.0,1027.0,1167.0,1237.0,1363.0,1390.0,3276.5,3016.5,2343.5,2460.0,2546.0,2861.5,3124.5,3200.5,3183.5,3231.0,2357.0,1977.0,593.0,846.5,1024.0,1311.5,1645.0,1722.5,1880.5,1876.0,2440.0,2053.0,706.5,898.0,1087.5,1351.0,1704.0,1823.0,1945.5,1974.0,2330.0,2126.0,732.0,895.0,1141.0,1288.0,1419.0,1516.0,1619.0,1666.0,2284.5,2152.5,600.5,812.5,1095.0,1218.0,1296.0,1405.5,1543.0,1511.0,2287.5,2192.5,627.0,855.5,1134.0,1257.5,1324.5,1409.5,1541.0,1536.5,"{""type"":""MultiPoint"",""coordinates"":[]}"
1003_0,3,4136.5,3366.5,2013.0,2178.0,2472.5,2769.0,2879.5,3023.0,3175.0,3305.0,2325.0,2143.0,663.0,903.0,1207.0,1296.0,1364.0,1462.0,1588.0,1606.0,2420.0,2296.0,731.0,943.0,1253.0,1409.0,1419.0,1514.0,1621.0,1686.0,2593.5,2421.5,842.5,1116.0,1472.0,1610.0,1627.5,1729.5,1848.0,1879.5,858.0,811.0,798.0,920.0,983.0,1111.0,891.0,1077.0,880.0,980.0,565.0,514.0,805.0,887.0,941.0,1001.0,779.0,800.0,825.0,701.0,693.0,514.0,331.0,604.0,393.0,874.0,1016.0,1105.0,1101.0,1039.0,1667.0,953.0,331.0,680.0,403.0,1027.0,2334.0,2536.0,2623.0,2617.0,1328.0,776.0,270.0,560.0,371.0,953.0,1961.0,2459.0,2307.0,2455.0,1251.0,661.5,136.5,401.0,160.5,673.0,2335.5,2994.5,2974.0,2997.0,1290.5,613.5,106.0,350.5,130.0,633.5,2448.0,3349.5,3394.0,3380.5,3652.5,2973.5,1510.5,1584.5,1853.5,2027.0,2114.5,2293.0,2360.5,2515.0,1304.0,604.5,84.5,266.0,80.5,484.5,2474.5,3650.5,3644.5,3754.5,1163.5,555.5,56.0,242.5,42.5,476.0,2559.5,3792.0,3876.0,3939.0,1143.0,548.0,436.0,704.0,468.0,1002.0,2713.0,3740.0,3811.0,3861.0,1308.0,665.0,575.0,906.0,631.0,1408.0,3065.0,3795.0,3897.0,4004.0,1308.0,665.0,463.0,876.0,631.0,1410.0,2942.0,3561.0,3753.0,3766.0,1530.0,845.0,411.0,877.0,830.0,1641.0,2787.0,3173.0,3412.0,3499.0,2067.0,1172.5,634.5,1185.0,1328.5,2149.0,2911.5,3238.5,3509.5,3585.5,2449.5,1516.5,937.5,1388.0,1722.5,2362.5,2938.5,3226.0,3529.0,3645.5,3700.0,2831.0,1154.0,1531.0,2174.0,2471.0,2714.0,2914.0,3284.0,3303.0,3698.5,2519.5,1144.5,1540.5,2219.5,2566.0,2711.5,2918.0,3257.0,3386.0,3614.5,2867.5,781.0,1007.5,1425.5,1629.0,1708.5,1883.0,2146.0,2235.0,3929.5,2810.5,929.0,1308.5,1906.0,2217.0,2350.5,2581.5,2812.0,2999.0,4883.0,4120.0,2854.0,3040.0,3449.5,3732.0,3829.0,3942.5,4178.0,4213.0,3443.0,2683.5,859.0,1039.5,1401.0,1639.0,1725.5,1892.0,2073.0,2163.0,3321.5,2546.5,872.0,1038.0,1377.0,1611.0,1716.5,1880.0,2047.5,2118.5,2829.5,2097.5,636.0,864.0,1215.5,1388.5,1504.0,1669.5,1873.5,1906.0,0.0,0.0,0.0,0.0,0.0,0.0,0.0,0.0,0.0,0.0,3796.0,2899.0,810.0,1171.0,1629.0,1889.0,1975.0,2109.0,2338.0,2480.0,3697.0,3036.0,1007.0,1201.0,1641.0,1928.0,1988.0,2261.0,2338.0,2642.0,3558.0,2790.0,933.0,1222.0,1663.0,1928.0,2031.0,2224.0,2430.0,2486.0,1957.5,1720.0,555.5,678.5,946.0,1041.5,1060.5,1147.0,1279.5,1272.0,2109.0,1843.0,581.0,711.0,1027.0,1126.0,1124.0,1178.0,1313.0,1345.0,2117.0,1979.0,605.0,788.0,1064.0,1172.0,1172.0,1266.0,1414.0,1408.0,2122.5,1965.0,582.5,798.0,1073.5,1175.5,1197.0,1289.5,1424.5,1420.0,"{""type"":""MultiPoint"",""coordinates"":[]}"
1004_0,3,1718.0,1416.0,572.0,718.0,948.5,1079.5,1078.5,1151.0,1234.5,1256.0,2476.5,2105.0,1010.5,1333.5,1593.0,1751.0,1772.0,1827.0,1918.5,1917.0,2385.5,1995.5,961.0,1252.5,1550.5,1702.0,1656.0,1694.0,1803.0,1764.0,600.0,577.5,733.0,1017.5,1114.0,1371.5,1199.5,1272.0,1135.5,1068.0,439.0,379.0,574.0,833.5,877.5,1165.0,1126.0,1086.5,977.0,953.5,607.5,412.5,626.0,978.0,938.0,1317.0,1399.0,1353.5,1329.5,1297.0,908.5,574.0,573.0,885.0,793.5,1281.0,1725.5,1908.0,1676.5,1678.0,1334.5,804.5,437.0,795.5,522.0,1151.0,2411.5,2798.0,2694.0,2698.5,1551.0,805.0,344.5,715.5,404.0,1106.0,2996.5,3663.0,3663.0,3726.5,1614.5,845.0,261.0,594.0,416.5,1084.0,2829.5,3539.5,3690.5,3792.0,1631.0,841.5,237.5,505.0,325.5,890.5,2733.5,3654.5,3812.0,3958.5,1965.5,1623.0,620.5,844.5,1073.0,1199.0,1278.0,1293.0,1350.0,1372.0,1736.5,891.5,271.5,546.5,341.5,968.0,2978.0,4070.0,4174.5,4298.5,1735.5,887.5,315.0,781.5,446.5,1382.0,3446.0,4263.0,4426.0,4565.5,1819.0,937.5,415.0,896.0,612.0,1538.5,3434.5,4167.0,4252.0,4540.0,2019.0,1104.5,605.5,1069.0,988.5,1926.0,3330.5,3771.5,3976.5,4150.5,2232.0,1310.5,665.5,1131.5,1207.0,2139.0,3072.0,3468.5,3801.5,3922.5,2737.0,1698.0,808.0,1296.0,1639.0,2406.0,2971.0,3384.0,3620.0,3801.0,4019.5,2785.0,1106.5,1565.0,2252.5,2657.5,2884.0,3167.0,3607.5,3673.0,4026.5,2838.0,1138.5,1569.0,2333.0,2848.0,3014.5,3373.0,3684.0,3874.5,3893.0,2865.5,1137.0,1566.5,2231.5,2644.0,2859.0,3102.0,3395.0,3468.5,2351.5,1841.0,795.5,1051.5,1470.5,1701.0,1729.5,1901.5,1956.5,1950.5,1897.0,1520.0,521.5,757.0,1016.0,1118.5,1145.0,1253.5,1308.0,1364.5,2395.5,1877.5,843.0,1127.5,1531.0,1735.5,1796.0,1953.5,2013.0,2044.0,2306.5,1804.5,933.5,1181.5,1512.0,1669.5,1722.0,1834.0,1942.0,1959.0,2055.0,1618.0,720.0,928.5,1188.5,1360.0,1357.0,1445.0,1614.0,1586.5,1806.5,1486.5,561.5,716.5,975.5,1075.5,1111.5,1214.0,1277.5,1329.0,812.0,531.0,245.0,376.0,522.0,601.5,619.0,661.5,722.5,684.5,0.0,0.0,0.0,0.0,0.0,0.0,0.0,0.0,0.0,0.0,1407.5,1027.5,427.5,584.5,765.0,863.0,880.5,980.5,1054.0,1069.0,1750.0,1425.0,629.0,790.0,935.0,1048.5,1054.0,1105.5,1221.0,1196.0,2206.5,1811.0,824.5,1041.0,1258.5,1423.0,1444.5,1460.5,1578.0,1573.5,2171.0,1803.5,782.5,991.5,1222.5,1331.0,1339.0,1430.5,1501.0,1518.5,1938.5,1603.0,629.5,790.5,983.0,1099.0,1068.0,1146.5,1201.0,1225.0,1948.0,1648.0,629.5,804.0,1038.0,1143.5,1176.5,1217.0,1323.0,1336.0,2252.0,1963.0,795.5,1031.0,1265.0,1370.5,1434.5,1512.5,1618.5,1614.0,"{""type"":""MultiPoint"",""coordinates"":[]}"
1005_0,3,1980.5,1666.5,608.5,781.0,1057.5,1168.0,1202.0,1314.5,1426.0,1440.0,2526.0,2145.0,1041.5,1335.0,1612.5,1747.5,1788.0,1856.5,1967.0,1972.0,2176.5,1835.5,839.5,1090.5,1353.5,1491.5,1483.0,1569.5,1673.5,1622.0,519.5,514.5,647.5,879.5,1020.0,1183.0,1049.0,1136.5,1088.5,1025.5,155.5,137.5,510.5,756.5,800.0,996.5,846.5,916.0,883.5,847.0,326.5,269.5,457.0,759.0,739.5,1061.5,922.0,1022.0,944.5,883.0,650.5,471.0,428.0,666.0,583.0,968.0,1144.5,1297.0,1146.5,1148.0,1101.5,691.5,475.5,712.5,536.0,985.5,1800.5,1967.5,1708.0,1939.5,1565.5,793.0,344.0,622.5,383.5,954.5,2695.5,3120.0,3182.5,3397.5,1662.0,807.0,215.0,550.5,287.5,913.0,2950.0,3960.5,3994.0,3993.0,1592.5,753.5,172.0,395.0,196.0,719.0,2871.5,4111.5,4234.5,4287.5,2284.0,1964.0,678.0,903.5,1174.5,1356.5,1372.0,1481.5,1537.5,1624.5,1651.0,788.0,193.5,450.5,209.0,807.5,3110.0,4393.0,4423.0,4560.0,1609.5,779.0,249.0,734.5,363.5,1327.5,3557.5,4453.0,4642.5,4685.0,1686.0,854.0,432.5,906.0,642.5,1591.0,3527.0,4177.0,4294.0,4489.5,1955.0,1051.5,625.5,1131.5,1056.0,2057.0,3299.0,3738.5,3937.5,4058.0,2282.5,1340.0,712.5,1265.0,1331.0,2251.5,3144.0,3457.5,3833.5,3884.0,2722.0,1709.0,819.0,1346.0,1710.0,2425.0,3042.0,3417.0,3648.0,3782.0,4101.5,2791.0,1111.0,1547.5,2211.5,2568.0,2814.5,3079.5,3365.0,3526.0,3918.0,2791.0,1032.0,1510.0,2211.5,2568.0,2770.0,3015.5,3365.0,3421.5,2641.0,2060.0,767.0,1104.0,1535.5,1727.5,1834.0,1943.5,2068.0,2186.5,2015.5,1555.0,615.5,883.0,1235.0,1436.5,1456.0,1555.0,1604.5,1663.0,2162.0,1820.0,588.0,826.5,1129.5,1247.5,1334.5,1370.0,1528.5,1548.0,2318.0,1844.5,756.5,1034.0,1400.0,1592.5,1620.0,1754.5,1822.5,1852.5,2235.5,1774.5,856.0,1078.0,1378.5,1544.5,1604.0,1679.5,1769.0,1826.5,1998.5,1658.0,624.0,792.0,1053.5,1203.0,1235.5,1335.0,1387.0,1436.0,1809.0,1498.5,532.0,736.5,1013.5,1183.0,1211.0,1300.5,1283.0,1366.0,1402.5,1190.5,359.5,489.5,697.0,779.5,803.0,849.5,928.5,935.0,0.0,0.0,0.0,0.0,0.0,0.0,0.0,0.0,0.0,0.0,1483.5,1116.5,450.0,602.0,827.5,938.0,1015.5,1059.5,1179.0,1204.0,1801.5,1410.0,612.0,755.0,945.5,1090.0,1118.5,1234.5,1289.0,1305.5,2480.5,2036.5,877.5,1118.0,1363.5,1533.0,1554.5,1654.0,1780.5,1782.0,2510.0,2063.5,894.5,1114.5,1413.5,1541.0,1553.5,1678.0,1793.5,1780.5,2428.0,2041.0,888.0,1088.5,1329.5,1453.0,1481.0,1584.0,1685.0,1687.5,2192.5,1861.0,728.5,936.0,1195.5,1307.5,1382.5,1402.0,1518.0,1526.5,2297.5,1950.0,832.0,1074.0,1342.5,1494.0,1521.5,1608.5,1704.0,1705.0,"{""type"":""MultiPoint"",""coordinates"":[]}"
1006_0,3,1071.0,903.0,348.5,415.0,506.0,555.5,560.0,601.0,649.0,648.5,1928.5,1714.5,738.0,944.5,1092.0,1187.0,1217.5,1274.5,1354.5,1346.0,2082.5,1855.0,774.0,998.0,1164.5,1249.5,1288.5,1343.5,1400.0,1422.5,2480.0,2222.5,1099.0,1354.0,1553.5,1659.0,1673.0,1744.5,1802.0,1823.5,2706.0,2460.0,1244.0,1466.0,1677.0,1821.0,1868.0,1936.0,2019.0,2027.0,2375.0,2153.0,1090.0,1306.0,1489.0,1603.0,1602.0,1697.0,1747.0,1746.0,387.0,355.0,905.0,1122.0,1149.0,1322.0,937.0,964.0,919.0,708.0,470.0,416.0,994.0,1266.0,1343.0,1523.0,1111.0,1164.0,1089.0,944.0,217.0,186.0,650.0,936.0,957.0,1097.0,781.0,856.0,803.0,688.0,217.5,179.5,641.5,973.0,998.5,1188.0,779.0,910.5,821.5,679.5,246.0,186.5,519.5,851.0,842.5,1109.0,760.0,882.5,769.0,663.0,1299.5,1138.0,478.5,586.5,692.5,748.5,762.5,809.0,876.0,866.0,626.0,415.0,409.0,686.0,589.0,1014.0,1250.0,1436.0,1253.0,1302.0,727.0,414.0,203.0,453.0,324.0,751.0,1178.0,1436.0,1314.0,1241.0,919.0,488.0,194.0,406.0,249.0,656.0,1735.0,2152.0,2040.0,2048.0,1115.0,598.0,291.0,530.0,335.0,820.0,2028.0,2488.0,2372.0,2343.0,1121.0,606.0,292.0,605.0,377.0,998.0,2101.0,2488.0,2425.0,2407.0,1153.0,637.5,346.0,709.5,491.5,1221.0,2163.0,2403.5,2424.5,2452.5,1559.0,974.0,815.0,1194.0,1356.0,1904.0,2521.0,2759.0,2868.0,2885.0,2391.0,1599.5,780.0,1158.5,1471.5,1992.5,2472.0,2723.5,3018.0,3067.0,3313.0,2310.0,922.0,1353.0,1878.0,2328.0,2500.0,2768.0,3114.0,3121.0,2180.0,1471.5,743.0,1019.0,1430.0,1705.5,1824.0,1966.5,2077.0,2204.0,1346.0,1191.0,534.0,627.0,725.0,775.0,777.0,852.0,899.0,890.0,3177.0,2492.0,938.0,1231.0,1655.0,1943.0,2041.0,2217.0,2378.0,2458.0,3137.5,2428.5,1004.0,1282.5,1683.0,1974.5,2050.0,2218.5,2345.0,2450.5,2834.5,2294.5,800.5,1021.5,1338.0,1548.5,1616.5,1747.5,1890.5,1945.5,2821.0,2243.0,915.0,1088.0,1395.0,1581.0,1672.0,1807.0,1915.0,1992.0,2299.0,1472.0,693.0,863.0,1118.0,1316.0,1402.0,1526.0,1703.0,1733.0,0.0,0.0,0.0,0.0,0.0,0.0,0.0,0.0,0.0,0.0,2286.0,2051.0,876.0,1123.0,1323.0,1441.0,1464.0,1535.0,1649.0,1645.0,456.0,406.0,314.0,262.0,260.0,280.0,281.0,289.0,303.0,299.0,2539.0,2314.0,1034.0,1339.0,1569.0,1705.0,1718.0,1783.0,1857.0,1861.0,2431.0,1998.0,1192.0,1464.0,1683.0,1838.0,1853.0,1912.0,2071.0,1981.0,1831.0,1589.0,584.0,721.0,910.0,991.0,946.0,1037.0,1100.0,1118.0,1744.0,1545.0,656.0,803.0,939.0,1035.0,1058.0,1119.0,1173.0,1166.0,1801.5,1616.0,669.0,830.5,966.0,1049.5,1083.0,1136.5,1214.0,1210.0,"{""type"":""MultiPoint"",""coordinates"":[]}"
1007_0,3,1992.5,1663.5,570.0,749.0,1018.5,1139.0,1207.0,1275.5,1382.5,1387.0,2586.5,2178.0,1027.5,1343.0,1658.5,1803.5,1845.0,1934.5,2052.0,2028.0,2623.0,2185.0,990.5,1283.0,1629.5,1754.0,1799.0,1880.5,2007.0,2007.0,2649.5,2242.5,1071.0,1399.5,1741.5,1901.0,1929.0,2020.0,2109.0,2129.0,278.0,263.0,890.5,1134.0,1173.0,1316.0,997.5,1034.0,1005.0,807.5,226.5,190.0,634.5,892.0,975.5,1139.0,958.0,1013.0,975.0,807.5,431.5,331.0,590.5,880.0,869.5,1142.0,1074.0,1111.5,1038.5,1005.5,848.5,674.0,483.0,822.5,624.0,1188.0,1691.5,1867.5,1703.5,1639.5,1368.5,736.0,271.5,618.5,300.5,1006.5,3098.0,3804.5,3890.5,3766.5,1608.5,859.5,233.5,581.0,415.0,1167.0,3034.0,3783.0,3992.5,4127.0,1743.5,947.0,276.5,612.5,486.5,1193.5,2904.5,3584.5,3879.5,3981.0,2303.5,1925.5,663.5,879.5,1145.0,1337.0,1358.5,1425.0,1496.5,1610.0,1731.5,919.5,254.5,589.5,459.0,1134.5,2761.0,3361.0,3682.5,3830.5,1540.0,794.5,180.5,491.0,358.5,1001.5,2679.5,3342.5,3619.0,3793.0,1456.0,760.5,228.0,540.0,305.5,943.5,2667.5,3274.5,3426.0,3569.0,1739.0,899.5,466.5,908.0,518.5,1496.0,3255.5,3748.0,3900.0,3983.0,1799.5,995.5,460.0,1001.5,646.5,1702.5,3027.5,3462.0,3786.0,3725.5,1934.0,1103.0,509.0,1126.0,896.0,1995.0,2969.0,3240.0,3448.0,3542.0,2268.5,1291.5,785.0,1429.0,1343.0,2417.5,3083.5,3373.0,3684.0,3685.5,2459.0,1585.5,812.5,1451.5,1794.5,2557.5,2942.0,3222.0,3528.5,3618.0,3764.5,2585.5,1017.5,1488.5,2011.0,2408.5,2674.0,2958.0,3330.5,3477.0,2154.5,1585.0,634.0,935.5,1307.0,1524.0,1586.5,1726.0,1845.0,1956.0,2157.0,1797.5,565.0,808.0,1075.5,1195.0,1262.0,1366.0,1505.0,1504.5,2248.0,1731.5,632.0,921.0,1262.5,1440.0,1496.0,1616.5,1755.5,1816.5,2419.0,1899.0,827.5,1043.5,1370.0,1519.0,1594.5,1681.5,1829.5,1858.5,2180.0,1794.5,653.5,835.0,1072.5,1214.5,1262.0,1362.5,1475.0,1504.5,2144.5,1714.5,690.5,898.5,1122.5,1276.0,1351.0,1453.5,1533.0,1574.0,1803.5,1503.0,518.5,661.5,868.5,964.0,1030.0,1094.5,1259.5,1217.5,0.0,0.0,0.0,0.0,0.0,0.0,0.0,0.0,0.0,0.0,1640.0,1262.5,477.5,652.5,858.0,998.0,1085.5,1135.0,1244.5,1230.0,1970.0,1605.5,658.0,806.5,991.0,1138.5,1178.0,1284.5,1342.5,1368.0,2529.5,2076.0,867.5,1108.5,1346.5,1557.0,1605.0,1676.0,1773.0,1820.0,2505.0,2067.0,898.5,1075.5,1347.5,1519.5,1538.5,1596.0,1755.0,1781.5,2336.5,1926.0,863.0,985.0,1221.5,1371.0,1406.5,1508.5,1595.5,1651.5,2275.5,1911.0,734.5,956.5,1211.5,1336.5,1387.0,1474.0,1569.0,1616.0,2355.0,2018.5,830.0,1075.0,1358.5,1500.5,1567.5,1665.5,1750.5,1736.0,"{""type"":""MultiPoint"",""coordinates"":[]}"
1008_0,3,1738.0,1448.5,600.0,747.0,967.5,1075.0,1121.0,1184.0,1246.5,1283.5,2418.0,2117.0,1009.5,1287.5,1520.0,1644.0,1679.0,1736.5,1836.0,1836.0,2448.5,2141.5,910.0,1176.0,1425.0,1549.5,1587.5,1673.5,1746.0,1763.5,2527.0,2212.5,974.0,1263.5,1512.5,1646.0,1675.0,1757.0,1829.5,1857.0,408.0,392.0,787.0,1045.0,1051.0,1161.0,820.0,927.0,852.0,791.0,238.0,250.0,687.0,910.0,971.0,1059.0,707.0,787.0,754.0,561.0,348.0,319.0,701.0,1073.0,1009.0,1293.0,1004.0,1041.0,949.0,809.0,529.0,428.0,565.0,898.0,853.0,1273.0,1115.0,1166.0,1101.0,992.0,622.0,488.0,506.0,817.0,745.0,1205.0,1359.0,1545.0,1449.0,1369.0,706.5,458.0,305.0,537.0,424.0,876.5,1266.5,1452.0,1317.0,1267.0,1009.5,599.5,298.5,537.0,382.0,955.5,1889.0,2275.0,2132.5,2069.0,1927.0,1624.0,655.0,841.0,1066.0,1191.0,1200.0,1320.0,1318.0,1391.0,1300.0,690.0,280.0,543.0,376.0,968.0,2328.0,2835.0,2635.0,2774.0,1138.0,594.0,176.0,420.0,270.0,827.0,2232.0,2715.0,2585.0,2695.0,1124.0,585.0,176.0,390.0,223.0,765.0,2273.0,2776.0,2690.0,2838.0,1296.0,638.0,351.0,667.0,347.0,1047.0,2755.0,3247.0,3324.0,3337.0,1579.0,797.0,379.0,878.0,475.0,1466.0,3134.0,3614.0,3680.0,3717.0,1658.0,905.0,418.0,948.0,588.5,1663.5,2993.0,3290.5,3406.0,3490.5,2010.0,1108.0,760.0,1282.0,1229.0,2150.0,2847.0,3067.0,3295.0,3319.0,2285.5,1444.0,705.5,1235.0,1337.5,2218.5,2684.5,2945.5,3140.5,3266.0,3045.0,2099.5,945.0,1436.5,1884.5,2452.0,2738.0,2976.0,3333.5,3355.5,2917.0,2129.0,909.0,1239.0,1729.0,2056.0,2170.0,2373.0,2409.0,2555.0,1820.0,1525.0,508.0,719.0,964.0,1113.0,1136.0,1205.0,1281.0,1346.0,3010.0,2216.0,800.0,1141.0,1617.0,1903.0,2048.0,2187.0,2224.0,2433.0,2912.5,2244.5,851.0,1111.0,1490.0,1740.5,1861.5,1967.0,2111.5,2221.5,2588.5,2119.0,658.5,852.5,1132.0,1328.5,1398.5,1543.5,1654.5,1709.0,2766.0,2318.0,744.0,906.0,1176.0,1391.0,1452.0,1594.0,1689.0,1769.0,2283.0,1587.0,555.0,685.0,935.0,1067.0,1154.0,1217.0,1399.0,1405.0,1044.0,839.0,860.0,863.0,877.0,935.0,976.0,996.0,1074.0,1017.0,1689.0,1382.0,536.0,722.0,906.0,1025.0,1035.0,1098.0,1191.0,1231.0,1920.0,1640.0,667.0,834.0,1024.0,1141.0,1157.0,1222.0,1293.0,1300.0,2327.0,2034.0,807.0,1039.0,1277.0,1407.0,1471.0,1537.0,1603.0,1638.0,2289.0,1978.0,993.0,1198.0,1426.0,1540.0,1585.0,1702.0,1804.0,1789.0,1936.0,1631.0,586.0,739.0,967.0,1071.0,1065.0,1102.0,1201.0,1252.0,1950.0,1712.0,699.0,845.0,1043.0,1156.0,1175.0,1243.0,1324.0,1302.0,2170.5,1923.5,804.5,1007.5,1225.0,1337.5,1370.5,1434.0,1542.5,1541.0,"{""type"":""MultiPoint"",""coordinates"":[]}"
1009_0,3,2141.0,1787.0,648.0,802.0,1089.0,1237.5,1291.0,1339.5,1450.0,1476.0,2548.0,2201.0,966.5,1288.5,1603.0,1730.5,1785.5,1851.5,1948.5,1940.0,2565.5,2190.0,937.5,1215.5,1549.0,1694.0,1680.0,1771.5,1863.5,1879.5,2513.5,2184.0,904.5,1185.0,1492.5,1644.0,1616.5,1707.5,1785.0,1823.5,277.5,250.0,804.5,1024.5,1112.5,1239.5,1042.5,1111.5,1098.5,925.0,252.0,245.0,658.0,998.5,1080.0,1239.5,1021.0,1087.5,1060.0,927.0,582.5,493.0,584.5,837.0,834.5,1201.0,1352.0,1461.0,1404.5,1296.5,1330.0,802.0,413.0,738.5,425.0,1085.5,2701.5,2943.5,2987.5,2912.5,1580.5,791.0,203.0,554.5,273.0,991.5,3289.5,4194.5,4266.5,4311.0,1788.0,943.0,259.0,610.5,382.0,1124.0,3081.0,3956.0,4102.5,4284.5,1678.5,883.5,238.5,564.0,346.0,1038.5,2981.0,3817.5,4044.0,4204.0,2426.5,2074.5,710.0,939.0,1233.5,1435.5,1451.5,1550.5,1583.5,1696.0,1596.5,803.0,176.5,486.0,272.0,950.5,2896.0,3669.5,3880.0,4020.5,1440.5,700.5,166.0,469.5,230.0,871.5,2877.5,3742.5,3904.5,4077.0,1501.0,702.5,232.0,605.5,258.0,1062.5,3268.0,4028.0,4106.0,4300.0,1838.0,925.5,456.0,987.5,513.0,1656.0,3681.0,4312.5,4432.5,4555.5,1861.5,940.0,463.5,1051.5,628.5,1810.0,3576.5,4020.5,4298.5,4354.5,2019.0,1120.0,569.0,1275.0,1030.0,2343.0,3498.0,3848.0,4128.0,4250.0,2364.0,1351.0,901.5,1639.0,1609.5,2769.5,3550.0,3900.0,4187.5,4319.0,2764.0,1667.0,926.0,1564.0,1832.0,2727.0,3288.0,3588.0,3979.0,4014.5,3992.0,2610.0,1162.5,1656.0,2439.5,2885.5,3148.5,3432.0,3923.5,3985.5,2554.5,1961.5,811.5,1133.0,1593.5,1868.0,1907.5,2060.0,2153.5,2247.0,2279.0,1941.5,608.5,854.0,1146.0,1285.5,1393.0,1431.5,1539.0,1605.5,2480.0,1902.5,773.0,1092.0,1496.5,1701.0,1764.5,1872.0,2061.5,2084.5,2608.0,2038.5,986.0,1225.5,1595.0,1808.0,1858.0,1949.5,2118.0,2160.0,2334.5,1890.0,688.0,896.5,1208.5,1361.5,1384.0,1495.0,1627.5,1651.0,2483.5,1979.0,750.5,955.0,1273.5,1423.5,1455.5,1571.0,1672.5,1720.5,2115.5,1537.0,586.5,731.0,1013.0,1113.0,1187.5,1280.0,1454.0,1427.5,0.0,0.0,0.0,0.0,0.0,0.0,0.0,0.0,0.0,0.0,1999.5,1679.0,587.0,768.5,999.0,1151.0,1175.0,1215.5,1335.5,1345.5,2110.0,1832.5,683.0,792.5,1007.5,1148.0,1156.5,1228.5,1293.0,1293.0,2477.5,2176.5,750.5,971.0,1232.5,1355.5,1403.0,1500.5,1576.0,1635.0,2549.5,2183.5,785.5,992.0,1294.5,1415.5,1382.0,1523.0,1618.0,1621.0,2274.5,1926.0,698.0,837.5,1085.0,1227.0,1198.5,1300.0,1386.5,1419.5,1978.5,1721.5,596.5,786.5,1006.0,1111.5,1166.5,1231.0,1332.0,1332.5,2340.5,2048.0,819.5,1125.0,1414.5,1526.5,1547.0,1640.5,1752.0,1740.0,"{""type"":""MultiPoint"",""coordinates"":[]}"
1010_0,3,1692.5,1394.0,605.0,748.5,958.5,1085.0,1112.0,1159.0,1234.0,1299.5,2135.5,1820.0,807.0,1010.0,1215.0,1334.0,1385.0,1467.5,1539.5,1537.5,2225.5,1898.0,824.0,1062.0,1302.5,1425.5,1469.0,1531.0,1602.0,1615.5,2583.0,2224.0,1125.0,1422.5,1691.5,1823.0,1862.5,1919.5,1989.0,2022.0,2176.0,1908.0,1013.0,1297.0,1494.0,1669.0,1562.0,1621.0,1669.0,1671.0,378.0,365.0,989.0,1246.0,1316.0,1459.0,1128.0,1139.0,1087.0,967.0,387.0,317.0,720.0,1032.0,1050.0,1386.0,1309.0,1355.0,1337.0,1217.0,526.0,417.0,686.0,1032.0,1005.0,1386.0,1323.0,1404.0,1405.0,1245.0,773.0,580.0,686.0,1003.0,935.0,1295.0,1581.0,1772.0,1764.0,1597.0,1336.5,746.5,326.5,667.5,426.5,1027.0,2436.5,2982.5,2889.0,2855.5,1651.5,827.5,177.0,477.0,186.5,797.5,3039.0,4197.5,4130.0,4168.0,1888.0,1587.0,694.0,869.0,1060.0,1197.0,1225.0,1274.0,1342.0,1352.0,1589.0,768.0,201.0,496.0,197.0,779.0,3196.0,4401.0,4350.0,4470.0,1516.0,747.0,132.0,476.0,229.0,891.0,3304.0,4423.0,4460.0,4570.0,1554.0,756.0,215.0,575.0,341.0,1017.0,3482.0,4597.0,4614.0,4809.0,1605.0,767.0,442.0,940.0,632.0,1658.0,3562.0,4266.0,4306.0,4456.0,1603.0,872.0,475.5,1027.0,768.0,1802.0,3243.0,3699.0,3969.5,4023.5,1825.0,1062.5,532.0,1061.5,1065.0,1989.0,2945.5,3289.0,3527.5,3676.5,2309.5,1379.0,908.0,1449.0,1661.5,2347.0,2991.5,3258.0,3539.5,3676.0,2656.5,1746.5,956.0,1475.0,1869.5,2636.5,3105.0,3354.0,3684.5,3805.5,3451.5,2338.0,1037.5,1515.0,2114.5,2702.0,2928.0,3243.0,3494.5,3647.0,3305.0,2259.0,893.0,1313.0,1952.0,2431.0,2554.0,2871.0,2915.0,3185.0,1768.0,1468.0,517.0,713.0,926.0,1057.0,1085.0,1159.0,1247.0,1285.0,3305.0,2354.0,893.0,1281.0,1897.0,2372.0,2503.0,2754.0,2798.0,3079.0,3067.5,2184.0,931.5,1218.0,1686.0,2004.0,2126.5,2356.0,2435.0,2604.5,2784.0,2118.5,720.0,937.0,1285.5,1525.5,1591.0,1776.5,1912.0,1961.5,2876.0,2198.0,827.0,1017.0,1337.0,1561.0,1610.0,1799.0,1938.0,1969.0,1619.0,1312.0,506.0,629.0,874.0,1014.0,1029.0,1106.0,1204.0,1225.0,603.0,524.0,291.0,409.0,503.0,547.0,523.0,589.0,625.0,620.0,1480.0,1166.0,509.0,674.0,817.0,913.0,941.0,989.0,1077.0,1093.0,816.0,625.0,378.0,399.0,459.0,496.0,515.0,547.0,575.0,603.0,2177.0,1856.0,794.0,998.0,1202.0,1332.0,1386.0,1438.0,1505.0,1519.0,2366.0,2044.0,1008.0,1169.0,1356.0,1487.0,1552.0,1642.0,1752.0,1714.0,1715.5,1433.5,543.5,691.0,847.0,947.5,946.0,995.0,1052.5,1090.5,2001.0,1720.5,772.0,935.5,1112.0,1233.5,1256.0,1325.0,1404.0,1411.0,2139.5,1825.0,839.0,1023.5,1199.5,1307.5,1363.5,1405.5,1493.0,1494.0,"{""type"":""MultiPoint"",""coordinates"":[]}"
1011_0,3,3217.0,2365.0,883.0,1015.0,1364.0,1524.5,1594.0,1809.0,2051.0,2117.0,2304.0,2142.0,644.0,901.0,1197.0,1315.0,1346.0,1461.0,1552.0,1610.0,2410.0,2271.0,737.0,942.0,1254.0,1385.0,1411.0,1508.0,1580.0,1648.0,2562.5,2393.5,841.0,1093.5,1447.5,1604.5,1618.0,1722.0,1816.0,1857.5,540.0,502.0,552.0,664.0,713.0,874.0,799.0,818.0,787.0,677.0,540.0,502.0,897.0,950.0,1000.0,1044.0,815.0,818.0,834.0,677.0,467.0,370.0,249.0,495.0,331.0,697.0,842.0,944.0,829.0,764.0,1191.0,700.0,263.0,606.0,329.0,916.0,1874.0,1956.0,2091.0,2013.0,1245.0,696.0,214.0,475.0,267.0,807.0,2180.0,2699.0,2698.0,2620.0,1188.5,585.5,98.5,328.5,87.0,570.5,2262.5,3043.5,3035.0,3054.5,1229.0,574.0,75.0,298.0,74.0,551.0,2368.0,3499.5,3495.0,3480.5,3066.0,2453.5,1364.0,1440.0,1632.0,1823.0,1882.5,1967.0,2169.5,2182.0,1246.0,571.0,63.0,220.0,53.0,437.0,2409.0,3735.5,3770.0,3904.5,1119.0,523.0,34.5,203.0,11.5,426.0,2529.0,3880.0,3980.0,4090.5,1157.0,528.0,464.0,746.0,483.0,1037.0,2727.0,3851.0,3918.0,3921.0,1322.0,664.0,583.0,936.0,637.0,1360.0,3067.0,3818.0,4003.0,4083.0,1303.0,664.0,465.0,897.0,637.0,1425.0,2916.0,3578.0,3805.0,3827.0,1481.0,826.0,402.0,869.0,824.0,1628.0,2841.0,3302.0,3474.0,3572.0,2030.0,1154.5,672.5,1252.5,1366.5,2206.5,2975.5,3355.5,3629.0,3705.5,2530.0,1537.5,950.5,1423.5,1803.0,2437.0,3026.0,3328.5,3656.5,3812.5,3802.0,2860.0,927.0,1345.0,2077.0,2533.0,2653.0,2898.0,3287.0,3351.0,3673.5,2553.0,964.5,1381.0,2099.5,2528.5,2650.0,2842.5,3054.5,3238.5,3519.5,2725.0,714.5,980.0,1386.5,1583.0,1705.5,1812.5,2108.5,2158.5,3967.5,2870.5,933.5,1291.0,1854.0,2181.5,2384.5,2547.5,2724.5,2936.0,4596.0,3788.0,2563.5,2733.5,3122.0,3436.5,3523.0,3650.0,3855.5,3898.0,3255.0,2532.0,836.5,1003.0,1367.5,1619.0,1722.0,1916.0,2092.5,2180.5,3411.0,2641.5,882.5,1058.5,1398.5,1663.0,1769.0,1956.5,2102.0,2161.0,2859.0,2070.5,606.5,823.0,1168.0,1404.5,1478.0,1682.5,1853.0,1915.5,0.0,0.0,0.0,0.0,0.0,0.0,0.0,0.0,0.0,0.0,3722.0,2799.0,834.0,1127.0,1640.0,1906.0,1912.0,2097.0,2294.0,2404.0,3713.5,2978.5,814.0,1071.5,1545.0,1829.0,1969.5,2151.0,2032.5,2527.5,3734.5,2900.5,919.5,1210.0,1611.5,1829.5,1966.5,2127.5,2386.0,2443.0,1938.5,1717.0,566.0,687.5,950.5,1071.5,1085.0,1147.0,1269.0,1293.5,2071.0,1837.0,608.0,723.0,1034.0,1162.0,1126.0,1177.0,1290.0,1358.0,2112.0,1872.0,627.0,794.0,1048.0,1172.0,1186.0,1276.0,1393.0,1371.0,2122.5,1968.5,596.5,799.5,1070.5,1197.5,1215.0,1288.5,1410.0,1426.0,"{""type"":""MultiPoint"",""coordinates"":[]}"
1012_0,3,2973.0,2285.5,796.0,893.0,1192.0,1375.0,1463.0,1623.0,1828.5,1931.0,2151.0,1972.0,667.0,917.0,1218.0,1349.0,1401.0,1465.0,1575.0,1586.0,2364.0,2270.0,803.0,1068.0,1374.0,1547.0,1557.0,1682.0,1754.0,1775.0,2106.0,1995.0,733.0,977.0,1263.0,1417.5,1430.5,1482.0,1548.5,1590.0,426.0,350.0,607.0,675.0,752.0,846.0,795.0,858.0,890.0,824.0,426.0,350.0,379.0,652.0,570.0,846.0,795.0,858.0,870.0,824.0,465.0,378.0,296.0,570.0,402.0,767.0,757.0,835.0,788.0,690.0,1438.0,844.0,273.0,610.0,365.0,940.0,1970.0,2345.0,2298.0,2246.0,1224.0,657.0,133.0,406.0,181.0,687.0,1961.0,2425.0,2404.0,2300.0,1237.5,613.5,78.5,322.5,91.5,592.5,2250.5,3009.0,2979.5,3049.5,1191.5,561.0,19.5,209.0,28.5,430.0,2235.5,3214.5,3263.0,3248.0,4242.0,3647.0,2336.5,2486.5,2783.0,3103.5,3119.0,3206.5,3286.5,3463.0,1277.0,585.0,13.5,216.0,12.5,454.5,2566.0,3833.0,3781.5,3865.5,1287.5,596.0,93.5,506.5,149.0,915.0,3075.5,4191.0,4226.0,4348.5,1318.0,612.0,471.0,859.0,591.0,1270.0,3225.0,4068.0,4050.0,4219.0,1441.0,797.0,719.0,1177.0,1047.0,1940.0,3200.0,3547.0,3763.0,3779.0,1610.0,930.0,643.0,1159.0,1047.0,1980.0,2866.0,3202.0,3454.0,3437.0,1913.0,1139.0,645.0,1185.0,1246.0,2123.0,2866.0,3200.0,3338.0,3437.0,4305.0,3050.0,1186.0,1626.5,2260.5,2769.5,3055.5,3304.0,3557.5,3720.0,4191.5,3127.0,1150.5,1565.0,2264.5,2652.0,2858.0,3082.0,3404.5,3457.5,3525.0,2824.0,970.0,1380.0,1991.0,2300.0,2501.0,2693.0,2975.0,2997.0,3247.0,2418.5,866.5,1200.5,1675.0,1949.5,2137.0,2295.0,2462.5,2588.5,3382.5,2677.0,711.5,935.0,1328.0,1508.0,1623.5,1749.5,2011.0,2089.0,3399.5,2695.0,786.5,1065.5,1403.0,1684.0,1863.0,2058.5,2194.5,2317.5,4149.5,3527.5,2209.5,2393.0,2658.0,2912.0,3080.5,3235.5,3407.5,3392.0,3056.0,2569.0,783.0,933.0,1103.5,1357.5,1555.5,1724.5,1828.5,1940.0,2940.5,2455.0,749.5,890.0,1062.5,1332.5,1522.5,1702.0,1792.5,1878.0,2104.0,1527.0,421.0,594.5,797.0,1025.0,1186.0,1316.0,1483.5,1516.0,0.0,0.0,0.0,0.0,0.0,0.0,0.0,0.0,0.0,0.0,3777.0,2940.0,887.0,1219.0,1698.0,1909.0,1994.0,2174.0,2371.0,2453.0,3968.0,3021.0,1146.0,1402.0,1727.0,2003.0,2219.0,2423.0,2728.0,2723.0,3614.0,2882.0,1003.0,1283.0,1634.0,1872.0,2077.0,2237.0,2461.0,2521.0,2698.0,2231.5,806.5,971.0,1316.0,1457.0,1513.5,1609.5,1832.0,1833.0,1704.0,1444.0,559.0,692.0,990.0,1048.0,1059.0,1100.0,1267.0,1252.0,1871.0,1689.5,543.0,718.5,1006.0,1097.0,1119.0,1211.5,1322.0,1324.5,1956.5,1787.0,601.0,797.0,1080.0,1189.0,1214.0,1321.0,1422.5,1417.0,"{""type"":""MultiPoint"",""coordinates"":[]}"
1013_0,3,2005.0,1645.0,646.0,806.0,1079.0,1196.5,1226.0,1341.5,1441.5,1477.5,2357.0,2063.0,936.0,1216.0,1501.5,1599.0,1622.0,1697.5,1812.0,1784.0,2424.5,2098.0,925.0,1196.5,1484.0,1621.0,1635.5,1706.0,1816.5,1818.0,2403.0,2100.5,927.5,1191.5,1470.0,1595.5,1618.5,1697.0,1782.0,1784.0,234.0,189.0,656.0,855.0,910.0,1021.0,790.0,816.0,795.0,651.0,318.0,245.0,521.0,781.0,789.0,1021.0,913.0,1009.0,953.0,877.0,566.0,403.0,521.0,736.0,691.0,1145.0,1275.0,1334.0,1090.0,1118.0,926.0,629.0,479.0,716.0,475.0,1145.0,1993.0,2201.0,2172.0,2005.0,1252.0,741.0,358.0,644.0,415.0,1125.0,2735.0,3225.0,3170.0,3142.0,1408.5,784.0,290.5,622.5,406.5,1142.5,2709.0,3230.0,3210.0,3295.0,1482.0,762.5,162.0,421.5,223.0,815.5,2837.5,3744.5,3840.0,3919.0,2246.0,1876.0,714.0,913.0,1179.0,1322.0,1333.0,1436.0,1564.0,1608.0,1588.0,797.0,188.0,473.0,217.0,925.0,3107.0,4099.0,4077.0,4220.0,1632.0,810.0,184.0,628.0,309.0,1210.0,3348.0,4234.0,4334.0,4448.0,1677.0,846.0,319.0,796.0,524.0,1444.0,3446.0,4227.0,4337.0,4406.0,1798.0,971.0,514.0,1010.0,818.0,1857.0,3349.0,3827.0,4007.0,4159.0,1982.0,1141.5,556.5,1073.5,1003.0,1940.0,3124.0,3510.5,3818.5,3864.0,2415.0,1492.0,663.5,1165.0,1345.5,2114.0,2919.5,3222.0,3490.5,3625.5,3173.0,2119.0,935.5,1373.5,1725.5,2331.5,2894.0,3234.0,3496.0,3628.0,3893.0,2653.0,982.5,1372.0,2003.5,2440.0,2712.0,3027.5,3366.5,3476.0,3593.5,2546.5,931.5,1362.0,2043.5,2390.0,2568.0,2855.0,3236.0,3229.5,2350.0,1826.0,733.0,980.0,1389.0,1609.0,1678.0,1803.0,1838.0,1957.0,2200.5,1843.5,693.5,873.0,1182.5,1294.5,1336.0,1419.0,1555.0,1575.0,2404.0,1874.0,761.0,1014.0,1413.0,1621.0,1703.5,1828.5,1886.0,1988.5,2315.5,1816.5,833.0,1040.5,1363.5,1563.5,1626.5,1729.5,1819.0,1888.0,2134.0,1733.5,651.5,830.0,1127.0,1280.5,1307.0,1408.5,1505.5,1554.5,2184.0,1722.0,737.0,907.0,1197.0,1370.0,1405.0,1497.0,1552.0,1634.0,1847.0,1462.0,535.0,667.0,924.0,1027.0,1094.0,1161.0,1306.0,1317.0,0.0,0.0,0.0,0.0,0.0,0.0,0.0,0.0,0.0,0.0,1727.0,1368.0,550.0,734.0,924.0,1032.0,1037.0,1117.0,1240.0,1226.0,1927.0,1624.0,687.0,788.0,961.0,1062.0,1069.0,1149.0,1225.0,1242.0,2434.0,2076.0,868.0,1077.0,1317.0,1439.0,1456.0,1514.0,1668.0,1636.0,2347.5,1970.5,917.0,1038.0,1267.0,1374.5,1393.5,1446.5,1633.0,1577.5,2184.0,1787.5,815.5,905.0,1139.0,1233.5,1202.5,1282.0,1417.5,1414.5,2127.0,1844.0,750.0,890.0,1124.0,1230.0,1271.0,1352.0,1477.0,1483.0,2077.0,1824.0,750.0,890.0,1112.0,1216.0,1271.0,1333.0,1449.0,1420.0,"{""type"":""MultiPoint"",""coordinates"":[]}"
1014_0,3,1690.5,1384.5,602.0,737.0,961.0,1063.5,1084.5,1152.0,1239.0,1238.5,2330.0,2040.0,908.5,1185.0,1446.0,1561.5,1573.0,1646.5,1740.5,1735.5,2318.5,2039.0,837.0,1092.5,1343.0,1450.5,1485.5,1563.0,1632.5,1657.0,2415.0,2125.0,893.0,1176.0,1432.5,1548.5,1569.5,1646.5,1712.0,1733.0,701.0,715.0,1056.0,1335.0,1432.0,1564.0,1444.0,1504.0,1318.0,1293.0,219.0,176.0,693.0,935.0,1034.0,1172.0,1071.0,1115.0,1151.0,1056.0,265.0,211.0,681.0,944.0,1025.0,1314.0,1202.0,1296.0,1298.0,1108.0,555.0,486.0,682.0,982.0,950.0,1354.0,1411.0,1503.0,1502.0,1389.0,807.0,512.0,470.0,807.0,668.0,1250.0,1718.0,1972.0,1800.0,1797.0,966.5,555.5,238.0,514.0,299.5,878.5,1996.0,2365.0,2297.0,2190.0,1238.0,630.5,204.0,492.0,220.5,882.5,2479.5,3069.0,3169.0,3227.0,1905.0,1612.0,711.0,881.0,1111.0,1218.5,1232.5,1272.5,1370.0,1395.0,1461.0,772.0,221.0,468.0,331.0,883.0,2257.0,2938.0,3108.0,3271.0,1357.0,682.0,132.0,399.0,291.0,807.0,2257.0,2933.0,3108.0,3184.0,1290.0,644.0,132.0,384.0,227.0,705.0,2439.0,3163.0,3143.0,3319.0,1515.0,757.0,347.0,735.0,369.0,1166.0,3085.0,3759.0,3797.0,3922.0,1607.0,829.0,362.0,843.0,459.0,1418.0,3205.0,3759.0,3941.0,3868.0,1701.5,929.0,401.0,942.5,566.5,1643.0,3077.5,3400.5,3509.5,3615.0,1993.0,1088.0,776.0,1400.0,1303.0,2226.0,3099.0,3343.0,3511.0,3608.0,2286.0,1389.0,791.0,1431.0,1416.0,2448.0,3140.0,3346.5,3616.0,3781.5,3184.0,2213.5,957.0,1444.0,1832.0,2461.5,2688.5,2934.5,3259.0,3319.0,2306.0,1483.0,742.0,1128.0,1706.0,2079.0,2171.0,2388.0,2596.0,2732.0,1744.0,1442.0,507.0,719.0,957.0,1055.0,1079.0,1132.0,1257.0,1265.0,3232.0,2408.0,865.0,1226.0,1747.0,2090.0,2224.0,2394.0,2447.0,2695.0,3140.0,2373.5,920.5,1190.0,1643.0,1894.5,2023.0,2175.5,2362.5,2469.5,2756.5,2227.0,675.5,883.5,1212.0,1370.5,1469.0,1607.5,1735.0,1830.0,2444.0,1940.0,784.0,938.0,1250.0,1409.0,1478.0,1589.0,1708.0,1790.0,1924.0,1467.0,479.0,619.0,845.0,969.0,1020.0,1112.0,1253.0,1262.0,626.0,397.0,491.0,474.0,501.0,510.0,562.0,590.0,678.0,634.0,1619.0,1367.0,510.0,701.0,886.0,977.0,977.0,1030.0,1126.0,1159.0,578.0,437.0,372.0,344.0,373.0,381.0,413.0,423.0,474.0,430.0,2013.0,1755.0,668.0,883.0,1114.0,1206.0,1233.0,1297.0,1382.0,1415.0,2171.0,1929.0,862.0,1043.0,1272.0,1334.0,1369.0,1437.0,1593.0,1537.0,1755.0,1497.0,555.0,673.0,888.0,965.0,956.0,1000.0,1083.0,1085.0,1881.0,1626.0,678.0,806.0,1009.0,1103.0,1123.0,1189.0,1264.0,1288.0,2033.0,1798.0,737.5,902.0,1124.5,1222.0,1262.0,1338.5,1439.5,1417.5,"{""type"":""MultiPoint"",""coordinates"":[]}"
1015_0,3,1070.5,897.0,316.5,391.5,501.0,561.0,547.0,614.5,667.5,670.5,1842.0,1627.0,676.0,863.5,1018.5,1108.5,1149.0,1203.0,1288.5,1277.5,2017.5,1770.5,715.5,925.0,1091.0,1183.0,1222.0,1286.5,1341.5,1367.0,2414.5,2149.0,1039.0,1294.5,1491.0,1598.5,1609.0,1678.5,1753.5,1767.5,2623.0,2356.0,1199.0,1438.0,1647.0,1759.0,1781.0,1875.0,1982.0,1951.0,2323.0,2087.0,1019.0,1228.0,1431.0,1530.0,1541.0,1630.0,1680.0,1695.0,395.0,374.0,942.0,1181.0,1195.0,1340.0,942.0,982.0,958.0,769.0,407.0,381.0,967.0,1209.0,1244.0,1356.0,958.0,982.0,958.0,808.0,178.0,159.0,637.0,917.0,934.0,1116.0,863.0,946.0,857.0,727.0,224.0,178.5,622.0,949.5,906.5,1137.0,820.5,940.0,842.0,705.0,299.5,220.0,456.0,766.5,703.5,985.5,874.0,991.5,889.0,762.0,1295.0,1130.0,481.5,573.0,690.5,734.5,763.5,804.0,886.5,881.5,880.0,519.0,345.0,574.0,354.0,794.0,1772.0,2050.0,2050.0,1965.0,1140.0,561.0,145.0,396.0,170.0,696.0,2247.0,2943.0,3028.0,2857.0,1236.0,603.0,145.0,353.0,132.0,617.0,2541.0,3553.0,3596.0,3519.0,1393.0,671.0,311.0,552.0,272.0,891.0,2856.0,3802.0,3999.0,3901.0,1393.0,684.0,352.0,753.0,425.0,1237.0,2996.0,3696.0,3869.0,3773.0,1464.0,783.5,411.5,888.5,618.5,1563.5,3065.5,3556.5,3790.0,3787.5,1805.0,1029.0,783.0,1284.0,1296.0,2050.0,3092.0,3461.0,3759.0,3786.0,2229.0,1376.0,737.5,1259.5,1396.0,2236.0,3077.0,3417.5,3796.0,3773.0,2565.5,1725.0,823.0,1410.0,1692.5,2466.0,2983.0,3299.0,3690.5,3649.5,2746.0,1891.0,946.0,1283.0,1796.0,2164.0,2331.0,2553.0,2664.0,2840.0,1352.0,1025.0,516.0,589.0,721.0,756.0,781.0,831.0,908.0,897.0,3363.0,2501.0,947.0,1310.0,1858.0,2167.0,2252.0,2489.0,2614.0,2758.0,3295.0,2461.0,1041.5,1372.0,1854.5,2153.0,2232.5,2445.5,2626.0,2707.0,2962.0,2337.0,793.5,1028.5,1356.5,1590.5,1674.0,1841.5,1990.5,2061.5,3015.0,2433.0,883.0,1069.0,1373.0,1605.0,1686.0,1882.0,1986.0,2062.0,2361.0,1552.0,710.0,892.0,1233.0,1413.0,1496.0,1628.0,1843.0,1879.0,673.0,479.0,486.0,475.0,540.0,601.0,671.0,740.0,741.0,795.0,1903.0,1682.0,646.0,851.0,1022.0,1100.0,1131.0,1230.0,1298.0,1303.0,1175.0,1049.0,490.0,554.0,661.0,756.0,755.0,805.0,744.0,843.0,2115.0,1871.0,731.0,988.0,1185.0,1267.0,1300.0,1361.0,1443.0,1451.0,1682.0,1438.0,663.0,723.0,833.0,902.0,920.0,956.0,967.0,1054.0,1552.0,1312.5,450.5,597.5,746.5,801.5,797.5,840.0,933.0,920.5,1659.0,1473.0,573.0,728.0,851.0,939.0,980.0,1023.0,1100.0,1111.0,1716.5,1527.0,605.0,778.5,910.0,976.5,999.5,1063.5,1153.0,1143.5,"{""type"":""MultiPoint"",""coordinates"":[]}"
1016_0,3,1705.5,1434.5,519.5,666.0,873.0,978.5,1007.5,1083.5,1151.5,1182.0,2485.0,2077.0,1049.5,1354.0,1588.0,1743.5,1780.5,1857.0,1941.5,1941.0,2453.5,2038.0,968.0,1240.5,1495.5,1640.5,1663.5,1722.5,1825.0,1818.5,2606.0,2188.5,1049.0,1355.5,1613.0,1774.5,1799.0,1859.0,1948.0,1965.0,589.5,565.5,887.5,1174.0,1238.5,1458.5,1172.5,1204.5,1158.0,1011.5,345.5,318.0,718.0,1057.5,1170.0,1354.5,1096.0,1141.0,1078.0,974.0,452.0,327.5,643.5,988.5,1026.5,1312.5,1271.5,1337.0,1203.0,1154.5,799.0,540.0,572.5,931.5,848.0,1312.5,1490.5,1599.0,1443.0,1405.5,1170.0,751.5,460.5,814.5,566.0,1168.0,2076.5,2393.0,2264.0,2221.0,1824.5,1061.5,422.5,832.5,576.5,1325.5,2868.5,3448.0,3351.5,3529.5,1786.0,1006.0,401.5,770.5,571.0,1300.0,2840.0,3403.5,3470.0,3545.5,1982.5,1660.0,605.0,795.0,1012.0,1155.5,1171.5,1214.5,1332.5,1338.5,1703.5,948.5,345.5,734.5,553.0,1266.5,2811.5,3399.5,3458.0,3626.0,1522.5,794.5,335.5,679.0,499.0,1143.0,2718.5,3417.0,3434.0,3574.5,1445.5,761.5,325.0,673.0,445.5,1082.5,2831.0,3385.0,3381.0,3562.0,1691.0,890.5,475.5,908.0,527.5,1464.5,3210.0,3731.5,3808.5,3872.5,1706.0,923.0,458.5,958.5,614.5,1607.5,3033.5,3439.0,3685.0,3585.5,1800.0,1039.0,504.0,1053.0,843.0,1824.0,2826.0,3077.0,3275.0,3348.0,2131.0,1248.0,767.5,1332.5,1354.5,2226.5,2932.0,3202.0,3419.5,3494.5,2479.5,1558.5,898.0,1383.5,1603.5,2306.5,2937.5,3173.5,3511.5,3523.5,3839.0,2598.0,1104.5,1523.0,2040.5,2451.0,2672.0,2907.0,3279.0,3384.0,1855.5,1396.0,522.5,731.5,1039.5,1206.0,1280.0,1332.5,1409.5,1529.0,1819.5,1536.0,475.5,696.0,916.5,1032.0,1081.0,1137.0,1215.0,1261.5,2094.5,1627.0,675.0,877.0,1150.0,1322.5,1391.0,1485.5,1504.5,1606.0,2182.5,1719.5,817.0,990.0,1232.0,1408.0,1427.0,1547.0,1590.5,1635.0,1916.0,1578.0,582.0,743.0,940.5,1073.0,1120.0,1180.5,1256.5,1302.0,2084.0,1634.5,662.5,817.5,1011.0,1145.5,1212.5,1276.0,1316.0,1400.0,1685.0,1407.0,470.5,588.5,780.0,874.5,905.0,1003.5,1105.0,1104.0,1733.5,1375.5,685.0,876.5,1042.5,1178.0,1263.0,1330.5,1356.0,1428.5,1546.5,1206.0,462.5,664.0,813.5,931.0,957.5,1038.5,1105.0,1115.5,1809.0,1518.0,643.0,761.5,914.0,1027.0,1070.0,1129.0,1197.0,1225.0,2276.5,1878.0,801.5,1057.5,1235.5,1379.0,1420.0,1540.0,1584.0,1612.0,2528.5,1970.5,1288.5,1430.0,1583.0,1758.0,1922.5,1996.5,2151.5,2076.0,2176.0,1820.0,903.5,1026.5,1198.5,1280.5,1391.5,1457.5,1551.5,1578.5,2131.5,1786.5,713.0,920.5,1131.0,1254.5,1251.5,1380.5,1447.5,1458.5,2247.0,1907.5,893.0,1158.0,1388.5,1507.0,1554.0,1621.0,1710.0,1712.5,"{""type"":""MultiPoint"",""coordinates"":[]}"
1017_0,3,1852.5,1577.0,565.0,710.0,949.5,1040.0,1100.5,1150.0,1246.5,1283.5,2521.5,2149.0,988.5,1309.5,1587.5,1723.0,1747.0,1823.0,1929.5,1927.5,2547.0,2195.5,910.0,1194.0,1485.5,1621.0,1624.0,1700.0,1792.5,1821.5,2478.5,2178.5,915.5,1179.0,1453.0,1596.0,1601.5,1678.5,1734.5,1771.5,364.5,340.0,643.5,919.0,951.0,1218.5,979.0,1068.5,889.0,906.5,364.5,340.0,598.0,875.0,966.0,1138.0,1007.5,1014.5,939.0,919.0,680.5,469.5,571.0,837.5,824.0,1240.0,1311.5,1350.5,1218.0,1238.5,1206.0,735.5,514.5,837.5,638.5,1240.0,1899.0,2074.5,1921.5,1904.5,1516.5,870.5,432.0,802.0,541.0,1266.5,2635.0,3028.0,2843.0,2889.0,1437.0,800.0,380.0,739.5,482.5,1239.0,2654.0,3085.5,2943.0,3015.0,1370.0,745.0,367.5,713.0,479.0,1186.0,2597.0,3053.0,2930.5,3034.5,2173.5,1849.0,623.5,837.0,1082.0,1217.0,1260.0,1318.0,1442.0,1458.0,1311.5,688.5,307.0,654.5,425.5,1089.0,2584.5,3045.5,2999.5,3194.0,1297.0,668.0,300.5,626.5,412.0,1092.0,2641.5,3155.0,3203.5,3348.0,1329.5,672.5,355.5,725.5,459.5,1138.5,2924.5,3457.0,3439.5,3616.0,1640.5,852.5,491.5,951.5,551.0,1574.5,3223.5,3694.0,3733.0,3849.0,1665.5,903.0,466.0,998.0,650.0,1643.0,3010.0,3399.0,3567.0,3543.0,1824.0,1041.0,484.0,1025.0,866.0,1842.0,2739.0,3012.0,3143.0,3259.0,2165.5,1270.0,803.0,1301.5,1414.5,2200.5,2781.5,3055.0,3280.0,3330.5,2509.5,1554.5,862.0,1373.5,1587.0,2275.5,2734.5,3013.5,3288.5,3366.5,3512.0,2542.5,1105.0,1471.0,2003.5,2454.0,2738.0,2985.5,3225.5,3386.0,2838.5,1999.5,773.0,1059.0,1523.5,1836.0,1954.5,2131.5,2130.0,2416.5,1999.0,1698.5,501.0,739.5,976.0,1109.0,1169.0,1215.5,1311.0,1333.0,2108.0,1649.0,636.0,848.0,1180.5,1375.0,1381.0,1499.5,1572.5,1660.0,2417.5,1949.5,969.5,1146.0,1434.0,1614.5,1651.5,1761.5,1830.0,1894.5,2132.5,1755.0,604.5,788.5,1044.0,1177.0,1207.0,1303.5,1376.5,1438.5,2290.0,1790.5,656.5,857.0,1110.0,1260.5,1286.5,1401.5,1437.5,1545.5,1923.5,1487.0,489.0,591.0,845.5,934.0,984.5,1084.5,1171.0,1175.5,1639.5,1304.0,717.5,883.5,1025.0,1105.0,1185.5,1230.0,1301.5,1343.5,1625.0,1290.5,482.0,648.5,838.5,931.5,1005.5,1031.0,1135.0,1161.0,1837.0,1594.5,618.5,741.5,934.5,1024.0,1051.0,1131.0,1209.0,1214.5,2300.0,1979.0,788.0,1017.0,1240.5,1380.5,1413.0,1451.0,1539.0,1563.0,2276.5,1942.0,785.5,965.5,1223.0,1320.5,1300.0,1396.0,1494.0,1497.5,2164.5,1822.5,776.0,916.5,1132.0,1212.0,1212.0,1294.0,1390.0,1405.0,2118.0,1813.0,680.0,843.0,1085.5,1215.0,1233.5,1283.5,1393.5,1407.5,2271.5,1964.5,814.5,1102.5,1374.5,1474.0,1509.0,1588.0,1675.0,1686.0,"{""type"":""MultiPoint"",""coordinates"":[]}"
1018_0,3,3020.0,2692.5,2258.5,2211.0,2304.0,2451.5,2520.5,2539.0,2678.0,2658.5,2596.0,2421.0,820.0,1100.0,1429.0,1598.0,1654.0,1727.0,1834.0,1855.0,2298.0,2129.0,590.0,847.0,1162.0,1301.0,1326.0,1425.0,1551.0,1546.0,212.5,207.0,276.0,400.0,360.0,459.5,276.0,316.5,315.0,217.5,221.0,179.0,295.0,451.0,415.0,561.0,428.0,489.5,469.0,378.5,334.0,269.0,296.5,492.0,431.0,659.5,688.5,785.0,765.0,649.5,669.0,553.0,307.0,558.0,374.0,939.0,1111.0,1182.0,1126.0,1093.0,701.0,519.0,257.0,492.0,322.0,736.0,1250.0,1548.0,1546.0,1372.0,1047.0,589.0,157.0,324.0,119.0,564.0,1756.0,2239.0,2156.0,2144.0,1163.0,585.5,35.5,242.0,37.0,479.5,2299.5,3417.5,3402.5,3442.0,1294.0,601.0,54.0,276.0,42.0,496.0,2605.5,3946.0,3989.5,3970.0,2074.5,1834.0,1027.5,1009.0,1123.0,1258.5,1279.5,1369.0,1392.5,1479.0,1416.5,664.5,69.0,323.0,75.0,610.0,2947.5,4408.5,4410.0,4522.5,1526.5,722.0,219.5,713.0,300.5,1207.5,3451.0,4588.0,4693.5,4841.5,1655.0,803.0,539.0,936.0,670.0,1474.0,3469.0,4316.0,4367.0,4551.0,1729.0,943.0,675.0,1116.0,993.0,1847.0,3220.0,3736.0,3908.0,3998.0,1813.0,1031.0,631.0,1142.0,1025.0,1936.0,3028.0,3390.0,3737.0,3709.0,2497.0,1600.0,700.0,1197.0,1317.0,2215.0,3045.0,3390.0,3605.0,3716.0,4710.5,3361.5,1246.0,1704.0,2436.5,2976.5,3275.5,3571.5,3924.0,4104.5,4574.5,3354.0,1170.0,1626.5,2374.5,2766.5,3045.0,3319.5,3640.5,3762.0,4159.0,3049.0,1095.0,1567.0,2314.0,2643.0,2849.0,3156.0,3344.0,3448.0,3509.0,2969.0,1012.0,1399.0,1981.5,2378.0,2545.5,2803.5,2614.5,3073.0,2096.5,1834.5,495.0,673.5,919.5,1059.5,1141.5,1225.0,1379.0,1368.5,3429.0,2753.5,730.0,992.0,1331.5,1617.0,1808.5,1975.0,2095.5,2273.5,2659.5,2233.0,1058.0,1162.0,1323.0,1534.5,1668.0,1784.0,1831.5,1948.0,3267.5,2927.5,737.0,848.5,1038.0,1288.0,1449.0,1649.5,1701.5,1811.0,2915.5,2581.0,690.0,802.5,957.5,1206.0,1351.5,1507.5,1572.0,1671.0,2538.0,1884.0,484.0,608.0,807.0,1127.0,1264.0,1389.0,1515.0,1614.0,0.0,0.0,0.0,0.0,0.0,0.0,0.0,0.0,0.0,0.0,2016.0,1710.0,404.0,623.0,879.0,1056.0,1149.0,1238.0,1396.0,1430.0,2258.0,1956.0,538.0,729.0,943.0,1170.0,1315.0,1394.0,1512.0,1537.0,2338.0,1979.0,574.0,803.0,1008.0,1255.0,1519.0,1573.0,1780.0,1812.0,2301.5,1952.5,665.0,845.0,1025.5,1277.0,1554.5,1694.0,1864.5,1835.5,2162.0,1990.0,648.0,813.0,1041.0,1190.0,1316.0,1424.0,1488.0,1577.0,2169.0,2058.0,615.0,797.0,1070.0,1190.0,1271.0,1349.0,1467.0,1512.0,2210.0,2063.5,654.0,874.5,1144.5,1283.5,1346.5,1446.0,1559.5,1558.5,"{""type"":""MultiPoint"",""coordinates"":[]}"
1019_0,3,1675.0,1401.0,582.5,729.0,937.5,1053.5,1054.0,1168.0,1198.0,1232.0,2400.5,2136.0,989.0,1265.5,1496.0,1593.5,1632.0,1695.5,1794.0,1785.5,2204.5,1900.5,869.0,1136.5,1376.5,1486.0,1500.5,1551.0,1643.0,1660.5,924.0,814.0,646.0,886.0,944.5,1125.0,810.0,937.0,856.5,828.5,969.0,849.0,676.0,935.0,968.0,1175.0,938.0,931.0,856.0,952.0,1053.0,890.0,718.0,973.0,1028.0,1268.0,1094.0,1135.0,1078.0,1049.0,1185.0,942.0,636.0,959.0,888.0,1268.0,1435.0,1561.0,1499.0,1484.0,1303.0,944.0,600.0,877.0,688.0,1283.0,1845.0,2027.0,2022.0,1929.0,1430.0,958.0,545.0,828.0,701.0,1265.0,1911.0,2103.0,2079.0,2084.0,1446.0,930.5,378.5,639.5,516.5,1054.5,1952.5,2466.5,2414.5,2501.0,1561.0,1054.5,408.5,668.5,596.5,1088.5,1922.5,2362.0,2358.0,2302.5,1932.0,1646.0,724.5,899.0,1114.0,1233.5,1257.5,1316.0,1399.5,1429.0,1677.0,1116.0,472.0,754.0,643.0,1131.0,2277.0,2805.0,2695.0,2812.0,1623.0,1036.0,348.0,670.0,475.0,1088.0,2319.0,2913.0,2880.0,2996.0,1756.0,1107.0,437.0,799.0,670.0,1304.0,2566.0,3088.0,3106.0,3208.0,1851.0,1162.0,551.0,925.0,853.0,1638.0,2796.0,3148.0,3406.0,3390.0,2303.0,1505.0,609.0,1033.0,1018.0,1682.0,2641.0,2897.0,3164.0,3354.0,2611.5,1818.0,748.0,1178.5,1349.5,2001.5,2558.0,2957.5,3150.5,3083.0,3521.5,2535.0,1234.5,1608.5,1997.0,2386.5,2672.5,2808.5,3180.5,3131.5,3557.5,2678.0,1173.0,1561.0,2114.0,2472.0,2706.0,2807.5,3293.0,3161.0,3334.0,2619.0,1168.0,1514.0,1982.0,2261.0,2486.0,2728.0,3059.0,3065.0,2063.0,1589.0,625.0,799.0,1086.5,1314.5,1393.5,1434.0,1480.0,1564.0,1716.0,1422.0,661.0,839.0,1009.0,1135.0,1202.0,1269.0,1350.0,1378.0,2333.0,1887.0,730.0,908.0,1188.0,1404.0,1441.0,1529.0,1603.0,1679.0,2194.0,1791.5,756.0,912.0,1161.5,1326.0,1363.0,1469.5,1520.5,1565.0,1747.0,1517.5,506.5,680.5,881.0,954.5,997.0,1056.0,1197.0,1172.0,1944.5,1736.5,651.5,808.5,1011.0,1087.5,1139.0,1188.0,1295.0,1302.0,1474.0,1281.0,396.0,536.0,698.0,779.0,788.0,852.0,930.0,925.0,0.0,0.0,0.0,0.0,0.0,0.0,0.0,0.0,0.0,0.0,2150.0,1845.0,737.0,978.0,1209.0,1308.0,1335.0,1438.0,1506.0,1511.0,330.0,277.0,267.0,243.0,233.0,236.0,244.0,259.0,249.0,254.0,2610.0,2334.0,989.0,1285.0,1538.0,1695.0,1688.0,1766.0,1875.0,1867.0,1811.0,1515.0,843.0,846.0,904.0,1014.0,1085.0,1163.0,1363.0,1243.0,1811.0,1515.0,551.0,688.0,878.0,996.0,998.0,1071.0,1068.0,1137.0,2078.0,1795.0,757.0,918.0,1098.0,1206.0,1270.0,1263.0,1345.0,1373.0,2193.5,1945.5,776.5,976.0,1178.0,1274.0,1318.0,1388.0,1483.0,1488.5,"{""type"":""MultiPoint"",""coordinates"":[]}"
1020_0,3,1058.5,897.5,328.5,414.5,495.5,538.5,558.0,615.5,653.0,637.5,1859.5,1632.0,691.5,888.5,1035.5,1123.5,1160.0,1213.0,1284.5,1285.0,2027.0,1797.5,724.5,944.0,1101.0,1205.5,1249.0,1313.0,1362.5,1359.5,2438.5,2167.0,1069.0,1328.0,1519.5,1640.5,1656.0,1727.0,1777.0,1802.0,2598.0,2356.0,1177.0,1404.0,1608.0,1725.0,1771.0,1843.0,1927.0,1904.0,2349.0,2107.0,1070.0,1300.0,1478.0,1572.0,1608.0,1680.0,1740.0,1742.0,393.0,356.0,926.0,1122.0,1170.0,1307.0,947.0,944.0,939.0,746.0,399.0,367.0,926.0,1122.0,1190.0,1380.0,989.0,1028.0,954.0,830.0,254.0,211.0,635.0,933.0,946.0,1095.0,828.0,897.0,840.0,695.0,263.0,203.5,633.0,954.0,980.0,1178.0,831.5,975.0,881.0,728.5,329.0,233.0,496.5,856.0,856.5,1130.5,871.5,1026.5,926.5,775.5,1284.5,1119.0,470.5,584.0,677.0,725.0,746.0,804.5,866.5,850.0,760.0,450.0,382.0,602.0,478.0,894.0,1282.0,1664.0,1452.0,1404.0,906.0,493.0,191.0,408.0,253.0,707.0,1619.0,2107.0,1850.0,1798.0,1072.0,535.0,191.0,379.0,199.0,665.0,2078.0,2694.0,2515.0,2613.0,1250.0,616.0,309.0,514.0,314.0,843.0,2369.0,2989.0,2804.0,2912.0,1250.0,627.0,303.0,602.0,367.0,1089.0,2371.0,2782.0,2795.0,2843.0,1259.5,679.0,340.5,692.0,492.5,1272.0,2354.0,2617.5,2680.0,2727.5,1538.0,898.0,735.0,1128.0,1198.0,1891.0,2576.0,2834.0,3002.0,3054.0,2201.0,1416.5,683.5,1075.0,1301.5,1911.5,2507.0,2761.5,3050.0,3094.5,2562.0,1770.0,754.0,1188.0,1525.0,2128.0,2585.0,2816.5,3125.0,3193.5,2885.0,2044.0,891.0,1267.0,1743.0,2122.0,2321.0,2490.0,2602.0,2793.0,1342.0,1099.0,511.0,612.0,721.0,752.0,769.0,841.0,883.0,875.0,3294.0,2487.0,947.0,1265.0,1742.0,2045.0,2234.0,2394.0,2568.0,2648.0,3203.5,2398.5,1022.0,1304.0,1741.0,2027.5,2156.5,2315.0,2499.0,2583.0,2900.5,2278.5,804.5,1052.0,1386.5,1584.5,1684.5,1828.5,1992.0,2057.0,2993.0,2414.0,936.0,1100.0,1420.0,1630.0,1707.0,1877.0,2000.0,2106.0,2334.0,1461.0,716.0,884.0,1186.0,1373.0,1469.0,1603.0,1773.0,1825.0,556.0,356.0,475.0,453.0,501.0,527.0,581.0,658.0,711.0,718.0,2045.0,1824.0,710.0,928.0,1141.0,1203.0,1242.0,1324.0,1407.0,1378.0,1072.0,1023.0,454.0,498.0,588.0,638.0,663.0,765.0,611.0,830.0,2245.0,2013.0,824.0,1090.0,1276.0,1410.0,1397.0,1483.0,1556.0,1542.0,1764.0,1526.0,563.0,653.0,813.0,883.0,888.0,965.0,1004.0,1026.0,1623.5,1384.0,481.0,631.5,778.5,842.0,843.5,908.0,966.5,982.0,1667.0,1485.0,590.0,744.0,861.0,956.0,982.0,1053.0,1102.0,1118.0,1726.0,1533.0,620.0,791.5,918.0,995.0,1024.5,1095.0,1163.0,1142.5,"{""type"":""MultiPoint"",""coordinates"":[]}"
1021_0,3,2301.5,1873.0,697.5,852.5,1143.0,1259.5,1327.5,1392.5,1492.0,1560.5,2154.5,1854.0,736.5,934.5,1200.0,1318.0,1359.0,1415.0,1522.5,1540.0,2334.5,2045.5,845.0,1068.0,1380.0,1491.5,1516.5,1591.0,1686.0,1694.5,2441.5,2150.5,871.0,1121.5,1440.5,1595.0,1617.5,1703.5,1778.5,1808.5,653.0,634.0,755.0,951.0,959.0,1130.0,869.0,912.0,875.0,726.0,422.0,381.0,755.0,950.0,959.0,1130.0,869.0,912.0,898.0,814.0,500.0,457.0,472.0,742.0,601.0,1005.0,1033.0,1087.0,997.0,975.0,1004.0,649.0,472.0,722.0,486.0,1005.0,1566.0,1733.0,1599.0,1574.0,1572.0,762.0,340.0,722.0,355.0,955.0,3085.0,3625.0,3635.0,3561.0,1902.5,963.5,303.0,672.0,358.0,1083.5,3350.0,4267.5,4258.5,4450.5,1757.5,861.5,164.0,414.0,252.0,788.0,3046.0,4272.5,4440.5,4609.0,2521.0,2097.0,756.0,934.0,1215.0,1378.0,1429.0,1496.0,1562.0,1687.0,1770.0,863.0,221.0,438.0,269.0,806.0,3088.0,4345.0,4432.0,4719.0,1655.0,804.0,143.0,433.0,229.0,922.0,3215.0,4522.0,4635.0,4801.0,1683.0,808.0,282.0,713.0,407.0,1274.0,3464.0,4677.0,4690.0,4947.0,1861.0,953.0,477.0,972.0,690.0,1740.0,3724.0,4591.0,4788.0,4891.0,1955.5,1063.5,549.5,1070.5,876.0,1917.0,3614.5,4171.5,4600.0,4675.5,2324.0,1359.5,626.5,1177.0,1194.0,2164.5,3508.5,4014.0,4269.0,4422.5,2767.0,1626.0,838.5,1353.5,1460.0,2417.0,3549.5,3984.0,4331.5,4455.0,3895.5,2693.0,1022.5,1523.5,1933.5,2703.0,3306.0,3603.5,3888.5,4186.5,3714.0,2630.0,1078.5,1550.0,2214.0,2739.5,3006.5,3328.5,3712.0,3814.0,3350.0,2411.0,997.0,1404.0,2112.0,2602.0,2796.0,3067.0,3136.0,3494.0,2496.5,2094.5,735.0,897.0,1199.0,1363.0,1376.5,1459.0,1599.0,1649.5,3266.0,2398.5,980.5,1357.5,1941.5,2451.0,2530.0,2797.5,2840.5,3102.5,3062.5,2247.0,975.0,1259.5,1716.0,2023.5,2224.5,2399.0,2574.5,2786.0,2842.0,2170.0,710.0,912.0,1231.5,1495.0,1602.0,1717.5,1823.0,2030.5,2876.0,2260.0,759.5,915.5,1216.5,1455.5,1576.5,1684.0,1756.5,1963.0,1880.0,1503.0,590.0,768.0,1055.0,1171.0,1198.0,1306.0,1456.0,1465.0,0.0,0.0,0.0,0.0,0.0,0.0,0.0,0.0,0.0,0.0,2330.0,1996.0,673.0,866.0,1095.0,1216.0,1190.0,1269.0,1379.0,1390.0,2230.0,1928.0,705.0,780.0,985.0,1085.0,1081.0,1137.0,1252.0,1274.0,2416.5,2089.0,758.5,931.0,1193.5,1290.5,1302.0,1380.5,1503.0,1533.5,2469.0,2118.0,738.0,858.0,1125.0,1285.0,1185.0,1239.0,1363.0,1416.0,2509.0,2099.5,826.5,922.0,1169.5,1306.0,1258.5,1316.0,1445.0,1484.5,2282.0,1964.0,783.0,911.0,1146.0,1218.0,1268.0,1319.0,1490.0,1478.0,2104.0,1827.0,666.0,808.0,1050.0,1142.0,1195.0,1273.0,1373.0,1383.0,"{""type"":""MultiPoint"",""coordinates"":[]}"
1022_0,3,1692.0,1417.0,577.0,717.0,961.5,1030.5,1085.5,1133.5,1256.0,1244.0,2473.5,2182.5,864.5,1153.0,1426.5,1555.5,1601.0,1670.5,1780.5,1774.0,2523.0,2250.5,881.5,1148.5,1431.0,1554.5,1587.0,1674.5,1764.0,1790.5,549.5,515.5,756.0,1030.5,1125.5,1282.0,979.0,1041.0,945.5,854.0,236.0,216.0,553.0,798.0,869.0,935.0,635.0,693.0,638.0,529.0,472.0,435.0,784.0,1062.0,1085.0,1393.0,1069.0,1142.0,1060.0,975.0,820.0,531.0,501.0,834.0,640.0,1166.0,1546.0,1616.0,1658.0,1598.0,1217.0,743.0,442.0,864.0,514.0,1298.0,2496.0,2782.0,2683.0,2433.0,1165.0,714.0,458.0,818.0,647.0,1305.0,2337.0,2369.0,2481.0,2261.0,1032.5,634.0,288.0,582.0,431.0,1066.5,1972.0,2296.5,2293.0,2296.5,1155.5,700.0,273.0,493.5,372.0,956.5,1915.0,2252.0,2242.0,2247.5,1939.5,1655.0,700.5,879.0,1105.0,1189.5,1225.5,1301.5,1417.0,1392.5,1431.0,771.0,243.0,522.0,370.0,928.0,2456.0,3078.0,2949.0,3097.0,1522.0,799.0,219.0,581.0,330.0,1023.0,2814.0,3481.0,3517.0,3625.0,1539.0,799.0,321.0,727.0,468.0,1246.0,2908.0,3531.0,3572.0,3693.0,1551.0,874.0,476.0,912.0,757.0,1609.0,2785.0,3168.0,3274.0,3349.0,1956.0,1113.0,520.0,948.0,845.0,1637.0,2603.0,2906.0,3222.0,3269.0,2177.5,1273.5,535.0,946.0,988.0,1670.5,2513.5,2801.0,3045.0,3186.5,3549.0,2415.0,1024.5,1416.0,1748.5,2091.0,2490.5,2743.0,3037.5,3151.5,3466.0,2427.0,890.0,1216.5,1669.5,1990.0,2393.0,2671.5,2995.0,3039.5,3453.0,2388.0,803.0,1133.0,1602.0,1960.0,2363.0,2648.0,2962.0,3026.0,2157.5,1597.5,616.5,821.0,1086.5,1285.5,1442.0,1531.0,1713.0,1746.0,1869.5,1592.0,609.0,788.0,1037.5,1108.5,1164.5,1240.5,1361.0,1330.5,2341.0,1832.0,629.0,867.0,1128.0,1339.0,1512.0,1604.0,1789.0,1770.0,2261.5,1772.0,675.5,874.0,1107.5,1319.0,1440.5,1547.5,1709.0,1726.5,1795.5,1535.5,444.0,606.5,818.5,924.0,980.0,1049.5,1171.0,1166.5,2099.0,1885.0,603.0,781.0,1024.0,1178.0,1194.0,1284.0,1362.0,1381.0,1560.0,1398.0,371.0,520.0,713.0,784.0,833.0,880.0,999.0,967.0,0.0,0.0,0.0,0.0,0.0,0.0,0.0,0.0,0.0,0.0,2072.0,1824.0,691.0,922.0,1155.0,1244.0,1269.0,1351.0,1476.0,1463.0,238.0,205.0,224.0,177.0,162.0,167.0,155.0,176.0,180.0,173.0,2362.0,2086.0,799.0,1061.0,1313.0,1427.0,1454.0,1544.0,1640.0,1648.0,1711.0,1445.0,451.0,559.0,795.0,889.0,848.0,926.0,1007.0,1044.0,1591.0,1420.0,574.5,709.5,922.0,1020.0,1024.0,1104.0,1176.5,1205.0,2003.0,1769.0,707.0,860.0,1049.0,1151.0,1200.0,1282.0,1346.0,1366.0,2102.0,1871.5,656.5,861.5,1084.5,1187.0,1245.0,1309.0,1406.5,1409.0,"{""type"":""MultiPoint"",""coordinates"":[]}"
1023_0,3,1992.5,1623.0,642.5,786.0,1063.0,1203.0,1233.0,1290.5,1433.0,1438.5,2206.5,1875.5,748.5,947.5,1212.5,1341.5,1366.5,1472.5,1568.5,1581.0,2292.5,1972.5,853.5,1082.0,1365.5,1483.5,1491.0,1556.0,1650.5,1666.5,2559.0,2227.0,1021.5,1270.5,1571.0,1692.5,1731.5,1801.0,1896.5,1899.5,1207.0,1037.0,746.0,939.0,1084.0,1184.0,1156.0,1196.0,1172.0,1213.0,369.0,365.0,594.0,780.0,818.0,979.0,819.0,926.0,890.0,779.0,460.0,355.0,547.0,796.0,773.0,1004.0,967.0,1027.0,963.0,919.0,532.0,397.0,547.0,796.0,727.0,1039.0,1140.0,1212.0,1135.0,1124.0,828.0,566.0,425.0,721.0,509.0,1019.0,1603.0,1849.0,1815.0,1593.0,1518.5,839.0,223.5,571.0,260.5,972.5,2961.0,3642.0,3645.5,3622.5,1692.5,833.5,115.5,402.0,126.5,803.0,3223.0,4562.5,4502.5,4527.0,2222.0,1834.0,704.0,901.0,1165.0,1323.0,1372.0,1428.0,1532.0,1591.0,1719.0,836.0,144.0,403.0,138.0,761.0,3386.0,4730.0,4780.0,5016.0,1722.0,805.0,103.0,398.0,192.0,878.0,3447.0,4850.0,4953.0,5158.0,1801.0,865.0,192.0,556.0,329.0,1074.0,3550.0,4805.0,4964.0,5314.0,1864.0,944.0,418.0,843.0,578.0,1576.0,3620.0,4417.0,4780.0,4846.0,1941.0,1080.0,462.0,927.0,725.0,1576.0,3275.0,4049.0,4484.0,4322.0,2127.0,1246.5,481.5,978.5,937.0,1850.5,3197.5,3668.5,4098.0,4184.0,2599.5,1552.0,786.0,1268.5,1443.0,2227.0,3222.0,3624.0,4048.0,4119.0,2997.0,1947.0,937.5,1430.0,1816.0,2550.5,3202.5,3571.0,4007.5,4025.0,4148.0,2842.0,1167.0,1555.0,2205.0,2676.0,2983.0,3327.0,3712.0,3757.0,3992.5,2754.0,1096.5,1514.5,2227.5,2591.0,2834.0,2979.5,3246.5,3578.5,2221.0,1845.5,677.0,861.0,1159.0,1285.0,1352.0,1426.5,1562.0,1602.5,3690.5,2607.5,965.5,1332.5,1867.5,2170.5,2414.0,2515.5,2681.5,2919.5,3406.0,2476.5,1005.0,1274.5,1755.0,2033.0,2124.5,2335.5,2522.0,2553.5,3033.5,2424.5,743.5,942.5,1268.5,1493.5,1596.0,1774.5,1833.5,1962.0,3189.0,2468.5,780.0,934.0,1242.0,1492.5,1590.5,1756.5,1774.5,1942.0,1551.0,1207.0,393.0,499.0,729.0,818.0,862.0,936.0,1048.0,1008.0,0.0,0.0,0.0,0.0,0.0,0.0,0.0,0.0,0.0,0.0,1642.0,1251.0,535.0,683.0,896.0,1016.0,1048.0,1082.0,1215.0,1222.0,1917.0,1517.0,641.0,774.0,956.0,1133.0,1142.0,1209.0,1276.0,1347.0,2450.0,2013.0,865.0,1070.0,1321.0,1448.0,1548.0,1595.0,1740.0,1753.0,2415.5,1963.0,889.0,1027.5,1273.0,1401.5,1470.5,1546.5,1665.5,1699.0,2003.5,1612.5,634.5,766.0,986.0,1111.5,1136.5,1183.0,1298.5,1345.0,2345.5,1978.0,846.0,1010.0,1209.0,1354.5,1474.0,1597.0,1706.0,1690.5,2343.0,1923.5,852.0,1026.5,1230.0,1406.0,1524.5,1641.5,1775.5,1777.5,"{""type"":""MultiPoint"",""coordinates"":[]}"
1024_0,3,2420.0,2266.0,784.0,918.0,1129.5,1205.0,1241.5,1325.0,1462.0,1482.5,3403.5,3165.5,1143.0,1402.5,1726.0,1882.5,1938.0,2035.5,2199.0,2185.5,3474.5,3268.0,1179.0,1418.5,1760.0,1945.5,1952.5,2070.5,2211.5,2235.5,3455.5,3239.0,1175.0,1443.0,1752.0,1863.5,1989.5,2074.5,2210.0,2249.0,3487.0,3286.0,1232.0,1508.5,1821.5,2009.5,1990.0,2144.0,2247.5,2306.5,3534.5,3348.5,1319.5,1581.5,1896.0,2055.5,2030.0,2163.0,2314.5,2321.0,3527.0,3331.5,1322.5,1611.0,1925.0,2033.0,2071.5,2191.0,2355.5,2346.0,3560.0,3331.5,1366.0,1634.0,1945.0,2034.0,2082.0,2246.5,2378.5,2409.0,3585.0,3366.0,1323.5,1607.5,1928.0,2036.5,2086.5,2228.0,2353.5,2393.0,3579.5,3362.0,1325.0,1583.5,1900.5,2031.5,2086.5,2230.0,2332.0,2356.0,3558.5,3304.5,1337.5,1584.5,1903.0,2042.0,2089.0,2200.0,2278.5,2361.5,2512.0,2330.0,860.5,1075.5,1241.0,1395.0,1432.5,1465.5,1516.5,1627.5,3504.0,3279.5,1354.5,1597.0,1905.0,2075.5,2078.5,2227.0,2279.0,2368.0,3469.5,3279.5,1300.0,1560.0,1864.5,2015.5,2013.5,2105.5,2239.5,2294.5,3485.0,3284.5,1353.5,1620.5,1875.5,2024.0,2123.5,2199.5,2270.0,2315.5,3441.5,3276.5,1354.5,1575.0,1846.5,1947.5,2048.0,2168.5,2288.0,2278.5,3437.0,3235.0,1299.0,1560.0,1843.5,1942.5,2022.0,2140.0,2233.0,2266.0,3332.5,3144.5,1247.0,1509.0,1793.0,1961.0,1947.5,2072.0,2190.0,2223.0,3303.5,3032.0,2353.0,2489.0,2527.5,2635.0,2590.0,2601.0,2631.5,2601.5,3262.0,2982.5,1245.5,1522.5,1802.5,1925.5,2018.0,2070.0,2190.0,2271.5,3284.0,3040.0,1201.5,1494.5,1786.0,1837.5,1975.0,2098.0,2208.0,2232.5,2848.0,2642.5,975.5,1136.5,1378.5,1486.0,1527.5,1650.5,1719.0,1772.0,2123.0,1870.5,614.5,786.5,977.0,1042.5,1095.5,1162.0,1288.5,1289.0,2833.0,2633.5,941.0,1137.0,1379.0,1510.5,1566.0,1630.0,1709.0,1789.5,2782.5,2536.0,971.5,1185.0,1393.0,1550.0,1522.0,1675.0,1751.0,1813.5,3257.0,2950.5,1817.0,1920.5,2119.5,2229.5,2219.0,2304.0,2450.5,2405.5,2861.0,2675.5,1026.0,1266.0,1500.5,1646.5,1701.0,1719.0,1891.5,1876.0,2982.0,2798.0,1059.0,1266.5,1490.5,1639.0,1651.0,1738.0,1824.0,1884.5,0.0,0.0,0.0,0.0,0.0,0.0,0.0,0.0,0.0,0.0,2845.0,2645.5,955.0,1181.0,1420.5,1532.0,1595.5,1643.5,1803.0,1802.0,3266.0,3048.0,1124.0,1352.5,1624.5,1755.0,1776.0,1919.0,2068.0,2080.0,3073.5,2899.5,1041.0,1317.5,1606.5,1665.5,1739.0,1887.5,2102.0,1979.0,2801.5,2630.5,998.5,1233.0,1492.5,1577.0,1604.5,1730.5,1911.0,1844.5,2844.0,2679.5,989.5,1191.0,1447.0,1545.0,1585.5,1683.0,1832.5,1842.0,3169.5,3010.0,1023.5,1264.0,1539.0,1680.0,1728.5,1846.0,2012.5,2059.0,3295.0,3090.5,1102.0,1342.5,1626.0,1780.5,1811.5,1942.5,2094.0,2128.5,"{""type"":""MultiPoint"",""coordinates"":[]}"
1025_0,3,1897.0,1583.0,555.5,718.0,945.0,1075.5,1111.5,1187.5,1292.5,1347.0,2591.0,2199.0,1041.5,1341.5,1633.5,1781.5,1848.0,1924.0,2067.0,2038.0,2285.5,1939.5,781.5,1036.5,1321.5,1458.5,1479.5,1552.0,1709.0,1714.5,175.0,158.5,384.0,586.5,634.5,784.5,623.5,698.0,721.0,641.5,227.5,168.0,526.5,681.0,703.0,859.0,833.5,907.0,932.0,839.0,441.0,373.5,558.0,779.0,697.0,999.0,1062.0,1141.0,1075.5,1036.0,843.5,515.5,411.5,689.5,543.0,998.0,1604.0,1784.0,1796.0,1680.5,1093.0,682.5,324.5,607.0,387.0,902.0,2007.5,2467.5,2452.5,2300.0,1448.5,737.0,249.5,549.0,267.5,907.0,2706.5,3463.0,3522.0,3569.0,1572.0,821.5,219.5,545.0,292.0,940.5,2846.0,3698.0,3786.0,3851.5,1573.0,799.0,188.0,427.5,240.0,780.0,2760.5,3853.0,4009.0,4042.5,2127.5,1840.5,609.0,805.5,1058.0,1188.5,1240.0,1319.5,1380.0,1424.5,1707.0,848.0,213.5,489.0,247.0,892.5,3166.0,4419.0,4554.0,4618.5,1711.0,860.0,330.0,888.0,466.5,1539.0,3735.5,4687.0,4868.0,4965.5,1781.0,916.5,474.0,1009.5,718.0,1709.5,3692.5,4387.5,4553.0,4691.5,1975.0,1105.0,670.0,1198.5,1093.0,2139.0,3443.0,3871.0,4138.5,4235.0,2286.0,1347.0,748.5,1305.5,1363.5,2318.0,3256.0,3701.0,4079.0,4053.0,2565.0,1573.0,796.0,1363.0,1546.0,2371.0,3191.0,3576.0,3868.0,3997.0,4139.0,2776.5,1180.0,1691.5,2324.0,2855.0,3195.5,3534.0,3788.0,4000.5,3873.5,2713.0,968.0,1417.0,2150.5,2643.5,2985.5,3267.0,3590.5,3703.0,3338.0,2342.0,831.5,1293.0,1913.5,2229.5,2549.5,2706.0,3134.0,3089.5,2074.0,1577.0,666.5,939.0,1302.5,1513.0,1538.5,1673.0,1781.5,1810.5,2032.0,1731.5,512.5,732.5,976.5,1096.0,1162.0,1235.5,1352.5,1385.0,2378.0,1881.0,783.0,1051.5,1430.0,1643.0,1697.5,1810.0,1922.0,1983.5,2366.0,1858.5,888.5,1111.0,1435.5,1606.5,1737.5,1811.0,1949.5,1995.0,2013.0,1716.0,627.0,766.5,1017.0,1144.0,1229.0,1299.0,1404.5,1436.5,2026.5,1670.5,564.5,784.5,1032.0,1183.5,1255.5,1338.0,1398.5,1486.5,1386.0,1191.5,361.0,488.5,656.5,719.0,761.0,837.5,936.5,892.0,0.0,0.0,0.0,0.0,0.0,0.0,0.0,0.0,0.0,0.0,1883.0,1601.5,492.0,676.0,886.0,1005.0,1059.5,1125.5,1248.5,1204.5,2049.0,1760.5,605.5,741.5,938.5,1036.5,1097.0,1170.5,1273.0,1276.5,2266.5,1952.5,677.0,862.0,1088.5,1228.0,1298.0,1360.5,1492.5,1521.5,2376.5,2025.0,836.5,966.0,1168.0,1313.5,1411.5,1470.5,1678.5,1646.0,2331.5,1964.0,770.0,911.5,1123.0,1253.0,1322.0,1412.0,1515.5,1565.5,2225.0,1901.0,667.0,886.5,1133.5,1258.0,1336.0,1387.5,1506.5,1521.0,2369.0,2029.0,813.0,1039.0,1315.0,1458.0,1511.0,1609.5,1709.0,1718.5,"{""type"":""MultiPoint"",""coordinates"":[]}"
1026_0,3,3045.5,2402.0,989.5,1089.0,1356.5,1546.5,1640.5,1785.0,1993.5,2032.0,2114.0,1947.0,642.0,894.0,1171.0,1299.0,1309.0,1394.0,1504.0,1542.0,2370.0,2248.0,808.0,1053.0,1368.0,1530.0,1552.0,1646.0,1732.0,1752.0,1093.5,1050.0,481.5,643.5,781.0,883.5,797.5,863.0,887.0,839.0,375.0,344.0,718.0,820.0,819.0,898.0,703.0,749.0,749.0,625.0,421.0,344.0,428.0,671.0,615.0,867.0,803.0,922.0,878.0,821.0,690.0,514.0,332.0,555.0,451.0,857.0,1135.0,1229.0,1182.0,1165.0,1291.0,775.0,271.0,584.0,371.0,913.0,2109.0,2598.0,2563.0,2541.0,1200.0,643.0,131.0,385.0,191.0,667.0,2194.0,2834.0,2707.0,2817.0,1350.0,640.0,78.5,315.5,73.5,590.5,2594.5,3726.0,3657.0,3711.0,1259.0,574.5,29.5,205.0,35.5,413.0,2483.5,3908.5,3932.5,4023.5,3245.5,2651.5,1545.0,1669.0,1911.5,2058.5,2107.5,2184.5,2350.0,2320.0,1254.5,573.5,34.0,190.0,27.0,415.5,2479.5,4120.5,4134.5,4292.5,1134.0,523.0,50.0,288.5,51.5,589.0,2680.5,4085.5,4194.0,4341.0,1210.0,545.0,462.0,746.0,512.0,1103.0,3017.0,4163.0,4206.0,4338.0,1285.0,651.0,590.0,940.0,704.0,1490.0,3061.0,3735.0,3894.0,3967.0,1285.0,688.0,464.0,893.0,704.0,1490.0,2846.0,3357.0,3575.0,3646.0,1551.0,868.0,425.0,914.0,889.0,1729.0,2816.0,3199.0,3403.0,3516.0,4173.5,2943.0,1096.0,1555.0,2230.0,2718.5,3032.5,3344.5,3649.5,3786.5,4210.0,3069.5,1136.5,1563.0,2284.5,2681.0,2891.0,3129.0,3463.0,3548.0,3502.0,2822.0,987.0,1413.0,2034.0,2274.0,2478.0,2680.0,2993.0,3017.0,3437.5,2464.5,945.0,1312.5,1900.0,2179.0,2305.5,2481.5,2710.5,2792.0,3219.0,2546.0,677.0,918.0,1257.0,1462.0,1512.0,1627.0,1834.0,1923.0,3638.0,2837.0,909.5,1203.0,1645.0,1896.5,2095.5,2242.5,2405.5,2543.5,4677.5,3926.0,2365.0,2557.0,2893.5,3179.0,3334.0,3426.0,3662.5,3698.0,3277.0,2711.5,866.0,1034.0,1301.5,1517.5,1643.5,1789.5,1939.0,2018.0,3121.0,2561.0,842.0,998.5,1234.0,1447.0,1598.5,1707.0,1860.0,1941.0,2160.0,1594.5,501.0,670.5,939.0,1098.5,1229.5,1396.0,1531.5,1556.0,0.0,0.0,0.0,0.0,0.0,0.0,0.0,0.0,0.0,0.0,3686.0,2959.0,903.0,1277.0,1753.0,2015.0,2050.0,2176.0,2340.0,2475.0,3949.0,3299.0,1310.0,1379.0,1753.0,2042.0,2079.0,2238.0,2340.0,2519.0,3589.0,2956.0,1052.0,1355.0,1719.0,1947.0,2023.0,2156.0,2384.0,2417.0,2782.5,2385.0,853.5,1036.0,1365.5,1527.0,1562.5,1672.5,1851.0,1876.5,1869.0,1648.0,590.0,726.0,1018.0,1113.0,1066.0,1112.0,1245.0,1275.0,1847.5,1726.0,528.0,701.0,971.0,1062.0,1068.5,1128.0,1241.5,1244.0,1912.5,1786.5,581.0,773.5,1037.0,1150.0,1174.5,1241.0,1356.0,1341.5,"{""type"":""MultiPoint"",""coordinates"":[]}"
1027_0,3,1743.0,1438.5,507.5,655.0,866.0,990.5,1035.0,1105.0,1166.0,1193.5,2461.0,2050.5,958.0,1263.0,1543.5,1682.0,1740.0,1803.0,1884.5,1899.5,2453.0,2050.5,897.0,1180.5,1467.0,1620.5,1627.0,1723.0,1773.5,1827.5,2364.5,2011.5,898.0,1159.5,1423.0,1569.0,1590.5,1682.5,1725.5,1784.0,265.5,225.0,634.0,846.5,946.0,1179.0,1049.5,1079.5,1095.0,997.5,483.0,315.5,652.0,918.0,993.5,1275.0,1180.0,1217.0,1207.0,1157.5,552.0,369.0,685.5,935.0,964.5,1341.5,1372.5,1417.0,1489.0,1364.5,751.0,487.0,660.0,926.5,946.5,1341.5,1570.0,1705.5,1691.5,1626.5,1288.0,746.5,378.5,729.5,524.0,1194.0,2271.5,2463.5,2359.0,2409.0,1637.0,940.0,342.0,731.0,558.5,1280.0,2687.5,3120.5,3154.0,3255.0,1580.5,880.5,346.0,698.5,513.5,1223.5,2626.5,3079.5,3118.0,3187.0,2100.0,1732.0,596.5,822.0,1055.0,1191.5,1243.5,1286.5,1400.0,1449.0,1506.0,817.0,298.5,647.5,464.5,1162.5,2507.0,3012.5,3005.0,3112.0,1351.0,706.0,238.0,572.5,390.5,1085.5,2507.5,3031.0,3025.5,3131.5,1294.0,691.5,270.0,581.0,361.5,999.0,2604.5,3101.0,3086.0,3196.0,1569.0,805.0,441.5,873.5,490.5,1426.0,3047.0,3472.0,3537.0,3646.0,1610.0,881.0,441.0,966.5,596.5,1556.5,2929.0,3330.5,3526.5,3480.0,1765.0,1022.0,477.0,1048.0,807.0,1837.0,2880.0,3110.0,3311.0,3417.0,2106.5,1183.5,706.5,1281.5,1167.5,2201.0,2952.0,3198.0,3424.0,3589.0,2471.0,1517.5,724.5,1322.0,1445.5,2355.5,2776.0,3043.0,3384.0,3486.0,3771.5,2573.5,1022.0,1438.5,1959.5,2461.0,2729.5,2967.5,3331.0,3421.0,1749.0,1326.5,475.5,673.5,927.0,1117.5,1154.5,1223.5,1266.0,1369.0,1899.0,1592.5,493.5,708.0,952.5,1068.5,1091.0,1199.5,1290.0,1342.5,1828.0,1453.5,497.5,707.0,944.5,1118.0,1145.0,1224.5,1287.0,1368.0,2069.5,1658.5,737.5,905.0,1137.5,1272.0,1314.5,1392.0,1470.5,1518.0,1851.5,1542.0,566.0,727.5,922.5,1022.5,1089.0,1144.5,1238.5,1264.0,2020.5,1715.0,668.5,834.0,1043.0,1155.0,1197.0,1263.5,1321.5,1366.5,1598.5,1326.5,444.5,538.0,724.5,823.0,885.5,939.5,1014.0,1034.5,0.0,0.0,0.0,0.0,0.0,0.0,0.0,0.0,0.0,0.0,1580.5,1177.0,440.0,613.5,792.5,903.5,970.0,1023.5,1097.0,1090.5,1808.5,1496.5,608.5,762.0,912.0,1013.0,1082.5,1142.5,1201.0,1218.5,2278.0,1921.5,773.0,1018.5,1221.5,1387.5,1414.5,1501.0,1578.0,1568.0,2223.0,1860.5,819.5,973.0,1205.5,1319.0,1330.0,1407.0,1556.0,1546.0,2055.5,1692.0,764.0,868.5,1051.0,1147.0,1190.0,1263.5,1357.0,1377.0,2088.0,1742.5,662.0,838.0,1058.0,1169.0,1219.5,1292.5,1369.5,1413.0,2194.0,1865.0,819.5,1067.5,1321.5,1428.5,1479.0,1540.0,1629.0,1630.0,"{""type"":""MultiPoint"",""coordinates"":[]}"
1028_0,3,2188.0,1687.5,892.5,974.0,1137.5,1308.5,1505.5,1628.0,1701.5,1789.5,2299.0,2093.0,642.0,898.0,1210.0,1320.0,1376.0,1484.0,1570.0,1649.0,2387.0,2219.0,734.0,955.0,1255.0,1417.0,1451.0,1565.0,1650.0,1715.0,2340.5,2180.0,754.5,994.5,1305.0,1432.0,1484.0,1581.5,1670.0,1702.5,529.0,491.0,591.0,745.0,819.0,870.0,669.0,760.0,651.0,649.0,715.0,609.0,1008.0,1074.0,1111.0,1155.0,996.0,1067.0,1098.0,947.0,490.0,463.0,343.0,613.0,423.0,918.0,896.0,996.0,931.0,925.0,1150.0,719.0,343.0,727.0,447.0,1120.0,1838.0,2110.0,2169.0,2151.0,1346.0,719.0,210.0,586.0,302.0,1009.0,2616.0,2792.0,2864.0,2974.0,1503.0,794.0,193.5,528.0,300.0,991.5,2647.5,3243.0,3212.0,3245.0,1357.5,699.5,159.0,461.5,240.0,849.5,2477.0,3161.5,3212.5,3278.5,4768.5,4030.5,2431.0,2650.5,2998.5,3353.5,3445.5,3524.5,3710.0,3788.0,1286.5,642.5,110.5,326.5,120.5,629.5,2436.5,3357.0,3401.5,3487.0,1092.5,547.0,72.5,283.0,77.5,565.0,2436.0,3390.0,3425.0,3471.5,1070.0,533.0,444.0,684.0,464.0,989.0,2506.0,3340.0,3342.0,3500.0,1267.0,667.0,586.0,947.0,671.0,1424.0,2931.0,3533.0,3648.0,3744.0,1270.0,701.0,485.0,908.0,671.0,1470.0,2747.0,3209.0,3406.0,3420.0,1587.0,922.0,457.0,927.0,892.0,1709.0,2668.0,3018.0,3208.0,3329.0,1979.5,1115.5,655.0,1162.0,1267.5,2074.5,2851.5,3150.5,3436.5,3474.0,2281.5,1426.0,1034.5,1510.5,1697.0,2319.5,2936.5,3195.5,3529.0,3545.5,3987.0,2754.5,1240.0,1733.0,2477.5,3017.5,3266.0,3608.5,3779.5,4103.0,3942.0,2770.0,1233.0,1695.0,2483.0,2914.0,3028.0,3299.0,3521.0,3635.0,3409.5,2740.5,835.0,1079.0,1484.0,1707.5,1830.5,1956.0,2215.0,2252.5,3846.0,2766.0,1050.0,1457.0,2033.5,2409.5,2595.5,2787.5,2978.0,3144.0,3391.5,2550.0,1308.5,1593.5,1962.0,2284.0,2497.0,2694.5,2836.0,2953.5,3186.5,2486.5,878.5,1064.5,1394.0,1674.5,1857.0,2043.0,2224.0,2295.0,3197.0,2466.0,874.5,1083.0,1388.5,1675.0,1871.5,2062.5,2219.0,2333.5,2585.5,1849.0,584.0,825.5,1101.0,1383.5,1607.0,1698.0,1921.5,2028.0,0.0,0.0,0.0,0.0,0.0,0.0,0.0,0.0,0.0,0.0,3520.0,2684.0,893.0,1171.0,1554.0,1874.0,2005.0,2141.0,2345.0,2409.0,3870.5,3006.5,1016.5,1275.0,1620.5,1975.0,2284.5,2430.5,2617.5,2760.0,3362.5,2595.0,874.5,1148.5,1409.0,1752.0,2117.0,2287.0,2534.0,2573.0,1883.5,1640.0,569.5,700.0,955.5,1042.5,1119.5,1187.0,1308.5,1345.5,2018.0,1753.0,604.0,735.0,1033.0,1123.0,1149.0,1212.0,1336.0,1429.0,2020.5,1859.5,556.5,748.5,1032.0,1129.0,1148.0,1227.0,1327.5,1347.0,2089.5,1918.0,612.5,818.5,1094.0,1207.5,1253.0,1324.0,1421.5,1450.0,"{""type"":""MultiPoint"",""coordinates"":[]}"
1029_0,3,1953.5,1619.5,580.0,749.0,1040.5,1155.5,1177.5,1279.5,1391.0,1370.0,2427.5,2082.5,930.0,1220.0,1508.0,1618.0,1686.0,1735.0,1845.0,1819.0,2314.0,2006.5,805.0,1074.0,1367.5,1473.0,1496.0,1570.5,1693.5,1648.0,426.0,428.5,665.0,899.5,960.5,1196.5,1013.5,1077.5,1020.5,942.5,278.5,284.5,535.0,744.5,841.5,988.5,880.5,956.0,919.5,902.5,342.0,284.5,500.5,782.0,768.5,1135.5,1074.5,1119.0,1117.0,994.0,826.0,597.0,368.5,709.0,513.5,1053.0,1535.0,1700.0,1556.0,1525.0,1410.0,821.5,377.0,723.5,446.5,1071.5,2505.5,2885.0,2737.0,2897.0,1717.5,846.0,258.5,619.5,303.0,1023.5,3146.5,3922.5,3980.5,4009.5,1711.5,856.0,209.0,574.5,292.5,1007.0,3084.0,4065.0,4162.0,4284.0,1658.5,804.5,154.5,407.0,226.0,762.0,2888.5,4065.5,4262.5,4386.5,2199.5,1880.0,639.5,872.0,1178.0,1289.0,1367.5,1418.5,1515.5,1528.5,1693.5,822.0,188.5,451.5,243.5,844.5,3086.5,4351.0,4482.5,4651.0,1680.5,822.0,255.0,782.5,382.0,1379.0,3606.5,4585.0,4758.5,4868.0,1737.0,881.5,418.0,895.0,603.5,1564.5,3621.5,4401.5,4490.5,4720.5,1960.0,1063.0,591.0,1079.5,990.0,2017.5,3430.5,3931.5,4167.5,4298.5,2248.0,1294.0,666.5,1189.5,1247.5,2153.0,3281.0,3720.5,4097.0,4166.0,2657.0,1616.0,777.0,1303.0,1589.0,2430.0,3240.0,3631.0,3905.0,4059.0,4107.5,2788.0,1224.5,1751.0,2490.0,2923.5,3254.5,3505.0,3921.0,4017.0,4000.0,2788.0,1148.0,1600.5,2392.0,2909.0,3116.5,3399.5,3809.0,3833.0,3792.5,2771.5,1217.0,1789.0,2566.0,2921.5,3140.5,3346.0,3388.5,3817.0,2727.0,2098.5,944.5,1288.5,1820.0,2074.0,2097.0,2285.5,2372.0,2422.0,2090.5,1721.5,540.5,796.0,1075.5,1212.0,1222.5,1329.5,1463.0,1480.5,2641.0,2033.5,949.0,1251.5,1758.0,1981.0,2023.5,2195.0,2354.5,2364.5,2586.0,1990.5,1018.5,1274.0,1694.5,1876.0,1981.5,2067.0,2251.5,2254.0,2233.5,1817.0,707.0,892.5,1201.0,1349.0,1404.0,1530.0,1617.0,1637.5,1955.5,1611.5,583.5,824.0,1144.5,1283.5,1310.0,1396.0,1471.0,1557.0,1477.5,1258.0,409.5,535.5,743.5,820.5,877.0,926.0,1014.0,1010.5,0.0,0.0,0.0,0.0,0.0,0.0,0.0,0.0,0.0,0.0,1549.0,1148.0,450.5,606.5,845.5,923.5,973.0,1065.5,1186.0,1195.0,1916.0,1594.5,650.5,801.5,982.0,1080.5,1140.5,1226.5,1325.0,1322.5,2350.0,1970.0,802.0,1035.0,1297.0,1451.0,1514.0,1543.5,1707.5,1689.5,2349.5,1976.0,793.5,972.0,1253.0,1372.0,1389.0,1475.5,1649.0,1616.0,2215.5,1825.0,810.5,927.0,1160.5,1243.0,1266.5,1390.0,1508.0,1497.0,2201.5,1883.0,692.5,905.0,1183.0,1288.5,1348.0,1394.5,1560.0,1544.5,2211.5,1936.5,757.0,981.0,1278.5,1393.5,1443.0,1522.0,1620.0,1614.0,"{""type"":""MultiPoint"",""coordinates"":[]}"
1030_0,3,1841.5,1510.0,536.0,702.5,920.0,1037.0,1093.0,1171.5,1230.5,1266.0,2479.5,2079.5,999.5,1304.5,1601.5,1727.0,1792.0,1859.0,1962.0,1948.0,2479.5,2086.0,901.5,1183.5,1497.5,1613.5,1637.5,1737.0,1829.5,1840.5,2397.0,2046.5,904.5,1172.0,1458.5,1585.5,1608.5,1693.5,1765.5,1794.0,203.0,166.0,579.5,836.0,876.5,1070.5,882.5,972.5,931.5,856.0,203.0,166.0,578.0,839.5,862.0,1070.5,967.5,1029.0,1044.0,930.5,447.5,396.0,551.0,820.5,716.5,1127.5,1049.5,1141.5,1066.5,980.0,1061.5,773.0,445.5,786.0,548.0,1190.0,1910.5,2043.0,2000.0,1905.5,1456.5,773.0,279.0,670.0,279.0,1087.5,3365.5,4042.0,4099.5,3959.5,1691.5,902.0,238.5,621.0,427.5,1244.5,3047.5,3757.0,3994.5,4103.5,1772.0,953.5,262.0,594.5,457.0,1188.5,2895.0,3581.5,3786.5,3931.5,2148.0,1768.0,620.5,814.5,1062.5,1217.0,1242.0,1315.5,1430.0,1500.0,1703.0,896.0,228.0,562.5,382.0,1105.0,2864.5,3520.5,3676.5,3848.0,1535.5,764.0,139.0,484.0,276.0,996.0,2892.5,3612.5,3703.5,3887.5,1498.0,763.0,217.0,558.5,261.5,999.5,2968.5,3563.0,3701.0,3855.5,1809.5,926.5,465.0,935.0,497.0,1551.0,3458.0,3982.0,4201.0,4249.5,1836.5,973.0,431.5,1016.5,598.0,1721.0,3325.0,3712.5,4094.5,4030.5,1931.0,1080.0,498.0,1157.0,857.0,2049.0,3220.0,3519.0,3852.0,3917.0,2234.0,1254.5,772.5,1474.5,1316.0,2439.0,3217.5,3527.5,3926.0,3971.5,2486.0,1570.0,821.5,1484.0,1800.5,2566.5,3039.0,3309.5,3751.0,3801.0,4007.0,2645.0,1103.0,1544.5,2212.5,2676.5,2914.0,3249.0,3729.5,3748.0,1933.5,1461.0,583.5,824.0,1164.0,1321.0,1377.0,1465.5,1568.0,1625.5,2028.0,1662.5,506.0,718.0,980.5,1108.5,1174.5,1252.0,1367.0,1369.5,2089.0,1641.5,630.0,875.5,1211.5,1349.5,1399.0,1486.5,1604.5,1649.5,2266.5,1816.5,827.5,1030.0,1317.5,1482.0,1506.0,1602.5,1703.0,1752.5,2008.5,1672.5,649.0,821.5,1054.5,1193.5,1236.5,1302.0,1410.5,1445.0,2175.0,1858.5,747.5,894.5,1125.0,1274.0,1330.5,1381.5,1459.5,1533.0,1771.0,1477.0,536.5,642.5,864.0,951.5,1001.0,1076.5,1225.0,1219.5,0.0,0.0,0.0,0.0,0.0,0.0,0.0,0.0,0.0,0.0,1495.5,1089.5,420.0,574.5,758.0,863.0,935.0,1017.0,1107.0,1093.0,1835.5,1473.5,624.0,771.5,922.5,1058.5,1094.0,1183.5,1258.5,1289.0,2360.5,1923.5,840.5,1074.5,1332.5,1473.5,1525.5,1598.0,1708.0,1684.0,2303.0,1897.5,798.0,1021.5,1252.0,1412.5,1409.0,1510.5,1626.0,1630.5,2124.0,1729.0,768.0,907.5,1098.5,1238.0,1256.0,1334.5,1449.5,1448.5,1986.5,1672.0,700.0,837.5,1035.5,1120.0,1145.5,1233.0,1337.0,1335.5,2224.0,1907.5,806.5,1039.5,1323.5,1473.0,1527.5,1593.5,1683.5,1675.5,"{""type"":""MultiPoint"",""coordinates"":[]}"
1031_0,3,2197.0,1862.5,654.0,831.5,1147.5,1322.0,1365.5,1467.0,1533.0,1598.5,2602.0,2192.0,1005.0,1312.0,1634.5,1781.0,1839.5,1923.5,2038.0,2037.0,2630.0,2207.0,968.0,1266.0,1608.5,1783.0,1803.0,1891.0,1979.0,2011.5,2514.0,2139.5,1037.5,1352.5,1680.5,1872.5,1888.0,1941.5,2047.5,2036.5,191.0,162.0,743.5,959.5,1016.0,1188.0,990.5,1040.0,1039.0,887.5,207.0,171.0,633.5,901.0,913.5,1185.5,1001.5,1045.5,1039.0,887.5,393.0,293.5,593.5,879.0,838.0,1182.0,1094.5,1193.5,1144.0,1077.5,821.5,619.0,448.5,787.5,575.5,1186.5,1783.5,1977.0,1941.5,1844.5,1438.0,765.0,235.0,556.0,234.5,930.0,3398.5,4318.5,4350.5,4277.0,1728.0,925.0,213.0,577.0,424.0,1215.5,3228.5,4006.5,4329.5,4551.5,1940.0,1056.0,272.5,630.5,521.0,1274.5,2990.5,3740.0,4051.5,4325.0,2525.5,2106.5,708.5,959.0,1293.0,1507.5,1528.0,1617.0,1657.5,1815.0,1869.5,999.5,244.5,587.5,426.5,1161.0,2780.0,3396.5,3652.0,3877.5,1602.0,840.0,187.5,495.0,332.0,964.0,2732.5,3374.5,3623.5,3786.5,1529.0,794.5,212.5,528.0,273.0,954.0,2707.5,3350.0,3462.5,3649.5,1806.0,909.0,472.0,937.5,501.5,1561.5,3373.0,3823.0,4015.0,4097.5,1834.0,994.5,466.0,1027.0,641.0,1755.5,3195.5,3617.5,3897.5,3916.0,1960.0,1111.0,506.0,1149.0,884.0,2045.0,3079.0,3329.0,3604.0,3687.0,2289.0,1325.5,757.0,1416.5,1329.0,2483.5,3136.0,3436.0,3748.0,3832.0,2524.0,1602.5,790.5,1370.0,1523.5,2498.5,2868.5,3186.0,3526.5,3613.5,3824.0,2527.5,952.5,1395.0,1960.5,2511.0,2810.5,3088.5,3492.0,3613.5,2103.5,1573.0,639.0,930.0,1310.5,1525.0,1574.0,1695.0,1780.0,1886.5,2359.0,1964.0,629.5,900.0,1210.5,1397.5,1493.5,1551.0,1669.5,1700.5,2243.0,1737.5,660.0,944.0,1317.0,1521.5,1588.0,1697.5,1813.0,1847.0,2360.5,1880.0,829.5,1041.0,1335.0,1544.5,1596.0,1721.5,1821.0,1860.5,2132.0,1757.5,652.0,833.5,1094.0,1253.0,1303.0,1395.5,1513.0,1535.5,2239.0,1718.0,745.0,923.0,1181.0,1336.5,1379.5,1495.0,1570.5,1640.0,1881.0,1518.0,531.5,654.0,895.5,1015.0,1085.0,1169.5,1313.0,1295.5,0.0,0.0,0.0,0.0,0.0,0.0,0.0,0.0,0.0,0.0,1935.5,1563.5,552.0,769.0,1006.5,1172.0,1230.0,1292.0,1406.0,1437.0,2152.5,1802.5,719.5,879.0,1075.5,1235.0,1299.5,1394.0,1460.5,1487.5,2550.5,2158.5,816.5,1061.5,1310.0,1530.0,1561.5,1664.5,1749.0,1796.5,2602.5,2171.0,858.0,1080.5,1373.0,1549.5,1585.0,1669.5,1780.0,1816.5,2464.0,2028.0,877.0,1027.0,1278.5,1450.0,1460.5,1551.5,1637.5,1706.5,2233.5,1890.5,709.0,912.5,1183.5,1301.0,1357.5,1449.0,1545.5,1576.0,2368.0,1989.5,801.5,1038.5,1310.0,1468.5,1569.5,1630.0,1716.5,1741.5,"{""type"":""MultiPoint"",""coordinates"":[]}"
1032_0,3,1741.0,1418.0,604.0,748.0,971.5,1083.0,1106.5,1162.5,1275.5,1304.0,2108.0,1790.5,772.0,974.0,1191.0,1293.0,1351.5,1434.0,1534.0,1499.5,2279.5,1964.5,915.0,1181.0,1433.5,1545.5,1543.5,1635.0,1699.0,1726.5,2621.0,2242.0,1184.0,1513.5,1814.5,1922.0,1929.5,1983.0,2058.5,2040.5,2219.0,1940.0,1056.0,1297.0,1453.0,1527.0,1530.0,1628.0,1695.0,1686.0,1060.0,625.0,1056.0,1297.0,1342.0,1514.0,1505.0,1485.0,1619.0,1570.0,916.0,575.0,878.0,1178.0,1247.0,1494.0,1505.0,1485.0,1619.0,1570.0,916.0,575.0,878.0,1185.0,1238.0,1536.0,1612.0,1724.0,1857.0,1643.0,818.0,569.0,676.0,1030.0,930.0,1308.0,1757.0,1845.0,1761.0,1514.0,1315.0,734.5,294.0,622.5,409.5,979.5,2294.5,2871.5,2761.0,2744.5,1621.5,775.0,160.0,416.5,155.0,710.5,2861.5,4090.0,4144.5,4098.5,1891.0,1595.0,678.0,848.0,1037.0,1166.0,1182.0,1266.0,1369.0,1356.0,1543.0,724.0,152.0,397.0,125.0,623.0,3109.0,4424.0,4475.0,4530.0,1530.0,711.0,40.0,346.0,84.0,710.0,3272.0,4675.0,4749.0,4753.0,1553.0,721.0,163.0,494.0,255.0,968.0,3481.0,4870.0,4956.0,5040.0,1624.0,752.0,421.0,886.0,562.0,1603.0,3671.0,4405.0,4672.0,4721.0,1670.5,889.0,458.5,1005.5,688.0,1797.0,3482.0,4117.5,4482.5,4345.5,1908.5,1105.5,517.5,1090.5,1014.0,2067.5,3310.5,3707.5,4054.5,4154.5,2364.0,1386.5,905.5,1484.5,1603.0,2401.0,3287.5,3575.5,4002.5,4077.0,2691.0,1747.5,1013.5,1545.0,1901.5,2712.5,3229.5,3466.5,3916.5,3931.0,3662.0,2612.0,1127.5,1610.0,2224.0,2723.5,2990.0,3244.5,3707.5,3719.0,3165.0,2130.0,1099.0,1615.0,2354.0,2599.0,2773.0,3065.0,3393.0,3396.0,1768.0,1495.0,512.0,712.0,939.0,1043.0,1084.0,1134.0,1256.0,1251.0,3715.0,2697.0,1090.0,1522.0,2110.0,2335.0,2530.0,2673.0,3102.0,3007.0,3461.0,2531.5,1135.0,1518.0,2048.0,2302.5,2404.5,2614.0,2934.0,2883.5,3069.5,2441.5,852.0,1112.5,1503.5,1665.5,1756.5,1896.5,2147.0,2131.0,3259.0,2609.0,957.0,1149.0,1518.0,1665.0,1787.0,1900.0,2149.0,2145.0,1590.0,1334.0,499.0,640.0,866.0,943.0,966.0,1008.0,1195.0,1170.0,693.0,636.5,555.5,526.5,526.5,571.5,615.5,713.5,784.5,782.5,1358.0,1060.0,442.0,597.0,753.0,833.0,870.0,925.0,1028.0,1015.0,330.0,272.0,157.0,138.0,139.0,157.0,173.0,182.0,198.0,218.0,2067.0,1764.0,734.0,914.0,1105.0,1222.0,1287.0,1324.0,1430.0,1401.0,1988.5,1699.5,733.0,868.5,1049.0,1142.5,1171.5,1233.5,1344.5,1335.5,1827.0,1543.0,571.0,685.0,888.0,966.0,964.0,1026.0,1095.0,1137.0,2103.5,1821.0,813.5,973.0,1143.0,1232.5,1255.5,1344.5,1428.5,1433.5,2125.0,1819.5,824.5,1006.5,1187.0,1278.5,1341.0,1410.0,1509.0,1497.5,"{""type"":""MultiPoint"",""coordinates"":[]}"
1033_0,3,1925.5,1607.0,574.0,723.5,979.5,1105.0,1136.5,1210.5,1328.5,1360.0,2270.0,1986.0,897.0,1156.0,1414.0,1518.0,1546.5,1604.5,1718.0,1715.5,2346.0,2028.0,877.0,1122.0,1392.0,1497.0,1528.0,1621.0,1711.0,1719.0,2283.5,1984.0,868.5,1110.5,1362.5,1465.0,1509.0,1589.5,1656.5,1674.0,250.0,200.5,710.0,861.5,926.5,1032.5,860.5,940.5,912.5,790.5,368.0,276.0,569.5,808.5,828.5,1027.0,920.0,1032.0,912.5,859.5,586.5,414.0,538.0,749.0,686.5,1073.5,1447.5,1589.0,1560.0,1397.0,1007.0,655.0,376.5,670.0,417.0,1023.0,2011.5,2242.0,2192.0,2027.0,1352.0,678.5,210.0,503.0,239.0,951.5,3077.0,3799.5,3880.0,3937.5,1664.0,890.0,237.0,554.5,412.0,1101.5,2992.0,3759.0,3858.0,4040.5,1716.5,896.0,196.0,431.0,314.0,851.0,2803.0,3730.0,3905.0,4090.5,2185.0,1827.0,607.0,821.0,1088.5,1220.5,1270.5,1361.5,1443.0,1490.5,1711.0,895.0,199.0,444.5,315.5,856.5,2796.0,3655.5,3792.5,4050.0,1758.5,866.0,197.0,554.5,314.0,1043.0,3118.0,4022.5,4258.0,4335.0,1816.5,920.5,352.5,813.5,493.5,1398.0,3405.0,4161.0,4284.0,4411.0,1886.5,1032.0,545.0,1027.5,819.5,1817.5,3374.5,3860.0,4037.5,4187.0,2018.5,1130.0,588.0,1117.0,1001.0,1930.0,3150.0,3566.0,3900.0,3941.0,2261.0,1340.0,604.0,1100.0,1201.0,1981.0,2943.0,3297.0,3558.0,3674.0,3079.0,1975.0,911.0,1334.5,1566.0,2215.0,2930.0,3293.5,3578.5,3785.5,3800.0,2578.5,939.0,1333.0,1935.0,2376.0,2752.5,3056.5,3484.5,3516.0,3641.0,2572.0,901.5,1343.0,2040.0,2386.5,2655.0,3015.0,3440.5,3384.0,2564.0,1959.5,789.5,1095.5,1545.0,1826.0,1914.0,2037.5,2144.0,2294.0,1973.0,1654.0,532.0,710.0,961.0,1101.0,1132.0,1206.0,1316.0,1335.0,2614.5,2006.5,824.0,1123.5,1554.5,1808.0,1915.0,2028.0,2088.0,2268.5,2606.5,1990.0,959.5,1217.5,1595.0,1825.0,1913.5,1995.5,2162.5,2231.0,2289.5,1819.5,687.5,882.5,1178.5,1377.0,1415.5,1529.0,1620.0,1684.0,2356.0,1913.0,723.5,901.5,1194.0,1366.0,1419.0,1545.5,1606.5,1683.0,2028.0,1428.0,583.0,725.5,995.0,1111.0,1215.5,1285.0,1429.5,1444.5,0.0,0.0,0.0,0.0,0.0,0.0,0.0,0.0,0.0,0.0,1816.5,1503.5,486.0,622.5,853.5,950.5,954.0,1013.5,1133.0,1148.0,1895.0,1640.0,594.5,695.0,876.5,964.0,973.5,1055.0,1135.0,1185.5,2244.0,1938.0,705.0,894.0,1098.0,1225.0,1233.0,1322.0,1435.0,1449.0,2100.0,1744.0,636.0,739.0,971.0,1049.0,1019.0,1075.0,1189.0,1249.0,2139.0,1788.5,713.5,797.0,1013.0,1102.0,1093.5,1154.5,1276.0,1319.5,1985.0,1733.0,594.5,777.5,1012.0,1113.0,1157.5,1242.0,1346.5,1355.0,1989.5,1756.5,634.0,837.0,1039.0,1145.0,1186.5,1278.0,1373.0,1363.0,"{""type"":""MultiPoint"",""coordinates"":[]}"
1034_0,3,2825.5,2130.0,829.0,904.5,1225.5,1416.5,1491.0,1632.5,1800.0,1873.5,2007.0,1840.0,590.0,840.0,1109.0,1232.0,1239.0,1328.0,1418.0,1443.0,2268.0,2143.0,756.0,998.0,1314.0,1468.0,1485.0,1587.0,1659.0,1683.0,1057.0,1007.5,477.0,628.0,767.5,879.5,803.5,863.0,894.0,822.0,465.0,428.0,815.0,907.0,937.0,1080.0,899.0,925.0,912.0,755.0,465.0,371.0,446.0,706.0,641.0,929.0,899.0,957.0,944.0,916.0,708.0,500.0,350.0,616.0,527.0,886.0,1127.0,1190.0,1231.0,1187.0,1390.0,820.0,294.0,606.0,414.0,887.0,1945.0,2167.0,2343.0,2336.0,1141.0,603.0,146.0,434.0,195.0,749.0,2173.0,2578.0,2629.0,2550.0,1308.0,645.5,89.5,375.5,102.5,661.0,2557.5,3369.0,3421.0,3410.0,1255.5,589.0,47.0,248.0,32.0,483.0,2585.5,3692.0,3742.5,3716.5,3324.0,2820.5,1531.5,1694.5,1966.5,2095.5,2144.0,2224.5,2387.5,2409.5,1245.5,577.0,36.0,225.0,18.0,455.0,2619.5,4076.5,4101.5,4152.5,1115.5,517.5,80.0,351.0,71.5,643.5,2811.0,4099.0,4188.0,4230.0,1174.0,536.0,464.0,797.0,526.0,1134.0,3127.0,4204.0,4273.0,4302.0,1233.0,639.0,620.0,1006.0,821.0,1623.0,3133.0,3721.0,3915.0,3911.0,1256.0,686.0,514.0,963.0,821.0,1669.0,2858.0,3271.0,3483.0,3527.0,1597.0,920.0,491.0,1011.0,1042.0,1921.0,2832.0,3167.0,3377.0,3472.0,4313.5,3007.0,1254.0,1776.5,2496.5,2995.5,3325.5,3618.0,3892.5,4045.5,4401.5,3175.5,1295.5,1791.5,2550.0,2947.5,3209.0,3473.5,3750.0,3865.0,3560.0,2825.0,1090.0,1528.0,2060.0,2348.0,2559.0,2767.0,3100.0,3099.0,3437.5,2466.5,1008.5,1376.0,1953.0,2312.5,2489.0,2660.5,2821.5,2965.0,3105.0,2414.0,730.0,949.0,1270.0,1444.0,1471.0,1605.0,1828.0,1905.0,3575.0,2755.0,934.5,1230.5,1617.0,1973.5,2139.5,2326.0,2436.5,2552.5,4876.5,4145.0,2728.5,2906.0,3230.0,3582.0,3694.5,3840.5,3949.0,4008.0,3205.5,2668.0,855.5,1027.0,1248.0,1531.5,1705.5,1856.5,1962.0,2017.5,3049.5,2504.5,826.0,985.0,1174.5,1457.5,1627.5,1783.5,1879.0,1932.5,2255.5,1673.5,504.5,695.5,908.5,1168.0,1310.5,1425.0,1593.0,1601.5,0.0,0.0,0.0,0.0,0.0,0.0,0.0,0.0,0.0,0.0,3406.0,2714.0,809.0,1117.0,1568.0,1771.0,1769.0,1896.0,2060.0,2202.0,2980.0,2160.0,935.0,1147.0,1568.0,1787.0,1769.0,1923.0,2060.0,2206.0,3357.0,2784.0,951.0,1216.0,1630.0,1787.0,1841.0,1992.0,2155.0,2236.0,2587.5,2221.5,781.0,930.5,1256.0,1392.0,1416.0,1489.0,1634.5,1673.5,1736.0,1542.0,531.0,659.0,944.0,1026.0,978.0,1015.0,1088.0,1138.0,1755.0,1609.5,509.5,667.5,929.0,1014.0,1004.0,1069.5,1166.5,1164.5,1825.0,1680.5,550.5,738.0,993.5,1086.5,1108.0,1176.0,1267.0,1266.5,"{""type"":""MultiPoint"",""coordinates"":[]}"
1035_0,3,164.0,132.5,182.0,231.5,344.0,376.0,259.0,276.5,302.0,182.0,1946.5,1621.5,703.5,902.5,1083.5,1175.5,1273.5,1361.5,1488.5,1468.5,1987.5,1733.5,758.0,950.0,1150.5,1241.0,1266.5,1353.0,1417.0,1423.0,2178.5,1902.0,907.5,1137.5,1330.5,1429.0,1462.0,1546.5,1605.5,1603.5,2047.0,1830.0,991.0,1214.0,1385.0,1481.0,1497.0,1527.0,1591.0,1596.0,422.0,364.0,983.0,1204.0,1261.0,1336.0,1060.0,1047.0,1060.0,889.0,235.0,204.0,629.0,936.0,885.0,1043.0,720.0,794.0,718.0,573.0,387.0,338.0,692.0,998.0,953.0,1231.0,920.0,992.0,941.0,762.0,416.0,323.0,454.0,706.0,589.0,1057.0,1049.0,1221.0,1153.0,918.0,456.5,329.5,261.5,487.5,348.5,948.0,1460.5,1654.0,1602.5,1282.0,565.5,397.0,218.0,385.0,242.0,751.5,1525.5,1735.0,1685.5,1475.0,194.0,177.0,346.0,442.0,535.0,587.0,410.0,470.0,501.0,349.0,1019.0,567.0,191.0,340.0,201.0,652.0,2018.0,2581.0,2520.0,2385.0,1157.0,567.0,123.0,307.0,130.0,548.0,2383.0,3178.0,3145.0,3121.0,1263.0,608.0,145.0,406.0,185.0,721.0,2713.0,3622.0,3625.0,3685.0,1490.0,760.0,385.0,769.0,452.0,1274.0,3198.0,3882.0,3986.0,3961.0,1529.0,780.0,388.0,862.0,599.0,1515.0,3087.0,3600.0,3889.0,3776.0,1807.5,1051.0,491.0,989.0,900.0,1824.0,2909.5,3279.5,3539.5,3575.0,2334.0,1466.0,1032.0,1412.0,1498.0,2244.0,2785.0,3098.0,3369.0,3499.0,3442.5,2466.5,990.0,1378.0,1889.5,2337.0,2571.0,2834.5,3070.5,3173.5,3470.0,2485.5,969.5,1367.0,1899.0,2303.0,2493.5,2744.0,3037.0,3104.5,3284.0,2366.0,922.0,1279.0,1903.0,2299.0,2407.0,2694.0,2790.0,2915.0,186.0,155.0,493.0,538.0,562.0,587.0,410.0,456.0,466.0,342.0,3418.0,2535.0,922.0,1279.0,1878.0,2224.0,2333.0,2520.0,2627.0,2863.0,3295.0,2517.5,941.5,1241.5,1714.5,1973.5,2083.0,2298.0,2498.0,2552.5,2871.0,2284.5,728.5,950.5,1279.0,1476.5,1574.0,1712.5,1912.0,1941.0,401.0,352.0,366.0,505.0,635.0,722.0,541.0,612.0,658.0,527.0,148.0,122.0,128.0,191.0,231.0,297.0,163.0,190.0,245.0,167.0,0.0,0.0,0.0,0.0,0.0,0.0,0.0,0.0,0.0,0.0,130.0,115.0,136.0,215.0,282.0,351.0,209.0,218.0,243.0,162.0,129.0,115.0,190.0,218.0,299.0,359.0,209.0,230.0,243.0,186.0,579.0,404.0,316.0,463.0,585.0,716.0,775.0,825.0,927.0,934.0,653.0,402.0,375.0,540.0,681.0,838.0,896.0,1010.0,1100.0,1112.0,1607.0,973.0,530.0,755.0,928.0,1200.0,1247.0,1352.0,1459.0,1511.0,3698.0,2954.0,1309.0,1647.0,1975.0,2309.0,2366.0,2482.0,2671.0,2692.0,4010.0,3247.5,1571.5,1913.5,2254.5,2494.5,2605.5,2744.5,2988.5,2959.0,"{""type"":""MultiPoint"",""coordinates"":[]}"
1036_0,3,1876.0,1567.0,510.5,665.5,905.5,1057.5,1076.0,1154.5,1231.0,1260.0,2564.5,2192.0,958.5,1272.5,1580.0,1714.5,1765.0,1826.0,1932.0,1932.0,2544.5,2153.0,896.0,1186.0,1491.5,1642.0,1650.5,1702.5,1838.0,1845.0,2435.0,2114.5,858.0,1118.5,1402.0,1551.0,1545.0,1615.5,1714.5,1746.0,553.5,524.5,563.5,791.5,825.5,1049.5,907.0,957.0,950.5,852.5,262.0,228.5,568.0,796.0,831.0,1033.5,868.5,936.0,937.0,797.5,528.0,367.5,541.0,789.0,770.5,1067.5,1229.5,1299.0,1193.5,1128.0,983.5,751.0,485.0,821.0,577.0,1193.0,1859.0,2001.0,1936.0,1804.0,1452.5,778.5,356.5,740.0,381.0,1205.0,3185.0,3699.0,3792.0,3697.5,1646.0,897.0,300.0,695.5,476.5,1302.0,3043.5,3647.5,3875.5,3984.5,1777.5,986.5,310.0,700.5,513.5,1312.0,2912.0,3465.0,3672.5,3755.0,2190.5,1845.0,598.5,814.5,1090.5,1219.0,1271.0,1371.5,1434.0,1487.5,1715.0,927.0,278.5,667.0,448.0,1238.5,2823.5,3418.0,3568.0,3709.5,1506.5,804.5,269.0,616.5,413.5,1106.5,2736.0,3353.5,3563.5,3608.0,1504.0,804.0,291.5,628.0,384.5,1066.0,2840.5,3398.5,3481.0,3628.5,1780.5,937.0,454.0,926.5,519.5,1539.0,3262.5,3752.0,3884.5,3960.0,1799.5,973.5,435.5,963.0,606.5,1583.0,3032.5,3435.5,3736.0,3721.0,1885.0,1070.0,475.0,1081.0,836.0,1876.0,2962.0,3254.0,3458.0,3529.0,2138.0,1239.5,750.0,1368.0,1371.0,2237.0,3000.0,3303.5,3572.0,3695.5,2426.0,1526.0,743.0,1354.5,1420.0,2345.5,2808.5,3094.5,3440.0,3518.5,3783.0,2535.0,931.5,1395.5,1947.5,2421.0,2756.5,3060.5,3446.5,3520.0,2065.5,1564.0,618.5,870.0,1240.5,1441.5,1495.0,1569.0,1677.0,1765.0,2039.5,1699.0,487.5,732.0,1003.0,1109.5,1175.0,1254.5,1342.0,1364.5,2202.0,1725.5,637.0,911.5,1268.0,1448.0,1515.0,1603.0,1704.0,1775.5,2354.0,1887.5,837.5,1046.5,1364.5,1531.0,1583.5,1675.5,1791.5,1839.0,2120.0,1721.5,623.5,820.0,1069.5,1216.5,1278.5,1357.5,1496.5,1498.0,2298.0,1791.5,717.5,911.5,1159.0,1316.5,1376.5,1460.5,1560.5,1636.0,1862.5,1541.0,511.5,647.0,869.0,991.0,1039.5,1143.5,1269.0,1258.0,0.0,0.0,0.0,0.0,0.0,0.0,0.0,0.0,0.0,0.0,1732.5,1389.0,471.5,677.5,852.5,969.5,1041.5,1117.0,1186.5,1189.5,1890.0,1634.0,612.0,742.0,904.5,1015.0,1074.5,1162.0,1219.0,1249.0,2299.5,1929.0,695.5,942.0,1156.5,1307.5,1388.5,1452.0,1564.5,1588.0,2313.0,1947.5,716.0,912.5,1161.0,1297.0,1358.5,1445.0,1549.5,1592.5,2208.0,1812.5,731.0,866.0,1057.5,1196.5,1257.0,1333.5,1447.0,1466.5,2119.5,1815.0,615.0,809.0,1041.0,1161.5,1185.0,1255.5,1380.0,1410.5,2333.5,1981.5,761.0,1034.0,1326.0,1442.5,1483.5,1580.0,1682.0,1640.0,"{""type"":""MultiPoint"",""coordinates"":[]}"
1037_0,3,1762.0,1502.0,479.0,620.5,844.5,953.5,974.5,1065.0,1152.5,1167.5,2458.5,2097.0,1036.0,1330.0,1577.0,1719.0,1745.5,1810.0,1907.0,1894.5,2231.5,1881.5,779.5,1052.5,1311.0,1426.0,1434.0,1486.5,1603.5,1607.5,230.5,204.5,471.0,725.0,747.0,932.5,696.0,773.0,746.0,650.5,174.5,136.5,550.5,800.5,851.0,1009.0,798.0,888.0,814.5,777.5,336.5,268.0,554.5,907.0,887.5,1188.5,967.5,1022.0,962.5,856.0,598.5,449.5,417.0,760.5,613.5,1041.0,1132.0,1267.0,1173.0,1118.0,1045.0,723.0,394.0,704.5,490.0,1030.0,1740.5,2073.5,2024.5,1860.5,1635.0,818.5,280.0,568.0,290.0,946.0,2855.0,3702.5,3688.5,3786.0,1721.0,868.5,249.0,576.5,333.5,972.0,2947.5,3836.0,3817.5,4063.5,1624.5,809.5,189.0,439.5,270.0,789.0,2799.0,3878.0,3998.5,4142.0,2060.0,1750.0,575.5,759.5,995.5,1124.5,1147.0,1207.0,1360.5,1366.5,1666.5,826.5,215.5,476.5,277.0,864.0,3029.0,4278.0,4388.5,4504.5,1689.5,833.5,281.0,785.5,423.5,1384.5,3468.0,4435.5,4525.5,4618.0,1750.0,897.5,446.0,914.0,657.5,1602.5,3456.0,4132.0,4155.0,4401.5,2051.0,1121.5,648.5,1169.0,1065.5,2044.5,3278.0,3740.0,3915.5,4070.5,2397.0,1438.0,735.5,1289.5,1330.0,2247.5,3163.5,3503.0,3849.5,3883.0,2859.0,1793.0,836.0,1380.0,1703.0,2448.0,3106.0,3361.0,3636.0,3826.0,4148.5,2874.5,1190.0,1629.0,2354.5,2736.5,3006.5,3325.5,3684.5,3691.0,3998.0,2769.5,1037.0,1436.0,2147.5,2489.0,2810.0,3021.0,3422.5,3450.5,3450.5,2626.0,976.5,1402.5,2016.0,2304.0,2517.5,2736.0,3120.5,3060.5,2078.5,1593.5,642.0,899.0,1259.5,1443.0,1517.5,1594.5,1631.0,1729.0,1931.0,1642.0,458.0,666.0,920.5,1036.5,1082.0,1144.0,1276.0,1254.5,2395.0,1900.0,769.0,1024.5,1401.5,1612.0,1670.5,1752.0,1813.0,1854.5,2334.5,1841.0,867.5,1080.5,1378.0,1597.5,1613.5,1701.0,1765.5,1816.0,2025.5,1706.5,627.0,799.5,1064.0,1226.5,1260.5,1337.5,1437.0,1487.5,1726.5,1452.5,520.0,742.0,975.5,1129.5,1169.0,1225.5,1297.0,1338.5,1414.5,1215.0,348.0,487.0,690.0,799.5,791.5,870.5,932.0,957.0,0.0,0.0,0.0,0.0,0.0,0.0,0.0,0.0,0.0,0.0,1459.5,1109.5,419.5,552.0,732.5,831.0,866.5,942.5,1053.5,1046.0,1742.0,1387.0,553.5,687.0,845.0,965.0,1000.5,1080.0,1135.5,1178.0,2320.5,1911.5,774.0,990.0,1211.0,1364.0,1416.0,1485.0,1605.0,1611.5,2271.5,1898.5,796.5,954.5,1197.0,1315.0,1333.5,1381.0,1511.5,1547.0,2119.0,1773.0,777.5,893.5,1077.5,1186.5,1210.5,1266.5,1394.5,1426.5,2174.0,1870.0,711.5,899.5,1143.0,1245.0,1300.0,1376.5,1478.5,1472.5,2275.0,1964.5,824.5,1079.5,1335.0,1449.0,1515.0,1585.0,1691.0,1662.5,"{""type"":""MultiPoint"",""coordinates"":[]}"
1038_0,3,1379.5,1138.0,559.0,674.0,830.0,904.5,919.5,971.0,1017.5,1028.5,1801.0,1523.0,708.5,905.5,1093.5,1176.0,1254.0,1335.0,1381.5,1386.5,257.5,263.5,480.0,747.5,762.0,903.5,690.0,732.0,672.0,631.0,306.0,263.0,549.0,787.0,833.0,995.0,810.5,864.5,831.5,754.5,332.0,252.0,577.0,848.0,812.0,1041.0,892.0,889.0,894.0,884.0,580.0,455.0,599.0,962.0,822.0,1209.0,1172.0,1228.0,1209.0,1050.0,1526.0,939.0,560.0,1073.0,581.0,1574.0,3145.0,3219.0,3292.0,3174.0,1760.0,928.0,560.0,1129.0,581.0,1717.0,4102.0,4677.0,4730.0,4519.0,1617.0,814.0,402.0,950.0,439.0,1568.0,4204.0,5030.0,5088.0,4880.0,1518.5,753.5,319.5,812.5,393.5,1447.5,3995.5,4817.5,4973.0,5005.0,1449.0,725.0,209.5,643.5,301.5,1254.5,3771.5,4668.5,4833.5,4904.0,1562.0,1317.0,653.0,821.0,959.0,1070.0,1068.0,1102.0,1199.0,1173.0,1381.0,666.0,218.0,624.0,289.0,1120.0,3526.0,4435.0,4551.0,4634.0,1526.0,741.0,218.0,676.0,297.0,1245.0,3554.0,4426.0,4573.0,4649.0,1629.0,828.0,314.0,837.0,420.0,1468.0,3783.0,4469.0,4642.0,4678.0,1795.0,951.0,486.0,1083.0,639.0,1882.0,3513.0,3992.0,4203.0,4292.0,1819.0,979.0,541.0,1140.0,853.0,1955.0,3135.0,3490.0,3859.0,3797.0,2028.5,1140.0,601.0,1209.5,1081.0,2069.0,3117.0,3376.0,3723.0,3749.0,2386.0,1448.0,1285.0,1513.0,1477.0,2414.0,3112.0,3544.0,3772.0,3826.0,4179.5,2783.0,1540.0,2100.5,2888.0,3469.0,3740.5,4010.0,4506.5,4411.0,4112.0,2830.5,1480.0,2052.0,2914.0,3333.5,3598.0,3877.0,4412.5,4289.5,2780.0,2093.0,984.0,1291.0,1782.0,1847.0,2104.0,2022.0,2330.0,2405.0,1712.0,1336.0,739.0,892.0,1037.0,1131.0,1163.0,1224.0,1274.0,1275.0,2780.0,2119.0,957.0,1287.0,1718.0,1836.0,1985.0,2022.0,2310.0,2307.0,2515.5,1985.5,910.0,1162.5,1511.0,1641.0,1743.0,1817.0,2000.0,1999.0,2186.0,1861.5,580.5,799.5,1091.5,1218.0,1263.5,1363.0,1533.0,1510.0,2495.0,2130.0,711.0,887.0,1185.0,1359.0,1419.0,1522.0,1619.0,1641.0,1957.0,1534.0,516.0,671.0,934.0,1053.0,1139.0,1206.0,1376.0,1351.0,0.0,0.0,0.0,0.0,0.0,0.0,0.0,0.0,0.0,0.0,2407.0,2121.0,940.0,1165.0,1403.0,1507.0,1566.0,1649.0,1785.0,1735.0,2345.0,2014.0,865.0,1102.0,1231.0,1430.0,1631.0,1774.0,1843.0,1837.0,1840.0,1566.0,670.0,809.0,960.0,1074.0,1216.0,1261.0,1384.0,1343.0,1840.0,1566.0,670.0,809.0,960.0,1074.0,1216.0,1261.0,1384.0,1343.0,1480.5,1271.0,522.5,599.5,739.5,848.0,928.5,1001.5,1008.0,1094.5,1727.0,1459.0,650.0,791.0,946.0,1039.0,1105.0,1154.0,1220.0,1220.0,1702.5,1431.5,656.0,824.0,996.5,1087.0,1138.0,1209.0,1273.5,1281.0,"{""type"":""MultiPoint"",""coordinates"":[]}"
1039_0,3,1783.0,1485.5,488.5,645.5,882.0,1001.5,1029.5,1115.0,1226.0,1247.5,2382.0,2034.0,888.5,1191.0,1486.0,1612.0,1669.5,1744.5,1862.0,1851.0,2430.5,2053.0,855.5,1127.0,1434.5,1571.0,1612.5,1701.5,1798.5,1811.5,2379.5,2057.5,847.0,1102.0,1398.0,1533.5,1584.0,1677.5,1749.5,1775.5,233.0,216.5,741.0,1000.5,1002.5,1101.5,738.5,822.5,787.5,671.0,358.0,336.0,1065.5,1298.0,1266.5,1424.0,1019.0,1018.5,994.5,763.0,780.5,543.0,556.0,823.5,658.5,1155.5,1668.5,1749.0,1576.0,1494.5,1346.0,841.0,355.5,776.5,408.5,1145.0,2688.0,2937.5,2933.5,2775.5,1543.0,785.0,202.5,611.5,200.0,1055.5,3555.5,4380.0,4386.0,4392.0,1730.5,931.5,210.5,622.5,422.5,1279.5,3038.5,3708.5,3988.0,4187.0,1892.5,1052.5,262.5,643.0,497.5,1270.0,2816.5,3455.5,3738.5,3929.5,2059.5,1702.5,557.5,759.5,1024.5,1170.5,1197.0,1303.0,1352.5,1387.5,1845.0,1004.0,265.5,647.0,447.5,1204.0,2764.0,3326.5,3570.0,3744.0,1652.0,857.0,183.0,567.0,367.0,1085.5,2802.0,3376.0,3608.5,3764.5,1579.0,832.0,231.0,580.0,305.0,1025.5,2825.5,3385.0,3508.0,3707.0,1837.5,956.0,496.0,996.0,537.5,1568.5,3390.0,3880.5,4047.0,4146.0,1879.0,980.5,488.5,1100.5,666.0,1805.5,3365.0,3784.5,4041.5,4067.0,2036.0,1152.0,557.0,1271.0,979.0,2252.0,3211.0,3494.0,3770.0,3864.0,2407.5,1354.0,822.5,1491.0,1419.0,2540.0,3283.5,3559.5,3974.5,4005.5,2619.5,1605.0,772.0,1431.0,1539.5,2629.0,3056.5,3335.5,3811.0,3850.0,3861.5,2638.0,1168.0,1588.0,2243.0,2703.0,3006.5,3306.5,3811.0,3855.5,3251.0,2310.5,1028.5,1420.5,2082.0,2412.0,2568.5,2762.0,2999.5,3166.0,1904.0,1565.0,434.0,660.5,906.5,1015.5,1086.0,1169.0,1305.5,1298.0,2794.0,2150.0,924.0,1264.0,1746.0,1978.0,2083.0,2201.0,2380.5,2455.5,2716.0,2152.5,958.0,1225.0,1595.0,1819.0,1913.5,2023.5,2193.0,2241.0,2422.0,1969.5,736.0,964.0,1275.0,1462.5,1512.0,1632.0,1761.0,1799.5,2383.0,1914.0,777.0,984.0,1244.5,1418.0,1473.0,1589.0,1724.0,1703.5,2190.5,1577.0,617.0,776.5,1055.0,1186.5,1290.0,1402.0,1569.5,1559.5,0.0,0.0,0.0,0.0,0.0,0.0,0.0,0.0,0.0,0.0,1716.0,1390.5,433.5,594.0,807.5,911.0,1023.0,1054.0,1161.0,1170.5,1766.0,1490.5,535.0,659.5,803.0,919.0,975.0,1044.5,1143.5,1129.0,2227.5,1894.0,642.0,843.0,1062.5,1209.0,1353.0,1425.5,1529.0,1538.0,2252.0,1881.0,644.0,817.0,1042.5,1199.5,1293.0,1405.0,1535.0,1521.5,2150.0,1786.0,680.5,802.0,996.5,1143.0,1255.0,1390.5,1445.0,1503.0,2087.5,1769.5,595.0,823.5,1058.0,1184.5,1252.0,1346.0,1444.0,1463.5,2180.5,1881.5,715.0,943.0,1208.5,1332.0,1433.0,1486.0,1572.0,1590.5,"{""type"":""MultiPoint"",""coordinates"":[]}"
1040_0,3,1752.5,1425.5,630.5,777.5,1038.0,1145.5,1170.0,1241.0,1339.0,1316.5,2432.0,2148.5,962.0,1260.0,1532.5,1648.0,1675.5,1750.0,1851.0,1828.0,2387.0,2087.0,853.5,1130.0,1396.5,1519.5,1559.0,1646.0,1711.0,1716.0,2292.0,2006.5,841.0,1097.0,1345.5,1459.5,1493.5,1572.5,1620.0,1632.5,719.0,680.0,965.0,1231.0,1276.0,1370.0,1060.0,1047.0,1037.0,1049.0,504.0,382.0,719.0,948.0,1047.0,1303.0,1060.0,1047.0,1037.0,892.0,436.0,382.0,573.0,881.0,865.0,1284.0,1055.0,1124.0,1060.0,957.0,625.0,410.0,573.0,814.0,749.0,1072.0,1296.0,1320.0,1268.0,1245.0,940.0,604.0,558.0,814.0,642.0,1112.0,1643.0,1806.0,1652.0,1660.0,1049.0,620.0,310.0,592.0,371.5,965.5,1874.5,2214.5,2032.0,2095.0,1377.5,741.5,222.0,552.5,322.0,903.0,2423.5,2992.0,3011.5,3037.5,1985.5,1671.0,743.0,943.0,1187.5,1296.0,1328.5,1382.0,1490.5,1482.5,1459.0,776.0,257.0,506.0,331.0,857.0,2424.0,3142.0,3229.0,3281.0,1283.0,645.0,147.0,397.0,214.0,726.0,2398.0,3126.0,3246.0,3254.0,1266.0,638.0,147.0,366.0,161.0,661.0,2603.0,3475.0,3531.0,3690.0,1557.0,751.0,337.0,673.0,325.0,1092.0,3337.0,4201.0,4287.0,4296.0,1624.0,818.0,379.0,837.0,451.0,1398.0,3422.0,4275.0,4424.0,4400.0,1722.5,926.5,414.0,934.5,503.0,1605.5,3489.5,3989.0,4171.5,4261.0,1948.0,1029.5,883.0,1546.5,1295.0,2320.5,3521.0,3840.5,4158.5,4203.5,2358.5,1410.0,886.5,1575.5,1596.0,2805.5,3555.5,3858.5,4192.5,4205.5,3527.0,2475.0,1107.0,1685.0,2200.0,2819.0,3125.0,3376.0,3679.0,3786.0,3341.5,2329.0,944.0,1351.5,2015.0,2384.0,2524.5,2749.5,2959.0,3124.0,1795.0,1502.0,560.0,766.0,1032.0,1161.0,1162.0,1260.0,1356.0,1352.0,3499.0,2568.0,885.0,1276.0,1836.0,2210.0,2297.0,2448.0,2579.0,2817.0,3348.0,2516.5,934.5,1214.0,1702.5,1967.0,2075.0,2261.0,2451.5,2526.5,3014.5,2437.5,730.5,947.0,1312.5,1540.0,1599.0,1757.0,1895.5,1968.0,2038.0,1641.0,669.0,818.0,1075.0,1207.0,1266.0,1372.0,1435.0,1542.0,1887.0,1501.0,467.0,610.0,835.0,934.0,1028.0,1098.0,1238.0,1197.0,562.0,374.0,441.0,391.0,413.0,451.0,475.0,545.0,565.0,591.0,1710.0,1416.0,534.0,732.0,924.0,1025.0,1061.0,1113.0,1210.0,1220.0,279.0,244.0,213.0,167.0,161.0,156.0,165.0,192.0,190.0,193.0,2160.0,1827.0,715.0,954.0,1190.0,1258.0,1331.0,1391.0,1488.0,1495.0,2300.0,1983.0,888.0,1094.0,1317.0,1449.0,1445.0,1550.0,1678.0,1612.0,1658.5,1386.5,648.0,752.0,855.5,921.5,927.5,960.5,1109.0,1088.0,2005.0,1741.0,707.0,858.0,1074.0,1156.0,1205.0,1280.0,1364.0,1367.0,2093.0,1840.5,742.5,936.5,1160.5,1265.5,1318.0,1380.0,1493.0,1480.5,"{""type"":""MultiPoint"",""coordinates"":[]}"
1041_0,3,1915.5,1598.5,545.0,706.5,933.5,1084.5,1106.0,1196.0,1286.0,1323.5,2429.0,2086.5,937.0,1225.0,1516.0,1650.0,1682.5,1747.0,1856.0,1849.0,2455.5,2088.5,873.0,1145.0,1451.0,1589.0,1609.0,1681.5,1766.0,1805.5,2356.5,2039.5,842.5,1097.5,1375.5,1513.5,1534.0,1625.5,1678.5,1712.0,237.0,176.5,501.5,740.5,731.0,925.5,747.5,813.5,798.5,673.0,348.5,284.5,570.5,797.0,821.0,1151.5,952.5,995.0,942.0,882.5,725.0,517.5,546.0,793.5,693.0,1069.0,1393.0,1480.0,1285.5,1290.5,1335.5,878.0,473.5,840.0,514.0,1152.0,2436.5,2671.0,2628.0,2462.5,1684.0,902.5,321.0,727.5,329.0,1133.0,3716.0,4499.5,4410.5,4431.0,1814.5,955.0,252.0,675.0,383.0,1181.5,3322.0,4118.0,4220.5,4444.0,1844.5,972.5,235.0,622.5,368.5,1084.0,3096.5,3897.0,4002.5,4267.5,2201.5,1865.0,624.5,850.5,1136.5,1246.0,1320.5,1425.5,1480.5,1520.5,1743.0,885.0,220.0,571.0,322.0,1000.0,3040.0,3903.5,4010.0,4222.5,1580.0,783.0,169.0,507.0,307.0,953.5,3007.5,3912.0,4037.0,4244.5,1561.0,781.5,240.0,563.5,324.5,996.5,3224.0,4067.0,4097.5,4378.5,1924.0,974.0,487.0,969.0,557.5,1603.5,3677.5,4368.5,4459.0,4644.5,1936.0,1055.0,465.5,1013.0,638.5,1762.0,3596.0,4174.5,4346.0,4514.5,2090.0,1199.0,514.0,1132.0,875.0,2139.0,3542.0,3887.0,4014.0,4261.0,2530.0,1459.0,865.0,1536.5,1507.5,2755.5,3618.5,4057.0,4220.0,4398.5,2755.0,1780.5,886.0,1569.5,1809.5,2847.0,3376.5,3687.0,3885.5,4313.5,3937.5,2642.5,1128.5,1579.5,2183.5,2870.5,3024.5,3295.0,3678.5,3759.5,2963.0,2120.0,838.0,1180.5,1752.0,2280.0,2317.0,2565.5,2517.5,2781.5,2088.0,1729.5,519.0,755.5,1054.5,1195.5,1225.0,1344.5,1416.0,1442.5,2787.0,2097.0,724.0,1017.5,1472.5,1772.0,1913.0,2021.5,2120.5,2290.0,2867.5,2203.0,879.5,1120.5,1539.5,1801.5,1947.5,2079.5,2137.0,2291.5,2609.5,2093.0,680.5,902.5,1163.5,1415.5,1531.5,1624.5,1728.5,1851.5,2551.0,2035.0,668.5,835.0,1122.0,1347.0,1481.5,1585.0,1655.0,1752.0,1524.0,1269.5,400.5,520.0,744.5,851.5,892.0,948.5,1056.0,1070.5,0.0,0.0,0.0,0.0,0.0,0.0,0.0,0.0,0.0,0.0,1751.0,1340.0,489.5,663.0,885.5,996.5,1051.0,1146.5,1268.5,1270.5,2004.5,1670.0,669.0,818.5,1023.0,1143.5,1196.0,1295.0,1384.0,1366.0,2374.5,1998.0,763.5,1000.5,1237.0,1421.5,1498.5,1568.5,1678.0,1690.0,2393.5,2005.5,777.5,971.0,1239.0,1388.5,1456.0,1524.0,1666.5,1699.0,2253.5,1862.0,773.0,932.5,1145.5,1282.0,1337.0,1414.0,1545.0,1571.5,2149.5,1835.0,659.0,845.0,1089.0,1233.5,1264.0,1346.5,1443.5,1441.0,2208.0,1927.5,750.5,1019.0,1282.5,1402.5,1427.0,1494.0,1608.5,1595.5,"{""type"":""MultiPoint"",""coordinates"":[]}"
1042_0,3,2591.5,1513.0,449.0,814.0,505.0,1389.5,3912.5,4979.5,5393.0,5230.0,3893.5,3552.5,1061.5,1265.0,1583.0,1749.0,1867.5,2010.0,2197.0,2323.0,3707.0,3338.0,797.0,976.0,1308.0,1464.0,1538.0,1652.0,1855.0,2009.0,2775.0,2196.5,786.0,879.0,1088.5,1240.5,1274.5,1397.0,1499.5,1611.5,2888.0,2437.5,938.0,1065.5,1272.0,1425.5,1545.5,1724.5,1718.0,1917.0,3468.0,3050.0,981.0,1109.0,1297.0,1490.0,1605.0,1848.0,1791.0,1994.0,3561.0,3089.0,913.0,1150.0,1362.0,1635.0,1742.0,1775.0,1936.0,2138.0,3561.0,3137.0,1001.0,1340.0,1362.0,1927.0,2190.0,2339.0,2538.0,2613.0,3435.0,2620.0,866.0,1390.0,1193.0,1940.0,3562.0,3814.0,4062.0,4056.0,3011.0,2081.0,786.0,1352.0,901.0,2023.0,4338.0,4661.0,4981.0,4868.0,3381.0,2410.0,1037.0,1459.0,1463.0,2186.0,4003.0,4318.0,4490.0,4568.0,2898.0,2414.0,556.0,702.0,809.0,1128.0,1216.0,1312.0,1467.0,1581.0,3801.0,3377.0,1021.0,1225.0,1463.0,1834.0,1946.0,2175.0,2180.0,2472.0,3801.0,3490.0,883.0,991.0,1292.0,1509.0,1501.0,1672.0,1745.0,2010.0,2253.0,1597.0,864.0,987.0,1036.0,1127.0,1041.0,1136.0,1126.0,1157.0,2188.0,1539.0,1023.0,1017.0,1036.0,1127.0,1041.0,1136.0,1126.0,1157.0,3038.0,2677.0,741.0,860.0,981.0,1270.0,1451.0,1557.0,1587.0,1732.0,3224.0,2780.0,741.0,940.0,1047.0,1363.0,1632.0,1750.0,1846.0,1996.0,3063.0,2495.0,722.0,1041.0,944.0,1540.0,2791.0,3112.0,3246.0,3186.0,2560.0,1846.0,647.0,1041.0,754.0,1521.0,3070.0,3339.0,3638.0,3559.0,2371.0,1692.0,575.0,1069.0,720.0,1607.0,3578.0,4122.0,4353.0,4211.0,2276.0,1586.0,542.0,1111.0,659.0,1669.0,4037.0,4589.0,4825.0,4666.0,2674.0,2284.0,501.5,673.5,898.5,1079.5,1159.0,1237.5,1398.0,1500.5,2313.0,1418.0,529.0,1142.0,810.0,1669.0,4430.0,4834.0,4971.0,4963.0,2818.0,2564.0,529.0,631.0,859.0,986.0,1079.0,1226.0,1309.0,1424.0,2194.0,2011.0,434.0,515.0,683.5,787.0,831.5,953.5,1008.0,1136.5,3454.0,3227.0,2611.5,2591.0,2714.5,2855.5,2894.0,3033.0,3173.0,3070.5,2341.5,1891.5,400.5,522.5,722.0,836.0,890.5,985.0,1126.0,1191.0,1911.0,1333.0,393.0,470.0,642.0,759.0,786.0,874.0,1020.0,1052.0,3161.0,2805.0,743.0,926.0,1211.0,1400.0,1427.5,1530.0,1635.0,1744.5,2995.5,2740.5,624.0,773.5,1027.0,1186.5,1204.0,1334.5,1418.0,1548.5,2997.0,2690.0,549.0,709.0,959.0,1077.0,1123.0,1269.0,1394.0,1511.0,2792.0,2378.0,582.0,674.5,885.5,1018.0,1043.0,1168.5,1287.0,1402.5,2784.0,2364.0,661.5,746.5,941.5,1056.0,1121.5,1242.0,1336.5,1434.0,3186.5,2894.0,684.5,826.5,1076.5,1202.0,1285.0,1429.5,1536.5,1640.5,3973.0,3637.5,1209.0,1416.0,1761.0,1921.0,2021.5,2186.0,2344.5,2477.0,"{""type"":""MultiPoint"",""coordinates"":[]}"
1043_0,3,1989.0,1657.0,506.0,633.0,912.0,1056.5,1101.0,1210.5,1316.5,1365.0,2266.5,1970.5,835.0,1090.0,1373.5,1504.5,1554.0,1613.0,1716.5,1720.0,2396.0,2088.5,812.5,1057.5,1353.5,1507.5,1558.0,1635.5,1739.0,1753.0,1755.5,1483.0,650.5,845.5,1070.5,1198.0,1235.0,1343.0,1357.0,1387.0,222.0,180.0,584.5,757.0,830.0,960.0,892.0,995.0,871.0,863.0,222.0,181.0,628.5,765.0,830.0,966.0,915.5,995.0,1023.5,916.0,442.0,303.0,419.5,624.0,517.0,895.0,1232.5,1288.0,1231.0,1102.0,856.0,634.5,353.0,632.0,436.0,984.5,1641.0,1861.0,1757.5,1610.5,1348.5,705.0,213.5,509.5,286.0,943.0,2814.5,3525.5,3566.5,3598.5,1662.0,883.0,216.0,538.0,388.0,1023.0,2803.5,3570.5,3630.0,3757.0,1570.5,781.5,165.5,377.0,243.5,744.0,2619.0,3644.5,3762.0,3915.5,2219.5,1899.5,554.0,739.0,1003.0,1176.5,1195.0,1319.5,1395.0,1481.5,1602.0,785.0,176.0,388.5,226.5,735.5,2746.5,3853.5,3866.0,4080.0,1640.5,766.5,174.5,470.5,222.0,874.5,3162.5,4255.0,4435.5,4492.0,1685.0,824.0,371.0,808.0,467.5,1406.0,3466.5,4314.5,4506.0,4622.0,1859.5,999.5,566.5,1069.5,814.0,1853.0,3526.0,4105.0,4322.5,4418.0,2000.0,1103.5,605.0,1157.5,1003.0,2018.0,3344.5,3794.5,4154.0,4175.5,2269.0,1338.0,653.0,1173.0,1261.0,2110.0,3111.0,3492.0,3784.0,3937.0,3172.5,1980.0,946.5,1427.5,1684.0,2388.5,3002.0,3356.5,3647.5,3800.0,3872.5,2649.0,954.0,1380.0,1989.5,2482.5,2760.5,3094.0,3463.0,3577.5,3650.5,2509.0,838.0,1269.5,1902.5,2331.5,2607.0,2859.5,3153.5,3358.5,2542.0,1940.0,713.0,1010.5,1454.0,1768.5,1829.0,2013.0,2039.5,2173.0,2050.5,1732.0,463.5,642.0,916.5,1055.0,1113.5,1189.5,1319.0,1382.5,2513.0,1957.0,742.5,1028.5,1447.5,1703.0,1782.0,1929.5,1967.0,2116.0,2501.5,1940.5,848.0,1078.0,1451.0,1678.0,1775.0,1892.5,2018.5,2090.5,2236.5,1794.5,644.5,835.5,1118.0,1296.0,1370.5,1482.0,1588.0,1617.0,2412.0,1972.0,754.5,893.5,1190.5,1356.5,1417.0,1570.0,1646.0,1688.0,2000.5,1496.5,499.5,638.5,897.0,1022.5,1121.0,1210.5,1359.5,1349.5,0.0,0.0,0.0,0.0,0.0,0.0,0.0,0.0,0.0,0.0,1669.0,1307.0,416.0,553.0,745.5,860.5,915.5,996.0,1123.5,1158.0,1892.0,1506.0,551.0,671.5,824.5,984.0,1039.0,1142.5,1201.0,1252.0,2451.5,2042.5,755.5,972.0,1152.5,1349.0,1492.5,1550.0,1666.0,1684.0,2367.0,1964.0,736.5,918.0,1128.0,1288.5,1363.0,1487.5,1642.0,1640.5,2164.5,1772.5,645.0,738.0,941.5,1087.5,1165.5,1273.5,1383.0,1432.0,2107.0,1837.5,622.5,785.0,1017.0,1150.0,1208.0,1334.5,1416.0,1424.5,2094.5,1837.5,590.0,789.5,1021.5,1150.0,1205.5,1334.5,1416.0,1424.5,"{""type"":""MultiPoint"",""coordinates"":[]}"
1044_0,3,1051.5,902.5,347.5,411.0,501.5,541.5,549.0,578.0,632.5,657.0,1933.5,1716.5,762.5,959.5,1110.5,1186.0,1229.5,1283.5,1366.5,1343.0,2079.0,1851.5,807.5,1027.5,1182.5,1275.5,1288.0,1355.5,1424.5,1406.5,2679.0,2401.5,1228.0,1508.0,1699.0,1821.5,1843.5,1900.5,1977.0,1985.5,2730.0,2456.0,1289.0,1533.0,1730.0,1861.0,1904.0,1960.0,2063.0,2064.0,2387.0,2157.0,1082.0,1327.0,1507.0,1603.0,1617.0,1689.0,1745.0,1764.0,322.0,313.0,830.0,1051.0,1131.0,1238.0,1000.0,994.0,1023.0,854.0,414.0,365.0,871.0,1138.0,1244.0,1441.0,1077.0,1150.0,1069.0,931.0,294.0,225.0,685.0,968.0,983.0,1206.0,974.0,1089.0,1053.0,896.0,265.5,210.0,621.0,922.5,965.5,1212.0,945.0,1076.5,1002.0,856.5,371.5,268.5,501.5,761.5,775.0,1013.5,949.5,1097.5,1007.0,883.0,1282.0,1121.0,506.0,583.5,690.5,735.5,751.0,796.0,861.5,842.5,1008.0,569.0,454.0,717.0,609.0,1068.0,1650.0,2083.0,1924.0,1974.0,1042.0,563.0,196.0,476.0,310.0,803.0,1839.0,2281.0,2281.0,2214.0,1245.0,631.0,196.0,444.0,249.0,747.0,2255.0,3035.0,2896.0,2981.0,1408.0,729.0,322.0,574.0,353.0,940.0,2564.0,3238.0,3296.0,3307.0,1392.0,744.0,334.0,691.0,421.0,1167.0,2589.0,3138.0,3256.0,3239.0,1407.0,793.0,388.5,800.5,572.5,1444.5,2645.5,3005.0,3126.0,3167.0,1696.0,998.0,748.0,1160.0,1312.0,1974.0,2640.0,2998.0,3130.0,3217.0,2189.0,1422.5,693.5,1094.5,1355.5,1982.5,2536.0,2817.5,3039.5,3131.5,3289.0,2293.0,912.0,1316.0,1836.0,2292.0,2600.0,2824.0,3155.0,3170.0,2448.5,1724.5,781.0,1104.0,1556.5,1865.5,1989.0,2159.0,2205.5,2437.0,1334.0,1184.0,550.0,620.0,719.0,763.0,775.0,831.0,876.0,859.0,3212.0,2432.0,898.0,1217.0,1693.0,1986.0,2107.0,2298.0,2442.0,2496.0,3162.5,2377.5,982.0,1263.0,1708.0,1978.0,2074.5,2255.5,2374.5,2483.5,2895.0,2276.0,789.0,1003.5,1346.5,1554.5,1620.5,1757.5,1902.5,1995.0,2960.0,2286.0,862.0,1062.0,1363.0,1597.0,1694.0,1774.0,1912.0,2011.0,2385.0,1533.0,678.0,846.0,1133.0,1321.0,1359.0,1504.0,1668.0,1708.0,0.0,0.0,0.0,0.0,0.0,0.0,0.0,0.0,0.0,0.0,2388.0,2128.0,941.0,1203.0,1417.0,1540.0,1533.0,1631.0,1709.0,1714.0,606.0,533.0,407.0,405.0,412.0,405.0,411.0,460.0,440.0,483.0,2667.0,2418.0,1153.0,1448.0,1678.0,1799.0,1793.0,1910.0,1979.0,1982.0,2269.0,1882.0,1318.0,1594.0,1826.0,1952.0,1941.0,2044.0,2205.0,2058.0,1853.0,1636.0,604.0,760.0,919.0,1025.0,975.0,1063.0,1117.0,1110.0,1746.0,1552.0,708.0,833.0,971.0,1039.0,1068.0,1117.0,1192.0,1191.0,1801.5,1613.0,708.0,866.5,992.0,1077.5,1108.5,1151.5,1239.5,1229.5,"{""type"":""MultiPoint"",""coordinates"":[]}"
1045_0,3,1782.5,1489.5,517.5,673.0,907.5,1010.0,1035.0,1139.5,1214.0,1249.5,2495.0,2092.0,1003.5,1318.5,1604.0,1737.5,1804.0,1857.5,1967.5,1947.5,2524.0,2114.5,948.0,1244.0,1554.5,1680.0,1712.0,1793.5,1901.5,1925.0,2444.0,2075.5,936.5,1212.0,1502.5,1631.0,1661.0,1744.0,1820.5,1851.5,529.0,496.5,813.5,1036.0,1268.5,1394.0,1379.0,1401.0,1416.5,1286.5,388.0,363.5,764.5,1085.0,1200.0,1520.0,1379.0,1401.0,1378.5,1286.5,304.5,222.5,653.5,953.5,998.5,1331.5,1304.5,1387.0,1265.0,1224.5,798.0,490.0,596.0,921.5,885.0,1325.0,1854.5,1974.0,1858.5,1887.0,1137.5,618.5,295.0,642.5,365.0,1035.0,2577.0,3027.5,2993.5,2864.5,1662.5,916.5,258.0,614.0,507.0,1278.0,2904.0,3485.0,3751.5,3891.5,1858.0,1055.0,339.0,730.5,624.5,1416.5,2899.0,3458.0,3687.5,3862.0,2117.0,1794.0,621.0,830.5,1086.5,1230.0,1252.0,1329.0,1403.5,1434.0,1813.0,992.5,345.5,748.5,577.5,1414.5,2919.0,3439.0,3647.5,3783.5,1584.5,840.0,274.0,648.0,430.0,1249.0,2904.0,3492.5,3651.0,3805.5,1515.0,775.0,258.5,625.0,358.0,1109.0,2748.5,3235.5,3333.5,3513.0,1720.0,888.5,445.5,914.5,490.0,1470.0,3184.5,3610.5,3717.5,3839.0,1747.0,950.0,450.0,1007.5,610.0,1671.0,3032.0,3431.0,3642.0,3668.5,1883.0,1056.0,488.0,1116.0,855.0,1943.0,2929.0,3180.0,3445.0,3499.0,2207.0,1238.5,748.0,1364.0,1282.0,2331.5,3008.0,3297.0,3575.5,3741.5,2565.0,1548.0,786.0,1329.0,1545.5,2389.5,2787.5,3127.0,3405.5,3654.5,3939.5,2631.0,954.0,1343.5,1927.0,2336.0,2582.5,2942.0,3359.0,3450.0,1882.0,1429.0,496.5,718.5,1013.0,1180.5,1256.5,1374.5,1426.5,1503.5,1947.0,1642.0,521.0,702.0,956.5,1115.5,1150.5,1219.5,1318.5,1345.5,1922.5,1506.5,516.0,738.0,1016.5,1166.0,1228.5,1358.5,1409.5,1463.0,2211.5,1774.0,819.0,995.5,1230.0,1402.0,1442.0,1543.5,1651.5,1682.0,1931.0,1599.5,596.5,762.5,960.5,1085.5,1141.5,1235.0,1322.0,1368.5,2112.5,1796.5,703.0,830.5,1059.5,1178.5,1253.0,1331.0,1379.5,1471.0,1697.0,1412.5,473.0,583.5,774.0,869.5,939.5,991.0,1118.5,1115.5,0.0,0.0,0.0,0.0,0.0,0.0,0.0,0.0,0.0,0.0,1540.5,1185.0,414.0,570.5,778.5,883.5,951.0,995.5,1096.0,1092.5,1893.0,1574.0,649.0,789.5,961.0,1098.0,1119.0,1215.5,1281.5,1292.0,2321.5,1920.5,829.5,1070.5,1284.5,1420.5,1445.5,1533.0,1638.5,1657.5,2295.5,1912.0,887.0,1084.0,1285.0,1383.0,1435.5,1507.5,1683.5,1622.0,2108.5,1728.0,825.0,919.0,1111.0,1193.5,1258.5,1339.5,1448.5,1451.5,2162.5,1815.5,719.0,940.5,1183.5,1301.5,1339.5,1431.5,1500.0,1526.0,2274.0,1949.5,860.5,1137.5,1392.0,1507.5,1552.5,1628.0,1731.0,1691.5,"{""type"":""MultiPoint"",""coordinates"":[]}"
1046_0,3,128.0,121.0,234.5,328.0,415.5,430.5,279.5,300.5,305.0,222.5,2133.0,1828.0,695.5,890.5,1089.0,1200.0,1265.0,1345.5,1455.5,1484.0,2387.5,2103.5,823.5,1043.5,1293.5,1428.0,1463.0,1563.0,1643.0,1655.0,2573.0,2299.5,979.0,1231.5,1488.0,1627.0,1636.5,1748.0,1804.5,1826.5,2661.0,2414.0,1077.0,1322.0,1571.0,1722.0,1729.0,1823.0,1924.0,1926.0,1100.0,1096.0,1332.0,1586.0,1819.0,1906.0,1756.0,1874.0,1653.0,1699.0,543.0,398.0,745.0,1068.0,1082.0,1410.0,1264.0,1187.0,1223.0,1136.0,543.0,398.0,777.0,1068.0,1082.0,1418.0,1369.0,1423.0,1480.0,1318.0,581.0,496.0,524.0,870.0,718.0,1309.0,1369.0,1423.0,1460.0,1304.0,1151.5,699.5,286.0,603.5,371.5,962.0,2000.5,2318.0,2224.5,2229.5,1192.5,647.5,191.0,475.5,257.5,779.5,2226.5,2841.0,2827.0,2698.0,325.0,270.5,408.5,522.0,619.0,694.0,600.5,648.5,696.5,588.5,1446.0,732.0,222.0,508.0,282.0,825.0,2582.0,3454.0,3505.0,3619.0,1434.0,732.0,163.0,412.0,252.0,819.0,2570.0,3419.0,3514.0,3552.0,1527.0,768.0,163.0,459.0,248.0,846.0,2829.0,3722.0,3793.0,4115.0,1546.0,797.0,425.0,857.0,541.0,1479.0,3025.0,3746.0,3705.0,3884.0,1523.0,821.0,452.0,886.0,685.0,1561.0,2746.0,3236.0,3466.0,3518.0,1816.0,1065.5,498.5,927.5,1005.0,1789.0,2630.5,2955.5,3041.0,3269.0,2275.0,1323.0,851.0,1258.0,1437.0,2076.0,2659.0,2862.0,3058.0,3238.0,3753.5,2582.5,1020.5,1424.0,1953.5,2517.0,2811.5,3031.0,3361.5,3540.0,4185.0,2755.0,1340.5,1862.5,2659.5,3175.5,3410.0,3696.5,4121.0,4185.5,2926.0,2091.0,895.0,1204.0,1611.0,1822.0,2326.0,2127.0,2068.0,2702.0,217.0,188.0,383.0,440.0,561.0,656.0,568.0,607.0,657.0,541.0,3046.0,2257.0,943.0,1208.0,1611.0,1822.0,2284.0,2127.0,2080.0,2375.0,2824.5,2096.5,948.0,1192.0,1493.0,1801.0,1850.0,1957.5,1949.5,2213.0,1682.5,1343.5,582.0,740.0,957.5,1203.0,1175.0,1190.0,1260.5,1410.0,346.0,280.0,374.0,497.0,590.0,659.0,504.0,582.0,541.0,528.0,146.0,120.0,186.0,251.0,296.0,368.0,237.0,243.0,241.0,223.0,574.0,538.0,739.0,718.0,649.0,666.0,620.0,612.0,738.0,584.0,176.0,135.0,254.0,393.0,506.0,568.0,439.0,489.0,520.0,402.0,921.0,575.0,494.0,625.0,817.0,951.0,1071.0,1117.0,1278.0,1228.0,3003.0,2280.0,1064.0,1349.0,1680.0,1877.0,1947.0,2076.0,2228.0,2210.0,2241.0,1451.0,697.0,890.0,1238.0,1407.0,1529.0,1575.0,1703.0,1882.0,2685.5,1945.5,871.0,1120.0,1451.0,1634.5,1766.5,1859.5,1998.5,2101.0,3654.0,2936.5,1372.5,1655.5,1993.0,2137.0,2278.0,2394.5,2605.0,2647.0,3339.0,2737.5,1337.0,1586.0,1912.0,1966.5,2074.0,2205.0,2468.5,2448.5,"{""type"":""MultiPoint"",""coordinates"":[]}"
1047_0,3,1816.5,1524.0,560.5,690.0,922.0,1036.0,1090.5,1149.5,1232.0,1276.0,2458.0,2099.0,962.5,1249.5,1542.0,1655.5,1699.5,1782.5,1888.0,1876.0,2254.0,1902.5,739.5,1007.5,1270.0,1387.5,1425.0,1495.5,1593.0,1609.5,246.0,186.5,429.5,609.5,689.5,797.0,674.0,747.0,754.5,690.0,213.5,157.0,570.0,786.0,790.5,1015.0,974.5,1035.0,1069.5,963.0,392.0,309.5,570.0,786.0,790.5,1067.5,1110.5,1202.5,1152.0,1100.0,688.5,521.5,390.5,672.5,502.0,973.0,1291.0,1417.0,1283.0,1290.0,1301.5,758.0,358.0,681.5,419.5,1015.5,2434.0,2845.5,2896.0,2815.5,1550.5,763.5,263.0,580.0,295.5,945.0,2847.0,3589.5,3670.0,3687.0,1529.5,764.0,206.5,523.5,298.5,921.5,2847.0,3718.0,3755.0,3876.5,1513.5,751.5,164.0,428.5,240.5,767.0,2735.0,3844.5,4049.5,4114.0,2081.5,1753.5,589.5,789.5,1043.0,1173.0,1220.5,1298.0,1360.5,1429.0,1655.0,809.0,197.0,499.5,254.0,877.0,3133.0,4387.0,4550.0,4654.0,1663.0,828.0,304.5,851.5,445.5,1557.0,3694.0,4672.0,4834.0,4949.0,1751.5,877.0,448.0,952.0,669.5,1687.0,3575.5,4259.5,4387.5,4540.0,1898.5,1063.0,640.5,1111.5,1064.0,2056.5,3319.0,3770.0,3981.5,4095.0,2205.0,1288.5,698.5,1196.0,1300.5,2201.5,3115.0,3449.5,3870.0,3885.0,2530.0,1542.0,750.0,1259.0,1489.0,2266.0,3035.0,3372.0,3685.0,3775.0,4104.0,2797.5,1185.0,1664.0,2200.5,2683.0,3023.5,3335.0,3614.5,3744.5,4041.5,2705.5,1106.0,1563.0,2339.5,2773.0,3050.5,3330.0,3659.0,3791.0,3512.5,2627.0,1012.0,1463.0,2047.0,2365.5,2602.0,2848.5,3229.0,3189.0,2090.5,1602.5,657.0,922.5,1309.0,1510.0,1542.0,1657.5,1727.0,1821.0,1955.0,1667.0,500.0,709.5,979.0,1089.0,1123.5,1195.0,1306.0,1337.0,2399.0,1890.5,777.5,1033.5,1426.0,1626.5,1686.0,1821.5,1865.0,1961.5,2339.0,1852.0,871.5,1077.0,1409.0,1582.0,1651.5,1765.5,1872.0,1913.0,2040.5,1690.5,623.5,772.5,1019.5,1167.0,1206.5,1309.5,1372.0,1418.5,1715.5,1405.0,527.0,751.0,990.0,1117.0,1153.0,1237.0,1344.0,1310.0,1350.0,1155.0,360.5,464.5,642.0,732.5,756.5,790.5,878.5,901.5,0.0,0.0,0.0,0.0,0.0,0.0,0.0,0.0,0.0,0.0,1750.5,1469.5,465.5,664.5,871.5,993.5,1003.0,1110.5,1207.0,1205.5,1932.5,1674.5,592.0,722.5,922.0,1011.0,1057.5,1142.5,1209.5,1247.0,2056.0,1765.5,622.0,826.5,1046.0,1151.5,1214.5,1285.0,1379.0,1382.5,2120.0,1807.5,664.5,802.5,1030.0,1132.0,1154.5,1212.0,1325.0,1347.0,2160.5,1849.5,753.5,891.5,1095.5,1172.0,1225.0,1305.0,1429.5,1453.0,2112.5,1808.0,632.5,860.0,1085.5,1187.0,1261.5,1326.5,1425.5,1433.5,2236.5,1929.5,787.0,1002.0,1255.5,1382.0,1430.5,1504.0,1614.5,1613.5,"{""type"":""MultiPoint"",""coordinates"":[]}"
1048_0,3,1892.5,1501.5,591.5,737.5,970.0,1092.5,1176.0,1227.5,1317.5,1351.5,2358.0,1890.5,810.5,1070.5,1326.0,1453.0,1599.5,1682.0,1727.5,1818.0,2722.0,2283.5,1030.0,1350.5,1654.0,1793.5,1830.5,1923.0,1999.5,2002.0,2977.5,2497.5,1178.0,1513.0,1832.5,2001.5,2064.5,2169.0,2182.0,2242.0,1445.0,1173.0,858.0,1171.0,1251.0,1503.0,1402.0,1490.0,1435.0,1572.0,1076.0,805.0,847.0,1106.0,1226.0,1503.0,1333.0,1412.0,1391.0,1414.0,1076.0,805.0,649.0,973.0,1005.0,1398.0,1369.0,1440.0,1427.0,1389.0,1328.0,942.0,643.0,965.0,940.0,1385.0,1608.0,1831.0,1578.0,1763.0,1661.0,1010.0,550.0,867.0,743.0,1328.0,2065.0,2450.0,2270.0,2417.0,1942.5,1235.0,511.5,855.5,698.5,1326.0,2617.0,3312.0,3193.5,3333.0,1889.0,1061.0,252.0,549.5,406.5,982.0,2609.5,3629.5,3638.5,3695.0,2134.0,1755.0,709.0,879.0,1105.0,1274.0,1307.0,1378.0,1523.0,1575.0,1883.0,1068.0,314.0,605.0,439.0,1025.0,2916.0,3833.0,3943.0,4131.0,1881.0,1089.0,245.0,593.0,438.0,1082.0,3189.0,4125.0,4289.0,4373.0,1930.0,1132.0,370.0,852.0,549.0,1454.0,3403.0,4429.0,4488.0,4551.0,2028.0,1156.0,571.0,1145.0,868.0,1963.0,3523.0,4174.0,4221.0,4313.0,2115.5,1320.0,656.0,1206.0,1058.5,2077.5,3329.5,3817.0,4007.5,4095.0,2537.0,1639.5,793.0,1378.5,1526.0,2416.5,3285.5,3744.0,3863.5,4027.0,2939.0,1985.0,1094.5,1666.0,2042.5,2808.5,3498.0,3862.0,4074.5,4045.0,3932.0,2806.0,1289.0,1811.5,2362.5,3051.5,3357.5,3756.5,3877.0,3905.5,3722.0,2817.0,1310.0,1815.0,2573.0,2922.0,3186.0,3210.0,3579.0,3488.0,3631.0,2626.5,1307.5,1839.5,2551.0,2975.5,3069.5,3289.5,3355.0,3523.0,2122.0,1730.5,653.5,843.5,1080.5,1191.0,1293.5,1371.5,1471.0,1483.5,2398.0,1836.5,830.0,1102.0,1511.5,1646.0,1627.5,1829.5,1995.0,1955.0,2522.5,1960.0,899.0,1173.5,1545.5,1644.0,1795.0,1956.5,2069.0,2073.5,2284.0,1784.0,707.0,929.5,1229.5,1296.0,1405.5,1498.0,1659.5,1637.0,2386.5,1906.0,764.5,962.5,1214.5,1377.0,1381.0,1526.0,1677.0,1650.0,1784.0,1315.0,490.0,641.0,875.0,960.0,1079.0,1106.0,1253.0,1236.0,0.0,0.0,0.0,0.0,0.0,0.0,0.0,0.0,0.0,0.0,1859.0,1432.0,568.0,771.0,952.0,1067.0,1114.0,1186.0,1286.0,1301.0,2015.0,1616.0,689.0,803.0,972.0,1064.0,1118.0,1199.0,1301.0,1323.0,2385.0,1968.0,789.0,1024.0,1229.0,1353.0,1420.0,1546.0,1579.0,1645.0,2159.0,1668.0,958.0,1158.0,1352.0,1462.0,1593.0,1697.0,1824.0,1874.0,2005.0,1567.0,629.0,782.5,986.0,1116.5,1188.5,1273.0,1332.0,1403.5,2426.0,2019.0,860.0,1053.0,1249.0,1394.0,1551.0,1716.0,1755.0,1856.0,2345.0,1886.0,764.0,1001.0,1252.0,1369.0,1609.0,1730.0,1711.0,1787.0,"{""type"":""MultiPoint"",""coordinates"":[]}"
1049_0,3,1830.0,1534.0,625.5,769.0,991.0,1107.0,1154.0,1233.5,1299.5,1347.5,2231.5,1884.5,833.5,1041.0,1283.5,1401.5,1456.5,1538.0,1636.5,1629.0,2400.0,2043.5,971.0,1253.0,1538.0,1668.5,1672.5,1728.5,1826.5,1822.0,2697.5,2302.5,1235.5,1588.0,1904.5,2040.0,2025.0,2079.0,2158.0,2169.5,2305.0,1989.0,1127.0,1384.0,1583.0,1696.0,1715.0,1772.0,1826.0,1843.0,500.0,451.0,1127.0,1384.0,1409.0,1582.0,1290.0,1300.0,1278.0,1097.0,295.0,231.0,679.0,999.0,994.0,1357.0,1189.0,1265.0,1187.0,1041.0,359.0,264.0,546.0,925.0,883.0,1316.0,1201.0,1283.0,1145.0,1074.0,440.0,360.0,405.0,705.0,600.0,964.0,942.0,1063.0,1013.0,847.0,1282.5,682.5,213.0,529.0,272.0,866.0,2313.5,2789.5,2737.5,2680.5,1551.0,737.0,118.0,358.0,100.5,643.0,2870.5,4021.5,4020.5,3997.0,2005.0,1693.0,702.0,847.0,1063.0,1210.0,1216.0,1297.0,1375.0,1407.0,1485.0,681.0,142.0,357.0,89.0,616.0,3065.0,4366.0,4245.0,4240.0,1428.0,658.0,17.0,345.0,55.0,702.0,3333.0,4630.0,4692.0,4657.0,1499.0,678.0,179.0,587.0,257.0,1044.0,3531.0,4736.0,4829.0,5010.0,1566.0,729.0,437.0,994.0,610.0,1766.0,3729.0,4416.0,4521.0,4582.0,1609.0,864.5,491.0,1093.5,782.5,1964.0,3556.0,3946.0,4294.5,4261.0,2002.5,1180.0,602.0,1223.0,1184.5,2317.0,3334.5,3714.5,4055.0,4040.0,2444.0,1467.0,1010.0,1577.0,1717.5,2711.0,3455.5,3843.5,4104.0,4184.5,2808.0,1804.5,1127.5,1681.0,2048.0,2942.5,3466.5,3748.5,4117.5,4206.0,3694.0,2589.0,1177.0,1765.0,2349.0,2844.0,3098.0,3313.0,4011.0,3863.0,3616.5,2501.0,1278.0,1808.5,2693.0,2982.5,3191.0,3416.5,3862.0,3868.0,1883.0,1609.0,537.0,725.0,950.0,1090.0,1139.0,1202.0,1299.0,1301.0,3902.0,2822.0,1218.0,1662.0,2294.0,2708.0,2892.0,3101.0,3183.0,3533.0,3596.5,2661.0,1136.0,1485.0,2048.0,2446.5,2553.5,2773.0,2961.0,3108.0,3185.0,2570.0,872.5,1105.5,1482.0,1714.5,1829.5,1942.0,2133.5,2234.0,3295.0,2687.0,928.0,1097.0,1456.0,1690.0,1795.0,1904.0,2058.0,2178.0,1566.0,1310.0,486.0,608.0,837.0,955.0,996.0,1043.0,1156.0,1159.0,911.0,790.5,569.0,650.0,720.5,782.5,863.0,903.5,855.5,937.5,1320.0,1029.0,415.0,570.0,702.0,807.0,834.0,895.0,987.0,1029.0,289.0,242.0,177.0,133.0,130.0,148.0,152.0,174.0,176.0,180.0,2133.0,1819.0,755.0,953.0,1150.0,1259.0,1315.0,1384.0,1454.0,1505.0,2061.5,1752.0,778.0,907.0,1094.5,1199.0,1243.5,1299.0,1391.5,1418.5,1627.0,1375.0,553.0,678.0,835.0,894.0,925.0,998.0,1074.0,1094.0,2169.0,1878.5,837.5,991.5,1178.5,1284.0,1309.5,1388.0,1488.5,1472.0,2196.5,1872.5,854.0,1022.0,1212.5,1327.0,1371.5,1446.5,1554.5,1547.0,"{""type"":""MultiPoint"",""coordinates"":[]}"
1050_0,3,1850.0,1560.5,520.0,680.5,943.0,1058.5,1081.5,1164.5,1249.0,1292.5,2556.0,2172.0,1010.5,1335.5,1670.0,1766.0,1828.5,1878.5,2009.0,1992.5,2534.5,2137.5,905.5,1207.5,1539.5,1660.0,1670.5,1738.5,1861.0,1859.0,2437.0,2099.0,933.0,1197.5,1493.5,1654.0,1625.5,1700.0,1789.0,1798.0,443.5,414.5,779.5,1059.0,1088.5,1245.0,915.0,950.5,951.0,759.5,260.5,214.5,621.0,891.0,916.5,1207.5,911.5,962.0,904.0,756.5,483.5,361.0,594.0,886.0,858.5,1222.5,1097.0,1162.5,1036.0,977.5,815.5,643.0,493.5,855.5,634.5,1224.5,1695.5,1840.5,1794.0,1638.5,1474.0,821.5,350.0,750.5,409.0,1182.0,3121.0,3463.5,3549.5,3449.5,1674.5,908.0,315.5,731.0,455.5,1300.0,3039.0,3656.0,3733.0,3900.0,1698.0,928.5,294.5,683.0,477.5,1297.5,2917.0,3509.0,3728.0,3804.5,2155.0,1812.5,590.0,826.5,1084.0,1271.0,1287.5,1340.5,1409.0,1516.5,1647.0,883.0,260.5,651.0,438.0,1237.0,2903.0,3466.0,3639.5,3779.0,1510.5,774.5,249.5,624.0,395.5,1143.5,2874.0,3476.5,3639.0,3731.0,1472.0,771.5,282.0,627.0,377.5,1114.0,2876.0,3380.5,3531.5,3689.0,1747.5,923.5,465.0,971.0,545.0,1596.5,3305.0,3747.5,3953.0,3995.0,1777.5,955.0,475.5,1022.0,646.0,1669.0,3077.0,3394.0,3756.0,3727.0,1941.0,1111.0,515.0,1136.0,950.0,1996.0,2873.0,3112.0,3373.0,3414.0,2230.5,1303.0,794.0,1393.0,1449.0,2333.5,2952.5,3173.0,3474.5,3584.0,2488.5,1589.5,794.5,1374.0,1622.5,2306.5,2814.0,3059.5,3334.5,3482.5,3815.5,2535.5,1035.5,1511.5,2051.5,2597.0,2871.5,3184.0,3588.5,3639.5,2016.0,1517.5,631.0,908.0,1283.5,1454.0,1502.0,1613.0,1732.5,1771.0,2011.0,1691.0,499.0,743.5,1003.5,1125.5,1188.5,1235.0,1358.0,1392.0,2176.5,1690.5,665.0,940.5,1294.0,1433.0,1480.0,1617.0,1738.0,1791.0,2359.5,1882.0,848.5,1065.0,1378.0,1555.5,1590.5,1695.5,1824.0,1840.0,2093.5,1706.5,633.5,799.5,1054.5,1184.5,1221.5,1314.0,1408.0,1452.5,2236.0,1836.5,731.5,858.0,1125.0,1259.5,1307.5,1383.0,1456.0,1544.0,1878.5,1545.5,523.5,644.0,896.0,989.0,1047.5,1152.0,1306.0,1227.0,0.0,0.0,0.0,0.0,0.0,0.0,0.0,0.0,0.0,0.0,1567.5,1183.5,449.5,632.5,820.0,916.5,953.0,1026.0,1121.5,1112.0,1975.0,1703.0,720.5,855.0,1028.5,1153.5,1230.5,1273.0,1347.5,1388.0,2311.0,1917.0,786.5,1024.0,1243.0,1368.0,1435.0,1509.5,1633.0,1602.0,2261.0,1897.0,778.0,985.0,1223.0,1346.0,1350.5,1455.5,1557.0,1569.0,2099.0,1740.0,762.0,885.5,1082.0,1196.5,1206.0,1272.0,1377.0,1378.5,2134.0,1817.0,628.0,869.5,1132.0,1226.5,1233.5,1298.5,1440.5,1438.5,2332.5,1972.0,796.5,1069.0,1376.5,1519.0,1557.0,1621.5,1726.5,1691.5,"{""type"":""MultiPoint"",""coordinates"":[]}"
1051_0,3,1890.0,1534.5,564.5,686.0,923.5,1046.0,1098.5,1171.0,1275.0,1318.0,2188.5,1885.0,868.5,1112.5,1362.0,1471.0,1508.0,1555.5,1655.0,1643.5,2257.0,1949.0,823.5,1050.0,1313.0,1443.0,1446.5,1522.5,1616.0,1624.0,1358.5,1151.0,556.0,740.0,941.0,1042.5,1031.0,1087.0,1137.0,1149.0,228.0,174.0,513.0,703.0,737.0,886.0,645.0,694.0,649.0,569.0,367.0,305.0,489.0,739.0,775.0,1067.0,982.0,1026.0,999.0,929.0,552.0,461.0,466.0,700.0,552.0,1034.0,1217.0,1330.0,1314.0,1183.0,1144.0,654.0,366.0,700.0,387.0,1055.0,2542.0,2867.0,2996.0,2773.0,1315.0,683.0,285.0,598.0,311.0,1064.0,3183.0,3888.0,4059.0,3970.0,1628.5,911.5,278.5,612.0,504.5,1201.5,2725.5,3279.0,3527.0,3675.0,1764.5,960.5,226.0,525.0,429.5,1039.0,2723.0,3488.5,3742.5,3834.0,2082.0,1735.0,635.0,784.0,1006.0,1144.0,1198.0,1277.0,1370.0,1462.0,1829.0,956.0,252.0,540.0,378.0,963.0,2999.0,3716.0,3976.0,4030.0,1798.0,927.0,198.0,659.0,317.0,1229.0,3273.0,4027.0,4227.0,4298.0,1846.0,943.0,344.0,869.0,541.0,1504.0,3469.0,4047.0,4256.0,4311.0,2007.0,1079.0,552.0,1127.0,868.0,1955.0,3341.0,3861.0,4138.0,4184.0,2163.5,1236.0,590.5,1176.5,1045.0,2001.0,3139.0,3497.5,3951.5,3897.0,2408.5,1444.0,652.5,1188.5,1244.5,2066.0,2962.5,3249.5,3611.0,3680.5,2969.0,1808.5,894.5,1350.0,1557.0,2274.0,2837.0,3143.5,3508.5,3585.5,3910.0,2664.0,955.5,1337.0,1858.5,2327.0,2667.5,3036.0,3401.0,3445.5,3512.5,2500.5,905.5,1302.5,1918.5,2254.5,2476.0,2759.0,3192.0,3138.5,2618.0,1966.0,823.0,1129.0,1591.0,1742.0,1927.0,1976.0,2236.0,2257.0,2070.5,1731.5,599.5,755.5,984.5,1114.0,1148.0,1228.5,1368.0,1377.5,2650.5,1993.5,833.5,1124.5,1588.0,1739.0,1917.5,1992.0,2168.5,2247.0,2538.0,1938.0,909.5,1131.5,1534.5,1710.5,1798.0,1929.5,2158.0,2134.0,2287.5,1837.0,676.5,863.5,1159.0,1282.5,1362.5,1482.0,1639.5,1659.5,2345.0,1888.0,712.5,871.5,1154.0,1277.5,1379.5,1480.5,1613.0,1656.5,2021.0,1348.0,558.0,702.0,958.0,1065.0,1127.0,1225.0,1441.0,1376.0,0.0,0.0,0.0,0.0,0.0,0.0,0.0,0.0,0.0,0.0,1760.0,1482.0,496.0,623.0,812.0,903.0,932.0,1016.0,1090.0,1148.0,1835.0,1563.0,563.0,653.0,812.0,918.0,937.0,974.0,1087.0,1110.0,2188.0,1839.0,623.0,787.0,1021.0,1125.0,1152.0,1236.0,1322.0,1344.0,2215.0,1882.0,746.0,835.0,1049.5,1157.0,1172.5,1262.0,1382.0,1406.0,2133.0,1741.0,693.0,765.0,973.5,1072.5,1084.0,1150.0,1284.5,1294.0,1975.0,1693.0,637.0,769.0,976.0,1089.0,1142.0,1215.0,1312.0,1316.0,1907.0,1693.0,637.0,769.0,976.0,1089.0,1142.0,1197.0,1312.0,1303.0,"{""type"":""MultiPoint"",""coordinates"":[]}"
1052_0,3,1845.5,1547.0,522.0,663.0,899.0,1013.0,1026.5,1095.5,1198.5,1232.0,2548.5,2175.5,960.0,1278.5,1580.0,1715.0,1740.0,1811.0,1923.0,1926.0,2584.5,2202.5,867.0,1164.5,1493.5,1638.0,1621.0,1699.0,1803.0,1827.0,2521.5,2200.0,867.5,1143.0,1446.0,1577.5,1582.0,1665.5,1733.5,1782.5,378.5,381.0,565.5,799.5,855.0,1081.5,918.0,971.5,877.0,880.5,388.5,309.0,649.0,901.5,1002.5,1249.5,1151.5,1207.0,1183.5,1094.0,695.5,527.5,609.5,879.5,857.5,1280.5,1425.0,1523.0,1423.5,1354.5,1313.5,903.0,494.5,845.0,511.0,1244.0,2439.5,2628.0,2674.5,2536.5,1720.0,883.5,346.0,738.0,395.0,1178.0,3301.5,3957.5,4015.5,4009.5,1927.5,1014.0,327.0,767.5,451.0,1353.0,3505.5,4181.0,4310.0,4421.0,1893.0,961.5,316.5,821.0,433.0,1447.5,3652.0,4382.0,4534.5,4541.0,2114.5,1784.5,576.0,769.5,1017.0,1165.0,1218.5,1269.0,1372.5,1381.5,1868.0,948.5,306.0,826.0,420.5,1473.5,3745.0,4506.0,4737.0,4772.5,1691.5,860.5,287.5,760.0,447.5,1418.5,3559.5,4308.5,4557.0,4617.5,1713.5,860.5,355.5,736.5,484.5,1368.0,3594.5,4358.5,4567.0,4677.0,1981.5,1039.0,509.0,973.0,679.0,1766.5,3773.0,4373.5,4559.5,4679.5,1998.5,1091.0,506.5,1028.0,791.5,1837.0,3484.5,3942.0,4221.5,4225.5,2200.0,1285.0,547.0,1138.0,1057.0,2107.0,3170.0,3540.0,3788.0,3867.0,2479.5,1477.5,843.5,1430.5,1557.5,2466.5,3191.0,3475.5,3826.0,3909.0,2847.5,1783.5,889.0,1430.5,1718.0,2515.5,2979.5,3268.5,3532.5,3738.0,3765.0,2622.0,1034.5,1507.0,2041.0,2487.0,2792.5,3041.5,3443.0,3535.5,2232.0,1668.5,688.0,967.0,1374.0,1562.5,1590.0,1713.5,1837.0,1895.5,2005.0,1673.0,491.0,713.0,956.0,1087.5,1140.0,1192.0,1309.0,1304.5,2439.0,1917.5,784.5,1068.0,1476.5,1674.5,1723.5,1854.0,1917.5,2033.5,2473.0,1956.5,913.5,1140.5,1454.0,1604.5,1649.5,1778.5,1898.5,1896.0,2296.0,1880.5,702.0,894.0,1189.0,1320.5,1370.0,1466.5,1625.0,1616.5,2547.5,1997.0,778.0,977.0,1266.5,1442.5,1462.5,1571.0,1700.0,1689.0,2063.5,1580.0,559.0,692.0,971.5,1093.0,1163.0,1224.5,1366.0,1364.5,0.0,0.0,0.0,0.0,0.0,0.0,0.0,0.0,0.0,0.0,1807.5,1495.0,519.0,715.0,893.5,1015.5,1074.0,1130.0,1183.5,1221.0,1911.5,1657.5,599.5,732.0,929.5,1023.0,1064.5,1114.0,1217.0,1238.5,2256.0,1928.5,712.0,925.0,1166.0,1285.0,1331.5,1381.0,1477.0,1476.0,2278.0,1957.0,744.5,918.5,1168.5,1295.5,1274.5,1347.0,1471.5,1495.0,2032.0,1735.0,626.0,765.5,972.0,1097.5,1091.0,1176.5,1253.5,1316.0,1980.0,1685.5,594.5,770.0,990.5,1072.0,1115.5,1162.0,1289.5,1297.0,2324.5,2018.5,805.0,1112.0,1383.5,1507.5,1505.0,1602.0,1707.0,1702.5,"{""type"":""MultiPoint"",""coordinates"":[]}"
1053_0,3,990.0,840.0,329.0,402.0,485.0,538.0,564.0,598.0,622.0,649.0,1853.0,1606.0,728.0,939.5,1084.5,1175.0,1201.5,1258.0,1335.0,1311.0,2014.5,1749.5,766.0,992.5,1157.0,1250.0,1295.0,1359.0,1403.0,1414.5,2442.0,2143.0,1137.5,1397.0,1584.5,1697.5,1730.0,1802.0,1856.0,1846.5,2614.0,2287.0,1265.0,1488.0,1694.0,1811.0,1863.0,1903.0,2016.0,1985.0,2347.0,2078.0,1118.0,1356.0,1525.0,1640.0,1673.0,1709.0,1766.0,1774.0,491.0,401.0,857.0,1067.0,1140.0,1343.0,1056.0,1125.0,1111.0,928.0,379.0,342.0,857.0,1067.0,1140.0,1343.0,1117.0,1186.0,1205.0,1104.0,235.0,207.0,704.0,1006.0,1076.0,1232.0,966.0,1056.0,991.0,870.0,206.0,182.0,669.0,974.5,1015.5,1121.5,761.0,881.0,820.0,688.0,189.0,151.0,636.0,920.5,937.5,1087.0,774.5,868.0,821.0,673.0,1241.0,1061.5,463.0,570.5,674.5,722.5,747.0,793.5,863.5,845.0,857.0,592.0,682.0,963.0,952.0,1269.0,1443.0,1590.0,1459.0,1514.0,520.0,304.0,371.0,680.0,658.0,930.0,1130.0,1300.0,1314.0,1154.0,730.0,397.0,361.0,619.0,548.0,860.0,1500.0,1765.0,1848.0,1754.0,865.0,441.0,383.0,593.0,430.0,829.0,1695.0,2318.0,2377.0,2071.0,926.0,484.0,370.0,659.0,465.0,962.0,1984.0,2341.0,2542.0,2402.0,993.0,556.0,393.0,750.0,545.0,1186.0,2041.5,2442.0,2586.5,2438.5,1813.0,1102.0,791.0,1147.0,1148.0,1732.0,2436.0,2618.0,2866.0,2869.0,2108.5,1382.0,763.0,1132.5,1269.5,1764.5,2312.5,2549.0,2788.0,2771.5,2655.5,1939.5,853.0,1279.0,1641.0,2131.5,2498.0,2677.0,3004.5,2989.5,3156.0,2358.0,1060.0,1467.0,2026.0,2285.0,2345.0,2617.0,2677.0,2765.0,1281.0,1115.0,523.0,592.0,706.0,746.0,767.0,814.0,877.0,874.0,3145.0,2431.0,1060.0,1395.0,1813.0,2027.0,2114.0,2274.0,2490.0,2478.0,3088.5,2408.0,1115.5,1414.5,1801.0,2018.0,2099.5,2221.0,2431.0,2452.0,2770.5,2258.0,896.0,1149.5,1428.5,1580.0,1639.5,1741.5,1860.5,1905.0,2837.0,2399.0,1012.0,1208.0,1460.0,1612.0,1675.0,1785.0,1873.0,1964.0,2560.0,1642.0,777.0,954.0,1235.0,1378.0,1419.0,1527.0,1743.0,1705.0,679.0,473.0,472.0,468.0,509.0,569.0,619.0,650.0,636.0,698.0,2121.0,1898.0,773.0,1004.0,1205.0,1328.0,1345.0,1419.0,1494.0,1458.0,1324.0,1005.0,703.0,814.0,867.0,886.0,885.0,881.0,1120.0,872.0,2312.0,2091.0,887.0,1168.0,1383.0,1496.0,1510.0,1604.0,1674.0,1679.0,2113.0,1839.0,1088.0,1339.0,1525.0,1601.0,1673.0,1734.0,1854.0,1822.0,1594.5,1337.0,505.5,651.0,795.5,874.0,864.0,926.0,994.5,1000.5,1654.0,1415.0,666.0,778.0,899.0,993.0,1037.0,1087.0,1134.0,1139.0,1726.0,1498.5,675.5,832.5,955.0,1041.0,1076.0,1133.0,1201.0,1186.0,"{""type"":""MultiPoint"",""coordinates"":[]}"
1054_0,3,1646.5,1372.5,556.0,695.5,891.0,993.0,1015.5,1092.0,1190.0,1167.0,2260.0,1970.0,906.0,1167.0,1402.0,1500.0,1549.5,1616.0,1712.5,1697.0,2341.0,2049.5,926.0,1188.5,1411.5,1538.5,1561.5,1627.0,1707.0,1710.5,2256.5,1996.0,906.5,1149.0,1361.0,1468.0,1507.0,1562.5,1631.5,1636.5,301.0,267.0,1140.0,1495.0,1547.0,1632.0,1161.0,1175.0,1141.0,880.0,302.0,275.0,1140.0,1495.0,1547.0,1632.0,1271.0,1381.0,1292.0,1168.0,373.0,275.0,623.0,997.0,961.0,1450.0,1341.0,1435.0,1443.0,1261.0,568.0,436.0,583.0,935.0,868.0,1476.0,1629.0,1757.0,1603.0,1502.0,611.0,490.0,456.0,763.0,701.0,1204.0,1398.0,1591.0,1465.0,1308.0,768.0,506.5,265.0,500.0,395.0,962.5,1590.5,1835.5,1691.5,1586.0,1179.5,677.5,276.0,538.5,363.0,1060.5,2414.5,2926.0,2879.5,2809.0,1865.0,1599.0,667.0,845.0,1041.0,1142.0,1172.0,1261.0,1285.0,1334.0,1391.0,745.0,366.0,681.0,487.0,1162.0,2545.0,3102.0,3037.0,2975.0,1228.0,631.0,145.0,450.0,243.0,890.0,2541.0,3102.0,3037.0,2975.0,1176.0,596.0,145.0,422.0,186.0,803.0,2555.0,3294.0,3166.0,3179.0,1375.0,712.0,339.0,698.0,363.0,1160.0,3016.0,3553.0,3609.0,3654.0,1517.0,770.5,390.5,868.5,450.0,1411.0,3205.0,3764.5,3938.0,3827.5,1608.0,890.0,430.5,972.0,639.0,1663.5,2930.5,3234.0,3398.0,3397.5,2066.0,1207.0,768.0,1309.0,1277.0,2140.0,2867.0,3116.0,3414.0,3480.0,2377.0,1529.5,726.0,1293.0,1399.5,2261.5,2875.5,3090.5,3438.0,3483.0,3054.5,2153.0,987.0,1415.5,1857.5,2300.5,2542.5,2693.5,2962.5,3056.5,2979.0,2132.0,940.0,1329.0,1861.0,2250.0,2366.0,2621.0,2622.0,2722.0,1731.0,1464.0,471.0,695.0,930.0,1016.0,1054.0,1110.0,1240.0,1220.0,2849.0,2132.0,789.0,1081.0,1524.0,1785.0,1892.0,2044.0,2228.0,2261.0,2807.5,2113.0,859.0,1114.5,1510.5,1766.5,1868.0,2016.5,2157.0,2236.5,2436.0,1959.5,649.5,824.5,1086.5,1269.5,1360.0,1465.0,1595.0,1671.5,2524.0,2075.0,720.0,881.0,1134.0,1329.0,1405.0,1498.0,1623.0,1723.0,2252.0,1569.0,553.0,695.0,946.0,1109.0,1159.0,1310.0,1474.0,1481.0,0.0,0.0,0.0,0.0,0.0,0.0,0.0,0.0,0.0,0.0,1516.0,1185.0,493.0,685.0,860.0,934.0,961.0,1041.0,1151.0,1125.0,2061.0,1895.0,740.0,906.0,1134.0,1280.0,1389.0,1476.0,1353.0,1587.0,2316.0,1944.0,839.0,1097.0,1325.0,1454.0,1505.0,1568.0,1671.0,1680.0,2475.0,2117.0,1014.0,1238.0,1465.0,1553.0,1629.0,1702.0,1859.0,1833.0,1866.0,1564.0,579.0,755.0,971.0,1040.0,1090.0,1126.0,1227.0,1246.0,2001.0,1732.0,724.0,946.0,1143.0,1248.0,1268.0,1353.0,1428.0,1431.0,2067.5,1792.5,813.0,1002.5,1216.5,1308.5,1354.5,1407.5,1510.5,1485.5,"{""type"":""MultiPoint"",""coordinates"":[]}"
1055_0,3,2240.5,1812.0,745.5,913.0,1204.0,1364.0,1372.5,1454.0,1610.0,1621.0,2156.5,1840.5,754.5,966.5,1246.5,1367.5,1395.0,1472.5,1575.0,1581.0,2327.0,2033.5,831.0,1074.5,1382.0,1508.5,1531.5,1616.0,1683.5,1689.5,2452.5,2152.5,859.0,1123.0,1453.0,1606.0,1652.0,1726.0,1792.0,1828.5,821.0,811.0,950.0,1105.0,1242.0,1317.0,1126.0,1229.0,1146.0,1172.0,287.0,262.0,586.0,772.0,830.0,943.0,768.0,862.0,848.0,760.0,373.0,321.0,441.0,662.0,619.0,898.0,904.0,1001.0,954.0,871.0,787.0,541.0,432.0,703.0,527.0,942.0,1441.0,1517.0,1537.0,1429.0,1408.0,677.0,307.0,663.0,300.0,956.0,2864.0,3402.0,3355.0,3336.0,1734.5,892.0,265.0,605.5,334.0,1054.0,3000.0,3812.5,3950.0,3956.5,1710.0,860.0,174.0,397.5,257.0,810.5,2759.5,3827.5,4009.0,4087.5,2445.0,2034.0,794.0,1000.0,1288.0,1468.0,1453.0,1533.0,1660.0,1741.0,1742.0,854.0,223.0,435.0,280.0,814.0,2897.0,3873.0,4061.0,4218.0,1666.0,828.0,152.0,442.0,266.0,847.0,3078.0,4081.0,4325.0,4347.0,1707.0,828.0,331.0,752.0,483.0,1337.0,3417.0,4397.0,4546.0,4764.0,1889.0,1010.0,490.0,1014.0,771.0,1813.0,3567.0,4299.0,4524.0,4565.0,1969.0,1107.0,566.5,1105.0,947.5,1957.5,3370.0,3871.5,4267.0,4296.0,2253.5,1305.0,614.5,1168.0,1184.5,2071.0,3259.5,3659.5,4011.5,4095.0,2534.0,1461.5,809.0,1349.0,1393.0,2298.5,3298.5,3689.5,4084.5,4135.5,3717.0,2519.0,932.5,1412.0,1817.5,2474.0,3064.0,3373.5,3705.5,3890.0,3522.5,2530.0,928.0,1400.0,1956.0,2446.5,2772.5,3072.0,3326.5,3466.0,3388.0,2333.0,1003.0,1406.0,2029.0,2404.0,2718.0,3013.0,3203.0,3249.0,2454.0,2035.0,783.5,972.0,1286.5,1406.0,1445.0,1527.5,1702.0,1706.5,3309.5,2326.0,938.0,1306.5,1883.0,2217.5,2473.0,2692.5,2979.0,2973.0,3078.5,2181.0,1015.5,1305.0,1756.5,2072.0,2250.0,2473.0,2711.0,2731.0,2686.0,2032.0,678.0,905.0,1218.0,1454.5,1565.5,1771.0,1952.5,1947.5,2833.0,2180.0,742.0,918.5,1224.5,1419.5,1538.5,1690.0,1917.0,1931.5,1866.0,1436.0,546.0,690.0,960.0,1089.0,1135.0,1245.0,1374.0,1324.0,0.0,0.0,0.0,0.0,0.0,0.0,0.0,0.0,0.0,0.0,2251.0,1915.0,720.0,898.0,1156.0,1226.0,1236.0,1340.0,1447.0,1448.0,2250.0,1908.0,736.0,851.0,1065.0,1150.0,1143.0,1190.0,1334.0,1331.0,2394.5,2013.5,794.0,977.0,1220.5,1330.0,1341.0,1398.0,1541.5,1566.5,2509.0,2069.0,816.0,950.0,1231.0,1334.0,1268.0,1336.0,1446.0,1473.0,2558.5,2108.5,893.0,1008.0,1257.5,1370.5,1348.0,1420.0,1543.0,1569.0,2585.0,2226.0,893.0,1066.0,1284.0,1407.0,1439.0,1531.0,1647.0,1654.0,2254.0,1925.0,753.0,985.0,1271.0,1395.0,1413.0,1526.0,1616.0,1608.0,"{""type"":""MultiPoint"",""coordinates"":[]}"
1056_0,3,1679.5,1521.0,266.0,374.0,515.0,602.5,618.5,699.0,747.5,816.5,2369.5,2110.5,612.5,803.0,975.0,1149.5,1278.0,1371.5,1444.5,1511.5,2509.5,2054.5,689.5,1025.5,1000.5,1457.5,2225.5,2417.5,2501.5,2587.0,2409.0,1640.0,631.0,1113.5,816.0,1615.0,2996.5,3335.0,3453.0,3449.0,2274.0,1519.0,603.0,1165.5,731.5,1680.0,4035.5,4756.5,5041.5,4886.5,2208.0,1466.0,595.0,1205.0,723.0,1785.0,4125.0,5058.0,5465.0,5095.0,2486.0,1963.0,700.0,865.0,891.0,1240.0,1504.0,1695.0,1758.0,1868.0,2838.0,2568.0,700.0,927.0,1208.0,1327.0,1497.0,1623.0,1758.0,1867.0,2838.0,2600.0,845.0,1072.0,1281.0,1377.0,1550.0,1776.0,1914.0,1867.0,2776.5,2486.5,694.5,819.5,1033.0,1197.0,1210.0,1331.5,1347.0,1475.5,2976.5,2798.0,795.5,942.0,1178.0,1340.5,1359.0,1483.5,1510.0,1634.5,1948.5,1778.0,337.5,490.5,661.5,779.5,777.0,860.0,916.5,985.5,2572.5,2361.5,661.5,822.0,1045.5,1123.5,1129.0,1249.0,1329.0,1374.5,2312.0,2090.0,546.0,702.0,885.0,1019.0,1007.0,1107.0,1104.0,1206.0,2733.0,2533.0,701.0,836.0,1028.0,1173.0,1226.0,1270.0,1327.0,1441.0,1994.0,1608.0,644.0,762.0,760.0,1066.0,1572.0,1674.0,1739.0,1800.0,1851.0,1473.0,501.0,646.0,641.0,968.0,2125.0,2298.0,2456.0,2427.0,1816.0,1124.0,459.0,699.0,510.0,1051.0,3074.0,3531.0,3800.0,3588.0,1787.0,893.0,531.0,733.0,533.0,1057.0,3462.0,4170.0,4401.0,4086.0,1772.0,946.0,484.0,634.0,448.0,947.0,3795.0,4847.0,5388.0,5013.0,1568.0,893.0,469.0,634.0,448.0,933.0,3788.0,4706.0,5418.0,4928.0,1630.0,916.0,489.5,642.0,441.0,950.5,3717.0,4728.5,5091.0,4786.5,1823.0,1642.0,421.0,503.0,629.0,762.0,771.0,794.0,869.0,917.0,1811.0,1105.0,460.0,662.0,508.0,1056.0,2887.5,3414.0,3730.5,3618.0,1881.0,1658.0,274.0,376.0,521.0,632.0,697.0,784.0,813.0,911.0,2013.0,1833.0,357.0,493.0,684.0,753.0,829.0,873.0,1054.0,1009.0,2340.0,2251.0,877.0,977.0,1150.0,1272.5,1285.0,1356.5,1439.0,1454.5,1351.5,1192.5,239.5,293.0,420.0,495.0,519.5,569.5,648.5,665.0,1174.5,968.5,621.5,578.5,639.0,691.0,713.0,742.5,807.0,787.5,1590.0,1429.0,348.0,422.0,564.0,680.0,691.0,777.0,768.0,879.0,1903.0,1794.0,348.0,422.0,564.0,680.0,667.0,781.0,768.0,879.0,2225.0,2027.5,452.5,664.0,872.5,961.5,1003.5,1080.5,1207.0,1238.0,1498.0,1155.0,291.0,345.0,489.0,557.0,515.0,569.0,620.0,669.0,1529.0,1222.0,356.5,402.5,510.5,578.5,562.5,605.0,680.0,723.0,2301.0,2049.5,531.5,677.0,877.0,995.0,981.0,1055.0,1155.0,1199.0,2369.5,2112.5,531.0,704.0,903.0,1034.5,1029.5,1124.5,1224.5,1283.5,"{""type"":""MultiPoint"",""coordinates"":[]}"
1057_0,3,1748.0,1431.5,598.5,737.5,947.0,1066.0,1111.5,1177.0,1235.0,1293.0,2132.5,1777.0,789.5,996.5,1202.0,1325.0,1394.5,1479.0,1565.0,1569.0,2322.5,1970.5,921.0,1198.5,1447.0,1561.5,1606.0,1695.5,1750.0,1777.5,2617.0,2248.5,1181.0,1509.5,1784.5,1915.0,1927.0,2013.0,2060.0,2081.0,2260.0,1931.0,1080.0,1354.0,1450.0,1562.0,1571.0,1641.0,1724.0,1717.0,566.0,494.0,1080.0,1354.0,1362.0,1562.0,1274.0,1292.0,1282.0,1099.0,400.0,324.0,674.0,951.0,978.0,1260.0,1183.0,1261.0,1128.0,1138.0,501.0,369.0,674.0,951.0,978.0,1292.0,1195.0,1269.0,1283.0,1138.0,697.0,514.0,498.0,827.0,689.0,1116.0,1188.0,1284.0,1206.0,1095.0,1260.0,708.5,326.0,629.5,425.5,956.5,2173.5,2638.0,2568.0,2581.0,1438.5,731.0,187.0,442.5,218.0,745.0,2653.5,3610.5,3598.0,3638.5,1929.0,1590.0,678.0,849.0,1045.0,1172.0,1216.0,1232.0,1343.0,1387.0,1393.0,667.0,187.0,443.0,200.0,693.0,2755.0,3869.0,3990.0,3953.0,1396.0,667.0,93.0,461.0,181.0,825.0,3094.0,4173.0,4302.0,4215.0,1520.0,731.0,235.0,647.0,369.0,1151.0,3415.0,4459.0,4422.0,4581.0,1585.0,767.0,467.0,989.0,658.0,1747.0,3498.0,4127.0,4211.0,4323.0,1658.0,909.0,522.0,1078.5,839.0,1896.0,3211.0,3666.5,3899.5,3898.5,1958.0,1164.5,574.0,1122.0,1165.0,2079.0,3029.5,3347.0,3531.5,3648.5,2375.5,1424.0,893.0,1441.5,1609.5,2351.0,2995.5,3314.0,3532.0,3669.5,2668.0,1718.0,953.0,1438.5,1823.0,2509.5,3006.0,3235.0,3537.0,3662.5,3572.5,2487.0,1025.5,1459.0,2044.0,2575.0,2911.5,3220.5,3511.0,3597.0,2871.0,1852.0,1002.0,1461.0,2187.0,2663.0,2737.0,3011.0,3126.0,3159.0,1794.0,1511.0,514.0,700.0,925.0,1068.0,1087.0,1153.0,1270.0,1280.0,3504.0,2563.0,1010.0,1405.0,1988.0,2222.0,2575.0,2589.0,2932.0,3096.0,3327.0,2448.5,1055.0,1394.5,1916.0,2216.5,2394.0,2556.0,2768.5,2901.0,3056.0,2381.5,820.0,1080.0,1443.0,1621.0,1752.5,1893.5,2073.0,2151.0,3090.0,2446.0,900.0,1102.0,1472.0,1598.0,1792.0,1851.0,2080.0,2194.0,1663.0,1345.0,477.0,615.0,863.0,956.0,1040.0,1109.0,1172.0,1198.0,979.0,700.0,794.0,803.0,753.0,820.0,908.0,914.0,1012.0,908.0,1295.0,1002.0,423.0,589.0,732.0,833.0,851.0,931.0,993.0,1001.0,296.0,229.0,162.0,135.0,126.0,150.0,162.0,183.0,192.0,189.0,2053.0,1733.0,759.0,953.0,1137.0,1267.0,1328.0,1384.0,1484.0,1473.0,1992.0,1677.0,809.5,908.5,1094.5,1178.0,1248.0,1314.0,1419.5,1400.0,1552.0,1274.0,526.0,657.0,795.0,874.0,914.0,958.0,1052.0,1065.0,2100.0,1776.0,815.0,975.5,1148.5,1266.5,1299.0,1366.5,1464.0,1469.0,2106.5,1780.0,836.0,1008.5,1184.0,1300.5,1364.0,1438.0,1542.5,1517.0,"{""type"":""MultiPoint"",""coordinates"":[]}"
1058_0,3,1984.5,1660.0,637.5,788.5,1049.0,1145.0,1186.5,1280.5,1427.0,1386.5,2460.0,2102.5,1067.5,1364.0,1642.0,1736.5,1772.5,1869.5,1961.0,1953.5,1333.0,1108.0,672.0,914.5,1088.0,1200.0,1135.5,1199.0,1233.5,1195.0,149.0,143.0,506.5,724.0,792.5,915.5,705.5,769.5,738.5,629.5,122.5,98.5,544.5,784.5,868.0,1015.5,806.0,891.5,829.5,739.0,282.5,236.0,519.0,874.5,838.0,1150.0,997.5,1086.5,994.0,871.0,704.0,526.0,383.5,716.0,521.0,1044.0,1237.5,1421.0,1260.0,1173.0,1206.0,776.0,387.5,724.0,443.5,989.0,2048.5,2208.0,2189.5,2046.5,1616.0,803.5,259.5,592.0,265.5,925.5,3008.5,3807.5,3854.0,3904.5,1671.0,830.0,217.0,556.0,265.0,925.5,3017.5,4065.5,4065.0,4193.5,1619.0,790.0,169.0,422.0,218.5,768.0,2913.5,4120.0,4199.5,4294.5,2290.5,1902.5,677.5,908.0,1210.5,1362.5,1334.5,1423.0,1542.5,1604.5,1680.5,820.0,203.5,478.0,241.5,846.0,3158.5,4440.5,4562.0,4735.0,1700.5,823.5,305.0,862.0,433.0,1520.0,3669.0,4631.0,4757.5,4908.5,1773.0,900.0,460.0,996.0,693.0,1676.5,3573.0,4249.0,4319.5,4525.0,2095.5,1153.0,676.5,1262.0,1107.5,2208.5,3505.5,3922.5,4115.0,4316.5,2503.5,1497.5,820.5,1464.0,1498.5,2554.5,3524.5,3848.0,4160.5,4234.5,2913.0,1854.0,948.0,1533.0,1862.0,2663.0,3390.0,3718.0,3984.0,4146.0,4295.5,2992.0,1221.0,1703.0,2395.0,2883.0,3092.0,3380.0,3671.0,3870.5,4300.0,2943.5,1176.5,1674.0,2485.0,2881.0,3125.0,3379.0,3826.5,3947.5,2469.0,1882.0,751.5,1078.0,1511.5,1714.0,1751.5,1931.5,2017.5,2069.5,2114.5,1619.0,702.0,995.5,1368.5,1560.5,1590.0,1690.5,1755.5,1840.0,2130.5,1815.5,591.5,839.0,1109.0,1184.5,1307.0,1330.5,1546.0,1450.0,2432.5,1912.5,833.5,1124.0,1520.0,1696.5,1764.0,1883.0,1975.5,2033.5,2336.5,1835.0,906.5,1135.0,1466.5,1643.5,1679.0,1797.5,1898.5,1936.5,2040.5,1675.5,667.5,858.0,1139.5,1261.0,1270.0,1346.0,1527.5,1473.0,1712.5,1456.5,509.5,689.0,963.0,1078.5,1093.0,1201.5,1240.0,1254.0,1400.0,1187.5,374.5,500.0,694.5,770.0,807.0,863.0,933.5,899.5,0.0,0.0,0.0,0.0,0.0,0.0,0.0,0.0,0.0,0.0,1345.5,974.5,391.0,581.0,778.5,857.0,938.0,979.0,1140.5,1086.0,1999.0,1664.0,642.5,801.5,991.5,1140.5,1256.5,1351.5,1327.5,1443.0,2291.0,1857.0,869.0,1095.0,1337.0,1449.5,1508.0,1588.5,1720.0,1701.5,2324.0,1884.0,841.0,1009.0,1278.0,1404.5,1349.0,1449.0,1612.0,1563.0,2396.5,1911.5,931.0,1103.0,1350.0,1477.0,1475.0,1577.5,1716.0,1688.5,2235.0,1882.0,727.0,970.5,1239.0,1330.0,1385.5,1505.5,1595.5,1587.5,2261.5,1954.5,839.0,1095.0,1358.0,1455.0,1513.5,1541.5,1686.0,1655.5,"{""type"":""MultiPoint"",""coordinates"":[]}"
1059_0,3,1950.0,1638.5,539.0,707.0,952.0,1081.0,1120.5,1214.5,1305.0,1341.0,2561.5,2164.5,982.5,1299.0,1620.5,1760.5,1817.0,1882.5,1995.0,1991.5,2582.0,2161.5,919.0,1225.5,1565.5,1700.5,1734.0,1836.5,1926.5,1918.5,2458.0,2101.0,881.0,1147.0,1461.0,1596.5,1618.5,1718.5,1794.0,1804.5,246.5,216.0,565.0,837.5,860.5,995.5,803.5,908.5,900.0,718.0,246.5,216.0,789.0,1042.0,1058.0,1218.5,908.0,971.5,934.5,768.5,387.5,327.5,560.5,914.5,836.0,1152.5,998.5,1075.5,957.5,854.0,795.0,574.5,455.0,823.5,578.0,1171.5,1632.5,1788.0,1721.5,1607.5,1496.0,814.5,295.5,676.5,322.5,1056.5,3153.5,3734.0,3776.0,3630.5,1716.0,916.0,238.5,649.5,395.5,1200.5,3148.5,3866.5,3971.0,4130.0,1760.5,948.0,252.5,630.0,437.5,1224.5,2942.0,3695.5,3897.0,4079.0,2266.5,1872.5,619.5,825.5,1093.0,1242.5,1284.0,1370.5,1454.0,1523.0,1704.5,884.5,234.5,589.0,393.5,1138.5,2895.0,3565.5,3728.0,3901.5,1497.5,753.0,160.0,512.5,313.0,1018.5,2821.5,3548.5,3714.0,3851.5,1423.0,737.5,205.5,546.0,271.5,959.5,2850.0,3424.5,3540.5,3693.0,1726.5,887.0,451.0,936.5,490.5,1546.0,3397.0,3853.5,4033.0,4093.0,1763.0,943.5,450.0,1020.5,612.0,1684.5,3172.0,3566.0,3904.0,3815.0,1872.0,1037.0,514.0,1151.0,888.0,2037.0,2980.0,3270.0,3484.0,3567.0,2174.0,1204.5,766.5,1382.0,1302.0,2400.0,3102.5,3374.0,3663.0,3767.0,2404.5,1519.0,779.5,1362.5,1599.5,2494.0,2999.5,3267.0,3589.0,3742.5,3611.0,2500.0,1060.0,1546.0,2051.5,2530.0,2811.0,3093.0,3493.0,3606.5,2084.0,1555.0,638.5,935.5,1347.0,1548.0,1598.5,1740.0,1842.0,1869.0,2107.5,1761.5,506.0,740.0,1016.5,1126.0,1217.5,1247.5,1396.5,1447.0,2217.5,1706.0,656.5,949.0,1329.0,1501.0,1574.5,1682.5,1832.0,1854.0,2311.5,1868.5,816.0,1022.0,1337.5,1498.5,1558.0,1657.5,1790.5,1831.5,2108.5,1751.0,654.5,826.0,1065.5,1220.5,1261.5,1359.5,1479.0,1514.0,2232.5,1849.0,746.5,891.0,1128.5,1303.5,1339.0,1462.5,1516.5,1606.0,1887.0,1503.5,543.5,661.0,902.0,1006.0,1071.5,1176.0,1294.5,1297.5,0.0,0.0,0.0,0.0,0.0,0.0,0.0,0.0,0.0,0.0,1645.5,1251.0,427.5,595.5,807.5,941.0,1002.5,1072.5,1140.0,1183.0,1926.5,1588.5,638.0,790.0,962.5,1100.0,1150.5,1209.0,1288.0,1306.0,2395.5,2000.0,816.0,1053.5,1274.0,1440.0,1461.5,1575.5,1689.5,1699.0,2357.5,1956.5,791.0,1006.5,1257.5,1399.5,1378.5,1519.5,1644.0,1611.5,2226.0,1833.0,799.0,927.5,1133.5,1260.0,1267.5,1393.0,1486.0,1501.5,2017.0,1680.0,644.5,806.0,1049.0,1156.0,1177.0,1257.0,1356.5,1369.5,2292.0,1962.5,784.5,1017.0,1320.0,1451.0,1536.5,1616.5,1690.0,1705.5,"{""type"":""MultiPoint"",""coordinates"":[]}"
1060_0,3,179.0,156.5,156.5,233.5,338.0,427.0,295.0,301.0,306.0,245.0,1993.5,1664.0,690.5,877.5,1072.5,1168.0,1266.5,1369.0,1480.5,1476.0,2059.0,1779.5,731.5,944.5,1150.0,1234.5,1266.5,1340.5,1441.5,1451.5,2228.5,1944.5,917.5,1164.0,1361.0,1457.5,1478.0,1555.5,1625.5,1618.0,2067.0,1839.0,992.0,1237.0,1379.0,1476.0,1465.0,1511.0,1574.0,1579.0,559.0,490.0,992.0,1237.0,1296.0,1336.0,996.0,1059.0,1015.0,832.0,277.0,234.0,640.0,968.0,976.0,1177.0,815.0,853.0,808.0,636.0,386.0,332.0,719.0,1010.0,970.0,1297.0,970.0,1051.0,977.0,818.0,452.0,376.0,456.0,728.0,599.0,1130.0,1135.0,1267.0,1183.0,1055.0,628.5,412.5,308.0,534.0,397.5,1033.0,1697.0,1941.5,1804.5,1704.0,693.5,441.5,203.5,377.0,214.0,689.0,1512.5,1855.5,1657.5,1581.0,207.0,186.0,269.0,400.0,528.0,589.0,409.0,452.0,428.0,380.0,1266.0,637.0,169.0,316.0,181.0,618.0,2256.0,3008.0,2881.0,2963.0,1372.0,687.0,92.0,299.0,128.0,580.0,2580.0,3622.0,3701.0,3750.0,1436.0,699.0,124.0,379.0,165.0,687.0,2790.0,4160.0,4136.0,4285.0,1561.0,764.0,381.0,772.0,455.0,1290.0,3404.0,4202.0,4342.0,4375.0,1641.0,829.0,416.0,848.0,583.0,1488.0,3312.0,3954.0,4295.0,4238.0,1874.5,1043.0,480.5,1000.0,849.0,1845.0,3299.5,3840.0,4125.5,4200.0,2405.0,1488.0,1043.0,1415.0,1496.0,2262.0,3110.0,3525.0,3829.0,3861.0,3355.5,2397.0,1043.0,1418.0,1912.0,2306.0,2561.5,2805.5,3109.5,3137.0,3404.0,2455.5,1038.5,1417.5,1953.0,2327.0,2526.0,2776.5,3107.5,3154.0,3475.0,2489.0,1005.0,1411.0,2002.0,2354.0,2492.0,2684.0,2909.0,3065.0,207.0,174.0,269.0,318.0,409.0,483.0,394.0,414.0,424.0,322.0,3475.0,2610.0,1005.0,1378.0,1911.0,2324.0,2413.0,2589.0,2684.0,2912.0,3249.0,2474.0,921.0,1205.0,1667.0,1934.5,2078.5,2236.0,2411.5,2492.0,2806.5,2238.0,693.0,908.0,1238.0,1443.0,1531.0,1640.0,1830.5,1907.0,385.0,324.0,350.0,481.0,550.0,643.0,514.0,560.0,524.0,457.0,155.0,151.0,121.0,174.0,214.0,294.0,210.0,226.0,236.0,209.0,0.0,0.0,0.0,0.0,0.0,0.0,0.0,0.0,0.0,0.0,154.0,150.0,107.0,149.0,245.0,330.0,207.0,279.0,238.0,181.0,153.0,150.0,162.0,208.0,280.0,352.0,250.0,305.0,274.0,246.0,570.0,418.0,276.0,416.0,546.0,692.0,754.0,824.0,918.0,958.0,630.0,468.0,405.0,446.0,569.0,808.0,822.0,904.0,1018.0,1097.0,1589.0,967.0,491.0,707.0,877.0,1112.0,1151.0,1290.0,1457.0,1498.0,4101.0,3260.0,1438.0,1781.0,2156.0,2479.0,2551.0,2712.0,2933.0,2968.0,4375.0,3534.0,1724.0,2061.0,2464.0,2691.5,2830.0,3001.5,3278.0,3251.5,"{""type"":""MultiPoint"",""coordinates"":[]}"
1061_0,3,2059.5,1699.5,562.0,736.5,999.5,1153.5,1201.0,1275.5,1358.5,1428.0,2464.0,2122.5,922.0,1214.5,1512.5,1615.0,1658.0,1717.0,1824.0,1825.0,2450.5,2094.0,852.5,1125.0,1414.5,1547.0,1544.0,1607.5,1710.5,1746.0,2392.5,2101.5,852.0,1105.0,1374.0,1511.0,1500.0,1571.5,1651.0,1686.0,300.5,268.0,670.5,884.5,977.0,1205.0,1054.0,1091.0,1067.0,975.5,300.5,266.0,584.0,822.5,897.5,1158.0,993.5,1056.5,1027.0,941.5,758.5,534.5,584.0,814.5,817.5,1193.0,1426.0,1571.0,1456.5,1411.0,1357.5,801.0,430.5,774.0,422.5,1120.0,2599.5,2846.5,2893.5,2761.5,1509.5,778.5,252.0,640.0,327.0,1095.0,3270.5,3953.5,4025.5,4196.5,1789.0,966.5,307.5,718.0,466.0,1361.5,3266.0,3920.0,4072.5,4290.0,1909.0,999.0,328.0,794.5,465.5,1425.5,3428.5,4046.0,4322.5,4433.0,2349.5,2003.0,665.5,886.5,1153.5,1348.0,1349.5,1455.0,1540.0,1634.0,1867.5,967.5,303.0,812.5,433.5,1411.5,3478.5,4128.5,4367.0,4464.5,1693.0,838.5,300.5,778.0,438.0,1385.0,3376.5,3998.0,4205.5,4270.0,1691.5,838.5,324.0,746.5,464.5,1328.5,3384.0,3990.5,4214.5,4297.5,1931.5,995.0,480.5,985.5,637.0,1653.0,3598.0,4121.0,4342.0,4441.5,1939.5,1038.5,496.0,1019.5,771.5,1793.5,3377.5,3831.0,4074.0,4131.0,2174.0,1255.0,556.0,1156.0,1085.0,2142.0,3166.0,3427.0,3750.0,3895.0,2475.0,1451.0,808.5,1379.5,1535.0,2455.5,3164.0,3483.0,3819.5,3954.5,2803.5,1745.5,846.5,1391.0,1647.0,2506.5,2965.0,3274.5,3658.0,3808.0,3767.5,2603.0,1019.5,1450.5,2028.5,2583.5,2905.5,3137.5,3549.5,3662.5,2333.0,1750.0,731.0,992.0,1402.5,1725.5,1847.5,2007.5,2000.5,2220.0,2182.0,1851.5,563.5,773.5,1053.5,1217.5,1256.5,1345.0,1452.0,1459.0,2467.5,1877.5,759.0,1050.5,1455.5,1684.5,1745.0,1860.0,1962.0,2052.5,2271.5,1767.0,888.5,1119.0,1407.5,1598.5,1633.5,1736.0,1811.5,1886.0,2348.0,1896.5,692.0,921.5,1208.5,1390.0,1441.5,1537.0,1642.0,1711.5,2531.5,2016.5,776.0,979.5,1269.0,1478.5,1529.5,1635.0,1700.5,1791.0,2117.5,1547.5,577.5,726.5,1017.0,1153.0,1232.5,1263.5,1451.0,1468.5,0.0,0.0,0.0,0.0,0.0,0.0,0.0,0.0,0.0,0.0,1892.0,1534.5,517.5,732.5,931.0,1080.0,1081.0,1158.5,1241.0,1247.0,2030.5,1755.0,644.0,781.5,967.0,1114.0,1134.5,1199.5,1270.0,1281.0,2427.0,2086.5,771.5,968.0,1204.0,1342.0,1408.0,1485.5,1590.5,1630.0,2420.5,2090.5,777.0,954.0,1215.5,1362.0,1363.5,1476.5,1582.5,1598.0,2312.5,1955.0,767.0,900.5,1134.0,1261.5,1276.5,1390.0,1480.5,1498.0,2025.0,1782.5,564.5,753.0,990.5,1114.0,1121.5,1211.0,1306.0,1325.5,2217.5,1949.5,757.5,1042.5,1307.0,1391.0,1423.5,1510.0,1596.5,1602.0,"{""type"":""MultiPoint"",""coordinates"":[]}"
1062_0,3,4443.0,3880.0,2435.5,2583.5,2868.5,3110.0,3227.5,3363.5,3479.5,3545.0,2887.0,2549.0,943.0,1187.0,1494.0,1695.0,1840.0,2038.5,2100.5,2148.5,3154.0,2777.0,972.0,1197.0,1538.0,1779.0,1911.0,2011.0,2123.0,2294.0,2015.0,1715.0,632.5,793.5,996.5,1193.0,1270.5,1427.0,1468.0,1573.5,1320.0,987.0,717.0,853.0,941.0,1156.0,1116.0,1268.0,1267.0,1444.0,1078.0,782.0,362.0,609.0,579.0,922.0,996.0,1221.0,1089.0,1285.0,1209.0,851.0,335.0,623.0,458.0,922.0,1223.0,1370.0,1154.0,1393.0,2454.0,1501.0,316.0,807.0,428.0,1335.0,3319.0,3867.0,3978.0,4006.0,2309.0,1378.0,339.0,699.0,398.0,1215.0,2471.0,2934.0,2910.0,3114.0,1994.0,1090.0,137.0,384.0,248.5,1014.5,2426.5,3244.5,3260.0,3389.5,2025.5,1104.0,101.0,369.5,254.0,762.0,2663.5,3956.0,4068.5,4158.5,3825.5,3317.5,2294.0,2468.0,2626.0,2719.0,2823.5,2900.0,3197.5,3023.5,2055.5,1140.0,104.5,379.5,279.0,916.5,2929.0,4161.5,4257.0,4365.5,2133.5,1156.5,221.5,575.5,357.0,1188.5,3298.5,4412.5,4580.0,4661.0,2150.0,1175.0,562.0,920.0,691.0,1496.0,3422.0,4385.0,4496.0,4567.0,2268.0,1361.0,704.0,1142.0,1007.0,1902.0,3290.0,3791.0,4076.0,4135.0,2365.0,1383.0,690.0,1187.0,1096.0,2034.0,3054.0,3443.0,3837.0,3827.0,4457.0,3009.0,1224.0,1734.0,2218.0,2971.0,3373.0,3663.0,4102.0,4248.0,4873.0,3475.5,1441.5,1973.5,2795.0,3310.5,3626.5,3931.5,4388.5,4486.0,4776.5,3417.5,1394.5,1895.0,2609.0,3012.5,3336.5,3638.5,4126.0,4167.5,4451.0,3142.5,1218.0,1715.5,2513.0,2929.0,3250.0,3574.5,3887.0,4039.5,3607.0,2494.0,1061.0,1400.0,1903.0,2284.0,2596.0,2851.0,3072.0,3217.0,3602.5,2964.5,876.5,1138.5,1529.5,1742.5,1940.0,2093.0,2388.0,2415.0,3481.5,2665.5,772.5,1063.0,1350.0,1694.5,2065.0,2258.0,2414.5,2567.5,4419.5,3903.0,2652.5,2762.5,2950.0,3180.0,3417.0,3518.0,3687.0,3730.5,3174.0,2627.0,822.5,987.0,1062.0,1418.0,1902.0,2015.5,2242.0,2294.5,2808.0,2248.5,642.0,825.0,873.0,1240.0,1671.0,1797.0,2009.0,2063.0,2324.0,1710.0,415.0,644.0,660.0,1142.0,1800.0,1862.0,2183.0,2173.0,0.0,0.0,0.0,0.0,0.0,0.0,0.0,0.0,0.0,0.0,3598.0,2813.0,893.0,1269.0,1581.0,2062.0,2256.0,2425.0,2694.0,2822.0,3205.0,2665.0,938.0,1269.0,1581.0,2068.0,2256.0,2556.0,2694.0,2822.0,3205.0,2558.0,797.0,1169.0,1357.0,1845.0,2452.0,2771.0,2883.0,2935.0,3291.0,2404.0,857.0,1172.5,1287.0,1837.5,2813.5,2935.0,3289.5,3338.0,2664.0,1991.0,673.0,954.0,1079.5,1519.0,2299.5,2287.0,2542.5,2734.0,2458.0,2122.0,700.5,906.0,1153.5,1413.0,1676.5,1773.0,1877.5,1989.0,2405.0,2144.0,706.0,886.0,1148.0,1361.0,1624.0,1753.0,1813.0,1965.0,"{""type"":""MultiPoint"",""coordinates"":[]}"
1063_0,3,985.5,813.5,316.0,380.0,475.0,534.0,546.5,579.5,625.0,632.0,1822.5,1570.0,718.0,932.5,1064.5,1144.5,1185.0,1242.0,1317.0,1300.5,1979.5,1718.5,762.0,984.0,1134.5,1234.5,1267.0,1350.0,1387.0,1397.0,2399.5,2085.5,1091.0,1346.5,1522.5,1638.0,1664.0,1756.0,1777.5,1794.0,2559.0,2271.0,1228.0,1462.0,1671.0,1775.0,1794.0,1883.0,1989.0,1936.0,2309.0,2068.0,1096.0,1319.0,1502.0,1628.0,1662.0,1707.0,1741.0,1737.0,1104.0,892.0,893.0,1123.0,1171.0,1289.0,1089.0,1124.0,1114.0,1194.0,386.0,362.0,889.0,1123.0,1171.0,1289.0,1028.0,1053.0,1049.0,864.0,304.0,253.0,701.0,1063.0,1115.0,1296.0,1040.0,1102.0,961.0,874.0,294.5,235.5,683.0,958.5,968.5,1150.5,856.5,932.5,851.5,762.0,320.5,225.5,657.0,956.0,934.0,1121.0,844.5,939.5,815.0,743.0,1222.5,1043.5,461.5,564.5,672.5,708.0,735.5,788.0,860.5,822.0,542.0,324.0,706.0,985.0,930.0,1219.0,1212.0,1317.0,1339.0,1229.0,499.0,303.0,461.0,762.0,715.0,968.0,1007.0,1190.0,1134.0,1035.0,608.0,364.0,507.0,767.0,697.0,923.0,1166.0,1501.0,1420.0,1377.0,740.0,376.0,503.0,744.0,651.0,885.0,1288.0,1609.0,1517.0,1465.0,749.0,389.0,503.0,744.0,614.0,903.0,1340.0,1736.0,1636.0,1569.0,786.0,438.0,490.5,801.0,673.5,1061.0,1492.0,1797.0,1790.0,1693.0,1848.0,1162.0,852.0,1168.0,1217.0,1667.0,2146.0,2388.0,2534.0,2547.0,2086.5,1386.0,870.5,1202.0,1250.5,1656.0,2079.5,2325.0,2486.0,2504.5,2759.5,2094.0,1068.5,1491.5,1746.5,2138.5,2367.5,2559.0,2779.0,2753.0,3000.0,2272.0,992.0,1310.0,1721.0,1988.0,2061.0,2248.0,2241.0,2383.0,1271.0,1085.0,512.0,600.0,703.0,733.0,759.0,806.0,875.0,848.0,3036.0,2329.0,1001.0,1377.0,1746.0,1988.0,2061.0,2248.0,2317.0,2383.0,2918.0,2294.0,1100.0,1382.0,1695.0,1894.5,1950.5,2086.0,2198.0,2257.0,2644.5,2175.0,889.5,1105.0,1368.0,1543.5,1588.5,1699.0,1827.0,1856.5,2789.0,2320.0,948.0,1140.0,1400.0,1612.0,1613.0,1800.0,1830.0,1916.0,2409.0,1710.0,771.0,995.0,1205.0,1349.0,1389.0,1467.0,1619.0,1596.0,697.0,494.0,523.0,486.0,506.0,540.0,563.0,655.0,666.0,702.0,2080.0,1846.0,762.0,1006.0,1191.0,1267.0,1315.0,1372.0,1501.0,1453.0,1924.0,1578.0,818.0,979.0,1128.0,1199.0,1236.0,1252.0,1391.0,1276.0,2269.0,2036.0,890.0,1160.0,1354.0,1463.0,1488.0,1564.0,1671.0,1626.0,1822.0,1715.0,1074.0,1135.0,1261.0,1419.0,1493.0,1589.0,1475.0,1761.0,1574.0,1311.0,500.0,647.0,788.5,847.0,836.5,911.5,991.0,968.5,1627.0,1400.0,668.0,767.0,911.0,984.0,1010.0,1070.0,1125.0,1143.0,1689.5,1462.5,661.5,817.0,936.0,1014.0,1044.0,1111.5,1169.5,1171.5,"{""type"":""MultiPoint"",""coordinates"":[]}"
1064_0,3,1938.0,1577.5,613.5,745.0,1003.5,1131.5,1194.5,1255.5,1351.5,1412.5,2113.5,1804.0,693.5,866.5,1129.5,1254.5,1332.0,1416.5,1509.5,1534.0,2212.0,1912.5,799.0,1012.0,1294.0,1412.0,1441.0,1503.5,1576.5,1607.0,2479.0,2164.0,945.0,1196.0,1505.5,1649.5,1664.5,1755.0,1833.0,1847.5,2129.0,1864.0,952.0,1184.0,1497.0,1639.0,1670.0,1748.0,1680.0,1863.0,490.0,464.0,623.0,843.0,902.0,1133.0,964.0,1059.0,993.0,894.0,422.0,347.0,609.0,834.0,868.0,1025.0,1012.0,1081.0,1104.0,995.0,551.0,473.0,580.0,834.0,827.0,1075.0,1194.0,1391.0,1258.0,1186.0,1107.0,658.0,413.0,681.0,549.0,995.0,1968.0,2446.0,2388.0,2201.0,1805.5,915.0,252.0,595.5,280.0,915.5,3303.0,4264.5,4301.5,4326.5,1819.0,887.0,136.5,432.5,170.0,744.5,3362.0,4974.0,5079.5,5145.0,2134.0,1756.0,686.0,859.0,1089.0,1240.0,1294.0,1347.0,1456.0,1543.0,1824.0,864.0,177.0,468.0,203.0,856.0,3436.0,5065.0,5180.0,5269.0,1798.0,864.0,142.0,523.0,245.0,928.0,3455.0,5046.0,5335.0,5314.0,1830.0,892.0,231.0,625.0,371.0,1073.0,3721.0,5133.0,5306.0,5534.0,1922.0,922.0,421.0,870.0,613.0,1582.0,3767.0,4762.0,5013.0,5154.0,1939.0,1022.0,450.0,910.0,750.0,1605.0,3382.0,4213.0,4571.0,4600.0,2101.0,1192.0,511.0,970.5,1018.5,1883.0,3210.5,3719.0,4080.5,4207.5,2642.0,1597.5,766.0,1234.5,1489.5,2290.5,3169.5,3602.0,3954.5,4078.0,3129.0,2016.5,912.0,1381.0,1813.5,2698.5,3325.0,3693.5,4072.0,4257.0,4424.0,3034.0,1227.0,1735.0,2564.0,3178.0,3496.0,3791.0,4254.0,4387.0,4183.5,2886.0,1171.0,1630.0,2432.5,3129.5,3234.5,3594.5,3531.0,4038.5,2145.0,1783.0,673.0,825.5,1084.5,1211.0,1250.5,1344.5,1469.0,1471.0,3792.0,2740.0,1044.5,1431.0,2093.5,2505.5,2553.0,2927.5,3036.0,3295.5,3565.5,2608.5,1011.0,1312.0,1804.0,2267.5,2373.0,2536.0,2636.5,2966.0,3185.5,2432.0,781.5,985.5,1338.5,1596.0,1704.5,1897.0,1993.0,2074.5,3192.5,2531.0,781.5,969.5,1309.0,1584.0,1603.0,1816.5,1953.5,2070.5,1658.0,1247.0,423.0,531.0,784.0,913.0,955.0,1021.0,1129.0,1139.0,1469.0,1151.0,1259.0,1174.0,1161.0,1220.0,1395.0,1497.0,1621.0,1516.0,1682.0,1336.0,537.0,693.0,870.0,985.0,1004.0,1112.0,1203.0,1204.0,1918.0,1568.0,667.0,774.0,956.0,1064.0,1121.0,1216.0,1270.0,1336.0,2406.0,2003.0,815.0,1003.0,1226.0,1384.0,1468.0,1537.0,1649.0,1737.0,2348.5,1967.5,850.5,980.5,1199.5,1359.5,1385.0,1502.0,1608.0,1616.5,1929.0,1602.0,581.0,705.0,904.0,1044.0,1050.5,1140.5,1240.0,1260.5,2280.5,1959.5,796.0,935.5,1127.5,1303.0,1400.0,1521.0,1599.0,1660.5,2298.5,1917.0,817.5,981.0,1183.0,1321.5,1462.0,1581.0,1699.5,1712.0,"{""type"":""MultiPoint"",""coordinates"":[]}"
1065_0,3,1956.5,1645.0,600.5,779.5,1048.5,1160.0,1198.5,1283.5,1421.5,1426.5,2505.0,2125.0,995.5,1301.0,1602.0,1741.5,1789.5,1859.5,1966.0,1958.5,2509.0,2129.5,915.0,1207.5,1516.0,1653.0,1672.5,1758.5,1861.0,1867.5,2418.0,2071.5,917.0,1191.0,1488.5,1617.0,1627.5,1716.0,1789.5,1806.5,293.0,233.0,544.5,811.0,807.5,1084.0,1059.0,1109.5,1119.5,1029.5,321.5,233.0,559.5,835.5,830.0,1138.5,1106.5,1183.5,1199.0,1104.5,812.5,535.5,518.0,809.0,651.5,1130.0,1644.5,1718.0,1683.0,1656.0,1213.0,876.5,514.0,830.5,545.0,1130.0,2005.5,2132.0,2041.0,2051.5,1687.0,880.0,330.5,741.0,331.0,1125.5,3586.0,4432.0,4443.0,4295.0,1820.0,957.0,222.0,594.5,292.0,1048.0,3278.0,4253.5,4478.0,4618.0,1666.5,828.0,183.5,475.5,239.5,881.5,3129.5,4193.5,4383.5,4531.5,2272.5,1918.5,682.0,905.5,1200.0,1354.5,1385.5,1458.5,1557.0,1591.5,1585.0,770.5,176.0,432.5,204.5,776.5,3063.0,4193.0,4370.5,4568.0,1480.0,703.5,96.0,355.5,149.0,684.5,3016.5,4325.5,4486.5,4602.0,1583.5,749.0,240.0,598.5,265.5,940.5,3417.5,4542.5,4700.5,4847.0,1939.0,989.0,512.5,1003.0,537.5,1583.0,3896.0,4801.5,5065.0,5145.5,1971.0,1045.0,517.0,1098.5,664.5,1825.0,3952.0,4681.5,5120.0,5001.5,2162.0,1231.0,601.0,1299.0,950.0,2251.0,4048.0,4495.0,4940.0,4957.0,2604.0,1497.5,989.0,1748.5,1646.5,2831.0,4049.0,4452.5,4912.0,4930.5,2963.5,1976.5,1045.0,1727.5,2161.5,2872.0,3746.0,4100.5,4524.5,4458.0,4099.5,2832.5,1195.5,1623.5,2265.5,2861.0,3065.0,3370.0,3543.5,3666.5,2401.0,1793.5,790.0,1101.0,1521.5,1716.0,1873.5,1895.5,2050.5,2100.0,2115.5,1785.0,563.0,829.5,1082.0,1226.0,1299.0,1365.5,1501.0,1495.0,2422.5,1866.5,721.5,1011.0,1367.5,1517.0,1636.5,1720.5,1844.5,1915.0,2588.5,2022.5,877.5,1099.0,1423.5,1655.0,1684.0,1790.5,1893.5,1947.5,2375.0,1917.0,700.5,890.5,1167.0,1359.0,1396.5,1497.0,1574.5,1648.5,2320.0,1880.0,692.0,852.0,1115.5,1258.0,1314.5,1429.0,1547.5,1568.5,1714.5,1417.0,471.0,628.5,836.0,931.0,982.0,1012.0,1191.0,1142.0,0.0,0.0,0.0,0.0,0.0,0.0,0.0,0.0,0.0,0.0,1672.5,1258.5,471.5,675.0,896.5,1003.5,1055.0,1084.5,1267.5,1210.0,1961.5,1606.0,681.0,821.5,1018.0,1142.0,1188.0,1249.5,1364.0,1371.0,2442.5,2014.0,834.0,1104.5,1337.5,1493.0,1570.5,1672.5,1790.5,1773.5,2432.0,2004.0,889.0,1063.5,1306.0,1461.5,1517.5,1603.5,1786.0,1740.0,2282.0,1868.5,827.0,989.0,1205.0,1333.5,1407.0,1501.0,1624.5,1649.5,2222.0,1881.5,728.0,932.5,1190.5,1271.0,1353.0,1437.0,1558.0,1564.0,2296.0,1991.5,796.0,1048.0,1333.0,1468.5,1518.5,1602.0,1694.5,1699.0,"{""type"":""MultiPoint"",""coordinates"":[]}"
1066_0,3,1933.5,1582.0,611.0,734.5,992.5,1088.0,1135.0,1215.0,1354.5,1369.0,2270.0,1881.5,797.0,987.0,1221.5,1362.0,1473.0,1543.5,1672.5,1663.5,2342.5,2016.0,855.0,1090.5,1386.0,1478.5,1489.0,1561.5,1652.0,1652.5,2562.0,2238.0,991.5,1271.0,1582.5,1703.5,1729.0,1812.0,1899.0,1894.0,2194.0,1932.0,999.0,1261.0,1570.0,1707.0,1743.0,1674.0,1669.0,1680.0,419.0,366.0,778.0,996.0,958.0,1168.0,925.0,956.0,944.0,785.0,484.0,385.0,739.0,980.0,952.0,1130.0,1004.0,1070.0,1037.0,873.0,484.0,385.0,621.0,802.0,793.0,1098.0,1004.0,1162.0,1069.0,950.0,602.0,412.0,487.0,726.0,695.0,977.0,1191.0,1375.0,1119.0,1258.0,1257.5,605.5,221.0,488.5,295.0,836.0,2289.0,2674.5,2425.5,2674.5,1425.0,670.0,101.0,307.5,93.0,634.5,2614.0,3596.5,3291.0,3583.5,2149.0,1754.0,682.0,834.0,1084.0,1226.0,1278.0,1338.0,1435.0,1519.0,1505.0,721.0,90.0,317.0,89.0,694.0,2948.0,4308.0,4215.0,4335.0,1505.0,721.0,36.0,276.0,66.0,730.0,3067.0,4440.0,4438.0,4539.0,1534.0,747.0,124.0,437.0,208.0,942.0,3187.0,4582.0,4505.0,4791.0,1704.0,793.0,361.0,768.0,424.0,1393.0,3567.0,4432.0,4686.0,4771.0,1765.5,924.5,384.0,851.5,531.5,1529.0,3488.5,4201.0,4634.0,4619.5,2038.0,1144.5,440.5,962.0,811.5,1818.0,3329.0,3876.5,4217.0,4312.0,2516.5,1490.5,782.5,1255.0,1366.0,2244.5,3275.5,3713.0,4100.5,4183.0,2968.0,1900.5,917.0,1428.5,1789.5,2618.0,3264.5,3651.0,4098.5,4127.0,4232.0,2869.0,1174.0,1632.0,2337.0,2906.0,3246.0,3633.0,4038.0,4084.0,4126.0,2830.5,1201.5,1689.5,2487.5,2921.0,3046.0,3458.5,3815.0,3849.0,2160.0,1793.5,648.5,800.0,1084.5,1177.5,1229.0,1298.5,1468.5,1473.5,3730.5,2718.5,1005.5,1392.0,2005.5,2360.5,2453.5,2777.0,3114.0,3132.0,3584.0,2634.5,1062.0,1409.5,1986.0,2179.0,2335.0,2526.5,3018.0,2983.0,3189.5,2464.5,773.0,1003.5,1378.0,1586.5,1644.0,1818.5,2099.0,2143.5,3210.0,2537.0,805.5,985.0,1348.0,1513.5,1641.0,1775.5,2006.5,2058.0,1775.0,1211.0,467.0,588.0,845.0,924.0,1022.0,1066.0,1249.0,1206.0,0.0,0.0,0.0,0.0,0.0,0.0,0.0,0.0,0.0,0.0,1588.0,1223.0,512.0,656.0,843.0,935.0,942.0,1014.0,1160.0,1150.0,1808.0,1469.0,626.0,708.0,869.0,1005.0,1019.0,1101.0,1192.0,1217.0,2366.0,1973.0,802.0,1031.0,1235.0,1350.0,1420.0,1462.0,1615.0,1633.0,2319.0,1931.0,852.5,1007.5,1229.0,1357.5,1356.0,1460.5,1592.5,1584.0,1920.5,1587.5,604.0,732.0,921.5,1036.5,1032.5,1110.5,1217.5,1232.5,2263.5,1936.0,822.5,973.0,1161.5,1294.0,1414.0,1479.0,1619.0,1630.0,2397.0,1988.0,859.0,1063.0,1254.0,1372.0,1517.0,1571.0,1766.0,1743.0,"{""type"":""MultiPoint"",""coordinates"":[]}"
1067_0,3,1884.5,1555.5,574.0,733.5,977.0,1108.0,1149.0,1221.0,1334.5,1345.5,2584.0,2171.0,1025.5,1344.0,1671.0,1812.0,1883.0,1941.5,2076.5,2054.0,2601.5,2168.0,965.0,1273.0,1618.5,1753.0,1795.0,1906.0,2006.5,2012.5,2516.5,2121.0,1033.5,1326.0,1634.5,1781.5,1807.0,1908.5,2013.0,1979.5,378.0,356.0,779.0,1025.0,1084.0,1349.5,1105.0,1134.5,1107.0,993.5,301.0,265.5,642.5,919.5,1003.0,1212.5,988.5,1076.0,1011.0,907.0,420.0,295.0,574.0,811.5,808.5,1101.5,1049.5,1145.5,1022.5,996.0,787.0,548.0,536.0,796.5,745.0,1103.0,1462.0,1603.0,1318.0,1378.0,1176.5,750.5,369.5,710.0,442.0,1101.0,2327.0,2506.0,2496.5,2450.5,1672.0,940.5,327.0,708.5,519.0,1266.5,2806.5,3313.5,3349.0,3422.0,1594.5,874.5,324.5,680.5,512.5,1229.0,2669.5,3209.0,3203.5,3310.0,2235.0,1874.5,654.0,873.0,1149.5,1303.5,1332.5,1423.5,1486.0,1562.5,1543.0,859.5,319.0,650.5,509.0,1180.5,2605.5,3113.0,3166.0,3279.5,1402.5,758.0,255.0,569.0,456.0,1068.0,2563.5,3174.5,3198.0,3326.5,1346.0,724.5,283.5,595.5,407.5,1035.0,2719.0,3236.5,3265.5,3415.5,1628.5,856.0,458.5,874.5,510.5,1466.5,3102.0,3612.0,3620.0,3738.5,1643.0,894.0,445.0,950.0,615.5,1570.5,2854.0,3291.5,3463.5,3427.0,1777.0,1009.0,477.0,1018.0,818.0,1804.0,2779.0,3022.0,3156.0,3297.0,2091.0,1192.5,683.5,1255.0,1141.0,2156.0,2907.5,3197.5,3379.5,3544.0,2480.5,1513.0,724.0,1294.0,1451.5,2321.5,2685.5,2980.0,3268.0,3421.5,3701.0,2549.0,954.0,1371.0,1888.5,2398.0,2676.5,2931.5,3268.0,3365.0,1817.0,1378.5,492.0,716.0,1006.5,1174.0,1234.5,1310.5,1383.0,1453.0,2045.5,1729.0,546.5,773.0,1053.0,1163.5,1223.0,1312.0,1455.5,1415.5,1909.0,1487.5,522.5,746.5,1015.5,1150.5,1225.5,1306.5,1394.0,1438.5,2123.0,1738.0,775.0,942.0,1181.5,1327.0,1385.5,1473.5,1569.5,1605.0,1898.5,1588.5,567.5,724.0,942.0,1053.5,1097.0,1196.0,1251.5,1301.0,2044.0,1748.0,660.5,798.5,1008.0,1120.5,1174.0,1280.0,1310.5,1388.0,1694.0,1407.5,461.0,597.5,786.5,882.0,918.0,993.0,1114.0,1101.5,0.0,0.0,0.0,0.0,0.0,0.0,0.0,0.0,0.0,0.0,1666.0,1290.5,454.0,657.5,857.5,976.0,1020.0,1101.0,1222.0,1216.5,1893.0,1578.5,640.5,773.0,958.5,1086.0,1140.0,1194.0,1283.0,1282.0,2368.5,1963.0,794.0,1017.0,1261.5,1399.0,1484.0,1556.5,1659.5,1661.5,2335.0,1943.0,829.0,1009.0,1260.0,1379.5,1441.0,1505.5,1657.0,1637.0,2185.0,1790.5,806.0,934.0,1135.0,1236.0,1306.0,1375.0,1505.5,1494.0,2185.5,1860.5,687.0,907.5,1155.5,1265.0,1333.0,1429.0,1536.0,1536.5,2340.5,1985.5,857.0,1131.5,1409.0,1540.5,1580.0,1658.5,1760.0,1733.5,"{""type"":""MultiPoint"",""coordinates"":[]}"
1068_0,3,3371.5,2779.5,999.0,1145.0,1457.0,1667.0,1815.0,1946.0,2130.5,2199.0,2124.0,1905.0,589.0,808.0,1088.0,1186.0,1255.0,1324.0,1437.0,1460.0,2361.0,2246.0,780.0,1006.0,1319.0,1475.0,1508.0,1582.0,1663.0,1679.0,811.0,735.5,525.0,700.5,910.5,999.0,862.5,907.5,832.0,755.0,488.0,446.0,665.0,769.0,773.0,875.0,709.0,699.0,755.0,682.0,421.0,361.0,425.0,644.0,622.0,790.0,709.0,725.0,755.0,639.0,601.0,477.0,329.0,593.0,426.0,882.0,989.0,1054.0,995.0,881.0,1201.0,785.0,315.0,678.0,421.0,1061.0,2018.0,2228.0,2249.0,2199.0,1196.0,683.0,188.0,456.0,265.0,824.0,1923.0,2242.0,2263.0,2200.0,1316.0,725.0,110.5,353.5,177.0,736.5,2270.5,2878.5,2855.5,2870.5,1252.0,648.0,62.0,232.5,83.5,524.0,2193.5,3111.0,3246.0,3178.5,3306.5,2800.0,1118.5,1132.0,1317.5,1455.0,1533.0,1703.0,1916.5,1937.5,1274.0,638.0,47.5,224.5,48.0,482.5,2402.5,3624.5,3673.5,3618.5,1238.5,632.0,87.5,385.5,106.5,654.5,2678.0,3772.0,3946.5,4015.5,1270.0,668.0,470.0,766.0,539.0,1133.0,2965.0,3776.0,3979.0,4028.0,1350.0,727.0,630.0,990.0,849.0,1663.0,2966.0,3520.0,3712.0,3710.0,1404.0,790.0,533.0,960.0,849.0,1663.0,2722.0,3097.0,3333.0,3346.0,1700.0,986.0,480.0,956.0,993.0,1806.0,2696.0,3032.0,3220.0,3318.0,4313.5,3035.0,1288.0,1768.0,2383.0,2989.0,3329.0,3646.0,3875.0,3996.5,4260.5,3156.5,1293.5,1736.0,2408.5,2751.5,3035.5,3237.5,3571.5,3653.0,3500.0,2836.0,1131.0,1492.0,2043.0,2335.0,2611.0,2751.0,3050.0,3102.0,3218.0,2381.0,1053.5,1439.0,1936.5,2276.5,2389.5,2573.5,2730.5,2863.0,3401.5,2932.5,798.0,1021.5,1370.5,1530.0,1581.0,1740.0,1948.5,2011.0,3523.0,2867.5,962.0,1259.0,1640.0,1906.5,2090.5,2230.5,2351.0,2455.0,4124.0,3532.5,2256.5,2435.5,2689.5,2982.0,3120.0,3215.0,3339.0,3381.0,3195.0,2752.0,926.0,1089.0,1281.0,1554.5,1713.0,1880.0,1955.5,2077.0,3038.0,2653.5,877.5,1037.5,1217.0,1476.0,1687.0,1841.5,1893.5,2017.5,2081.5,1584.0,469.0,673.0,858.0,1107.0,1300.5,1389.0,1547.0,1632.5,0.0,0.0,0.0,0.0,0.0,0.0,0.0,0.0,0.0,0.0,3739.0,3113.0,954.0,1291.0,1749.0,2006.0,2010.0,2165.0,2333.0,2436.0,3938.0,3413.0,1369.0,1461.0,1749.0,2006.0,2198.0,2462.0,2451.0,2689.0,3610.0,3029.0,1049.0,1315.0,1681.0,1877.0,1993.0,2151.0,2382.0,2444.0,2753.5,2385.5,776.0,944.0,1260.5,1401.5,1436.5,1564.5,1716.5,1759.0,1878.0,1648.0,487.0,610.0,878.0,956.0,934.0,995.0,1102.0,1111.0,1832.0,1648.5,484.5,647.5,898.0,983.5,1008.0,1089.5,1179.5,1197.5,1913.0,1752.0,537.5,713.0,963.0,1063.0,1098.0,1181.5,1297.5,1305.5,"{""type"":""MultiPoint"",""coordinates"":[]}"
1069_0,3,3570.0,3211.0,2610.5,2565.0,2677.5,2890.5,2958.0,3006.0,3106.5,3176.5,2584.0,2367.0,815.0,1104.0,1446.0,1592.0,1648.0,1728.0,1851.0,1871.0,2296.0,2100.0,592.0,832.0,1164.0,1300.0,1352.0,1444.0,1554.0,1571.0,213.0,228.0,363.0,533.0,448.5,598.5,315.5,355.0,337.5,231.5,449.0,355.0,652.0,784.0,741.0,907.0,844.0,914.0,859.0,789.0,449.0,355.0,331.0,571.0,546.0,770.0,734.0,804.0,733.0,675.0,550.0,448.0,332.0,550.0,429.0,792.0,807.0,884.0,774.0,767.0,1052.0,616.0,288.0,473.0,394.0,781.0,1306.0,1486.0,1406.0,1463.0,977.0,599.0,104.0,268.0,113.0,463.0,1429.0,1714.0,1563.0,1624.0,1148.5,586.5,37.0,201.0,22.0,426.0,2042.5,3061.5,2952.5,3023.0,1269.5,600.0,42.5,221.5,23.0,440.0,2358.0,3726.5,3661.5,3729.0,2165.5,1895.0,967.5,983.5,1077.5,1196.0,1245.0,1316.5,1461.0,1454.5,1401.5,648.0,58.0,259.0,21.0,497.0,2785.5,4264.5,4164.5,4259.0,1523.0,726.5,200.0,705.5,271.5,1234.0,3521.5,4538.0,4646.5,4820.5,1645.0,814.0,539.0,956.0,685.0,1474.0,3464.0,4350.0,4340.0,4540.0,1705.0,967.0,727.0,1158.0,1029.0,1907.0,3237.0,3758.0,3885.0,3970.0,1840.0,1043.0,658.0,1179.0,1122.0,2004.0,3046.0,3384.0,3724.0,3744.0,2249.0,1374.0,745.0,1234.0,1334.0,2193.0,3046.0,3369.0,3553.0,3715.0,4799.0,3437.5,1344.0,1794.0,2605.0,3104.0,3394.0,3694.0,4075.0,4197.5,4652.5,3434.5,1257.0,1746.5,2512.0,2879.5,3145.5,3440.0,3798.5,3890.5,4334.5,3117.5,1138.5,1606.5,2329.5,2690.0,2953.5,3238.0,3603.0,3712.0,3844.0,2976.0,1065.0,1368.0,1839.0,2179.0,2376.0,2557.0,2751.0,2921.0,2203.0,1896.0,519.0,706.0,960.5,1127.5,1216.0,1312.5,1449.5,1460.0,3456.0,2793.5,773.5,1052.5,1390.0,1665.5,1886.0,2075.5,2201.0,2340.0,2778.0,2448.5,1159.0,1274.0,1464.0,1676.5,1767.0,1930.5,2003.5,2008.0,3179.5,2878.5,775.5,916.5,1080.0,1353.5,1562.0,1700.0,1887.5,1912.0,2861.5,2536.0,709.5,848.0,978.0,1222.0,1410.0,1564.0,1702.0,1720.5,2523.0,1880.0,540.0,693.0,848.0,1106.0,1348.0,1426.0,1631.0,1685.0,0.0,0.0,0.0,0.0,0.0,0.0,0.0,0.0,0.0,0.0,1723.0,1308.0,315.0,475.0,702.0,920.0,1010.0,1080.0,1217.0,1250.0,2088.0,1744.0,427.0,620.0,814.0,1020.0,1199.0,1298.0,1375.0,1432.0,2422.0,2036.0,576.0,797.0,1015.0,1294.0,1494.0,1636.0,1761.0,1800.0,2397.5,1978.5,678.0,861.0,1063.5,1322.0,1585.0,1708.0,1875.5,1887.5,2214.0,1806.5,602.5,805.5,982.5,1237.0,1502.0,1593.0,1747.0,1771.0,1951.5,1801.0,586.0,772.5,953.5,1063.5,1134.5,1213.0,1352.0,1332.0,2205.5,2064.0,663.0,875.0,1172.0,1285.0,1346.0,1422.0,1585.5,1582.0,"{""type"":""MultiPoint"",""coordinates"":[]}"
1070_0,3,1801.0,1473.5,525.5,639.0,861.0,995.0,1012.5,1096.0,1188.5,1246.5,2018.5,1721.5,679.5,892.5,1119.5,1254.0,1276.5,1346.5,1424.0,1419.5,2200.0,1896.0,809.5,1035.0,1306.5,1416.5,1403.5,1480.0,1532.0,1584.0,2462.0,2138.5,949.5,1226.5,1495.0,1620.5,1664.5,1727.5,1808.0,1826.0,1872.0,1707.0,942.0,1202.0,1433.0,1589.0,1488.0,1606.0,1548.0,1595.0,410.0,384.0,771.0,1011.0,951.0,1184.0,923.0,925.0,888.0,736.0,445.0,376.0,817.0,1069.0,1069.0,1214.0,998.0,1041.0,1031.0,852.0,453.0,376.0,771.0,1069.0,1086.0,1225.0,1004.0,1106.0,1014.0,916.0,675.0,465.0,685.0,907.0,891.0,1050.0,1126.0,1274.0,996.0,1182.0,708.0,436.0,272.5,586.5,460.5,860.5,1345.5,1527.0,1441.0,1382.0,894.0,470.5,116.5,336.5,132.0,607.5,1577.5,1973.5,1997.0,2167.0,1989.0,1649.0,594.0,750.0,967.0,1132.0,1132.0,1222.0,1300.0,1325.0,1005.0,476.0,107.0,344.0,106.0,611.0,2174.0,2769.0,2258.0,2592.0,1113.0,535.0,35.0,267.0,80.0,605.0,2381.0,2923.0,2841.0,3112.0,1210.0,603.0,179.0,471.0,260.0,851.0,2611.0,3335.0,3085.0,3275.0,1367.0,708.0,298.0,669.0,388.0,1161.0,2974.0,3548.0,3489.0,3733.0,1572.0,854.0,325.5,742.5,470.0,1332.5,2980.5,3564.0,3676.5,3773.0,2044.0,1169.5,431.5,885.0,724.5,1638.5,3041.5,3517.5,3762.5,3907.5,2377.0,1394.0,631.5,1121.0,1045.0,1898.5,3003.5,3395.0,3693.5,3842.0,2801.0,1785.5,756.0,1212.5,1343.5,2151.5,2952.0,3295.5,3662.5,3786.0,3928.0,2659.0,969.0,1470.0,1885.0,2497.0,2928.0,3213.0,3644.0,3783.0,3831.0,2649.5,939.0,1323.5,1918.0,2424.0,2658.5,2894.0,3121.5,3352.0,1999.5,1683.0,562.0,709.0,962.0,1075.0,1116.0,1175.5,1312.5,1329.0,3531.5,2501.0,846.5,1171.0,1654.5,1979.0,2174.0,2355.5,2512.5,2728.5,3348.0,2464.0,879.5,1151.5,1559.5,1918.0,2033.0,2225.5,2405.5,2584.5,2978.5,2353.5,667.5,851.5,1153.0,1398.0,1477.0,1677.5,1715.0,1813.0,3007.5,2421.5,702.5,869.0,1149.0,1392.5,1436.5,1599.5,1688.0,1833.0,1608.0,1214.0,391.0,478.0,692.0,800.0,820.0,891.0,1015.0,1036.0,0.0,0.0,0.0,0.0,0.0,0.0,0.0,0.0,0.0,0.0,1500.0,1181.0,466.0,595.0,768.0,884.0,895.0,935.0,1053.0,1099.0,1739.0,1392.0,572.0,675.0,833.0,949.0,963.0,1071.0,1084.0,1135.0,2258.0,1886.0,762.0,981.0,1169.0,1322.0,1357.0,1399.0,1544.0,1573.0,2212.5,1828.5,808.5,936.0,1124.0,1235.5,1257.5,1350.5,1465.5,1501.5,1805.5,1476.0,543.0,645.0,845.0,943.5,939.5,1001.0,1091.5,1129.5,2167.5,1864.0,766.5,906.5,1085.5,1237.5,1294.0,1419.5,1516.0,1507.0,2281.0,1893.0,818.0,1003.0,1189.0,1323.0,1411.0,1511.0,1634.0,1618.0,"{""type"":""MultiPoint"",""coordinates"":[]}"
1071_0,3,3792.5,3281.0,1780.0,1889.0,2158.5,2460.5,2612.5,2725.0,2760.5,2994.5,2862.5,2657.0,935.0,1190.0,1518.5,1697.0,1799.0,1923.5,2059.0,2113.5,3007.0,2868.0,964.0,1217.0,1575.0,1746.0,1823.0,1948.0,2099.0,2100.0,1192.5,1046.5,499.0,643.5,772.0,906.0,968.5,1034.5,1110.0,1115.5,919.0,721.0,582.0,728.0,721.0,948.0,1016.0,1083.0,1115.0,948.0,545.0,443.0,365.0,611.0,524.0,858.0,1010.0,1081.0,1098.0,948.0,873.0,625.0,254.0,565.0,326.0,788.0,1373.0,1427.0,1481.0,1443.0,1979.0,1115.0,212.0,626.0,226.0,967.0,3025.0,3546.0,3719.0,3678.0,1637.0,872.0,132.0,443.0,178.0,807.0,2667.0,3404.0,3442.0,3376.0,1421.5,708.5,53.0,319.0,78.0,586.0,2681.0,3858.5,3860.0,3892.5,1467.0,703.5,50.5,316.0,92.0,610.5,2841.5,4213.5,4323.0,4423.0,4507.5,3931.5,2209.0,2356.5,2699.0,3018.0,3111.0,3236.0,3325.0,3396.5,1513.0,732.0,67.0,322.5,92.5,639.0,2971.0,4323.0,4355.5,4525.5,1627.0,797.0,142.5,550.0,220.5,1026.0,3331.5,4434.5,4543.0,4691.0,1686.0,846.0,549.0,901.0,679.0,1421.0,3400.0,4272.0,4310.0,4547.0,1804.0,1010.0,668.0,1111.0,959.0,1832.0,3204.0,3782.0,3916.0,4028.0,1932.0,1101.0,635.0,1117.0,996.0,1859.0,2948.0,3329.0,3671.0,3661.0,4411.0,2964.0,1116.0,1580.0,2197.0,2894.0,3240.0,3534.0,3848.0,4028.0,4806.0,3385.0,1296.5,1777.5,2508.0,3069.0,3412.0,3725.5,4060.5,4296.0,4718.5,3409.5,1255.5,1736.5,2407.5,2798.0,3177.0,3401.5,3806.5,3935.5,4036.0,2895.5,1063.5,1511.0,2146.5,2576.5,2823.0,3112.0,3412.0,3530.5,3749.0,2692.0,974.0,1317.0,1818.0,2173.0,2416.0,2677.0,2865.0,3037.0,3542.0,2868.0,745.5,982.0,1348.5,1616.5,1797.0,1952.5,2182.5,2280.0,3519.5,2745.0,725.0,1011.5,1314.0,1659.5,1922.5,2087.0,2251.0,2411.0,3589.5,3092.0,1866.5,1943.0,2103.0,2383.5,2497.0,2682.5,2726.5,2793.5,2990.5,2523.5,788.5,916.0,1024.5,1301.0,1609.5,1790.5,1839.5,1977.5,2790.5,2322.5,639.0,779.0,877.0,1170.0,1478.0,1626.0,1671.5,1805.5,2427.0,1933.0,454.0,615.0,747.0,1079.0,1342.0,1592.0,1643.0,1754.0,0.0,0.0,0.0,0.0,0.0,0.0,0.0,0.0,0.0,0.0,3525.0,2734.0,790.0,1183.0,1478.0,1890.0,2146.0,2337.0,2550.0,2698.0,3334.0,2833.0,902.0,1186.0,1478.0,1890.0,2216.0,2394.0,2550.0,2698.0,3334.0,2702.0,764.0,1096.0,1322.0,1821.0,2365.0,2480.0,2711.0,2887.0,3496.5,2620.5,886.5,1188.0,1344.5,1887.5,2545.0,2869.5,3074.0,3146.0,2740.5,2100.0,692.5,953.0,1124.5,1531.0,1998.5,2219.5,2378.0,2409.0,2506.0,2272.0,717.5,910.0,1197.0,1372.0,1492.0,1614.0,1771.0,1806.0,2444.0,2277.0,718.0,884.0,1182.0,1303.0,1385.0,1481.0,1665.0,1676.0,"{""type"":""MultiPoint"",""coordinates"":[]}"
1072_0,3,1758.5,1455.5,592.0,740.0,988.5,1090.0,1123.5,1192.0,1273.5,1293.5,2502.5,2162.0,1048.5,1320.5,1588.5,1723.5,1756.0,1799.5,1919.5,1910.5,2523.0,2192.0,960.0,1236.5,1513.5,1646.0,1681.5,1761.5,1842.5,1867.5,2602.0,2266.5,1023.5,1326.0,1603.0,1747.0,1773.0,1846.0,1909.5,1951.0,1214.0,1152.0,957.0,1208.0,1435.0,1560.0,1549.0,1621.0,1715.0,1630.0,193.0,179.0,650.0,887.0,994.0,1079.0,856.0,895.0,879.0,708.0,405.0,293.0,650.0,989.0,996.0,1294.0,1114.0,1222.0,1199.0,1003.0,682.0,540.0,625.0,937.0,853.0,1386.0,1421.0,1551.0,1496.0,1338.0,1052.0,727.0,448.0,803.0,637.0,1334.0,2086.0,2229.0,2323.0,2208.0,1071.5,641.5,298.5,621.0,414.5,1029.0,2073.5,2404.0,2410.0,2246.5,1281.5,718.5,262.0,595.5,364.5,1051.5,2618.0,3089.0,3185.5,3020.5,1947.0,1613.0,668.0,860.0,1084.0,1198.0,1228.0,1299.0,1323.0,1405.0,1503.0,779.0,280.0,572.0,373.0,1033.0,2851.0,3667.0,3640.0,3688.0,1331.0,653.0,167.0,470.0,275.0,933.0,2708.0,3427.0,3465.0,3356.0,1280.0,629.0,167.0,451.0,218.0,867.0,2803.0,3552.0,3540.0,3498.0,1468.0,739.0,380.0,761.0,406.0,1254.0,3238.0,3802.0,3921.0,3911.0,1689.0,886.0,396.0,947.0,560.0,1606.0,3376.0,3877.0,4215.0,4086.0,1766.5,987.5,464.0,1057.5,670.0,1809.5,3114.0,3436.5,3592.5,3636.0,2112.0,1207.0,817.0,1422.0,1343.0,2296.0,2938.0,3193.0,3497.0,3548.0,2380.5,1525.0,829.5,1428.5,1550.5,2405.0,2891.5,3107.0,3385.5,3430.0,3084.5,2165.5,1013.0,1490.5,2007.0,2496.5,2811.5,3023.5,3381.5,3365.0,3523.0,2483.0,1130.0,1584.0,2260.0,2639.0,2763.0,2965.0,3150.0,3303.0,1832.0,1538.0,510.0,734.0,990.0,1098.0,1134.0,1205.0,1329.0,1333.0,3457.0,2534.0,1010.0,1426.0,2006.0,2362.0,2378.0,2610.0,2717.0,2872.0,3291.0,2493.5,949.5,1246.0,1741.5,1998.0,2115.5,2311.0,2489.0,2565.5,2910.5,2335.5,699.5,922.0,1284.5,1455.0,1555.0,1689.0,1892.0,1930.0,3005.0,2482.0,803.0,974.0,1311.0,1469.0,1599.0,1710.0,1889.0,1937.0,2480.0,1578.0,567.0,714.0,1003.0,1159.0,1270.0,1370.0,1582.0,1584.0,950.0,826.0,742.0,756.0,753.0,835.0,890.0,977.0,941.0,1009.0,1655.0,1332.0,536.0,739.0,935.0,1036.0,1067.0,1121.0,1235.0,1190.0,1943.0,1652.0,687.0,859.0,1063.0,1168.0,1210.0,1282.0,1343.0,1368.0,2386.0,2079.0,853.0,1115.0,1373.0,1509.0,1513.0,1639.0,1720.0,1678.0,1970.0,1661.0,1036.0,1272.0,1401.0,1420.0,1327.0,1304.0,1810.0,1345.0,1970.0,1661.0,621.0,775.0,1018.0,1081.0,1101.0,1175.0,1249.0,1260.0,1993.0,1732.0,701.0,855.0,1067.0,1153.0,1188.0,1277.0,1338.0,1357.0,2221.0,1953.5,817.0,1038.0,1258.0,1371.5,1422.5,1484.5,1599.0,1576.0,"{""type"":""MultiPoint"",""coordinates"":[]}"
1073_0,3,2600.0,1996.0,751.0,851.0,1162.0,1277.0,1383.0,1492.0,1703.0,1730.0,2275.0,2076.0,644.0,915.0,1219.0,1356.0,1395.0,1481.0,1612.0,1641.0,2472.0,2361.0,763.0,1033.0,1368.0,1510.0,1567.0,1663.0,1765.0,1809.0,1201.0,1151.0,486.5,663.0,834.0,916.5,827.0,888.0,915.5,877.5,281.0,267.0,292.0,467.0,534.0,645.0,574.0,653.0,603.0,592.0,434.0,397.0,361.0,585.0,537.0,802.0,707.0,760.0,747.0,619.0,656.0,521.0,259.0,609.0,308.0,807.0,1015.0,1126.0,1097.0,1018.0,1340.0,813.0,259.0,625.0,331.0,998.0,2065.0,2361.0,2351.0,2285.0,1182.0,668.0,213.0,482.0,215.0,782.0,1982.0,2344.0,2347.0,2285.0,1127.5,576.0,129.5,369.5,143.5,697.0,2087.0,2614.5,2580.0,2600.0,1119.5,554.5,71.0,256.5,80.0,478.5,2121.0,2866.0,2931.0,2908.5,3422.0,2800.0,750.0,922.0,1285.0,1462.0,1526.0,1718.0,1917.0,1980.0,1373.0,643.0,58.5,276.0,47.5,554.5,2723.5,3781.0,3796.0,3867.0,1394.5,669.5,148.5,643.0,226.5,1128.5,3265.5,4125.5,4206.0,4217.5,1426.0,704.0,496.0,888.0,636.0,1394.0,3324.0,3954.0,3993.0,4123.0,1532.0,858.0,722.0,1185.0,1095.0,1953.0,3047.0,3412.0,3600.0,3640.0,1730.0,1014.0,659.0,1159.0,1095.0,1976.0,2834.0,3162.0,3408.0,3463.0,2133.0,1280.0,708.0,1186.0,1330.0,2184.0,2834.0,3162.0,3320.0,3446.0,4367.5,3123.0,1077.5,1508.5,2114.5,2601.0,2921.0,3185.0,3467.0,3672.0,4198.5,3116.5,1025.5,1427.5,2073.0,2440.0,2703.0,2938.5,3263.5,3318.5,3945.0,2818.0,987.0,1351.0,1885.0,2152.0,2381.0,2636.0,3019.0,3012.0,3447.0,2549.5,792.5,1114.0,1620.5,1857.0,2021.5,2239.5,2462.5,2602.5,3246.0,2581.0,662.0,898.0,1280.0,1454.0,1526.0,1656.0,1908.0,1950.0,3539.5,2852.5,737.0,1005.5,1368.0,1634.0,1789.0,1970.0,2145.0,2243.0,4558.5,3934.5,2367.5,2532.5,2780.0,3052.0,3211.5,3363.0,3579.5,3534.5,3118.0,2544.5,760.0,892.5,1101.5,1294.5,1483.0,1616.5,1777.5,1824.5,3101.5,2600.0,724.5,852.5,1054.5,1258.5,1454.0,1597.5,1735.0,1800.5,2277.5,1715.0,444.0,608.5,845.5,1035.0,1195.5,1309.5,1525.5,1565.0,0.0,0.0,0.0,0.0,0.0,0.0,0.0,0.0,0.0,0.0,3715.0,2902.0,895.0,1198.0,1713.0,1956.0,1983.0,2140.0,2329.0,2447.0,2847.0,2416.0,965.0,1235.0,1716.0,1962.0,1983.0,2140.0,2329.0,2447.0,3561.0,2842.0,991.0,1260.0,1724.0,1936.0,1987.0,2178.0,2413.0,2480.0,2009.5,1635.5,605.0,703.0,903.0,991.5,1072.0,1141.0,1298.0,1318.0,913.0,776.0,292.0,341.5,476.5,507.0,536.0,558.0,630.5,657.5,2065.0,1898.0,588.0,784.0,1055.0,1168.0,1214.0,1308.0,1432.0,1424.0,2075.0,1913.5,585.5,798.0,1081.0,1189.0,1247.5,1335.5,1453.5,1450.5,"{""type"":""MultiPoint"",""coordinates"":[]}"
1074_0,3,2021.5,1619.5,669.0,823.0,1083.0,1215.5,1253.5,1330.0,1469.0,1454.0,2224.5,1881.0,718.5,936.0,1196.0,1299.0,1370.0,1438.0,1559.0,1583.5,2624.5,2249.5,946.0,1274.0,1595.5,1710.0,1695.5,1782.5,1886.5,1883.5,2892.5,2456.0,1109.5,1434.5,1761.5,1893.0,1873.0,1991.0,2109.5,2092.0,530.0,397.0,903.0,1167.0,1194.0,1432.0,1114.0,1152.0,1143.0,919.0,476.0,385.0,903.0,1167.0,1194.0,1432.0,1114.0,1152.0,1143.0,964.0,408.0,348.0,538.0,850.0,782.0,1130.0,1057.0,1156.0,1118.0,1046.0,880.0,697.0,526.0,823.0,680.0,1167.0,1595.0,1819.0,1669.0,1594.0,1750.0,949.0,275.0,647.0,298.0,986.0,2888.0,3728.0,3731.0,3467.0,1896.0,954.0,210.0,580.0,203.0,931.5,3389.0,4475.0,4705.0,4702.5,1666.0,789.0,62.5,305.0,73.5,652.0,3115.0,4666.5,4813.0,4869.5,2227.0,1811.0,720.0,923.0,1156.0,1293.0,1373.0,1450.0,1526.0,1617.0,1632.0,770.0,98.0,324.0,104.0,621.0,3148.0,4719.0,4905.0,4941.0,1665.0,772.0,24.0,344.0,85.0,763.0,3526.0,5102.0,5354.0,5338.0,1699.0,829.0,309.0,816.0,362.0,1436.0,3874.0,5113.0,5339.0,5338.0,1952.0,983.0,524.0,1108.0,763.0,1985.0,3994.0,4769.0,5061.0,5085.0,2037.5,1145.0,571.0,1204.0,936.5,2104.5,3772.0,4376.5,4830.5,4699.0,2780.5,1687.0,871.0,1576.0,1790.5,2789.0,3921.0,4259.5,4797.0,4762.5,3655.5,2484.0,1331.0,2109.5,2861.5,3707.0,4291.5,4594.5,5187.5,5181.5,4568.0,3195.0,1543.0,2158.0,3089.0,3686.5,3973.5,4291.0,4645.0,4792.5,4141.0,3005.0,1431.0,1993.0,2872.0,3217.0,3348.0,3584.0,4074.0,3970.0,4198.0,2931.0,1452.5,1997.0,2911.5,3129.0,3434.5,3590.0,3923.5,4013.0,2200.0,1803.5,709.5,879.5,1170.0,1281.0,1311.5,1410.0,1558.0,1560.0,3496.5,2499.0,1124.5,1523.5,2139.0,2296.0,2491.5,2543.0,3008.0,2929.5,3514.5,2556.0,1180.0,1519.0,2101.0,2255.0,2364.5,2551.0,2917.0,2798.5,3174.5,2578.5,875.5,1082.0,1451.5,1612.5,1712.0,1783.0,2078.0,2061.5,3187.5,2546.5,868.5,1049.5,1385.0,1546.0,1691.0,1785.0,1960.5,1989.5,1803.0,1166.0,496.0,611.0,856.0,961.0,1005.0,1077.0,1176.0,1181.0,0.0,0.0,0.0,0.0,0.0,0.0,0.0,0.0,0.0,0.0,1888.0,1542.0,601.0,771.0,997.0,1090.0,1107.0,1197.0,1303.0,1303.0,2030.0,1707.0,700.0,807.0,1001.0,1084.0,1122.0,1184.0,1287.0,1311.0,2390.0,2040.0,786.0,985.0,1230.0,1362.0,1359.0,1459.0,1570.0,1585.0,2594.0,2207.0,981.0,1190.0,1452.0,1555.0,1594.0,1685.0,1822.0,1845.0,2016.5,1647.0,648.0,785.5,994.5,1090.0,1092.0,1131.0,1276.5,1277.5,2426.0,2061.0,861.0,1018.0,1245.0,1350.0,1445.0,1511.0,1639.0,1656.0,2225.0,1843.0,714.0,932.0,1177.5,1288.5,1345.0,1450.0,1554.0,1593.0,"{""type"":""MultiPoint"",""coordinates"":[]}"
1075_0,3,1886.5,1546.5,606.5,707.0,974.5,1092.5,1138.5,1194.5,1295.0,1335.5,2108.0,1776.0,712.5,890.0,1129.0,1250.0,1305.5,1390.5,1496.0,1533.0,2270.5,1957.0,832.0,1056.5,1306.5,1425.5,1452.5,1501.0,1598.0,1639.0,2530.5,2195.0,986.0,1237.0,1531.0,1658.5,1693.0,1774.5,1854.5,1867.5,1730.0,1538.0,969.0,1218.0,1462.0,1589.0,1550.0,1618.0,1646.0,1605.0,456.0,426.0,670.0,857.0,857.0,1036.0,847.0,900.0,794.0,795.0,518.0,397.0,709.0,947.0,911.0,1118.0,1029.0,1090.0,1112.0,946.0,599.0,458.0,654.0,901.0,897.0,1159.0,1150.0,1290.0,1186.0,1093.0,843.0,568.0,532.0,826.0,754.0,1103.0,1418.0,1637.0,1342.0,1317.0,1300.0,699.5,281.5,615.0,384.0,940.5,2285.0,2572.0,2580.5,2669.5,1532.5,749.0,139.0,388.5,140.0,746.0,2795.5,3791.0,3749.0,3794.5,2122.0,1764.0,689.0,823.0,1063.0,1227.0,1271.0,1320.0,1407.0,1482.0,1666.0,814.0,155.0,404.0,138.0,743.0,3170.0,4557.0,4479.0,4507.0,1684.0,814.0,111.0,400.0,199.0,844.0,3145.0,4468.0,4513.0,4673.0,1763.0,878.0,201.0,551.0,347.0,1045.0,3391.0,4547.0,4689.0,4797.0,1886.0,950.0,421.0,843.0,545.0,1508.0,3435.0,4373.0,4546.0,4693.0,1920.0,1026.0,445.0,864.0,689.0,1539.0,3192.0,3936.0,4231.0,4267.0,2134.0,1221.5,457.0,917.0,868.5,1755.5,3077.5,3627.0,3893.0,4043.5,2622.5,1582.0,763.0,1237.5,1397.5,2120.5,3045.5,3447.5,3795.0,3906.0,3048.5,1964.5,879.0,1364.0,1730.0,2493.0,3101.5,3395.0,3815.0,3904.0,4142.0,2826.0,1066.0,1530.0,2207.0,2759.0,3130.0,3319.0,3700.0,3875.0,3969.0,2797.5,1063.5,1458.0,2192.5,2715.5,2783.0,3161.0,3208.0,3530.5,2134.0,1767.0,637.5,798.5,1055.5,1192.5,1226.5,1302.5,1428.0,1447.0,3603.0,2671.0,928.5,1282.0,1845.5,2200.0,2243.0,2564.5,2674.5,2841.0,3371.5,2518.5,935.5,1249.5,1710.0,2034.5,2132.5,2279.0,2539.0,2631.0,2985.5,2333.5,721.0,899.0,1193.0,1474.5,1563.5,1744.5,1783.5,1876.5,3042.5,2481.5,726.5,883.5,1180.0,1490.0,1493.5,1684.0,1751.5,1866.5,1524.0,1242.0,393.0,482.0,712.0,794.0,831.0,890.0,1027.0,1032.0,1606.0,1289.0,1427.0,1405.0,1320.0,1404.0,1605.0,1668.0,1831.0,1700.0,1674.0,1334.0,520.0,684.0,870.0,991.0,1005.0,1084.0,1185.0,1220.0,2009.0,1649.0,666.0,788.0,965.0,1117.0,1142.0,1229.0,1256.0,1341.0,2422.0,2016.0,845.0,1039.0,1255.0,1394.0,1459.0,1533.0,1657.0,1669.0,2340.0,1946.5,845.0,967.5,1193.0,1332.5,1367.0,1458.0,1594.5,1605.0,1917.5,1572.5,579.5,696.0,882.0,1015.0,1022.0,1099.5,1200.0,1236.0,2230.0,1907.0,784.5,923.0,1096.5,1283.0,1386.5,1483.5,1594.5,1610.0,2239.0,1849.0,794.0,965.5,1142.5,1285.0,1455.0,1538.5,1676.0,1693.0,"{""type"":""MultiPoint"",""coordinates"":[]}"
1076_0,3,3933.0,3073.0,1816.0,1973.5,2265.5,2431.0,2639.5,2811.5,3044.5,3112.5,2295.0,2152.0,614.0,870.0,1174.0,1283.0,1346.0,1441.0,1540.0,1603.0,2415.0,2292.0,727.0,934.0,1233.0,1384.0,1400.0,1520.0,1584.0,1660.0,2587.5,2424.5,826.5,1094.5,1434.0,1590.5,1616.0,1719.5,1794.5,1863.0,965.0,928.0,904.0,1143.0,1231.0,1265.0,1203.0,1304.0,1185.0,1273.0,582.0,520.0,870.0,924.0,950.0,1035.0,789.0,815.0,819.0,685.0,406.0,300.0,265.0,560.0,309.0,698.0,697.0,784.0,658.0,560.0,1350.0,790.0,265.0,636.0,309.0,983.0,2235.0,2318.0,2316.0,2361.0,1372.0,773.0,210.0,489.0,255.0,887.0,2354.0,2740.0,2721.0,2671.0,1219.5,603.0,105.5,301.5,96.5,554.0,2278.5,3063.5,3033.0,3044.5,1238.0,595.5,73.0,262.0,72.5,525.5,2375.5,3398.5,3496.0,3457.0,3717.0,3001.0,1783.0,1910.0,2214.5,2431.5,2400.5,2521.0,2748.0,2785.5,1265.5,590.0,55.5,221.5,30.5,432.0,2448.5,3747.0,3773.0,3926.5,1184.5,554.0,39.5,235.0,14.5,472.0,2614.5,4049.0,4097.0,4200.0,1210.0,569.0,468.0,777.0,515.0,1123.0,2895.0,3985.0,4095.0,4145.0,1382.0,713.0,598.0,975.0,722.0,1501.0,3177.0,3892.0,4043.0,4136.0,1363.0,716.0,494.0,938.0,722.0,1518.0,2936.0,3584.0,3779.0,3835.0,1563.0,876.0,456.0,936.0,917.0,1722.0,2838.0,3253.0,3429.0,3589.0,2106.0,1207.0,705.0,1257.5,1423.0,2228.0,2980.0,3306.5,3584.0,3632.5,2507.5,1579.5,972.5,1457.5,1825.0,2459.5,2975.5,3310.0,3622.5,3640.0,3748.0,2872.0,1167.0,1244.0,1849.0,2358.0,2509.0,2677.0,3088.0,3235.0,3635.5,2522.0,1007.0,1299.0,1940.0,2331.5,2490.5,2714.5,2927.5,3142.5,3672.0,2829.5,796.5,1034.0,1468.5,1652.0,1714.5,1882.0,2209.5,2258.5,3944.0,2838.0,878.0,1196.5,1755.0,2080.5,2267.0,2455.0,2663.5,2898.0,4809.0,4027.5,2727.5,2905.0,3284.5,3600.5,3715.5,3804.5,4022.5,4122.0,3483.0,2671.0,806.0,966.5,1316.5,1561.5,1666.0,1850.5,2066.0,2158.5,3369.5,2583.0,832.0,989.0,1319.5,1567.5,1684.5,1867.0,2042.5,2155.0,2777.0,2040.5,570.5,763.5,1101.0,1322.5,1413.0,1563.0,1808.0,1871.5,0.0,0.0,0.0,0.0,0.0,0.0,0.0,0.0,0.0,0.0,3857.0,2933.0,866.0,1208.0,1712.0,1944.0,2054.0,2210.0,2465.0,2590.0,3774.0,3153.0,960.0,1246.0,1712.0,2005.0,2115.0,2382.0,2465.0,2818.0,3631.0,2860.0,962.0,1253.0,1719.0,1977.0,2069.0,2254.0,2498.0,2617.0,1871.0,1661.0,525.5,646.0,903.0,1030.5,1025.0,1114.0,1212.5,1237.0,2005.0,1771.0,547.0,674.0,974.0,1127.0,1071.0,1129.0,1243.0,1287.0,2109.0,1985.0,591.0,770.0,1044.0,1154.0,1188.0,1246.0,1395.0,1392.0,2113.0,1978.5,575.5,782.0,1056.0,1171.5,1210.0,1285.5,1408.0,1429.0,"{""type"":""MultiPoint"",""coordinates"":[]}"
1077_0,3,1783.5,1500.5,520.0,665.5,892.5,1010.0,1056.5,1120.0,1222.0,1225.0,2426.0,2069.0,997.0,1280.0,1554.5,1673.5,1711.5,1786.0,1893.5,1879.5,2256.5,1908.0,780.5,1041.0,1325.5,1446.0,1466.5,1510.5,1644.5,1652.0,142.5,138.0,487.5,761.0,801.0,933.5,626.5,686.0,658.5,529.0,122.5,105.0,544.0,776.0,831.5,964.0,719.5,792.5,750.0,637.5,266.5,206.5,518.5,848.0,820.5,1071.0,884.5,978.5,929.0,790.5,536.0,403.5,379.0,721.0,572.0,982.5,1066.0,1206.5,1089.5,982.5,1001.0,637.0,340.5,665.5,433.0,952.5,1760.0,2031.0,1957.5,1919.5,1703.0,825.5,236.5,555.5,241.0,916.5,3183.0,4138.0,4192.5,4078.0,1764.5,866.5,230.0,571.0,279.0,947.5,3266.5,4365.0,4519.0,4566.0,1696.0,826.5,167.5,422.5,237.0,803.0,3042.5,4400.0,4610.0,4673.0,2066.5,1784.0,598.0,772.0,1019.0,1131.0,1221.0,1277.0,1357.0,1419.5,1752.0,846.0,198.0,462.0,251.0,876.5,3320.5,4739.5,4905.0,5012.5,1719.5,847.5,276.5,787.0,408.0,1406.0,3718.5,4854.5,5065.0,5099.5,1812.0,916.5,442.5,950.5,635.5,1663.0,3735.0,4486.5,4642.5,4773.5,2134.0,1151.5,659.5,1213.0,1047.5,2184.5,3666.5,4152.0,4413.5,4580.0,2540.5,1537.5,798.0,1431.5,1465.0,2527.0,3592.5,4022.5,4437.0,4425.5,3093.0,2014.0,975.0,1598.0,2014.0,2851.0,3529.0,3825.0,4194.0,4348.0,4258.0,2979.0,1281.5,1787.5,2429.5,2928.5,3227.5,3532.5,3850.5,3951.5,4300.5,2955.5,1246.0,1789.5,2657.0,3110.5,3395.5,3593.0,4000.5,4065.0,3631.0,2761.5,1203.5,1627.5,2269.5,2541.5,2781.5,3002.5,3434.0,3343.5,2221.0,1708.5,774.5,1060.5,1471.0,1672.5,1701.5,1794.0,1878.5,1967.0,1939.0,1648.0,489.0,713.5,953.5,1077.5,1114.0,1212.0,1316.0,1324.5,2522.0,1986.0,886.5,1162.5,1584.5,1786.0,1850.5,1919.5,2040.0,2111.5,2452.0,1945.0,944.5,1167.5,1526.0,1673.5,1754.0,1840.0,1993.5,1992.0,2111.0,1767.0,679.5,849.5,1126.5,1242.5,1302.5,1370.0,1504.0,1508.5,1753.5,1454.0,535.5,773.5,1032.5,1158.5,1179.5,1288.5,1359.5,1336.5,1429.5,1222.5,368.0,512.0,688.0,770.5,808.5,869.5,952.0,931.0,0.0,0.0,0.0,0.0,0.0,0.0,0.0,0.0,0.0,0.0,1524.5,1227.5,433.0,594.5,793.5,902.0,955.5,1042.0,1114.5,1110.0,1782.5,1520.0,603.5,729.0,889.0,998.5,1032.5,1119.5,1191.5,1205.5,2217.0,1909.0,731.5,943.0,1165.0,1302.5,1366.0,1397.5,1522.5,1510.5,2213.5,1892.0,798.5,967.0,1185.5,1319.5,1321.5,1384.5,1559.5,1517.0,2116.0,1784.0,786.5,899.5,1112.0,1215.5,1246.5,1334.5,1436.5,1450.0,2171.5,1868.0,704.0,900.5,1142.0,1257.5,1314.5,1379.5,1499.5,1503.0,2222.5,1935.0,811.0,1030.5,1305.0,1413.0,1455.0,1529.5,1654.0,1640.0,"{""type"":""MultiPoint"",""coordinates"":[]}"
1078_0,3,1768.0,1447.5,637.5,768.5,995.0,1130.5,1171.0,1210.0,1298.0,1317.0,2120.5,1802.5,778.0,976.0,1201.0,1314.0,1350.0,1453.0,1538.5,1533.5,2302.0,1980.0,919.0,1192.5,1454.5,1591.5,1591.5,1676.0,1729.5,1750.0,2639.5,2277.5,1215.5,1548.5,1842.5,1973.0,1949.0,2032.0,2086.5,2088.5,2245.0,1955.0,1174.0,1504.0,1716.0,1887.0,1714.0,1751.0,1740.0,1707.0,429.0,412.0,1013.0,1230.0,1277.0,1471.0,1268.0,1268.0,1285.0,1122.0,309.0,263.0,690.0,953.0,1003.0,1258.0,1081.0,1178.0,1155.0,1079.0,448.0,360.0,690.0,974.0,1003.0,1326.0,1305.0,1365.0,1359.0,1223.0,553.0,428.0,547.0,882.0,762.0,1139.0,1198.0,1362.0,1222.0,1127.0,1257.0,674.5,266.0,545.0,326.5,863.0,2242.0,2712.5,2639.0,2600.5,1506.5,746.5,132.0,380.0,139.5,671.5,2731.5,3847.5,3871.5,3839.5,1912.0,1619.0,694.0,866.0,1080.0,1203.0,1228.0,1305.0,1368.0,1427.0,1492.0,694.0,131.0,363.0,120.0,635.0,2991.0,4125.0,4201.0,4209.0,1438.0,681.0,44.0,372.0,99.0,728.0,3200.0,4454.0,4485.0,4472.0,1500.0,711.0,181.0,553.0,273.0,1059.0,3447.0,4682.0,4775.0,4832.0,1600.0,751.0,451.0,964.0,611.0,1741.0,3710.0,4388.0,4614.0,4578.0,1638.5,884.5,507.5,1076.5,757.5,1872.5,3424.5,3977.5,4338.5,4249.5,1899.5,1106.0,560.5,1148.0,1111.0,2148.0,3228.5,3590.5,3921.5,4007.5,2304.0,1347.0,944.0,1489.0,1627.0,2444.0,3169.0,3462.5,3880.0,3882.5,2619.5,1683.0,998.5,1547.5,1925.5,2688.5,3140.5,3456.5,3841.5,3824.0,3616.0,2542.0,1123.0,1599.5,2254.5,2780.5,3054.0,3353.0,3756.5,3758.5,3912.0,2719.0,1286.0,1819.0,2683.0,3003.0,3229.0,3412.0,3761.0,3881.0,1801.0,1517.0,548.0,729.0,981.0,1076.0,1142.0,1220.0,1286.0,1308.0,3912.0,2775.0,1286.0,1779.0,2532.0,2948.0,3081.0,3326.0,3444.0,3719.0,3560.0,2596.0,1185.0,1572.5,2148.0,2447.0,2570.0,2763.5,3081.5,3072.5,3155.5,2503.0,929.5,1188.0,1615.5,1831.5,1910.0,2067.0,2291.0,2318.0,3372.0,2706.0,997.0,1228.0,1641.0,1848.0,1939.0,2058.0,2284.0,2341.0,1664.0,1388.0,506.0,664.0,877.0,996.0,1054.0,1084.0,1237.0,1235.0,690.0,545.5,536.5,568.0,579.0,610.0,613.0,653.0,811.5,686.5,1397.0,1110.0,464.0,634.0,768.0,859.0,896.0,955.0,1045.0,1021.0,379.0,307.0,186.0,176.0,186.0,213.0,211.0,272.0,237.0,279.0,2047.0,1773.0,727.0,906.0,1099.0,1237.0,1285.0,1334.0,1408.0,1432.0,2002.0,1714.0,769.0,895.0,1077.5,1161.0,1209.0,1264.5,1401.0,1378.0,1545.0,1319.0,599.0,709.0,919.0,991.0,1018.0,1054.0,1139.0,1162.0,2118.5,1834.5,825.5,967.0,1157.5,1247.0,1274.0,1363.5,1433.5,1451.0,2140.5,1815.5,831.5,1005.5,1187.5,1296.0,1342.5,1429.5,1519.0,1510.5,"{""type"":""MultiPoint"",""coordinates"":[]}"
1079_0,3,3117.0,2518.0,934.5,1071.5,1374.0,1552.0,1735.5,1940.5,2080.0,2179.0,2191.0,1950.0,640.0,867.0,1168.0,1281.0,1308.0,1426.0,1514.0,1514.0,2399.0,2288.0,792.0,1028.0,1348.0,1491.0,1522.0,1663.0,1733.0,1735.0,1230.0,1101.5,336.0,459.5,641.5,745.5,748.0,837.5,827.0,877.5,541.0,498.0,467.0,643.0,715.0,886.0,855.0,901.0,795.0,837.0,431.0,346.0,372.0,593.0,591.0,777.0,736.0,746.0,774.0,703.0,522.0,398.0,304.0,572.0,404.0,732.0,757.0,763.0,714.0,665.0,1602.0,953.0,314.0,692.0,466.0,1071.0,2078.0,2362.0,2310.0,2361.0,1067.0,700.0,229.0,506.0,300.0,854.0,1592.0,1736.0,1743.0,1740.0,1189.5,654.5,149.5,419.0,240.5,781.5,1899.5,2278.0,2305.5,2261.5,1178.5,629.0,105.5,290.5,134.5,553.0,1974.5,2595.5,2676.5,2662.0,3212.5,2711.0,1158.0,1155.5,1323.0,1485.5,1628.5,1760.5,2045.5,2065.5,1264.5,636.0,69.0,275.5,67.5,514.0,2370.0,3232.0,3217.0,3306.0,1202.0,589.0,99.0,434.5,131.0,754.5,2634.0,3513.0,3580.5,3560.0,1220.0,613.0,465.0,793.0,564.0,1171.0,2926.0,3635.0,3646.0,3700.0,1328.0,731.0,658.0,1029.0,919.0,1685.0,2852.0,3301.0,3378.0,3478.0,1464.0,866.0,587.0,1005.0,919.0,1685.0,2592.0,2903.0,3116.0,3199.0,1801.0,1096.0,506.0,1005.0,1055.0,1812.0,2601.0,2903.0,3045.0,3178.0,4120.0,2938.5,1218.0,1713.0,2299.0,2859.5,3232.5,3492.5,3748.5,3884.5,4077.0,3015.0,1194.5,1624.0,2271.5,2673.5,2945.0,3184.0,3460.5,3515.0,3406.0,2757.0,1044.0,1455.0,1972.0,2296.0,2494.0,2677.0,2984.0,3011.0,3149.5,2336.0,930.5,1307.5,1766.5,2187.5,2365.0,2471.0,2614.5,2805.0,3366.5,2800.0,790.5,1005.0,1375.5,1535.5,1646.0,1798.5,2077.0,2104.0,3460.5,2803.0,885.5,1190.5,1540.5,1882.5,2092.5,2256.0,2366.5,2481.5,3621.5,3018.5,1660.5,1866.5,2094.5,2399.0,2622.0,2755.5,2858.0,2916.5,3169.5,2661.0,854.0,1003.5,1174.0,1469.5,1685.0,1845.0,1969.5,2051.5,3046.5,2579.5,801.0,968.5,1131.0,1415.0,1689.5,1836.5,1928.0,2030.5,2047.5,1508.5,418.0,624.0,782.5,1073.0,1293.5,1410.5,1586.0,1646.5,0.0,0.0,0.0,0.0,0.0,0.0,0.0,0.0,0.0,0.0,3795.0,3064.0,1020.0,1391.0,1868.0,2147.0,2149.0,2360.0,2617.0,2642.0,4048.0,3401.0,1462.0,1650.0,1882.0,2203.0,2300.0,2607.0,3071.0,2710.0,3662.0,3031.0,1093.0,1398.0,1756.0,1983.0,2222.0,2350.0,2655.0,2665.0,2831.5,2399.0,842.0,1023.0,1348.0,1556.5,1577.5,1813.0,1975.5,1937.0,1948.0,1680.0,546.0,687.0,962.0,1104.0,1014.0,1279.0,1351.0,1262.0,1916.0,1702.0,515.5,697.5,957.0,1013.0,1143.0,1175.0,1346.0,1346.5,2000.5,1809.5,566.5,770.0,1030.5,1102.5,1223.5,1266.0,1446.0,1458.5,"{""type"":""MultiPoint"",""coordinates"":[]}"
1080_0,3,1792.5,1511.5,489.5,646.0,869.5,994.0,1050.0,1098.0,1209.0,1216.5,2411.0,2066.0,906.0,1205.0,1481.0,1601.5,1655.0,1717.5,1837.5,1807.5,2436.0,2074.0,850.5,1129.0,1429.0,1528.0,1577.0,1657.5,1754.0,1743.0,2350.5,2051.5,816.5,1076.0,1350.5,1465.0,1507.5,1582.5,1655.5,1662.0,319.5,288.5,456.5,667.0,722.5,929.0,853.5,871.0,787.5,763.0,319.5,288.5,726.5,934.5,979.0,1210.5,1045.0,1110.5,1131.0,1073.5,846.5,563.0,559.5,763.5,732.0,1135.5,1717.5,1795.0,1680.0,1659.0,1321.5,814.5,408.5,755.5,444.0,1121.5,2405.0,2668.0,2640.5,2571.0,1492.5,742.5,214.5,572.0,212.5,1009.5,3422.5,4291.0,4408.5,4360.5,1767.5,965.0,274.5,629.5,525.0,1285.5,2899.5,3544.5,3879.5,4094.5,1942.5,1096.0,298.0,643.0,569.0,1281.0,2735.0,3347.0,3673.0,3860.5,2074.5,1746.0,546.0,778.5,1019.5,1173.5,1185.0,1297.5,1348.5,1393.5,1861.0,1029.0,257.5,601.0,475.5,1171.0,2638.5,3231.0,3464.0,3659.5,1628.0,852.5,253.0,571.5,400.5,1036.0,2626.0,3268.5,3464.0,3662.0,1552.5,813.5,275.0,561.5,327.0,1009.5,2780.5,3372.0,3515.0,3718.5,1808.0,909.5,460.0,959.5,528.5,1532.5,3381.0,3903.5,4108.0,4186.5,1872.0,988.0,456.5,1054.5,627.0,1728.5,3311.0,3773.0,4036.0,4024.5,1997.0,1132.0,518.0,1203.0,919.0,2139.0,3190.0,3461.0,3729.0,3818.0,2345.5,1332.0,824.0,1518.5,1523.0,2518.5,3230.0,3496.5,3840.5,3913.0,2592.5,1588.0,809.5,1483.5,1563.0,2560.0,3022.5,3331.0,3740.0,3812.5,3920.5,2661.5,1104.0,1546.5,2161.5,2665.5,2992.0,3331.0,3765.5,3854.5,3300.5,2325.5,938.5,1345.5,1968.5,2314.0,2465.5,2690.0,2928.5,3072.0,1906.5,1606.5,439.0,673.0,926.5,1045.5,1099.0,1186.0,1276.0,1298.5,2579.0,2013.0,850.5,1143.0,1564.5,1775.5,1872.5,1971.0,2127.5,2172.0,2024.0,1569.0,844.0,1068.5,1335.5,1490.0,1552.0,1629.5,1742.5,1752.5,2279.5,1856.5,690.0,897.5,1190.0,1348.5,1414.0,1527.0,1669.5,1672.5,2260.5,1853.0,752.0,976.5,1263.0,1446.0,1495.5,1594.0,1722.5,1766.0,2011.5,1563.5,560.0,713.0,985.5,1093.0,1174.0,1271.0,1441.0,1411.5,0.0,0.0,0.0,0.0,0.0,0.0,0.0,0.0,0.0,0.0,1682.0,1379.0,440.5,657.5,846.5,940.5,979.5,1063.0,1165.0,1171.5,1736.0,1480.0,520.5,636.0,789.0,902.5,942.0,1023.0,1093.5,1122.5,2186.0,1880.5,670.5,876.5,1095.0,1220.0,1297.5,1365.5,1467.0,1475.0,2206.5,1879.5,665.5,848.0,1072.5,1190.0,1245.0,1354.0,1489.5,1465.0,2111.0,1780.5,694.5,796.5,992.0,1133.0,1215.5,1314.5,1355.0,1434.0,1891.0,1609.5,592.0,720.0,935.5,1015.0,1082.5,1167.5,1236.0,1273.5,2197.5,1902.0,720.0,952.0,1205.0,1336.0,1393.5,1460.5,1565.5,1577.0,"{""type"":""MultiPoint"",""coordinates"":[]}"
1081_0,3,1837.0,1530.5,562.5,686.5,943.5,1045.5,1074.0,1156.5,1238.5,1262.0,2080.5,1755.0,707.0,923.0,1168.5,1268.5,1293.5,1376.0,1463.0,1464.5,2249.5,1936.0,852.0,1086.0,1359.5,1449.5,1459.0,1518.5,1600.5,1610.5,2517.5,2198.0,1021.0,1286.0,1570.5,1688.5,1716.5,1781.0,1851.5,1853.5,1243.0,1179.0,838.0,1058.0,1311.0,1407.0,1416.0,1494.0,1562.0,1601.0,402.0,367.0,787.0,1036.0,993.0,1261.0,1042.0,1037.0,1028.0,868.0,421.0,342.0,670.0,900.0,870.0,1028.0,968.0,1033.0,1012.0,886.0,482.0,373.0,577.0,827.0,805.0,1072.0,1073.0,1131.0,1051.0,1002.0,614.0,438.0,428.0,707.0,625.0,978.0,1249.0,1421.0,1238.0,1187.0,1167.0,656.0,181.5,450.5,248.5,873.5,2299.5,2824.0,2636.0,2703.5,1386.0,702.0,147.0,356.5,136.5,730.5,2805.0,3823.5,3787.0,3776.0,2081.0,1725.0,666.0,817.0,1043.0,1205.0,1220.0,1282.0,1385.0,1438.0,1502.0,728.0,129.0,354.0,109.0,743.0,3142.0,4139.0,4317.0,4341.0,1553.0,754.0,94.0,429.0,179.0,901.0,3234.0,4313.0,4503.0,4518.0,1662.0,819.0,196.0,566.0,333.0,1083.0,3344.0,4397.0,4573.0,4750.0,1774.0,868.0,383.0,845.0,570.0,1602.0,3447.0,4199.0,4387.0,4444.0,1821.0,1009.0,413.0,906.0,650.0,1660.5,3154.0,3748.5,4132.5,4051.5,2020.0,1200.0,476.5,971.5,942.0,1851.0,2966.0,3342.0,3697.0,3828.0,2450.5,1465.5,761.0,1255.0,1395.5,2179.0,3004.5,3348.0,3764.0,3823.0,2860.0,1840.5,866.0,1388.0,1737.0,2451.5,2980.5,3323.0,3804.0,3811.0,4091.0,2784.0,1123.0,1530.0,2206.0,2629.0,2959.0,3243.0,3766.0,3724.0,4075.0,2766.5,1102.5,1561.5,2356.0,2727.0,2940.0,3174.5,3645.5,3702.5,2076.0,1727.0,603.0,779.5,1031.0,1150.0,1176.0,1271.0,1392.0,1416.5,3823.5,2646.5,983.5,1349.5,1977.5,2235.0,2428.5,2646.0,3047.5,3029.5,3602.5,2566.5,1068.5,1370.0,1966.0,2196.0,2310.5,2571.5,2934.5,2866.0,3209.5,2481.0,782.0,1024.5,1402.5,1589.0,1662.5,1866.5,2108.5,2051.0,3240.0,2529.0,817.5,996.0,1354.0,1549.0,1643.0,1770.0,1991.5,2038.5,1673.0,1244.0,447.0,566.0,814.0,877.0,911.0,1039.0,1160.0,1100.0,0.0,0.0,0.0,0.0,0.0,0.0,0.0,0.0,0.0,0.0,1482.0,1129.0,458.0,608.0,774.0,882.0,907.0,933.0,1038.0,1083.0,1679.0,1338.0,586.0,692.0,827.0,962.0,975.0,1022.0,1101.0,1126.0,2290.0,1883.0,838.0,1039.0,1225.0,1370.0,1389.0,1484.0,1589.0,1600.0,2210.5,1822.0,830.5,997.0,1211.5,1292.0,1298.0,1343.5,1515.0,1519.5,1852.0,1500.5,577.5,714.0,902.0,1003.5,993.0,1031.0,1151.0,1173.5,2226.0,1904.0,822.0,977.0,1161.5,1287.5,1359.0,1463.0,1556.0,1569.5,2324.0,1944.0,858.0,1071.0,1275.0,1398.0,1460.0,1569.0,1673.0,1651.0,"{""type"":""MultiPoint"",""coordinates"":[]}"
1082_0,3,2142.0,1784.0,656.5,810.0,1109.0,1283.0,1285.0,1403.0,1479.0,1547.5,2573.5,2215.5,962.5,1288.5,1608.0,1732.5,1787.5,1848.5,1963.0,1960.5,2558.0,2183.0,924.5,1209.0,1537.0,1674.5,1676.5,1765.0,1861.0,1861.0,2506.5,2181.5,907.5,1176.0,1483.0,1621.0,1637.5,1699.5,1791.5,1818.0,206.0,170.0,346.0,574.0,566.5,793.5,678.5,756.0,725.0,675.0,288.0,203.5,508.0,702.0,799.0,985.0,890.5,963.0,985.5,910.5,797.0,529.0,510.5,743.5,672.5,1070.0,1455.0,1567.5,1507.5,1517.5,1333.5,762.0,393.5,716.5,407.0,1033.0,2319.0,2555.5,2573.5,2539.5,1469.5,749.5,220.5,541.5,272.0,1002.0,3079.5,3803.5,3918.5,3845.0,1697.0,902.5,253.0,599.0,398.5,1138.0,2942.0,3626.0,3784.0,3977.5,1738.5,908.5,249.5,614.5,385.5,1145.5,2944.0,3652.5,3837.0,3979.0,2424.0,2041.5,695.5,937.0,1219.0,1414.0,1466.0,1564.5,1599.5,1680.5,1679.5,871.5,208.0,563.0,316.0,1077.5,2937.5,3648.5,3751.0,3994.5,1512.0,732.0,200.0,542.5,284.5,1002.0,2906.0,3631.0,3739.0,3947.0,1543.5,732.0,239.5,627.0,269.0,1077.0,3190.0,3891.5,3989.0,4208.5,1863.0,901.0,468.5,1040.0,534.0,1694.0,3683.0,4250.0,4482.5,4548.0,1878.0,964.5,499.5,1120.0,666.0,1882.0,3565.5,3987.5,4326.0,4340.5,2041.0,1129.0,594.0,1297.0,1076.0,2321.0,3471.0,3829.0,4111.0,4199.0,2367.5,1342.0,885.0,1627.5,1595.5,2677.0,3511.5,3846.0,4204.0,4298.5,2746.5,1643.0,951.5,1635.5,1783.5,2786.5,3266.0,3599.0,4011.0,4085.5,4110.5,2829.5,1219.5,1734.5,2397.5,2930.0,3260.0,3574.5,4011.0,4077.5,2553.0,1959.5,875.0,1186.0,1648.5,1895.0,1955.5,2081.0,2212.0,2375.5,2277.0,1908.5,600.0,832.0,1115.5,1281.0,1357.0,1437.5,1532.0,1537.0,2474.5,1907.0,843.0,1159.0,1598.5,1780.0,1862.0,1958.5,2190.5,2182.5,2540.5,1997.0,948.5,1213.5,1577.5,1756.5,1823.5,1938.5,2076.0,2081.5,2387.5,1913.0,720.0,938.5,1238.5,1430.5,1510.5,1600.0,1709.5,1768.0,2527.0,2077.5,776.5,992.5,1287.0,1482.0,1583.0,1690.5,1747.5,1854.5,2127.5,1478.0,605.0,786.0,1085.0,1234.5,1311.0,1348.5,1565.0,1545.0,0.0,0.0,0.0,0.0,0.0,0.0,0.0,0.0,0.0,0.0,1983.5,1693.5,550.5,754.5,969.0,1087.5,1132.0,1217.5,1308.5,1323.5,2093.5,1840.5,643.5,763.5,958.5,1093.0,1136.5,1204.5,1269.0,1317.5,2447.5,2133.0,721.5,939.0,1180.5,1333.0,1379.5,1420.5,1564.0,1582.0,2575.5,2219.5,779.0,963.0,1247.5,1400.5,1423.0,1492.0,1609.5,1649.5,2286.5,1939.5,688.0,836.0,1073.5,1202.5,1235.5,1314.5,1397.0,1450.0,2020.0,1742.5,585.5,782.5,1023.0,1116.0,1145.0,1248.5,1344.5,1364.0,2348.5,2061.5,809.0,1117.5,1409.5,1490.5,1551.0,1621.0,1742.0,1735.0,"{""type"":""MultiPoint"",""coordinates"":[]}"
1083_0,3,2008.5,1621.5,621.0,775.5,1025.0,1162.0,1183.5,1300.0,1365.0,1407.5,2311.5,1942.5,774.0,998.0,1249.5,1368.0,1424.5,1510.5,1590.5,1624.5,2768.0,2364.5,1034.0,1350.5,1656.0,1805.0,1826.0,1909.5,1987.5,2017.0,3017.5,2569.5,1165.0,1495.5,1817.5,1984.5,2007.5,2104.0,2174.0,2205.5,1160.0,1072.0,975.0,1301.0,1358.0,1558.0,1342.0,1453.0,1472.0,1447.0,442.0,357.0,745.0,1069.0,1253.0,1558.0,1187.0,1199.0,1207.0,1130.0,477.0,365.0,664.0,884.0,984.0,1215.0,1127.0,1199.0,1236.0,1169.0,819.0,612.0,611.0,852.0,817.0,1189.0,1532.0,1606.0,1500.0,1478.0,1369.0,849.0,506.0,815.0,623.0,1133.0,2148.0,2448.0,2329.0,2328.0,1590.5,834.5,318.5,663.5,372.5,1032.5,2854.5,3455.0,3394.5,3482.5,1475.5,724.5,173.5,397.0,209.0,690.5,2720.5,3751.5,3738.5,3873.0,2261.0,1836.0,709.0,896.0,1159.0,1312.0,1337.0,1399.0,1478.0,1586.0,1479.0,725.0,184.0,403.0,226.0,664.0,2826.0,3873.0,3837.0,3991.0,1555.0,725.0,102.0,444.0,197.0,835.0,3208.0,4269.0,4319.0,4513.0,1606.0,763.0,296.0,773.0,434.0,1321.0,3564.0,4543.0,4474.0,4704.0,1747.0,881.0,487.0,1014.0,739.0,1844.0,3520.0,4218.0,4231.0,4362.0,1799.5,1007.5,525.5,1075.0,872.5,1936.5,3218.0,3664.0,3871.0,3884.5,2264.5,1389.5,636.5,1185.5,1327.0,2176.5,2985.0,3294.5,3502.0,3633.5,2760.5,1691.5,949.5,1395.5,1716.0,2552.0,3185.5,3478.5,3782.0,3891.5,3837.0,2709.0,1091.0,1587.0,2079.5,2705.0,3009.5,3298.5,3567.0,3702.0,3789.0,2763.0,1107.0,1522.0,2157.0,2645.0,2724.0,3066.0,3216.0,3363.0,3686.5,2561.5,981.0,1368.5,2097.5,2520.5,2676.5,2841.5,3005.0,3278.0,2193.5,1834.5,660.0,836.5,1126.0,1254.5,1274.5,1388.5,1500.0,1528.0,2640.0,2031.0,730.5,1016.5,1436.5,1610.5,1707.0,1796.0,1918.5,2010.5,2577.5,1959.5,818.0,1069.0,1434.5,1622.0,1686.0,1811.5,1925.0,1996.5,2366.0,1856.5,633.5,846.0,1148.5,1290.5,1350.5,1456.5,1570.0,1608.0,2404.0,1923.0,718.5,883.5,1173.5,1308.5,1342.0,1469.5,1575.0,1632.5,1952.0,1325.0,545.0,686.0,946.0,1028.0,1100.0,1218.0,1314.0,1326.0,0.0,0.0,0.0,0.0,0.0,0.0,0.0,0.0,0.0,0.0,1748.0,1308.0,537.0,720.0,937.0,1052.0,1059.0,1149.0,1249.0,1268.0,2035.0,1622.0,664.0,810.0,993.0,1127.0,1149.0,1222.0,1290.0,1323.0,2582.0,2132.0,895.0,1130.0,1368.0,1535.0,1520.0,1614.0,1731.0,1762.0,2621.0,2301.0,1130.0,1342.0,1574.0,1678.0,1728.0,1820.0,2021.0,1946.0,2074.0,1655.5,647.5,818.0,1026.5,1138.0,1144.0,1214.5,1293.5,1341.5,2563.0,2164.0,940.0,1095.0,1314.0,1456.0,1562.0,1654.0,1776.0,1817.0,2405.0,2009.0,788.0,1016.0,1268.0,1415.0,1430.0,1538.0,1633.0,1684.0,"{""type"":""MultiPoint"",""coordinates"":[]}"
1084_0,3,2004.5,1649.5,637.0,803.0,1087.5,1230.0,1277.0,1350.5,1450.0,1476.0,2458.5,2117.0,979.0,1265.0,1557.0,1691.5,1739.0,1809.5,1918.5,1886.5,1409.5,1190.5,602.0,858.0,1066.0,1194.0,1175.5,1200.5,1306.5,1296.0,266.5,215.0,591.0,895.0,965.5,1105.5,793.5,891.5,872.5,699.5,374.0,310.5,622.0,884.0,955.5,1272.5,1128.0,1284.0,1197.5,1185.0,367.5,310.5,499.5,848.5,767.0,1126.5,1109.5,1129.5,1115.0,1021.5,884.5,594.0,371.0,729.0,491.0,998.5,1639.5,1800.5,1685.5,1615.5,1304.0,738.5,326.0,684.0,406.0,1049.0,2363.0,2718.5,2699.5,2617.5,1509.5,769.0,263.0,602.5,378.5,1116.5,2863.5,3539.5,3572.0,3618.5,1711.0,883.5,268.0,612.0,448.5,1131.5,2787.5,3583.0,3573.5,3847.5,1781.0,922.5,239.0,519.0,388.0,929.5,2777.5,3691.5,3867.0,4018.0,2245.0,1894.5,685.0,897.5,1188.5,1333.5,1410.0,1469.5,1524.5,1605.0,1801.5,923.0,259.5,553.0,341.5,981.0,3111.0,4070.0,4087.0,4377.5,1765.0,884.0,294.0,802.5,433.5,1435.0,3572.0,4363.5,4421.5,4681.5,1797.0,928.0,409.0,876.5,620.0,1566.5,3576.0,4219.0,4240.5,4569.5,2025.0,1106.0,597.5,1092.5,962.0,1976.5,3351.0,3781.0,3920.5,4116.5,2208.5,1308.0,637.5,1134.5,1142.5,2037.5,3006.0,3352.5,3781.5,3885.5,2585.0,1578.0,713.0,1222.0,1436.0,2322.0,2988.0,3331.0,3525.0,3831.0,4228.0,2771.5,1159.0,1612.0,2320.0,2810.5,3128.0,3441.5,3720.5,3903.5,3978.5,2754.5,1064.5,1515.5,2259.5,2708.5,2960.5,3239.0,3595.5,3716.5,3724.5,2720.0,1058.5,1488.5,2166.5,2561.5,2778.5,3006.0,3380.5,3409.0,2330.5,1810.0,748.5,1012.5,1423.5,1650.0,1734.5,1867.0,1925.0,1986.0,2094.5,1780.0,576.5,817.5,1108.0,1229.5,1327.0,1363.5,1507.0,1486.5,2398.5,1864.5,786.0,1060.0,1458.0,1674.0,1741.0,1897.0,1952.0,2008.0,2067.5,1605.0,831.0,1053.0,1338.5,1489.5,1527.0,1652.5,1741.0,1769.0,2017.0,1667.0,629.0,794.0,1074.5,1216.5,1278.0,1356.5,1485.0,1519.5,1924.5,1529.5,561.0,772.5,1031.0,1151.0,1226.0,1318.0,1359.0,1404.0,1328.5,1156.5,358.5,472.0,657.0,731.0,759.5,797.5,898.5,890.0,0.0,0.0,0.0,0.0,0.0,0.0,0.0,0.0,0.0,0.0,1822.0,1429.0,527.5,741.5,978.5,1087.0,1135.0,1196.5,1321.5,1309.5,2000.5,1652.0,678.0,833.5,1035.0,1141.0,1169.0,1246.0,1394.0,1321.0,2424.5,2086.5,798.0,1033.5,1299.5,1460.5,1512.5,1610.5,1717.5,1705.0,2443.5,2057.5,811.0,1020.0,1301.0,1445.5,1466.5,1572.0,1711.5,1695.0,2275.0,1876.5,811.0,928.5,1176.0,1295.0,1317.0,1402.0,1525.0,1535.0,2260.0,1937.0,762.5,966.0,1239.5,1360.5,1422.0,1502.0,1645.5,1605.5,2302.0,1963.5,802.5,1047.5,1338.0,1481.0,1501.5,1580.0,1693.5,1663.5,"{""type"":""MultiPoint"",""coordinates"":[]}"
1085_0,3,1994.5,1673.5,648.5,828.5,1093.0,1202.5,1246.5,1319.5,1469.5,1462.5,2575.0,2185.0,1064.5,1379.5,1659.0,1802.0,1907.0,1984.0,2086.5,2093.0,2501.0,2107.0,938.0,1237.0,1521.0,1658.5,1704.5,1792.5,1919.5,1893.0,2417.0,2050.5,943.5,1223.0,1490.0,1614.5,1671.0,1770.5,1869.0,1866.0,543.5,502.0,680.0,1012.0,960.0,1188.0,1046.5,1084.5,1076.5,967.5,427.0,419.0,653.0,875.5,974.0,1154.0,1030.0,1048.5,1106.5,967.5,599.5,467.0,579.5,834.5,819.0,1066.0,1055.0,1144.5,1194.5,945.5,1155.0,834.0,631.5,957.0,738.5,1238.0,1828.5,1939.5,1864.5,1860.5,1657.0,959.0,521.0,1019.0,565.0,1414.5,3412.5,3710.0,3984.0,3524.0,1903.5,1114.5,340.0,746.5,468.0,1248.5,3121.0,3730.0,4021.0,3936.5,1670.5,914.5,273.0,553.0,323.0,908.5,2768.0,3663.0,3928.5,3696.0,2234.0,1879.0,692.0,935.0,1200.0,1358.5,1399.0,1464.5,1520.0,1602.5,1579.0,871.0,247.0,473.0,299.5,809.5,2599.0,3685.5,3943.5,3780.5,1445.0,787.5,161.0,369.5,250.5,660.5,2537.5,3768.5,4056.5,3947.0,1511.5,780.0,243.5,528.5,284.5,844.5,2894.5,4028.0,4233.0,4174.5,1861.0,995.0,519.5,960.5,557.5,1410.5,3540.5,4414.5,4767.0,4683.5,1881.0,1036.0,515.0,1026.0,635.5,1500.5,3477.5,4275.5,4682.0,4537.0,2021.0,1181.0,530.0,1089.0,795.0,1795.0,3477.0,4005.0,4354.0,4318.0,2325.5,1395.0,828.5,1461.0,1349.5,2349.5,3470.0,3978.0,4331.0,4290.0,2901.0,1903.5,964.0,1722.5,2093.0,2847.0,3240.0,3603.0,3927.0,3926.5,3830.0,2724.5,1180.5,1624.5,2215.5,2769.5,2949.0,3180.0,3494.5,3579.0,1910.5,1447.0,667.5,857.5,1164.0,1338.0,1402.5,1470.5,1568.0,1624.0,2087.0,1795.0,582.5,832.0,1114.5,1233.5,1273.0,1356.5,1518.5,1467.0,2217.0,1739.5,741.0,1004.5,1305.0,1483.0,1546.5,1605.5,1761.0,1779.5,2519.5,1958.5,1137.5,1330.5,1563.0,1755.5,1945.5,2024.5,2140.5,2176.0,1995.5,1656.5,651.5,863.0,1083.0,1209.5,1298.5,1342.0,1466.0,1449.5,2155.0,1814.0,702.5,926.5,1144.0,1290.0,1405.5,1411.0,1512.0,1538.5,1791.0,1432.0,548.0,683.5,898.5,977.0,1066.0,1112.0,1262.5,1204.5,0.0,0.0,0.0,0.0,0.0,0.0,0.0,0.0,0.0,0.0,1478.0,1016.0,406.0,576.5,750.0,891.5,895.5,987.5,1143.0,1107.0,1992.5,1606.5,702.0,872.0,1044.5,1189.5,1261.5,1336.0,1454.5,1426.5,2443.0,2005.0,942.5,1180.0,1407.5,1572.0,1613.5,1761.5,1894.5,1837.5,2467.0,2015.0,1013.0,1219.0,1422.5,1565.5,1656.0,1750.5,1936.5,1869.0,2332.0,1919.0,892.5,1078.0,1274.5,1420.0,1487.0,1605.0,1748.5,1743.5,1967.5,1639.0,597.5,814.0,1007.0,1070.5,1185.5,1275.0,1395.5,1377.5,2372.5,2023.0,893.5,1192.5,1451.5,1573.0,1634.0,1718.0,1843.5,1835.0,"{""type"":""MultiPoint"",""coordinates"":[]}"
1086_0,3,2580.0,1927.0,889.0,987.5,1270.5,1424.5,1510.5,1644.0,1774.5,1847.5,2237.0,2043.0,655.0,875.0,1187.0,1318.0,1324.0,1426.0,1508.0,1569.0,2271.0,2105.0,719.0,901.0,1211.0,1339.0,1347.0,1426.0,1508.0,1569.0,2435.5,2249.0,792.5,1060.0,1405.5,1555.5,1565.0,1670.0,1734.5,1777.5,643.0,595.0,898.0,974.0,1038.0,1138.0,952.0,964.0,972.0,848.0,643.0,595.0,898.0,974.0,1038.0,1138.0,952.0,964.0,972.0,848.0,597.0,485.0,314.0,623.0,399.0,933.0,1131.0,1215.0,1137.0,1129.0,1412.0,813.0,316.0,661.0,446.0,1086.0,1950.0,2291.0,2299.0,2220.0,1307.0,670.0,206.0,456.0,257.0,793.0,2035.0,2431.0,2402.0,2399.0,1297.0,660.0,105.5,379.0,122.0,682.0,2479.0,3238.0,3199.5,3222.0,1301.0,616.5,103.0,352.5,106.5,643.0,2581.5,3624.5,3560.5,3633.5,3265.5,2585.5,1026.5,1199.5,1472.0,1662.0,1671.0,1790.0,1963.5,2000.0,1296.5,605.5,75.0,238.5,63.5,459.5,2484.5,3857.5,3844.5,3992.5,1147.5,528.5,47.0,213.5,29.5,434.0,2551.0,4014.0,4170.5,4245.5,1127.0,525.0,445.0,699.0,451.0,978.0,2710.0,3996.0,4072.0,4124.0,1319.0,660.0,573.0,897.0,610.0,1340.0,3077.0,3926.0,4110.0,4168.0,1290.0,661.0,458.0,852.0,610.0,1356.0,2996.0,3717.0,3952.0,4006.0,1444.0,790.0,380.0,852.0,782.0,1564.0,2892.0,3391.0,3628.0,3700.0,2215.5,1285.5,767.5,1332.0,1577.5,2351.5,3080.5,3453.5,3775.5,3848.5,2831.0,1789.0,1081.5,1551.5,2074.5,2686.5,3186.5,3475.5,3891.5,3995.0,3826.0,2857.0,1238.0,1634.0,2292.0,2641.0,2883.0,3165.0,3565.0,3651.0,3791.0,2580.5,1131.5,1606.0,2407.5,2810.0,2914.0,3115.0,3477.5,3619.0,3328.5,2644.5,774.0,997.5,1370.0,1551.5,1633.0,1748.5,1993.5,2028.0,4088.5,2894.5,1060.0,1490.5,2163.0,2472.5,2624.5,2849.0,3075.5,3274.5,5508.0,4711.5,3240.5,3476.5,3938.5,4295.0,4363.5,4459.5,4733.0,4742.5,3319.0,2514.5,877.0,1121.5,1518.5,1774.5,1846.0,1998.0,2223.0,2287.5,3431.5,2633.0,956.0,1161.5,1531.0,1796.5,1864.0,2027.5,2216.0,2320.0,2854.5,2084.5,686.0,913.0,1291.0,1487.5,1586.0,1728.0,1940.0,1978.0,0.0,0.0,0.0,0.0,0.0,0.0,0.0,0.0,0.0,0.0,3519.0,2744.0,837.0,1108.0,1581.0,1810.0,1840.0,1976.0,2213.0,2284.0,3971.5,3144.0,1067.0,1305.0,1712.0,1998.5,2048.5,2240.0,2467.5,2512.0,3498.5,2807.0,930.5,1169.5,1529.5,1757.5,1855.0,2000.0,2223.0,2245.5,1830.0,1618.0,537.0,659.0,904.0,1015.5,1042.5,1106.5,1219.0,1246.0,1976.0,1740.0,565.0,706.0,987.0,1107.0,1081.0,1141.0,1277.0,1315.0,2020.0,1867.0,603.0,768.0,1062.0,1157.0,1165.0,1239.0,1343.0,1360.0,2029.0,1863.5,588.5,781.5,1067.0,1169.5,1187.5,1262.5,1371.0,1391.0,"{""type"":""MultiPoint"",""coordinates"":[]}"
1087_0,3,2204.5,1809.5,682.0,832.5,1129.0,1255.5,1290.0,1353.0,1507.0,1563.5,2170.5,1872.0,735.0,935.0,1206.0,1305.5,1384.0,1469.5,1587.5,1585.0,2318.0,2022.5,806.0,1041.0,1333.0,1466.0,1491.0,1561.5,1660.0,1669.5,2473.0,2164.5,863.5,1121.0,1444.0,1577.5,1629.5,1698.5,1774.5,1791.0,364.0,308.0,807.0,964.0,1030.0,1172.0,1009.0,1020.0,1030.0,911.0,357.0,306.0,727.0,892.0,968.0,1057.0,929.0,973.0,1007.0,895.0,398.0,293.0,523.0,729.0,662.0,972.0,924.0,1035.0,975.0,880.0,678.0,533.0,479.0,751.0,530.0,1007.0,1235.0,1353.0,1241.0,1158.0,1794.0,849.0,372.0,770.0,364.0,1081.0,3499.0,4161.0,4139.0,4067.0,1962.0,983.0,285.5,682.0,343.0,1146.0,3686.5,4658.5,4724.5,4824.5,1789.0,870.0,159.0,424.0,218.0,856.5,3235.0,4538.5,4669.0,4811.5,2434.0,2047.0,746.0,903.0,1180.0,1351.0,1371.0,1488.0,1576.0,1666.0,1767.0,870.0,215.0,456.0,231.0,865.0,3310.0,4541.0,4630.0,4941.0,1717.0,821.0,124.0,430.0,185.0,865.0,3412.0,4846.0,4996.0,5070.0,1726.0,829.0,266.0,706.0,368.0,1270.0,3603.0,4856.0,5020.0,5259.0,1900.0,1000.0,467.0,980.0,642.0,1733.0,3833.0,4831.0,5009.0,5072.0,1970.5,1083.5,519.0,1062.5,821.0,1872.5,3616.5,4306.5,4767.5,4652.5,2249.0,1298.0,601.0,1155.0,1141.5,2071.0,3445.0,3959.5,4403.0,4469.0,2568.0,1510.5,875.5,1370.0,1452.0,2396.5,3370.5,3772.5,4279.0,4325.5,3960.0,2692.0,1141.5,1630.5,2213.5,2840.0,3323.5,3685.0,4115.0,4102.0,3575.5,2539.0,1143.5,1633.0,2306.0,2718.0,2999.0,3225.5,3679.0,3660.5,3628.0,2475.0,1221.0,1685.0,2448.0,2859.0,3102.0,3372.0,3635.0,3736.0,2409.0,2033.0,710.5,889.0,1170.0,1298.5,1357.5,1451.0,1597.0,1621.0,3493.0,2465.0,1051.5,1445.0,2004.5,2422.0,2648.0,2821.0,3006.5,3200.5,3221.5,2309.0,1033.5,1358.0,1865.0,2212.5,2363.5,2588.0,2839.5,2862.0,2925.0,2197.5,767.0,959.5,1307.0,1519.5,1677.0,1854.0,1979.0,2037.0,2966.5,2283.0,775.5,954.5,1278.0,1528.0,1618.0,1782.5,1903.0,1997.5,1973.0,1410.0,597.0,746.0,1038.0,1149.0,1236.0,1343.0,1490.0,1472.0,0.0,0.0,0.0,0.0,0.0,0.0,0.0,0.0,0.0,0.0,2133.0,1800.0,623.0,783.0,1000.0,1105.0,1151.0,1181.0,1285.0,1325.0,2116.0,1802.0,669.0,744.0,931.0,1028.0,1063.0,1135.0,1196.0,1218.0,2331.5,1984.0,717.0,880.5,1117.0,1235.0,1271.5,1339.5,1469.0,1504.5,2459.0,2027.0,733.0,807.0,1111.0,1215.0,1184.0,1239.0,1359.0,1391.0,2421.0,1992.0,813.0,887.0,1146.0,1248.0,1225.5,1309.0,1457.0,1450.0,2252.0,1894.0,730.0,901.0,1110.0,1215.0,1235.0,1385.0,1497.0,1498.0,2158.0,1870.0,697.0,836.0,1094.0,1215.0,1233.0,1385.0,1469.0,1498.0,"{""type"":""MultiPoint"",""coordinates"":[]}"
1088_0,3,188.0,157.0,207.0,299.5,383.0,432.5,311.0,340.5,324.0,246.0,2200.0,1901.0,673.0,862.5,1095.5,1211.0,1291.5,1394.5,1501.5,1540.0,2366.5,2103.0,729.0,948.0,1202.5,1323.5,1405.5,1488.5,1582.0,1620.5,2531.5,2279.5,853.0,1109.0,1361.5,1514.0,1578.5,1651.0,1737.5,1774.5,2663.0,2415.0,980.0,1226.0,1484.0,1626.0,1698.0,1789.0,1872.0,1935.0,1231.0,1144.0,988.0,1213.0,1447.0,1547.0,1618.0,1677.0,1588.0,1545.0,379.0,322.0,688.0,983.0,963.0,1252.0,994.0,1066.0,952.0,874.0,702.0,525.0,793.0,1108.0,1079.0,1454.0,1476.0,1587.0,1585.0,1437.0,1185.0,810.0,542.0,915.0,731.0,1304.0,2070.0,2255.0,2165.0,2120.0,1528.5,832.0,313.0,629.5,379.5,1005.5,2640.5,3254.5,3088.0,3178.0,1519.0,780.5,193.0,422.5,220.0,753.5,2759.5,3608.5,3670.5,3603.5,255.0,227.0,312.0,451.0,511.0,598.0,487.0,526.0,535.0,456.0,1558.0,800.0,230.0,442.0,252.0,747.0,2704.0,3855.0,3927.0,4056.0,1511.0,786.0,147.0,416.0,252.0,741.0,2697.0,3882.0,3940.0,4056.0,1587.0,798.0,166.0,453.0,245.0,824.0,3001.0,4288.0,4372.0,4568.0,1644.0,841.0,443.0,871.0,560.0,1495.0,3303.0,3956.0,4097.0,4150.0,1670.0,895.0,470.0,947.0,666.0,1619.5,3115.5,3635.0,3895.0,3904.0,1898.5,1105.0,509.0,965.0,949.0,1782.5,2919.5,3344.0,3528.0,3684.0,2309.0,1378.5,897.0,1336.5,1432.5,2096.5,2915.5,3274.5,3488.0,3628.5,3844.5,2671.5,1032.5,1469.5,1942.0,2501.0,2980.5,3293.0,3603.0,3693.0,4316.0,2872.0,1359.5,1915.0,2726.0,3230.0,3508.0,3835.5,4239.0,4288.0,3000.0,1943.0,1025.0,1352.0,1838.0,2452.0,2284.0,2749.0,2496.0,2736.0,236.0,187.0,336.0,398.0,511.0,582.0,487.0,526.0,535.0,456.0,3295.0,2506.0,1024.0,1352.0,1838.0,2255.0,2251.0,2467.0,2496.0,2671.0,3124.5,2408.0,989.5,1250.0,1629.0,1929.0,2063.0,2183.0,2199.0,2400.0,2671.0,2149.5,787.0,959.0,1255.5,1469.5,1513.5,1630.0,1667.0,1819.0,424.0,323.0,354.0,503.0,631.0,692.0,587.0,616.0,625.0,583.0,195.0,171.0,149.0,210.0,301.0,360.0,247.0,280.0,299.0,232.0,613.0,584.0,602.0,620.0,651.0,680.0,617.0,635.0,618.0,608.0,191.0,167.0,202.0,329.0,437.0,533.0,384.0,404.0,419.0,341.0,940.0,621.0,420.0,541.0,721.0,882.0,957.0,1047.0,1168.0,1184.0,2956.0,2261.0,937.0,1231.0,1563.0,1761.0,1872.0,2001.0,2107.0,2257.0,2373.0,1664.0,766.0,975.0,1338.0,1545.0,1568.0,1737.0,1718.0,2053.0,2734.0,2036.5,785.0,1021.0,1373.0,1628.0,1663.0,1875.0,1988.5,2052.5,3596.5,2948.0,1234.0,1515.0,1887.5,2055.5,2187.5,2341.0,2553.0,2576.0,3429.5,2821.0,1212.0,1473.5,1816.0,1952.5,2073.0,2217.5,2423.0,2459.5,"{""type"":""MultiPoint"",""coordinates"":[]}"
1089_0,3,1995.5,1629.0,622.0,765.5,1030.0,1156.0,1184.0,1258.0,1353.0,1417.5,2278.0,1933.0,797.0,995.5,1248.5,1366.0,1411.5,1491.0,1608.0,1637.5,2598.0,2215.0,976.0,1252.0,1544.5,1661.5,1659.0,1741.0,1823.5,1866.5,2967.0,2539.5,1170.5,1499.0,1824.5,1982.0,1995.0,2092.5,2188.0,2195.0,1203.0,1121.0,971.0,1243.0,1518.0,1656.0,1666.0,1744.0,1624.0,1558.0,327.0,292.0,796.0,1094.0,1091.0,1285.0,959.0,1028.0,985.0,931.0,466.0,363.0,529.0,840.0,746.0,1126.0,984.0,1125.0,985.0,931.0,829.0,614.0,536.0,853.0,723.0,1138.0,1436.0,1532.0,1487.0,1400.0,1371.0,805.0,406.0,723.0,490.0,1048.0,2321.0,2719.0,2698.0,2586.0,1619.0,810.5,239.5,551.0,247.0,875.0,2860.5,3728.5,3713.5,3724.5,1497.0,702.5,83.0,293.5,78.5,566.5,2764.0,4046.5,4093.5,4102.0,2218.0,1831.0,715.0,898.0,1138.0,1286.0,1339.0,1413.0,1467.0,1578.0,1515.0,710.0,124.0,320.0,106.0,562.0,2975.0,4257.0,4280.0,4467.0,1609.0,710.0,33.0,384.0,111.0,771.0,3454.0,4734.0,4954.0,4939.0,1667.0,783.0,319.0,846.0,407.0,1418.0,3829.0,4845.0,4988.0,5119.0,1900.0,965.0,528.0,1107.0,769.0,1958.0,3777.0,4503.0,4640.0,4704.0,1949.0,1086.0,589.5,1178.0,950.0,2051.0,3484.5,3978.5,4318.0,4295.5,2414.0,1478.5,715.5,1311.5,1447.5,2382.5,3319.0,3685.5,3982.0,4081.5,2976.5,1871.5,1046.0,1560.0,1909.0,2881.0,3588.0,3917.5,4260.5,4345.0,3893.5,2737.0,1140.0,1630.5,2257.5,2842.5,3152.0,3474.5,3787.0,3884.0,3936.0,2714.0,1132.0,1620.0,2452.0,2858.0,3069.0,3336.0,3709.0,3729.0,3897.5,2643.5,1217.5,1719.5,2581.0,2994.5,3171.5,3432.0,3662.0,3789.5,2198.0,1833.0,655.0,846.0,1114.0,1220.5,1273.0,1350.5,1482.5,1501.0,2555.5,2038.0,748.5,1038.0,1438.0,1661.0,1667.0,1829.5,1944.5,2020.0,2552.0,2006.0,853.0,1128.5,1525.0,1704.5,1754.5,1888.0,2052.0,2073.0,2329.0,1849.0,670.0,891.5,1212.0,1335.0,1384.0,1496.5,1635.0,1668.5,2342.0,1931.0,731.5,908.0,1218.5,1348.0,1394.0,1497.0,1616.5,1669.5,2033.0,1327.0,580.0,752.0,1017.0,1122.0,1170.0,1274.0,1413.0,1380.0,0.0,0.0,0.0,0.0,0.0,0.0,0.0,0.0,0.0,0.0,1785.0,1357.0,545.0,728.0,947.0,1023.0,1075.0,1120.0,1219.0,1252.0,2052.0,1674.0,698.0,834.0,1025.0,1159.0,1153.0,1213.0,1287.0,1333.0,2571.0,2166.0,877.0,1101.0,1337.0,1477.0,1498.0,1589.0,1669.0,1718.0,2248.0,2246.0,1133.0,1295.0,1520.0,1649.0,1658.0,1756.0,1948.0,1915.0,2034.0,1635.0,646.0,794.0,997.0,1114.5,1109.0,1177.0,1263.0,1308.5,2505.0,2136.0,911.0,1097.0,1304.0,1451.0,1555.0,1692.0,1767.0,1804.0,2430.0,2024.0,798.0,1050.0,1311.0,1433.0,1473.0,1562.0,1678.0,1691.0,"{""type"":""MultiPoint"",""coordinates"":[]}"
1090_0,3,1703.0,1401.0,546.0,687.5,880.0,1004.5,1046.5,1104.0,1169.5,1196.0,2271.0,1965.5,888.0,1169.0,1396.5,1511.0,1552.5,1598.5,1702.5,1692.0,2328.0,2036.0,903.5,1169.0,1398.0,1512.0,1554.5,1622.0,1673.5,1701.0,2241.5,1990.0,885.0,1127.5,1346.0,1461.5,1493.0,1567.0,1605.5,1640.5,336.0,308.0,875.0,1189.0,1208.0,1331.0,913.0,976.0,896.0,701.0,664.0,474.0,919.0,1189.0,1208.0,1496.0,1351.0,1432.0,1350.0,1265.0,529.0,433.0,593.0,939.0,905.0,1407.0,1351.0,1396.0,1350.0,1265.0,753.0,528.0,556.0,868.0,801.0,1285.0,1475.0,1648.0,1503.0,1391.0,619.0,460.0,440.0,701.0,645.0,1158.0,1380.0,1549.0,1472.0,1345.0,711.5,462.0,322.5,524.5,466.5,966.0,1432.0,1638.5,1509.0,1444.0,1093.0,658.5,301.0,551.5,446.0,1063.5,2216.0,2486.5,2401.5,2395.0,1884.0,1580.0,677.0,833.0,1033.0,1169.0,1199.0,1241.0,1312.0,1370.0,1088.0,634.0,344.0,641.0,477.0,1057.0,2098.0,2557.0,2431.0,2306.0,1060.0,580.0,161.0,423.0,252.0,834.0,2098.0,2557.0,2431.0,2306.0,1060.0,569.0,187.0,442.0,237.0,822.0,2446.0,2950.0,2866.0,2841.0,1246.0,653.0,352.0,710.0,352.0,1113.0,2793.0,3367.0,3342.0,3295.0,1408.0,714.5,386.0,826.0,431.0,1324.5,3075.5,3563.0,3735.5,3585.5,1524.0,826.0,412.0,926.5,585.0,1567.5,2862.5,3178.0,3320.0,3352.5,2045.0,1122.0,696.0,1187.0,1114.0,1937.0,2707.0,3006.0,3268.0,3295.0,2308.0,1499.5,656.5,1139.0,1281.0,2017.0,2593.5,2849.5,3088.0,3183.5,3061.5,2119.0,848.0,1262.0,1673.5,2084.0,2417.0,2651.0,2862.0,2969.0,2761.0,2034.0,812.0,1145.0,1587.0,1848.0,2025.0,2157.0,2309.0,2417.0,1750.0,1463.0,475.0,680.0,904.0,1040.0,1066.0,1123.0,1233.0,1237.0,2654.0,2034.0,735.0,1037.0,1391.0,1679.0,1789.0,1872.0,1985.0,2112.0,2538.5,1945.5,773.0,1014.5,1330.5,1550.0,1643.5,1785.0,1921.5,1979.0,2295.5,1816.5,618.0,809.5,1069.0,1221.0,1280.0,1405.0,1504.0,1550.5,2453.0,2019.0,725.0,859.0,1140.0,1301.0,1338.0,1465.0,1552.0,1638.0,2002.0,1522.0,507.0,647.0,878.0,967.0,1047.0,1162.0,1331.0,1293.0,0.0,0.0,0.0,0.0,0.0,0.0,0.0,0.0,0.0,0.0,1521.0,1189.0,484.0,678.0,831.0,954.0,952.0,1047.0,1096.0,1130.0,2387.0,2170.0,1065.0,1322.0,1504.0,1636.0,1752.0,1801.0,1714.0,1890.0,2353.0,1952.0,846.0,1101.0,1307.0,1484.0,1497.0,1556.0,1657.0,1691.0,2533.0,2172.0,1028.0,1261.0,1475.0,1609.0,1648.0,1742.0,1871.0,1829.0,1896.0,1623.0,595.0,733.0,952.0,1058.0,1064.0,1126.0,1201.0,1194.0,2010.0,1732.0,704.0,917.0,1130.0,1227.0,1280.0,1338.0,1407.0,1449.0,2085.0,1784.5,780.5,986.5,1195.5,1288.5,1332.5,1406.5,1485.5,1489.5,"{""type"":""MultiPoint"",""coordinates"":[]}"
1091_0,3,2427.0,1942.0,670.5,838.5,1157.5,1299.5,1336.0,1450.5,1606.5,1625.5,2123.0,1813.0,682.0,869.0,1116.0,1235.0,1290.5,1372.0,1452.0,1499.5,2311.5,2024.5,786.0,1028.5,1289.5,1443.0,1448.5,1510.5,1602.0,1654.5,2482.5,2190.5,859.0,1123.5,1421.0,1562.5,1597.0,1690.5,1757.0,1807.5,1264.0,1155.0,993.0,1269.0,1260.0,1414.0,1365.0,1423.0,1536.0,1430.0,330.0,285.0,656.0,865.0,914.0,1085.0,793.0,853.0,855.0,797.0,359.0,266.0,477.0,689.0,684.0,878.0,888.0,964.0,937.0,804.0,623.0,534.0,512.0,735.0,671.0,993.0,1131.0,1230.0,1218.0,1111.0,1299.0,684.0,348.0,630.0,351.0,915.0,2436.0,2855.0,2886.0,2923.0,1734.0,871.5,258.0,580.0,276.5,930.5,3236.5,3975.0,4306.5,4203.0,1596.0,782.5,132.5,358.5,191.5,713.5,2997.5,4370.0,4580.5,4599.5,2585.0,2123.0,746.0,898.0,1195.0,1360.0,1427.0,1504.0,1615.0,1737.0,1553.0,758.0,172.0,386.0,232.0,707.0,2887.0,4313.0,4511.0,4572.0,1512.0,742.0,125.0,392.0,210.0,842.0,3127.0,4509.0,4818.0,4705.0,1556.0,748.0,247.0,648.0,371.0,1156.0,3322.0,4712.0,4900.0,4916.0,1773.0,894.0,439.0,898.0,622.0,1607.0,3638.0,4530.0,4911.0,4916.0,1893.0,1018.0,508.0,996.5,768.0,1752.0,3509.0,4271.0,4748.5,4584.5,2316.0,1380.0,637.0,1222.5,1218.5,2128.0,3551.5,3985.5,4499.0,4542.0,2922.5,1811.5,1018.5,1578.5,1872.0,2689.0,3747.0,4198.0,4744.0,4679.0,4236.5,2868.0,1255.0,1768.0,2475.0,3002.0,3658.0,3931.5,4400.5,4516.5,3730.0,2631.5,1224.0,1707.5,2485.0,2909.0,3099.0,3355.5,3744.0,3795.5,3743.0,2552.0,1384.0,1901.0,2772.0,3168.0,3292.0,3537.0,3947.0,4080.0,2611.5,2156.5,712.0,897.5,1215.0,1356.0,1375.5,1492.5,1681.0,1688.5,3704.0,2565.0,1283.5,1735.0,2437.0,2798.5,2920.0,3193.0,3454.0,3530.0,3454.5,2442.5,1220.5,1602.0,2199.0,2423.0,2614.5,2799.0,3152.0,3142.5,3139.0,2382.0,909.0,1156.0,1548.0,1717.0,1852.0,1944.0,2259.5,2271.5,3169.0,2469.0,924.5,1136.5,1525.0,1722.5,1778.5,1914.5,2185.5,2205.5,1988.0,1398.0,595.0,786.0,1077.0,1142.0,1223.0,1334.0,1528.0,1451.0,0.0,0.0,0.0,0.0,0.0,0.0,0.0,0.0,0.0,0.0,2179.0,1855.0,590.0,757.0,989.0,1072.0,1105.0,1205.0,1331.0,1361.0,2388.0,2009.0,673.0,805.0,1025.0,1111.0,1131.0,1226.0,1363.0,1349.0,2475.5,2111.0,727.5,906.5,1142.0,1263.5,1302.5,1360.0,1528.0,1531.0,2572.0,2171.0,725.0,853.0,1128.0,1274.0,1189.0,1309.0,1452.0,1461.0,2630.0,2226.0,796.0,923.0,1173.0,1310.5,1283.0,1388.0,1545.0,1578.0,2686.0,2290.0,818.0,993.0,1218.0,1347.0,1424.0,1506.0,1640.0,1715.0,2219.0,1890.0,676.0,898.0,1142.0,1270.0,1326.0,1399.0,1500.0,1532.0,"{""type"":""MultiPoint"",""coordinates"":[]}"
1092_0,3,2135.0,1764.0,636.5,807.5,1086.5,1234.0,1259.5,1320.0,1436.0,1464.0,2583.0,2218.0,938.5,1261.5,1577.5,1718.5,1750.5,1841.0,1951.0,1949.5,2584.0,2205.0,906.5,1198.5,1537.5,1691.5,1686.0,1764.0,1863.0,1896.5,2535.5,2203.5,886.5,1169.0,1483.5,1633.5,1630.0,1713.0,1791.5,1841.0,202.5,185.0,651.0,845.0,944.0,1080.5,973.0,1036.0,1055.5,954.5,181.5,143.0,510.0,731.0,779.0,952.5,857.5,923.5,896.0,804.0,657.5,429.5,516.5,744.0,692.5,1074.5,1398.5,1553.5,1389.0,1355.0,1221.0,781.0,428.0,744.0,443.0,1035.5,2089.0,2290.0,2156.5,2146.0,1429.5,735.5,271.0,609.5,291.0,1022.5,2889.0,3460.0,3496.5,3480.5,1610.0,851.5,251.0,601.5,371.5,1104.0,2842.5,3482.5,3538.0,3718.5,1603.0,845.0,240.5,624.5,377.5,1117.0,2847.0,3504.5,3635.0,3767.0,2427.5,2030.0,696.5,939.0,1207.5,1421.5,1451.0,1523.0,1586.5,1676.0,1564.5,804.0,216.5,583.5,329.5,1099.0,2832.5,3492.0,3635.5,3783.5,1450.5,725.0,205.5,569.0,307.5,1038.0,2832.5,3492.0,3640.0,3808.0,1483.0,725.0,248.0,668.0,308.0,1159.0,3093.5,3639.0,3756.0,3940.5,1792.0,898.0,449.0,996.5,534.0,1667.0,3439.0,3866.5,4026.5,4179.5,1802.5,942.0,472.5,1064.5,671.0,1809.5,3204.5,3572.5,3841.5,3898.5,1955.0,1077.0,556.0,1214.0,1053.0,2141.0,3175.0,3496.0,3641.0,3873.0,2253.5,1277.5,824.5,1486.5,1534.0,2450.5,3180.0,3521.5,3754.0,3932.0,2648.5,1576.0,893.0,1491.0,1741.5,2615.0,3047.5,3384.0,3734.5,3895.5,4031.0,2708.0,1141.5,1586.5,2194.0,2760.5,3032.0,3399.5,3804.5,3917.5,2626.5,2007.5,804.5,1119.0,1584.0,1855.0,1940.0,2132.0,2186.0,2335.0,2252.0,1920.5,633.0,844.5,1147.5,1274.0,1344.0,1413.5,1557.5,1556.5,2504.0,1898.0,758.5,1075.0,1495.0,1755.5,1831.0,1950.5,2120.0,2140.0,2439.5,1908.5,865.5,1126.0,1457.5,1680.5,1742.5,1864.0,1991.5,2045.0,2366.5,1891.0,708.0,904.0,1212.5,1401.5,1445.5,1581.0,1669.0,1743.5,2550.5,2054.0,786.0,958.5,1266.0,1489.5,1508.0,1661.5,1721.5,1836.5,2124.0,1497.5,555.0,734.0,1022.0,1167.5,1262.0,1307.0,1493.5,1548.0,0.0,0.0,0.0,0.0,0.0,0.0,0.0,0.0,0.0,0.0,1921.0,1608.5,567.0,769.0,976.0,1114.5,1143.0,1200.0,1314.5,1305.0,2169.0,1861.0,689.0,832.0,1069.0,1170.0,1184.0,1270.0,1386.5,1363.0,2448.0,2127.0,760.0,979.5,1240.0,1379.0,1398.5,1497.5,1626.0,1611.0,2551.0,2186.0,792.5,991.0,1295.5,1429.0,1429.5,1505.0,1656.0,1670.0,2506.0,2111.0,824.5,990.0,1245.5,1370.5,1385.5,1477.5,1578.5,1603.5,2177.0,1891.5,616.5,841.0,1124.0,1244.0,1258.5,1367.0,1448.5,1465.5,2367.5,2077.0,805.5,1082.5,1395.0,1501.0,1528.0,1613.0,1743.0,1727.5,"{""type"":""MultiPoint"",""coordinates"":[]}"
1093_0,3,1747.5,1435.5,635.5,769.5,991.0,1086.5,1130.0,1197.0,1286.5,1282.0,2419.5,2094.0,1078.5,1354.5,1590.5,1705.0,1736.5,1791.5,1913.5,1877.5,2443.5,2108.5,957.5,1227.0,1480.5,1620.0,1640.0,1736.5,1798.0,1805.5,2539.0,2191.5,1026.5,1313.0,1575.0,1721.0,1720.5,1820.0,1885.5,1920.5,1122.0,1083.0,1005.0,1250.0,1483.0,1602.0,1607.0,1674.0,1648.0,1617.0,272.0,236.0,722.0,1035.0,1116.0,1181.0,843.0,890.0,861.0,683.0,373.0,295.0,670.0,1030.0,1058.0,1359.0,1085.0,1145.0,1118.0,912.0,529.0,402.0,657.0,1020.0,1002.0,1314.0,1129.0,1240.0,1152.0,993.0,718.0,497.0,596.0,935.0,863.0,1263.0,1520.0,1683.0,1566.0,1509.0,742.5,517.5,373.0,661.5,573.5,1070.0,1476.5,1707.5,1642.5,1481.5,1015.0,614.0,305.5,557.5,418.5,986.5,2091.5,2348.5,2373.5,2248.5,1955.0,1630.0,684.0,885.0,1109.0,1226.0,1240.0,1306.0,1330.0,1415.0,1371.0,765.0,318.0,623.0,467.0,1098.0,2706.0,3223.0,3168.0,3169.0,1298.0,687.0,241.0,533.0,407.0,1008.0,2515.0,3174.0,3299.0,3175.0,1298.0,677.0,241.0,484.0,335.0,962.0,2675.0,3333.0,3433.0,3498.0,1454.0,739.0,358.0,713.0,402.0,1147.0,2971.0,3610.0,3682.0,3625.0,1534.0,837.0,395.0,851.0,511.0,1407.0,3071.0,3536.0,3840.0,3786.0,1633.0,921.0,418.5,931.5,592.0,1611.0,2821.5,3117.0,3267.0,3255.5,2001.0,1155.0,738.0,1236.0,1163.0,2011.0,2731.0,2965.0,3194.0,3233.0,2301.0,1474.5,714.0,1219.0,1345.5,2078.0,2664.5,2897.5,3157.5,3227.0,2908.5,2029.0,833.5,1266.0,1675.5,2169.5,2577.5,2809.5,3088.5,3166.0,3105.0,2164.0,984.0,1355.0,1906.0,2223.0,2389.0,2580.0,2745.0,2863.0,1800.0,1482.0,513.0,737.0,989.0,1089.0,1117.0,1196.0,1287.0,1296.0,3105.0,2229.0,809.0,1168.0,1638.0,1978.0,2045.0,2219.0,2298.0,2475.0,3034.5,2255.5,852.0,1109.5,1525.0,1781.5,1898.5,2074.0,2208.5,2343.5,2696.5,2095.5,625.0,844.5,1136.0,1310.0,1427.0,1531.0,1680.5,1747.0,2761.0,2242.0,731.0,897.0,1170.0,1352.0,1485.0,1565.0,1702.0,1815.0,2370.0,1519.0,519.0,687.0,929.0,1057.0,1189.0,1290.0,1460.0,1484.0,0.0,0.0,0.0,0.0,0.0,0.0,0.0,0.0,0.0,0.0,1714.0,1393.0,565.0,766.0,960.0,1070.0,1075.0,1157.0,1249.0,1225.0,1908.0,1648.0,706.0,889.0,1048.0,1140.0,1175.0,1211.0,1320.0,1330.0,2351.0,2058.0,839.0,1099.0,1343.0,1462.0,1490.0,1579.0,1648.0,1678.0,1883.0,1606.0,1026.0,1052.0,1059.0,1116.0,1095.0,1144.0,1320.0,1246.0,1883.0,1606.0,618.0,753.0,981.0,1041.0,1081.0,1144.0,1219.0,1246.0,1923.0,1651.0,729.0,871.0,1058.0,1145.0,1170.0,1252.0,1316.0,1313.0,2146.0,1860.5,827.5,1018.0,1232.0,1337.5,1373.5,1455.5,1549.0,1549.5,"{""type"":""MultiPoint"",""coordinates"":[]}"
1094_0,3,1853.0,1567.0,590.5,724.0,957.0,1078.0,1113.5,1166.5,1273.0,1283.0,2459.5,2108.5,1004.0,1308.0,1584.5,1712.0,1748.5,1806.5,1911.0,1915.0,2277.0,1924.0,816.5,1071.5,1326.0,1460.5,1480.5,1548.5,1641.5,1643.0,766.5,746.0,690.0,915.0,1066.5,1183.0,1074.0,1155.0,1211.0,1105.5,147.0,115.0,576.0,802.0,879.5,1112.0,943.5,1025.0,969.5,954.0,203.5,161.0,532.0,837.0,868.0,1100.5,990.0,1095.5,1049.0,920.0,496.0,360.0,386.0,712.0,575.0,1021.5,1204.0,1369.0,1319.5,1211.0,1250.0,674.0,356.0,686.0,428.5,976.5,2224.5,2677.0,2612.5,2499.5,1687.0,834.5,237.5,586.5,254.5,937.5,3177.0,4146.0,4174.0,4298.5,1739.5,854.5,215.5,580.5,283.0,956.0,3217.5,4329.0,4367.0,4541.0,1682.5,824.5,182.5,437.5,234.5,811.0,3037.0,4350.5,4471.0,4587.0,2116.0,1829.0,631.5,821.5,1065.5,1206.0,1254.5,1303.0,1386.5,1424.5,1755.5,835.0,209.5,490.5,264.5,879.0,3247.5,4650.5,4810.0,4978.0,1710.0,836.0,264.0,781.5,396.0,1396.5,3783.0,4921.0,5046.5,5180.0,1796.5,903.5,425.5,942.0,626.5,1651.5,3732.0,4537.0,4645.0,4858.5,2024.0,1124.5,626.5,1147.5,1016.0,2069.0,3466.0,4003.5,4192.5,4421.5,2360.5,1397.5,737.0,1275.0,1350.5,2293.0,3353.5,3789.5,4117.5,4226.5,2840.0,1778.0,860.0,1420.0,1711.0,2584.0,3343.0,3700.0,4000.0,4183.0,4118.5,2835.0,1198.0,1708.5,2371.0,2797.0,3104.0,3424.5,3741.0,3875.0,4167.0,2804.0,1196.0,1662.5,2528.0,3001.5,3285.5,3549.5,3900.0,4071.5,3535.0,2492.5,1005.5,1500.0,2129.0,2458.5,2690.0,2881.5,3154.0,3303.5,2324.0,1750.5,804.0,1135.0,1591.0,1793.0,1841.0,1956.0,2063.5,2174.0,2006.5,1704.5,519.0,738.0,990.5,1110.0,1140.5,1260.5,1335.0,1356.0,2619.0,2025.0,921.5,1251.5,1674.5,1882.0,1955.0,2055.5,2165.0,2255.0,2532.0,1960.0,986.5,1239.5,1573.0,1780.0,1842.5,1963.5,2095.5,2133.5,2178.5,1811.5,690.0,891.0,1171.5,1318.5,1365.5,1453.0,1595.5,1596.5,1760.0,1515.5,529.5,732.0,948.0,1066.5,1088.0,1176.0,1252.0,1259.5,1432.0,1242.0,394.5,510.0,714.0,777.5,819.0,873.5,955.5,952.5,0.0,0.0,0.0,0.0,0.0,0.0,0.0,0.0,0.0,0.0,1633.0,1339.0,444.5,628.0,799.0,957.0,966.5,1043.5,1133.0,1140.5,1852.0,1626.0,612.5,733.0,921.0,1012.5,1078.5,1131.5,1212.0,1233.5,2079.0,1782.5,669.0,877.5,1096.0,1189.0,1257.5,1316.5,1438.0,1431.0,2131.0,1797.5,672.0,829.5,1064.0,1152.0,1156.5,1227.0,1327.0,1357.0,2219.5,1861.0,776.0,926.0,1131.5,1232.5,1279.5,1347.5,1446.0,1462.0,2180.0,1863.5,683.5,899.0,1153.0,1266.0,1332.0,1416.5,1485.5,1509.5,2253.0,1923.5,807.5,1057.0,1293.0,1412.5,1471.5,1531.5,1624.0,1628.5,"{""type"":""MultiPoint"",""coordinates"":[]}"
1095_0,3,1862.5,1509.0,556.0,677.5,923.0,1027.0,1041.0,1148.0,1234.5,1256.5,2210.5,1939.5,870.0,1122.0,1357.0,1465.0,1492.5,1556.5,1634.5,1620.5,2268.5,1973.5,844.0,1077.5,1331.5,1447.0,1467.5,1547.5,1610.0,1634.5,1712.5,1485.5,710.5,923.5,1112.5,1223.5,1205.0,1295.0,1305.5,1322.0,311.0,257.0,695.0,884.0,930.0,1078.0,983.0,1005.0,1035.0,902.0,311.0,257.0,514.0,785.0,747.0,1015.0,973.0,1005.0,1031.0,902.0,612.0,442.0,494.0,695.0,610.0,1006.0,1132.0,1257.0,1123.0,1055.0,980.0,685.0,457.0,740.0,510.0,1088.0,1826.0,2009.0,1949.0,1883.0,1298.0,738.0,353.0,670.0,377.0,1069.0,2638.0,3085.0,2923.0,2945.0,1397.0,748.5,253.0,573.5,317.5,1021.0,2595.0,3197.0,3169.0,3176.5,1388.0,683.0,143.5,389.0,177.0,668.0,2588.5,3460.5,3531.5,3582.0,2105.0,1753.0,582.0,789.0,1032.0,1148.0,1193.0,1258.0,1407.0,1412.0,1500.0,740.0,169.0,456.0,197.0,840.0,3053.0,3940.0,3895.0,4061.0,1583.0,769.0,195.0,623.0,316.0,1140.0,3388.0,4243.0,4349.0,4466.0,1678.0,834.0,363.0,872.0,607.0,1570.0,3644.0,4404.0,4472.0,4626.0,1848.0,984.0,563.0,1136.0,958.0,2067.0,3403.0,3922.0,4017.0,4212.0,2035.0,1180.0,605.0,1161.0,1146.0,2108.0,3125.0,3491.5,3727.5,3824.0,2389.0,1454.0,675.5,1181.5,1366.5,2202.5,2968.0,3236.0,3430.5,3628.0,3131.5,2066.0,919.0,1337.0,1662.0,2340.0,2902.5,3181.0,3396.0,3618.5,3750.5,2599.5,950.5,1329.0,1866.0,2323.0,2623.5,2851.5,3169.0,3282.0,3408.0,2423.5,821.5,1186.0,1740.0,2136.5,2362.0,2540.0,2774.5,2905.5,2407.0,1876.0,747.0,987.0,1392.0,1610.0,1741.0,1793.0,1877.0,1998.0,2056.5,1705.0,599.0,772.0,1020.0,1134.0,1171.5,1229.0,1376.0,1406.5,2462.0,1921.5,773.0,1024.0,1427.0,1655.0,1742.5,1836.0,1949.5,2037.0,2373.5,1834.0,838.5,1044.5,1383.0,1623.5,1627.5,1769.5,1866.5,1943.0,2183.0,1749.5,641.0,846.5,1127.0,1267.0,1322.0,1412.0,1559.0,1569.0,2329.0,1806.0,785.0,933.0,1212.0,1398.0,1436.0,1546.0,1606.0,1689.0,1891.0,1475.0,518.0,661.0,901.0,1023.0,1096.0,1152.0,1262.0,1298.0,0.0,0.0,0.0,0.0,0.0,0.0,0.0,0.0,0.0,0.0,1651.0,1304.0,497.0,652.0,851.0,953.0,934.0,999.0,1115.0,1104.0,1829.0,1540.0,618.0,710.0,866.0,966.0,977.0,1025.0,1131.0,1125.0,2253.0,1937.0,764.0,955.0,1186.0,1296.0,1299.0,1384.0,1456.0,1477.0,2197.0,1852.0,807.0,922.0,1127.5,1231.0,1227.0,1293.0,1427.5,1434.0,2075.0,1732.0,729.5,814.5,1022.5,1116.5,1096.0,1151.5,1286.5,1317.5,1967.0,1740.0,692.0,835.0,1027.0,1118.0,1166.0,1224.0,1317.0,1328.0,1948.0,1740.0,692.0,835.0,1032.0,1118.0,1166.0,1224.0,1317.0,1314.0,"{""type"":""MultiPoint"",""coordinates"":[]}"
1096_0,3,126.0,126.5,241.5,336.0,428.0,496.5,315.0,334.0,323.0,223.0,2034.0,1741.5,718.5,910.0,1109.0,1222.5,1270.0,1348.0,1449.0,1460.0,2226.5,1953.5,794.5,1020.5,1237.5,1344.5,1383.0,1473.0,1558.0,1559.5,2401.5,2127.0,939.0,1185.5,1418.5,1527.5,1551.5,1635.0,1720.5,1726.5,2553.0,2310.0,1069.0,1310.0,1551.0,1661.0,1690.0,1767.0,1872.0,1883.0,1252.0,1196.0,1053.0,1279.0,1480.0,1591.0,1618.0,1688.0,1552.0,1683.0,293.0,265.0,736.0,1069.0,1071.0,1354.0,921.0,1005.0,877.0,725.0,652.0,450.0,779.0,1199.0,1216.0,1646.0,1417.0,1497.0,1421.0,1309.0,906.0,583.0,599.0,1018.0,798.0,1451.0,1794.0,1933.0,1740.0,1720.0,1069.0,668.0,335.5,670.5,430.5,1077.0,2025.0,2336.5,2210.5,2126.0,1227.5,700.0,221.5,468.0,264.0,798.5,2392.5,2958.0,2863.5,2787.0,193.0,163.0,375.0,549.0,644.0,724.0,518.0,550.0,538.0,434.0,1508.0,769.0,218.0,460.0,249.0,770.0,2681.0,3732.0,3703.0,3862.0,1432.0,710.0,144.0,361.0,180.0,705.0,2634.0,3690.0,3655.0,3781.0,1504.0,746.0,158.0,443.0,215.0,805.0,2958.0,4204.0,4267.0,4292.0,1593.0,814.0,397.0,849.0,509.0,1447.0,3255.0,3922.0,4137.0,4103.0,1604.0,873.0,410.0,889.0,657.0,1531.0,2994.0,3563.0,3927.0,3814.0,1866.5,1072.5,479.5,950.5,909.5,1731.0,2856.5,3246.0,3556.0,3590.5,2211.5,1324.0,850.5,1345.0,1511.0,2064.5,2761.5,3105.5,3415.0,3453.5,3787.0,2605.5,1023.0,1444.0,1934.5,2525.5,2875.5,3157.0,3503.5,3567.5,4274.5,2854.0,1349.5,1893.0,2701.5,3187.0,3477.5,3743.0,4230.5,4238.5,3582.0,2541.0,1268.0,1705.0,2336.0,2670.0,2836.0,2977.0,3176.0,3234.0,193.0,153.0,421.0,549.0,644.0,724.0,518.0,519.0,492.0,373.0,3510.0,2595.0,1123.0,1563.0,2145.0,2386.0,2629.0,2707.0,2871.0,2947.0,3324.5,2495.5,1078.5,1394.5,1859.5,2074.0,2169.0,2356.5,2550.0,2598.5,2854.0,2229.0,784.0,1006.0,1355.5,1485.5,1570.0,1714.5,1936.5,1902.5,349.0,277.0,343.0,493.0,593.0,700.0,580.0,617.0,675.0,567.0,137.0,111.0,135.0,177.0,261.0,310.0,198.0,247.0,228.0,199.0,363.0,427.0,571.0,474.0,440.0,471.0,445.0,473.0,502.0,468.0,115.0,94.0,235.0,357.0,459.0,593.0,381.0,426.0,397.0,275.0,782.0,517.0,481.0,610.0,739.0,984.0,1015.0,1097.0,1169.0,1215.0,2721.0,2024.0,1062.0,1358.0,1680.0,1779.0,1883.0,2028.0,2305.0,2189.0,1746.0,1096.0,719.0,764.0,1087.0,1215.0,1320.0,1382.0,1630.0,1663.0,2280.0,1605.0,807.0,1050.5,1368.0,1538.5,1604.5,1677.0,1905.5,1896.0,3459.5,2819.5,1403.0,1699.5,2052.0,2244.5,2294.5,2448.0,2689.5,2595.5,3318.0,2736.5,1366.0,1625.5,1967.5,2131.0,2172.5,2301.0,2567.5,2492.5,"{""type"":""MultiPoint"",""coordinates"":[]}"
1097_0,3,1502.5,1253.0,488.0,613.0,828.5,903.5,953.5,975.0,1071.0,1084.5,2369.0,2079.5,922.5,1190.5,1423.5,1532.5,1561.0,1630.0,1735.0,1728.5,2425.0,2145.5,937.5,1188.5,1419.0,1534.0,1558.5,1638.5,1723.0,1728.0,510.0,494.0,797.0,1053.5,1214.0,1321.0,1029.5,1091.0,990.0,912.0,365.0,322.0,850.0,1125.0,1228.0,1374.0,1052.0,1094.0,907.0,852.0,713.0,513.0,863.0,1123.0,1195.0,1407.0,1225.0,1293.0,1263.0,1221.0,682.0,531.0,827.0,1123.0,1195.0,1469.0,1145.0,1329.0,1160.0,1122.0,541.0,393.0,639.0,929.0,917.0,1250.0,1170.0,1269.0,1160.0,1086.0,387.0,287.0,479.0,777.0,758.0,1036.0,988.0,1121.0,981.0,920.0,568.5,346.5,334.5,552.0,527.0,827.0,1211.5,1463.5,1370.5,1356.0,651.0,395.0,310.0,503.5,457.0,783.5,1442.5,1717.5,1663.0,1719.5,1735.5,1474.0,625.5,795.5,981.0,1072.5,1105.0,1148.0,1226.0,1255.0,837.0,473.0,259.0,461.0,435.0,744.0,1680.0,2247.0,2044.0,2150.0,971.0,531.0,251.0,466.0,305.0,754.0,1794.0,2386.0,2267.0,2324.0,999.0,543.0,294.0,594.0,393.0,954.0,2162.0,2745.0,2680.0,2656.0,1249.0,665.0,505.0,908.0,701.0,1421.0,2413.0,2799.0,2797.0,2945.0,1732.0,983.0,542.0,981.0,859.0,1582.0,2416.0,2736.0,2808.0,3056.0,2180.0,1441.5,683.5,1104.5,1152.0,1792.0,2447.0,2754.0,2916.0,3094.0,3206.5,2293.0,1212.0,1571.0,1831.5,2163.0,2525.0,2798.0,2978.0,3172.0,3418.0,2483.0,1081.5,1449.5,1904.0,2212.5,2519.0,2792.5,3055.0,3134.5,3383.5,2441.5,1035.5,1402.0,1836.5,2148.5,2440.0,2704.5,2999.5,3014.0,1431.0,1066.0,462.0,563.0,698.0,870.0,932.0,985.0,998.0,1093.0,1569.0,1327.0,469.0,622.0,822.0,910.0,947.0,1014.0,1097.0,1120.0,1959.0,1603.0,572.0,772.0,1007.0,1172.0,1186.0,1266.0,1287.0,1406.0,1883.5,1549.0,613.5,793.0,985.0,1131.5,1166.5,1243.0,1244.5,1347.5,1701.5,1457.0,454.5,628.5,819.0,915.5,973.0,1023.5,1121.5,1119.0,2018.0,1813.0,665.0,833.0,1067.0,1197.0,1214.0,1259.0,1366.0,1392.0,1437.0,1266.0,396.0,501.0,671.0,739.0,791.0,820.0,899.0,878.0,0.0,0.0,0.0,0.0,0.0,0.0,0.0,0.0,0.0,0.0,1764.0,1519.0,545.0,729.0,929.0,1008.0,1058.0,1105.0,1168.0,1169.0,203.0,169.0,194.0,142.0,131.0,119.0,130.0,144.0,144.0,139.0,2049.0,1788.0,661.0,876.0,1105.0,1220.0,1231.0,1294.0,1363.0,1411.0,1527.0,1299.0,411.0,505.0,703.0,773.0,740.0,833.0,878.0,913.0,1412.5,1193.0,550.0,633.5,752.5,815.5,847.5,950.0,945.0,1003.0,1834.0,1617.0,660.0,816.0,985.0,1082.0,1090.0,1170.0,1238.0,1250.0,1981.5,1760.0,691.5,865.0,1061.0,1142.0,1183.5,1234.5,1345.0,1349.5,"{""type"":""MultiPoint"",""coordinates"":[]}"
1098_0,3,1970.5,1648.0,494.0,658.5,917.0,1068.0,1125.5,1204.0,1312.0,1378.0,2181.5,1897.0,864.0,1125.5,1362.5,1480.0,1529.5,1595.0,1680.0,1675.5,2285.5,1983.5,858.0,1099.5,1355.5,1483.5,1534.0,1597.0,1686.0,1709.0,2092.5,1871.0,852.5,1085.5,1320.5,1448.5,1504.0,1558.0,1612.0,1645.0,353.0,309.5,862.5,1046.5,1122.5,1298.0,1196.0,1240.0,1239.0,1135.0,353.0,309.5,862.5,1046.5,1122.5,1298.0,1196.0,1240.0,1239.0,1135.0,319.5,223.0,494.5,741.5,675.5,991.0,993.5,1128.0,1010.0,896.5,588.0,420.5,420.0,644.5,540.5,991.5,1373.0,1446.0,1299.5,1230.0,1068.0,590.5,272.5,501.0,320.5,900.5,2194.5,2724.5,2480.5,2351.5,1549.5,813.0,194.0,498.0,274.0,917.0,2787.0,3666.5,3596.5,3615.0,1472.0,701.0,149.0,354.0,173.5,625.5,2680.0,3794.5,3863.5,3901.5,2299.0,1920.5,577.5,772.0,1045.0,1233.0,1247.5,1378.0,1462.0,1598.0,1518.5,731.0,182.0,379.5,180.5,688.0,2906.0,4003.5,4026.5,4216.5,1567.5,734.0,192.0,453.0,209.5,837.0,3248.5,4359.5,4525.5,4628.5,1637.0,790.0,376.0,828.5,494.0,1448.5,3471.0,4458.5,4506.5,4651.5,1853.5,999.5,600.0,1129.5,867.0,1970.5,3506.5,4094.5,4203.0,4344.5,2007.5,1138.0,648.5,1193.5,1075.0,2080.5,3337.0,3794.5,4068.5,4173.5,2456.0,1505.0,715.0,1257.0,1432.0,2300.0,3123.0,3494.0,3739.0,3891.0,3296.0,2116.0,971.5,1455.0,1799.5,2458.0,2950.0,3261.5,3565.0,3737.0,3928.5,2689.0,966.0,1386.0,2049.0,2483.5,2738.5,3003.5,3382.5,3464.0,3856.0,2657.0,943.5,1346.0,1993.5,2373.0,2627.0,2889.5,3287.5,3365.0,2574.0,1978.0,718.0,985.0,1442.5,1762.0,1813.5,1942.5,2029.5,2171.5,2040.5,1700.5,445.5,660.0,932.0,1093.5,1156.5,1217.0,1366.0,1402.0,2432.0,1845.0,668.0,945.5,1371.0,1590.0,1694.5,1825.0,1921.0,2035.5,2559.5,2000.5,847.0,1071.0,1461.5,1677.0,1750.0,1910.0,2019.0,2115.5,2297.0,1846.0,643.5,823.0,1101.5,1278.5,1356.5,1438.0,1556.0,1623.0,2483.0,2038.5,719.5,890.0,1156.0,1351.5,1426.0,1478.5,1604.0,1665.5,2023.0,1488.0,504.0,642.0,920.0,1048.5,1097.0,1226.5,1362.0,1383.0,0.0,0.0,0.0,0.0,0.0,0.0,0.0,0.0,0.0,0.0,1640.0,1289.0,422.0,572.5,779.5,922.0,971.5,1016.0,1151.0,1185.0,1854.5,1535.5,541.0,662.0,832.5,1001.0,1077.5,1144.0,1218.5,1242.0,2450.5,2048.5,760.5,958.0,1203.0,1377.5,1475.0,1546.0,1665.5,1690.5,2380.5,1977.5,734.0,905.0,1156.0,1301.0,1379.0,1505.5,1627.5,1640.0,2187.5,1795.0,684.0,781.0,1010.5,1143.5,1178.5,1297.0,1397.0,1431.0,1985.5,1721.0,659.5,809.0,1009.5,1131.5,1191.0,1267.0,1357.0,1364.5,1974.5,1721.0,618.0,809.0,1009.5,1131.5,1191.0,1267.0,1357.0,1364.5,"{""type"":""MultiPoint"",""coordinates"":[]}"
1099_0,3,1691.5,1421.5,490.0,637.5,845.0,973.0,1009.0,1033.5,1122.0,1165.5,2445.0,2069.5,964.0,1258.5,1543.0,1668.0,1699.0,1768.0,1857.0,1856.0,2466.5,2069.0,884.0,1171.5,1469.5,1592.0,1586.5,1682.0,1756.5,1778.5,2385.5,2025.0,890.0,1155.5,1422.0,1557.0,1548.0,1648.5,1694.5,1719.0,351.5,312.0,523.0,741.0,807.0,958.0,829.5,897.0,908.5,879.5,277.0,217.0,662.0,927.5,1032.0,1277.0,1082.0,1156.0,1099.5,1035.0,436.5,305.0,611.0,907.0,946.0,1277.0,1208.5,1305.5,1141.0,1124.0,828.5,597.5,601.0,895.0,826.0,1258.5,1731.5,1812.5,1655.5,1692.0,1292.0,765.0,439.0,814.0,494.0,1195.0,2681.5,2928.0,2940.5,2858.5,1746.5,964.5,358.5,785.0,494.0,1345.5,3027.5,3521.0,3596.0,3679.5,1718.0,960.5,354.5,757.0,533.0,1343.0,2867.5,3375.5,3489.5,3590.5,2018.5,1673.5,580.5,780.0,1013.0,1173.5,1194.5,1242.0,1322.0,1397.0,1659.5,910.0,310.0,714.0,527.5,1273.5,2689.0,3171.0,3198.5,3350.5,1460.0,783.0,290.5,640.0,449.0,1148.0,2668.5,3156.0,3168.0,3281.0,1415.5,759.0,322.5,649.0,408.0,1078.5,2787.0,3251.0,3228.0,3421.0,1647.5,886.5,456.5,920.5,515.5,1494.5,3174.5,3637.0,3717.5,3755.5,1700.5,895.5,448.5,1008.5,612.0,1699.5,3079.5,3460.0,3635.0,3642.5,1839.0,1067.0,532.0,1159.0,902.0,2037.0,3036.0,3244.0,3438.0,3476.0,2157.5,1263.0,783.0,1404.5,1419.0,2343.5,3055.5,3341.0,3558.0,3650.0,2498.5,1575.5,849.5,1422.0,1703.0,2477.0,2859.5,3118.5,3436.0,3583.0,3856.5,2597.5,1039.0,1483.0,2027.0,2465.5,2686.0,2931.5,3307.5,3405.5,1828.5,1388.0,510.0,738.5,1028.0,1202.0,1219.0,1345.0,1397.5,1460.0,1872.0,1562.0,468.0,678.5,906.0,1044.0,1083.5,1114.0,1213.5,1287.5,1881.0,1471.5,530.5,755.0,1033.0,1195.5,1197.0,1322.0,1384.5,1434.0,2105.5,1709.5,792.0,946.0,1187.0,1351.5,1382.0,1435.0,1524.5,1566.0,1907.0,1566.5,588.0,753.5,974.0,1097.0,1118.0,1179.0,1274.0,1302.5,2016.0,1606.5,629.0,834.5,1047.5,1179.5,1200.0,1269.5,1321.5,1402.5,1679.5,1420.5,467.5,580.5,776.0,873.0,918.5,968.5,1088.5,1078.0,0.0,0.0,0.0,0.0,0.0,0.0,0.0,0.0,0.0,0.0,1578.0,1229.5,435.5,626.0,778.0,912.5,933.0,1032.0,1068.0,1098.5,1764.5,1524.5,597.0,718.5,873.5,985.0,996.5,1081.5,1123.0,1189.0,2169.0,1826.0,739.0,945.0,1157.0,1283.5,1310.0,1398.5,1444.0,1502.0,2159.5,1800.5,787.0,941.5,1136.0,1258.0,1266.5,1364.0,1489.5,1445.5,1976.5,1630.5,741.0,811.5,984.0,1088.0,1119.0,1201.5,1263.5,1296.0,2037.5,1742.5,657.0,836.5,1074.0,1159.0,1232.0,1289.5,1349.5,1379.0,2229.0,1884.0,807.0,1081.5,1327.5,1442.0,1490.0,1547.0,1633.0,1646.5,"{""type"":""MultiPoint"",""coordinates"":[]}"
1100_0,3,1885.5,1563.5,678.5,841.0,1079.0,1180.5,1221.5,1313.0,1397.0,1434.0,2428.0,2098.5,926.0,1175.5,1451.0,1538.0,1589.5,1664.0,1798.5,1808.0,2489.0,2140.5,858.0,1096.5,1378.0,1468.0,1469.0,1568.0,1709.5,1696.0,774.5,663.5,678.0,907.5,995.0,1082.0,929.0,1013.5,994.5,892.0,410.0,350.0,425.5,581.0,620.0,748.0,538.5,655.5,589.0,485.0,580.0,531.5,499.0,770.0,660.5,1006.5,880.0,962.5,951.0,791.0,947.0,729.0,432.5,801.5,526.5,1094.0,1416.5,1537.0,1501.0,1401.0,1559.5,899.5,353.5,767.5,400.5,1090.5,2884.5,3080.0,3259.0,3111.0,1794.5,1018.0,300.0,727.0,371.0,1106.5,3104.5,3890.0,3984.5,3974.5,1804.5,1011.5,302.5,631.0,415.0,1035.5,2912.5,3866.0,3917.0,3860.0,1811.0,998.5,196.0,409.0,273.0,755.0,2719.0,3941.5,4218.0,4168.5,2192.5,1864.5,714.0,924.5,1203.0,1347.5,1335.5,1434.0,1563.5,1595.0,1872.0,1014.0,242.0,465.0,307.5,772.0,2950.5,4390.5,4584.0,4761.5,1849.0,1013.5,330.5,841.5,487.5,1341.5,3565.5,4604.5,4839.0,4919.0,1905.5,1079.0,481.5,956.0,718.0,1519.0,3480.0,4398.0,4618.5,4764.5,2113.5,1221.0,704.5,1185.0,1137.0,1925.5,3365.0,4006.0,4276.0,4366.5,2355.5,1410.5,779.5,1262.0,1395.0,2110.5,3275.5,3760.0,4193.5,4177.5,3108.0,2038.0,1040.0,1616.0,2156.0,2869.0,3403.0,3704.0,4131.0,4213.0,4138.5,2861.0,1308.5,1791.5,2546.0,3057.0,3414.0,3688.0,4025.5,4171.5,4034.0,2849.0,1304.5,1783.5,2642.5,2999.5,3205.0,3465.5,3985.5,4107.0,3384.0,2631.0,1216.5,1588.0,2229.0,2566.0,2594.5,2907.5,3313.0,3280.0,2266.0,1706.5,860.0,1161.5,1592.5,1809.0,1798.5,1964.5,2106.0,2220.5,2045.5,1705.5,621.0,825.0,1068.5,1188.5,1271.5,1314.5,1436.5,1436.5,2506.5,1929.0,889.0,1189.0,1554.5,1742.0,1907.5,2013.0,2108.5,2181.5,2481.5,1915.5,1029.5,1271.0,1591.5,1780.5,1860.0,2015.5,2119.0,2174.5,2221.5,1800.0,767.0,920.0,1169.5,1321.0,1394.0,1492.5,1582.0,1637.5,1740.5,1459.5,545.0,645.0,853.5,991.5,1036.0,1122.0,1161.0,1199.0,1277.5,1097.0,362.0,480.5,642.5,629.0,720.0,760.0,898.0,864.5,0.0,0.0,0.0,0.0,0.0,0.0,0.0,0.0,0.0,0.0,2251.5,1908.5,709.5,899.5,1149.5,1287.0,1321.0,1397.5,1511.0,1528.0,3848.0,3551.0,2329.5,2559.0,2669.5,2871.0,3097.0,3154.5,3331.0,3229.0,2266.5,1915.0,759.0,965.5,1175.0,1298.5,1432.0,1499.5,1634.5,1630.0,2250.0,1836.0,734.0,887.5,1051.5,1262.5,1351.5,1438.5,1580.0,1595.0,2244.5,1850.0,783.5,954.0,1057.5,1304.0,1654.0,1744.5,1845.5,1849.0,2148.5,1821.5,625.5,807.5,1027.0,1130.5,1216.0,1315.5,1411.5,1421.0,2183.5,1926.0,665.5,858.5,1090.5,1174.5,1238.0,1327.0,1434.0,1426.0,"{""type"":""MultiPoint"",""coordinates"":[]}"
1101_0,3,1840.0,1547.5,454.5,575.5,834.5,948.0,1002.5,1080.0,1194.5,1218.0,2234.0,1954.0,745.5,1003.5,1314.0,1445.0,1506.0,1562.5,1658.5,1665.5,2395.0,2087.0,735.5,987.0,1326.5,1464.0,1518.0,1625.0,1711.5,1723.0,1280.0,1111.0,537.5,720.0,942.5,1043.0,1055.0,1132.0,1167.0,1181.5,151.0,155.5,387.0,565.0,581.0,798.0,666.5,729.0,707.0,619.5,260.0,209.5,447.5,659.5,623.0,920.5,941.0,999.5,986.0,896.5,671.0,529.5,445.0,649.5,524.5,899.0,1390.5,1538.5,1395.0,1305.5,1312.0,735.0,311.0,615.5,300.5,916.0,2629.5,3059.5,3081.5,2932.0,1583.0,754.5,133.0,428.5,179.0,844.5,3391.5,4513.0,4678.5,4794.0,1842.0,936.0,154.0,457.0,265.5,886.0,3080.5,4151.5,4366.0,4642.0,1780.0,860.0,163.0,415.0,245.0,774.0,2935.0,4165.0,4335.5,4582.5,2103.0,1781.5,500.5,688.5,944.5,1117.0,1118.0,1174.5,1286.0,1413.0,1759.0,858.0,188.5,411.5,282.0,767.0,2946.5,4177.5,4224.5,4558.0,1604.0,770.0,188.0,429.0,224.0,795.5,3110.5,4470.0,4645.0,4842.5,1652.0,807.5,343.0,752.0,423.5,1311.0,3506.5,4502.0,4701.0,4848.0,2013.0,1036.0,577.0,1083.0,776.0,1857.5,3863.5,4716.0,4891.0,5070.0,2192.5,1193.5,617.5,1182.5,971.5,2076.5,3917.0,4566.5,4833.5,4969.5,2560.0,1473.0,672.0,1286.0,1250.0,2295.0,3920.0,4385.0,4683.0,4893.0,3347.5,2131.5,971.5,1429.0,1696.5,2505.5,3298.5,3763.5,3986.0,4291.0,3731.5,2641.0,971.0,1375.0,1924.0,2464.0,2745.5,3086.0,3390.0,3491.5,3686.5,2604.0,963.0,1381.5,2017.0,2483.5,2762.5,3026.5,3371.0,3468.5,2592.5,1999.5,808.5,1065.0,1507.0,1790.0,1891.5,2046.0,2091.5,2268.0,1951.0,1617.0,408.5,616.0,880.0,1003.5,1076.0,1126.0,1274.0,1333.5,2456.5,1907.5,799.5,1074.5,1500.5,1738.5,1855.5,1965.0,2080.0,2157.5,2540.5,1971.0,939.0,1179.0,1551.5,1777.5,1893.0,1999.5,2137.0,2177.5,2297.0,1847.0,670.0,879.5,1175.5,1356.5,1423.0,1546.5,1643.5,1709.5,2461.5,2024.5,774.5,941.5,1224.0,1428.5,1494.0,1611.5,1681.5,1797.0,2085.0,1414.0,567.5,726.0,969.5,1130.0,1210.0,1273.0,1424.0,1476.5,0.0,0.0,0.0,0.0,0.0,0.0,0.0,0.0,0.0,0.0,1730.5,1345.0,424.0,561.0,779.0,895.0,938.0,997.5,1135.0,1163.5,1967.5,1618.5,514.5,633.0,833.0,992.0,1052.0,1135.0,1230.0,1308.0,2214.0,1826.0,611.0,792.0,998.0,1163.5,1354.5,1386.0,1533.5,1565.0,2279.5,1853.5,581.0,745.0,1007.0,1188.0,1316.0,1428.0,1563.0,1612.0,2166.0,1727.0,609.5,714.5,924.0,1101.0,1272.0,1366.0,1504.0,1526.5,2052.0,1697.5,562.5,721.0,949.0,1089.0,1164.0,1244.5,1366.5,1361.5,2052.0,1825.5,521.5,726.0,971.5,1089.0,1164.0,1244.5,1366.5,1361.5,"{""type"":""MultiPoint"",""coordinates"":[]}"
1102_0,3,2012.0,1656.5,609.5,761.5,1015.5,1177.5,1202.5,1303.5,1399.0,1423.0,2448.0,2133.5,1015.5,1312.5,1574.0,1686.0,1732.5,1799.5,1897.5,1904.5,2553.0,2187.5,992.0,1270.5,1542.5,1701.0,1734.0,1808.5,1903.5,1914.5,2485.5,2133.5,990.5,1250.5,1511.5,1659.5,1690.0,1788.0,1841.5,1843.5,196.0,146.5,664.5,881.0,964.0,1082.5,961.0,1012.5,1017.5,926.5,352.0,237.0,670.0,900.0,964.0,1145.5,999.0,1093.0,1101.5,962.5,607.0,402.5,638.0,897.0,871.0,1145.5,1322.0,1449.0,1483.5,1284.0,987.5,673.0,517.5,782.0,590.0,1114.0,1812.5,1996.5,1825.0,1760.5,1374.0,840.0,403.0,742.0,477.0,1178.0,2788.0,3216.0,3197.5,3076.0,1477.0,785.0,275.5,620.0,356.0,1091.5,2944.0,3663.5,3656.0,3578.5,1465.5,719.0,204.0,466.5,253.5,800.5,2942.0,3884.5,4001.0,4000.5,2344.0,1946.5,671.0,911.0,1200.0,1349.5,1404.5,1519.0,1565.5,1657.0,1525.0,776.0,213.0,519.5,288.0,956.5,3115.0,4160.5,4202.0,4300.5,1636.0,802.0,248.0,633.0,375.5,1131.0,3487.0,4414.5,4493.0,4630.5,1742.0,881.5,400.5,875.0,608.5,1578.5,3663.0,4410.0,4496.0,4712.5,1836.5,1021.5,575.5,1038.0,909.5,1947.0,3307.5,3769.0,3912.5,4058.0,2007.0,1170.0,607.0,1093.5,1066.5,1993.5,2964.0,3286.5,3613.5,3622.5,2437.0,1512.0,649.0,1113.0,1396.0,2148.0,2684.0,2976.0,3197.0,3342.0,3415.5,2251.5,1099.5,1480.0,1955.5,2568.0,2976.5,3259.0,3557.5,3661.0,4109.0,2820.5,1067.0,1541.5,2284.0,2720.5,2981.0,3279.0,3635.5,3708.5,3805.5,2699.0,964.0,1408.5,2050.0,2431.0,2610.5,2876.0,3103.5,3212.0,2359.0,1856.0,704.5,973.0,1375.5,1600.5,1636.5,1788.5,1822.5,1927.5,2099.5,1748.0,542.5,782.5,1036.0,1196.5,1208.0,1331.5,1460.0,1461.5,2446.0,1927.5,779.5,1047.5,1443.0,1659.0,1706.0,1849.5,1938.5,2000.5,2373.5,1872.5,890.5,1117.0,1444.5,1648.0,1703.5,1810.0,1912.0,1965.0,2167.5,1742.5,678.0,891.5,1169.5,1309.5,1367.0,1458.0,1595.5,1613.5,2376.5,1971.5,803.0,980.5,1268.0,1449.0,1481.5,1596.5,1681.5,1700.5,1826.5,1502.5,546.0,672.5,912.5,1025.5,1071.0,1171.5,1298.5,1289.0,0.0,0.0,0.0,0.0,0.0,0.0,0.0,0.0,0.0,0.0,1704.0,1326.0,507.5,673.5,896.0,1031.5,1049.0,1126.5,1257.0,1240.0,1970.0,1598.5,701.5,840.5,1009.0,1149.5,1170.0,1249.5,1338.0,1321.0,2542.0,2109.0,901.5,1134.0,1380.0,1542.5,1564.5,1643.5,1770.0,1806.5,2410.5,1991.0,857.0,1053.0,1335.5,1444.0,1455.0,1533.5,1662.5,1679.5,2176.5,1756.0,787.0,911.5,1135.5,1242.5,1228.0,1313.5,1426.0,1434.5,2137.0,1791.0,746.0,931.0,1161.0,1272.5,1360.5,1429.5,1529.5,1543.0,2223.0,1933.5,740.0,945.5,1172.0,1272.5,1360.5,1429.5,1529.5,1543.0,"{""type"":""MultiPoint"",""coordinates"":[]}"
1103_0,3,1562.5,1309.5,553.5,673.0,857.5,963.0,1016.5,1070.0,1156.5,1200.0,2140.5,1873.5,815.5,1046.5,1261.5,1368.0,1416.0,1489.5,1560.0,1555.0,2201.0,1956.0,821.5,1043.0,1245.0,1374.5,1432.5,1478.0,1548.0,1578.5,2133.5,1913.5,823.5,1023.0,1217.5,1338.5,1386.5,1431.0,1499.0,1533.5,755.0,715.0,763.0,981.0,1059.0,1152.0,971.0,1017.0,967.0,875.0,986.0,838.0,846.0,1064.0,1137.0,1329.0,1268.0,1315.0,1315.0,1290.0,1032.0,779.0,805.0,1064.0,1137.0,1329.0,1268.0,1315.0,1315.0,1290.0,838.0,753.0,698.0,939.0,936.0,1326.0,1439.0,1553.0,1449.0,1411.0,842.0,675.0,458.0,716.0,710.0,1096.0,1244.0,1371.0,1276.0,1132.0,1187.5,773.5,350.0,636.5,540.0,1036.0,1599.5,1928.5,1776.0,1775.0,1358.0,855.0,328.0,588.0,462.0,1049.5,2247.0,2687.5,2701.5,2621.0,1706.0,1500.0,642.0,807.0,970.0,1092.0,1125.0,1237.0,1258.0,1252.0,1602.0,918.0,297.0,638.0,488.0,1072.0,2476.0,3062.0,3150.0,3194.0,1381.0,809.0,149.0,440.0,299.0,898.0,2510.0,3069.0,3150.0,3242.0,1449.0,823.0,149.0,401.0,226.0,859.0,2615.0,3502.0,3554.0,3596.0,1612.0,876.0,339.0,689.0,382.0,1186.0,3061.0,3768.0,4006.0,3872.0,1684.5,915.5,382.0,800.5,449.0,1301.0,3070.0,3709.5,4001.5,3792.0,1691.0,982.5,373.0,840.0,554.0,1474.0,2833.5,3283.0,3480.5,3374.0,1895.0,1107.0,659.0,1272.0,1115.0,1870.0,2903.0,3258.0,3474.0,3534.0,2179.5,1369.5,754.0,1310.5,1373.0,2231.0,2959.5,3249.0,3650.5,3644.0,3217.0,2253.0,1002.0,1506.0,1966.0,2466.0,2894.5,3055.0,3593.0,3541.0,2078.0,1598.0,686.0,910.0,1243.0,1499.0,1544.0,1699.0,1734.0,1796.0,1619.0,1385.0,449.0,644.0,866.0,938.0,1047.0,1090.0,1199.0,1197.0,2157.0,1624.0,686.0,928.0,1243.0,1465.0,1520.0,1690.0,1734.0,1883.0,2216.0,1707.5,756.0,981.0,1242.5,1377.5,1504.0,1618.0,1725.0,1811.5,1840.5,1556.5,594.5,767.0,986.5,1094.0,1140.0,1275.5,1372.0,1325.0,1914.0,1665.0,695.0,832.0,1068.0,1183.0,1200.0,1351.0,1414.0,1375.0,1648.0,1342.0,495.0,616.0,822.0,897.0,1004.0,1085.0,1178.0,1162.0,0.0,0.0,0.0,0.0,0.0,0.0,0.0,0.0,0.0,0.0,1655.0,1399.0,502.0,694.0,861.0,970.0,1053.0,1085.0,1160.0,1208.0,1362.0,1170.0,518.0,626.0,758.0,842.0,892.0,963.0,1055.0,1001.0,2066.0,1822.5,764.5,960.5,1165.0,1270.5,1356.0,1411.0,1513.5,1517.0,2169.0,1929.0,874.0,1054.0,1245.0,1343.0,1434.0,1504.0,1624.0,1590.0,1567.0,1435.0,529.0,664.0,846.0,927.0,946.0,1051.0,984.0,1103.0,1934.5,1702.5,706.5,886.0,1060.5,1156.0,1216.5,1301.0,1379.0,1356.0,1912.5,1674.0,703.5,880.0,1061.0,1165.0,1208.0,1274.0,1353.0,1347.5,"{""type"":""MultiPoint"",""coordinates"":[]}"
1104_0,3,1808.0,1508.0,546.0,704.0,937.5,1043.5,1076.5,1153.5,1236.5,1266.5,2510.0,2112.0,1020.5,1337.5,1633.5,1745.0,1776.5,1883.5,1988.5,1951.0,2511.5,2095.5,928.5,1217.5,1521.5,1638.0,1643.5,1719.5,1833.0,1840.5,2435.0,2066.0,926.5,1195.5,1488.0,1595.0,1599.0,1673.5,1779.0,1793.0,287.0,274.0,519.0,754.0,790.0,992.0,828.0,853.5,884.5,772.0,253.5,212.5,619.5,909.0,1025.0,1216.0,1049.5,1104.5,1085.5,1006.5,461.5,338.5,588.0,872.0,910.5,1176.0,1184.5,1300.5,1145.0,1035.5,908.5,594.5,531.5,861.0,723.5,1210.0,1800.5,1859.0,1716.0,1748.5,1263.0,765.5,410.5,796.5,472.5,1221.0,2480.0,2862.5,2809.5,2666.0,1628.5,942.5,390.0,808.0,541.0,1339.0,2799.0,3250.0,3329.5,3384.0,1623.5,910.5,356.5,759.0,572.5,1337.5,2759.5,3201.5,3340.5,3333.0,2111.5,1799.0,647.5,865.0,1114.5,1221.0,1296.5,1353.0,1440.5,1491.0,1565.5,858.5,318.0,712.5,535.5,1266.0,2562.0,3009.5,3055.0,3158.0,1400.5,739.5,284.5,632.5,437.0,1099.0,2555.5,2998.0,3028.0,3143.0,1335.0,695.5,314.5,636.5,381.0,1049.5,2695.5,3191.5,3221.0,3337.0,1609.0,833.5,456.0,949.5,514.0,1481.5,3198.5,3626.5,3748.0,3747.5,1658.0,884.5,457.0,1028.5,628.5,1715.0,3073.5,3450.5,3711.5,3619.0,1854.0,1049.0,518.0,1161.0,920.0,2000.0,2974.0,3239.0,3435.0,3499.0,2156.5,1237.0,791.0,1415.0,1419.5,2388.0,3008.5,3276.5,3524.5,3587.5,2470.5,1532.0,908.0,1448.5,1663.5,2417.0,2987.5,3241.5,3545.0,3583.5,4011.5,2775.5,1128.0,1573.5,2186.0,2733.5,3044.5,3197.5,3627.0,3696.5,1811.5,1371.5,536.0,742.0,1035.5,1191.0,1221.0,1320.5,1374.0,1455.5,1956.5,1657.0,535.5,748.5,1021.0,1149.0,1160.5,1274.5,1369.5,1385.5,1861.0,1471.5,560.0,772.0,1046.0,1194.0,1213.0,1304.0,1370.0,1421.5,2138.0,1728.5,824.5,988.0,1221.5,1373.5,1406.0,1473.5,1558.0,1606.5,1893.5,1575.5,607.0,756.0,956.5,1070.0,1092.5,1176.5,1246.5,1289.5,1993.5,1582.5,650.0,820.5,1028.5,1157.0,1156.0,1263.0,1298.0,1397.5,1661.5,1373.0,491.0,584.0,782.0,877.5,914.0,960.5,1096.5,1087.0,0.0,0.0,0.0,0.0,0.0,0.0,0.0,0.0,0.0,0.0,1643.5,1388.5,518.5,718.0,913.5,984.0,1031.0,1078.5,1208.5,1196.0,1840.5,1568.0,640.5,781.5,947.5,1063.0,1062.5,1127.5,1238.0,1215.0,2248.0,1882.5,771.0,1018.0,1265.5,1390.0,1429.0,1459.5,1599.5,1623.0,2277.5,1908.5,816.5,1017.0,1245.0,1348.0,1365.5,1434.5,1615.0,1586.5,2095.5,1730.0,784.0,909.5,1107.5,1197.5,1215.5,1308.0,1416.0,1446.0,2132.0,1783.0,695.5,918.5,1142.0,1221.5,1250.5,1323.5,1467.0,1441.5,2270.5,1930.0,843.5,1135.5,1392.5,1489.5,1523.0,1603.0,1712.0,1686.0,"{""type"":""MultiPoint"",""coordinates"":[]}"
1105_0,3,2187.0,1759.0,662.0,810.5,1096.0,1245.0,1335.0,1408.5,1548.5,1580.0,2308.0,1884.5,689.5,892.5,1138.5,1323.5,1531.5,1642.0,1757.5,1806.0,2368.0,2024.5,762.5,997.5,1320.0,1455.0,1507.5,1601.5,1695.0,1722.5,2599.0,2260.0,896.5,1170.5,1541.0,1674.5,1724.5,1841.0,1939.0,1927.0,1391.0,1278.0,782.0,992.0,1318.0,1436.0,1522.0,1577.0,1687.0,1678.0,565.0,480.0,748.0,910.0,974.0,1130.0,971.0,1052.0,1015.0,1021.0,462.0,393.0,453.0,634.0,607.0,912.0,953.0,1046.0,987.0,926.0,723.0,539.0,462.0,670.0,554.0,881.0,1208.0,1332.0,1249.0,1214.0,1416.0,756.0,318.0,590.0,352.0,877.0,2327.0,2789.0,2668.0,2721.0,1961.5,1006.0,186.0,542.5,202.0,918.0,3549.0,4671.5,4807.0,4813.5,1934.0,934.5,106.5,410.5,113.5,802.0,3528.0,5055.5,5216.0,5276.0,2431.0,1999.0,730.0,917.0,1173.0,1371.0,1448.0,1538.0,1688.0,1726.0,1864.0,909.0,143.0,447.0,149.0,842.0,3552.0,5092.0,5190.0,5377.0,1786.0,887.0,93.0,452.0,152.0,937.0,3552.0,5219.0,5417.0,5510.0,1786.0,865.0,226.0,644.0,323.0,1213.0,3676.0,5146.0,5330.0,5576.0,1962.0,948.0,397.0,853.0,541.0,1572.0,3937.0,4922.0,5310.0,5299.0,1989.0,1096.0,450.0,937.0,729.0,1720.0,3604.0,4354.0,4916.0,4866.0,2155.0,1230.5,497.5,1021.5,939.0,1948.5,3565.5,4127.0,4517.5,4519.5,2435.5,1420.5,716.0,1222.5,1245.0,2147.0,3436.0,3905.5,4361.5,4352.0,2998.0,2067.0,943.0,1389.0,1759.0,2374.0,3337.0,3708.0,4217.0,4238.0,4109.0,2857.0,1221.0,1721.0,2495.0,3055.0,3475.0,3708.0,4217.0,4244.0,4183.5,2919.5,1420.0,1950.0,2850.0,3297.0,3394.5,3837.5,4115.5,4128.0,2432.0,2012.5,687.0,867.5,1165.5,1323.0,1388.5,1495.0,1676.0,1690.5,3913.0,2830.5,1227.0,1662.5,2345.0,2730.5,2781.5,3125.5,3375.5,3458.5,3712.5,2743.5,1252.0,1634.0,2271.0,2478.5,2653.0,2819.0,3253.5,3204.0,3265.0,2544.0,941.0,1195.5,1589.0,1803.0,1877.0,2043.5,2314.0,2334.0,3336.5,2634.0,944.5,1163.0,1541.5,1732.0,1867.5,2034.5,2257.5,2237.0,1937.0,1284.0,520.0,683.0,1009.0,1115.0,1161.0,1286.0,1461.0,1432.0,0.0,0.0,0.0,0.0,0.0,0.0,0.0,0.0,0.0,0.0,1876.0,1487.0,524.0,677.0,888.0,1019.0,1097.0,1168.0,1285.0,1288.0,2093.0,1714.0,624.0,721.0,892.0,1042.0,1121.0,1206.0,1321.0,1347.0,2419.0,2032.0,670.0,872.0,1096.0,1246.0,1393.0,1513.0,1621.0,1688.0,2604.0,2164.0,988.0,1057.0,1286.0,1445.0,1635.0,1745.0,1931.0,1899.0,2155.5,1731.5,619.0,752.0,942.5,1111.0,1281.5,1356.0,1462.5,1526.0,2430.0,2010.5,773.0,930.0,1096.0,1279.0,1535.0,1695.5,1788.5,1842.5,2421.0,1900.5,761.0,937.5,1096.0,1296.5,1651.0,1808.0,1953.5,1967.5,"{""type"":""MultiPoint"",""coordinates"":[]}"
1106_0,3,2016.5,1676.5,600.5,758.5,1040.0,1177.0,1235.0,1284.0,1391.0,1430.5,2568.5,2155.0,1002.5,1324.5,1631.5,1782.0,1826.5,1911.5,2012.0,1994.0,2592.0,2168.0,952.0,1250.0,1582.5,1727.5,1735.5,1833.0,1922.5,1941.0,2482.5,2112.0,912.0,1194.5,1499.5,1638.0,1665.5,1742.0,1807.5,1853.5,281.5,240.5,646.5,845.5,1034.0,1220.5,972.5,1026.5,988.5,825.0,281.5,238.0,616.0,885.0,889.0,1223.0,972.5,1026.5,988.5,825.0,530.0,371.5,611.0,885.0,851.5,1223.0,1283.0,1381.0,1271.5,1237.5,973.0,736.5,473.0,832.0,560.5,1182.0,1812.0,1908.5,1922.0,1765.0,1479.5,788.0,324.0,691.0,379.5,1091.0,3186.0,3749.5,3783.5,3768.5,1724.0,934.5,273.5,660.0,470.5,1242.5,3034.5,3731.0,3879.0,4100.5,1860.0,1024.5,291.5,660.5,496.5,1257.0,2866.5,3540.0,3714.0,3959.5,2325.5,1930.0,667.5,887.5,1191.0,1315.5,1405.5,1477.0,1541.0,1640.5,1793.5,958.5,265.0,622.5,443.5,1182.5,2837.5,3498.5,3671.5,3830.5,1593.5,809.0,202.5,554.0,386.5,1060.5,2806.5,3510.0,3667.5,3789.5,1499.0,796.5,249.0,555.0,334.5,965.0,2737.5,3308.0,3438.0,3567.0,1753.0,909.0,461.5,908.5,522.0,1497.0,3190.5,3706.0,3844.5,3901.0,1767.5,981.0,452.5,993.5,625.0,1668.5,3020.0,3427.0,3679.0,3714.0,1905.0,1072.0,490.0,1077.0,866.0,1905.0,2847.0,3149.0,3317.0,3458.0,2209.0,1249.5,735.5,1327.0,1269.0,2320.0,2972.0,3230.5,3502.5,3607.5,2400.0,1514.5,735.5,1306.0,1572.5,2336.0,2799.5,3065.0,3403.0,3504.0,3641.5,2471.5,940.0,1418.0,1942.0,2452.0,2760.0,3035.0,3403.0,3489.5,2003.0,1509.0,599.5,884.5,1229.5,1464.0,1498.5,1602.0,1648.0,1787.5,2182.5,1793.5,556.0,808.0,1115.0,1242.0,1287.0,1398.0,1483.5,1525.0,2170.5,1673.5,628.0,914.5,1251.0,1470.5,1501.0,1619.0,1686.0,1786.0,2282.0,1814.5,805.0,1000.0,1299.0,1510.0,1543.0,1630.0,1717.0,1779.5,2096.5,1707.5,644.5,814.0,1052.5,1219.5,1260.0,1358.0,1403.5,1465.0,2215.0,1708.0,732.5,888.5,1118.0,1281.0,1354.0,1441.0,1455.0,1568.0,1862.0,1489.5,539.5,666.5,894.5,1012.0,1059.5,1144.0,1271.5,1259.0,0.0,0.0,0.0,0.0,0.0,0.0,0.0,0.0,0.0,0.0,1693.5,1292.5,501.5,689.5,911.0,1056.0,1079.0,1184.5,1272.0,1241.5,2041.5,1656.0,676.5,846.0,1044.0,1170.0,1227.0,1305.0,1393.0,1406.5,2530.5,2078.5,881.5,1130.0,1380.0,1569.5,1630.5,1691.5,1804.0,1810.0,2478.0,2058.0,875.0,1092.0,1355.0,1500.5,1544.0,1603.0,1742.5,1764.0,2295.0,1890.0,855.0,995.0,1224.0,1335.5,1389.0,1463.5,1587.0,1598.0,2250.0,1880.0,715.0,912.5,1181.0,1279.0,1354.0,1436.5,1506.5,1540.5,2320.5,1999.5,820.0,1111.5,1393.5,1521.0,1576.0,1641.0,1752.0,1726.5,"{""type"":""MultiPoint"",""coordinates"":[]}"
1107_0,3,139.5,130.5,157.0,215.5,296.0,379.5,258.5,304.5,309.0,220.5,2168.5,1777.5,733.0,923.0,1123.5,1259.0,1327.5,1402.5,1490.0,1528.0,2292.0,1931.0,830.5,1038.5,1249.0,1388.5,1441.5,1528.0,1597.0,1633.0,2462.5,2155.0,1066.5,1316.5,1526.5,1665.0,1694.0,1772.5,1836.5,1865.0,2599.0,2297.0,1278.0,1507.0,1714.0,1832.0,1887.0,1950.0,2039.0,2028.0,1670.0,1525.0,1125.0,1333.0,1527.0,1608.0,1625.0,1714.0,1738.0,1717.0,289.0,219.0,626.0,936.0,938.0,1120.0,1014.0,1067.0,994.0,891.0,436.0,344.0,700.0,992.0,954.0,1398.0,1286.0,1386.0,1317.0,1176.0,666.0,542.0,514.0,844.0,687.0,1204.0,1359.0,1491.0,1316.0,1222.0,930.0,597.0,302.5,610.0,401.5,1026.0,2059.5,2369.5,2262.0,2156.5,1301.5,689.0,197.5,480.0,275.0,896.0,2506.5,3240.5,3244.5,3271.5,165.0,155.0,238.0,325.0,386.0,463.0,361.0,400.0,416.0,348.0,1323.0,667.0,211.0,457.0,270.0,822.0,2516.0,3332.0,3197.0,3294.0,1305.0,652.0,110.0,399.0,163.0,766.0,2758.0,3506.0,3513.0,3553.0,1362.0,666.0,165.0,480.0,226.0,879.0,2941.0,3821.0,3774.0,3919.0,1472.0,736.0,402.0,809.0,511.0,1448.0,3037.0,3695.0,3703.0,3743.0,1470.5,780.0,417.0,881.0,619.0,1583.0,2798.0,3134.5,3349.5,3338.5,1842.0,1097.5,481.0,911.0,973.0,1742.0,2446.5,2748.0,2959.5,3087.5,2221.5,1335.5,767.5,1237.5,1472.0,2046.5,2560.0,2829.5,3053.0,3138.5,2588.5,1696.0,843.0,1256.0,1608.5,2179.5,2608.0,2871.5,3109.5,3270.0,4283.0,2828.5,1227.0,1807.5,2560.0,3139.0,3477.0,3709.5,4058.5,4235.5,4510.0,3069.0,1369.0,1932.0,2844.0,3375.0,3529.0,3859.0,4024.0,4226.0,159.0,153.0,238.0,285.0,363.0,459.0,361.0,390.0,416.0,348.0,4452.0,3104.0,1249.0,1759.0,2506.0,2946.0,3046.0,3305.0,3441.0,3755.0,4163.0,3009.0,1124.5,1513.5,2152.0,2496.5,2641.5,2849.0,3104.5,3208.5,3587.5,2747.5,831.5,1050.5,1476.0,1669.5,1804.5,1954.5,2177.0,2201.0,349.0,270.0,329.0,480.0,692.0,802.0,719.0,794.0,862.0,748.0,149.0,125.0,99.0,138.0,217.0,276.0,205.0,216.0,261.0,194.0,173.0,163.0,138.0,222.0,282.0,296.0,265.0,303.0,319.0,291.0,123.0,116.0,109.0,177.0,270.0,368.0,233.0,287.0,266.0,158.0,383.0,251.0,230.0,321.0,455.0,590.0,603.0,698.0,771.0,735.0,2359.0,1669.0,696.0,962.0,1243.0,1514.0,1621.0,1807.0,1864.0,1988.0,1026.0,724.0,743.0,770.0,824.0,1067.0,1089.0,1236.0,1342.0,1392.0,2770.0,1892.0,804.0,1068.0,1391.0,1770.0,1818.0,1879.0,2032.0,2206.0,4304.0,3353.0,1464.0,1789.0,2200.0,2367.0,2604.0,2710.0,2956.0,3064.0,4137.5,3260.5,1442.0,1730.5,2134.5,2360.5,2494.0,2621.5,2816.0,2945.5,"{""type"":""MultiPoint"",""coordinates"":[]}"
1108_0,3,2642.5,2306.5,1740.0,1732.5,1817.5,1943.0,2059.0,2165.5,2339.5,2230.5,2530.0,2326.0,826.0,1112.0,1449.0,1610.0,1602.0,1685.0,1838.0,1842.0,2182.0,1993.0,581.0,838.0,1165.0,1279.0,1311.0,1381.0,1512.0,1510.0,525.0,504.5,370.5,498.0,512.0,656.0,554.5,552.0,574.5,507.5,340.5,302.5,429.0,638.5,605.0,756.0,578.0,615.5,584.5,503.0,532.0,414.0,321.0,579.0,548.0,821.0,883.5,952.5,931.5,906.5,615.0,502.0,261.0,472.0,380.0,738.0,850.0,994.0,852.0,811.0,800.0,594.0,258.0,531.0,370.0,764.0,1134.0,1223.0,1242.0,1180.0,1036.0,666.0,157.0,320.0,174.0,522.0,1428.0,1785.0,1817.0,1845.0,1236.0,675.5,77.0,264.0,94.0,467.5,2246.5,3320.5,3400.5,3278.5,1360.5,697.0,89.5,293.5,95.0,490.5,2497.5,3834.0,4043.0,3998.5,1982.0,1702.0,1150.0,1152.5,1247.0,1381.0,1463.5,1567.0,1592.0,1603.0,1464.5,730.5,100.5,311.0,99.0,583.0,2849.5,4373.0,4419.0,4505.5,1539.0,772.5,224.5,647.0,290.5,1128.5,3402.5,4573.5,4717.0,4856.5,1652.0,874.0,510.0,932.0,660.0,1492.0,3473.0,4323.0,4408.0,4590.0,1757.0,1016.0,774.0,1177.0,1086.0,1928.0,3216.0,3706.0,3912.0,4063.0,1842.0,1099.0,663.0,1147.0,1091.0,1933.0,2941.0,3306.0,3670.0,3668.0,2264.0,1399.0,722.0,1183.0,1335.0,2188.0,2976.0,3303.0,3521.0,3668.0,4625.0,3394.5,1256.5,1730.0,2446.5,2914.0,3234.5,3560.0,3866.0,4020.5,4509.5,3378.0,1171.0,1629.5,2376.0,2754.0,3000.0,3260.0,3570.0,3644.0,4188.0,2995.0,1111.0,1501.0,2137.0,2501.0,2731.0,2989.0,3369.0,3439.0,3554.5,2722.5,902.0,1229.0,1736.5,2090.5,2235.0,2441.5,2631.5,2768.5,2112.0,1833.0,533.0,701.0,920.0,1083.0,1203.0,1334.0,1415.0,1441.0,3520.0,2904.0,790.5,1076.5,1466.5,1704.0,1881.5,2027.5,2173.5,2298.0,1806.5,1801.5,651.0,675.5,793.5,876.0,914.0,986.5,1069.0,1115.5,2409.5,2462.5,555.0,625.0,830.5,938.0,1007.5,1090.0,1212.0,1276.5,2451.5,2539.0,616.5,688.0,865.0,987.0,1071.5,1130.0,1249.0,1295.0,1970.5,1735.0,361.0,499.0,728.5,881.0,954.0,1076.0,1194.5,1241.0,0.0,0.0,0.0,0.0,0.0,0.0,0.0,0.0,0.0,0.0,1563.0,1182.0,268.0,427.0,594.0,804.0,927.0,1024.0,1107.0,1127.0,2811.0,2445.5,1954.5,1940.5,1946.0,2284.0,2520.5,2673.5,2856.5,2765.0,2210.0,1815.0,527.0,730.0,901.0,1195.0,1443.0,1542.0,1688.0,1722.0,2311.5,1856.5,834.0,1001.0,1151.0,1426.0,1829.0,2026.5,2099.5,2170.0,2237.0,1856.0,732.0,933.0,1030.0,1358.0,1740.0,1892.0,1981.0,2022.0,2139.5,1889.0,581.5,783.0,1043.5,1201.5,1243.0,1345.5,1452.0,1475.0,2154.0,1996.0,658.5,885.5,1127.0,1263.0,1302.5,1375.0,1560.0,1515.0,"{""type"":""MultiPoint"",""coordinates"":[]}"
1109_0,3,3333.0,2663.5,1921.5,1955.0,2137.5,2318.0,2491.5,2598.0,2897.0,2861.0,2239.0,2046.0,689.0,963.0,1273.0,1408.0,1482.0,1558.0,1660.0,1686.0,2500.0,2371.0,838.0,1117.0,1465.0,1622.0,1682.0,1773.0,1874.0,1870.0,2156.5,2026.0,742.0,1025.0,1334.5,1469.5,1461.5,1583.0,1648.5,1650.5,384.0,344.0,362.0,521.0,632.0,772.0,730.0,832.0,792.0,707.0,400.0,366.0,441.0,669.0,662.0,925.0,801.0,848.0,847.0,707.0,586.0,478.0,296.0,505.0,422.0,759.0,976.0,1060.0,970.0,957.0,1620.0,940.0,243.0,540.0,320.0,816.0,2081.0,2552.0,2586.0,2400.0,1144.0,653.0,147.0,394.0,190.0,692.0,2017.0,2552.0,2513.0,2400.0,1244.5,631.0,92.5,365.5,119.5,650.5,2279.5,2965.0,2926.0,2924.0,1200.0,590.0,57.0,249.0,37.0,459.5,2309.5,3213.0,3303.5,3249.5,3655.5,3157.5,2303.5,2292.5,2472.0,2656.5,2738.0,2881.5,2923.0,3061.5,1370.0,655.0,51.0,269.0,29.5,514.0,2811.0,4072.5,4087.0,4098.5,1373.0,658.0,151.0,621.0,212.0,1058.5,3334.5,4337.5,4450.5,4479.0,1388.0,679.0,512.0,891.0,637.0,1412.0,3429.0,4191.0,4219.0,4357.0,1488.0,836.0,735.0,1213.0,1148.0,2018.0,3179.0,3595.0,3785.0,3801.0,1630.0,937.0,674.0,1194.0,1148.0,2029.0,2932.0,3238.0,3555.0,3514.0,1907.0,1129.0,641.0,1215.0,1299.0,2142.0,2932.0,3228.0,3442.0,3484.0,4365.0,3086.0,1204.5,1696.0,2297.0,2788.0,3140.0,3420.5,3686.5,3876.5,4067.5,3029.0,1106.0,1510.5,2115.5,2511.0,2806.5,3076.5,3352.0,3428.5,3721.0,2748.0,1063.0,1455.0,1896.0,2286.0,2636.0,2911.0,3074.0,3250.0,3483.5,2474.5,896.5,1224.0,1647.0,2029.5,2342.0,2572.5,2696.5,2885.5,3043.0,2326.0,568.0,784.0,1136.0,1337.0,1416.0,1556.0,1760.0,1838.0,3141.5,2449.5,676.5,938.5,1176.0,1481.0,1857.5,2037.0,2177.5,2248.5,3443.5,2839.0,1520.0,1703.5,1855.0,2173.0,2551.5,2751.5,2880.0,2906.0,2842.0,2265.5,699.0,849.5,936.0,1252.0,1633.5,1816.5,1925.0,1991.5,2750.5,2160.5,662.0,819.0,919.0,1242.0,1614.0,1799.5,1890.0,1945.0,2210.0,1569.0,398.5,603.0,725.0,1069.0,1395.5,1519.0,1689.5,1760.0,0.0,0.0,0.0,0.0,0.0,0.0,0.0,0.0,0.0,0.0,3670.0,2745.0,823.0,1106.0,1590.0,1840.0,1870.0,2030.0,2250.0,2427.0,3750.0,2778.0,1122.0,1302.0,1690.0,1938.0,2123.0,2298.0,2533.0,2593.0,3549.0,2767.0,952.0,1231.0,1680.0,1928.0,2019.0,2138.0,2378.0,2504.0,1942.5,1559.5,541.0,616.0,814.5,925.5,985.0,1073.5,1197.0,1213.5,1522.0,1264.0,487.0,638.0,851.0,959.0,998.0,1057.0,1180.0,1195.0,1998.0,1767.0,590.5,783.0,1081.0,1200.0,1243.5,1329.0,1457.5,1448.0,2100.0,1908.0,646.0,859.5,1167.5,1293.0,1328.0,1408.5,1540.5,1536.5,"{""type"":""MultiPoint"",""coordinates"":[]}"
1110_0,3,115.0,105.5,245.0,350.5,439.0,474.0,286.5,302.0,268.5,183.0,2135.0,1830.0,700.0,900.5,1109.5,1233.5,1276.0,1366.5,1460.0,1489.5,2415.5,2134.0,835.5,1084.5,1315.0,1458.5,1495.5,1604.5,1675.5,1710.0,2624.0,2349.0,1020.0,1300.5,1542.5,1679.5,1712.5,1805.0,1864.5,1924.5,2696.0,2477.0,1107.0,1381.0,1639.0,1781.0,1797.0,1877.0,2002.0,1979.0,788.0,810.0,1022.0,1256.0,1408.0,1463.0,1276.0,1384.0,1189.0,1222.0,347.0,271.0,692.0,972.0,980.0,1256.0,1119.0,1146.0,1213.0,1061.0,449.0,355.0,797.0,1094.0,1077.0,1435.0,1340.0,1412.0,1314.0,1189.0,528.0,443.0,548.0,918.0,705.0,1361.0,1347.0,1412.0,1373.0,1194.0,1255.0,751.0,299.0,654.0,410.5,1090.5,2369.5,2774.5,2651.5,2615.5,1145.5,624.5,190.5,440.5,234.0,792.0,2223.0,2867.0,2789.5,2667.5,273.0,244.5,417.0,568.5,659.0,749.0,597.0,641.5,626.5,528.0,1462.0,761.0,207.0,461.0,288.0,813.0,2588.0,3475.0,3663.0,3729.0,1462.0,767.0,148.0,405.0,278.0,800.0,2554.0,3417.0,3458.0,3544.0,1527.0,785.0,153.0,410.0,241.0,784.0,2671.0,3718.0,3661.0,3927.0,1561.0,809.0,387.0,763.0,488.0,1380.0,2994.0,3521.0,3627.0,3814.0,1539.0,831.0,390.0,801.0,588.0,1400.0,2733.0,3216.0,3498.0,3467.0,1775.5,1032.5,449.5,858.0,908.0,1643.0,2579.0,2909.0,3107.5,3297.5,2264.0,1335.0,828.0,1216.0,1404.0,2018.0,2546.0,2869.0,3038.0,3231.0,3788.5,2596.0,1012.0,1451.0,1958.5,2531.0,2853.5,3143.0,3495.0,3639.5,4262.0,2807.5,1359.0,1906.0,2728.5,3216.0,3493.5,3813.0,4301.5,4325.0,3156.0,2195.0,904.0,1252.0,1701.0,2026.0,2530.0,2338.0,2249.0,2950.0,135.0,128.0,411.0,507.0,602.0,655.0,520.0,577.0,559.0,457.0,3186.0,2368.0,932.0,1252.0,1701.0,2026.0,2452.0,2283.0,2249.0,2598.0,2962.0,2201.5,951.0,1208.0,1549.5,1908.0,1948.5,2089.0,2031.0,2253.5,2439.5,1966.5,738.0,926.0,1193.5,1420.5,1464.0,1490.5,1620.5,1739.0,330.0,283.0,376.0,525.0,609.0,710.0,564.0,644.0,564.0,550.0,134.0,116.0,177.0,265.0,307.0,340.0,262.0,265.0,264.0,211.0,686.0,664.0,725.0,691.0,687.0,709.0,692.0,715.0,720.0,659.0,126.0,106.0,213.0,384.0,481.0,560.0,408.0,432.0,417.0,312.0,722.0,445.0,456.0,595.0,758.0,919.0,985.0,1103.0,1209.0,1206.0,2844.0,2108.0,953.0,1256.0,1553.0,1829.0,1900.0,2082.0,2137.0,2157.0,2191.0,1399.0,681.0,892.0,1245.0,1444.0,1498.0,1562.0,1736.0,1888.0,2717.5,1946.0,917.0,1166.5,1529.5,1729.0,1805.0,1929.0,2075.0,2194.0,3810.5,3074.0,1482.0,1790.0,2157.0,2328.5,2456.0,2584.0,2783.5,2819.5,3572.0,2935.0,1464.5,1732.0,2090.0,2195.5,2327.5,2428.0,2670.5,2636.5,"{""type"":""MultiPoint"",""coordinates"":[]}"
1111_0,3,1683.0,1416.0,558.5,711.5,938.5,1049.0,1081.0,1125.5,1228.5,1284.0,2405.0,2043.5,1046.5,1332.0,1596.0,1703.0,1712.5,1780.5,1892.5,1871.0,2316.5,1950.0,898.0,1169.0,1434.5,1544.0,1557.5,1600.0,1714.0,1681.5,538.0,478.0,570.5,798.0,843.5,1043.5,897.0,954.5,900.0,879.0,435.0,387.5,860.0,1071.5,1030.0,1320.5,1075.5,1116.0,1048.0,921.0,435.0,387.5,539.5,930.5,799.0,1295.0,1088.5,1168.5,1145.5,993.0,823.0,532.5,457.0,778.5,589.5,1087.0,1640.5,1761.0,1603.0,1577.5,1227.5,761.5,367.5,723.0,409.0,1119.0,2476.0,2731.0,2724.5,2590.5,1472.0,762.0,294.0,651.5,331.0,1077.5,3045.0,3718.5,3713.5,3694.5,1591.5,832.0,215.5,563.0,315.5,1046.5,2944.5,3669.0,3685.0,3787.5,1597.5,825.5,190.5,487.0,246.0,931.5,2982.0,3922.0,4116.5,4072.5,2009.5,1657.0,642.5,862.5,1097.5,1245.5,1236.0,1354.0,1386.5,1447.5,1732.0,859.0,218.5,547.5,266.5,1027.5,3255.0,4177.0,4457.5,4560.5,1748.5,864.5,278.5,843.0,398.0,1452.0,3718.0,4523.0,4749.0,4761.0,1791.5,913.0,403.5,943.5,583.0,1615.5,3693.5,4289.5,4480.0,4633.0,2027.5,1077.0,595.5,1119.5,942.0,2025.0,3480.0,3917.5,4196.5,4315.0,2258.5,1257.5,651.5,1162.0,1220.5,2138.0,3253.0,3589.0,4077.0,4053.5,2504.0,1513.0,722.0,1229.0,1424.0,2263.0,2968.0,3358.0,3677.0,3822.0,3995.5,2758.0,1095.0,1505.0,2121.0,2512.0,2828.5,3137.0,3479.5,3708.0,4096.0,2832.5,1041.5,1445.0,2153.0,2512.0,2761.5,3054.5,3483.0,3712.5,4001.5,2743.0,1074.0,1474.5,2142.5,2441.5,2648.5,2908.5,3350.5,3636.5,2546.5,1983.5,774.5,1037.0,1447.5,1703.0,1735.0,1880.0,1959.5,2097.0,1862.0,1543.5,535.0,739.0,980.0,1088.5,1162.0,1191.5,1324.5,1275.0,2463.5,1916.0,788.5,1058.0,1463.0,1663.5,1734.0,1847.5,1947.5,2098.5,2405.5,1857.0,926.5,1130.0,1473.0,1649.0,1708.5,1835.5,1953.5,2031.0,2083.5,1643.5,646.5,827.5,1081.0,1241.0,1287.0,1392.0,1530.5,1570.0,1785.5,1493.0,545.0,687.5,908.5,1031.0,1081.0,1141.0,1225.0,1275.5,800.0,561.0,287.5,400.0,550.0,616.0,610.0,659.0,714.0,710.5,0.0,0.0,0.0,0.0,0.0,0.0,0.0,0.0,0.0,0.0,1511.5,1171.5,425.5,609.0,796.0,900.0,902.5,985.0,1105.0,1063.5,1726.0,1460.0,626.0,748.0,893.0,973.0,1003.5,1071.5,1152.5,1176.0,2010.0,1693.0,722.0,946.0,1144.0,1242.0,1263.0,1323.5,1432.5,1423.5,1888.0,1616.5,601.5,756.5,945.0,1021.0,997.5,1046.5,1145.5,1160.5,1888.0,1616.5,601.5,756.5,945.0,1021.0,997.5,1046.5,1145.5,1160.5,1913.0,1615.0,656.5,837.0,1047.5,1091.5,1143.5,1195.0,1314.5,1324.5,2189.5,1896.5,770.5,996.5,1225.5,1356.5,1354.0,1490.5,1547.0,1515.0,"{""type"":""MultiPoint"",""coordinates"":[]}"
1112_0,3,1685.5,1462.5,839.5,884.5,981.0,1168.5,1263.5,1331.5,1380.0,1424.5,2624.0,2476.0,952.0,1207.0,1527.0,1689.0,1711.0,1761.0,1905.0,1907.0,2669.0,2613.0,940.0,1180.0,1501.0,1640.0,1692.0,1796.0,1885.0,1902.0,1203.5,1174.5,519.0,685.0,799.5,950.0,892.5,930.0,967.0,935.5,315.5,323.0,444.0,567.5,606.0,741.5,631.0,650.5,604.0,528.0,545.0,392.5,339.5,605.5,430.0,840.0,1111.0,1186.5,1181.0,1061.5,737.0,511.0,303.0,587.0,370.0,898.0,1318.0,1430.0,1485.0,1295.0,952.0,621.0,151.0,467.0,216.0,784.0,1700.0,1919.0,1878.0,1891.0,1054.0,545.0,68.0,236.0,74.0,487.0,1921.0,2593.0,2530.0,2535.0,1259.5,591.5,14.0,173.0,0.0,378.0,2578.0,4251.0,4264.0,4305.0,1285.0,573.0,13.5,177.5,0.0,355.5,2628.5,4665.0,4772.0,4851.0,3181.0,2849.0,2072.5,2142.0,2270.5,2578.0,2662.0,2728.0,2790.0,2799.0,1328.0,595.0,17.0,166.0,0.0,360.5,2680.0,4801.0,4971.0,5079.0,1285.5,580.0,64.0,280.0,30.5,596.0,2946.5,4702.5,4924.0,5046.0,1354.0,650.0,488.0,805.0,536.0,1216.0,3222.0,4450.0,4509.0,4774.0,1553.0,791.0,625.0,993.0,770.0,1592.0,3198.0,3822.0,4074.0,4145.0,1574.0,848.0,522.0,975.0,795.0,1617.0,3004.0,3614.0,3856.0,3938.0,1905.0,1117.0,497.0,990.0,1038.0,1849.0,2922.0,3333.0,3582.0,3704.0,4428.5,3086.0,1103.0,1488.5,2073.5,2517.5,3083.5,3354.5,3661.5,3806.5,4633.0,3390.0,1146.0,1601.0,2355.0,2734.0,2962.0,3171.0,3484.0,3494.0,4484.0,3202.0,1165.0,1601.0,2258.0,2598.0,2870.0,3106.0,3320.0,3515.0,3848.5,2767.5,984.0,1352.5,1983.0,2326.0,2474.5,2726.5,2806.5,3121.0,1762.0,1438.0,509.0,682.0,860.0,1116.0,1363.0,1460.0,1610.0,1580.0,4027.0,3131.0,942.0,1240.5,1676.0,2047.5,2203.5,2386.5,2511.0,2717.0,3154.5,2666.5,921.5,1097.5,1350.0,1622.0,1683.5,1886.5,2040.0,2075.5,2652.5,2509.0,638.5,751.5,872.5,1113.5,1317.0,1414.0,1544.0,1612.5,2555.0,2356.5,629.5,757.0,878.5,1151.5,1359.5,1460.0,1601.0,1671.0,1985.0,1558.5,353.0,557.0,659.0,997.5,1416.0,1534.0,1718.5,1693.0,0.0,0.0,0.0,0.0,0.0,0.0,0.0,0.0,0.0,0.0,1772.0,1318.0,337.0,573.0,658.0,1073.0,1566.0,1621.0,1751.0,1772.0,1950.5,1645.5,955.5,1055.5,1026.5,1393.0,1856.0,2002.0,2088.5,2057.5,1835.0,1351.0,412.0,700.0,731.5,1208.0,1978.0,2145.5,2248.5,2253.0,1914.5,1555.0,511.5,715.5,849.0,1152.5,1631.5,1761.5,1901.0,1892.0,1974.0,1793.0,526.0,721.0,928.0,1098.0,1232.0,1331.0,1408.0,1479.0,2005.5,1868.0,569.5,730.0,956.5,1096.0,1190.0,1291.0,1371.0,1412.5,2587.5,2518.0,879.5,1139.5,1440.0,1605.5,1639.5,1695.5,1821.5,1844.5,"{""type"":""MultiPoint"",""coordinates"":[]}"
1113_0,3,1723.5,1440.0,510.0,644.5,863.5,970.5,1022.5,1093.0,1158.5,1183.5,2445.0,2059.0,962.0,1272.0,1558.0,1691.5,1736.0,1817.5,1918.5,1902.0,2495.5,2083.0,913.0,1191.5,1497.0,1639.0,1649.0,1730.5,1833.0,1850.0,2416.5,2043.5,904.5,1167.0,1444.0,1582.5,1607.5,1697.0,1771.5,1789.5,415.0,378.5,534.0,771.0,795.5,971.0,819.5,900.0,875.5,872.5,324.5,253.0,759.0,1062.5,1156.0,1405.0,1175.5,1223.0,1219.0,1105.0,393.5,294.0,587.5,872.0,877.5,1238.0,1194.0,1296.0,1140.0,1090.0,827.0,514.5,572.5,843.5,778.5,1237.5,1758.0,1899.5,1743.0,1766.5,1234.5,726.5,379.0,781.5,438.5,1161.0,2516.0,2900.5,2871.5,2698.0,1685.5,942.5,294.5,745.0,472.5,1284.5,2918.5,3445.0,3601.5,3627.0,1656.5,928.5,310.0,703.5,481.5,1277.5,2809.0,3276.5,3411.5,3488.5,2065.5,1742.5,600.5,811.0,1053.5,1189.5,1245.0,1311.0,1387.0,1431.0,1607.0,874.5,295.0,648.5,452.0,1210.0,2613.0,3148.5,3203.5,3239.5,1403.5,736.0,209.0,561.0,336.5,1071.0,2574.5,3085.5,3168.0,3232.5,1341.5,703.0,250.0,594.5,299.5,1002.5,2699.0,3191.5,3240.5,3292.0,1617.0,844.5,453.5,919.0,473.5,1438.5,3165.0,3567.0,3741.0,3751.5,1639.5,868.0,438.0,1020.0,584.0,1640.5,3098.5,3394.5,3702.5,3619.0,1775.0,998.0,514.0,1175.0,858.0,2038.0,3017.0,3286.0,3547.0,3543.0,2065.5,1150.0,756.5,1386.5,1236.0,2308.5,3042.5,3259.0,3609.0,3645.0,2460.0,1474.0,758.0,1400.0,1601.0,2390.5,2788.5,3051.0,3333.5,3554.0,3678.5,2533.0,986.0,1422.0,1933.5,2325.5,2582.5,2838.5,3234.0,3292.5,1811.0,1375.0,515.0,738.5,1022.0,1188.5,1243.0,1326.5,1418.0,1465.0,1911.5,1588.0,502.0,686.5,948.0,1095.0,1129.5,1230.5,1328.0,1318.0,1862.5,1451.5,528.5,747.0,1020.5,1167.0,1223.5,1296.0,1384.0,1417.0,2119.5,1700.0,777.0,962.5,1209.0,1338.0,1403.0,1487.5,1571.5,1601.5,1861.5,1552.5,578.5,735.5,928.0,1067.0,1100.5,1156.5,1256.0,1297.0,1980.5,1700.5,666.5,793.5,992.5,1129.0,1172.0,1247.0,1301.5,1362.5,1641.5,1393.5,457.5,573.0,777.5,865.5,935.5,988.0,1119.5,1095.0,0.0,0.0,0.0,0.0,0.0,0.0,0.0,0.0,0.0,0.0,1492.0,1142.5,421.0,560.0,745.5,882.0,917.0,974.0,1066.0,1066.0,1832.0,1523.5,613.0,743.0,896.0,1054.0,1085.0,1137.5,1208.5,1243.0,2238.0,1865.0,774.5,1005.5,1209.5,1365.5,1402.5,1451.0,1555.0,1566.0,2212.5,1846.5,840.5,1008.0,1206.5,1336.5,1357.5,1413.0,1634.5,1567.5,2040.5,1675.0,786.0,879.5,1056.5,1165.5,1192.5,1251.5,1377.0,1390.0,2072.0,1748.5,671.0,877.0,1094.0,1214.0,1267.5,1336.0,1413.0,1435.5,2235.5,1898.5,808.5,1094.5,1345.5,1459.0,1496.5,1575.0,1676.0,1669.0,"{""type"":""MultiPoint"",""coordinates"":[]}"
1114_0,3,1848.0,1568.5,461.0,617.0,855.5,975.5,1008.5,1087.0,1175.5,1208.0,2421.5,2085.0,932.5,1233.0,1501.5,1622.5,1660.5,1730.0,1826.5,1825.5,2403.0,2075.0,829.0,1107.0,1371.0,1514.0,1513.5,1595.5,1688.0,1697.0,333.5,323.5,538.0,782.0,804.5,1033.5,948.5,1026.5,971.0,940.5,248.5,175.5,572.0,874.5,964.0,1222.5,1151.5,1191.0,1237.5,1100.0,267.0,184.0,527.0,831.0,858.0,1134.0,1108.0,1170.0,1120.5,1060.0,669.5,519.0,484.5,793.0,686.0,1152.0,1477.5,1638.0,1493.5,1502.0,1448.5,862.0,416.0,774.5,510.0,1135.0,2618.0,2941.5,2891.0,2996.0,1813.0,909.5,270.5,618.5,290.5,1031.5,3165.5,4005.5,4106.5,4118.5,1761.0,872.5,231.5,578.0,269.5,1006.5,3196.5,4265.5,4391.5,4485.0,1671.0,805.5,147.5,375.0,189.0,730.5,2980.5,4289.5,4481.0,4579.5,2139.0,1796.0,553.0,748.0,975.5,1133.0,1181.0,1237.0,1311.0,1407.0,1693.5,816.5,171.0,428.5,214.5,821.0,3137.5,4515.5,4621.5,4755.5,1659.5,790.5,213.0,655.5,325.0,1260.0,3566.5,4615.5,4815.5,4849.0,1710.5,850.5,399.5,844.0,558.5,1523.5,3546.0,4370.0,4505.5,4706.0,1933.0,1037.5,598.5,1092.0,947.0,1974.5,3438.5,3912.5,4194.0,4316.5,2276.5,1359.0,711.5,1250.0,1324.5,2244.5,3313.5,3654.0,4086.5,4180.0,2970.0,1897.0,964.0,1548.0,2027.0,2708.0,3387.0,3654.0,4088.0,4250.0,4195.5,2892.5,1249.0,1774.0,2554.5,2944.0,3213.0,3474.0,3854.0,3920.5,4108.0,2815.5,1126.0,1603.5,2403.0,2790.5,3010.0,3265.0,3701.0,3758.0,3524.0,2657.5,1121.5,1535.0,2112.0,2406.5,2566.5,2781.5,3206.0,3183.0,2226.5,1679.0,762.5,1095.5,1538.0,1716.5,1744.0,1826.5,2000.0,2009.0,2011.0,1692.0,450.0,664.0,916.5,1020.5,1061.5,1166.0,1264.0,1320.5,2522.5,1973.5,880.0,1170.5,1654.5,1849.0,1869.5,1965.5,2173.0,2220.0,2445.5,1918.5,920.5,1155.5,1540.5,1703.0,1743.5,1841.0,2015.5,2049.5,2163.0,1771.0,685.0,874.5,1194.0,1316.0,1359.0,1477.0,1645.5,1599.5,1807.0,1550.0,551.0,760.0,1004.0,1124.5,1135.5,1194.0,1291.5,1336.0,1502.5,1271.0,389.5,547.0,743.0,814.0,860.0,926.0,1029.0,997.5,0.0,0.0,0.0,0.0,0.0,0.0,0.0,0.0,0.0,0.0,1510.0,1140.0,407.0,539.5,736.5,845.5,907.0,980.0,1072.0,1094.0,1898.0,1577.0,570.0,724.0,876.5,1022.5,1059.5,1150.5,1229.5,1235.5,2367.0,2004.5,781.5,1013.0,1231.5,1400.5,1441.5,1528.5,1634.0,1616.5,2355.0,1982.5,759.5,940.5,1199.0,1321.0,1328.0,1452.5,1581.5,1574.0,2191.5,1824.0,756.0,849.5,1071.5,1171.0,1164.0,1275.5,1382.0,1401.0,2167.0,1857.0,678.0,872.5,1106.5,1234.5,1280.5,1327.5,1439.0,1461.5,2210.0,1899.0,751.5,983.5,1235.0,1366.5,1426.0,1490.5,1559.5,1577.5,"{""type"":""MultiPoint"",""coordinates"":[]}"
1115_0,3,2071.0,1740.5,589.0,772.0,1074.0,1213.0,1255.0,1347.0,1498.0,1485.5,2263.0,1980.5,856.5,1109.5,1376.0,1498.5,1523.5,1598.5,1705.5,1718.5,2373.5,2044.0,854.5,1086.0,1362.5,1482.0,1545.0,1627.0,1717.0,1713.5,1776.0,1506.0,705.5,930.5,1156.0,1245.5,1249.5,1318.0,1448.5,1461.0,298.5,189.0,487.0,733.0,714.0,980.0,955.5,1025.0,1002.0,1000.5,297.5,207.0,553.0,742.0,787.0,973.0,957.5,1022.0,1071.0,1004.5,635.0,426.5,496.0,715.0,615.0,1062.0,1586.0,1681.5,1710.5,1578.5,1090.5,639.5,377.5,678.0,457.5,1056.0,2077.5,2283.5,2247.5,2195.5,1235.5,639.5,173.0,455.0,229.5,947.5,3010.5,3829.0,3882.5,3946.0,1633.5,883.5,236.5,555.5,489.0,1174.5,2796.5,3432.5,3699.0,3902.5,1799.5,976.5,229.0,516.5,415.5,1062.5,2760.0,3504.5,3699.5,3941.0,2385.0,1989.0,640.0,867.5,1194.0,1373.0,1404.5,1469.5,1582.5,1665.5,1834.5,951.0,229.0,515.0,361.5,992.0,2856.5,3570.0,3656.5,3936.0,1826.5,909.0,209.0,571.5,298.5,1063.0,3128.5,3965.0,4205.5,4249.5,1848.5,936.5,325.0,801.0,473.0,1395.0,3370.5,4033.0,4211.0,4375.5,1951.0,1042.5,540.5,1039.0,800.0,1839.0,3438.5,3886.0,4138.5,4293.5,2101.0,1151.5,590.5,1125.0,987.5,1975.0,3223.5,3599.5,4007.0,4047.0,2322.0,1357.0,601.0,1108.0,1168.0,2045.0,2995.0,3357.0,3655.0,3775.0,3187.0,2012.0,947.0,1372.0,1646.5,2295.0,2994.5,3384.5,3678.0,3809.0,3892.5,2621.5,947.5,1343.5,1937.0,2448.0,2818.0,3095.0,3529.5,3638.0,3779.0,2620.5,891.5,1327.0,1973.0,2407.5,2728.0,3024.0,3485.0,3576.5,2759.0,2094.5,826.0,1132.5,1630.5,1938.0,2039.5,2239.5,2332.5,2457.0,2188.0,1845.0,581.0,761.0,1078.0,1214.0,1288.0,1356.0,1520.0,1532.0,2816.0,2146.5,856.5,1169.0,1663.5,1954.0,2060.5,2226.5,2314.5,2457.0,2747.5,2148.5,939.0,1195.5,1628.5,1858.5,1979.0,2109.5,2260.0,2321.5,2443.0,1959.5,707.0,910.5,1243.0,1442.5,1502.5,1613.0,1759.5,1806.0,2563.0,2070.0,760.0,926.0,1264.5,1456.5,1508.0,1625.5,1746.0,1807.5,2173.0,1468.5,581.0,735.5,1033.5,1180.5,1252.0,1350.5,1509.5,1552.5,0.0,0.0,0.0,0.0,0.0,0.0,0.0,0.0,0.0,0.0,2004.5,1701.5,522.0,679.5,968.5,1072.5,1113.5,1196.5,1318.0,1320.0,1999.5,1714.0,638.0,733.0,951.0,1016.5,1059.5,1129.5,1258.0,1312.0,2419.0,2128.5,730.0,917.5,1181.5,1300.0,1348.0,1435.0,1565.5,1601.0,2451.0,2075.5,733.0,948.5,1220.0,1365.5,1369.5,1479.0,1625.0,1618.5,2323.5,1929.5,735.0,848.0,1091.5,1233.5,1228.5,1327.5,1464.5,1500.5,2075.0,1813.0,597.0,767.5,1015.0,1145.0,1193.5,1277.5,1397.5,1418.5,2075.0,1817.0,616.5,815.5,1031.0,1162.5,1216.5,1277.5,1401.5,1418.5,"{""type"":""MultiPoint"",""coordinates"":[]}"
1116_0,3,1695.5,1451.0,423.0,561.0,778.5,888.0,943.0,1017.0,1122.0,1161.0,2072.0,1829.5,804.5,1049.5,1279.0,1391.0,1443.0,1483.0,1585.0,1582.0,2187.5,1912.0,751.5,977.5,1246.5,1373.0,1398.0,1478.0,1574.5,1585.5,1605.0,1401.5,688.5,884.0,1090.5,1220.5,1191.5,1253.5,1293.5,1317.0,230.5,187.5,398.5,609.5,589.0,804.5,720.0,757.0,735.5,643.0,408.5,347.0,663.0,810.5,872.0,1106.5,1021.5,1058.0,1070.0,998.0,485.5,353.5,479.5,676.5,609.0,921.5,1007.5,1109.5,1050.5,934.0,870.0,629.5,449.0,705.5,497.0,960.5,1524.5,1675.0,1562.0,1490.5,1412.5,729.5,288.5,565.0,307.0,966.0,2978.5,3707.5,3629.5,3648.0,1676.0,884.5,216.5,551.5,305.5,992.5,3025.5,3869.0,4020.0,4101.0,1686.0,850.0,188.0,444.5,252.0,856.0,2896.5,4040.0,4149.5,4273.5,1925.5,1663.5,481.5,668.0,904.5,1019.5,1063.5,1146.0,1261.5,1281.5,1715.0,860.0,233.5,492.5,301.5,892.0,3063.0,4150.5,4321.5,4454.0,1745.5,851.5,241.0,551.0,351.0,1027.5,3277.0,4318.0,4485.5,4604.0,1814.5,948.5,403.5,829.5,563.0,1427.5,3430.0,4349.5,4498.0,4622.0,1991.5,1096.0,576.0,1086.5,872.0,1903.0,3463.5,4012.0,4246.5,4361.5,2115.5,1204.5,607.0,1150.0,1022.5,1991.0,3247.5,3720.0,4090.0,4132.0,2376.0,1437.0,650.0,1203.0,1240.0,2103.0,3034.0,3472.0,3750.0,3820.0,3111.5,1989.5,960.5,1344.0,1632.0,2241.5,2895.5,3176.5,3474.0,3607.0,3589.0,2463.5,928.0,1285.5,1823.5,2231.0,2581.5,2830.5,3100.0,3252.5,3248.0,2357.5,845.5,1228.5,1773.5,2140.0,2405.0,2607.0,2819.5,2883.0,2399.5,1830.0,760.5,1026.0,1440.5,1585.0,1674.0,1826.5,1967.5,2080.0,1804.0,1514.5,391.0,575.0,844.0,981.5,1005.0,1089.0,1223.0,1251.5,2408.5,1851.0,773.0,1041.5,1443.5,1602.5,1655.5,1827.5,1922.5,1977.5,2464.5,1916.5,1046.5,1262.0,1585.0,1805.5,1813.5,1949.5,2107.0,2098.5,2146.0,1714.0,652.0,851.0,1119.0,1223.5,1342.5,1410.5,1570.5,1603.0,2309.0,1802.5,750.0,964.0,1250.0,1411.0,1501.0,1619.0,1747.0,1784.5,2049.0,1498.5,1753.5,1756.5,1838.0,1939.0,1996.0,2036.5,2177.0,2083.5,0.0,0.0,0.0,0.0,0.0,0.0,0.0,0.0,0.0,0.0,1663.0,1305.0,422.0,589.0,782.0,944.5,938.5,1048.5,1176.5,1241.5,1854.5,1558.5,533.5,669.5,845.5,987.0,1059.5,1167.5,1257.0,1290.5,2152.5,1766.5,632.0,824.5,1005.0,1172.5,1306.5,1444.0,1572.0,1587.0,2183.0,1783.5,594.5,819.5,1000.5,1178.5,1352.5,1445.5,1648.0,1629.5,2016.0,1622.0,522.0,657.5,870.5,1030.5,1179.5,1247.5,1403.0,1437.5,1829.0,1630.0,543.5,683.0,882.0,989.0,1070.5,1153.0,1248.5,1244.5,1871.0,1689.0,579.0,744.5,942.0,1041.0,1096.5,1158.5,1280.5,1267.0,"{""type"":""MultiPoint"",""coordinates"":[]}"
1117_0,3,1766.0,1445.5,602.0,734.0,981.0,1102.5,1136.0,1205.5,1304.5,1299.5,2390.5,2051.0,934.5,1225.5,1474.5,1598.5,1649.5,1731.0,1829.5,1812.0,2426.5,2104.0,959.5,1227.5,1485.5,1595.0,1657.0,1738.5,1816.0,1828.0,2411.0,2126.5,984.5,1238.0,1489.5,1601.0,1642.5,1723.0,1797.5,1795.5,286.0,244.0,779.0,1099.0,1173.0,1313.0,1016.0,1071.0,1049.0,858.0,286.0,244.0,816.0,1090.0,1156.0,1313.0,1016.0,1071.0,1091.0,949.0,489.0,398.0,679.0,1078.0,963.0,1465.0,1456.0,1551.0,1560.0,1424.0,1128.0,873.0,595.0,1015.0,789.0,1575.0,2045.0,2174.0,2097.0,2012.0,1008.0,598.0,482.0,781.0,682.0,1268.0,1803.0,2054.0,1933.0,1943.0,1070.0,630.0,265.5,540.5,336.0,918.0,1957.0,2339.5,2220.0,2228.0,1354.0,703.0,182.0,470.0,233.0,866.5,2532.0,3230.0,3239.5,3285.0,1961.0,1628.0,681.0,851.0,1088.0,1229.0,1258.0,1298.0,1370.0,1465.0,1434.0,698.0,191.0,461.0,239.0,846.0,2592.0,3401.0,3421.0,3566.0,1337.0,647.0,100.0,339.0,159.0,657.0,2674.0,3632.0,3783.0,3815.0,1320.0,630.0,100.0,364.0,133.0,657.0,2907.0,4049.0,4090.0,4187.0,1675.0,802.0,386.0,756.0,380.0,1209.0,3599.0,4561.0,4742.0,4805.0,1728.0,902.0,391.0,872.0,497.0,1443.0,3612.0,4415.0,4716.0,4586.0,1813.5,951.0,401.5,937.5,523.5,1626.0,3466.0,3986.5,4164.0,4224.5,2139.0,1200.0,873.0,1501.0,1235.0,2397.0,3517.0,3890.0,4161.0,4226.0,2599.0,1589.0,950.0,1572.0,1754.5,2671.5,3511.0,3861.0,4264.5,4284.0,3831.5,2615.0,1077.5,1545.0,2121.0,2601.5,2876.5,3126.0,3493.5,3557.5,3579.0,2488.0,1177.0,1599.0,2237.0,2556.0,2725.0,2951.0,3174.0,3295.0,1813.0,1504.0,498.0,711.0,971.0,1121.0,1132.0,1209.0,1336.0,1296.0,3579.0,2597.0,955.0,1348.0,1888.0,2256.0,2332.0,2524.0,2742.0,2807.0,3557.0,2622.5,980.5,1284.0,1807.0,2054.0,2211.5,2407.5,2622.0,2699.5,2843.5,2278.0,715.0,886.0,1206.5,1405.5,1469.5,1615.5,1742.0,1811.0,2470.0,2012.0,663.0,803.0,1063.0,1244.0,1276.0,1415.0,1481.0,1542.0,2223.0,1567.0,511.0,679.0,932.0,1098.0,1173.0,1234.0,1382.0,1453.0,0.0,0.0,0.0,0.0,0.0,0.0,0.0,0.0,0.0,0.0,1709.0,1353.0,552.0,737.0,941.0,1060.0,1070.0,1176.0,1253.0,1243.0,1951.0,1635.0,692.0,878.0,1070.0,1171.0,1203.0,1279.0,1372.0,1370.0,2413.0,2059.0,858.0,1105.0,1333.0,1501.0,1535.0,1611.0,1716.0,1723.0,1976.0,1658.0,995.0,1133.0,1238.0,1337.0,1367.0,1449.0,1332.0,1546.0,1927.0,1651.0,620.0,775.0,1006.0,1096.0,1127.0,1214.0,1287.0,1316.0,2047.0,1748.0,753.0,882.0,1102.0,1207.0,1260.0,1307.0,1426.0,1443.0,2167.0,1845.0,801.0,1015.0,1233.0,1330.5,1383.5,1452.5,1576.5,1542.0,"{""type"":""MultiPoint"",""coordinates"":[]}"
1118_0,3,1685.0,1405.0,539.0,678.0,882.5,999.5,1008.5,1071.5,1130.0,1163.5,2440.0,2142.0,1029.5,1305.5,1545.0,1678.0,1700.5,1767.0,1863.0,1818.5,2454.5,2150.5,915.5,1193.5,1442.0,1552.5,1590.5,1667.0,1740.0,1745.5,2530.0,2218.0,981.0,1268.0,1530.0,1649.5,1682.0,1758.5,1810.0,1826.5,239.0,240.0,854.0,1097.0,1152.0,1221.0,850.0,822.0,885.0,661.0,239.0,240.0,854.0,1097.0,1152.0,1221.0,850.0,834.0,885.0,661.0,389.0,319.0,618.0,894.0,895.0,1186.0,1030.0,1129.0,1043.0,928.0,679.0,558.0,577.0,864.0,743.0,1327.0,1444.0,1625.0,1548.0,1330.0,839.0,645.0,460.0,763.0,610.0,1241.0,2122.0,2294.0,2190.0,2095.0,1055.5,632.5,277.5,561.0,367.5,994.0,2050.5,2443.0,2366.5,2252.5,1279.0,725.5,284.0,579.0,387.5,1027.0,2571.5,3028.5,3099.5,3014.5,1904.0,1643.5,687.5,834.5,1044.0,1168.5,1190.5,1245.5,1288.5,1356.5,1489.0,741.0,334.0,621.0,429.0,1031.0,2832.0,3659.0,3620.0,3594.0,1303.0,629.0,187.0,491.0,278.0,887.0,2780.0,3540.0,3473.0,3594.0,1253.0,609.0,187.0,459.0,229.0,854.0,2886.0,3652.0,3537.0,3640.0,1431.0,683.0,351.0,731.0,384.0,1142.0,3213.0,3883.0,3920.0,4034.0,1688.0,856.0,424.0,937.0,516.0,1606.0,3467.0,4111.0,4256.0,4291.0,1791.0,983.0,446.5,1036.0,621.0,1801.0,3342.5,3759.5,3816.5,3945.0,2094.0,1146.0,790.0,1415.0,1197.0,2288.0,3157.0,3533.0,3688.0,3814.0,2377.5,1472.0,809.0,1438.5,1464.0,2475.5,3185.0,3486.5,3625.0,3751.0,3153.0,2199.0,1019.0,1533.0,1983.5,2649.0,3057.5,3315.0,3546.5,3625.0,3108.0,2164.0,1049.0,1449.0,2099.0,2488.0,2592.0,2815.0,2806.0,3056.0,1757.0,1495.0,477.0,666.0,883.0,1017.0,1036.0,1104.0,1176.0,1212.0,3494.0,2616.0,1015.0,1418.0,2030.0,2467.0,2521.0,2639.0,2718.0,3022.0,3346.0,2562.0,980.5,1290.0,1783.5,2101.5,2213.0,2383.0,2509.5,2626.0,2940.0,2361.5,731.0,963.0,1309.5,1506.0,1631.5,1749.5,1895.0,1950.5,3108.0,2585.0,835.0,987.0,1324.0,1565.0,1680.0,1814.0,1870.0,1982.0,2454.0,1590.0,566.0,709.0,993.0,1180.0,1231.0,1346.0,1537.0,1564.0,1012.0,848.0,892.0,813.0,823.0,879.0,975.0,1014.0,1053.0,1006.0,1602.0,1345.0,490.0,668.0,839.0,919.0,930.0,1011.0,1119.0,1109.0,1797.0,1552.0,626.0,770.0,935.0,971.0,1012.0,1079.0,1143.0,1146.0,2151.0,1870.0,709.0,925.0,1152.0,1243.0,1284.0,1345.0,1433.0,1463.0,2299.0,2079.0,911.0,1088.0,1294.0,1377.0,1426.0,1516.0,1631.0,1622.0,1811.0,1580.0,528.0,653.0,848.0,957.0,942.0,1032.0,1066.0,1081.0,1957.0,1686.0,679.0,841.0,1024.0,1118.0,1152.0,1200.0,1295.0,1299.0,2194.5,1948.0,814.5,1015.5,1231.5,1342.0,1374.5,1451.5,1549.0,1531.5,"{""type"":""MultiPoint"",""coordinates"":[]}"
1119_0,3,1631.0,1376.5,557.0,681.0,902.5,989.5,988.5,1073.0,1155.0,1159.5,2461.5,2168.0,1035.0,1327.5,1575.5,1714.5,1720.0,1793.0,1893.5,1890.0,2425.5,2133.5,917.5,1189.0,1437.0,1551.5,1592.0,1663.0,1733.5,1748.0,2306.5,2029.0,944.5,1203.5,1425.5,1502.5,1516.0,1588.0,1650.0,1652.0,406.0,371.0,861.0,1100.0,1174.0,1365.0,1026.0,1104.0,1054.0,882.0,406.0,371.0,861.0,1100.0,1174.0,1365.0,1086.0,1110.0,1145.0,1077.0,327.0,284.0,608.0,934.0,953.0,1185.0,1061.0,1120.0,1145.0,948.0,493.0,358.0,608.0,871.0,852.0,1157.0,1247.0,1375.0,1217.0,1185.0,836.0,553.0,576.0,780.0,670.0,1121.0,1627.0,1746.0,1619.0,1556.0,830.0,545.0,336.5,594.0,436.5,977.0,1641.0,1883.0,1768.0,1692.0,1148.0,652.0,300.5,558.0,380.0,993.0,2251.5,2680.0,2618.5,2651.0,1886.5,1617.0,677.5,856.5,1067.5,1171.5,1163.5,1233.5,1326.0,1323.5,1336.0,730.0,302.0,555.0,402.0,980.0,2340.0,2913.0,2769.0,2962.0,1221.0,616.0,204.0,471.0,278.0,887.0,2270.0,2911.0,2728.0,2803.0,1225.0,616.0,204.0,458.0,267.0,827.0,2464.0,3137.0,3062.0,3165.0,1428.0,743.0,348.0,705.0,388.0,1164.0,2983.0,3513.0,3571.0,3703.0,1608.0,832.0,390.0,904.0,511.0,1482.0,3175.0,3718.0,3795.0,3842.0,1666.0,923.0,417.0,942.5,583.0,1632.5,2976.5,3319.5,3414.5,3530.5,1958.0,1050.0,729.0,1292.0,1226.0,2134.0,2853.0,3114.0,3344.0,3466.0,2210.5,1354.0,700.5,1255.5,1319.0,2173.5,2770.5,3034.0,3230.5,3345.5,3080.5,2121.5,963.0,1429.0,1865.0,2431.0,2748.0,3003.0,3281.5,3349.0,2750.0,1950.0,900.0,1280.0,1818.0,2168.0,2331.0,2496.0,2606.0,2794.0,1713.0,1434.0,489.0,693.0,912.0,1030.0,1049.0,1102.0,1189.0,1183.0,3303.0,2566.0,921.0,1280.0,1818.0,2168.0,2235.0,2425.0,2569.0,2674.0,3363.5,2614.0,960.0,1234.0,1697.5,1998.0,2138.0,2297.0,2449.5,2560.0,3079.0,2487.5,786.0,1001.0,1398.5,1629.5,1736.5,1866.0,2059.5,2143.0,2590.0,2086.0,887.0,1061.0,1335.0,1466.0,1553.0,1667.0,1865.0,1854.0,1914.0,1514.0,479.0,604.0,818.0,940.0,1033.0,1084.0,1270.0,1245.0,1033.0,956.0,861.0,857.0,838.0,902.0,979.0,1048.0,1070.0,1083.0,1678.0,1410.0,527.0,727.0,899.0,998.0,1010.0,1090.0,1178.0,1180.0,1584.0,1364.0,665.0,787.0,897.0,930.0,954.0,989.0,1160.0,1086.0,2221.0,1947.0,762.0,1009.0,1230.0,1350.0,1363.0,1442.0,1518.0,1540.0,2395.0,2130.0,958.0,1165.0,1379.0,1453.0,1527.0,1612.0,1746.0,1700.0,1827.0,1576.0,559.0,698.0,915.0,990.0,999.0,1009.0,1124.0,1145.0,1900.0,1627.0,678.0,825.0,1004.0,1091.0,1138.0,1197.0,1278.0,1302.0,2146.5,1918.5,797.5,988.5,1210.0,1314.0,1347.0,1423.0,1512.5,1509.5,"{""type"":""MultiPoint"",""coordinates"":[]}"
1120_0,3,1699.0,1408.0,564.5,641.5,852.0,949.0,978.0,1052.5,1145.5,1196.0,1947.5,1664.5,742.5,927.0,1131.5,1227.5,1248.0,1307.0,1391.0,1401.5,2117.0,1842.5,884.0,1099.5,1305.0,1416.0,1410.5,1463.0,1519.0,1558.5,2409.0,2096.0,1040.0,1290.0,1522.5,1638.0,1648.0,1735.0,1800.5,1794.5,1485.0,1369.0,863.0,1082.0,1281.0,1369.0,1377.0,1470.0,1532.0,1532.0,325.0,309.0,808.0,1036.0,970.0,1244.0,948.0,993.0,982.0,828.0,353.0,305.0,627.0,908.0,949.0,1160.0,1017.0,1043.0,1045.0,885.0,374.0,305.0,655.0,917.0,935.0,1160.0,1017.0,1087.0,1052.0,961.0,489.0,370.0,622.0,818.0,812.0,1010.0,1010.0,1115.0,1051.0,944.0,937.0,551.0,289.5,517.5,401.5,831.0,1683.0,1907.5,1850.5,1931.0,1313.0,693.0,216.0,444.5,170.5,710.0,2455.5,3241.0,3081.5,2977.0,1882.0,1579.0,630.0,770.0,973.0,1069.0,1088.0,1177.0,1243.0,1281.0,1469.0,718.0,180.0,404.0,139.0,668.0,2931.0,4073.0,3848.0,3853.0,1459.0,718.0,79.0,342.0,131.0,754.0,3004.0,4182.0,4164.0,4193.0,1494.0,745.0,158.0,459.0,261.0,845.0,3059.0,4339.0,4273.0,4481.0,1649.0,796.0,397.0,775.0,526.0,1421.0,3215.0,3905.0,4012.0,4130.0,1708.0,909.5,419.5,864.0,608.0,1540.0,3038.5,3545.5,3806.5,3844.5,1969.0,1134.5,472.5,910.0,945.5,1733.5,2817.5,3190.0,3443.0,3562.5,2388.5,1436.0,759.5,1171.5,1430.0,2113.5,2795.5,3152.0,3452.5,3547.0,2807.0,1840.5,896.5,1338.0,1761.0,2398.0,2881.5,3197.5,3576.5,3629.5,4030.0,2781.0,1074.0,1511.0,2143.0,2618.0,2959.0,3226.0,3667.0,3719.0,3970.0,2733.5,1051.5,1495.5,2323.5,2761.0,2827.0,3173.5,3459.0,3587.0,1858.0,1577.5,582.5,717.5,937.5,1038.5,1051.0,1133.5,1246.0,1270.0,3519.0,2514.0,846.0,1215.0,1799.5,2064.0,2210.0,2436.5,2775.5,2829.0,3467.0,2509.5,938.0,1261.0,1800.5,2047.0,2209.0,2397.5,2719.5,2781.0,3156.0,2363.0,716.5,962.5,1355.5,1542.5,1641.5,1811.5,2045.0,2066.5,3141.0,2454.0,778.0,959.5,1337.0,1519.0,1581.5,1754.0,1994.5,2043.0,1566.0,1294.0,433.0,558.0,765.0,865.0,879.0,959.0,1059.0,1051.0,0.0,0.0,0.0,0.0,0.0,0.0,0.0,0.0,0.0,0.0,1409.0,1089.0,466.0,618.0,755.0,850.0,846.0,909.0,1004.0,1013.0,1662.0,1359.0,601.0,700.0,839.0,959.0,951.0,1032.0,1079.0,1138.0,2140.0,1811.0,818.0,1019.0,1185.0,1310.0,1296.0,1372.0,1510.0,1481.0,2106.5,1759.0,792.0,932.0,1139.5,1247.5,1265.5,1298.0,1378.0,1419.5,1650.5,1383.0,513.5,633.0,803.0,878.0,875.5,904.5,986.0,1026.0,2031.0,1761.0,786.0,925.5,1076.0,1171.0,1268.0,1343.5,1430.5,1443.0,2007.0,1705.0,791.5,944.0,1103.0,1212.5,1284.0,1394.5,1483.5,1475.0,"{""type"":""MultiPoint"",""coordinates"":[]}"
1121_0,3,3773.0,3115.5,1693.5,1799.5,2069.5,2352.5,2746.5,2937.5,3083.0,3131.5,2396.0,2151.0,642.0,918.0,1228.0,1377.0,1471.0,1579.0,1654.0,1692.0,2621.0,2473.0,838.0,1093.0,1456.0,1640.0,1722.0,1863.0,1896.0,1874.0,820.5,734.5,528.0,661.0,737.0,863.5,798.0,846.5,714.0,734.0,589.0,524.0,705.0,803.0,833.0,934.0,838.0,780.0,783.0,800.0,629.0,496.0,394.0,626.0,629.0,934.0,838.0,936.0,839.0,842.0,856.0,703.0,319.0,619.0,484.0,882.0,1101.0,1199.0,1046.0,1134.0,1655.0,1044.0,354.0,735.0,487.0,1174.0,2282.0,2447.0,2511.0,2572.0,1448.0,859.0,178.0,432.0,259.0,822.0,2155.0,2616.0,2598.0,2587.0,1461.0,782.0,102.5,360.0,169.0,677.0,2486.5,3452.0,3492.5,3550.0,1433.0,754.0,61.5,247.0,106.5,602.5,2469.0,3644.5,3747.0,3700.5,4135.5,3450.5,1509.0,1712.5,2043.5,2272.5,2463.5,2679.5,2903.5,2931.0,1409.0,742.5,58.5,243.5,113.0,580.0,2527.0,3935.5,4046.5,4056.0,1431.5,758.5,114.0,421.0,178.5,776.5,2819.5,3992.0,4190.5,4201.0,1419.0,775.0,474.0,764.0,567.0,1177.0,3023.0,3958.0,4097.0,4263.0,1521.0,849.0,636.0,988.0,838.0,1621.0,3003.0,3593.0,3829.0,3827.0,1580.0,957.0,533.0,963.0,838.0,1621.0,2812.0,3266.0,3557.0,3521.0,1826.0,1093.0,494.0,970.0,963.0,1833.0,2876.0,3225.0,3491.0,3545.0,4114.0,2947.0,1195.0,1657.5,2266.5,2821.5,3182.0,3419.0,3795.5,3930.5,4076.0,3042.0,1250.0,1679.0,2342.5,2733.5,3010.0,3204.5,3517.0,3578.0,4087.0,2811.0,1283.0,1705.0,2456.0,2852.0,3192.0,3454.0,3824.0,3794.0,3846.5,2717.5,1128.0,1533.5,2132.5,2552.0,2762.0,3005.5,3132.5,3408.0,3276.0,2703.0,720.0,963.0,1337.0,1502.0,1639.0,1771.0,2036.0,2075.0,3421.0,2680.0,873.0,1155.5,1504.0,1799.0,2072.0,2251.0,2391.5,2478.5,4054.5,3458.0,1945.0,2143.0,2394.0,2713.0,2943.5,3086.0,3270.0,3240.0,2861.5,2319.0,821.0,969.5,1147.0,1426.5,1714.0,1873.0,1991.0,2053.5,2936.5,2402.0,768.5,930.0,1085.5,1386.0,1635.0,1806.5,1908.0,1966.0,2298.5,1712.5,531.0,741.5,904.5,1190.0,1445.0,1573.0,1722.5,1795.0,0.0,0.0,0.0,0.0,0.0,0.0,0.0,0.0,0.0,0.0,3693.0,3045.0,896.0,1284.0,1780.0,2046.0,2198.0,2365.0,2500.0,2644.0,4060.0,3447.0,1265.0,1546.0,1804.0,2120.0,2400.0,2616.0,2745.0,2734.0,3634.0,3032.0,1028.0,1329.0,1787.0,2026.0,2207.0,2423.0,2601.0,2668.0,1989.0,1696.0,567.5,668.0,885.5,1017.5,1058.5,1131.0,1268.0,1280.5,1535.0,1271.0,417.0,563.0,781.0,870.0,906.0,1028.0,1081.0,1109.0,2090.5,1938.5,538.0,748.5,1047.0,1222.0,1229.5,1323.0,1395.5,1482.5,2121.0,1948.0,589.0,804.0,1087.0,1262.0,1302.5,1383.5,1468.0,1534.0,"{""type"":""MultiPoint"",""coordinates"":[]}"
1122_0,3,1982.5,1604.5,671.5,811.5,1100.5,1226.5,1264.0,1378.5,1474.5,1501.0,2128.0,1783.5,674.5,866.5,1128.5,1227.0,1363.0,1447.5,1575.0,1588.0,2217.5,1889.0,773.5,1009.0,1297.0,1400.5,1440.5,1539.0,1626.5,1646.0,2485.5,2151.5,936.5,1196.5,1515.5,1638.0,1665.0,1768.5,1873.0,1860.0,1440.0,1239.0,946.0,1174.0,1302.0,1381.0,1433.0,1517.0,1565.0,1588.0,604.0,552.0,560.0,750.0,795.0,948.0,768.0,842.0,843.0,741.0,594.0,460.0,503.0,737.0,706.0,915.0,838.0,879.0,940.0,834.0,795.0,595.0,484.0,737.0,619.0,960.0,1092.0,1102.0,1082.0,1063.0,1259.0,735.0,390.0,654.0,471.0,929.0,1826.0,2013.0,2203.0,1944.0,1837.0,1011.5,251.5,608.5,287.5,939.0,3231.0,3990.0,4164.0,4021.5,1890.5,960.5,146.0,421.5,182.5,751.0,3312.0,4620.5,4779.5,4784.5,2220.0,1866.0,725.0,924.0,1179.0,1301.0,1395.0,1471.0,1599.0,1644.0,1828.0,928.0,191.0,447.0,209.0,739.0,3322.0,4724.0,4843.0,4953.0,1828.0,928.0,147.0,491.0,291.0,883.0,3381.0,4886.0,5077.0,5128.0,1872.0,964.0,269.0,671.0,456.0,1206.0,3547.0,4808.0,5062.0,5165.0,1940.0,1031.0,471.0,926.0,670.0,1652.0,3638.0,4667.0,4889.0,4974.0,2021.0,1134.0,503.0,983.0,820.0,1667.0,3460.0,4261.0,4549.0,4521.0,2222.5,1347.0,565.0,1097.0,1104.5,2019.0,3426.0,3928.0,4228.5,4285.0,2710.5,1681.5,873.5,1433.0,1636.0,2389.0,3446.0,3934.5,4277.5,4303.5,3125.0,2072.0,987.0,1589.0,1997.5,2832.5,3516.0,3896.0,4287.0,4270.5,4309.0,2967.0,1191.0,1676.0,2417.0,3091.0,3423.0,3652.0,3961.0,4099.0,4113.0,2814.5,1207.0,1671.0,2462.0,3033.5,3288.0,3503.5,3449.5,4130.0,2202.5,1826.5,694.0,875.0,1168.5,1305.0,1339.5,1460.5,1593.0,1621.5,3755.5,2597.0,1088.0,1504.0,2149.5,2680.0,2811.5,2924.0,3006.0,3292.0,3480.5,2498.0,1020.5,1350.5,1829.0,2227.5,2446.0,2653.0,2648.0,2894.5,3127.0,2465.5,817.0,1027.5,1352.5,1664.0,1819.5,1856.0,1947.0,2184.5,3157.5,2438.0,830.5,1010.0,1332.5,1606.0,1778.5,1835.0,1917.5,2100.0,1542.0,1273.0,394.0,530.0,734.0,837.0,902.0,994.0,1084.0,1104.0,1455.0,1146.0,1225.0,1170.0,1126.0,1243.0,1475.0,1538.0,1665.0,1556.0,1826.0,1478.0,576.0,745.0,956.0,1045.0,1075.0,1197.0,1318.0,1325.0,2006.0,1689.0,676.0,788.0,979.0,1093.0,1173.0,1228.0,1357.0,1379.0,2341.0,1985.0,775.0,955.0,1187.0,1356.0,1459.0,1558.0,1673.0,1688.0,2324.0,1927.5,812.5,958.5,1201.0,1336.5,1448.5,1502.5,1679.0,1719.5,1976.5,1603.5,619.5,761.0,942.0,1090.0,1185.0,1247.0,1389.5,1403.0,2296.0,1924.5,792.5,950.5,1113.0,1279.5,1531.0,1630.5,1766.0,1800.0,2269.0,1830.5,777.5,962.5,1123.5,1302.0,1606.5,1755.0,1891.5,1892.5,"{""type"":""MultiPoint"",""coordinates"":[]}"
1123_0,3,283.0,242.0,180.0,265.0,305.5,506.5,454.0,467.5,500.5,431.5,2116.0,1821.5,661.0,850.0,1056.5,1173.0,1214.5,1325.5,1396.0,1423.5,2374.5,2112.5,776.5,1009.5,1244.0,1389.0,1414.5,1524.5,1610.0,1609.5,2579.5,2313.5,968.5,1232.0,1480.0,1617.0,1626.5,1741.0,1826.5,1844.5,2685.0,2456.0,1078.0,1349.0,1598.0,1716.0,1739.0,1830.0,1941.0,1962.0,1007.0,1015.0,1030.0,1322.0,1432.0,1656.0,1406.0,1456.0,1180.0,1306.0,541.0,443.0,725.0,993.0,1011.0,1226.0,1038.0,1153.0,1077.0,950.0,722.0,632.0,717.0,994.0,1011.0,1385.0,1258.0,1367.0,1240.0,1192.0,885.0,636.0,511.0,819.0,675.0,1150.0,1352.0,1447.0,1435.0,1297.0,1504.0,884.0,342.0,711.5,452.5,1060.5,2279.0,2646.5,2611.5,2598.0,1338.0,767.0,267.5,529.0,359.5,829.0,2162.0,2744.5,2752.5,2684.5,592.0,465.0,338.5,450.0,535.5,743.0,756.5,858.5,896.5,919.5,1523.0,856.0,279.0,537.0,365.0,847.0,2197.0,2851.0,2851.0,2986.0,1523.0,828.0,177.0,435.0,286.0,819.0,2463.0,3314.0,3480.0,3514.0,1585.0,841.0,191.0,495.0,278.0,856.0,2734.0,3728.0,3805.0,4002.0,1621.0,855.0,457.0,905.0,579.0,1517.0,3088.0,3764.0,3812.0,3821.0,1659.0,940.0,488.0,918.0,742.0,1616.0,2963.0,3402.0,3684.0,3687.0,1942.0,1138.5,539.0,1045.0,1030.0,1872.5,2809.5,3205.5,3391.5,3442.0,2265.0,1381.5,942.5,1405.5,1530.5,2155.5,2804.5,3109.5,3386.5,3475.5,3583.0,2488.0,1057.5,1473.5,1959.5,2550.0,2936.0,3148.0,3469.5,3576.5,3979.0,2751.0,1399.0,1967.5,2686.5,3273.5,3550.5,3780.5,4200.5,4155.0,4108.0,2783.0,1481.0,2058.0,2931.0,3411.0,3649.0,3873.0,4063.0,4331.0,473.0,381.0,387.0,436.0,512.0,708.0,720.0,804.0,863.0,881.0,3922.0,2783.0,1205.0,1618.0,2251.0,2570.0,2749.0,2950.0,3275.0,3308.0,3727.0,2712.5,1175.0,1565.5,2125.0,2476.0,2611.0,2819.0,3049.0,3110.0,1844.0,1448.5,646.0,777.0,1057.5,1212.0,1218.0,1291.5,1418.0,1401.5,449.0,365.0,408.0,446.0,575.0,667.0,540.0,601.0,622.0,521.0,283.0,236.0,149.0,225.0,238.0,371.0,279.0,294.0,295.0,290.0,517.0,379.0,548.0,491.0,477.0,539.0,543.0,528.0,585.0,442.0,412.0,254.0,190.0,296.0,373.0,508.0,493.0,574.0,591.0,548.0,994.0,638.0,465.0,599.0,699.0,962.0,1069.0,1179.0,1221.0,1324.0,3329.0,2565.0,1366.0,1674.0,2019.0,2213.0,2345.0,2433.0,2704.0,2683.0,2948.0,2081.0,1309.0,1246.0,1568.0,1867.0,1967.0,2194.0,2282.0,2372.0,3244.5,2473.5,1104.5,1407.5,1753.5,2058.0,2196.5,2355.0,2550.5,2590.5,4060.0,3361.0,1536.0,1887.0,2258.5,2523.5,2742.5,2906.0,3234.5,3164.5,3224.5,2720.5,1290.5,1521.5,1799.0,1868.0,2037.0,2177.5,2433.0,2332.5,"{""type"":""MultiPoint"",""coordinates"":[]}"
1124_0,3,1764.5,1448.5,641.0,792.0,1050.0,1161.5,1172.5,1249.0,1354.0,1346.0,2380.5,2111.5,993.5,1276.0,1521.5,1627.5,1653.5,1727.5,1828.5,1819.5,2396.5,2098.0,884.0,1148.0,1402.0,1519.0,1549.5,1643.0,1714.0,1712.0,2484.5,2172.5,947.0,1230.0,1494.0,1619.5,1652.0,1738.5,1793.5,1811.5,311.0,301.0,915.0,1138.0,1189.0,1286.0,950.0,1009.0,979.0,788.0,311.0,301.0,915.0,1138.0,1189.0,1286.0,950.0,1049.0,1021.0,924.0,304.0,208.0,625.0,894.0,948.0,1144.0,952.0,1049.0,1021.0,893.0,497.0,429.0,616.0,894.0,897.0,1254.0,1209.0,1294.0,1241.0,1080.0,784.0,553.0,495.0,801.0,673.0,1254.0,1677.0,1770.0,1792.0,1673.0,955.5,563.0,236.5,503.5,311.5,897.5,1928.0,2250.5,2218.5,2097.0,1244.0,679.5,218.0,507.0,275.0,966.0,2528.5,3144.5,3232.0,3120.5,1993.0,1694.0,754.5,937.5,1191.5,1293.0,1327.0,1409.0,1506.5,1494.5,1516.0,786.0,271.0,546.0,367.0,980.0,2617.0,3270.0,3421.0,3373.0,1312.0,655.0,155.0,450.0,289.0,932.0,2470.0,3092.0,3291.0,3277.0,1254.0,625.0,155.0,412.0,218.0,815.0,2616.0,3309.0,3347.0,3479.0,1389.0,691.0,332.0,677.0,337.0,1098.0,3045.0,3605.0,3794.0,3769.0,1578.0,828.0,373.0,894.0,468.0,1497.0,3233.0,3783.0,3996.0,3933.0,1664.5,909.5,421.5,987.5,569.5,1661.5,3053.5,3385.0,3588.5,3582.5,1933.0,1070.0,758.0,1366.0,1273.0,2157.0,2939.0,3150.0,3446.0,3487.0,2231.5,1378.5,739.5,1352.5,1419.0,2314.0,2905.5,3111.5,3435.0,3525.5,3065.5,2086.5,978.5,1489.5,1942.0,2480.0,2851.5,3066.0,3459.5,3518.5,2760.0,1859.0,829.0,1127.0,1543.0,1800.0,1915.0,2036.0,2140.0,2257.0,1830.0,1524.0,566.0,777.0,1051.0,1156.0,1198.0,1287.0,1369.0,1353.0,2760.0,2132.0,763.0,1065.0,1468.0,1763.0,1799.0,1982.0,1998.0,2200.0,2658.0,2054.0,808.0,1032.0,1389.0,1550.5,1650.0,1755.5,1886.0,1973.0,2372.0,1923.0,637.0,814.5,1076.5,1214.0,1286.0,1391.5,1516.0,1560.0,2549.0,2124.0,733.0,872.0,1136.0,1279.0,1352.0,1472.0,1572.0,1647.0,2049.0,1558.0,513.0,643.0,872.0,993.0,1059.0,1149.0,1298.0,1319.0,1012.0,904.0,788.0,795.0,863.0,873.0,937.0,980.0,976.0,1080.0,1737.0,1468.0,575.0,767.0,977.0,1051.0,1075.0,1125.0,1266.0,1244.0,1893.0,1616.0,690.0,854.0,1033.0,1111.0,1156.0,1209.0,1302.0,1284.0,2173.0,1898.0,768.0,981.0,1230.0,1339.0,1348.0,1435.0,1546.0,1572.0,2352.0,2112.0,947.0,1127.0,1366.0,1486.0,1521.0,1600.0,1752.0,1673.0,1893.0,1604.0,596.0,747.0,976.0,1064.0,1044.0,1097.0,1208.0,1200.0,1930.0,1647.0,699.0,842.0,1050.0,1145.0,1151.0,1228.0,1314.0,1304.0,2119.0,1885.0,778.5,951.5,1184.5,1282.5,1322.0,1384.5,1504.0,1502.0,"{""type"":""MultiPoint"",""coordinates"":[]}"
1125_0,3,127.0,121.0,175.0,233.0,335.5,433.5,246.0,307.5,265.0,200.0,1914.0,1609.5,719.0,922.5,1098.5,1181.5,1240.5,1316.5,1373.5,1414.5,1948.0,1688.0,721.5,933.0,1109.5,1206.0,1224.5,1298.5,1362.5,1373.0,2167.0,1900.5,891.0,1135.5,1324.5,1427.5,1457.0,1524.0,1582.0,1595.0,2368.0,2065.0,1083.0,1334.0,1556.0,1643.0,1687.0,1751.0,1825.0,1815.0,1113.0,1074.0,1277.0,1526.0,1702.0,1805.0,1502.0,1664.0,1436.0,1454.0,187.0,174.0,618.0,913.0,912.0,1035.0,685.0,764.0,689.0,541.0,360.0,311.0,687.0,969.0,960.0,1251.0,999.0,1099.0,955.0,839.0,328.0,279.0,480.0,754.0,682.0,999.0,773.0,861.0,769.0,620.0,439.5,304.5,262.0,549.5,436.5,999.5,1258.5,1414.5,1258.5,1158.0,470.5,307.0,186.0,352.5,237.0,782.0,1123.5,1395.0,1165.5,992.0,169.0,150.0,387.0,491.0,498.0,631.0,499.0,524.0,509.0,486.0,791.0,444.0,115.0,261.0,162.0,589.0,1611.0,1980.0,1722.0,1783.0,1031.0,513.0,94.0,254.0,130.0,589.0,2017.0,2577.0,2487.0,2407.0,1146.0,556.0,141.0,379.0,182.0,705.0,2352.0,3067.0,2966.0,3067.0,1347.0,675.0,341.0,702.0,404.0,1148.0,2792.0,3346.0,3306.0,3333.0,1362.0,710.0,365.0,797.0,593.0,1410.0,2694.0,3076.0,3271.0,3261.0,1906.0,1154.0,489.5,957.0,1032.5,1776.0,2526.5,2835.0,3030.5,3139.5,2722.0,1782.0,1093.0,1455.5,1641.5,2124.0,2557.5,2824.0,3040.5,3147.5,3344.0,2400.0,1040.5,1419.5,1938.0,2285.0,2507.5,2708.0,3011.5,3074.0,3324.0,2405.0,1028.5,1396.5,1941.5,2229.0,2433.5,2624.0,2963.5,2992.5,3229.0,2371.0,921.0,1272.0,1832.0,2154.0,2241.0,2481.0,2585.0,2701.0,169.0,140.0,664.0,703.0,666.0,682.0,557.0,552.0,522.0,429.0,3234.0,2469.0,910.0,1259.0,1713.0,2016.0,2132.0,2302.0,2403.0,2641.0,3135.5,2416.5,915.0,1169.5,1597.5,1815.5,1930.5,2086.5,2260.0,2340.0,2802.5,2291.5,731.0,933.0,1245.0,1414.0,1474.0,1592.5,1771.0,1814.5,808.0,630.0,352.0,485.0,620.0,756.0,670.0,727.0,726.0,751.0,101.0,96.0,84.0,163.0,218.0,266.0,155.0,164.0,141.0,120.0,0.0,0.0,0.0,0.0,0.0,0.0,0.0,0.0,0.0,0.0,118.0,121.0,156.0,293.0,379.0,461.0,248.0,273.0,252.0,184.0,104.0,124.0,151.0,223.0,317.0,381.0,217.0,269.0,238.0,135.0,621.0,421.0,395.0,564.0,663.0,787.0,797.0,877.0,992.0,970.0,722.0,556.0,641.0,667.0,819.0,937.0,1011.0,1047.0,1228.0,1174.0,1866.0,1168.0,708.0,988.0,1148.0,1332.0,1404.0,1503.0,1673.0,1664.0,3638.0,2868.0,1467.0,1824.0,2155.0,2290.0,2367.0,2526.0,2744.0,2741.0,3869.0,3141.0,1659.0,1988.5,2319.5,2472.5,2588.5,2720.0,2905.0,2896.0,"{""type"":""MultiPoint"",""coordinates"":[]}"
1126_0,3,1015.5,868.5,310.5,384.5,480.0,543.0,538.5,581.5,606.5,615.0,1901.5,1663.5,750.5,965.0,1104.0,1203.5,1225.0,1275.0,1355.5,1332.0,2050.5,1787.5,800.0,1020.0,1176.0,1271.0,1299.5,1358.0,1412.5,1426.0,2503.5,2211.5,1151.5,1413.5,1602.5,1723.5,1726.5,1797.5,1856.5,1877.5,2609.0,2366.0,1246.0,1485.0,1671.0,1804.0,1847.0,1905.0,1992.0,1958.0,2360.0,2119.0,1112.0,1354.0,1529.0,1623.0,1635.0,1698.0,1769.0,1779.0,327.0,293.0,814.0,1046.0,1082.0,1246.0,898.0,945.0,873.0,725.0,406.0,368.0,953.0,1224.0,1290.0,1439.0,1100.0,1161.0,1113.0,949.0,268.0,196.0,659.0,950.0,984.0,1152.0,922.0,974.0,866.0,746.0,277.0,211.5,638.5,967.0,976.5,1199.0,889.0,1010.5,933.0,787.0,333.0,230.0,485.5,860.5,810.5,1149.0,955.0,1108.5,993.5,851.0,1260.0,1088.0,483.5,569.0,674.0,729.0,759.5,792.0,861.0,831.5,698.0,431.0,357.0,651.0,488.0,980.0,1469.0,1761.0,1510.0,1470.0,868.0,497.0,183.0,410.0,240.0,737.0,1725.0,2198.0,2000.0,1954.0,1081.0,574.0,185.0,416.0,226.0,707.0,2273.0,3037.0,2813.0,2796.0,1220.0,650.0,290.0,525.0,315.0,865.0,2445.0,3079.0,2955.0,2989.0,1220.0,659.0,300.0,624.0,372.0,1061.0,2455.0,2879.0,2923.0,2901.0,1272.5,696.5,340.5,710.5,496.0,1264.0,2419.5,2743.0,2784.0,2853.0,1602.0,986.0,707.0,1090.0,1226.0,1836.0,2498.0,2792.0,2958.0,3044.0,2235.5,1438.0,663.0,1037.5,1290.5,1853.0,2412.5,2708.5,2962.5,3058.5,2608.5,1800.0,745.5,1169.0,1545.5,2079.0,2560.0,2860.5,3155.5,3205.5,1774.0,1293.0,630.0,811.0,1157.0,1431.0,1450.0,1567.0,1565.0,1863.0,1306.0,1130.0,527.0,604.0,700.0,763.0,778.0,788.0,871.0,837.0,3447.0,2641.0,994.0,1336.0,1824.0,2125.0,2255.0,2456.0,2675.0,2763.0,3379.5,2565.0,1048.5,1361.5,1819.5,2125.0,2236.0,2416.0,2615.5,2714.0,3053.0,2435.5,867.5,1092.5,1444.0,1667.5,1737.0,1901.0,2061.0,2149.0,3021.0,2391.0,941.0,1129.0,1460.0,1702.0,1767.0,1924.0,2080.0,2167.0,2237.0,1494.0,773.0,958.0,1281.0,1480.0,1577.0,1722.0,1929.0,1949.0,610.0,322.0,513.0,491.0,532.0,576.0,604.0,681.0,768.0,760.0,2066.0,1779.0,772.0,987.0,1173.0,1271.0,1302.0,1335.0,1475.0,1464.0,373.0,315.0,268.0,228.0,210.0,208.0,230.0,233.0,250.0,222.0,2319.0,2032.0,906.0,1188.0,1373.0,1494.0,1525.0,1602.0,1645.0,1664.0,1734.0,1411.0,1105.0,1337.0,1526.0,1603.0,1646.0,1619.0,1858.0,1575.0,1546.0,1301.0,683.5,819.5,968.5,1023.0,1027.5,1048.5,1162.0,1071.5,1718.0,1487.0,633.0,806.0,926.0,1016.0,1038.0,1104.0,1149.0,1180.0,1772.0,1564.0,689.5,850.0,979.5,1049.5,1100.0,1143.0,1207.5,1198.5,"{""type"":""MultiPoint"",""coordinates"":[]}"
1127_0,3,1696.0,1382.0,537.5,705.0,901.0,1026.5,1100.5,1178.5,1230.5,1248.5,2531.0,2161.0,1012.5,1325.5,1581.5,1678.0,1774.5,1875.0,1966.5,1955.0,2472.5,2086.5,878.0,1210.5,1473.5,1564.0,1599.5,1693.5,1779.0,1779.0,322.0,251.5,559.0,842.0,918.0,1038.0,866.5,925.0,926.0,832.5,426.0,355.0,715.0,1035.0,1168.0,1234.0,953.0,1070.0,986.0,1020.0,481.0,355.0,923.0,1166.0,1259.0,1363.0,1259.0,1316.0,1274.0,1209.0,327.0,268.0,594.0,934.0,969.0,1222.0,1150.0,1262.0,1251.0,1077.0,657.0,420.0,594.0,921.0,895.0,1378.0,1374.0,1625.0,1464.0,1469.0,509.0,366.0,391.0,688.0,555.0,1019.0,1305.0,1429.0,1367.0,1277.0,703.0,437.5,250.5,492.0,268.5,829.5,1940.5,2319.0,2236.0,2085.0,988.5,578.5,180.0,418.0,251.0,842.5,2315.0,2664.0,2675.0,2584.0,1927.5,1596.0,682.5,854.0,1063.5,1178.5,1288.0,1348.5,1447.0,1457.0,1067.0,664.0,191.0,439.0,308.0,883.0,2047.0,2401.0,2382.0,2324.0,1293.0,731.0,197.0,522.0,326.0,995.0,2595.0,3038.0,3120.0,3167.0,1342.0,740.0,290.0,641.0,432.0,1172.0,2698.0,3203.0,3245.0,3329.0,1599.0,886.0,569.0,998.0,882.0,1759.0,2798.0,3195.0,3385.0,3507.0,2275.0,1380.0,610.0,1091.0,1145.0,1835.0,2609.0,2912.0,3241.0,3297.0,2424.0,1540.5,619.0,1062.5,1164.0,1805.5,2512.0,2766.5,3019.0,3143.5,3790.0,2646.5,1156.5,1550.5,1906.5,2293.5,2640.5,2917.5,3198.5,3325.0,3145.5,2384.0,1001.5,1293.5,1639.5,1872.0,2090.5,2252.5,2509.5,2446.5,2760.0,2163.0,775.0,1030.0,1403.0,1602.0,1755.0,1916.0,2088.0,2100.0,2017.0,1577.5,605.0,806.5,1040.0,1177.5,1278.0,1392.0,1481.0,1561.0,1865.0,1537.0,599.5,788.5,1015.5,1115.0,1206.0,1310.5,1363.0,1363.5,2283.0,1810.0,649.0,893.0,1156.0,1291.0,1407.0,1513.0,1573.0,1687.0,2042.5,1623.5,706.0,864.5,1057.5,1188.0,1333.5,1402.5,1529.0,1535.0,1761.5,1465.0,448.0,628.0,842.0,907.5,1034.5,1116.0,1194.0,1196.5,2054.0,1789.0,641.0,813.5,1033.0,1148.5,1249.0,1352.0,1377.5,1427.5,1504.0,1270.0,382.0,509.0,688.0,772.0,794.0,927.0,982.0,951.0,0.0,0.0,0.0,0.0,0.0,0.0,0.0,0.0,0.0,0.0,1815.0,1468.0,582.0,808.0,1019.0,1083.0,1163.0,1237.0,1341.0,1300.0,270.0,203.0,234.0,198.0,186.0,196.0,217.0,222.0,213.0,209.0,2302.0,1968.0,795.0,1100.0,1345.0,1414.0,1509.0,1571.0,1671.0,1668.0,2009.0,1655.0,979.0,1235.0,1488.0,1557.0,1657.0,1754.0,1920.0,1828.0,2004.0,1655.0,627.0,822.0,1046.0,1114.0,1166.0,1258.0,1313.0,1352.0,2004.0,1713.0,680.0,868.0,1049.0,1165.0,1289.0,1379.0,1418.0,1485.0,2167.0,1862.0,739.0,962.5,1181.0,1244.0,1383.0,1467.5,1580.0,1581.0,"{""type"":""MultiPoint"",""coordinates"":[]}"
1128_0,3,158.0,139.5,183.5,241.0,319.5,395.0,258.0,287.5,282.0,252.5,2145.5,1852.5,636.5,823.0,1040.0,1146.5,1214.0,1304.5,1427.0,1437.5,2285.5,2031.5,690.0,907.5,1147.0,1268.0,1319.5,1417.5,1507.5,1512.5,2429.0,2194.5,833.5,1075.0,1329.5,1440.5,1477.5,1556.5,1655.5,1678.5,2574.0,2333.0,943.0,1182.0,1443.0,1558.0,1601.0,1690.0,1811.0,1803.0,821.0,835.0,768.0,987.0,1101.0,1335.0,1141.0,1258.0,963.0,1167.0,364.0,319.0,687.0,956.0,949.0,1231.0,1061.0,1102.0,874.0,984.0,472.0,357.0,748.0,981.0,949.0,1281.0,1232.0,1338.0,1198.0,1122.0,616.0,492.0,484.0,788.0,596.0,1174.0,1257.0,1347.0,1273.0,1122.0,1407.0,786.0,272.5,570.0,291.0,938.5,2594.5,3107.5,2947.5,2982.5,1296.0,682.0,155.0,392.0,193.0,701.0,2560.0,3511.5,3514.5,3387.0,324.0,285.5,308.5,406.0,501.0,611.0,522.5,551.5,564.0,509.5,1559.0,766.0,191.0,424.0,248.0,720.0,2775.0,3951.0,4377.0,4492.0,1558.0,780.0,151.0,371.0,236.0,713.0,2684.0,3844.0,4094.0,4136.0,1613.0,804.0,161.0,406.0,220.0,753.0,2862.0,4199.0,4326.0,4528.0,1627.0,818.0,438.0,838.0,538.0,1472.0,3345.0,4112.0,4418.0,4413.0,1669.0,883.0,438.0,911.0,694.0,1597.0,3211.0,3836.0,4240.0,4182.0,1907.5,1067.0,501.0,991.5,926.5,1817.5,3133.0,3614.0,3926.5,4021.0,2385.5,1381.0,918.0,1448.5,1511.0,2183.5,3174.5,3526.0,3982.5,4034.0,3768.0,2580.5,1007.0,1476.0,1879.0,2521.0,2990.5,3331.5,3676.5,3830.5,4235.0,2776.5,1312.0,1823.5,2537.5,3118.5,3421.5,3743.5,4221.5,4297.0,3563.0,2520.0,1329.0,1809.0,2543.0,2892.0,2948.0,3297.0,3567.0,3526.0,221.0,184.0,292.0,315.0,421.0,503.0,476.0,486.0,515.0,460.0,3413.0,2520.0,1139.0,1537.0,2106.0,2392.0,2418.0,2644.0,2966.0,2963.0,3237.5,2409.0,1107.0,1445.5,1955.5,2181.0,2331.0,2469.0,2748.5,2737.0,2395.0,1860.0,735.0,993.5,1365.0,1482.0,1543.0,1637.0,1893.0,1779.5,341.0,270.0,322.0,449.0,576.0,647.0,561.0,584.0,589.0,576.0,137.0,112.0,129.0,181.0,256.0,314.0,226.0,242.0,227.0,195.0,589.0,541.0,699.0,597.0,611.0,672.0,617.0,645.0,670.0,605.0,154.0,136.0,143.0,235.0,340.0,434.0,350.0,376.0,372.0,325.0,782.0,471.0,305.0,406.0,579.0,733.0,808.0,915.0,985.0,1064.0,2977.0,2268.0,850.0,1137.0,1503.0,1697.0,1806.0,1966.0,2215.0,2191.0,2375.0,1630.0,607.0,795.0,1173.0,1387.0,1460.0,1678.0,1912.0,1861.0,2789.0,2073.0,750.5,993.0,1364.5,1570.5,1655.5,1838.0,2091.5,2047.5,3710.5,3007.0,1109.0,1397.0,1782.5,1976.5,2092.0,2253.0,2542.0,2518.0,3464.5,2878.0,1080.5,1316.5,1648.0,1823.0,1917.5,2095.5,2333.0,2290.0,"{""type"":""MultiPoint"",""coordinates"":[]}"
1129_0,3,1752.5,1483.0,567.0,695.5,920.5,1022.0,1057.5,1126.5,1219.5,1261.0,2389.5,2063.0,968.0,1244.5,1507.5,1613.5,1665.5,1735.5,1846.0,1818.0,2130.0,1810.0,723.5,970.5,1237.5,1339.5,1351.0,1407.5,1538.0,1550.5,305.5,277.5,504.5,673.0,762.0,893.5,857.0,922.0,889.0,880.0,299.0,187.0,548.0,767.5,818.5,1018.5,988.0,1071.5,1083.5,1068.5,386.0,268.0,633.0,842.5,889.0,1107.0,1192.5,1295.5,1308.0,1260.5,740.0,438.5,569.5,831.0,777.5,1149.5,1666.0,1695.0,1579.0,1649.5,1326.5,677.0,557.0,811.0,659.0,1153.5,2421.0,2617.0,2533.5,2658.0,1480.5,777.5,371.0,669.0,411.0,1054.0,2767.0,3254.5,3286.0,3330.5,1544.5,767.0,226.5,576.5,308.0,956.5,2865.0,3688.0,3641.0,3825.5,1531.5,756.0,210.5,452.0,250.0,774.5,2802.5,3805.0,3970.5,4019.0,2038.5,1720.0,605.0,802.5,1053.5,1179.0,1215.5,1277.0,1333.5,1409.0,1598.0,772.5,215.0,488.0,250.0,841.0,3040.5,4194.0,4275.5,4409.0,1570.5,772.0,241.0,705.5,359.0,1265.5,3479.5,4382.5,4558.0,4608.5,1605.0,806.0,384.5,835.0,579.0,1512.0,3421.5,4087.0,4195.5,4386.5,1779.5,971.0,587.0,1032.0,917.0,1879.5,3180.0,3630.5,3873.5,3951.5,2081.0,1223.0,651.0,1116.0,1212.0,2093.0,2993.0,3400.5,3703.0,3755.0,2493.0,1521.0,737.0,1220.0,1467.0,2246.0,3033.0,3352.0,3664.0,3762.0,4167.5,2851.5,1266.0,1718.0,2234.0,2739.0,3038.5,3296.0,3678.0,3772.5,4147.0,2783.5,1177.0,1702.0,2501.0,2941.0,3200.0,3466.0,3868.5,3978.5,3508.5,2629.0,1109.5,1515.5,2085.0,2380.5,2638.0,2891.5,3243.5,3211.5,2025.0,1542.0,650.0,922.5,1270.0,1462.0,1518.5,1615.0,1678.5,1740.0,1914.0,1612.0,517.5,716.0,943.5,1061.0,1112.5,1177.5,1275.0,1324.0,2325.0,1835.0,780.5,1055.5,1410.5,1612.0,1671.5,1783.5,1883.0,1897.0,2275.5,1780.5,878.0,1105.5,1406.0,1590.0,1672.5,1753.0,1857.0,1882.0,1971.5,1656.0,635.5,786.5,1039.0,1160.5,1214.0,1294.5,1395.5,1413.0,1568.0,1343.5,488.0,666.5,866.5,969.5,1009.0,1062.5,1174.0,1126.5,1290.5,1120.0,326.0,441.5,598.5,671.5,705.5,767.5,842.0,834.0,0.0,0.0,0.0,0.0,0.0,0.0,0.0,0.0,0.0,0.0,1742.5,1469.5,472.5,641.0,867.0,959.0,1000.5,1071.5,1170.5,1174.0,1843.0,1609.5,567.5,722.5,895.0,990.0,1022.5,1073.5,1174.5,1182.5,2007.0,1714.0,634.5,833.0,1037.0,1146.5,1197.0,1254.0,1373.5,1358.0,2046.0,1733.0,647.5,796.0,1005.5,1116.0,1129.0,1179.5,1274.5,1285.5,2113.5,1800.0,747.0,865.5,1062.0,1154.0,1231.0,1306.5,1362.0,1417.5,2038.0,1753.0,644.5,849.5,1078.5,1178.5,1214.0,1285.0,1397.0,1400.5,2145.0,1833.0,768.0,970.0,1206.0,1286.0,1359.5,1455.0,1540.5,1517.0,"{""type"":""MultiPoint"",""coordinates"":[]}"
1130_0,3,1692.0,1400.0,604.5,726.0,915.5,1045.5,1080.5,1139.5,1201.0,1244.0,2097.0,1786.0,804.0,1002.0,1204.5,1305.5,1371.0,1437.5,1505.5,1521.5,2259.5,1945.5,946.0,1197.0,1425.5,1536.0,1561.0,1631.0,1682.0,1702.5,2576.0,2206.0,1194.5,1506.5,1754.0,1908.0,1886.5,1962.0,1997.5,2018.0,2178.0,1906.0,959.0,1238.0,1420.0,1534.0,1549.0,1620.0,1671.0,1667.0,613.0,411.0,959.0,1238.0,1260.0,1461.0,1119.0,1132.0,1062.0,977.0,613.0,411.0,692.0,950.0,1000.0,1217.0,1005.0,1104.0,996.0,977.0,654.0,466.0,638.0,1015.0,1033.0,1441.0,1324.0,1443.0,1350.0,1287.0,674.0,533.0,454.0,765.0,672.0,1143.0,1265.0,1402.0,1202.0,1152.0,1368.0,732.5,267.5,557.5,316.5,892.0,2378.0,2957.0,2912.5,2889.0,1569.5,758.5,124.5,355.0,124.0,644.5,2782.0,4073.5,3994.5,4020.5,1870.0,1577.0,661.0,831.0,1022.0,1168.0,1177.0,1225.0,1297.0,1312.0,1534.0,714.0,141.0,364.0,121.0,627.0,3031.0,4378.0,4422.0,4422.0,1505.0,701.0,41.0,386.0,140.0,761.0,3314.0,4574.0,4702.0,4696.0,1588.0,763.0,229.0,608.0,334.0,1105.0,3507.0,4649.0,4701.0,4989.0,1663.0,818.0,455.0,982.0,629.0,1725.0,3596.0,4345.0,4465.0,4624.0,1694.0,937.0,508.5,1055.5,794.0,1874.0,3425.5,3944.0,4255.0,4281.5,1981.0,1171.5,564.0,1150.0,1145.5,2140.5,3172.0,3580.5,3809.0,3983.0,2411.5,1474.5,951.0,1494.5,1659.0,2454.0,3205.0,3510.5,3786.0,3915.5,2774.0,1800.5,992.0,1511.0,1944.5,2606.0,3149.0,3439.5,3746.5,3800.0,3630.5,2572.0,1040.0,1508.5,2070.5,2540.5,2828.0,3103.0,3453.5,3511.0,2876.0,1835.0,861.0,1306.0,1983.0,2373.0,2521.0,2819.0,2930.0,3138.0,1761.0,1466.0,500.0,700.0,919.0,1002.0,1075.0,1120.0,1204.0,1208.0,3486.0,2515.0,943.0,1283.0,1805.0,2164.0,2270.0,2528.0,2616.0,2743.0,3325.5,2407.5,1008.0,1314.5,1791.0,2133.0,2236.0,2426.0,2570.5,2708.5,2960.5,2316.5,765.0,952.0,1283.0,1509.0,1582.5,1745.0,1837.5,1962.5,3028.0,2419.0,848.0,981.0,1291.0,1553.0,1612.0,1777.0,1840.0,1935.0,1573.0,1299.0,460.0,590.0,803.0,911.0,936.0,1021.0,1108.0,1111.0,723.5,612.0,593.0,599.5,621.5,640.5,659.0,686.0,838.5,725.5,1316.0,1010.0,436.0,583.0,708.0,812.0,844.0,871.0,963.0,974.0,319.0,251.0,174.0,145.0,137.0,179.0,194.0,197.0,191.0,213.0,2061.0,1744.0,777.0,982.0,1163.0,1268.0,1304.0,1368.0,1438.0,1464.0,1931.0,1648.5,755.0,885.5,1059.5,1163.0,1156.0,1235.5,1318.0,1321.5,1758.0,1488.0,567.0,687.0,852.0,963.0,921.0,998.0,1039.0,1108.0,2068.5,1786.5,828.0,985.5,1150.0,1255.5,1261.5,1359.0,1408.0,1409.0,2075.0,1774.5,831.0,1015.5,1175.5,1286.5,1331.0,1391.5,1469.5,1494.0,"{""type"":""MultiPoint"",""coordinates"":[]}"
1131_0,3,1772.0,1431.5,701.5,872.0,1100.0,1162.0,1215.5,1283.0,1404.0,1378.5,2220.5,1897.5,848.5,1076.5,1308.5,1415.0,1482.5,1537.0,1653.5,1653.5,2290.5,1975.5,874.0,1140.5,1392.5,1519.0,1561.0,1630.5,1688.0,1696.5,2625.0,2290.5,1137.0,1450.5,1737.0,1877.0,1907.5,1973.5,2054.0,2044.5,2236.0,1968.0,1107.0,1410.0,1669.0,1823.0,1650.0,1721.0,1739.0,1749.0,517.0,436.0,720.0,941.0,1016.0,1187.0,894.0,1043.0,919.0,783.0,657.0,550.0,623.0,984.0,908.0,1282.0,1051.0,1173.0,1000.0,957.0,1195.0,794.0,623.0,984.0,847.0,1396.0,1626.0,1686.0,1561.0,1600.0,1651.0,1007.0,441.0,757.0,522.0,1176.0,2429.0,2831.0,2806.0,2709.0,1806.0,1020.5,305.5,668.5,353.5,1103.0,3027.5,3692.0,3791.5,3760.5,1734.5,911.5,153.0,464.5,220.0,913.0,2997.5,4042.0,4132.0,4137.5,1926.0,1590.0,757.0,973.0,1197.0,1295.0,1349.0,1350.0,1504.0,1504.0,1683.0,921.0,200.0,470.0,250.0,893.0,3054.0,4173.0,4277.0,4264.0,1769.0,881.0,139.0,518.0,276.0,994.0,3331.0,4424.0,4633.0,4485.0,1787.0,952.0,292.0,762.0,466.0,1366.0,3484.0,4562.0,4730.0,4793.0,1888.0,1005.0,500.0,1066.0,760.0,1935.0,3543.0,4238.0,4439.0,4389.0,1932.0,1155.0,562.0,1144.0,947.0,2038.5,3255.5,3707.0,4071.5,3889.0,2118.5,1341.0,625.5,1208.5,1247.0,2212.5,3080.5,3319.0,3704.0,3774.0,2434.0,1529.0,1004.0,1543.5,1736.5,2433.5,3066.0,3279.5,3694.0,3680.0,2726.0,1844.0,1025.5,1566.0,2010.5,2693.5,3100.5,3417.5,3769.5,3701.5,3420.5,2433.5,1178.0,1644.5,2316.5,2859.5,3124.0,3302.0,3699.0,3653.5,3441.0,2407.0,1133.0,1553.0,2295.0,2548.0,2867.0,2899.0,3215.0,3342.0,1810.0,1501.0,630.0,834.0,1098.0,1214.0,1235.0,1288.0,1452.0,1438.0,3334.0,2407.0,1021.0,1420.0,1933.0,2233.0,2475.0,2546.0,2724.0,2835.0,3102.0,2293.0,1009.5,1361.0,1815.0,2144.5,2263.0,2407.0,2599.0,2626.5,2734.5,2177.0,783.5,1029.0,1347.0,1578.0,1660.5,1800.0,1926.0,1968.0,2871.0,2324.0,864.0,1077.0,1380.0,1635.0,1682.0,1836.0,1927.0,1978.0,1471.0,1219.0,431.0,542.0,762.0,863.0,872.0,986.0,1063.0,1052.0,594.0,512.0,276.0,386.0,446.0,503.0,543.0,533.0,565.0,593.0,1717.0,1381.0,598.0,798.0,983.0,1082.0,1092.0,1179.0,1303.0,1262.0,1700.0,1429.0,672.0,806.0,976.0,1056.0,1107.0,1178.0,1244.0,1249.0,2314.0,1964.0,863.0,1083.0,1310.0,1454.0,1469.0,1571.0,1650.0,1645.0,2091.0,1999.0,1068.0,1261.0,1512.0,1594.0,1627.0,1708.0,1889.0,1793.0,1786.5,1496.0,639.5,791.0,969.5,1036.0,1036.0,1087.0,1201.0,1199.5,2205.0,1889.5,884.0,1053.0,1242.0,1342.5,1378.0,1433.0,1558.0,1527.0,2209.0,1896.5,897.0,1086.5,1288.5,1386.0,1428.0,1506.0,1611.0,1601.5,"{""type"":""MultiPoint"",""coordinates"":[]}"
1132_0,3,3173.0,2305.0,1018.5,1136.0,1410.0,1614.0,1715.5,1871.5,2207.5,2172.5,2412.0,2229.0,671.0,891.0,1204.0,1320.0,1362.0,1473.0,1608.0,1607.0,2558.0,2366.0,789.0,986.0,1348.0,1486.0,1487.0,1606.0,1754.0,1750.0,2774.0,2586.0,890.5,1170.0,1506.0,1659.5,1735.0,1833.5,1948.5,1996.5,667.0,508.0,788.0,913.0,975.0,967.0,782.0,833.0,943.0,767.0,667.0,508.0,845.0,913.0,975.0,967.0,782.0,833.0,943.0,767.0,509.0,342.0,278.0,580.0,368.0,766.0,890.0,989.0,973.0,854.0,2076.0,1247.0,327.0,752.0,455.0,1095.0,2310.0,2531.0,2562.0,2542.0,2397.0,1689.0,560.0,838.0,719.0,1234.0,2249.0,2712.0,2792.0,2885.0,1303.5,689.5,99.5,326.5,113.0,564.5,2176.5,3031.0,3065.0,3029.5,1392.0,670.0,95.5,284.0,93.5,449.0,2444.0,3622.0,3691.0,3672.5,3477.0,2743.5,1002.5,1170.5,1461.5,1641.5,1744.0,1913.0,2182.0,2253.0,1354.5,614.5,90.0,251.5,69.5,444.5,2507.0,4190.5,4207.5,4362.5,1248.5,577.5,66.0,232.5,46.0,409.5,2525.0,4222.5,4364.0,4488.5,1187.0,568.0,347.0,508.0,355.0,642.0,2434.0,3873.0,3899.0,4146.0,1275.0,624.0,551.0,851.0,543.0,1201.0,2947.0,3934.0,4046.0,4149.0,1318.0,667.0,440.0,827.0,543.0,1201.0,2990.0,3962.0,4178.0,4242.0,1363.0,729.0,325.0,754.0,585.0,1293.0,2916.0,3524.0,3790.0,3843.0,2583.0,1528.5,930.0,1422.0,1670.0,2538.0,3244.0,3594.0,3913.5,4104.5,3269.0,2104.0,1241.0,1737.0,2244.0,2920.0,3385.5,3695.5,4058.5,4210.0,3570.0,2787.0,1064.0,1580.0,2263.0,2565.0,2796.0,3054.0,3354.0,3337.0,3759.5,2524.0,1154.0,1635.0,2468.5,2890.0,3033.5,3332.0,3599.5,3778.0,3540.5,2754.0,749.0,1002.5,1411.5,1667.5,1844.5,2007.0,2285.0,2364.5,4085.5,2898.5,1056.5,1462.5,2111.0,2505.0,2649.0,2911.5,3122.0,3319.5,5044.5,4180.0,2768.0,3011.0,3442.5,3863.5,3955.5,4145.0,4327.5,4389.5,3380.5,2525.5,873.5,1073.5,1397.0,1695.0,1892.5,2057.0,2266.5,2354.0,3235.5,2397.5,862.5,1056.5,1341.0,1633.0,1888.0,2053.5,2215.0,2348.0,2412.5,1645.5,528.0,759.5,970.0,1299.0,1662.0,1783.5,2025.0,2078.0,0.0,0.0,0.0,0.0,0.0,0.0,0.0,0.0,0.0,0.0,3727.0,2801.0,811.0,1130.0,1503.0,1862.0,2047.0,2230.0,2407.0,2580.0,3782.5,2812.0,943.5,1197.0,1517.5,1871.5,2111.5,2328.0,2612.5,2668.0,3421.5,2545.5,773.5,1072.5,1311.5,1671.0,2128.0,2319.5,2562.0,2647.0,1908.5,1687.0,521.0,656.5,887.0,994.5,1047.5,1124.5,1278.5,1306.0,2141.0,1874.0,563.0,714.0,1010.0,1120.0,1114.0,1176.0,1371.0,1426.0,2126.5,1999.5,556.5,737.5,1006.0,1120.5,1178.0,1243.0,1391.5,1388.0,2202.0,2068.5,614.0,807.5,1082.0,1182.5,1266.0,1341.5,1480.5,1468.0,"{""type"":""MultiPoint"",""coordinates"":[]}"
1133_0,3,2896.0,2131.5,846.0,961.0,1285.5,1438.5,1516.0,1639.0,1834.0,1929.0,2079.0,1924.0,629.0,849.0,1148.0,1263.0,1271.0,1374.0,1445.0,1472.0,2186.0,2048.0,731.0,909.0,1199.0,1352.0,1359.0,1445.0,1525.0,1569.0,2135.0,2005.5,725.0,952.0,1224.5,1355.5,1393.5,1466.0,1541.0,1556.0,451.0,391.0,730.0,792.0,882.0,1005.0,972.0,1029.0,1061.0,977.0,419.0,340.0,381.0,641.0,583.0,821.0,846.0,915.0,934.0,893.0,521.0,386.0,381.0,626.0,511.0,867.0,1029.0,1114.0,1147.0,1096.0,1837.0,1146.0,370.0,652.0,506.0,955.0,2121.0,2291.0,2395.0,2397.0,950.0,557.0,210.0,410.0,285.0,630.0,1659.0,2146.0,2089.0,2046.0,1062.0,548.0,87.5,288.0,104.5,521.0,1999.0,2643.5,2632.5,2636.0,1198.0,556.5,50.0,224.5,44.5,421.5,2290.5,3313.0,3308.0,3308.5,3233.5,2671.0,1139.5,1181.0,1395.5,1542.0,1601.5,1731.5,1895.5,1942.5,1202.0,559.0,49.0,225.0,21.5,428.5,2427.0,3877.5,3852.0,3994.0,1035.5,470.0,36.0,225.5,7.5,471.5,2504.0,3840.5,3907.0,4046.5,1142.0,529.0,467.0,759.0,482.0,1107.0,2875.0,3744.0,3870.0,3954.0,1232.0,625.0,574.0,954.0,711.0,1522.0,3076.0,3730.0,3870.0,3931.0,1247.0,687.0,499.0,939.0,738.0,1612.0,2799.0,3240.0,3410.0,3428.0,1592.0,929.0,470.0,947.0,1011.0,1820.0,2628.0,2919.0,3117.0,3260.0,4291.5,3023.5,1241.0,1763.0,2411.5,2980.5,3229.0,3494.5,3833.5,3923.0,4463.0,3245.0,1352.0,1873.0,2622.0,3029.5,3285.0,3536.0,3897.5,3958.5,3690.0,2952.0,1165.0,1594.0,2191.0,2488.0,2679.0,2904.0,3261.0,3239.0,3572.0,2638.5,1118.5,1519.0,2142.0,2465.5,2597.5,2816.5,2988.0,3184.5,3222.5,2548.0,705.5,910.5,1269.0,1431.5,1518.0,1644.0,1854.5,1921.5,3715.0,2882.0,1000.5,1314.0,1786.5,2060.0,2219.5,2385.5,2560.5,2688.5,3887.0,3152.5,1907.0,2102.0,2413.5,2679.0,2778.5,2937.5,3048.0,3109.0,3297.5,2779.5,915.0,1063.5,1320.0,1523.5,1678.5,1798.0,1961.0,2014.5,3168.5,2648.0,875.5,1033.0,1270.5,1488.5,1641.5,1783.5,1886.5,1971.0,2450.5,1870.5,593.5,760.5,1005.5,1214.0,1367.5,1443.5,1631.5,1691.0,0.0,0.0,0.0,0.0,0.0,0.0,0.0,0.0,0.0,0.0,3508.0,2742.0,810.0,1090.0,1572.0,1795.0,1839.0,1987.0,2163.0,2248.0,3694.0,3013.0,1143.0,1323.0,1680.0,1885.0,2119.0,2283.0,2479.0,2581.0,3405.0,2739.0,932.0,1197.0,1638.0,1821.0,1915.0,2018.0,2243.0,2350.0,3029.5,2509.5,1001.5,1283.5,1655.0,1897.5,2026.5,2278.0,2100.0,2409.5,1983.0,1802.0,704.0,866.0,1091.0,1232.0,1269.0,1374.0,1428.0,1470.0,1832.0,1701.0,527.5,696.5,954.5,1043.0,1063.0,1124.5,1234.5,1235.5,1889.5,1760.5,567.5,767.0,1011.0,1112.0,1139.5,1225.5,1318.5,1314.5,"{""type"":""MultiPoint"",""coordinates"":[]}"
1134_0,3,2007.0,1771.0,1156.5,1188.0,1263.5,1442.0,1556.0,1605.5,1725.5,1709.5,2597.0,2448.0,918.0,1168.0,1491.0,1668.0,1690.0,1777.0,1873.0,1927.0,2559.0,2477.0,894.0,1104.0,1395.0,1589.0,1596.0,1695.0,1763.0,1844.0,802.5,777.0,647.0,798.5,955.5,1050.5,873.0,921.5,812.0,793.5,505.0,502.5,538.0,686.5,709.0,834.0,639.5,637.0,575.5,556.5,517.0,443.5,370.0,602.5,488.5,791.5,780.5,879.0,809.0,740.0,862.0,575.0,302.0,548.0,386.0,807.0,1274.0,1425.0,1349.0,1348.0,1234.0,771.0,261.0,554.0,338.0,909.0,1856.0,2123.0,1964.0,2033.0,1571.0,828.0,109.0,390.0,103.0,701.0,3006.0,4223.0,4078.0,4235.0,1598.0,791.5,64.5,263.0,29.5,466.0,2901.0,4829.5,4857.0,5048.5,1436.5,717.0,43.5,208.5,19.0,392.5,2618.5,4649.5,4883.5,5003.5,2359.0,2114.0,1534.0,1550.0,1636.0,1759.5,1852.0,1872.0,1998.0,1917.5,1443.0,714.5,48.0,175.0,30.5,377.0,2499.0,4587.0,4583.0,4864.5,1421.0,698.5,106.0,384.5,102.0,687.0,2918.0,4472.0,4592.0,4828.5,1512.0,793.0,504.0,821.0,560.0,1198.0,3109.0,4249.0,4333.0,4551.0,1648.0,890.0,666.0,982.0,766.0,1522.0,3169.0,3865.0,4038.0,4164.0,1700.0,976.0,522.0,945.0,773.0,1526.0,2938.0,3573.0,3842.0,3872.0,2278.0,1388.0,589.0,1020.0,1086.0,2002.0,3240.0,3615.0,3996.0,4029.0,4734.0,3352.5,1245.5,1684.5,2320.5,2876.0,3335.0,3670.0,3997.5,4161.0,4959.5,3613.5,1284.0,1778.5,2621.5,2982.5,3229.0,3497.0,3802.0,3915.0,4360.0,3388.0,1216.0,1720.0,2492.0,2779.0,3028.0,3283.0,3686.0,3630.0,4392.0,3211.0,1202.5,1639.0,2345.5,2756.0,2840.5,3126.0,3372.5,3520.5,1667.0,1462.0,504.0,676.0,918.0,1043.0,1135.0,1175.0,1339.0,1321.0,4268.0,3383.0,1011.0,1360.0,1907.0,2271.0,2383.0,2551.0,2683.0,2956.0,2877.0,2655.0,1010.0,1087.0,1274.0,1450.0,1645.0,1653.0,1801.0,1917.0,2931.5,2614.5,649.0,844.5,1071.0,1305.0,1559.5,1661.0,1863.0,1946.0,2985.0,2707.0,713.0,873.0,1088.5,1326.5,1600.5,1712.0,1856.5,1917.0,2260.0,1717.5,447.5,700.0,902.5,1238.0,1640.5,1820.0,1989.5,2057.0,0.0,0.0,0.0,0.0,0.0,0.0,0.0,0.0,0.0,0.0,1458.0,1184.0,268.0,402.0,613.0,825.0,783.0,969.0,1010.0,1037.0,1279.5,1118.0,520.0,544.0,604.5,777.0,823.0,949.0,1089.5,1028.5,1971.5,1717.0,512.0,736.0,932.5,1175.5,1332.0,1451.0,1582.5,1563.5,1892.5,1684.5,536.5,676.0,854.5,1002.5,1169.0,1296.0,1405.5,1371.5,1786.0,1632.0,449.0,568.0,778.0,800.0,876.0,970.0,1111.0,1035.0,2316.0,2194.5,737.0,965.0,1253.0,1395.0,1494.0,1577.0,1696.5,1657.5,2536.5,2457.5,826.5,1073.0,1378.5,1541.5,1593.5,1663.0,1781.5,1823.0,"{""type"":""MultiPoint"",""coordinates"":[]}"
1135_0,3,1735.5,1437.0,560.5,716.0,937.5,1036.5,1074.0,1150.0,1233.0,1246.0,2323.0,2019.5,885.5,1160.5,1421.5,1531.5,1567.0,1651.5,1756.0,1741.5,2373.0,2076.0,908.5,1198.5,1430.0,1550.0,1596.0,1649.5,1727.5,1726.5,2291.5,2023.5,890.5,1162.5,1383.5,1494.0,1544.0,1603.0,1655.5,1659.0,321.0,314.0,1078.0,1404.0,1429.0,1509.0,1083.0,1069.0,1011.0,799.0,321.0,314.0,784.0,1093.0,1130.0,1414.0,1083.0,1069.0,1011.0,799.0,442.0,326.0,622.0,977.0,974.0,1414.0,1363.0,1463.0,1417.0,1251.0,605.0,482.0,566.0,920.0,859.0,1435.0,1565.0,1719.0,1573.0,1531.0,750.0,585.0,495.0,800.0,712.0,1213.0,1517.0,1662.0,1512.0,1409.0,852.0,591.5,264.5,513.5,366.0,975.5,1699.0,1967.0,1905.0,1748.5,1245.0,727.5,275.5,537.0,351.5,1005.5,2562.0,3118.5,3217.0,3082.0,1925.0,1650.0,704.0,876.0,1093.0,1197.0,1216.0,1302.0,1351.0,1371.0,1436.0,801.0,358.0,634.0,485.0,1069.0,2426.0,3135.0,3132.0,3077.0,1311.0,688.0,159.0,429.0,277.0,853.0,2426.0,3144.0,3159.0,3077.0,1292.0,671.0,159.0,404.0,220.0,780.0,2620.0,3497.0,3481.0,3450.0,1518.0,805.0,378.0,744.0,425.0,1204.0,3231.0,3896.0,4034.0,4021.0,1634.5,843.0,434.0,910.5,496.5,1450.0,3362.5,3989.0,4337.0,4171.0,1676.0,956.0,434.0,979.0,635.5,1685.0,3140.0,3505.5,3750.0,3711.5,2035.0,1146.5,799.5,1472.0,1267.0,2151.0,3269.0,3558.5,3941.5,3953.0,2427.0,1496.5,839.0,1513.0,1484.5,2484.0,3340.0,3626.0,4057.0,3995.0,3322.5,2393.0,1057.0,1549.5,2027.5,2574.0,2848.0,3104.0,3464.5,3463.0,3540.0,2450.0,1036.0,1501.0,2198.0,2619.0,2776.0,2957.0,3172.0,3315.0,1808.0,1551.0,510.0,708.0,950.0,1086.0,1131.0,1219.0,1287.0,1262.0,3411.0,2450.0,937.0,1328.0,1865.0,2230.0,2425.0,2538.0,2678.0,2905.0,3254.0,2397.5,935.0,1240.0,1730.0,2023.0,2126.0,2334.0,2555.5,2612.0,2901.0,2285.5,699.5,919.0,1262.0,1500.5,1580.5,1733.5,1891.5,1958.0,3051.0,2411.0,777.0,957.0,1293.0,1523.0,1604.0,1764.0,1899.0,1978.0,2363.0,1549.0,578.0,752.0,1054.0,1199.0,1316.0,1426.0,1650.0,1640.0,0.0,0.0,0.0,0.0,0.0,0.0,0.0,0.0,0.0,0.0,1630.0,1288.0,515.0,692.0,875.0,982.0,1024.0,1081.0,1202.0,1181.0,1867.0,1578.0,634.0,788.0,981.0,1061.0,1099.0,1172.0,1245.0,1283.0,2305.0,1974.0,779.0,1052.0,1291.0,1401.0,1480.0,1529.0,1628.0,1635.0,2489.0,2163.0,980.0,1195.0,1422.0,1506.0,1597.0,1693.0,1834.0,1753.0,1946.0,1642.0,601.0,765.0,990.0,1081.0,1096.0,1146.0,1274.0,1292.0,2113.0,1795.0,736.0,930.0,1148.0,1262.0,1301.0,1405.0,1490.0,1476.0,2160.0,1855.0,804.5,1017.0,1228.5,1324.5,1392.5,1439.0,1566.0,1536.0,"{""type"":""MultiPoint"",""coordinates"":[]}"
1136_0,3,1776.5,1475.0,600.0,737.5,955.0,1075.0,1106.5,1182.5,1265.0,1307.0,2174.0,1860.5,809.5,1010.0,1245.5,1348.0,1415.5,1474.5,1577.5,1589.5,2260.0,1942.5,817.5,1082.5,1356.5,1479.5,1506.0,1600.5,1648.0,1675.0,2616.5,2255.0,1149.0,1486.5,1779.5,1916.5,1920.5,1995.5,2048.5,2056.0,2201.0,1932.0,1151.0,1466.0,1539.0,1640.0,1585.0,1633.0,1714.0,1676.0,343.0,314.0,1177.0,1502.0,1539.0,1640.0,1220.0,1221.0,1181.0,930.0,276.0,202.0,658.0,992.0,971.0,1293.0,1084.0,1194.0,1123.0,966.0,364.0,283.0,616.0,982.0,949.0,1301.0,1141.0,1197.0,1091.0,981.0,500.0,398.0,497.0,802.0,744.0,1096.0,1087.0,1187.0,1130.0,1016.0,1086.0,589.0,230.0,524.0,289.5,847.5,2016.0,2370.0,2268.5,2247.5,1552.0,752.0,114.5,382.0,86.0,670.0,2879.0,3921.5,3979.5,3861.5,1958.0,1646.0,670.0,860.0,1060.0,1189.0,1218.0,1281.0,1341.0,1395.0,1534.0,720.0,141.0,412.0,98.0,678.0,3227.0,4409.0,4335.0,4502.0,1453.0,678.0,74.0,386.0,70.0,761.0,3314.0,4493.0,4518.0,4618.0,1476.0,678.0,146.0,500.0,217.0,920.0,3450.0,4639.0,4651.0,4806.0,1540.0,719.0,414.0,944.0,554.0,1643.0,3665.0,4380.0,4478.0,4567.0,1541.0,811.0,475.5,1039.5,696.0,1839.0,3387.0,3895.0,4170.0,4148.5,1793.5,1027.5,519.5,1103.5,1079.5,2113.0,3093.0,3453.0,3710.0,3839.0,2298.5,1356.5,948.5,1488.5,1694.0,2427.5,3115.0,3415.5,3712.5,3785.5,2619.0,1692.0,994.5,1536.5,1920.5,2714.5,3221.5,3493.5,3803.0,3944.0,3538.0,2422.0,1089.0,1589.0,2233.0,2845.5,3100.0,3393.5,3722.0,3862.5,3417.0,2385.0,1076.0,1562.0,2386.0,2888.0,3121.0,3305.0,3567.0,3798.0,1819.0,1571.0,516.0,709.0,943.0,1060.0,1093.0,1162.0,1283.0,1277.0,3507.0,2502.0,1046.0,1435.0,2080.0,2489.0,2607.0,2882.0,3045.0,3217.0,3345.0,2404.5,1007.0,1342.5,1932.5,2253.5,2415.5,2640.5,2895.5,2971.5,2985.0,2279.5,754.5,991.5,1365.0,1610.0,1728.0,1870.5,2122.5,2138.0,3004.0,2370.0,815.0,1008.0,1347.0,1582.0,1665.0,1834.0,2028.0,2070.0,1639.0,1354.0,530.0,675.0,938.0,1028.0,1100.0,1147.0,1321.0,1256.0,628.0,544.0,340.0,416.0,505.0,547.0,559.0,595.0,659.0,675.0,1417.0,1134.0,448.0,611.0,758.0,843.0,901.0,931.0,1039.0,1047.0,493.0,373.0,263.0,261.0,272.0,289.0,317.0,338.0,358.0,356.0,2155.0,1866.0,745.0,945.0,1139.0,1278.0,1305.0,1359.0,1475.0,1506.0,2030.0,1970.0,977.0,1135.0,1314.0,1437.0,1504.0,1588.0,1690.0,1679.0,1758.5,1490.5,555.5,686.0,859.5,965.5,951.0,1001.0,1092.0,1103.5,2045.5,1765.5,748.5,937.5,1114.0,1213.5,1248.5,1337.0,1430.0,1421.5,2171.0,1868.0,839.5,1019.5,1198.5,1308.0,1347.5,1401.0,1518.5,1522.5,"{""type"":""MultiPoint"",""coordinates"":[]}"
1137_0,3,168.0,147.5,188.0,264.0,373.0,423.0,302.0,327.5,325.5,275.0,2189.0,1896.0,673.0,859.0,1100.0,1207.0,1282.5,1369.5,1478.5,1500.0,2334.0,2079.5,727.0,949.0,1198.5,1332.0,1381.5,1469.0,1574.5,1595.0,2507.5,2260.0,850.5,1101.0,1370.5,1488.5,1532.0,1614.5,1710.5,1753.5,2643.0,2410.0,965.0,1216.0,1474.0,1637.0,1653.0,1773.0,1859.0,1864.0,864.0,830.0,555.0,720.0,850.0,963.0,873.0,916.0,864.0,928.0,367.0,289.0,668.0,916.0,932.0,1153.0,1048.0,1096.0,1059.0,966.0,586.0,419.0,745.0,1015.0,980.0,1326.0,1312.0,1345.0,1282.0,1211.0,892.0,743.0,530.0,856.0,673.0,1301.0,1718.0,1841.0,1596.0,1614.0,1688.5,926.5,353.0,691.0,467.5,1090.0,2620.5,3123.5,3141.5,3221.0,1399.5,734.5,205.5,444.5,263.5,808.5,2289.0,2888.0,2857.5,2864.5,235.0,211.0,335.0,450.0,549.0,630.0,476.0,552.0,542.0,464.0,1585.0,805.0,221.0,438.0,272.0,788.0,2528.0,3517.0,3736.0,3733.0,1458.0,742.0,148.0,378.0,235.0,728.0,2475.0,3438.0,3504.0,3672.0,1500.0,754.0,152.0,402.0,219.0,773.0,2671.0,3821.0,3903.0,4086.0,1561.0,788.0,415.0,779.0,499.0,1342.0,3035.0,3677.0,3818.0,3828.0,1541.0,838.0,429.0,871.0,653.0,1502.0,2754.0,3281.0,3615.0,3561.0,1719.0,988.0,463.5,870.5,898.0,1614.0,2554.0,2872.5,3175.5,3210.0,2035.5,1212.0,810.5,1228.0,1393.5,1869.0,2505.0,2780.5,3110.5,3161.0,3673.0,2552.0,1029.0,1443.0,1877.5,2428.5,2783.0,3087.0,3389.0,3496.0,4120.0,2737.5,1348.0,1886.0,2673.5,3208.5,3455.5,3713.5,4174.0,4200.5,3047.0,2285.0,1038.0,1425.0,1968.0,2153.0,2392.0,2469.0,2719.0,2923.0,217.0,174.0,335.0,391.0,499.0,587.0,476.0,552.0,542.0,462.0,3052.0,2290.0,999.0,1365.0,1858.0,2135.0,2117.0,2469.0,2516.0,2512.0,2890.5,2180.5,940.5,1218.0,1618.0,1778.5,1924.5,2016.5,2247.0,2247.0,2539.5,1948.0,724.5,893.0,1191.0,1314.0,1405.0,1531.0,1753.0,1680.0,332.0,278.0,340.0,467.0,592.0,689.0,526.0,613.0,596.0,517.0,164.0,137.0,156.0,215.0,295.0,344.0,250.0,305.0,278.0,232.0,467.0,469.0,659.0,569.0,549.0,568.0,495.0,540.0,638.0,549.0,151.0,146.0,191.0,308.0,425.0,517.0,360.0,424.0,407.0,332.0,985.0,629.0,380.0,504.0,682.0,874.0,884.0,1014.0,1132.0,1182.0,2972.0,2275.0,931.0,1220.0,1576.0,1746.0,1842.0,1981.0,2197.0,2168.0,2230.0,1532.0,607.0,797.0,1157.0,1307.0,1390.0,1563.0,1744.0,1766.0,2635.0,1931.0,752.5,984.5,1336.0,1531.0,1610.0,1768.0,1923.5,1941.5,3545.5,2888.5,1174.5,1451.0,1796.5,2018.0,2152.5,2282.0,2451.5,2510.0,3400.5,2798.0,1155.5,1407.0,1730.5,1920.0,2040.5,2155.0,2338.5,2386.0,"{""type"":""MultiPoint"",""coordinates"":[]}"
1138_0,3,2790.5,2467.5,1921.0,1876.5,1973.0,2116.0,2180.5,2243.0,2349.5,2321.5,2778.0,2567.0,857.0,1151.0,1515.0,1691.0,1744.0,1829.0,1922.0,2010.0,2452.0,2276.0,645.0,903.0,1230.0,1396.0,1424.0,1549.0,1649.0,1682.0,453.5,404.0,395.5,558.5,548.0,637.0,440.0,454.0,380.5,399.0,476.0,409.5,371.0,530.0,522.0,768.0,580.0,661.5,569.5,591.0,650.0,540.5,328.5,604.0,481.5,875.5,931.5,1067.5,1009.5,993.0,1015.0,800.0,242.0,535.0,254.0,953.0,1486.0,1640.0,1629.0,1515.0,1398.0,901.0,242.0,535.0,266.0,888.0,2004.0,2538.0,2652.0,2497.0,1401.0,745.0,123.0,334.0,126.0,668.0,2434.0,3290.0,3347.0,3334.0,1425.0,745.5,42.0,253.5,68.5,608.0,2626.5,3894.0,4016.5,4036.5,1450.0,758.5,62.0,284.0,87.5,616.5,2691.0,4087.0,4246.0,4305.5,2345.5,2036.0,1497.0,1435.0,1485.0,1635.0,1677.5,1727.5,1894.0,1767.5,1548.5,795.0,86.5,312.5,149.5,686.0,2877.0,4237.5,4438.0,4502.5,1631.0,818.5,195.5,720.0,308.5,1268.0,3388.5,4358.5,4602.0,4619.0,1669.0,875.0,544.0,893.0,687.0,1436.0,3372.0,4070.0,4265.0,4377.0,1774.0,1015.0,678.0,1089.0,954.0,1817.0,3130.0,3628.0,3856.0,3920.0,1904.0,1109.0,638.0,1110.0,1022.0,1859.0,2889.0,3293.0,3711.0,3652.0,4191.0,2860.0,999.0,1512.0,1797.0,2543.0,3021.0,3291.0,3643.0,3737.0,4648.0,3335.0,1249.0,1709.5,2474.0,2912.5,3130.5,3451.5,3793.5,3882.5,4563.5,3352.5,1209.5,1675.0,2416.0,2738.5,3005.5,3212.5,3642.5,3694.5,4312.0,3168.0,1131.5,1561.5,2295.0,2607.0,2820.5,3087.0,3560.0,3559.0,4027.0,3143.0,1090.0,1415.0,1949.0,2297.0,2447.0,2648.0,2826.0,2964.0,2311.0,2009.5,533.5,755.0,1001.0,1185.5,1315.5,1413.0,1505.0,1580.0,3642.5,2946.0,811.0,1103.0,1466.0,1739.0,1942.0,2105.5,2227.5,2401.0,2704.0,2346.5,1243.0,1355.0,1572.0,1677.5,1819.0,1822.5,2034.0,2060.5,3242.0,2952.0,892.5,1014.0,1227.5,1397.0,1618.0,1702.0,1928.0,1962.5,2944.5,2644.5,777.5,908.5,1096.0,1259.0,1429.5,1546.5,1760.5,1769.5,2660.0,1912.0,611.0,754.0,955.0,1125.0,1288.0,1403.0,1599.0,1621.0,0.0,0.0,0.0,0.0,0.0,0.0,0.0,0.0,0.0,0.0,2171.0,1743.0,393.0,634.0,883.0,1120.0,1386.0,1420.0,1517.0,1629.0,1405.0,1185.5,388.5,470.5,587.0,775.5,873.5,1027.0,1003.0,1081.5,2362.5,1959.0,590.5,856.0,1038.0,1371.5,1725.0,1911.0,1989.0,2027.0,2459.0,2025.5,699.0,905.0,1075.0,1415.5,1897.0,2061.5,2176.5,2245.5,2401.0,2129.0,702.0,923.0,1096.0,1398.0,1532.0,1626.0,1720.0,1785.0,2273.0,2168.0,638.0,862.0,1110.0,1283.0,1368.0,1498.0,1517.0,1653.0,2323.5,2204.0,689.0,923.0,1216.5,1365.0,1451.0,1555.5,1646.5,1665.0,"{""type"":""MultiPoint"",""coordinates"":[]}"
1139_0,3,3474.5,2676.0,955.0,1147.5,1529.0,1726.0,1869.5,2014.0,2262.5,2322.0,2292.0,2121.0,636.0,851.0,1146.0,1233.0,1246.0,1369.0,1503.0,1509.0,2413.0,2285.0,744.0,939.0,1221.0,1356.0,1381.0,1497.0,1559.0,1597.0,2341.5,2212.5,742.0,974.0,1265.5,1382.5,1428.5,1515.5,1613.0,1605.5,422.0,367.0,864.0,922.0,921.0,922.0,715.0,691.0,769.0,586.0,422.0,367.0,864.0,922.0,921.0,922.0,715.0,691.0,769.0,586.0,560.0,486.0,404.0,782.0,446.0,865.0,949.0,1019.0,1068.0,990.0,1519.0,870.0,404.0,817.0,446.0,1373.0,2562.0,2804.0,2728.0,2676.0,1546.0,773.0,199.0,658.0,267.0,1215.0,3205.0,3613.0,3577.0,3505.0,1590.5,779.0,193.0,554.5,385.5,1066.0,2813.5,3371.5,3572.0,3726.5,1288.5,672.5,114.0,366.0,218.0,743.5,2290.0,3064.5,3089.0,3165.5,3443.0,2883.5,1149.5,1334.0,1667.5,1867.0,1934.5,2043.0,2198.0,2260.5,1214.0,557.0,59.5,219.0,60.0,469.0,2233.5,3364.0,3370.5,3494.5,1063.0,501.0,31.0,194.0,15.5,402.5,2264.5,3448.0,3468.0,3590.5,1051.0,481.0,437.0,652.0,437.0,892.0,2418.0,3548.0,3525.0,3699.0,1228.0,589.0,541.0,844.0,564.0,1255.0,2902.0,3689.0,3760.0,3857.0,1228.0,641.0,407.0,790.0,564.0,1255.0,2785.0,3424.0,3582.0,3630.0,1411.0,751.0,333.0,761.0,653.0,1419.0,2692.0,3220.0,3356.0,3480.0,2036.0,1154.0,671.5,1213.5,1165.5,2077.5,3059.5,3450.0,3732.0,3804.0,2507.0,1566.0,1035.5,1527.5,1691.5,2383.0,3116.0,3392.0,3754.0,3810.0,3631.0,2813.0,1203.0,1586.0,2172.0,2519.0,2749.0,2959.0,3303.0,3322.0,3386.5,2311.5,1121.0,1508.0,2153.0,2578.5,2705.5,2864.0,3058.5,3257.0,3630.5,2896.0,826.5,1096.0,1540.5,1724.0,1827.0,1974.5,2268.5,2243.5,4011.0,2919.0,1111.0,1515.5,2090.0,2426.5,2573.5,2763.0,2946.5,3122.5,4795.0,3966.0,2566.5,2819.5,3245.0,3594.0,3684.5,3824.0,3996.0,4068.0,3362.0,2645.0,1025.5,1243.0,1602.5,1870.0,1948.5,2129.5,2327.5,2416.5,3459.5,2753.5,977.0,1182.0,1501.5,1752.0,1868.5,2034.0,2205.5,2293.0,2934.0,2234.0,725.0,962.5,1311.0,1542.0,1647.5,1781.5,1990.5,2017.0,0.0,0.0,0.0,0.0,0.0,0.0,0.0,0.0,0.0,0.0,3771.0,2945.0,960.0,1236.0,1746.0,2032.0,1971.0,2166.0,2405.0,2479.0,2995.0,2385.0,1018.0,1268.0,1746.0,2035.0,1990.0,2166.0,2405.0,2517.0,3662.0,2899.0,1039.0,1334.0,1784.0,2025.0,2064.0,2241.0,2490.0,2532.0,1909.5,1699.5,557.5,682.0,938.0,1017.5,1014.5,1102.5,1212.0,1221.0,1978.0,1736.0,576.0,691.0,999.0,1067.0,994.0,1101.0,1206.0,1207.0,2014.5,1889.0,540.0,711.0,990.5,1074.0,1086.0,1139.0,1273.0,1265.5,2072.5,1954.0,582.0,770.5,1054.0,1142.5,1176.5,1215.0,1362.5,1350.0,"{""type"":""MultiPoint"",""coordinates"":[]}"
1140_0,3,1874.0,1545.0,557.5,724.5,977.0,1089.5,1111.0,1202.5,1328.0,1334.5,2431.0,2079.0,947.5,1243.0,1536.5,1658.0,1692.0,1778.0,1887.0,1878.5,1342.0,1142.0,611.5,852.5,1029.5,1148.5,1111.5,1176.5,1244.0,1230.0,218.0,213.0,532.5,798.5,822.5,976.5,708.5,780.0,728.0,590.5,459.0,406.0,894.0,1093.5,1112.5,1349.5,1200.5,1225.0,1215.0,1084.5,332.5,277.0,488.5,754.0,641.0,978.5,884.0,968.5,851.5,802.0,879.0,526.0,473.5,754.5,545.0,1051.5,1816.0,1961.5,1956.0,1841.0,1401.5,749.5,355.5,754.0,397.0,1116.0,2963.0,3314.5,3338.0,3329.0,1695.5,833.5,269.0,663.0,372.5,1149.5,3341.5,4046.0,4123.5,4148.5,1720.5,887.5,233.5,580.5,362.5,1120.5,3006.5,3782.5,3855.5,4025.0,1634.0,847.0,188.5,432.5,269.0,870.5,2734.5,3606.0,3785.5,3868.5,2166.5,1793.0,617.0,837.5,1103.5,1272.0,1283.5,1360.5,1466.5,1480.5,1672.5,836.5,190.5,478.0,241.5,901.0,2932.0,3817.0,3900.5,4032.5,1695.0,815.0,254.5,788.5,359.0,1391.5,3650.5,4400.5,4577.5,4620.5,1766.5,898.0,376.5,864.0,497.5,1503.0,3738.5,4403.0,4457.5,4637.5,2057.5,1086.0,571.5,1069.5,830.5,1983.0,3620.0,4089.0,4367.0,4444.5,2267.5,1279.0,632.0,1134.0,1075.0,2123.0,3328.0,3728.0,4220.5,4194.5,2715.0,1619.0,727.0,1235.0,1460.0,2380.0,3223.0,3564.0,3904.0,4012.0,4348.5,2927.0,1284.5,1763.5,2526.5,3043.0,3213.0,3541.5,3922.5,4024.5,4161.0,2926.5,1183.0,1667.5,2491.0,2892.5,3141.5,3402.5,3840.0,3831.5,3177.0,2442.5,967.5,1341.5,1895.0,2097.5,2274.0,2444.0,2701.5,2748.0,2191.0,1737.0,676.0,928.0,1254.0,1462.0,1507.0,1620.0,1650.5,1754.5,2020.5,1674.5,534.0,762.5,1049.0,1150.0,1210.5,1300.5,1413.0,1454.5,2229.0,1769.0,724.0,972.5,1305.5,1499.5,1527.0,1649.0,1734.0,1795.5,2015.0,1615.0,787.0,974.5,1223.0,1386.0,1377.5,1465.0,1583.5,1600.5,1939.5,1588.5,622.0,766.0,1010.0,1151.5,1191.0,1287.0,1336.5,1368.5,1958.5,1664.0,595.5,759.5,997.0,1134.5,1164.5,1282.0,1299.5,1344.0,935.0,627.0,332.0,436.5,582.0,639.0,661.0,750.5,783.0,780.0,0.0,0.0,0.0,0.0,0.0,0.0,0.0,0.0,0.0,0.0,1654.5,1241.5,462.0,657.5,863.5,970.0,1037.0,1093.0,1229.0,1206.0,1869.5,1554.0,659.0,799.5,946.5,1064.5,1119.0,1181.0,1287.0,1290.0,2387.0,1996.0,829.5,1038.0,1302.5,1435.0,1496.5,1571.5,1683.0,1725.5,2363.0,1968.5,836.0,1005.0,1267.5,1388.5,1445.0,1509.0,1668.0,1628.0,2197.5,1804.0,801.0,914.0,1139.5,1238.5,1280.0,1348.5,1479.0,1450.0,2159.5,1848.5,704.5,885.0,1158.5,1256.5,1304.5,1389.0,1513.0,1496.5,2208.0,1912.0,767.5,989.5,1255.0,1407.5,1444.0,1518.5,1623.5,1597.5,"{""type"":""MultiPoint"",""coordinates"":[]}"
1141_0,3,178.0,168.5,211.5,298.0,395.0,436.0,293.0,361.0,338.5,238.5,2203.0,1906.5,673.5,868.0,1101.0,1223.0,1296.5,1405.5,1513.0,1553.0,2380.5,2121.5,741.0,959.0,1224.0,1348.0,1405.5,1503.5,1618.5,1634.5,2543.0,2287.0,879.0,1129.0,1405.5,1512.5,1571.5,1669.0,1779.5,1809.5,2658.0,2435.0,1009.0,1248.0,1537.0,1639.0,1702.0,1783.0,1919.0,1930.0,1218.0,1184.0,971.0,1209.0,1458.0,1556.0,1605.0,1703.0,1450.0,1577.0,432.0,354.0,720.0,1005.0,981.0,1233.0,970.0,1014.0,911.0,835.0,718.0,515.0,761.0,1094.0,1086.0,1507.0,1529.0,1671.0,1490.0,1494.0,1161.0,824.0,525.0,875.0,693.0,1290.0,2081.0,2267.0,2161.0,2110.0,1508.5,841.5,322.0,661.5,383.0,986.0,2640.0,3244.0,3212.0,3140.5,1514.0,790.5,182.5,444.0,232.5,742.5,2765.5,3708.0,3678.5,3676.5,267.0,223.0,295.0,430.0,519.0,610.0,503.0,522.0,573.0,486.0,1544.0,800.0,222.0,458.0,252.0,731.0,2698.0,3941.0,3983.0,4082.0,1523.0,782.0,166.0,391.0,233.0,731.0,2766.0,3941.0,4096.0,4191.0,1584.0,799.0,166.0,423.0,246.0,824.0,3044.0,4372.0,4481.0,4634.0,1646.0,845.0,451.0,871.0,557.0,1507.0,3300.0,4029.0,4253.0,4246.0,1661.0,884.5,465.0,940.0,667.0,1599.0,3158.0,3698.0,4036.0,3965.0,1885.0,1094.5,518.0,992.0,934.0,1811.0,2966.5,3381.5,3671.5,3729.5,2296.0,1372.0,898.0,1359.0,1470.0,2125.5,2944.5,3286.5,3623.5,3655.5,3819.5,2642.5,1066.5,1505.0,1947.0,2582.5,3058.0,3351.5,3683.0,3751.5,4268.0,2836.5,1326.5,1876.5,2687.0,3271.0,3552.5,3857.5,4199.0,4275.5,3054.0,1985.0,1125.0,1514.0,2155.0,2525.0,2682.0,2913.0,2984.0,3207.0,236.0,201.0,342.0,417.0,519.0,610.0,503.0,522.0,566.0,441.0,3565.0,2599.0,1164.0,1578.0,2161.0,2365.0,2669.0,2744.0,2907.0,3016.0,3361.5,2490.5,1078.0,1420.0,1933.0,2177.5,2279.0,2444.5,2713.5,2736.5,2900.5,2274.5,836.5,1077.0,1452.5,1570.5,1701.5,1824.0,2072.0,2000.5,401.0,307.0,352.0,513.0,642.0,732.0,615.0,666.0,731.0,635.0,173.0,144.0,146.0,200.0,282.0,329.0,256.0,275.0,296.0,229.0,678.0,646.0,564.0,579.0,643.0,712.0,673.0,635.0,616.0,667.0,176.0,161.0,196.0,308.0,433.0,540.0,379.0,424.0,417.0,296.0,858.0,569.0,411.0,514.0,713.0,907.0,942.0,1064.0,1154.0,1190.0,2915.0,2216.0,992.0,1319.0,1674.0,1864.0,1925.0,2034.0,2362.0,2198.0,2533.0,1754.0,912.0,1166.0,1553.0,1749.0,1871.0,1962.0,2107.0,2128.0,2810.0,2107.0,850.0,1109.0,1523.0,1692.5,1835.5,1900.5,2203.0,2207.0,3624.5,3013.0,1239.0,1533.5,1917.0,2138.5,2249.5,2393.0,2660.0,2647.5,3454.5,2864.0,1194.0,1469.5,1821.5,2028.5,2122.0,2260.0,2492.5,2491.5,"{""type"":""MultiPoint"",""coordinates"":[]}"
1142_0,3,1762.0,1440.0,577.0,678.0,911.0,1017.0,1054.0,1120.0,1228.5,1233.5,1957.0,1678.5,737.0,922.0,1131.0,1227.0,1250.5,1326.5,1410.0,1424.5,2141.0,1853.5,871.5,1075.5,1311.5,1416.0,1410.0,1451.0,1508.5,1540.0,2394.0,2103.5,1035.5,1257.0,1506.0,1626.0,1648.0,1720.5,1786.0,1796.5,1407.0,1296.0,857.0,1060.0,1273.0,1366.0,1377.0,1448.0,1522.0,1510.0,381.0,360.0,769.0,1013.0,928.0,1203.0,957.0,965.0,973.0,814.0,376.0,276.0,613.0,798.0,822.0,1036.0,957.0,1009.0,961.0,943.0,495.0,345.0,583.0,798.0,783.0,1075.0,1050.0,1167.0,1088.0,1037.0,634.0,466.0,489.0,710.0,670.0,933.0,1162.0,1344.0,1155.0,1126.0,1249.0,713.5,255.5,551.0,326.5,914.5,2307.5,2739.5,2632.0,2683.0,1525.0,770.0,156.0,411.5,154.0,762.0,2748.0,3788.0,3693.5,3772.5,1963.0,1645.0,652.0,806.0,1020.0,1162.0,1163.0,1235.0,1336.0,1390.0,1526.0,758.0,163.0,416.0,146.0,749.0,3031.0,4054.0,4042.0,4054.0,1522.0,738.0,82.0,424.0,139.0,825.0,3227.0,4265.0,4358.0,4392.0,1609.0,780.0,187.0,542.0,272.0,1006.0,3346.0,4444.0,4503.0,4687.0,1641.0,838.0,438.0,905.0,598.0,1597.0,3342.0,4003.0,4152.0,4248.0,1677.0,930.5,478.0,951.5,722.0,1718.0,3041.0,3514.0,3801.0,3789.0,2006.0,1170.5,512.5,991.5,1045.5,1872.5,2856.5,3191.0,3442.5,3567.0,2409.0,1453.0,751.5,1240.5,1451.0,2178.0,2848.0,3190.0,3457.0,3559.0,2719.5,1759.5,852.0,1332.5,1718.0,2369.0,2816.5,3147.0,3514.5,3572.0,3869.0,2685.0,1115.0,1516.0,2083.0,2548.0,2794.0,3139.0,3554.0,3612.0,3861.5,2640.5,1011.0,1451.5,2220.5,2648.0,2758.0,3109.5,3384.5,3517.0,1941.0,1631.0,605.5,763.5,1000.0,1097.0,1128.5,1185.5,1330.0,1367.5,3437.0,2435.5,829.5,1178.5,1788.5,2067.0,2162.0,2439.5,2767.5,2752.5,3365.5,2429.5,943.5,1221.0,1774.0,2051.0,2186.5,2398.0,2697.5,2726.0,3012.0,2312.5,711.0,914.0,1272.0,1490.0,1566.5,1764.5,1924.0,1952.0,3039.0,2370.5,733.0,903.5,1243.0,1467.5,1500.5,1717.0,1857.0,1916.5,1634.0,1276.0,482.0,595.0,836.0,908.0,940.0,1015.0,1174.0,1124.0,0.0,0.0,0.0,0.0,0.0,0.0,0.0,0.0,0.0,0.0,1482.0,1173.0,489.0,630.0,793.0,889.0,896.0,966.0,1088.0,1078.0,1736.0,1424.0,607.0,713.0,881.0,1003.0,973.0,1055.0,1106.0,1168.0,2233.0,1903.0,881.0,1041.0,1250.0,1368.0,1392.0,1457.0,1569.0,1575.0,2161.5,1818.5,882.5,985.0,1205.0,1280.5,1258.0,1332.5,1471.0,1468.0,1717.5,1438.5,561.5,673.5,857.0,935.5,904.0,950.5,1058.5,1064.0,2094.5,1824.0,812.0,951.5,1134.5,1238.0,1306.0,1394.0,1491.0,1481.5,2080.0,1761.0,827.0,976.0,1157.5,1257.0,1325.0,1413.0,1522.5,1519.0,"{""type"":""MultiPoint"",""coordinates"":[]}"
1143_0,3,155.5,141.0,133.0,170.0,267.0,349.0,230.5,274.5,256.5,193.0,2275.0,1867.5,663.5,859.0,1109.5,1233.0,1305.0,1416.0,1525.0,1555.5,2398.0,2034.5,762.0,989.0,1238.5,1370.0,1451.5,1523.5,1644.0,1694.5,2531.5,2227.5,1003.0,1258.0,1508.5,1625.0,1679.0,1760.5,1829.5,1842.0,2686.0,2365.0,1322.0,1550.0,1784.0,1908.0,1953.0,2018.0,2108.0,2109.0,1650.0,1720.0,1322.0,1550.0,1784.0,1908.0,1953.0,2018.0,2131.0,2109.0,337.0,267.0,669.0,894.0,886.0,1105.0,914.0,926.0,924.0,761.0,485.0,383.0,669.0,976.0,910.0,1291.0,1244.0,1319.0,1295.0,1129.0,732.0,546.0,472.0,790.0,626.0,1164.0,1508.0,1658.0,1535.0,1394.0,968.0,556.0,250.0,525.0,287.0,924.5,1989.0,2446.0,2365.5,2165.5,1075.5,580.0,166.0,415.0,182.5,761.0,2289.0,2822.0,2880.5,2663.5,307.5,274.5,223.5,318.0,415.0,523.5,420.5,478.5,487.5,435.5,1359.0,682.0,178.0,415.0,253.0,737.0,2486.0,3377.0,3420.0,3453.0,1361.0,682.0,123.0,361.0,158.0,746.0,2674.0,3498.0,3642.0,3610.0,1466.0,710.0,176.0,513.0,238.0,951.0,3038.0,4056.0,4061.0,4172.0,1565.0,811.0,437.0,930.0,563.0,1614.0,3348.0,3876.0,4021.0,4038.0,1565.0,863.0,437.0,957.0,768.0,1758.0,3011.0,3501.0,3740.0,3654.0,2001.0,1175.0,549.0,1095.0,1075.5,2012.0,2927.0,3217.5,3497.0,3566.0,2377.0,1398.0,876.0,1387.0,1477.0,2339.0,2970.0,3338.0,3511.0,3590.0,3146.5,2151.5,963.0,1452.0,1805.5,2478.5,2919.5,3166.5,3521.0,3615.0,4137.0,2778.5,1228.0,1757.5,2449.0,3020.5,3323.5,3603.5,3954.5,4087.5,4616.0,3173.0,1591.0,2178.0,3021.0,3529.0,3648.0,3973.0,4156.0,4324.0,183.0,166.0,228.0,254.0,353.0,458.0,348.0,413.0,411.0,348.0,4398.0,3173.0,1350.0,1806.0,2501.0,2897.0,3051.0,3267.0,3316.0,3622.0,4118.5,3050.0,1235.5,1613.5,2198.5,2506.5,2644.5,2836.5,3037.5,3134.0,2115.5,1653.0,631.5,815.5,1129.0,1309.0,1303.5,1421.5,1513.5,1512.0,323.0,269.0,330.0,394.0,546.0,669.0,502.0,549.0,519.0,469.0,158.0,126.0,118.0,153.0,255.0,294.0,248.0,266.0,259.0,193.0,666.0,609.0,785.0,694.0,622.0,651.0,662.0,678.0,801.0,622.0,135.0,131.0,81.0,136.0,235.0,361.0,237.0,276.0,269.0,214.0,581.0,369.0,261.0,340.0,521.0,684.0,735.0,856.0,987.0,1026.0,3369.0,2587.0,946.0,1236.0,1606.0,1856.0,1960.0,2094.0,2345.0,2353.0,1390.0,792.0,416.0,488.0,847.0,1062.0,1172.0,1323.0,1522.0,1615.0,2454.5,1711.0,685.0,886.5,1275.0,1514.0,1659.0,1809.5,2035.5,2112.5,4348.0,3361.5,1286.5,1588.5,2003.0,2303.0,2525.0,2705.0,3000.5,3053.0,4093.5,3209.5,1269.0,1549.0,1951.5,2127.0,2333.0,2523.5,2752.0,2813.5,"{""type"":""MultiPoint"",""coordinates"":[]}"
1144_0,3,1930.5,1628.5,548.0,699.0,950.5,1099.5,1116.0,1185.0,1291.0,1306.5,2528.5,2168.0,960.0,1271.0,1574.0,1695.0,1726.5,1816.0,1911.5,1912.5,2510.0,2140.0,904.5,1188.5,1494.0,1636.0,1627.0,1699.5,1806.5,1826.5,2472.5,2141.5,896.5,1168.0,1452.0,1596.0,1580.5,1676.5,1753.0,1793.0,290.5,267.5,770.5,995.0,1112.0,1312.5,1165.5,1205.5,1209.5,1110.0,263.0,201.5,566.5,882.5,944.5,1125.5,1010.0,1118.0,1103.5,1008.5,739.5,546.0,577.0,873.5,824.0,1272.5,1608.0,1702.5,1642.5,1599.5,1484.0,912.5,439.5,831.5,447.5,1220.0,2891.0,3180.5,3254.0,3124.5,1827.0,904.5,249.0,686.0,329.0,1182.5,3723.0,4647.0,4765.0,4743.0,1913.0,978.5,275.5,698.5,401.5,1241.5,3506.5,4372.0,4523.0,4635.5,1767.5,898.0,247.0,654.5,346.5,1169.5,3394.0,4284.5,4435.0,4537.0,2234.5,1888.0,624.0,827.0,1106.0,1269.0,1302.0,1376.0,1424.5,1510.5,1715.0,843.0,211.5,613.0,288.5,1125.5,3308.0,4200.5,4383.5,4485.0,1576.5,765.0,199.0,595.0,267.0,1067.0,3338.0,4206.5,4370.0,4501.5,1579.5,765.0,273.5,643.0,309.0,1141.0,3484.0,4336.5,4431.5,4576.0,1894.0,936.5,465.5,1000.5,541.5,1710.0,3849.5,4497.0,4698.5,4759.5,1908.5,975.5,458.5,1025.5,630.5,1735.0,3654.5,4199.5,4473.5,4453.0,2049.0,1119.0,552.0,1204.0,1013.0,2257.0,3490.0,3803.0,4074.0,4234.0,2374.0,1391.5,910.0,1523.5,1613.5,2654.0,3421.0,3671.0,4065.0,4211.0,2788.0,1729.0,977.0,1571.0,1858.5,2813.0,3286.0,3566.0,3942.0,4076.0,3885.5,2605.0,1161.0,1680.5,2425.0,2899.5,3138.0,3446.5,3968.5,3991.5,2460.5,1807.0,826.5,1200.0,1700.5,1966.5,2005.0,2188.5,2280.0,2402.5,2119.5,1768.5,529.0,749.5,1027.5,1153.0,1233.5,1302.5,1398.0,1427.5,2589.0,1975.0,855.5,1195.0,1649.5,1887.0,1973.0,2045.0,2273.5,2300.0,2707.0,2110.5,1018.0,1276.5,1691.0,1909.5,1952.5,2072.5,2241.5,2266.5,2459.0,1989.0,754.5,984.5,1326.5,1504.0,1555.0,1675.0,1840.0,1842.0,2682.5,2106.0,817.0,1054.5,1398.5,1620.0,1626.5,1765.0,1894.0,1967.0,2194.0,1570.5,596.5,780.0,1084.0,1238.0,1305.0,1363.0,1551.0,1551.0,0.0,0.0,0.0,0.0,0.0,0.0,0.0,0.0,0.0,0.0,1908.5,1629.5,540.0,737.0,960.5,1074.5,1115.0,1185.5,1290.0,1308.5,2001.0,1745.0,625.0,771.5,950.0,1080.0,1103.5,1176.5,1242.5,1266.0,2415.0,2110.5,736.5,962.5,1215.5,1354.0,1393.0,1489.5,1562.5,1584.5,2436.0,2083.0,758.5,954.5,1217.0,1350.5,1332.5,1443.5,1558.5,1560.0,2239.5,1872.0,763.5,890.5,1094.0,1211.0,1208.5,1311.0,1392.0,1399.0,2088.5,1803.0,601.0,807.0,1068.5,1189.5,1218.0,1281.5,1389.0,1380.5,2304.0,2041.0,817.5,1105.5,1395.0,1492.5,1523.5,1578.0,1728.5,1704.0,"{""type"":""MultiPoint"",""coordinates"":[]}"
1145_0,3,1829.0,1473.5,654.0,810.0,1042.5,1154.0,1206.5,1282.5,1398.0,1412.5,2155.0,1809.5,802.5,1015.5,1242.5,1336.0,1412.0,1470.5,1585.5,1572.5,2340.5,1999.0,922.5,1207.0,1497.5,1604.0,1620.5,1708.0,1783.0,1795.5,2677.0,2290.0,1220.0,1560.0,1876.5,2010.0,2004.0,2070.0,2146.0,2134.0,2268.0,1978.0,1183.0,1498.0,1800.0,1958.0,1819.0,1813.0,1771.0,1767.0,423.0,407.0,1030.0,1261.0,1303.0,1481.0,1287.0,1303.0,1307.0,1145.0,313.0,265.0,666.0,937.0,974.0,1262.0,1244.0,1326.0,1266.0,1208.0,425.0,340.0,666.0,954.0,974.0,1325.0,1332.0,1407.0,1365.0,1224.0,606.0,466.0,517.0,868.0,734.0,1165.0,1260.0,1433.0,1295.0,1208.0,1346.0,703.0,230.0,523.0,257.0,831.0,2435.5,3036.5,3092.5,2973.5,1562.5,739.0,102.0,346.0,89.5,622.5,2798.5,4130.5,4170.5,4117.0,1986.0,1647.0,738.0,910.0,1138.0,1266.0,1290.0,1363.0,1431.0,1501.0,1512.0,709.0,112.0,346.0,83.0,611.0,3108.0,4431.0,4496.0,4522.0,1463.0,676.0,26.0,318.0,60.0,696.0,3314.0,4614.0,4836.0,4819.0,1530.0,711.0,184.0,544.0,260.0,1034.0,3508.0,4845.0,4968.0,5156.0,1627.0,739.0,442.0,961.0,581.0,1727.0,3780.0,4588.0,4885.0,4817.0,1669.0,882.5,486.5,1048.5,740.5,1891.5,3646.5,4156.0,4627.0,4528.0,1951.5,1128.5,555.0,1178.5,1101.5,2188.5,3360.5,3856.5,4218.0,4179.0,2393.5,1388.0,974.5,1538.0,1676.0,2523.0,3381.5,3790.5,4142.0,4107.0,2712.0,1765.5,1054.5,1595.0,1991.0,2781.5,3246.0,3630.0,4030.0,4009.5,3735.0,2613.5,1125.0,1593.0,2260.0,2805.5,3097.5,3360.0,3799.0,3821.5,4002.0,2788.0,1207.0,1729.0,2542.0,3116.0,3148.0,3492.0,3676.0,3834.0,1879.0,1541.0,565.0,757.0,1004.0,1150.0,1179.0,1229.0,1358.0,1341.0,4002.0,2849.0,1207.0,1729.0,2487.0,2960.0,3050.0,3365.0,3391.0,3659.0,3622.5,2657.5,1120.0,1485.0,2061.0,2369.5,2539.0,2718.0,2969.0,3063.0,3249.0,2561.0,895.5,1135.5,1521.0,1765.0,1890.0,2005.0,2200.5,2306.5,3417.0,2767.0,981.0,1163.0,1543.0,1790.0,1915.0,2021.0,2182.0,2324.0,1641.0,1362.0,486.0,621.0,860.0,971.0,1045.0,1081.0,1198.0,1199.0,700.5,583.5,493.0,516.5,543.0,602.0,643.0,692.0,745.0,746.5,1418.0,1111.0,467.0,625.0,781.0,892.0,890.0,954.0,1067.0,1064.0,339.0,274.0,185.0,158.0,165.0,192.0,204.0,233.0,216.0,211.0,2082.0,1800.0,719.0,939.0,1129.0,1254.0,1315.0,1357.0,1474.0,1466.0,2047.5,1742.0,791.0,920.0,1112.5,1199.0,1228.5,1315.0,1448.5,1403.0,1604.0,1351.0,622.0,754.0,962.0,996.0,1028.0,1112.0,1195.0,1171.0,2155.0,1851.5,849.5,1004.5,1182.5,1280.5,1322.5,1379.5,1496.5,1479.5,2170.0,1843.5,852.5,1041.0,1223.0,1315.5,1378.5,1453.0,1570.5,1543.0,"{""type"":""MultiPoint"",""coordinates"":[]}"
1146_0,3,2878.5,2517.0,1957.0,1932.0,2011.5,2176.5,2329.0,2446.5,2541.5,2551.5,2507.0,2299.0,801.0,1108.0,1453.0,1590.0,1608.0,1720.0,1803.0,1839.0,2182.0,2009.0,574.0,819.0,1148.0,1279.0,1320.0,1377.0,1504.0,1538.0,502.0,488.0,418.0,598.0,650.5,864.5,689.0,698.5,629.0,571.5,249.0,214.5,375.0,607.0,579.0,705.0,529.5,586.0,541.5,466.0,464.0,373.5,327.0,556.0,540.0,805.0,898.5,959.0,901.0,902.5,569.0,413.0,268.0,497.0,378.0,738.0,933.0,978.0,902.0,898.0,789.0,531.0,268.0,530.0,381.0,738.0,1069.0,1194.0,1311.0,1206.0,1024.0,626.0,157.0,303.0,158.0,524.0,1530.0,1858.0,1958.0,1833.0,1209.0,624.0,50.5,249.0,51.5,465.0,2195.0,3393.5,3519.0,3404.0,1327.0,642.0,70.0,263.0,66.5,476.0,2518.0,4052.5,4142.0,4021.0,1929.5,1686.0,896.0,874.5,954.5,1079.0,1167.5,1236.0,1372.5,1379.5,1407.0,685.5,75.0,299.5,86.5,549.5,2825.5,4431.0,4534.5,4567.5,1500.0,724.5,218.0,672.5,281.0,1157.5,3397.0,4577.5,4721.5,4864.5,1620.0,801.0,505.0,942.0,639.0,1465.0,3425.0,4304.0,4388.0,4581.0,1732.0,964.0,760.0,1165.0,1058.0,1873.0,3211.0,3745.0,3911.0,3994.0,1818.0,1043.0,640.0,1117.0,1058.0,1901.0,2911.0,3269.0,3657.0,3579.0,2254.0,1394.0,703.0,1164.0,1286.0,2146.0,2919.0,3269.0,3503.0,3577.0,4644.5,3353.0,1216.0,1659.0,2364.0,2808.0,3144.0,3423.0,3727.0,3890.0,4547.0,3378.0,1108.5,1545.0,2302.5,2661.0,2899.0,3153.0,3507.5,3567.0,4126.0,3028.0,1089.0,1457.0,2135.0,2457.0,2657.0,2957.0,3327.0,3404.0,3539.5,2660.5,1041.0,1198.0,1728.0,2055.0,2205.0,2391.5,2598.5,2736.0,1835.0,1544.0,553.0,687.0,896.0,1087.0,1201.0,1289.0,1413.0,1453.0,3544.5,2857.5,779.5,1066.5,1445.5,1731.5,1870.5,2024.5,2189.0,2323.0,1791.0,1708.5,664.5,690.0,786.5,885.5,930.0,981.5,1053.5,1107.0,2682.5,2767.5,614.0,674.0,873.5,1042.0,1096.0,1195.0,1283.5,1340.5,2491.0,2548.0,606.0,675.0,870.5,1021.0,1091.5,1194.5,1250.0,1296.5,1991.0,1724.0,370.0,497.5,714.0,876.0,961.5,1029.5,1171.0,1233.5,0.0,0.0,0.0,0.0,0.0,0.0,0.0,0.0,0.0,0.0,1440.0,1090.0,262.0,396.0,541.0,764.0,911.0,997.0,1085.0,1081.0,1791.0,1465.0,339.0,502.0,626.0,926.0,1102.0,1200.0,1280.0,1326.0,2150.0,1779.0,502.0,727.0,864.0,1198.0,1490.0,1583.0,1735.0,1787.0,2526.5,1983.0,1145.5,1372.0,1504.0,1801.0,2275.5,2416.5,2502.5,2586.0,2208.0,1820.0,720.0,930.0,1020.0,1337.0,1725.0,1887.0,1966.0,2006.0,2098.5,1852.0,566.0,755.0,1021.5,1180.5,1221.0,1301.5,1422.5,1450.0,2115.0,1956.0,640.5,868.0,1134.0,1261.5,1346.5,1408.5,1528.5,1516.5,"{""type"":""MultiPoint"",""coordinates"":[]}"
1147_0,3,99.5,107.0,134.5,172.0,260.5,329.0,206.5,250.0,197.5,168.0,2027.5,1699.0,724.0,927.5,1111.5,1202.5,1268.0,1342.0,1420.0,1453.0,2051.0,1767.0,765.5,983.5,1173.5,1258.5,1295.5,1368.0,1441.5,1467.5,2215.0,1927.5,929.0,1169.0,1350.5,1448.5,1487.0,1549.0,1618.0,1639.5,2045.0,1838.0,1047.0,1274.0,1400.0,1496.0,1500.0,1521.0,1593.0,1578.0,354.0,322.0,1047.0,1274.0,1348.0,1399.0,1080.0,1132.0,1066.0,889.0,238.0,168.0,600.0,907.0,888.0,1069.0,825.0,876.0,803.0,671.0,443.0,331.0,725.0,936.0,893.0,1247.0,1095.0,1174.0,1019.0,955.0,397.0,268.0,509.0,812.0,701.0,1115.0,1081.0,1267.0,1140.0,1042.0,466.5,304.0,244.0,499.0,372.5,1011.0,1538.0,1696.0,1502.0,1461.5,545.0,368.0,179.5,365.0,227.5,738.0,1488.0,1719.0,1558.5,1521.0,147.0,113.0,263.0,351.0,405.0,460.0,315.0,348.0,309.0,275.0,1071.0,551.0,146.0,312.0,166.0,664.0,2076.0,2751.0,2528.0,2480.0,1194.0,579.0,76.0,263.0,86.0,558.0,2331.0,3197.0,3155.0,3124.0,1266.0,598.0,128.0,385.0,190.0,699.0,2653.0,3626.0,3581.0,3681.0,1462.0,724.0,372.0,744.0,432.0,1222.0,3098.0,3860.0,3960.0,3882.0,1486.0,745.0,385.0,798.0,555.0,1414.0,3011.0,3574.0,3838.0,3779.0,1836.5,1028.5,469.0,935.5,875.5,1712.0,2863.5,3269.5,3459.0,3583.0,2313.0,1455.0,1047.0,1440.0,1468.0,2119.0,2776.0,3090.0,3280.0,3526.0,3537.5,2541.0,1017.5,1416.5,1967.5,2329.5,2568.5,2835.0,3098.5,3215.5,3548.5,2529.5,991.0,1393.5,1959.5,2272.0,2484.0,2756.5,3068.5,3115.0,3577.0,2562.0,938.0,1323.0,1928.0,2234.0,2406.0,2635.0,2814.0,2988.0,129.0,105.0,263.0,273.0,343.0,442.0,288.0,348.0,309.0,275.0,3577.0,2631.0,877.0,1238.0,1747.0,2094.0,2278.0,2408.0,2493.0,2780.0,3330.5,2563.0,894.5,1176.5,1630.5,1855.0,1986.5,2163.0,2382.5,2462.0,2833.5,2312.5,658.0,853.5,1158.0,1332.5,1421.5,1547.0,1774.0,1810.0,340.0,258.0,359.0,467.0,530.0,646.0,487.0,482.0,447.0,401.0,116.0,121.0,92.0,150.0,159.0,272.0,148.0,170.0,126.0,136.0,0.0,0.0,0.0,0.0,0.0,0.0,0.0,0.0,0.0,0.0,90.0,76.0,94.0,197.0,276.0,334.0,189.0,221.0,202.0,127.0,88.0,76.0,138.0,165.0,241.0,321.0,214.0,226.0,220.0,177.0,719.0,455.0,349.0,507.0,630.0,798.0,849.0,926.0,1050.0,1046.0,732.0,398.0,352.0,500.0,671.0,845.0,871.0,969.0,1092.0,1143.0,2188.0,1427.0,633.0,889.0,1114.0,1365.0,1474.0,1600.0,1698.0,1678.0,3999.0,3149.0,1525.0,1807.0,2161.0,2339.0,2468.0,2610.0,2846.0,2802.0,4192.5,3391.0,1624.5,1935.0,2321.0,2506.5,2585.5,2766.0,3017.5,2990.0,"{""type"":""MultiPoint"",""coordinates"":[]}"
1148_0,3,145.5,132.5,195.5,259.5,358.0,416.5,306.0,308.5,293.0,271.5,2188.5,1899.5,662.5,852.5,1080.0,1197.5,1255.0,1347.0,1457.5,1487.5,2356.0,2096.0,705.0,939.0,1184.5,1318.0,1368.5,1456.5,1558.5,1603.0,2515.5,2257.5,827.0,1073.0,1330.0,1490.5,1521.5,1622.0,1687.0,1754.5,2649.0,2421.0,940.0,1180.0,1454.0,1598.0,1673.0,1719.0,1832.0,1903.0,649.0,594.0,539.0,695.0,752.0,876.0,774.0,876.0,749.0,707.0,369.0,323.0,644.0,910.0,884.0,1157.0,996.0,1080.0,1053.0,876.0,595.0,445.0,719.0,994.0,949.0,1343.0,1347.0,1443.0,1384.0,1181.0,958.0,750.0,475.0,814.0,605.0,1178.0,1721.0,1832.0,1771.0,1667.0,1711.5,916.0,326.5,683.0,387.5,1054.5,2873.5,3604.0,3620.5,3627.0,1460.0,756.0,164.0,445.5,216.5,820.0,2611.0,3376.5,3512.0,3355.5,246.0,199.0,331.0,436.0,532.0,607.0,477.0,525.0,521.0,461.0,1514.0,780.0,184.0,442.0,234.0,767.0,2697.0,3671.0,3946.0,3915.0,1476.0,743.0,142.0,361.0,211.0,707.0,2598.0,3618.0,3776.0,3878.0,1516.0,756.0,142.0,394.0,198.0,739.0,2824.0,4124.0,4166.0,4354.0,1583.0,810.0,407.0,805.0,521.0,1365.0,3195.0,3909.0,4106.0,4139.0,1582.0,858.0,436.0,903.0,690.0,1559.0,3015.0,3592.0,3899.0,3826.0,1758.0,1007.0,477.0,934.0,947.0,1704.5,2800.0,3241.5,3481.0,3526.0,2130.5,1229.0,854.5,1272.5,1425.5,1978.0,2722.5,3106.5,3402.0,3450.0,3756.5,2600.5,1102.5,1512.0,1971.0,2604.0,2943.0,3235.5,3624.0,3672.5,4229.0,2787.5,1413.5,1980.0,2827.5,3290.5,3573.5,3894.5,4377.5,4374.5,3225.0,2360.0,1013.0,1358.0,1868.0,2497.0,2244.0,2810.0,2529.0,2710.0,225.0,186.0,331.0,376.0,494.0,555.0,467.0,525.0,521.0,461.0,3201.0,2401.0,1013.0,1358.0,1868.0,2198.0,2149.0,2424.0,2529.0,2663.0,2975.0,2287.5,928.0,1221.5,1590.5,1906.5,2004.5,2116.0,2168.5,2330.5,2528.5,2002.0,724.5,923.5,1225.5,1404.0,1486.5,1538.5,1740.5,1758.0,343.0,249.0,338.0,458.0,566.0,639.0,546.0,567.0,534.0,534.0,161.0,138.0,154.0,219.0,300.0,342.0,254.0,287.0,262.0,241.0,490.0,455.0,653.0,594.0,555.0,579.0,525.0,530.0,644.0,506.0,175.0,136.0,179.0,281.0,414.0,505.0,360.0,422.0,409.0,352.0,985.0,608.0,397.0,511.0,713.0,854.0,952.0,1021.0,1140.0,1175.0,3031.0,2307.0,918.0,1203.0,1551.0,1748.0,1858.0,1922.0,2140.0,2179.0,2444.0,1701.0,621.0,814.0,1179.0,1401.0,1437.0,1607.0,1715.0,1823.0,2750.5,2053.5,766.5,1001.5,1361.0,1580.0,1633.0,1784.0,1923.5,1998.0,3601.0,2948.5,1200.0,1466.0,1812.5,2023.5,2095.0,2297.0,2470.0,2487.5,3414.0,2810.5,1190.5,1430.0,1768.0,1931.0,1991.5,2178.5,2375.5,2346.0,"{""type"":""MultiPoint"",""coordinates"":[]}"
1149_0,3,1845.0,1475.0,591.5,738.5,975.5,1142.5,1143.0,1238.0,1305.5,1364.5,2228.0,1837.5,741.0,996.5,1209.0,1345.5,1391.0,1494.5,1576.0,1602.5,2550.5,2137.5,954.0,1227.0,1501.0,1628.5,1663.5,1736.5,1819.0,1862.5,2907.0,2451.5,1164.0,1481.0,1788.0,1945.5,1990.0,2072.0,2153.5,2168.5,445.0,373.0,773.0,1059.0,1126.0,1379.0,1185.0,1217.0,1270.0,1096.0,426.0,373.0,718.0,967.0,1054.0,1276.0,1185.0,1217.0,1270.0,1096.0,571.0,411.0,701.0,967.0,1054.0,1276.0,1267.0,1417.0,1397.0,1239.0,922.0,580.0,605.0,896.0,842.0,1243.0,1609.0,1789.0,1772.0,1761.0,1387.0,864.0,461.0,804.0,539.0,1113.0,2456.0,2664.0,2637.0,2713.0,1833.0,934.0,318.5,651.5,357.5,1042.5,3173.0,4111.5,4144.5,4208.5,1675.0,821.0,177.0,410.0,228.5,775.0,3054.0,4412.0,4526.0,4598.0,2112.0,1726.0,671.0,870.0,1077.0,1269.0,1296.0,1398.0,1426.0,1468.0,1667.0,815.0,224.0,435.0,267.0,753.0,3118.0,4524.0,4577.0,4778.0,1701.0,802.0,146.0,436.0,238.0,854.0,3392.0,4868.0,5015.0,5093.0,1752.0,850.0,324.0,762.0,450.0,1389.0,3684.0,4924.0,5120.0,5262.0,1956.0,1001.0,535.0,1099.0,753.0,1928.0,3767.0,4563.0,4753.0,4865.0,2014.5,1129.5,582.5,1140.0,911.5,2026.0,3550.0,4091.0,4450.5,4396.5,2521.0,1543.5,720.5,1321.5,1408.5,2391.0,3497.5,3896.5,4147.5,4334.5,3236.5,2134.5,1135.0,1721.0,2183.5,3088.0,3819.0,4162.5,4559.5,4657.5,4030.0,2769.5,1277.0,1839.0,2516.5,3199.0,3603.5,3888.5,4246.0,4405.0,3829.5,2796.0,1210.0,1698.0,2382.5,2729.0,2912.5,3086.0,3444.5,3432.5,3795.0,2677.0,1254.0,1662.0,2447.0,2721.0,2953.0,3114.0,3300.0,3465.0,2102.5,1716.0,660.5,850.0,1108.5,1238.5,1272.5,1368.0,1473.5,1525.5,3096.0,2366.0,930.0,1237.0,1758.0,2012.0,2113.5,2305.5,2394.0,2477.0,2901.5,2206.5,943.5,1210.0,1636.5,1878.5,1902.5,2078.0,2234.5,2265.0,2615.0,2116.5,719.0,934.5,1270.5,1419.0,1503.5,1614.5,1759.0,1765.5,2729.5,2231.5,765.5,951.5,1246.5,1390.5,1480.0,1599.0,1728.5,1764.0,1885.0,1385.0,525.0,665.0,922.0,1061.0,1086.0,1116.0,1307.0,1311.0,0.0,0.0,0.0,0.0,0.0,0.0,0.0,0.0,0.0,0.0,1861.0,1426.0,594.0,780.0,981.0,1103.0,1114.0,1197.0,1287.0,1374.0,1923.0,1597.0,699.0,819.0,1004.0,1123.0,1124.0,1199.0,1273.0,1347.0,2473.0,2038.0,860.0,1134.0,1342.0,1463.0,1481.0,1587.0,1689.0,1748.0,2681.0,2229.0,1113.0,1317.0,1526.0,1648.0,1766.0,1796.0,2055.0,1941.0,1975.0,1518.0,690.0,818.5,983.0,1115.5,1191.0,1288.0,1358.5,1399.0,2303.0,1816.0,815.0,1063.0,1161.0,1404.0,1704.0,1843.0,1971.0,1948.0,2265.0,1753.0,787.0,1069.0,1137.0,1455.0,2012.0,2122.0,2286.0,2184.0,"{""type"":""MultiPoint"",""coordinates"":[]}"
1150_0,3,1896.0,1574.0,574.0,725.0,991.0,1067.0,1113.0,1168.5,1348.0,1358.5,2305.0,2018.0,860.5,1139.0,1409.5,1535.0,1575.5,1617.5,1731.5,1747.0,2402.5,2071.5,838.5,1090.5,1376.0,1520.5,1562.5,1640.0,1730.5,1730.5,2318.0,2018.0,830.5,1064.5,1346.5,1474.0,1505.5,1589.5,1672.0,1663.5,252.0,212.5,631.5,810.5,865.5,990.5,866.0,952.5,957.0,820.5,360.5,320.0,635.5,810.5,865.5,990.5,955.5,979.5,1019.0,917.0,833.0,536.5,519.0,742.5,661.0,1076.0,1609.0,1705.5,1590.5,1597.0,1202.5,667.5,366.0,671.5,373.0,1003.5,2503.5,2809.5,2831.0,2834.5,1374.5,668.5,163.5,462.5,246.0,919.5,3238.5,4218.5,4380.0,4483.5,1935.5,1046.0,259.0,643.0,589.5,1258.5,3045.0,3749.5,4055.0,4378.5,2046.5,1079.5,243.0,506.5,441.5,1002.5,2807.0,3687.0,3956.0,4250.0,2135.5,1778.0,604.5,804.0,1086.0,1205.0,1187.0,1340.5,1434.0,1485.0,1940.5,988.0,244.5,490.0,380.5,919.5,2839.0,3712.5,3842.5,4110.0,1878.0,951.0,214.0,548.0,354.0,1048.0,3074.0,4040.0,4301.5,4399.0,1902.5,953.5,357.0,779.5,504.0,1344.0,3346.0,4135.5,4301.5,4440.0,1966.0,1065.0,538.0,1016.0,796.0,1790.5,3453.0,4009.0,4277.0,4353.5,2075.5,1159.5,585.0,1127.0,956.5,1917.5,3282.5,3780.0,4140.0,4213.5,2319.0,1368.0,600.0,1103.0,1156.0,1998.0,3097.0,3518.0,3813.0,3968.0,3059.5,1933.0,897.5,1316.0,1509.5,2200.5,2953.5,3302.0,3664.5,3846.0,3592.5,2447.0,912.0,1310.5,1801.5,2289.5,2659.0,2939.5,3387.5,3436.0,3414.0,2436.5,829.5,1237.0,1806.0,2198.0,2481.5,2687.0,3072.0,3142.0,2577.0,1958.0,828.5,1110.5,1608.5,1892.0,1946.0,2117.0,2173.0,2309.5,1934.0,1606.0,508.0,718.0,984.0,1067.0,1090.0,1152.0,1345.0,1315.0,2624.5,2006.0,873.5,1145.0,1630.0,1886.0,1952.5,2107.0,2211.5,2323.0,2585.0,1980.0,1013.5,1238.0,1623.5,1832.5,1905.5,2037.0,2184.0,2248.5,2283.5,1831.0,724.5,912.0,1225.0,1385.0,1472.0,1573.5,1702.0,1746.5,2394.0,1906.0,749.0,917.5,1224.0,1407.0,1475.0,1587.5,1693.5,1767.0,2042.5,1452.5,583.5,722.0,1007.5,1131.5,1227.0,1328.0,1476.0,1490.0,0.0,0.0,0.0,0.0,0.0,0.0,0.0,0.0,0.0,0.0,1939.5,1640.5,515.0,677.5,916.5,1016.5,1018.5,1058.5,1243.5,1215.0,1966.5,1689.5,585.0,716.5,907.0,1002.0,1003.5,1079.5,1182.5,1162.5,2202.0,1872.0,666.0,840.0,1080.0,1184.0,1246.0,1331.0,1418.0,1445.0,2186.0,1783.0,625.0,740.0,984.0,1033.0,1028.0,1104.0,1247.0,1258.0,2206.0,1802.5,713.0,808.0,1028.0,1084.5,1116.5,1188.5,1335.5,1331.0,1946.5,1699.5,554.0,735.5,963.5,1059.5,1128.5,1187.5,1302.0,1259.0,2094.5,1854.5,643.0,836.5,1063.5,1161.5,1206.5,1285.5,1428.5,1405.5,"{""type"":""MultiPoint"",""coordinates"":[]}"
1151_0,3,3938.5,3496.0,2682.5,2707.5,2875.0,3118.5,3165.0,3235.0,3342.5,3465.5,2904.0,2706.0,918.0,1187.0,1544.0,1717.0,1803.0,1900.0,2022.0,2060.0,2832.0,2732.0,852.0,1096.0,1445.0,1582.0,1658.0,1759.0,1868.0,1908.0,592.0,583.5,552.5,726.5,831.5,950.0,799.0,859.5,739.0,741.0,865.0,814.0,983.5,1163.0,1245.5,1426.0,1277.0,1294.0,1129.0,1184.0,320.5,245.0,253.5,457.5,383.0,649.5,624.5,711.5,655.5,548.0,708.0,536.0,242.0,578.0,283.0,853.0,1078.0,1259.0,1096.0,1028.0,1567.0,850.0,226.0,663.0,216.0,1095.0,2889.0,3356.0,3259.0,3335.0,1364.0,741.0,195.0,506.0,155.0,801.0,2348.0,2960.0,2788.0,2803.0,1245.5,637.0,82.0,321.5,64.5,601.5,2467.5,3366.5,3313.0,3335.5,1238.0,592.5,37.0,279.0,54.5,541.0,2515.5,3632.5,3593.5,3686.5,3815.0,3243.0,1903.0,2043.5,2315.0,2597.0,2636.5,2739.0,2825.5,2932.0,1277.0,613.0,43.0,280.0,44.5,526.0,2596.5,3708.5,3673.0,3784.5,1455.0,705.5,178.5,617.5,209.0,1076.5,3281.5,4251.0,4264.0,4344.5,1540.0,763.0,562.0,926.0,677.0,1419.0,3370.0,4116.0,4118.0,4387.0,1659.0,927.0,718.0,1153.0,992.0,1895.0,3216.0,3685.0,3806.0,3869.0,1807.0,1023.0,678.0,1185.0,1056.0,1931.0,3032.0,3326.0,3611.0,3624.0,4313.0,2951.0,1093.0,1574.0,2014.0,2752.0,3032.0,3326.0,3573.0,3729.0,4717.0,3399.5,1179.0,1629.5,2314.5,2774.5,3032.0,3296.0,3570.0,3761.0,4503.5,3295.5,1107.0,1525.0,2222.5,2558.5,2870.5,3113.0,3433.0,3493.0,4213.0,3109.0,1014.5,1397.5,2009.0,2364.5,2660.5,2924.0,3261.5,3364.0,3625.0,2769.0,886.0,1167.0,1580.0,1922.0,2163.0,2396.0,2529.0,2681.0,3592.0,2874.5,772.5,1040.5,1396.5,1680.5,1855.5,2006.5,2255.5,2347.0,3281.0,2552.5,652.5,924.0,1173.0,1500.0,1751.5,1946.5,2056.0,2182.0,3435.5,2974.5,1817.0,1929.5,2078.0,2281.0,2447.0,2578.5,2750.0,2750.5,3033.5,2522.5,810.0,939.0,1058.5,1372.5,1705.5,1898.0,2007.5,2100.5,2855.0,2292.5,646.0,792.5,897.0,1246.0,1588.0,1742.5,1848.5,1965.5,2460.0,1820.0,426.0,622.0,717.0,1115.0,1597.0,1709.0,1916.0,1996.0,0.0,0.0,0.0,0.0,0.0,0.0,0.0,0.0,0.0,0.0,3519.0,2721.0,809.0,1158.0,1466.0,1913.0,2161.0,2343.0,2556.0,2587.0,3382.0,2628.0,866.0,1180.0,1466.0,1913.0,2253.0,2421.0,2556.0,2652.0,3382.0,2628.0,756.0,1102.0,1288.0,1827.0,2468.0,2626.0,2851.0,2929.0,3135.0,2298.5,805.5,1114.5,1183.0,1788.5,2735.0,2979.5,3226.5,3205.5,2257.0,2020.0,719.0,877.0,1055.0,1286.0,1465.0,1618.0,1689.0,1758.0,2257.0,2046.0,612.0,817.0,1055.0,1265.0,1385.0,1477.0,1614.0,1685.0,2262.5,2140.5,617.0,812.0,1083.5,1207.0,1285.0,1386.0,1485.5,1507.5,"{""type"":""MultiPoint"",""coordinates"":[]}"
1152_0,3,1693.5,1404.5,558.5,719.0,944.5,1066.5,1114.5,1181.0,1231.0,1260.5,2378.5,2091.5,991.5,1249.0,1497.5,1604.5,1652.5,1702.0,1795.0,1807.5,2363.0,2080.0,862.5,1121.0,1363.5,1472.0,1522.0,1604.5,1673.5,1692.5,2450.0,2156.0,929.0,1202.0,1450.0,1575.5,1617.5,1694.5,1755.5,1780.0,366.0,340.0,876.0,1151.0,1173.0,1335.0,945.0,968.0,893.0,699.0,366.0,361.0,777.0,1029.0,1136.0,1300.0,945.0,968.0,893.0,773.0,314.0,262.0,618.0,912.0,923.0,1095.0,891.0,982.0,931.0,764.0,527.0,401.0,618.0,901.0,836.0,1208.0,1126.0,1256.0,1185.0,1062.0,695.0,524.0,587.0,934.0,836.0,1208.0,1405.0,1533.0,1485.0,1417.0,854.0,537.5,307.5,565.5,405.5,829.5,1581.5,1747.5,1687.5,1678.5,1214.0,639.0,223.0,472.0,266.5,793.0,2256.0,2873.5,2873.5,2919.5,1869.0,1564.0,653.0,837.0,1058.0,1185.0,1219.0,1277.0,1297.0,1385.0,1429.0,720.0,187.0,422.0,221.0,754.0,2518.0,3439.0,3461.0,3547.0,1270.0,610.0,120.0,367.0,173.0,672.0,2518.0,3532.0,3472.0,3495.0,1216.0,564.0,120.0,326.0,113.0,617.0,2693.0,3715.0,3687.0,3671.0,1419.0,686.0,289.0,648.0,278.0,996.0,3201.0,4220.0,4199.0,4220.0,1620.0,804.0,364.0,855.0,446.0,1442.0,3546.0,4281.0,4513.0,4463.0,1672.5,876.0,380.0,911.0,486.5,1518.5,3430.0,3917.0,4161.0,4157.5,1934.0,1011.0,791.0,1456.0,1170.0,2239.0,3513.0,3878.0,4154.0,4195.0,2336.0,1414.0,853.5,1540.5,1451.0,2679.0,3625.0,3954.0,4178.0,4187.0,3231.0,2216.0,1066.0,1655.5,2041.5,2894.0,3241.5,3479.0,3851.0,3870.0,3460.0,2575.0,1103.0,1514.0,2137.0,2495.0,2650.0,2818.0,2970.0,3081.0,1751.0,1476.0,495.0,715.0,958.0,1074.0,1094.0,1209.0,1276.0,1301.0,3283.0,2537.0,889.0,1217.0,1717.0,1998.0,2117.0,2260.0,2492.0,2525.0,3209.0,2485.5,971.0,1247.0,1710.5,1961.0,2064.0,2227.5,2419.0,2489.0,2763.0,2292.0,721.0,924.5,1245.0,1433.5,1544.5,1647.5,1770.0,1842.0,2853.0,2395.0,797.0,969.0,1283.0,1476.0,1599.0,1695.0,1786.0,1895.0,2589.0,1662.0,642.0,794.0,1092.0,1234.0,1317.0,1462.0,1641.0,1627.0,1020.0,814.0,1060.0,938.0,913.0,940.0,920.0,930.0,1232.0,987.0,1622.0,1359.0,505.0,683.0,852.0,957.0,970.0,1055.0,1112.0,1086.0,1774.0,1537.0,607.0,729.0,931.0,1023.0,1062.0,1097.0,1185.0,1215.0,2048.0,1783.0,640.0,851.0,1069.0,1212.0,1243.0,1320.0,1373.0,1394.0,2233.0,1953.0,836.0,1015.0,1224.0,1327.0,1382.0,1458.0,1572.0,1563.0,1796.0,1532.0,532.0,651.0,848.0,960.0,976.0,990.0,1084.0,1140.0,1934.0,1667.0,680.0,832.0,1030.0,1125.0,1137.0,1192.0,1311.0,1306.0,2100.5,1865.0,740.0,928.0,1138.0,1264.5,1294.0,1361.5,1460.0,1453.0,"{""type"":""MultiPoint"",""coordinates"":[]}"
1153_0,3,3301.0,2913.0,2573.5,2488.5,2587.0,2696.0,2766.5,2865.5,2982.0,2926.0,2608.0,2394.0,814.0,1106.0,1444.0,1590.0,1658.0,1739.0,1866.0,1877.0,2307.0,2123.0,611.0,847.0,1194.0,1327.0,1389.0,1482.0,1594.0,1612.0,241.0,233.5,326.0,461.5,392.5,538.5,354.0,402.0,399.5,290.0,449.0,371.0,394.0,611.0,577.0,800.0,672.0,846.0,752.0,728.0,474.0,371.0,413.0,631.0,589.0,870.0,949.0,1030.0,1005.0,900.0,638.0,512.0,293.0,575.0,409.0,939.0,1159.0,1195.0,1187.0,1114.0,945.0,544.0,264.0,480.0,359.0,803.0,1537.0,1776.0,1762.0,1720.0,1009.0,597.0,109.0,271.0,91.0,492.0,1617.0,2030.0,1883.0,1889.0,1200.0,598.0,60.0,251.0,51.5,503.0,2357.0,3446.5,3427.5,3462.5,1330.5,623.0,70.5,279.0,62.5,530.0,2605.5,4004.0,4024.5,4006.5,2160.0,1887.0,969.0,965.0,1050.5,1175.5,1270.5,1367.0,1516.5,1499.5,1445.0,670.5,74.0,308.5,72.0,606.5,2923.5,4407.0,4399.5,4485.5,1552.0,752.5,211.0,699.5,291.0,1247.0,3491.5,4564.5,4722.5,4826.0,1677.0,830.0,537.0,913.0,672.0,1466.0,3409.0,4291.0,4341.0,4550.0,1736.0,976.0,711.0,1116.0,987.0,1859.0,3195.0,3734.0,3869.0,3976.0,1864.0,1052.0,652.0,1158.0,1063.0,1892.0,3040.0,3367.0,3723.0,3739.0,2283.0,1395.0,706.0,1198.0,1267.0,2141.0,3040.0,3367.0,3582.0,3739.0,4710.0,3345.5,1262.5,1722.5,2480.5,3006.5,3298.0,3615.0,3971.0,4081.0,4584.5,3357.0,1209.5,1684.5,2457.0,2844.5,3139.0,3408.0,3748.5,3825.0,4303.0,3079.5,1112.5,1548.5,2293.5,2678.5,2945.5,3227.0,3625.5,3658.5,3806.0,2931.0,1024.0,1307.0,1813.0,2130.0,2354.0,2547.0,2726.0,2848.0,2195.5,1894.0,531.0,712.5,959.0,1133.0,1284.0,1369.0,1530.5,1508.0,3451.5,2754.5,760.0,1031.5,1359.0,1672.0,1866.0,2038.5,2142.5,2313.0,2711.5,2287.5,1046.5,1158.0,1335.0,1586.0,1728.0,1793.5,1871.5,2051.0,3126.0,2740.5,729.5,842.5,1006.0,1277.5,1551.5,1657.5,1773.0,1892.5,2794.0,2429.5,651.5,798.0,929.0,1201.5,1438.0,1533.5,1614.0,1748.5,2473.0,1873.0,480.0,633.0,765.0,1107.0,1318.0,1484.0,1593.0,1627.0,0.0,0.0,0.0,0.0,0.0,0.0,0.0,0.0,0.0,0.0,1815.0,1445.0,340.0,579.0,790.0,1037.0,1146.0,1284.0,1411.0,1484.0,2171.0,1805.0,493.0,667.0,854.0,1157.0,1357.0,1504.0,1572.0,1641.0,2387.0,1927.0,573.0,797.0,947.0,1287.0,1706.0,1801.0,1976.0,1985.0,2339.5,1892.5,665.0,862.5,1000.5,1343.5,1763.5,1897.5,2104.0,2074.0,2145.5,1722.0,580.5,789.0,921.0,1253.0,1620.5,1745.5,1909.5,1919.0,1987.0,1818.5,616.5,792.5,1035.5,1149.0,1271.5,1349.5,1517.0,1472.0,2242.0,2075.0,677.0,891.0,1162.5,1283.5,1365.0,1454.5,1604.0,1576.5,"{""type"":""MultiPoint"",""coordinates"":[]}"
1154_0,3,1797.5,1498.5,671.0,841.5,1102.0,1183.5,1215.0,1295.5,1387.5,1376.0,2351.0,2019.5,1008.5,1275.0,1547.5,1636.0,1677.5,1723.0,1850.0,1801.0,2281.5,1926.0,973.0,1217.0,1494.0,1539.5,1601.5,1648.0,1757.0,1774.5,500.0,472.0,726.5,958.0,976.0,1211.5,1112.5,1190.5,1107.5,1079.0,331.0,298.5,564.0,790.5,840.0,1090.0,1061.5,1128.0,1023.0,1032.5,331.0,298.5,638.5,890.5,878.0,1196.0,1128.5,1228.5,1203.0,1081.0,788.0,486.0,367.0,671.0,447.5,982.5,1791.5,1923.5,1827.5,1796.5,1098.0,584.5,244.0,549.0,261.0,906.5,2626.5,3207.5,3153.0,3055.0,1272.0,625.5,138.5,527.0,216.0,1046.0,3254.0,4041.5,4168.0,4311.5,1789.5,918.5,300.5,846.0,509.5,1541.5,3549.0,4194.0,4783.0,4797.0,2103.5,1087.0,311.0,825.0,513.0,1414.5,3700.0,4527.0,4926.0,5037.5,2175.0,1822.5,767.5,990.5,1280.5,1431.5,1455.0,1504.5,1575.5,1639.5,2123.0,1104.5,331.0,837.0,475.0,1463.5,3663.5,4421.5,4667.5,4987.5,2095.5,1104.0,322.5,901.5,524.5,1643.0,3560.5,4217.0,4484.0,4736.0,2151.0,1144.0,406.5,941.0,626.0,1688.5,3420.5,3921.0,4087.0,4410.0,2305.0,1258.5,578.0,1058.5,938.0,1969.0,3203.0,3608.5,3900.5,4089.0,2502.5,1407.5,596.5,1089.5,1072.0,1997.0,3036.0,3366.5,3733.0,3932.0,2761.0,1617.0,618.0,1093.0,1206.0,2024.0,2915.0,3328.0,3601.0,3855.0,4268.0,2871.0,1060.0,1512.5,2109.0,2669.0,2989.0,3386.0,3819.0,3963.5,4386.0,2934.0,1000.5,1413.5,2146.5,2632.0,2958.5,3310.0,3805.0,3963.5,3562.0,2357.5,809.0,1209.5,1860.5,2237.5,2499.5,2777.0,3113.5,3185.0,2381.0,1787.0,707.0,978.5,1417.5,1673.5,1722.0,1871.0,1969.0,2089.5,2011.0,1675.5,652.0,889.0,1183.0,1287.5,1346.5,1371.0,1519.0,1471.0,2676.5,2064.0,845.0,1120.5,1574.5,1821.0,1908.0,2060.0,2170.0,2237.0,2563.5,1984.5,980.0,1219.0,1602.0,1796.0,1906.0,1997.5,2133.5,2168.5,2308.0,1870.0,735.5,941.0,1246.5,1397.0,1458.0,1558.0,1694.0,1718.5,1766.0,1496.5,537.0,663.0,912.0,1011.0,1056.0,1122.5,1207.5,1257.5,1224.5,1057.5,343.0,420.5,582.5,626.0,675.5,714.5,795.0,779.5,0.0,0.0,0.0,0.0,0.0,0.0,0.0,0.0,0.0,0.0,1773.5,1454.0,563.5,739.5,977.0,1084.5,1122.5,1154.0,1268.0,1270.5,2113.5,1827.5,779.0,890.5,1077.5,1213.0,1273.0,1388.5,1409.5,1505.0,2098.0,1816.5,772.5,963.5,1180.0,1298.0,1331.5,1366.5,1480.0,1479.0,2141.0,1803.0,752.5,867.0,1116.0,1212.0,1169.0,1223.5,1341.0,1351.5,2141.0,1803.0,752.5,867.0,1116.0,1212.0,1169.0,1223.5,1341.0,1351.5,1928.5,1627.0,675.5,847.0,1070.5,1147.5,1148.5,1215.0,1348.0,1330.0,2153.5,1879.5,777.0,990.0,1228.0,1316.0,1386.0,1416.0,1567.5,1559.0,"{""type"":""MultiPoint"",""coordinates"":[]}"
1155_0,3,3114.5,2480.0,1640.5,1635.0,1813.0,2015.0,2250.0,2409.5,2622.0,2599.0,2279.0,2054.0,665.0,935.0,1251.0,1368.0,1394.0,1543.0,1644.0,1610.0,2529.0,2395.0,833.0,1093.0,1451.0,1597.0,1631.0,1759.0,1866.0,1876.0,1556.0,1420.5,529.5,728.0,954.5,1038.0,1070.0,1079.0,1180.5,1139.5,525.0,442.0,659.0,819.0,862.0,944.0,809.0,873.0,798.0,680.0,525.0,442.0,449.0,693.0,696.0,934.0,809.0,873.0,888.0,680.0,604.0,528.0,294.0,594.0,439.0,858.0,924.0,988.0,954.0,884.0,1635.0,987.0,294.0,647.0,381.0,962.0,2212.0,2478.0,2503.0,2643.0,1168.0,679.0,215.0,486.0,219.0,726.0,1849.0,2193.0,2237.0,2048.0,1234.0,634.0,143.5,424.5,176.5,676.0,2206.0,2808.0,2714.0,2796.5,1211.0,595.5,92.0,285.0,110.0,466.0,2210.0,3094.5,3124.5,3127.5,3700.0,3155.5,2491.5,2431.5,2557.0,2727.5,2779.5,2819.0,3056.5,3015.5,1317.5,630.5,77.0,269.5,75.0,486.5,2605.5,3829.5,3817.0,3860.0,1318.5,623.5,146.5,533.5,194.5,934.0,3000.0,4110.5,4160.5,4239.5,1332.0,663.0,474.0,811.0,600.0,1227.0,3152.0,4092.0,4077.0,4232.0,1465.0,830.0,707.0,1071.0,973.0,1729.0,3084.0,3589.0,3780.0,3859.0,1589.0,903.0,582.0,1065.0,973.0,1729.0,2948.0,3352.0,3594.0,3634.0,1889.0,1077.0,552.0,1069.0,1077.0,1915.0,2948.0,3297.0,3505.0,3648.0,4319.5,2986.5,1154.5,1599.5,2101.5,2683.5,3159.0,3435.0,3718.0,3945.0,4042.5,2961.5,1073.5,1453.0,2005.0,2457.0,2800.5,3075.0,3323.0,3423.5,4067.0,2930.0,1094.0,1449.0,1993.0,2478.0,2860.0,3191.0,3505.0,3645.0,3693.0,2677.0,913.0,1257.5,1705.5,2087.5,2458.5,2710.5,2916.0,3056.0,3160.0,2530.0,646.0,902.0,1254.0,1410.0,1500.0,1680.0,1859.0,1925.0,3252.5,2536.0,690.5,952.0,1218.5,1532.5,1920.0,2124.0,2290.0,2377.0,3318.5,2679.5,1472.5,1654.5,1789.5,2072.5,2561.0,2766.5,2921.5,2927.0,2953.5,2333.0,701.5,857.0,961.0,1266.5,1678.5,1898.5,2011.5,2076.0,2842.0,2259.0,667.5,839.5,943.0,1247.5,1659.5,1863.0,1948.0,2029.0,2324.0,1660.5,414.0,631.0,779.5,1122.5,1439.0,1602.5,1764.5,1820.5,0.0,0.0,0.0,0.0,0.0,0.0,0.0,0.0,0.0,0.0,3739.0,2929.0,923.0,1240.0,1749.0,1993.0,2052.0,2211.0,2452.0,2557.0,3211.0,2491.0,1160.0,1328.0,1776.0,2046.0,2052.0,2280.0,2505.0,2575.0,3546.0,2823.0,1037.0,1343.0,1810.0,2109.0,2173.0,2368.0,2601.0,2649.0,1955.0,1597.5,589.0,673.5,882.5,973.5,1066.0,1155.0,1305.0,1297.0,1582.0,1282.0,477.0,638.0,848.0,933.0,1000.0,1114.0,1181.0,1226.0,2057.0,1787.0,572.0,761.5,1056.5,1150.0,1221.5,1297.5,1433.5,1429.0,2113.5,1915.0,636.5,839.5,1135.5,1229.5,1295.0,1371.5,1501.5,1502.5,"{""type"":""MultiPoint"",""coordinates"":[]}"
1156_0,3,1382.5,1130.0,724.5,744.0,807.5,935.5,1019.0,1069.5,1154.5,1138.0,2450.0,2290.0,935.0,1168.0,1481.0,1604.0,1555.0,1596.0,1746.0,1743.0,2377.0,2309.0,885.0,1096.0,1397.0,1507.0,1514.0,1606.0,1703.0,1715.0,1118.0,1068.0,437.5,619.5,741.0,850.5,785.0,846.5,888.0,851.0,583.0,588.5,618.5,787.5,849.5,995.5,803.0,853.5,767.5,734.5,509.0,348.0,378.0,596.0,513.5,784.5,884.0,985.0,981.0,922.5,691.0,471.0,358.0,605.0,476.0,814.0,1083.0,1188.0,1193.0,1141.0,1216.0,645.0,223.0,532.0,304.0,782.0,1913.0,2344.0,2263.0,2382.0,1138.0,649.0,91.0,284.0,131.0,483.0,2073.0,2896.0,2840.0,2874.0,1275.0,620.0,56.0,224.0,35.5,371.0,2431.5,3796.0,3755.0,3935.0,1278.5,604.0,56.5,237.5,40.0,369.5,2570.0,4225.0,4224.0,4371.0,1795.5,1525.0,998.0,1018.5,1083.5,1218.5,1354.5,1422.5,1531.0,1494.5,1313.5,608.5,59.5,254.0,45.5,456.5,2791.5,4480.0,4448.5,4690.5,1392.5,681.5,181.5,537.5,196.0,866.0,3352.5,4707.5,4847.0,4995.5,1502.0,754.0,551.0,948.0,651.0,1458.0,3452.0,4559.0,4609.0,4920.0,1628.0,886.0,754.0,1218.0,1033.0,1945.0,3406.0,3841.0,4048.0,4090.0,1628.0,918.0,660.0,1201.0,1064.0,2000.0,3170.0,3579.0,3777.0,3863.0,2056.0,1256.0,667.0,1241.0,1428.0,2270.0,2998.0,3259.0,3478.0,3617.0,4561.0,3155.5,1320.0,1793.0,2460.5,3139.5,3426.0,3727.5,4007.0,4162.5,4660.0,3392.0,1262.0,1742.0,2601.0,2957.0,3152.0,3371.0,3579.0,3638.0,4217.0,3208.0,1094.0,1558.0,2347.0,2713.0,2908.0,3152.0,3512.0,3539.0,3271.0,2343.5,951.5,1221.5,1820.5,2172.5,2307.0,2500.0,2681.0,2871.0,1670.0,1352.0,372.0,609.0,779.0,971.0,1103.0,1162.0,1313.0,1270.0,3819.0,2941.0,904.0,1187.0,1615.0,1946.0,2059.5,2250.5,2365.5,2564.5,2767.5,2424.0,864.0,1006.0,1227.5,1436.0,1546.0,1659.5,1785.0,1846.0,3204.5,3052.0,1718.0,1736.5,1831.0,2051.5,2333.0,2398.0,2599.5,2534.0,2333.5,2362.5,619.5,704.0,876.5,1026.5,1174.0,1276.0,1377.5,1408.5,1577.5,1380.0,358.0,512.0,693.5,854.5,1010.0,1117.5,1225.5,1235.5,0.0,0.0,0.0,0.0,0.0,0.0,0.0,0.0,0.0,0.0,1492.0,1149.0,265.0,468.0,636.0,869.0,956.0,1089.0,1237.0,1197.0,1834.0,1516.0,407.0,594.0,749.0,1030.0,1204.0,1291.0,1424.0,1460.0,1833.5,1421.5,456.0,696.5,795.0,1091.5,1432.5,1469.0,1649.0,1617.5,1835.5,1532.0,556.5,699.5,867.0,1078.0,1233.5,1335.5,1475.5,1460.0,1876.0,1649.0,547.0,675.0,908.0,1072.0,1060.0,1159.0,1268.0,1266.0,1927.0,1740.0,606.0,769.0,997.5,1109.5,1194.0,1277.0,1361.0,1359.5,2390.0,2292.0,837.0,1087.0,1386.0,1507.0,1497.0,1541.5,1678.5,1676.0,"{""type"":""MultiPoint"",""coordinates"":[]}"
1157_0,3,2086.5,1651.0,649.0,814.0,1097.0,1247.0,1266.0,1379.0,1494.5,1524.0,2429.5,2021.5,836.5,1088.5,1373.0,1476.5,1514.5,1632.0,1729.0,1729.5,2760.0,2341.0,1001.5,1353.5,1682.5,1798.5,1808.0,1880.0,2026.5,2003.5,3005.5,2545.0,1144.0,1509.0,1855.0,2001.5,2021.0,2111.5,2228.0,2226.5,582.0,431.0,876.0,1161.0,1212.0,1516.0,1269.0,1288.0,1292.0,1115.0,546.0,456.0,765.0,996.0,1085.0,1378.0,1269.0,1288.0,1292.0,1209.0,680.0,477.0,544.0,889.0,789.0,1259.0,1348.0,1408.0,1367.0,1375.0,950.0,730.0,544.0,828.0,668.0,1188.0,1673.0,1815.0,1830.0,1696.0,1609.0,872.0,323.0,673.0,337.0,1030.0,2755.0,3127.0,3183.0,3249.0,1807.0,917.5,257.5,636.0,322.0,981.5,3119.5,3985.5,4025.5,4131.5,1626.5,807.0,101.0,378.5,170.5,755.5,3036.5,4245.5,4314.5,4396.5,2306.0,1865.0,727.0,922.0,1194.0,1320.0,1399.0,1504.0,1554.0,1637.0,1625.0,799.0,146.0,405.0,206.0,752.0,3145.0,4434.0,4542.0,4581.0,1652.0,799.0,71.0,472.0,170.0,904.0,3565.0,4818.0,5045.0,5000.0,1742.0,860.0,323.0,871.0,481.0,1498.0,3911.0,4949.0,5065.0,5203.0,1929.0,994.0,531.0,1129.0,821.0,1952.0,3822.0,4491.0,4658.0,4743.0,1995.0,1137.5,581.0,1176.5,998.0,2089.5,3473.0,3985.0,4311.0,4247.0,2553.0,1560.5,730.5,1341.0,1492.0,2411.0,3390.5,3667.5,4014.5,4169.0,3129.0,1998.5,1046.5,1626.5,2063.5,2953.0,3662.0,3964.5,4286.0,4423.0,4365.0,3032.5,1327.0,1880.5,2563.0,3264.5,3690.0,4020.0,4279.5,4445.5,3966.0,2918.0,1241.0,1691.0,2490.0,2908.0,3101.0,3252.0,3710.0,3796.0,3837.5,2640.5,1127.0,1598.0,2439.5,2938.0,3073.0,3275.5,3432.0,3806.5,2271.0,1877.0,707.5,905.5,1191.5,1316.0,1374.0,1435.5,1618.5,1617.5,2370.0,1852.5,663.0,909.0,1290.5,1471.0,1508.5,1638.0,1790.0,1755.5,2494.5,1969.0,815.5,1023.5,1385.0,1596.0,1622.5,1715.0,1866.0,1880.5,2282.0,1844.5,654.0,852.5,1148.5,1288.5,1347.0,1445.0,1531.5,1569.5,2347.0,1905.0,722.5,896.0,1159.0,1313.5,1369.0,1477.5,1540.5,1603.0,1925.0,1174.0,547.0,698.0,967.0,1057.0,1109.0,1174.0,1370.0,1336.0,0.0,0.0,0.0,0.0,0.0,0.0,0.0,0.0,0.0,0.0,1963.0,1572.0,609.0,807.0,1026.0,1143.0,1181.0,1242.0,1351.0,1375.0,2138.0,1751.0,707.0,823.0,1044.0,1150.0,1181.0,1243.0,1343.0,1357.0,2475.0,2065.0,802.0,1043.0,1293.0,1423.0,1443.0,1534.0,1632.0,1673.0,2323.0,1827.0,1011.0,994.0,1151.0,1235.0,1247.0,1301.0,1547.0,1454.0,2116.5,1684.0,776.0,868.5,1089.5,1158.0,1180.0,1237.0,1380.5,1382.0,2487.0,2110.0,855.0,1049.0,1258.0,1372.0,1465.0,1609.0,1711.0,1695.0,2281.0,1874.5,737.5,962.5,1242.5,1360.5,1408.0,1501.0,1635.0,1641.5,"{""type"":""MultiPoint"",""coordinates"":[]}"
1158_0,3,1222.0,1070.0,342.5,430.5,542.5,598.0,615.0,676.0,722.0,723.5,2019.5,1851.5,715.0,903.0,1079.5,1164.5,1198.0,1275.0,1345.5,1355.5,2206.5,2025.0,743.0,956.5,1145.5,1250.5,1282.0,1363.0,1428.0,1464.0,2647.5,2426.5,1078.0,1337.5,1566.5,1701.0,1698.5,1774.5,1851.0,1882.5,2861.0,2664.0,1237.0,1457.0,1697.0,1823.0,1861.0,1949.0,2080.0,2053.0,2492.0,2326.0,1169.0,1451.0,1697.0,1823.0,1861.0,1938.0,2049.0,2028.0,386.0,358.0,930.0,1129.0,1176.0,1300.0,977.0,1024.0,1025.0,814.0,386.0,360.0,930.0,1129.0,1187.0,1337.0,1042.0,1061.0,1030.0,925.0,267.0,210.0,619.0,882.0,906.0,1140.0,896.0,969.0,899.0,816.0,313.5,229.5,506.5,832.5,815.0,1108.5,954.5,1123.0,1024.0,897.0,576.0,371.0,353.0,648.5,478.5,946.0,1348.0,1548.5,1518.0,1332.5,1406.0,1251.0,440.0,583.0,699.0,770.0,803.0,851.0,951.0,921.0,1301.0,701.0,299.0,587.0,340.0,915.0,2496.0,3118.0,3154.0,3106.0,1310.0,668.0,145.0,405.0,179.0,745.0,2549.0,3420.0,3448.0,3202.0,1353.0,668.0,145.0,397.0,167.0,702.0,2776.0,3832.0,3892.0,3824.0,1503.0,728.0,351.0,651.0,358.0,1044.0,3070.0,3938.0,4073.0,3987.0,1475.0,767.0,379.0,879.0,534.0,1535.0,3147.0,3700.0,3987.0,3789.0,1522.0,851.5,459.5,982.5,782.5,1768.0,3061.0,3416.0,3686.5,3679.5,1925.0,1085.5,899.0,1393.5,1434.5,2215.5,3029.0,3310.0,3640.5,3646.0,2339.0,1446.5,779.5,1320.5,1511.0,2282.0,2959.5,3222.0,3637.0,3629.5,3461.0,2372.0,1042.0,1514.0,2058.0,2570.0,2905.0,3200.0,3590.0,3558.0,3040.5,2152.5,995.5,1408.0,2029.0,2377.0,2485.0,2677.5,2887.5,3009.0,1496.0,1141.0,545.0,622.0,765.0,817.0,846.0,882.0,964.0,941.0,3313.0,2538.0,999.0,1377.0,1909.0,2279.0,2361.0,2503.0,2586.0,2834.0,3255.0,2459.5,1061.5,1354.0,1827.0,2097.5,2177.5,2344.5,2536.5,2589.5,2929.0,2330.5,819.0,1046.5,1379.0,1588.5,1662.5,1795.0,1934.0,2001.0,2850.0,2287.0,894.0,1089.0,1399.0,1581.0,1638.0,1759.0,1929.0,1951.0,2369.0,1557.0,722.0,912.0,1196.0,1355.0,1431.0,1585.0,1790.0,1782.0,0.0,0.0,0.0,0.0,0.0,0.0,0.0,0.0,0.0,0.0,2337.0,2141.0,827.0,1076.0,1280.0,1374.0,1409.0,1494.0,1591.0,1580.0,390.0,344.0,271.0,228.0,222.0,232.0,243.0,259.0,263.0,278.0,2532.0,2347.0,939.0,1190.0,1431.0,1582.0,1586.0,1653.0,1750.0,1748.0,2687.0,2471.0,1109.0,1348.0,1575.0,1714.0,1736.0,1803.0,1936.0,1921.0,2018.0,1815.0,603.0,770.0,961.0,1049.0,1030.0,1094.0,1179.0,1212.0,1855.0,1701.0,591.0,765.0,913.0,980.0,1028.0,1105.0,1180.0,1195.0,1905.0,1752.5,638.0,805.5,957.5,1039.5,1080.0,1138.5,1232.5,1222.5,"{""type"":""MultiPoint"",""coordinates"":[]}"
1159_0,3,1450.5,1200.0,610.5,698.0,769.0,922.5,1039.5,1101.0,1194.0,1203.0,2585.0,2445.0,890.0,1138.0,1486.0,1623.0,1634.0,1738.0,1868.0,1881.0,2614.0,2564.0,893.0,1124.0,1449.0,1587.0,1638.0,1725.0,1825.0,1867.0,583.5,558.0,590.5,760.0,847.5,900.5,780.5,836.5,741.0,739.0,338.5,339.0,518.5,684.5,656.0,801.5,598.5,604.0,525.5,499.5,624.0,435.5,388.0,653.5,475.0,929.5,1244.5,1362.0,1330.5,1300.5,771.0,575.0,346.0,634.0,418.0,957.0,1215.0,1406.0,1320.0,1216.0,938.0,583.0,180.0,465.0,237.0,808.0,1578.0,1800.0,1688.0,1709.0,858.0,569.0,96.0,254.0,55.0,517.0,1605.0,1969.0,1876.0,1804.0,1177.5,564.5,39.0,206.5,0.0,388.0,2358.0,3648.0,3677.0,3722.5,1243.0,553.0,2.0,154.5,0.0,311.0,2436.0,4202.5,4311.0,4325.0,2592.0,2263.0,1508.5,1564.5,1654.0,1883.5,2117.5,2207.5,2226.5,2260.5,1289.5,569.0,6.0,135.0,0.0,321.5,2520.0,4623.0,4739.5,4855.5,1278.0,572.0,74.0,347.0,67.0,701.0,2963.5,4629.0,4844.0,4974.5,1412.0,650.0,499.0,797.0,549.0,1226.0,3222.0,4479.0,4580.0,4815.0,1548.0,801.0,628.0,985.0,778.0,1554.0,3188.0,3900.0,4161.0,4244.0,1569.0,858.0,521.0,949.0,783.0,1556.0,2949.0,3615.0,3878.0,3947.0,1921.0,1108.0,505.0,967.0,1001.0,1807.0,2971.0,3421.0,3659.0,3785.0,4570.0,3174.0,1141.5,1553.5,2106.5,2542.5,3042.5,3402.0,3723.5,3836.5,4845.0,3519.0,1170.0,1650.0,2405.0,2774.0,3039.0,3316.0,3611.0,3683.0,4763.0,3407.0,1237.0,1713.0,2509.0,2807.0,3031.0,3320.0,3755.0,3715.0,4325.5,3106.5,1144.0,1571.0,2308.0,2669.5,2822.0,3063.5,3288.5,3523.5,1703.0,1374.0,460.0,640.0,791.0,1042.0,1341.0,1449.0,1611.0,1600.0,4156.5,3209.0,1000.0,1310.5,1795.0,2091.0,2267.5,2466.5,2663.0,2807.5,2661.0,2124.5,912.5,1049.5,1307.5,1484.5,1612.5,1734.0,1878.0,1901.0,2645.0,2342.0,656.5,777.0,943.0,1196.5,1429.0,1651.5,1791.0,1758.5,2740.5,2417.5,694.5,846.5,975.5,1253.5,1559.0,1715.0,1915.5,1888.0,2102.5,1574.5,374.0,634.5,703.5,1058.5,1686.0,1884.5,2067.5,2003.5,0.0,0.0,0.0,0.0,0.0,0.0,0.0,0.0,0.0,0.0,1617.0,1190.0,259.0,488.0,550.0,961.0,1381.0,1499.0,1655.0,1609.0,1751.5,1463.0,646.0,817.5,821.5,1166.0,1650.0,1755.5,1751.0,1856.0,1811.0,1337.5,384.5,663.0,676.5,1142.0,1849.0,1997.0,2165.5,2156.5,1876.5,1521.5,499.0,678.0,800.0,1097.0,1519.0,1655.5,1770.5,1792.0,1952.0,1727.0,500.0,672.0,881.0,1063.0,1194.0,1302.0,1390.0,1402.0,2129.5,1999.0,656.5,839.0,1075.0,1210.0,1305.0,1396.0,1514.0,1518.5,2507.0,2432.5,821.5,1063.5,1360.5,1491.5,1581.5,1676.5,1789.5,1807.5,"{""type"":""MultiPoint"",""coordinates"":[]}"
1160_0,3,1265.5,1107.0,367.5,463.0,573.0,624.5,628.5,673.0,737.5,755.5,2161.0,1954.5,748.5,986.0,1168.0,1259.0,1288.0,1378.0,1450.5,1445.0,2335.0,2116.5,804.5,1044.5,1256.5,1349.5,1386.5,1444.0,1533.0,1543.0,2895.0,2670.5,1210.0,1508.5,1752.5,1916.5,1933.0,2035.0,2078.0,2133.0,2993.0,2788.0,1323.0,1591.0,1839.0,1986.0,2032.0,2128.0,2223.0,2254.0,2682.0,2519.0,1271.0,1571.0,1839.0,1986.0,2023.0,2128.0,2107.0,2201.0,486.0,445.0,941.0,1209.0,1236.0,1284.0,906.0,952.0,1015.0,740.0,511.0,445.0,941.0,1209.0,1236.0,1302.0,950.0,1003.0,1015.0,795.0,391.0,272.0,623.0,945.0,972.0,1180.0,927.0,1003.0,913.0,795.0,430.5,314.5,507.5,841.5,854.0,1109.5,812.5,971.5,864.0,715.5,383.0,264.0,398.5,698.5,603.5,937.5,815.0,903.0,810.5,672.5,1454.0,1274.0,470.0,616.0,747.0,807.0,818.0,899.0,993.0,952.0,679.0,421.0,346.0,601.0,462.0,899.0,1375.0,1571.0,1449.0,1357.0,812.0,442.0,177.0,409.0,224.0,696.0,1459.0,1729.0,1749.0,1499.0,1056.0,566.0,177.0,409.0,202.0,608.0,2142.0,2675.0,2655.0,2658.0,1257.0,680.0,318.0,543.0,291.0,847.0,2610.0,3119.0,3265.0,3043.0,1300.0,680.0,311.0,640.0,361.0,1003.0,2613.0,3088.0,3294.0,3241.0,1380.5,732.0,369.5,804.5,533.0,1366.5,2771.5,3239.5,3308.0,3339.0,1984.5,1161.5,860.5,1310.5,1379.5,2062.0,2864.0,3219.0,3459.5,3505.0,2341.0,1529.0,840.0,1283.0,1460.5,2177.0,2831.5,3030.5,3349.5,3381.0,3319.0,2324.0,1053.0,1511.0,2063.0,2532.0,2796.0,2995.0,3334.0,3380.0,3213.5,2312.5,1035.5,1468.0,2113.5,2520.5,2648.0,2837.5,3022.5,3086.0,1544.0,1187.0,567.0,669.0,818.0,841.0,903.0,950.0,1015.0,984.0,3358.0,2557.0,976.0,1334.0,1877.0,2268.0,2249.0,2449.0,2610.0,2825.0,3188.0,2491.5,1032.0,1331.5,1794.5,2067.0,2156.5,2303.0,2528.5,2562.0,2840.5,2374.0,788.5,991.5,1314.0,1526.5,1587.5,1706.0,1851.5,1932.0,2765.0,2231.0,852.0,1026.0,1350.0,1538.0,1605.0,1757.0,1851.0,1955.0,2405.0,1576.0,699.0,875.0,1171.0,1298.0,1385.0,1507.0,1703.0,1682.0,0.0,0.0,0.0,0.0,0.0,0.0,0.0,0.0,0.0,0.0,2337.0,2065.0,828.0,1084.0,1311.0,1414.0,1442.0,1492.0,1624.0,1635.0,390.0,341.0,286.0,251.0,240.0,276.0,251.0,280.0,273.0,266.0,2662.0,2397.0,1014.0,1317.0,1567.0,1694.0,1706.0,1780.0,1883.0,1859.0,2823.0,2607.0,1198.0,1462.0,1714.0,1801.0,1829.0,1930.0,2083.0,2027.0,2010.0,1758.0,600.0,771.0,964.0,1057.0,1058.0,1089.0,1181.0,1207.0,1997.0,1751.0,622.0,824.0,999.0,1077.0,1080.0,1198.0,1261.0,1283.0,2036.5,1856.5,695.0,885.5,1050.0,1148.5,1180.0,1243.0,1325.5,1349.5,"{""type"":""MultiPoint"",""coordinates"":[]}"
1161_0,3,1858.0,1518.0,636.5,783.5,1036.5,1158.0,1217.5,1283.5,1373.0,1404.5,2213.5,1869.5,809.5,1023.5,1272.0,1389.5,1449.0,1549.0,1633.5,1632.0,2401.0,2042.5,909.5,1208.5,1513.0,1652.5,1690.0,1762.0,1821.0,1834.5,2723.0,2324.5,1172.5,1523.5,1872.5,2035.0,2026.5,2114.5,2150.5,2178.0,2321.0,1988.0,1165.0,1503.0,1831.0,1996.0,1952.0,1998.0,1846.0,1873.0,440.0,427.0,1100.0,1345.0,1367.0,1573.0,1311.0,1341.0,1313.0,1123.0,200.0,184.0,632.0,909.0,955.0,1147.0,943.0,1037.0,1003.0,850.0,348.0,262.0,530.0,824.0,816.0,1181.0,1122.0,1226.0,1178.0,1015.0,500.0,364.0,367.0,653.0,519.0,848.0,1161.0,1397.0,1325.0,1083.0,1446.0,728.0,194.5,488.0,192.0,731.0,2675.0,3546.5,3603.5,3557.0,1603.5,745.0,76.0,296.5,55.0,538.0,2902.5,4552.0,4616.0,4597.0,2049.0,1707.0,714.0,886.0,1105.0,1277.0,1285.0,1360.0,1427.0,1482.0,1505.0,711.0,109.0,304.0,64.0,518.0,3043.0,4693.0,4930.0,4819.0,1501.0,686.0,3.0,281.0,42.0,604.0,3406.0,5152.0,5275.0,5291.0,1548.0,703.0,187.0,566.0,262.0,1063.0,3612.0,5134.0,5234.0,5443.0,1670.0,780.0,450.0,983.0,575.0,1764.0,4000.0,4895.0,5119.0,5202.0,1770.0,938.0,504.0,1087.0,743.0,1940.0,3906.0,4574.0,4995.5,4940.5,2135.5,1234.5,608.0,1266.5,1151.0,2328.5,3817.0,4356.5,4734.5,4780.0,2680.5,1627.5,1080.0,1667.5,1800.5,2777.0,3846.5,4280.0,4699.0,4755.0,3127.5,1997.0,1094.5,1772.5,2142.0,3051.0,3826.5,4184.0,4665.5,4658.0,3792.0,2637.0,1089.5,1558.0,2197.0,2791.0,3153.0,3368.5,3780.0,3837.5,3710.0,2639.0,1228.0,1770.0,2593.0,2972.0,3127.0,3406.0,3683.0,3822.0,1927.0,1617.0,527.0,734.0,987.0,1114.0,1183.0,1253.0,1357.0,1355.0,3882.0,2846.0,1198.0,1671.0,2389.0,2786.0,2868.0,3119.0,3271.0,3528.0,3696.0,2741.0,1198.0,1559.5,2130.0,2471.5,2637.0,2803.5,3062.0,3109.5,3262.5,2602.0,911.5,1164.5,1562.0,1753.5,1855.5,1995.0,2224.0,2269.5,3349.0,2743.0,949.0,1180.0,1554.0,1753.0,1832.0,2012.0,2168.0,2261.0,1637.0,1353.0,459.0,621.0,846.0,965.0,1007.0,1043.0,1161.0,1196.0,699.0,581.5,576.5,548.0,581.0,603.5,647.5,689.5,783.0,741.0,1378.0,1064.0,418.0,583.0,738.0,845.0,874.0,948.0,1023.0,1053.0,302.0,253.0,154.0,128.0,129.0,160.0,167.0,170.0,193.0,201.0,2177.0,1851.0,756.0,965.0,1149.0,1313.0,1350.0,1426.0,1515.0,1511.0,2100.0,1780.5,818.5,959.0,1124.0,1251.0,1280.0,1365.5,1512.5,1474.5,1680.0,1421.0,595.0,695.0,854.0,961.0,974.0,1020.0,1120.0,1126.0,2237.5,1915.0,865.5,1024.5,1219.5,1332.5,1361.5,1465.0,1538.5,1557.5,2260.5,1906.5,876.0,1062.5,1258.0,1382.5,1438.0,1521.5,1618.5,1617.5,"{""type"":""MultiPoint"",""coordinates"":[]}"
1162_0,3,1912.0,1579.5,582.0,707.5,959.0,1086.5,1104.5,1178.5,1283.0,1329.5,2219.5,1943.5,886.0,1124.0,1381.0,1479.5,1510.5,1558.0,1665.5,1660.0,2275.5,1972.0,855.0,1092.0,1350.0,1471.5,1492.5,1559.0,1652.5,1654.5,1390.0,1169.0,569.5,761.0,936.0,1029.0,1008.0,1093.5,1105.0,1117.5,235.0,183.0,629.0,786.0,835.0,970.0,833.0,887.0,880.0,780.0,276.0,212.0,524.0,786.0,794.0,970.0,833.0,893.0,880.0,780.0,552.0,439.0,469.0,644.0,584.0,988.0,1080.0,1186.0,1062.0,1020.0,1022.0,672.0,415.0,644.0,408.0,1023.0,2125.0,2423.0,2347.0,2175.0,1312.0,699.0,320.0,620.0,366.0,1034.0,2825.0,3416.0,3379.0,3360.0,1442.0,789.0,264.5,547.5,359.0,1032.0,2613.5,3169.5,3171.5,3255.5,1457.0,735.5,137.0,366.0,199.5,713.5,2562.0,3456.0,3570.5,3674.5,2173.0,1811.0,673.0,825.0,1065.0,1202.0,1224.0,1295.0,1411.0,1488.0,1591.0,787.0,166.0,442.0,192.0,826.0,2921.0,3855.0,3868.0,4027.0,1649.0,790.0,162.0,603.0,260.0,1120.0,3401.0,4261.0,4450.0,4531.0,1736.0,854.0,341.0,873.0,530.0,1507.0,3698.0,4455.0,4596.0,4704.0,2073.0,1081.0,569.0,1155.0,866.0,2112.0,3787.0,4375.0,4639.0,4724.0,2202.0,1264.0,619.5,1209.0,1043.0,2146.0,3493.5,3863.0,4331.0,4311.5,2494.0,1496.0,695.5,1254.0,1337.0,2244.0,3211.0,3573.0,3908.5,3978.5,3337.5,2209.5,1022.0,1452.5,1801.0,2481.5,3082.0,3431.5,3752.0,3826.0,4116.5,2784.0,1082.0,1487.5,2117.0,2559.5,2846.0,3165.5,3575.0,3679.0,3750.5,2650.5,959.5,1370.5,2061.5,2418.5,2642.5,2926.5,3345.0,3329.0,2549.0,1976.0,767.0,1057.0,1502.0,1739.0,1816.0,1977.0,2038.0,2201.0,2127.5,1775.0,630.0,796.0,1073.5,1185.5,1217.0,1276.5,1427.0,1442.0,2580.5,1999.0,792.5,1074.5,1515.0,1733.5,1833.0,1956.5,2032.5,2203.0,2536.5,1960.5,880.5,1120.5,1517.0,1704.0,1797.5,1914.0,2068.0,2115.0,2294.5,1829.0,661.5,858.0,1159.5,1314.0,1374.5,1478.0,1600.0,1664.5,2320.5,1872.5,726.5,875.0,1169.5,1317.5,1389.0,1484.5,1569.0,1671.0,2033.0,1446.0,559.0,703.0,981.0,1092.0,1156.0,1258.0,1417.0,1433.0,0.0,0.0,0.0,0.0,0.0,0.0,0.0,0.0,0.0,0.0,1804.0,1524.0,547.0,695.0,890.0,978.0,1006.0,1033.0,1149.0,1208.0,1862.0,1614.0,618.0,705.0,872.0,963.0,947.0,1018.0,1103.0,1122.0,2172.5,1880.5,731.0,896.5,1107.5,1201.5,1240.0,1283.5,1409.5,1419.0,2111.0,1748.0,634.0,754.0,968.0,1060.0,1025.0,1090.0,1198.0,1239.0,2205.5,1852.0,738.0,837.0,1053.0,1155.0,1172.0,1246.0,1342.5,1390.0,1992.0,1714.0,689.0,804.0,1016.0,1139.0,1166.0,1250.0,1343.0,1352.0,1912.0,1690.0,689.0,814.0,1011.0,1111.0,1144.0,1218.0,1324.0,1308.0,"{""type"":""MultiPoint"",""coordinates"":[]}"
1163_0,3,1660.5,1378.0,532.5,677.0,870.5,991.0,1030.5,1103.0,1166.5,1174.0,2254.5,1945.0,828.5,1102.5,1343.5,1465.0,1506.5,1560.5,1670.0,1672.5,2321.5,2046.5,851.5,1126.0,1356.5,1499.0,1520.5,1608.0,1677.5,1678.5,2244.5,2005.0,844.5,1096.0,1321.0,1449.5,1474.5,1553.0,1611.5,1620.0,325.0,289.0,832.0,1117.0,1149.0,1311.0,924.0,963.0,925.0,724.0,547.0,387.0,949.0,1188.0,1201.0,1398.0,1346.0,1392.0,1419.0,1334.0,413.0,330.0,702.0,1030.0,1044.0,1398.0,1310.0,1368.0,1398.0,1212.0,632.0,566.0,623.0,875.0,865.0,1395.0,1449.0,1546.0,1398.0,1239.0,524.0,375.0,530.0,815.0,760.0,1167.0,1352.0,1503.0,1334.0,1192.0,591.5,402.5,335.5,590.0,520.5,974.5,1365.0,1637.0,1470.0,1415.5,968.0,586.5,270.5,518.0,363.5,935.0,1925.0,2337.0,2209.5,2082.5,1843.0,1535.0,624.0,795.0,990.0,1110.0,1142.0,1209.0,1265.0,1272.0,1087.0,615.0,247.0,501.0,329.0,885.0,2046.0,2420.0,2342.0,2324.0,1135.0,578.0,132.0,376.0,206.0,753.0,2390.0,2973.0,2900.0,2950.0,1137.0,592.0,140.0,367.0,166.0,689.0,2565.0,3411.0,3293.0,3432.0,1457.0,733.0,320.0,643.0,309.0,1003.0,3154.0,3933.0,3958.0,4052.0,1554.0,773.0,353.5,792.0,398.5,1288.5,3313.0,4098.0,4260.5,4226.5,1579.0,849.0,374.5,857.5,504.0,1500.0,3076.5,3543.0,3658.0,3699.5,1853.0,963.0,621.0,1196.0,989.0,1954.0,3080.0,3430.0,3596.0,3699.0,2198.0,1341.0,702.5,1264.0,1287.5,2311.0,3111.5,3429.0,3661.5,3794.0,3341.0,2293.5,921.0,1398.0,1905.5,2445.0,2830.0,3094.5,3388.5,3449.0,2052.0,1622.0,623.0,944.0,1338.0,1606.0,1736.0,1947.0,2029.0,2138.0,1716.0,1430.0,481.0,663.0,899.0,1008.0,1043.0,1119.0,1210.0,1234.0,2638.0,1999.0,755.0,1032.0,1443.0,1693.0,1801.0,1945.0,1927.0,2141.0,2581.0,1993.0,812.0,1042.0,1413.0,1646.0,1761.5,1875.5,2011.5,2095.0,2352.5,1863.5,672.5,864.5,1137.0,1303.5,1372.0,1470.5,1589.0,1666.0,2492.0,2043.0,772.0,928.0,1190.0,1372.0,1420.0,1540.0,1607.0,1730.0,2084.0,1482.0,557.0,714.0,967.0,1073.0,1195.0,1291.0,1458.0,1447.0,0.0,0.0,0.0,0.0,0.0,0.0,0.0,0.0,0.0,0.0,1545.0,1276.0,470.0,656.0,829.0,924.0,947.0,1037.0,1096.0,1083.0,1767.0,1528.0,584.0,735.0,924.0,1025.0,1095.0,1114.0,1166.0,1198.0,2072.0,1828.0,668.0,894.0,1118.0,1261.0,1271.0,1383.0,1435.0,1467.0,2277.0,2003.0,866.0,1076.0,1279.0,1374.0,1466.0,1501.0,1644.0,1647.0,1669.0,1409.0,557.5,653.5,826.0,904.0,945.0,983.0,1067.0,1079.5,2009.0,1731.0,642.0,871.0,1085.0,1199.0,1250.0,1296.0,1363.0,1423.0,2082.0,1792.5,749.5,947.0,1158.5,1264.0,1299.5,1384.5,1473.5,1456.5,"{""type"":""MultiPoint"",""coordinates"":[]}"
1164_0,3,1629.0,1381.5,541.0,667.0,866.5,976.0,994.0,1057.0,1119.5,1163.5,2467.0,2154.5,1028.5,1327.5,1562.0,1683.5,1696.5,1783.0,1873.5,1866.0,2460.0,2152.5,930.0,1204.5,1462.0,1575.5,1604.0,1680.5,1760.5,1781.0,2529.0,2214.0,979.5,1288.0,1551.5,1666.5,1681.5,1760.0,1829.5,1849.5,633.0,627.0,922.0,1186.0,1219.0,1383.0,1103.0,1188.0,962.0,988.0,447.0,413.0,922.0,1186.0,1219.0,1383.0,1057.0,1028.0,962.0,837.0,412.0,343.0,659.0,994.0,948.0,1256.0,1091.0,1200.0,1127.0,979.0,680.0,465.0,623.0,863.0,760.0,1343.0,1306.0,1437.0,1343.0,1202.0,752.0,562.0,442.0,762.0,642.0,1254.0,1626.0,1797.0,1616.0,1588.0,876.5,567.5,375.0,632.5,446.0,998.5,1667.0,1953.0,1748.0,1711.5,1150.0,666.0,328.5,584.5,408.5,961.5,2101.5,2510.0,2424.0,2363.0,1890.0,1612.5,686.0,836.0,1036.0,1156.5,1162.5,1219.0,1287.0,1318.5,1360.0,740.0,320.0,577.0,397.0,957.0,2535.0,3204.0,3155.0,3181.0,1287.0,653.0,215.0,501.0,312.0,831.0,2696.0,3457.0,3367.0,3481.0,1277.0,653.0,215.0,466.0,259.0,795.0,2707.0,3475.0,3495.0,3769.0,1440.0,708.0,348.0,668.0,357.0,1107.0,3116.0,3863.0,3851.0,3975.0,1669.0,844.0,391.0,906.0,493.0,1519.0,3495.0,4010.0,4092.0,4222.0,1740.0,936.5,425.0,975.0,566.5,1669.5,3310.5,3745.0,3830.5,3857.5,1963.0,1065.0,723.0,1309.0,1156.0,2154.0,3171.0,3431.0,3589.0,3688.0,2239.0,1365.5,704.0,1322.5,1267.0,2324.0,3110.5,3297.5,3547.5,3712.5,3105.5,2185.5,923.0,1348.5,1730.5,2358.0,2626.5,2825.5,3103.5,3193.5,2814.0,1878.0,872.0,1191.0,1739.0,2068.0,2255.0,2415.0,2546.0,2697.0,1702.0,1449.0,472.0,668.0,892.0,992.0,1032.0,1075.0,1140.0,1174.0,3173.0,2336.0,858.0,1229.0,1759.0,2026.0,2228.0,2344.0,2376.0,2602.0,2935.0,2225.5,798.5,1043.0,1440.0,1732.0,1797.5,1949.5,2099.0,2223.5,2626.5,2105.0,613.5,796.0,1105.0,1284.5,1357.0,1510.0,1634.5,1721.0,2771.0,2284.0,685.0,850.0,1137.0,1308.0,1354.0,1547.0,1648.0,1740.0,2277.0,1519.0,507.0,619.0,889.0,984.0,1111.0,1186.0,1376.0,1388.0,931.0,813.0,575.0,603.0,721.0,782.0,847.0,915.0,782.0,959.0,1611.0,1348.0,519.0,693.0,867.0,936.0,987.0,1035.0,1096.0,1139.0,997.0,943.0,346.0,427.0,545.0,604.0,660.0,717.0,506.0,780.0,2179.0,1923.0,764.0,998.0,1204.0,1322.0,1363.0,1423.0,1492.0,1508.0,2373.0,2110.0,952.0,1144.0,1361.0,1438.0,1497.0,1574.0,1681.0,1652.0,1814.0,1556.0,547.0,692.0,885.0,980.0,949.0,1029.0,1067.0,1089.0,1954.0,1694.0,677.0,811.0,1002.0,1136.0,1159.0,1225.0,1293.0,1295.0,2145.5,1884.0,765.0,978.5,1190.5,1296.0,1359.0,1400.0,1504.0,1518.5,"{""type"":""MultiPoint"",""coordinates"":[]}"
1165_0,3,1916.5,1565.5,606.5,746.5,1003.5,1137.0,1145.5,1238.0,1375.5,1391.0,2057.5,1761.0,728.0,944.0,1181.0,1294.0,1309.5,1391.0,1500.0,1489.5,2234.5,1926.0,879.0,1119.5,1402.0,1487.5,1486.0,1524.5,1643.0,1642.0,2504.5,2179.5,1040.5,1320.0,1604.0,1714.5,1765.0,1816.0,1928.0,1897.0,1310.0,1218.0,1028.0,1292.0,1362.0,1448.0,1420.0,1524.0,1636.0,1592.0,341.0,307.0,1028.0,1310.0,1234.0,1448.0,1051.0,1066.0,994.0,767.0,395.0,349.0,787.0,1003.0,1000.0,1162.0,937.0,980.0,993.0,810.0,457.0,349.0,626.0,910.0,957.0,1185.0,1042.0,1106.0,1047.0,948.0,383.0,279.0,520.0,756.0,767.0,971.0,837.0,967.0,833.0,769.0,611.0,373.0,251.0,533.0,416.0,866.0,1328.5,1630.5,1369.5,1405.0,973.5,519.0,183.0,394.0,206.0,743.0,1986.0,2479.5,2368.0,2505.5,2140.0,1812.0,696.0,873.0,1128.0,1269.0,1267.0,1371.0,1467.0,1538.0,1209.0,609.0,134.0,364.0,129.0,694.0,2779.0,3383.0,3370.0,3434.0,1294.0,632.0,72.0,335.0,114.0,763.0,2949.0,3666.0,3815.0,3787.0,1381.0,673.0,167.0,514.0,268.0,968.0,3057.0,3865.0,3965.0,4083.0,1583.0,792.0,337.0,787.0,474.0,1384.0,3120.0,3795.0,3951.0,4011.0,1683.5,923.0,373.5,854.0,573.5,1499.0,3039.0,3527.5,3850.5,3829.0,1970.5,1126.0,433.5,932.5,807.5,1721.0,2945.5,3328.0,3623.5,3755.0,2381.5,1396.0,728.0,1217.5,1247.0,2022.5,2989.5,3371.5,3740.0,3815.0,2782.0,1762.0,803.5,1329.5,1540.0,2269.5,3011.5,3359.0,3817.5,3817.5,4026.0,2692.0,1114.0,1547.0,2136.0,2635.0,2958.0,3308.0,3781.0,3757.0,4163.0,2834.5,1087.5,1535.0,2280.5,2706.5,2922.0,3251.0,3637.0,3738.0,2151.5,1791.0,659.5,828.5,1104.5,1216.0,1262.5,1353.5,1513.5,1503.0,3845.5,2713.5,888.0,1250.0,1834.5,2126.0,2335.0,2583.0,2928.0,2991.5,3677.5,2663.5,977.0,1289.5,1821.5,2115.0,2247.0,2484.0,2858.5,2849.0,3276.5,2555.0,738.0,934.0,1292.5,1488.0,1579.5,1787.5,2013.5,2000.5,3340.5,2649.5,758.5,925.0,1275.5,1486.0,1525.0,1717.0,1917.5,2007.5,1689.0,1280.0,418.0,519.0,746.0,819.0,871.0,942.0,1066.0,1081.0,0.0,0.0,0.0,0.0,0.0,0.0,0.0,0.0,0.0,0.0,1642.0,1303.0,519.0,686.0,886.0,965.0,995.0,1027.0,1193.0,1190.0,1769.0,1461.0,622.0,725.0,891.0,981.0,1015.0,1070.0,1181.0,1156.0,2349.0,1972.0,850.0,1016.0,1259.0,1351.0,1391.0,1448.0,1629.0,1615.0,2308.5,1892.0,903.5,998.0,1251.5,1312.5,1358.0,1401.0,1580.0,1515.5,1894.0,1553.0,610.0,732.5,954.5,1021.0,1013.0,1056.5,1193.5,1198.0,2258.5,1975.5,851.5,994.5,1189.5,1305.5,1364.0,1503.5,1605.0,1574.5,2355.0,2001.0,895.0,1088.0,1299.0,1427.0,1478.0,1540.0,1723.0,1706.0,"{""type"":""MultiPoint"",""coordinates"":[]}"
1166_0,3,1881.5,1568.5,576.5,727.0,970.0,1085.5,1140.5,1204.5,1313.5,1345.5,2449.5,2101.0,1076.0,1386.5,1630.0,1764.5,1804.0,1857.5,1967.0,1952.5,2542.0,2158.5,1055.5,1344.5,1626.5,1782.5,1812.5,1881.0,1974.0,1966.0,2501.0,2145.5,1065.5,1342.5,1606.5,1746.0,1769.5,1845.5,1913.0,1938.5,198.0,205.5,517.0,838.0,931.5,1017.5,799.0,876.0,813.0,721.5,290.5,256.0,702.5,959.0,1082.5,1209.5,1059.5,1118.0,1120.5,1025.0,448.5,315.0,562.0,866.5,871.0,1125.0,1123.0,1285.0,1259.5,1062.5,865.0,484.5,551.5,805.5,711.5,1173.5,1711.0,1824.0,1688.5,1604.5,1202.5,750.0,399.0,726.0,503.5,1164.0,2296.5,2685.0,2590.0,2463.0,1349.5,745.0,280.0,614.0,385.0,1137.0,2673.5,3135.0,3093.5,3066.5,1479.5,733.0,250.0,522.5,315.0,914.0,2816.5,3740.0,3862.0,3765.0,2219.0,1873.0,652.0,884.0,1166.0,1287.5,1329.0,1437.5,1491.0,1606.0,1632.0,795.0,268.0,616.5,355.0,1136.5,3245.0,4136.5,4252.0,4237.0,1704.0,846.0,286.5,694.5,393.5,1220.0,3573.0,4468.0,4613.5,4618.5,1759.0,917.0,408.5,892.0,565.5,1567.5,3689.5,4490.5,4617.0,4742.5,1811.5,996.5,531.0,942.5,812.5,1819.5,3411.5,3874.5,4033.0,4139.5,2036.0,1160.0,546.5,943.0,948.5,1845.5,2971.0,3332.5,3662.5,3700.5,2423.0,1479.0,592.0,990.0,1263.0,1980.0,2643.0,3006.0,3214.0,3369.0,3490.0,2280.5,1077.0,1458.0,1923.0,2505.0,2930.0,3231.5,3585.5,3663.0,4243.0,2894.0,1035.0,1496.5,2301.5,2789.0,3035.0,3390.5,3738.5,3780.0,4090.5,2793.5,1053.5,1485.0,2222.0,2678.5,2944.0,3312.5,3598.0,3693.5,2378.5,1806.5,736.5,1044.0,1443.5,1670.0,1755.5,1883.0,1942.0,2087.5,1972.5,1644.0,528.5,750.0,1020.5,1158.0,1174.0,1254.5,1382.0,1440.5,2378.5,1835.0,743.0,1038.0,1392.5,1634.5,1708.0,1820.0,1900.5,1975.5,2393.0,1860.5,897.5,1127.0,1467.5,1647.0,1738.5,1869.0,1967.5,1985.5,2148.0,1745.0,672.0,874.5,1119.0,1274.5,1324.0,1433.0,1516.5,1567.0,2248.0,1859.5,749.5,941.5,1176.5,1360.0,1394.5,1516.0,1540.0,1667.0,1908.5,1503.5,565.5,722.5,963.5,1105.5,1155.5,1239.5,1388.5,1346.5,0.0,0.0,0.0,0.0,0.0,0.0,0.0,0.0,0.0,0.0,1545.0,1121.0,453.5,640.0,823.5,941.0,993.5,1074.5,1186.5,1139.0,1780.0,1373.5,617.0,774.0,940.0,1057.5,1120.0,1179.5,1272.0,1268.5,2463.5,1974.5,926.0,1161.0,1410.0,1546.0,1591.5,1680.0,1786.5,1834.0,2314.5,1871.5,872.5,1057.0,1335.0,1430.0,1448.0,1529.0,1658.5,1670.0,1988.0,1563.0,764.5,890.5,1098.5,1177.0,1164.0,1235.0,1382.5,1333.0,2210.0,1914.0,792.5,1003.5,1236.0,1354.0,1378.5,1500.0,1628.0,1608.0,2210.0,1914.0,797.5,1013.0,1244.0,1354.0,1378.5,1500.0,1628.0,1608.0,"{""type"":""MultiPoint"",""coordinates"":[]}"
1167_0,3,1684.5,1388.5,549.5,706.0,930.0,1039.0,1070.0,1125.0,1212.0,1224.5,2445.0,2139.5,967.0,1244.0,1490.0,1611.5,1626.5,1694.5,1800.5,1792.0,2333.5,2020.0,847.0,1115.0,1346.0,1462.0,1467.5,1535.0,1631.5,1651.5,262.0,216.0,545.0,771.5,847.5,952.5,680.0,745.0,729.0,616.0,298.0,256.0,620.0,875.0,942.0,1075.0,720.0,806.0,719.0,593.0,506.0,484.0,746.0,1012.0,1102.0,1343.0,1089.0,1152.0,1074.0,960.0,426.0,335.0,479.0,783.0,733.0,1078.0,995.0,1121.0,1084.0,947.0,608.0,394.0,465.0,655.0,543.0,1174.0,1444.0,1578.0,1482.0,1387.0,702.0,454.0,373.0,612.0,490.0,960.0,1449.0,1605.0,1518.0,1312.0,858.5,521.5,246.5,433.5,271.0,768.5,1972.0,2406.5,2306.5,2214.0,1156.5,640.0,201.0,373.5,268.5,768.0,2165.0,2721.0,2740.5,2730.0,1910.0,1620.0,696.0,862.5,1086.0,1192.5,1209.5,1276.5,1398.5,1414.0,1330.0,696.0,217.0,379.0,265.0,676.0,2246.0,2974.0,2849.0,2944.0,1468.0,771.0,170.0,454.0,237.0,856.0,2686.0,3469.0,3529.0,3591.0,1500.0,800.0,294.0,664.0,408.0,1183.0,2905.0,3641.0,3626.0,3762.0,1538.0,868.0,446.0,896.0,680.0,1580.0,2851.0,3269.0,3405.0,3470.0,1912.0,1130.0,498.0,921.0,877.0,1637.0,2550.0,2908.0,3204.0,3227.0,2164.0,1313.0,551.5,947.5,1077.0,1745.5,2473.5,2762.5,3046.0,3115.0,3748.5,2573.5,1068.0,1463.0,1864.5,2240.0,2572.5,2816.0,3111.5,3218.5,3587.5,2574.5,945.5,1266.5,1719.5,2071.5,2359.5,2551.0,2841.5,2943.0,3332.0,2450.0,790.0,1138.0,1623.0,1992.0,2147.0,2413.0,2613.0,2683.0,1804.5,1400.5,488.0,613.5,830.5,1012.5,1066.0,1143.0,1181.0,1284.5,1734.0,1416.0,534.0,703.0,915.0,1040.0,1064.0,1109.0,1215.0,1234.0,2011.0,1607.0,536.0,713.0,933.0,1086.0,1156.0,1246.0,1282.0,1384.0,1919.0,1554.0,590.5,751.5,946.0,1097.5,1147.5,1230.0,1271.5,1361.5,1743.5,1506.5,439.5,624.0,833.5,946.0,943.5,1039.5,1141.5,1146.0,1931.5,1711.0,583.0,741.0,947.5,1049.5,1070.5,1151.5,1219.5,1249.5,1507.0,1341.0,393.0,505.0,704.0,768.0,802.0,833.0,927.0,956.0,0.0,0.0,0.0,0.0,0.0,0.0,0.0,0.0,0.0,0.0,1842.0,1564.0,595.0,783.0,999.0,1098.0,1134.0,1170.0,1263.0,1263.0,269.0,218.0,233.0,194.0,175.0,195.0,190.0,202.0,202.0,208.0,2250.0,1967.0,783.0,998.0,1237.0,1335.0,1380.0,1440.0,1507.0,1579.0,1905.0,1603.0,969.0,1162.0,1384.0,1489.0,1494.0,1605.0,1719.0,1698.0,1874.0,1603.0,626.0,756.0,968.0,1071.0,1050.0,1102.0,1162.0,1204.0,1941.0,1711.0,682.0,827.0,1021.0,1118.0,1157.0,1240.0,1298.0,1305.0,2088.0,1845.5,711.0,925.0,1126.0,1219.0,1257.0,1329.0,1432.0,1419.5,"{""type"":""MultiPoint"",""coordinates"":[]}"
1168_0,3,185.5,154.5,194.5,287.0,380.5,437.0,239.5,277.5,278.0,192.5,1824.5,1510.0,649.0,835.5,993.0,1092.5,1165.5,1229.5,1317.5,1302.0,1920.0,1649.5,697.0,883.0,1056.5,1168.0,1194.5,1262.0,1307.5,1353.5,2172.5,1895.5,875.5,1116.0,1304.5,1421.0,1438.5,1513.5,1550.5,1571.0,2076.0,1850.0,1069.0,1301.0,1414.0,1531.0,1474.0,1515.0,1606.0,1584.0,986.0,831.0,1069.0,1301.0,1414.0,1531.0,1327.0,1303.0,1249.0,1191.0,293.0,242.0,648.0,905.0,890.0,1072.0,877.0,918.0,864.0,764.0,423.0,319.0,655.0,932.0,894.0,1224.0,1195.0,1276.0,1175.0,1123.0,460.0,386.0,496.0,816.0,664.0,1166.0,1195.0,1350.0,1292.0,1123.0,718.5,466.5,250.5,500.5,329.5,925.0,1797.5,2183.0,2028.0,1866.0,870.0,513.0,171.5,386.0,198.0,706.5,2022.5,2494.0,2485.0,2311.5,342.0,304.5,345.0,478.5,558.5,649.5,467.5,527.5,522.5,412.0,1429.0,729.0,220.0,451.5,259.5,770.5,2547.5,3528.0,3576.5,3615.5,1475.0,725.0,108.0,328.0,180.0,622.0,2643.0,3764.0,3871.0,3922.0,1540.0,742.0,153.0,422.0,189.0,747.0,2887.0,4273.0,4281.0,4433.0,1653.0,820.0,409.0,827.0,502.0,1414.0,3479.0,4280.0,4488.0,4511.0,1698.0,860.0,409.0,914.0,622.0,1591.0,3392.0,4059.0,4396.0,4239.0,1916.5,1083.5,499.0,1027.0,874.5,1865.5,3341.0,3807.0,4080.5,4144.5,2910.0,2009.0,1088.0,1503.0,1494.0,2290.0,2974.0,3241.0,3536.0,3678.0,3573.5,2526.5,1065.5,1490.0,2081.5,2488.0,2761.5,3018.5,3397.0,3383.0,3626.5,2546.0,1052.5,1457.0,2115.0,2538.0,2744.5,2974.5,3391.0,3367.5,3340.0,2403.0,918.0,1333.0,1986.0,2366.0,2561.0,2745.0,3015.0,3131.0,199.0,185.0,328.0,409.0,509.0,588.0,421.0,482.0,471.0,325.0,3531.0,2571.0,904.0,1284.0,1823.0,2205.0,2356.0,2531.0,2695.0,2812.0,3399.5,2522.5,954.5,1268.0,1754.5,2050.0,2185.0,2399.0,2625.0,2700.5,2095.0,1697.0,612.0,789.5,1107.0,1333.5,1373.5,1512.5,1588.5,1610.0,439.0,362.0,357.0,473.0,526.0,676.0,514.0,549.0,545.0,525.0,162.0,121.0,99.0,175.0,214.0,270.0,201.0,257.0,201.0,155.0,0.0,0.0,0.0,0.0,0.0,0.0,0.0,0.0,0.0,0.0,155.0,152.0,269.0,388.0,450.0,508.0,297.0,319.0,334.0,243.0,175.0,166.0,279.0,360.0,439.0,506.0,331.0,371.0,359.0,259.0,774.0,548.0,420.0,620.0,772.0,941.0,981.0,1067.0,1194.0,1153.0,750.0,492.0,488.0,691.0,837.0,1017.0,1089.0,1126.0,1291.0,1277.0,1985.0,1407.0,736.0,1025.0,1208.0,1386.0,1557.0,1643.0,1788.0,1772.0,3561.0,2811.0,1378.0,1666.0,1977.0,2169.0,2315.0,2417.0,2653.0,2615.0,3777.5,3077.0,1504.0,1804.5,2126.5,2352.0,2486.0,2605.5,2780.0,2798.0,"{""type"":""MultiPoint"",""coordinates"":[]}"
1169_0,3,1627.0,1354.5,489.5,621.0,824.0,951.5,1016.0,1058.0,1124.5,1161.0,2365.5,1948.5,989.0,1284.0,1486.5,1615.5,1733.5,1797.5,1904.0,1893.0,2370.0,1956.5,914.5,1182.5,1418.5,1580.5,1684.0,1785.0,1802.0,1925.5,2273.0,1947.0,955.0,1205.5,1414.5,1567.0,1692.0,1847.0,1793.0,1872.5,1295.0,981.0,882.0,1163.5,1259.5,1504.0,1463.5,1437.5,1420.0,1404.5,1022.0,947.0,812.5,1108.5,1154.5,1504.0,1429.0,1469.0,1401.0,1346.0,1204.5,966.0,820.0,1114.0,1196.0,1563.0,1618.5,1715.5,1791.5,1726.0,1362.5,1057.5,723.5,1054.0,968.0,1454.5,1904.0,2057.0,1964.5,1993.0,1818.5,1180.5,598.0,965.5,817.0,1335.5,2750.0,3159.5,3240.5,3355.5,1968.0,1221.5,537.0,860.0,851.5,1401.5,2804.0,3266.5,3412.5,3552.5,1990.5,1272.5,604.5,957.5,966.0,1534.0,2631.5,3022.0,3258.5,3335.5,1896.0,1594.0,568.5,773.0,948.0,1053.5,1159.5,1217.0,1265.0,1276.5,2116.5,1362.0,652.5,980.5,1033.0,1580.0,2531.5,3001.0,3134.5,3294.5,1969.5,1230.0,633.5,959.0,1019.0,1534.0,2438.0,2836.5,2993.5,3130.5,1972.0,1205.0,656.5,999.0,1007.0,1530.5,2438.0,2836.5,2993.5,3059.5,2006.0,1208.5,736.5,1122.0,1022.0,1728.5,2701.5,2993.0,3126.5,3210.5,2070.5,1304.0,694.5,1151.5,1053.0,1728.5,2596.0,2878.0,2947.5,3047.0,2171.0,1416.0,712.0,1203.0,1144.0,1910.0,2592.0,2795.0,2943.0,3051.0,2436.0,1616.0,906.0,1382.0,1461.0,2068.0,2577.5,2802.5,2940.5,3087.0,2864.5,1876.5,923.5,1415.0,1710.5,2196.5,2492.5,2722.5,3011.0,3065.0,3113.0,2333.0,1023.0,1411.5,1820.0,2119.5,2367.0,2558.0,2879.5,2905.0,1914.0,1409.5,592.5,835.5,1159.0,1344.5,1450.5,1540.5,1674.5,1699.0,1816.5,1450.5,450.5,656.5,868.0,1017.5,1034.0,1175.5,1188.5,1259.5,2028.5,1543.0,702.5,922.0,1214.0,1406.5,1487.5,1606.0,1671.0,1723.5,2236.0,1725.0,871.5,1062.5,1333.0,1479.0,1632.0,1693.5,1800.0,1883.0,1997.5,1576.5,620.0,822.0,1015.5,1173.0,1244.5,1320.5,1428.0,1455.5,2087.5,1745.5,701.0,878.5,1055.0,1220.5,1303.5,1444.0,1438.0,1556.5,1670.0,1369.5,477.5,587.0,760.5,913.0,1006.5,1110.0,1213.5,1218.5,0.0,0.0,0.0,0.0,0.0,0.0,0.0,0.0,0.0,0.0,1613.0,1294.5,446.0,665.0,811.0,923.0,1045.5,1150.0,1145.5,1195.0,1810.5,1476.0,610.5,740.0,901.5,1021.0,1056.0,1198.5,1205.0,1286.0,2289.5,1830.0,788.0,1031.5,1223.5,1423.0,1509.5,1499.0,1627.5,1654.5,2175.0,1769.0,801.5,1015.0,1183.5,1328.0,1487.0,1536.0,1584.0,1638.5,2038.0,1631.5,749.0,861.0,1002.5,1095.5,1262.0,1371.5,1415.0,1414.0,2164.5,1798.5,684.5,923.5,1112.5,1314.5,1307.0,1406.0,1491.0,1514.0,2274.0,1979.5,874.0,1129.5,1357.0,1487.0,1581.0,1662.0,1733.0,1740.0,"{""type"":""MultiPoint"",""coordinates"":[]}"
1170_0,3,1637.0,1361.5,565.0,677.0,888.0,970.5,999.5,1085.0,1183.5,1190.5,1887.5,1619.5,671.5,870.0,1065.5,1161.5,1209.5,1298.0,1392.5,1397.0,2081.5,1810.0,827.5,1032.5,1264.5,1359.0,1365.5,1434.5,1522.0,1548.0,2374.5,2080.0,995.0,1232.5,1485.5,1572.5,1600.5,1692.5,1791.5,1797.5,1155.0,1041.0,862.0,1055.0,1230.0,1304.0,1269.0,1362.0,1361.0,1354.0,413.0,372.0,661.0,933.0,905.0,1108.0,838.0,879.0,851.0,688.0,473.0,410.0,515.0,763.0,736.0,962.0,874.0,903.0,888.0,779.0,684.0,501.0,532.0,777.0,711.0,1044.0,1060.0,1150.0,1151.0,1072.0,887.0,672.0,416.0,668.0,542.0,966.0,1188.0,1299.0,1303.0,1243.0,1483.5,832.5,260.0,581.0,291.0,889.5,2472.5,2899.0,3012.5,2954.0,1735.5,892.0,184.5,461.0,200.0,784.0,2880.5,3926.0,3953.5,3992.0,1804.0,1546.0,648.0,796.0,985.0,1093.0,1115.0,1191.0,1307.0,1293.0,1656.0,845.0,209.0,464.0,215.0,734.0,2893.0,4143.0,4041.0,4131.0,1592.0,792.0,130.0,372.0,167.0,703.0,3086.0,4519.0,4581.0,4560.0,1591.0,786.0,217.0,537.0,315.0,927.0,3091.0,4568.0,4657.0,4762.0,1646.0,809.0,481.0,927.0,630.0,1559.0,3479.0,4277.0,4347.0,4463.0,1895.0,1072.0,565.5,1078.5,818.0,1821.0,3502.5,4189.5,4373.5,4425.0,2422.5,1487.5,726.5,1431.5,1346.0,2444.5,3752.0,4204.0,4465.5,4601.0,2929.5,1954.0,1056.0,1660.0,1921.5,2812.5,3629.0,3971.0,4281.0,4440.5,3318.5,2222.5,1161.0,1740.5,2198.0,2919.5,3544.0,3777.5,4150.0,4219.0,3785.0,2842.0,1190.0,1600.0,2193.0,2699.0,2949.0,3198.0,3494.0,3534.0,3386.5,2759.5,1243.5,1683.5,2357.5,2706.5,2833.0,2890.0,3243.5,3399.5,1780.0,1539.0,599.5,749.0,959.0,1033.0,1090.0,1174.5,1298.5,1260.0,3261.0,2421.0,1044.5,1406.5,1947.5,2174.0,2368.5,2422.0,2666.0,2691.0,3143.5,2367.0,1086.5,1366.5,1850.0,2072.5,2140.0,2322.0,2514.0,2514.5,2841.0,2318.0,844.0,1055.5,1369.0,1503.0,1589.0,1728.5,1921.0,1869.0,2800.5,2309.5,878.5,1047.5,1356.0,1494.5,1565.5,1661.5,1853.0,1852.5,1576.0,1302.0,448.0,569.0,778.0,837.0,927.0,960.0,1096.0,1057.0,1256.0,1027.0,1038.0,1042.0,1008.0,1065.0,1252.0,1318.0,1383.0,1332.0,1588.0,1300.0,552.0,686.0,850.0,899.0,963.0,1005.0,1144.0,1154.0,1691.0,1431.0,647.0,724.0,844.0,898.0,970.0,1050.0,1127.0,1151.0,2078.0,1800.0,755.0,938.0,1133.0,1222.0,1291.0,1371.0,1463.0,1486.0,2033.0,1729.5,739.0,878.0,1079.0,1148.0,1234.5,1296.5,1404.0,1431.5,1638.0,1373.0,496.0,622.5,778.0,874.5,908.0,979.0,1073.0,1086.0,1960.0,1706.0,736.5,856.0,992.5,1123.5,1265.5,1437.5,1496.5,1495.5,1945.5,1634.5,708.5,868.0,989.5,1147.0,1352.0,1539.5,1628.0,1615.0,"{""type"":""MultiPoint"",""coordinates"":[]}"
1171_0,3,2105.5,1775.5,671.5,846.0,1142.0,1283.5,1332.0,1397.5,1526.5,1542.5,2470.0,2092.5,1027.5,1332.0,1604.0,1739.0,1766.0,1831.0,1931.0,1917.5,1405.5,1161.0,687.0,930.5,1112.5,1206.5,1183.5,1259.5,1313.0,1315.0,109.0,118.5,539.5,799.0,865.5,1027.0,762.5,832.5,826.0,711.0,102.5,92.5,615.5,896.0,988.5,1240.0,1025.5,1103.0,1043.0,923.0,265.5,201.5,587.5,981.5,932.0,1348.0,1201.5,1251.0,1206.0,1049.5,725.0,489.0,393.5,737.0,571.5,1078.0,1418.5,1630.0,1472.5,1342.0,1220.5,798.5,379.5,697.0,459.0,1005.0,2127.5,2541.5,2402.0,2376.0,1667.5,798.5,240.0,546.5,238.5,889.5,3130.0,4170.5,4143.5,4304.0,1752.0,853.0,207.5,535.5,250.5,897.0,3221.5,4405.0,4491.5,4657.0,1694.0,805.0,169.0,406.5,217.0,750.5,3051.0,4457.0,4578.0,4689.0,2384.0,2036.0,720.5,949.0,1240.0,1374.5,1448.0,1557.5,1594.0,1713.0,1763.0,829.0,204.0,457.5,250.0,843.5,3293.0,4779.0,4912.5,5103.5,1741.0,834.0,264.0,774.5,397.5,1396.5,3735.5,4883.5,5009.0,5130.5,1842.0,914.0,421.5,896.5,622.5,1626.5,3707.5,4459.0,4610.0,4833.0,2141.5,1136.5,632.0,1142.0,1018.0,2096.5,3550.0,4123.0,4362.0,4492.0,2522.0,1492.0,746.0,1324.5,1381.5,2437.5,3430.5,3885.5,4351.0,4328.0,3040.0,1934.0,893.0,1473.0,1851.0,2706.0,3388.0,3746.0,4063.0,4190.0,4336.0,3036.0,1203.5,1697.0,2433.0,2840.0,3096.0,3361.0,3711.0,3817.5,4187.0,2975.5,1112.0,1570.5,2401.0,2851.5,3098.0,3409.5,3688.0,3830.0,2659.0,1995.0,792.5,1137.5,1632.0,1853.5,1980.5,2070.0,2214.5,2309.0,2273.5,1726.5,768.0,1077.0,1524.5,1734.5,1775.5,1883.5,1969.5,2041.0,2254.5,1931.0,619.0,847.0,1165.5,1315.5,1366.0,1472.5,1592.0,1628.5,2582.5,2026.0,879.0,1189.0,1644.5,1860.0,1903.0,2020.5,2094.5,2178.5,2482.5,1954.0,940.0,1186.0,1556.0,1749.0,1781.5,1878.5,2007.5,2086.0,2137.5,1756.0,670.5,849.0,1143.0,1293.5,1349.0,1434.0,1544.0,1564.5,1797.5,1491.0,536.5,770.5,1052.5,1165.5,1233.5,1295.0,1370.0,1385.0,1447.0,1236.5,396.5,535.5,734.5,827.0,848.5,913.0,1017.0,971.5,0.0,0.0,0.0,0.0,0.0,0.0,0.0,0.0,0.0,0.0,1339.5,927.0,404.5,581.0,793.0,918.5,930.5,1057.5,1144.5,1144.0,2105.5,1763.0,803.0,977.0,1148.0,1317.5,1398.0,1484.0,1559.5,1590.0,2403.0,1929.5,909.5,1137.0,1393.0,1538.5,1576.0,1655.0,1776.0,1779.0,2412.5,1979.0,876.0,1046.5,1323.5,1459.0,1476.0,1557.5,1657.0,1703.0,2496.0,2051.5,969.5,1136.5,1395.5,1535.5,1571.0,1658.0,1768.5,1788.5,2270.0,1925.0,742.5,970.5,1242.5,1368.5,1431.0,1479.0,1606.5,1619.5,2286.5,1955.0,818.0,1072.0,1339.5,1468.5,1497.5,1542.0,1652.5,1666.5,"{""type"":""MultiPoint"",""coordinates"":[]}"
1172_0,3,3109.5,2385.0,1053.0,1155.5,1422.0,1651.0,1846.5,2022.0,2185.0,2263.5,2147.0,1978.0,623.0,894.0,1186.0,1309.0,1358.0,1449.0,1533.0,1571.0,2420.0,2315.0,820.0,1070.0,1402.0,1559.0,1608.0,1705.0,1761.0,1791.0,1121.0,1072.0,517.5,677.5,821.0,933.0,845.0,904.0,950.5,889.5,433.0,374.0,725.0,826.0,831.0,934.0,729.0,771.0,765.0,653.0,450.0,374.0,372.0,619.0,571.0,824.0,840.0,915.0,874.0,816.0,734.0,568.0,330.0,574.0,447.0,867.0,1191.0,1298.0,1213.0,1206.0,1346.0,776.0,278.0,578.0,400.0,867.0,2186.0,2581.0,2515.0,2579.0,1266.0,673.0,124.0,363.0,166.0,624.0,2224.0,2823.0,2788.0,2782.0,1415.0,676.0,59.5,303.5,72.5,569.0,2642.0,3796.5,3802.5,3833.5,1297.0,594.5,21.0,198.5,34.0,401.0,2512.5,4011.0,4103.5,4157.0,4704.5,4289.5,2829.5,2871.5,3158.0,3437.0,3496.0,3646.0,3650.5,3833.5,1279.5,581.5,19.0,177.0,20.0,403.0,2491.5,4236.5,4277.0,4416.0,1143.0,532.0,32.0,276.0,53.5,561.0,2683.5,4134.0,4287.0,4366.5,1231.0,572.0,454.0,732.0,487.0,1074.0,2998.0,4159.0,4261.0,4374.0,1320.0,675.0,600.0,941.0,698.0,1469.0,3084.0,3797.0,3943.0,4012.0,1319.0,706.0,469.0,873.0,698.0,1508.0,2865.0,3385.0,3590.0,3658.0,1577.0,908.0,447.0,900.0,902.0,1734.0,2786.0,3194.0,3380.0,3540.0,4178.0,2958.5,1103.0,1573.0,2217.0,2717.0,3031.5,3321.5,3618.0,3763.5,4222.5,3061.5,1143.5,1578.5,2323.0,2705.0,2895.0,3162.0,3491.0,3535.5,4007.0,2898.0,1143.0,1553.0,2111.0,2417.0,2583.0,2799.0,3238.0,3276.0,4099.5,3016.5,1098.0,1482.0,2175.5,2503.5,2648.5,2884.0,3090.0,3278.5,3233.0,2538.0,651.0,880.0,1239.0,1420.0,1498.0,1644.0,1878.0,1889.0,3648.5,2858.5,889.5,1196.0,1642.5,1875.5,2047.5,2206.0,2385.5,2477.0,4205.5,3542.0,1952.0,2163.0,2481.0,2804.5,2904.5,3086.0,3230.5,3277.0,3302.0,2748.5,869.0,1007.0,1280.5,1491.0,1602.0,1764.0,1894.0,1945.5,3111.0,2596.0,827.5,962.5,1216.0,1407.5,1539.0,1674.0,1801.5,1854.5,2183.0,1607.5,463.5,634.5,894.5,1090.5,1215.5,1318.5,1488.5,1542.0,0.0,0.0,0.0,0.0,0.0,0.0,0.0,0.0,0.0,0.0,3603.0,2851.0,832.0,1201.0,1683.0,1943.0,2009.0,2107.0,2352.0,2407.0,3960.0,3285.0,1215.0,1278.0,1744.0,2074.0,2044.0,2194.0,2352.0,2488.0,3570.0,2887.0,1033.0,1277.0,1635.0,1864.0,1975.0,2166.0,2311.0,2390.0,2573.0,2142.0,758.0,911.0,1219.0,1390.0,1430.5,1544.5,1641.5,1738.5,1438.0,1189.0,439.0,561.0,766.0,839.0,862.0,911.0,1016.0,1032.0,1897.0,1765.0,520.5,704.5,983.5,1083.5,1094.0,1163.5,1275.5,1274.0,1969.0,1831.0,582.0,783.0,1061.5,1163.5,1198.5,1292.5,1382.0,1418.0,"{""type"":""MultiPoint"",""coordinates"":[]}"
1173_0,3,2040.0,1685.0,700.5,892.0,1206.5,1318.0,1332.5,1419.0,1598.0,1546.0,2553.5,2268.5,916.0,1192.0,1473.0,1596.5,1627.0,1712.0,1822.0,1818.0,2462.5,2176.0,891.5,1140.0,1408.5,1516.5,1507.0,1586.0,1720.5,1710.5,809.5,746.5,723.0,940.0,1045.0,1184.5,1047.5,1105.5,1071.0,1033.0,572.0,529.0,565.0,767.0,832.0,943.0,672.0,763.0,708.0,585.0,722.0,634.0,738.0,975.0,977.0,1211.0,1039.0,1149.0,1134.0,958.0,1059.0,739.0,479.0,799.0,614.0,1071.0,1498.0,1624.0,1684.0,1522.0,1430.0,860.0,437.0,780.0,487.0,1130.0,2412.0,2898.0,3009.0,2728.0,1499.0,860.0,331.0,747.0,422.0,1127.0,2466.0,2970.0,3221.0,2914.0,1430.0,813.5,222.0,587.0,329.0,984.0,2521.5,2943.5,3236.5,3158.0,1665.5,986.0,205.5,514.0,378.0,1000.5,2304.0,2860.0,3119.0,3237.0,2231.0,1914.5,820.5,1023.5,1329.0,1437.5,1488.0,1547.0,1696.0,1689.0,1979.0,1164.0,311.0,649.0,554.5,1095.0,2628.5,3349.0,3486.0,3793.5,1879.0,1047.0,253.0,631.0,404.0,1143.0,2751.0,3476.0,3551.0,3595.0,1849.0,991.0,295.0,728.0,497.0,1268.0,2851.0,3428.0,3479.0,3597.0,1893.0,1090.0,459.0,864.0,750.0,1614.0,2815.0,3164.0,3362.0,3465.0,2151.0,1336.0,503.0,911.0,899.0,1728.0,2623.0,2964.0,3261.0,3344.0,2351.5,1477.0,539.5,956.5,1008.0,1741.5,2427.0,2785.5,3057.0,3293.0,3900.5,2739.5,1157.5,1571.0,1995.0,2483.0,2743.0,3096.0,3400.5,3453.5,3321.0,2502.0,1071.5,1400.5,1839.0,2083.5,2266.0,2503.0,2800.5,2876.0,2868.0,2225.0,794.0,1079.0,1519.0,1718.0,1894.0,2072.0,2237.0,2365.0,2120.0,1614.5,594.5,831.0,1165.5,1357.5,1397.5,1471.5,1652.0,1640.0,2049.0,1709.0,650.0,874.0,1181.0,1274.0,1342.0,1380.0,1545.0,1524.0,2292.0,1807.0,660.0,904.0,1228.0,1428.0,1415.0,1631.0,1610.0,1800.0,2193.5,1781.5,695.0,877.5,1115.5,1257.0,1291.0,1444.0,1532.5,1601.0,1865.0,1627.5,429.0,615.0,844.5,940.5,981.0,1040.0,1161.5,1184.5,2046.5,1863.0,574.5,729.0,965.5,1097.0,1099.5,1173.5,1265.0,1283.5,1587.0,1425.0,385.0,497.0,683.0,791.0,808.0,876.0,960.0,972.0,0.0,0.0,0.0,0.0,0.0,0.0,0.0,0.0,0.0,0.0,2309.0,2025.0,793.0,1021.0,1307.0,1412.0,1406.0,1487.0,1655.0,1617.0,407.0,311.0,298.0,253.0,272.0,300.0,274.0,300.0,321.0,327.0,2652.5,2354.5,987.5,1213.0,1511.5,1591.5,1632.0,1717.5,1908.5,1853.0,2500.5,2192.0,924.0,1109.5,1392.5,1480.5,1493.5,1568.0,1754.0,1706.5,2129.0,1870.0,707.0,837.0,1067.0,1144.0,1207.0,1273.0,1391.0,1376.0,2129.0,1870.0,703.0,837.0,1067.0,1144.0,1207.0,1273.0,1391.0,1376.0,2194.0,1963.5,696.5,900.0,1129.5,1213.5,1263.5,1351.5,1462.0,1453.0,"{""type"":""MultiPoint"",""coordinates"":[]}"
1174_0,3,1764.0,1462.5,554.0,720.5,951.0,1082.5,1078.0,1163.0,1261.5,1251.0,2561.0,2180.5,1057.5,1384.5,1660.0,1790.0,1834.0,1913.0,2025.5,1989.0,2457.5,2078.5,956.5,1241.5,1524.0,1657.5,1687.5,1751.0,1858.5,1847.0,428.0,411.0,515.0,835.5,754.0,1093.0,832.5,887.5,801.0,721.0,490.5,418.0,631.5,919.5,950.5,1188.5,884.5,904.5,836.0,723.0,386.0,290.5,497.5,757.0,771.5,990.0,769.5,852.0,775.5,681.0,505.0,362.5,449.0,722.0,666.0,967.0,904.5,1009.5,919.5,844.5,871.5,622.0,509.0,799.0,575.5,1144.5,1343.5,1415.5,1424.0,1310.0,1246.5,724.5,512.0,863.5,581.0,1346.0,2309.0,2530.5,2560.0,2510.0,1271.0,728.5,351.0,685.0,494.0,1250.0,2260.5,2646.5,2690.5,2649.5,1301.0,724.0,294.5,544.0,424.0,974.0,2048.0,2527.0,2770.5,2631.5,2002.5,1691.0,630.0,850.0,1090.0,1232.0,1252.5,1303.5,1379.0,1407.5,1336.5,732.0,262.5,530.0,350.0,894.5,2235.5,3022.0,3183.0,2944.0,1449.0,762.5,277.5,686.0,381.5,1177.5,2757.0,3549.0,3761.5,3642.5,1548.5,826.5,404.0,837.0,527.0,1331.5,3012.0,3549.5,3850.0,3808.0,1761.5,976.5,584.0,1044.5,839.0,1754.0,3083.5,3508.0,3823.0,3819.5,2077.5,1233.0,635.5,1118.5,1084.0,1846.0,2884.5,3193.5,3714.0,3607.5,2587.0,1639.0,741.0,1201.0,1465.0,2144.0,2768.0,3051.0,3408.0,3445.0,4168.0,2936.5,1237.5,1700.5,2400.0,2837.5,3107.0,3362.0,3748.0,3789.0,4150.5,2911.0,1197.0,1674.0,2428.0,2837.5,3107.0,3362.0,3692.5,3789.0,3770.0,2812.5,1163.5,1569.0,2186.5,2514.0,2734.0,2948.0,3352.0,3275.5,2226.0,1789.5,679.0,933.5,1248.5,1476.5,1452.0,1605.0,1635.0,1717.0,1876.0,1551.5,524.0,748.5,1007.5,1120.0,1146.0,1228.0,1326.5,1356.5,2279.5,1831.5,739.5,991.0,1314.0,1522.0,1518.5,1653.5,1727.5,1790.0,2198.0,1753.5,841.0,1041.0,1311.5,1480.5,1505.0,1571.5,1679.0,1756.0,1918.5,1546.0,614.0,788.5,1028.5,1186.5,1213.0,1300.0,1386.5,1416.0,1792.0,1509.0,541.5,697.5,904.0,1024.0,1034.0,1146.0,1174.5,1231.0,674.0,422.5,276.0,431.0,553.0,633.5,630.0,644.0,692.0,694.5,0.0,0.0,0.0,0.0,0.0,0.0,0.0,0.0,0.0,0.0,1419.5,1037.0,418.5,589.0,786.0,884.5,898.0,988.0,1091.5,1086.0,1709.0,1361.0,639.0,748.5,903.0,1009.5,1052.0,1115.5,1196.0,1226.0,2338.0,1895.0,855.0,1129.5,1343.0,1509.5,1552.5,1620.5,1707.0,1734.5,2261.0,1864.0,849.5,1051.0,1277.0,1405.0,1444.5,1502.5,1618.0,1596.0,2034.5,1670.0,786.5,892.0,1082.0,1175.0,1199.5,1257.0,1370.0,1347.5,2150.5,1827.0,848.5,1022.5,1217.0,1314.0,1325.0,1396.5,1499.5,1497.0,2387.0,2068.5,850.5,1092.5,1333.5,1435.5,1518.0,1592.0,1709.0,1691.5,"{""type"":""MultiPoint"",""coordinates"":[]}"
1175_0,3,1646.5,1376.5,529.0,641.0,815.5,949.0,976.0,1071.5,1115.5,1147.5,1886.5,1623.0,693.5,876.5,1061.5,1162.5,1210.5,1282.0,1350.5,1393.5,2087.0,1829.0,875.5,1059.5,1261.5,1368.0,1374.0,1442.0,1477.0,1532.5,2360.5,2090.5,1030.0,1261.5,1485.0,1618.0,1631.5,1713.5,1746.0,1784.5,1417.0,1203.0,876.0,1087.0,1253.0,1308.0,1373.0,1430.0,1294.0,1375.0,449.0,392.0,678.0,921.0,911.0,1117.0,953.0,941.0,844.0,771.0,404.0,311.0,546.0,786.0,756.0,964.0,900.0,980.0,969.0,847.0,548.0,396.0,568.0,816.0,808.0,1092.0,996.0,1051.0,969.0,939.0,663.0,512.0,437.0,693.0,658.0,963.0,962.0,1070.0,959.0,970.0,1128.5,658.5,270.5,512.0,358.5,824.0,1796.5,2001.0,1848.5,2011.5,1462.5,762.5,176.5,386.5,182.0,665.5,2303.0,3037.5,2929.5,3019.0,1801.0,1531.0,631.0,763.0,929.0,1027.0,1096.0,1139.0,1244.0,1296.0,1489.0,766.0,191.0,396.0,164.0,628.0,2626.0,3692.0,3578.0,3685.0,1489.0,731.0,106.0,359.0,169.0,685.0,2812.0,4101.0,4093.0,4196.0,1518.0,731.0,160.0,451.0,254.0,844.0,3007.0,4393.0,4396.0,4584.0,1596.0,766.0,445.0,842.0,576.0,1435.0,3225.0,4010.0,4125.0,4207.0,1688.0,927.5,489.5,957.5,689.0,1600.5,3138.0,3700.0,3981.0,3939.0,2064.5,1222.5,564.0,1056.0,1052.0,1960.0,3043.0,3426.0,3648.5,3760.5,2696.0,1717.5,925.0,1406.5,1721.0,2442.0,3111.0,3435.5,3717.5,3764.0,3156.5,2103.5,1087.0,1593.0,2126.0,2733.0,3147.0,3441.0,3791.5,3821.0,3879.0,2686.0,1198.0,1628.0,2314.0,2748.0,3050.0,3186.0,3686.0,3731.0,3321.5,2550.0,1057.5,1473.0,2132.0,2666.5,2794.0,2943.0,3019.0,3435.0,1791.0,1531.5,583.5,713.0,911.0,1046.0,1047.0,1153.5,1204.0,1272.5,3309.5,2416.5,955.0,1274.0,1777.0,2149.0,2304.0,2431.5,2472.0,2723.0,3227.5,2413.5,947.0,1213.0,1655.0,1960.5,2130.0,2271.5,2354.5,2559.0,2996.0,2310.5,734.0,946.0,1265.5,1467.5,1612.0,1679.0,1759.0,1945.0,3017.5,2413.0,781.5,944.0,1244.0,1451.5,1550.5,1649.0,1747.5,1950.5,1566.0,1306.0,417.0,531.0,745.0,837.0,866.0,929.0,1032.0,1021.0,1199.0,1121.0,1008.0,950.0,896.0,971.0,1152.0,1267.0,1226.0,1352.0,1484.0,1216.0,471.0,640.0,771.0,871.0,880.0,964.0,1029.0,1057.0,1740.0,1474.0,623.0,717.0,847.0,948.0,1011.0,1072.0,1123.0,1173.0,2067.0,1779.0,769.0,932.0,1103.0,1234.0,1258.0,1343.0,1399.0,1389.0,2020.5,1716.0,739.5,867.0,1042.0,1158.0,1198.0,1246.0,1298.5,1393.5,1623.0,1362.5,504.0,598.0,750.0,840.5,866.0,894.0,964.5,1041.0,1954.0,1693.0,747.5,863.0,998.0,1104.0,1240.0,1336.5,1375.5,1436.5,1944.5,1645.5,759.0,896.0,1022.5,1146.5,1279.0,1406.0,1468.5,1501.5,"{""type"":""MultiPoint"",""coordinates"":[]}"
1176_0,3,512.5,419.5,247.5,328.0,411.0,509.5,391.5,456.0,468.0,432.0,1878.0,1543.5,700.5,937.5,1046.0,1302.0,1574.0,1665.5,1726.0,1675.5,2040.5,1737.5,788.5,1033.5,1186.5,1357.0,1426.0,1481.0,1556.5,1535.0,2266.5,1967.5,996.0,1259.5,1459.5,1603.5,1594.5,1715.0,1746.0,1729.0,2080.0,1833.0,1071.0,1310.0,1474.0,1550.0,1585.0,1598.0,1673.0,1646.0,1123.0,987.0,969.0,1206.0,1308.0,1365.0,1225.0,1376.0,1299.0,1191.0,987.0,886.0,809.0,1086.0,1131.0,1320.0,1057.0,1128.0,1047.0,996.0,1223.0,956.0,820.0,1111.0,1131.0,1391.0,1340.0,1417.0,1359.0,1363.0,1209.0,941.0,710.0,986.0,925.0,1365.0,1342.0,1400.0,1359.0,1363.0,1370.5,1044.5,670.0,921.5,903.0,1297.5,1699.0,1809.5,1753.5,1737.0,1347.5,1018.0,481.5,699.0,659.5,1127.0,1723.5,1896.0,1875.0,1850.0,688.0,614.0,491.5,610.0,652.0,729.5,643.5,645.0,671.0,608.0,1478.0,1005.0,530.0,743.0,668.0,1143.0,1941.0,2378.0,2377.0,2359.0,1635.0,1044.0,452.0,692.0,676.0,1060.0,2077.0,2768.0,2664.0,2719.0,1639.0,1121.0,488.0,715.0,685.0,989.0,2240.0,3023.0,2986.0,2954.0,1759.0,1121.0,497.0,850.0,723.0,1368.0,2611.0,3084.0,3216.0,3301.0,1675.0,1048.0,567.0,916.0,723.0,1387.0,2578.0,2935.0,3117.0,3080.0,1926.5,1233.5,636.0,1042.5,1009.5,1621.5,2602.5,2893.0,2967.5,3037.0,2281.0,1572.0,1049.0,1312.0,1493.0,1968.0,2447.0,2687.0,2950.0,2989.0,2929.5,2203.0,1001.0,1285.5,1645.5,1910.0,2184.5,2341.5,2557.5,2616.0,2971.0,2247.5,933.5,1272.0,1668.0,1930.0,2169.5,2348.0,2527.5,2631.0,2629.0,1958.0,760.0,1045.0,1443.0,1585.0,1886.0,1899.0,2022.0,2254.0,547.0,456.0,512.0,592.0,656.0,697.0,666.0,658.0,664.0,570.0,2718.0,2094.0,828.0,1100.0,1456.0,1587.0,1886.0,1899.0,2022.0,2254.0,2668.0,2054.0,913.5,1133.5,1470.0,1640.0,1762.5,1835.0,2000.5,2110.5,2331.5,1918.5,713.5,885.0,1134.0,1303.5,1318.0,1430.5,1534.0,1581.0,961.0,847.0,532.0,680.0,800.0,925.0,915.0,939.0,903.0,930.0,506.0,400.0,204.0,272.0,355.0,430.0,405.0,459.0,398.0,353.0,0.0,0.0,0.0,0.0,0.0,0.0,0.0,0.0,0.0,0.0,783.0,704.0,351.0,479.0,516.0,675.0,627.0,584.0,640.0,669.0,806.0,682.0,351.0,447.0,497.0,576.0,599.0,710.0,640.0,669.0,1221.0,872.0,552.0,764.0,852.0,982.0,1110.0,1223.0,1384.0,1248.0,1376.0,851.0,484.0,692.0,825.0,1050.0,1300.0,1486.0,1602.0,1476.0,2180.0,1545.0,755.0,1073.0,1211.0,1483.0,1787.0,1918.0,2092.0,1964.0,3137.0,2471.0,1214.0,1529.0,1794.0,2028.0,2408.0,2625.0,2816.0,2709.0,3083.5,2490.5,1227.5,1551.5,1773.5,1972.5,2344.5,2495.5,2757.0,2591.5,"{""type"":""MultiPoint"",""coordinates"":[]}"
1177_0,3,1771.5,1530.5,811.5,876.0,956.0,1167.5,1323.0,1390.0,1424.5,1524.5,2536.0,2389.0,914.0,1148.0,1479.0,1614.0,1622.0,1703.0,1829.0,1841.0,2572.0,2483.0,909.0,1127.0,1430.0,1577.0,1616.0,1718.0,1820.0,1823.0,689.0,671.0,567.0,727.5,862.5,973.5,816.0,885.5,798.5,801.5,383.5,389.0,428.5,564.5,566.5,734.0,616.5,593.0,545.5,535.0,434.5,310.5,305.5,536.0,385.0,724.5,811.5,954.5,914.0,819.5,618.0,404.0,267.0,524.0,334.0,750.0,1139.0,1232.0,1174.0,1058.0,866.0,528.0,202.0,443.0,239.0,772.0,1536.0,1768.0,1644.0,1608.0,876.0,556.0,83.0,276.0,64.0,506.0,1460.0,1878.0,1835.0,1731.0,1220.5,595.0,57.5,225.5,7.5,416.5,2308.0,3577.0,3623.0,3621.5,1271.0,567.5,37.0,202.0,3.5,395.0,2457.0,4154.5,4243.0,4252.0,2182.0,1837.0,1124.0,1155.5,1200.0,1385.0,1665.0,1766.0,1922.0,1849.5,1315.0,588.0,35.5,204.5,9.5,396.0,2587.5,4524.0,4631.0,4774.5,1317.0,600.5,125.0,429.5,130.0,820.0,3000.5,4517.0,4745.0,4893.5,1420.0,655.0,518.0,803.0,563.0,1202.0,3203.0,4337.0,4436.0,4660.0,1565.0,824.0,613.0,965.0,793.0,1574.0,3088.0,3754.0,3935.0,4038.0,1609.0,866.0,530.0,906.0,793.0,1574.0,2765.0,3350.0,3676.0,3725.0,1915.0,1116.0,457.0,906.0,898.0,1662.0,2779.0,3205.0,3456.0,3604.0,4471.5,3123.0,1115.5,1500.5,2047.5,2513.5,2974.0,3264.5,3548.5,3691.0,4647.0,3436.0,1149.0,1596.0,2272.0,2747.0,3077.0,3254.0,3552.0,3512.0,4394.0,3237.0,1196.0,1654.0,2363.0,2684.0,2918.0,3154.0,3519.0,3606.0,4137.0,3020.5,1035.0,1421.5,2075.5,2498.0,2654.0,2872.5,3011.0,3238.0,1682.0,1326.0,372.0,586.0,698.0,989.0,1337.0,1481.0,1604.0,1553.0,3964.0,3115.0,908.0,1193.0,1618.5,1964.0,2112.5,2336.5,2452.5,2647.5,3402.5,2839.0,958.0,1133.5,1400.0,1670.5,1868.0,2024.5,2132.5,2291.5,2658.5,2233.0,620.5,779.0,885.5,1282.5,1641.0,1804.5,1922.5,2057.5,2713.0,2292.0,645.0,802.0,901.0,1262.5,1722.0,1845.0,1928.0,2053.0,1986.0,1436.5,367.5,602.5,642.0,1067.0,1748.5,2019.5,2073.0,2120.0,0.0,0.0,0.0,0.0,0.0,0.0,0.0,0.0,0.0,0.0,1605.0,1220.0,310.0,575.0,622.0,1017.0,1558.0,1573.0,1775.0,1738.0,1973.5,1694.5,1153.5,1161.5,1063.5,1414.5,1958.0,2103.0,2291.5,2161.5,1800.5,1320.5,381.0,685.0,648.5,1156.0,1948.0,2140.0,2313.0,2284.0,1839.5,1467.5,501.5,694.0,779.0,1102.0,1593.5,1719.5,1890.0,1872.0,1908.0,1648.0,510.0,675.0,868.0,1071.0,1208.0,1299.0,1404.0,1419.0,2179.0,2064.5,675.5,847.5,1107.5,1209.5,1290.0,1385.5,1535.0,1511.5,2371.5,2291.0,749.0,971.5,1253.5,1372.0,1417.0,1502.0,1675.5,1637.0,"{""type"":""MultiPoint"",""coordinates"":[]}"
1178_0,3,1686.0,1366.0,589.0,728.0,967.0,1061.0,1109.5,1155.0,1252.5,1269.5,2433.0,2129.0,982.5,1263.5,1532.5,1652.0,1675.5,1745.5,1843.0,1836.5,2395.0,2067.0,874.5,1149.0,1404.5,1530.0,1550.5,1630.5,1717.5,1704.0,2296.0,2011.0,851.5,1104.5,1347.5,1462.5,1481.0,1566.5,1628.0,1633.0,922.0,900.0,1019.0,1256.0,1291.0,1451.0,1072.0,1085.0,1088.0,1087.0,400.0,448.0,694.0,954.0,1039.0,1302.0,1050.0,1032.0,995.0,834.0,386.0,305.0,642.0,889.0,862.0,1156.0,975.0,1069.0,986.0,872.0,498.0,333.0,546.0,849.0,743.0,1096.0,1136.0,1182.0,1111.0,1079.0,767.0,501.0,546.0,778.0,634.0,1103.0,1501.0,1629.0,1441.0,1389.0,884.5,537.0,384.5,647.0,447.5,988.5,1674.5,1896.5,1759.5,1722.5,1270.5,688.5,294.5,588.5,374.5,917.0,2211.0,2609.0,2537.5,2655.0,1928.5,1628.5,711.0,890.0,1116.0,1248.0,1259.0,1319.5,1405.0,1457.0,1324.0,729.0,317.0,576.0,358.0,908.0,2419.0,2998.0,2938.0,3059.0,1185.0,585.0,164.0,393.0,200.0,696.0,2236.0,2877.0,2871.0,2841.0,1185.0,589.0,139.0,345.0,155.0,619.0,2417.0,3196.0,3172.0,3270.0,1433.0,675.0,319.0,605.0,305.0,964.0,2991.0,3814.0,3896.0,3892.0,1596.0,772.0,368.0,839.0,431.0,1366.0,3358.0,4130.0,4166.0,4197.0,1630.0,855.0,377.0,896.5,478.5,1463.0,3284.5,3724.0,3922.5,3981.0,1760.0,922.5,778.0,1297.5,1069.0,2042.5,3204.0,3576.5,3793.0,3878.5,2148.5,1283.0,762.0,1347.5,1329.0,2386.5,3173.5,3470.0,3753.5,3859.0,3474.0,2445.0,1089.0,1563.0,2183.0,2666.0,3136.0,3374.0,3672.0,3759.0,3215.5,2218.5,918.5,1305.5,1952.0,2318.5,2454.0,2666.5,2889.0,3054.0,1750.0,1446.0,512.0,716.0,973.0,1077.0,1111.0,1190.0,1262.0,1263.0,3412.0,2531.0,813.0,1195.0,1742.0,2052.0,2200.0,2363.0,2458.0,2659.0,3302.0,2469.5,900.5,1178.5,1640.5,1936.0,2037.0,2228.0,2400.5,2509.0,2948.5,2348.0,715.0,891.0,1225.5,1426.0,1508.5,1661.5,1793.5,1894.0,2125.0,1690.0,679.0,824.0,1095.0,1225.0,1299.0,1418.0,1461.0,1587.0,1876.0,1443.0,447.0,589.0,816.0,935.0,997.0,1095.0,1194.0,1237.0,528.0,368.0,416.0,398.0,423.0,437.0,485.0,539.0,573.0,609.0,1683.0,1351.0,530.0,723.0,930.0,1022.0,1072.0,1100.0,1199.0,1199.0,307.0,250.0,239.0,193.0,172.0,177.0,180.0,204.0,208.0,205.0,2253.0,1923.0,801.0,1035.0,1276.0,1398.0,1451.0,1498.0,1572.0,1577.0,2419.0,2118.0,977.0,1182.0,1411.0,1531.0,1562.0,1632.0,1778.0,1750.0,1634.5,1384.5,644.0,784.5,930.5,1029.0,1073.0,1149.0,1131.5,1227.5,1952.0,1715.0,705.0,852.0,1043.0,1169.0,1180.0,1272.0,1323.0,1349.0,2103.5,1854.0,752.0,955.0,1179.0,1282.0,1327.5,1377.5,1494.5,1471.5,"{""type"":""MultiPoint"",""coordinates"":[]}"
1179_0,3,1563.5,1326.5,494.0,623.0,830.5,912.5,941.5,997.0,1069.5,1098.0,2433.0,2150.5,922.0,1197.5,1443.0,1566.0,1570.0,1652.5,1743.0,1740.0,2348.5,2052.5,814.5,1095.5,1338.0,1431.0,1454.0,1514.5,1595.5,1628.5,226.0,195.0,554.5,797.0,865.5,998.0,700.5,769.5,759.5,614.5,264.0,248.0,644.0,917.0,983.0,1176.0,835.0,913.0,831.0,698.0,466.0,430.0,795.0,1047.0,1157.0,1435.0,1219.0,1288.0,1294.0,1190.0,382.0,290.0,534.0,834.0,795.0,1102.0,1062.0,1241.0,1137.0,1020.0,803.0,488.0,492.0,791.0,683.0,1203.0,1746.0,1909.0,1878.0,1760.0,816.0,461.0,348.0,599.0,423.0,920.0,1660.0,1850.0,1736.0,1768.0,1034.0,543.0,164.5,384.5,163.0,702.5,2429.0,3128.5,3077.0,3046.5,1270.5,686.5,145.5,371.0,174.5,782.0,2441.0,3170.0,3413.0,3404.0,1799.5,1549.0,635.5,782.0,989.5,1088.5,1108.0,1178.5,1268.5,1275.5,1595.0,851.0,248.0,437.0,335.0,844.0,2601.0,3336.0,3367.0,3626.0,1654.0,914.0,185.0,475.0,304.0,964.0,2754.0,3529.0,3602.0,3795.0,1654.0,914.0,304.0,711.0,457.0,1295.0,2910.0,3508.0,3536.0,3757.0,1710.0,976.0,484.0,912.0,754.0,1718.0,2842.0,3285.0,3374.0,3559.0,2116.0,1268.0,541.0,1008.0,1015.0,1857.0,2759.0,3141.0,3331.0,3522.0,2386.5,1491.0,613.5,1065.5,1168.0,2005.5,2692.0,3087.5,3247.0,3387.5,3840.5,2700.5,1088.5,1491.5,1873.0,2296.0,2593.5,2903.0,3182.0,3253.0,3176.5,2399.0,921.5,1223.5,1619.5,1894.5,1939.0,2143.0,2468.5,2478.0,2742.0,2167.0,731.0,975.0,1408.0,1570.0,1709.0,1821.0,2041.0,2037.0,2006.0,1572.5,578.0,776.5,1064.0,1224.5,1283.0,1385.5,1533.0,1519.5,1736.5,1485.5,547.0,711.0,933.0,1024.0,1037.0,1093.0,1200.0,1209.5,2251.0,1834.0,664.0,847.0,1174.0,1324.0,1367.0,1526.0,1620.0,1679.0,2097.0,1692.5,729.0,891.5,1127.0,1243.0,1308.0,1395.0,1549.5,1529.5,1723.0,1494.5,437.5,602.5,815.5,917.5,939.5,1019.0,1105.0,1114.5,1882.5,1703.0,553.0,710.0,910.5,1021.0,1031.5,1101.5,1178.5,1204.5,1488.0,1338.0,373.0,498.0,678.0,757.0,773.0,844.0,920.0,909.0,0.0,0.0,0.0,0.0,0.0,0.0,0.0,0.0,0.0,0.0,1905.0,1668.0,614.0,808.0,1026.0,1132.0,1142.0,1207.0,1307.0,1313.0,306.0,242.0,257.0,210.0,200.0,225.0,210.0,226.0,223.0,237.0,2302.0,2053.0,816.0,1045.0,1288.0,1402.0,1415.0,1475.0,1572.0,1592.0,1980.0,1720.0,994.0,1198.0,1439.0,1544.0,1558.0,1638.0,1766.0,1740.0,1913.0,1708.0,632.0,786.0,984.0,1083.0,1059.0,1142.0,1202.0,1233.0,1913.0,1708.0,653.0,807.0,984.0,1083.0,1112.0,1180.0,1244.0,1264.0,2086.0,1882.0,722.0,918.0,1125.0,1210.0,1247.0,1313.0,1422.0,1425.5,"{""type"":""MultiPoint"",""coordinates"":[]}"
1180_0,3,1871.0,1569.0,568.5,709.5,967.5,1072.0,1091.0,1186.5,1297.5,1305.0,2501.0,2150.0,902.0,1195.5,1499.0,1626.5,1672.5,1750.5,1877.5,1866.5,2462.5,2104.5,858.5,1134.0,1428.0,1554.0,1579.0,1638.5,1769.5,1776.5,2416.5,2107.0,847.5,1102.0,1380.5,1508.0,1519.0,1602.5,1692.5,1722.5,398.5,338.5,473.0,687.5,718.0,924.5,804.0,879.0,798.0,759.0,409.5,343.0,638.0,832.5,924.0,1140.0,1013.5,1048.0,981.5,951.0,606.0,479.5,462.0,762.5,646.5,1098.0,1174.0,1289.5,1233.5,1158.5,1399.0,910.0,418.5,798.5,465.0,1155.5,2466.5,2808.5,2712.0,2543.5,1650.0,892.0,289.5,673.5,379.5,1147.0,3143.5,3789.0,3864.5,3796.0,1842.0,994.0,289.0,674.5,430.0,1226.0,3125.5,3861.5,3954.5,4083.0,1688.5,897.5,233.5,623.5,355.0,1138.0,3086.5,3834.0,4029.0,4126.5,2126.0,1822.5,624.5,832.5,1072.0,1192.0,1236.0,1319.0,1415.0,1409.0,1589.5,825.5,206.5,549.0,303.0,1050.0,2987.5,3786.5,3914.0,4042.5,1461.0,758.5,206.5,535.0,301.5,997.5,2980.5,3766.0,3887.0,4028.0,1514.0,759.5,265.5,642.5,323.5,1150.5,3312.5,3991.5,4176.0,4241.5,1841.0,936.5,481.0,1024.5,562.0,1679.0,3574.0,4187.5,4410.5,4390.5,1837.5,1018.5,479.0,1082.0,660.5,1761.5,3340.0,3799.5,4127.0,4086.5,1904.0,1088.0,538.0,1203.0,998.0,2145.0,3244.0,3503.0,3826.0,3853.0,2242.5,1315.5,836.5,1577.0,1506.0,2606.0,3414.0,3700.5,4103.5,4083.0,2539.0,1586.5,831.0,1582.5,1642.0,2675.0,3273.5,3575.0,4016.0,3976.0,3923.5,2693.0,1262.0,1800.0,2427.5,2980.0,3225.5,3532.0,3955.5,3911.0,2970.5,2153.0,974.0,1354.5,1965.0,2202.5,2395.5,2533.0,2731.5,2758.5,1989.0,1691.0,505.0,716.5,964.5,1062.5,1106.5,1189.0,1326.0,1334.0,2710.0,2091.5,912.0,1262.5,1752.0,1917.5,2061.0,2163.5,2358.5,2317.0,2709.0,2110.0,1022.5,1307.0,1713.5,1895.5,1980.0,2099.5,2307.0,2275.0,2383.0,1909.0,724.5,969.5,1291.5,1441.0,1495.5,1619.5,1803.5,1740.0,2466.0,1925.0,796.0,1043.5,1382.0,1518.5,1626.5,1739.0,1877.0,1919.5,2125.5,1505.0,579.0,761.0,1030.5,1138.5,1211.0,1319.5,1491.5,1433.5,0.0,0.0,0.0,0.0,0.0,0.0,0.0,0.0,0.0,0.0,1965.5,1737.5,543.0,718.0,941.0,1024.5,1082.5,1141.5,1257.0,1246.0,1913.0,1668.0,560.0,685.5,864.0,934.0,990.0,1029.0,1143.0,1125.0,2276.0,2019.0,651.0,856.5,1088.0,1194.0,1265.0,1320.5,1420.0,1468.0,2389.5,2087.0,699.0,867.5,1123.5,1216.0,1233.5,1341.0,1458.0,1481.0,2114.5,1821.0,643.0,767.0,978.0,1074.0,1109.5,1205.0,1293.0,1296.0,1917.0,1652.5,552.0,720.5,933.0,1017.0,1057.0,1171.0,1259.0,1226.5,2250.5,1949.0,754.0,1022.0,1312.0,1425.5,1463.5,1521.0,1624.5,1631.0,"{""type"":""MultiPoint"",""coordinates"":[]}"
1181_0,3,745.0,742.0,166.0,182.0,234.0,258.0,251.0,285.0,313.0,350.0,811.5,720.5,220.5,226.0,258.0,258.0,273.5,305.5,359.5,359.0,1105.0,1081.0,335.0,346.0,388.0,403.0,432.0,449.0,491.0,525.0,1169.0,1179.0,402.0,413.0,448.0,460.0,456.0,517.0,552.0,525.0,1301.0,1261.0,518.0,488.5,503.5,510.0,515.5,556.5,589.0,620.0,1186.5,1134.5,387.5,395.5,408.0,440.0,471.0,502.5,560.0,576.5,1316.0,1257.5,431.5,486.0,477.0,580.0,746.0,809.0,870.5,864.0,1269.5,1177.5,337.0,429.5,390.5,534.0,890.0,977.5,993.0,1016.5,1185.5,1025.5,353.5,477.0,393.0,632.0,1337.5,1512.5,1477.0,1535.0,1002.0,778.0,223.0,419.0,263.0,630.0,1999.0,2329.0,2253.0,2344.0,886.0,659.0,195.0,366.0,180.0,615.0,2139.0,2582.0,2594.0,2548.0,869.0,867.5,232.5,268.5,300.5,318.0,335.5,359.0,397.0,429.0,897.0,623.0,241.0,449.0,249.0,715.0,2532.0,3168.0,3163.0,3084.0,1041.5,666.5,760.5,897.5,709.0,1116.5,2660.5,3169.0,3302.0,3295.5,1018.5,639.5,375.5,632.0,435.0,1004.5,3012.5,3602.5,3534.0,3685.5,1445.5,1021.5,810.0,991.0,802.0,1324.0,2980.0,3465.5,3573.0,3622.5,1251.0,789.0,533.0,887.0,685.0,1449.0,3200.0,3653.0,3907.0,3894.0,2020.5,1343.0,784.0,1216.5,1276.0,2081.0,3049.0,3388.5,3619.5,3707.5,2855.5,1891.5,1030.5,1395.0,1727.5,2315.0,3004.0,3347.0,3632.5,3763.0,2945.0,2018.0,847.0,1212.0,1669.0,2175.0,2766.0,3093.0,3416.0,3383.0,2559.5,1923.0,830.5,1122.0,1620.5,1835.5,1984.5,2155.5,2386.0,2374.5,2180.5,1701.5,740.0,961.0,1359.0,1579.5,1670.5,1821.0,1841.5,1941.5,720.0,644.0,176.0,173.0,212.0,233.0,229.0,241.0,294.0,291.0,784.0,777.0,123.0,175.0,263.0,306.0,325.0,355.0,392.0,421.0,660.0,619.0,197.0,185.0,220.0,241.0,264.0,283.0,299.0,285.0,722.0,720.5,142.5,163.0,220.5,243.0,222.0,262.5,308.0,312.0,806.0,813.0,200.0,212.0,256.0,269.0,305.0,328.0,339.0,360.0,548.0,520.5,111.5,118.0,150.5,173.0,199.5,211.5,221.0,235.5,0.0,0.0,0.0,0.0,0.0,0.0,0.0,0.0,0.0,0.0,603.0,596.0,142.0,157.0,179.0,186.0,198.0,221.0,248.0,241.0,0.0,0.0,0.0,0.0,0.0,0.0,0.0,0.0,0.0,0.0,1055.0,1042.0,234.0,281.0,357.0,373.0,394.0,444.0,461.0,498.0,1024.0,1009.0,283.0,291.0,340.0,360.0,384.0,431.0,486.0,479.0,666.0,640.0,204.0,191.0,199.0,211.0,174.0,217.0,244.0,230.0,1058.0,1053.0,334.0,356.0,389.0,416.0,424.0,446.0,504.0,530.0,1131.0,1120.0,374.5,386.0,422.5,452.0,481.0,533.5,557.5,575.0,"{""type"":""MultiPoint"",""coordinates"":[]}"
1182_0,3,1954.5,1542.0,631.0,788.5,1040.5,1148.0,1233.5,1253.5,1432.0,1436.0,2343.0,1973.0,802.0,1048.0,1326.5,1425.5,1477.0,1554.0,1673.0,1678.0,2595.5,2219.5,933.5,1265.5,1582.0,1626.5,1655.0,1727.0,1874.5,1850.0,2842.5,2415.5,1102.0,1459.0,1788.5,1867.5,1882.0,1993.0,2109.0,2073.5,1150.0,1069.0,920.0,1214.0,1474.0,1548.0,1607.0,1652.0,1799.0,1712.0,488.0,446.0,702.0,997.0,1160.0,1317.0,1267.0,1337.0,1358.0,1187.0,543.0,375.0,565.0,880.0,873.0,1203.0,1263.0,1322.0,1258.0,1174.0,896.0,712.0,540.0,839.0,741.0,1207.0,1596.0,1705.0,1673.0,1570.0,1742.0,941.0,296.0,675.0,299.0,1059.0,2829.0,3381.0,3470.0,3266.0,1851.5,938.5,235.0,623.0,267.0,1021.5,3291.0,4296.5,4363.5,4347.0,1627.0,785.0,61.0,315.5,92.5,668.5,3084.0,4427.5,4549.5,4593.0,2147.0,1741.0,685.0,877.0,1132.0,1230.0,1310.0,1381.0,1492.0,1540.0,1599.0,772.0,103.0,339.0,117.0,669.0,3133.0,4481.0,4717.0,4703.0,1630.0,773.0,37.0,391.0,98.0,861.0,3508.0,4812.0,5129.0,5053.0,1709.0,843.0,302.0,837.0,418.0,1494.0,3884.0,4910.0,5192.0,5253.0,1927.0,982.0,531.0,1125.0,785.0,2019.0,3852.0,4602.0,4871.0,4917.0,2003.0,1127.5,594.5,1201.0,965.0,2110.0,3681.5,4104.5,4597.5,4542.5,2597.0,1588.5,802.5,1461.5,1609.0,2621.5,3579.0,4044.0,4428.0,4412.0,3269.0,2139.5,1165.0,1847.0,2376.0,3214.0,3951.0,4313.0,4784.5,4706.5,4316.5,2967.5,1402.5,1981.5,2700.0,3381.5,3677.0,3973.5,4368.0,4449.0,3906.0,2867.0,1262.0,1774.0,2608.0,2937.0,3089.0,3377.0,3877.0,3837.0,3969.5,2775.0,1233.5,1738.5,2574.5,3030.5,3121.0,3491.5,3650.0,3821.5,2155.5,1751.0,678.0,847.0,1126.5,1212.5,1272.5,1367.5,1525.0,1493.5,3196.0,2344.0,946.5,1306.5,1884.5,2152.5,2246.0,2304.5,2761.0,2768.5,3239.0,2413.5,1012.5,1324.5,1853.0,2033.5,2194.5,2321.0,2663.0,2630.0,2892.5,2294.5,737.5,944.0,1263.0,1469.0,1570.0,1649.5,1829.5,1916.5,2936.0,2339.0,769.5,931.5,1239.0,1457.5,1528.5,1677.0,1773.0,1837.5,1839.0,1167.0,521.0,657.0,911.0,998.0,1030.0,1121.0,1283.0,1255.0,0.0,0.0,0.0,0.0,0.0,0.0,0.0,0.0,0.0,0.0,1871.0,1491.0,573.0,755.0,967.0,1042.0,1102.0,1142.0,1281.0,1281.0,1962.0,1666.0,696.0,796.0,974.0,1067.0,1071.0,1152.0,1243.0,1270.0,2369.0,1987.0,752.0,969.0,1217.0,1304.0,1349.0,1444.0,1534.0,1561.0,2200.0,1778.0,983.0,1184.0,1402.0,1501.0,1559.0,1662.0,1851.0,1791.0,2000.0,1618.5,788.0,869.5,1036.0,1090.0,1097.0,1181.0,1396.5,1288.0,2365.0,1975.0,843.0,1009.0,1196.0,1300.0,1427.0,1563.0,1684.0,1683.0,2200.5,1822.0,721.0,923.5,1181.0,1269.5,1349.5,1435.5,1577.5,1566.0,"{""type"":""MultiPoint"",""coordinates"":[]}"
1183_0,3,3042.0,2268.0,901.0,1019.5,1354.0,1567.0,1632.5,1780.0,1952.5,2049.5,2060.0,1918.0,645.0,844.0,1130.0,1257.0,1283.0,1364.0,1467.0,1495.0,2202.0,2032.0,699.0,928.0,1213.0,1409.0,1361.0,1501.0,1537.0,1602.0,2121.0,1970.5,711.0,946.0,1223.0,1364.5,1379.0,1476.0,1532.0,1574.5,498.0,424.0,868.0,925.0,959.0,1031.0,902.0,960.0,1029.0,884.0,405.0,342.0,387.0,621.0,564.0,781.0,731.0,768.0,777.0,658.0,558.0,443.0,313.0,578.0,435.0,877.0,967.0,1087.0,1127.0,977.0,1708.0,982.0,313.0,612.0,435.0,949.0,2007.0,2328.0,2303.0,2310.0,1057.0,584.0,157.0,373.0,198.0,625.0,1906.0,2513.0,2492.0,2469.0,1164.5,588.5,74.0,301.0,89.5,548.0,2242.5,3006.0,3061.0,3045.5,1243.5,575.0,47.5,233.5,40.0,449.5,2400.0,3490.0,3616.0,3512.0,3805.5,3162.0,1329.0,1442.0,1755.5,1971.0,2030.0,2216.0,2536.5,2578.5,1251.0,568.0,39.0,233.5,30.0,450.0,2543.0,4054.5,4073.0,4157.5,1122.5,521.0,67.0,363.0,82.5,661.0,2791.5,4004.0,4166.5,4224.0,1194.0,554.0,484.0,817.0,538.0,1189.0,3106.0,4038.0,4216.0,4259.0,1276.0,668.0,629.0,1030.0,830.0,1653.0,3116.0,3758.0,3891.0,3896.0,1309.0,712.0,544.0,1009.0,844.0,1710.0,2839.0,3247.0,3480.0,3512.0,1647.0,960.0,517.0,1011.0,1104.0,1936.0,2728.0,3036.0,3260.0,3357.0,4233.0,3002.5,1174.5,1678.0,2411.0,2837.5,3098.5,3385.5,3692.5,3770.0,4341.0,3165.5,1245.5,1720.0,2478.5,2852.0,3087.5,3357.0,3666.5,3758.0,3611.0,2905.0,1132.0,1516.0,2105.0,2383.0,2573.0,2776.0,3107.0,3106.0,3518.0,2588.5,1113.0,1402.5,1976.0,2298.5,2438.0,2617.0,2809.5,2981.5,3858.0,3055.0,989.0,1304.0,1843.0,2069.0,2112.5,2280.0,2636.5,2664.5,3658.0,2866.0,931.0,1224.5,1679.5,1954.5,2122.0,2287.0,2459.5,2584.0,4422.0,3691.0,2415.0,2553.0,2866.0,3167.5,3273.5,3387.5,3515.5,3599.0,3296.0,2766.5,875.5,1024.5,1272.5,1500.0,1628.0,1779.5,1914.5,1973.0,3139.0,2635.0,852.5,993.5,1226.5,1456.5,1582.0,1724.5,1846.5,1900.5,2161.0,1647.5,484.5,679.0,914.5,1125.5,1258.0,1396.5,1543.5,1581.5,0.0,0.0,0.0,0.0,0.0,0.0,0.0,0.0,0.0,0.0,4042.0,3250.0,1155.0,1534.0,2073.0,2355.0,2404.0,2551.0,2749.0,2845.0,4241.0,3528.0,1402.0,1719.0,2105.0,2372.0,2409.0,2586.0,2962.0,2845.0,3790.0,3124.0,1217.0,1550.0,2094.0,2295.0,2381.0,2568.0,2787.0,2793.0,3212.5,2648.5,1268.5,1472.5,1811.5,2031.5,2207.0,2388.5,2438.0,2620.0,2080.0,1849.0,719.0,880.0,1107.0,1253.0,1292.0,1419.0,1480.0,1533.0,1892.5,1751.5,538.5,722.0,992.5,1095.0,1115.0,1197.0,1277.5,1303.5,1957.0,1797.0,583.5,789.0,1053.0,1170.0,1189.0,1290.0,1372.5,1381.5,"{""type"":""MultiPoint"",""coordinates"":[]}"
1184_0,3,1478.0,1238.0,495.5,612.5,800.5,919.0,921.0,990.5,1045.0,1077.0,2289.0,2022.0,903.0,1161.0,1397.5,1573.5,1594.0,1709.5,1735.0,1776.0,2321.5,2023.5,900.0,1155.5,1371.5,1498.0,1638.0,1634.5,1674.5,1742.5,2234.5,1954.5,944.0,1187.5,1401.5,1528.0,1605.5,1661.5,1696.5,1766.5,569.0,535.0,648.0,964.0,963.0,1201.0,1041.0,1097.0,982.0,945.0,668.0,492.0,805.0,1028.0,1062.0,1181.0,1026.0,1011.0,967.0,882.0,920.0,637.0,764.0,1127.0,1148.0,1459.0,1477.0,1592.0,1592.0,1436.0,1634.0,1241.0,803.0,1187.0,1110.0,1670.0,2128.0,2169.0,2035.0,2140.0,1436.0,863.0,552.0,899.0,785.0,1328.0,2134.0,2318.0,2265.0,2281.0,1643.5,924.0,288.0,616.5,407.0,1005.5,2441.5,3003.0,2936.5,2976.0,1800.5,994.5,229.5,559.5,315.0,962.0,2861.5,3809.0,3875.0,3868.0,1651.0,1400.0,562.0,745.0,913.0,1037.0,1057.0,1115.0,1185.0,1222.0,1772.0,970.0,260.0,566.0,318.0,959.0,2886.0,4003.0,4062.0,4231.0,1626.0,970.0,147.0,367.0,216.0,837.0,2817.0,4096.0,4329.0,4404.0,1615.0,856.0,158.0,366.0,233.0,801.0,2932.0,4390.0,4537.0,4582.0,1992.0,1037.0,465.0,862.0,506.0,1438.0,3667.0,4738.0,5022.0,4962.0,2050.0,1285.0,484.0,927.0,594.0,1594.0,3691.0,4790.0,5020.0,4973.0,2299.0,1352.0,522.5,1108.5,693.0,1964.0,3853.5,4504.0,4768.5,4670.0,3098.0,2100.0,1343.0,1979.0,2321.0,3214.0,3996.0,4280.0,4698.0,4704.0,3684.5,2530.5,1357.5,1985.5,2683.5,3293.5,3682.5,3963.5,4491.0,4415.0,4052.5,2842.0,1414.5,1962.5,2754.5,3085.0,3339.5,3567.5,4101.0,3980.0,3616.0,2655.0,1616.0,2044.0,2673.0,3030.0,3111.0,3310.0,3623.0,3534.0,1516.0,1255.0,440.0,604.0,814.0,924.0,952.0,1009.0,1077.0,1117.0,3937.0,2821.0,1129.0,1576.0,2198.0,2711.0,2746.0,3060.0,3122.0,3381.0,3740.5,2820.5,1159.0,1535.0,2096.5,2370.0,2486.5,2659.5,2942.5,2935.0,2913.5,2360.0,786.5,988.5,1325.5,1523.5,1621.0,1730.0,1880.5,1953.5,2539.0,2079.0,704.0,863.0,1122.0,1300.0,1373.0,1442.0,1533.0,1666.0,2056.0,1531.0,512.0,671.0,933.0,1058.0,1147.0,1236.0,1385.0,1342.0,0.0,0.0,0.0,0.0,0.0,0.0,0.0,0.0,0.0,0.0,1796.0,1501.0,605.0,818.0,1032.0,1191.0,1202.0,1309.0,1328.0,1342.0,2037.0,1724.0,800.0,937.0,1129.0,1245.0,1282.0,1340.0,1425.0,1433.0,2402.0,2104.0,898.0,1181.0,1400.0,1574.0,1715.0,1811.0,1834.0,1843.0,1772.0,1491.0,1057.0,1140.0,1148.0,1210.0,1193.0,1248.0,1443.0,1328.0,1772.0,1491.0,532.0,729.0,882.0,1031.0,1185.0,1311.0,1358.0,1328.0,1946.0,1682.0,721.0,850.0,1027.0,1208.0,1215.0,1330.0,1358.0,1448.0,2050.0,1820.0,759.5,969.0,1148.5,1281.0,1314.5,1420.5,1446.0,1492.5,"{""type"":""MultiPoint"",""coordinates"":[]}"
1185_0,3,2126.0,1820.5,996.0,1054.5,1226.0,1318.5,1398.0,1499.0,1588.0,1613.0,2673.0,2438.0,823.0,1136.0,1518.0,1684.0,1761.0,1831.0,1953.0,1954.0,2367.0,2151.0,602.0,891.0,1251.0,1385.0,1468.0,1547.0,1677.0,1681.0,270.0,261.5,304.0,450.0,436.0,528.5,350.5,382.0,370.5,262.5,254.0,241.0,281.0,447.0,421.0,534.0,366.0,456.0,369.0,290.5,377.5,292.0,270.5,493.0,454.0,709.5,735.0,831.0,796.5,720.0,694.0,570.0,248.0,529.0,361.0,896.0,1125.0,1229.0,1251.0,1111.0,1090.0,647.0,264.0,535.0,314.0,876.0,1981.0,2305.0,2481.0,2241.0,1349.0,689.0,136.0,405.0,152.0,695.0,2471.0,3299.0,3235.0,3206.0,1398.5,668.5,89.5,339.0,83.0,600.5,2723.5,3890.5,3990.5,3983.0,1354.0,656.0,93.0,348.0,92.0,602.5,2797.5,4159.0,4155.0,4264.0,2496.0,2129.5,1208.5,1353.5,1557.0,1713.5,1744.5,1834.5,1862.5,1935.0,1413.0,671.5,102.0,361.5,101.5,668.5,2954.5,4319.0,4351.5,4485.5,1521.5,735.0,219.0,726.5,300.5,1269.0,3568.5,4486.0,4614.0,4734.0,1636.0,825.0,519.0,889.0,634.0,1408.0,3453.0,4200.0,4243.0,4491.0,1734.0,983.0,710.0,1112.0,1023.0,1873.0,3135.0,3633.0,3763.0,3894.0,1925.0,1114.0,627.0,1096.0,1049.0,1939.0,2770.0,3134.0,3458.0,3498.0,3881.0,2642.0,933.0,1459.0,1694.0,2543.0,2983.0,3243.0,3611.0,3742.0,4537.0,3275.5,1215.5,1646.5,2306.5,2809.5,3092.0,3379.0,3687.0,3886.5,4283.0,3188.0,1066.0,1481.0,2213.0,2606.0,2853.0,3188.0,3466.0,3491.0,3969.0,2910.0,1111.0,1488.0,2094.0,2388.0,2662.0,2889.0,3246.0,3276.0,3364.0,2532.0,1021.0,1332.5,1734.0,1988.0,2221.0,2404.0,2536.0,2656.5,2323.0,2069.0,589.0,756.0,1049.0,1189.0,1290.0,1367.0,1532.0,1532.0,3307.5,2676.0,694.0,976.5,1282.0,1550.0,1794.5,1955.0,2079.5,2239.5,3537.0,3204.5,1906.0,1988.0,2157.0,2317.0,2424.5,2512.0,2632.5,2645.0,2320.0,2037.0,597.5,673.5,854.5,1057.0,1167.0,1333.0,1388.5,1441.5,2625.0,2416.0,636.0,751.5,907.0,1111.5,1271.5,1367.5,1469.5,1535.5,2272.5,1847.0,422.0,582.0,797.5,994.5,1154.5,1283.0,1426.5,1458.0,0.0,0.0,0.0,0.0,0.0,0.0,0.0,0.0,0.0,0.0,1999.0,1675.0,393.0,582.0,851.0,1074.0,1122.0,1216.0,1337.0,1362.0,2314.0,2015.0,775.0,778.0,968.0,1190.0,1361.0,1541.0,1496.0,1680.0,2447.0,2086.0,584.0,827.0,1074.0,1319.0,1501.0,1608.0,1735.0,1771.0,2396.5,2030.0,711.0,875.5,1095.5,1328.0,1534.5,1661.0,1824.5,1798.5,2346.0,2096.0,714.0,901.0,1169.0,1339.0,1429.0,1548.0,1640.0,1666.0,2303.5,2096.0,620.0,847.0,1154.0,1305.5,1362.5,1466.0,1578.5,1607.0,2301.0,2122.0,636.5,884.5,1182.0,1325.5,1390.5,1489.5,1618.5,1620.0,"{""type"":""MultiPoint"",""coordinates"":[]}"
1186_0,3,950.0,790.5,324.0,390.5,491.5,535.5,542.0,578.5,619.5,632.0,1860.0,1595.0,788.5,987.5,1132.0,1220.5,1261.0,1326.0,1379.5,1371.0,2029.0,1732.5,840.0,1066.5,1215.0,1321.5,1351.0,1425.5,1463.5,1478.5,2619.0,2285.5,1308.5,1583.5,1777.5,1916.5,1933.0,2003.5,2061.0,2085.0,2632.0,2303.0,1406.0,1656.0,1857.0,1949.0,2004.0,2041.0,2175.0,2099.0,2547.0,2187.0,1289.0,1565.0,1752.0,1877.0,1873.0,1968.0,1993.0,1993.0,869.0,838.0,1063.0,1301.0,1413.0,1754.0,1478.0,1570.0,1311.0,1503.0,502.0,452.0,941.0,1301.0,1339.0,1471.0,1062.0,1107.0,1118.0,869.0,352.0,304.0,699.0,1025.0,1033.0,1280.0,889.0,973.0,869.0,766.0,324.5,268.0,652.0,1014.0,1048.0,1278.0,812.0,926.0,801.0,697.5,329.0,258.0,506.5,826.0,801.5,1067.0,719.5,823.5,726.5,568.0,1224.0,1036.5,497.5,592.0,688.5,723.0,743.0,797.5,857.0,850.0,754.0,479.0,419.0,715.0,566.0,986.0,1451.0,1754.0,1802.0,1613.0,935.0,517.0,209.0,457.0,296.0,769.0,1743.0,2126.0,2152.0,1884.0,1032.0,560.0,209.0,420.0,239.0,744.0,2074.0,2764.0,2766.0,2626.0,1251.0,663.0,348.0,599.0,382.0,952.0,2453.0,3131.0,3118.0,2989.0,1251.0,663.0,346.0,689.0,462.0,1106.0,2376.0,2789.0,3115.0,2869.0,1295.0,748.5,391.5,789.0,601.5,1334.0,2322.0,2636.0,2871.5,2728.5,1791.0,1137.0,729.0,1190.0,1252.0,1813.0,2538.0,2787.0,3002.0,3027.0,2400.5,1605.5,735.0,1138.5,1437.5,1984.5,2547.0,2784.5,3128.5,3131.0,2639.5,1779.0,731.5,1219.5,1687.0,2201.0,2572.5,2794.5,3218.0,3145.5,2830.0,1913.0,901.0,1367.0,1979.0,2336.0,2500.0,2724.0,2992.0,3070.0,1260.0,1083.0,554.0,622.0,710.0,734.0,769.0,825.0,873.0,859.0,3550.0,2653.0,1058.0,1429.0,1954.0,2264.0,2399.0,2597.0,2726.0,2910.0,3444.0,2609.0,1128.5,1458.5,1938.0,2254.0,2354.5,2534.0,2773.5,2824.0,3056.5,2451.0,874.5,1117.0,1474.5,1650.0,1790.5,1905.0,2098.5,2157.5,3197.0,2585.0,941.0,1153.0,1489.0,1686.0,1814.0,1914.0,2089.0,2176.0,2386.0,1529.0,736.0,947.0,1266.0,1459.0,1551.0,1657.0,1889.0,1899.0,790.0,572.0,650.0,620.0,690.0,755.0,809.0,873.0,859.0,922.0,2246.0,1953.0,847.0,1106.0,1313.0,1417.0,1463.0,1520.0,1660.0,1633.0,2366.0,2077.0,1009.0,1223.0,1388.0,1515.0,1545.0,1580.0,1688.0,1668.0,2500.0,2211.0,1055.0,1368.0,1572.0,1646.0,1696.0,1745.0,1873.0,1854.0,2714.0,2439.0,1226.0,1506.0,1719.0,1797.0,1860.0,1940.0,2078.0,1979.0,1598.5,1315.5,630.0,734.5,853.5,899.0,903.5,969.5,1060.0,1059.5,1650.0,1404.0,671.0,848.0,956.0,1060.0,1086.0,1149.0,1198.0,1177.0,1720.5,1473.0,730.5,888.0,1011.5,1081.5,1125.0,1189.5,1245.0,1238.5,"{""type"":""MultiPoint"",""coordinates"":[]}"
1187_0,3,1977.0,1590.5,622.5,755.0,1029.5,1121.0,1175.0,1274.5,1427.5,1427.5,2280.5,1896.0,774.5,957.0,1213.0,1351.5,1476.5,1518.5,1646.5,1654.0,2321.0,2005.5,801.5,1027.0,1323.5,1448.0,1468.5,1509.5,1612.5,1623.0,2538.5,2219.0,944.5,1205.5,1523.0,1655.5,1685.0,1775.0,1853.0,1869.5,2185.0,1921.0,951.0,1193.0,1520.0,1650.0,1617.0,1572.0,1608.0,1602.0,440.0,397.0,774.0,960.0,925.0,1145.0,914.0,961.0,913.0,778.0,419.0,307.0,514.0,699.0,751.0,919.0,935.0,983.0,936.0,841.0,490.0,379.0,504.0,699.0,686.0,950.0,995.0,1138.0,1140.0,1007.0,842.0,514.0,401.0,621.0,542.0,898.0,1654.0,1884.0,1711.0,1825.0,1691.0,845.5,217.5,550.5,211.0,887.5,3147.5,3785.5,3761.5,3868.0,1788.0,849.5,81.0,334.5,57.5,646.5,3293.5,4753.5,4787.0,4886.0,2208.0,1795.0,692.0,863.0,1119.0,1264.0,1286.0,1382.0,1486.0,1566.0,1717.0,820.0,118.0,360.0,81.0,738.0,3345.0,4991.0,5054.0,5130.0,1707.0,795.0,45.0,368.0,124.0,902.0,3447.0,5020.0,5140.0,5256.0,1760.0,846.0,190.0,566.0,297.0,1156.0,3604.0,5091.0,5214.0,5413.0,1863.0,900.0,419.0,885.0,603.0,1673.0,3756.0,4673.0,5012.0,5046.0,1913.0,1027.0,447.5,972.5,691.5,1769.0,3549.0,4226.0,4679.5,4653.0,2128.5,1231.0,529.5,1082.5,1061.0,2025.5,3307.0,3808.0,4126.5,4209.5,2657.0,1626.0,918.5,1375.5,1686.0,2466.5,3345.5,3776.5,4225.5,4240.0,3096.0,2010.0,1041.5,1580.0,2090.5,2859.5,3351.0,3717.5,4296.5,4282.5,4233.0,2900.0,1216.0,1660.0,2451.0,2998.0,3291.0,3576.0,4065.0,4101.0,3968.5,2724.0,1125.5,1608.5,2441.5,2847.0,2934.5,3414.0,3703.0,3712.5,2195.5,1801.0,657.5,810.5,1105.0,1219.5,1266.5,1363.0,1523.5,1527.0,3570.0,2557.5,999.5,1364.5,2009.0,2353.5,2409.0,2742.0,2936.0,3053.5,3392.5,2453.0,1019.0,1335.0,1908.5,2081.5,2244.5,2404.5,2842.5,2803.5,3030.0,2299.0,768.0,971.5,1367.0,1549.0,1603.5,1761.0,2071.0,2053.0,3028.0,2393.0,795.0,971.0,1327.0,1495.5,1569.0,1712.5,1962.0,1985.5,1750.0,1261.0,444.0,592.0,808.0,956.0,979.0,1032.0,1159.0,1189.0,0.0,0.0,0.0,0.0,0.0,0.0,0.0,0.0,0.0,0.0,1633.0,1280.0,530.0,684.0,870.0,985.0,977.0,1092.0,1212.0,1159.0,1836.0,1497.0,623.0,731.0,906.0,1018.0,1036.0,1119.0,1221.0,1230.0,2391.0,1982.0,803.0,985.0,1242.0,1350.0,1405.0,1479.0,1666.0,1640.0,2133.0,1752.0,1059.0,1249.0,1153.0,1243.0,1319.0,1532.0,1958.0,1663.0,1982.0,1624.5,615.0,752.0,952.5,1064.5,1073.0,1156.0,1267.0,1256.5,2300.5,1961.5,816.0,965.0,1170.0,1295.5,1419.5,1505.5,1650.0,1670.5,2414.0,1990.0,856.0,1061.0,1264.0,1394.0,1543.0,1596.0,1797.0,1768.0,"{""type"":""MultiPoint"",""coordinates"":[]}"
1188_0,3,1903.5,1601.5,505.0,647.5,881.5,1027.0,1043.5,1144.0,1226.0,1292.5,2513.5,2159.5,921.0,1234.0,1536.0,1663.5,1714.0,1812.0,1905.5,1890.0,2543.5,2156.0,871.0,1160.5,1486.0,1602.0,1653.0,1741.0,1821.5,1840.0,2419.5,2103.0,830.0,1093.5,1380.5,1507.5,1546.5,1639.0,1703.0,1735.5,314.5,274.0,759.0,950.5,1026.5,1234.0,1088.5,1131.0,1153.5,1007.0,314.5,274.0,759.0,950.5,1026.5,1234.0,1088.5,1131.0,1153.5,1007.0,768.5,529.0,526.5,754.0,665.5,1143.0,1575.0,1666.5,1540.0,1456.5,1256.0,881.5,411.0,773.0,419.0,1191.0,2410.5,2570.5,2592.5,2389.0,1656.5,858.5,269.0,686.5,273.0,1151.5,3644.0,4400.0,4512.5,4348.5,1713.0,919.0,253.5,633.0,377.0,1193.0,3080.0,3823.0,4042.5,4149.5,1706.5,918.5,241.5,586.5,386.5,1155.0,2887.5,3607.0,3803.5,3956.0,2230.5,1854.0,578.0,797.5,1050.0,1252.5,1245.5,1296.5,1396.5,1495.5,1612.0,859.0,204.5,537.0,346.5,1079.0,2803.0,3499.0,3656.5,3856.0,1466.0,741.0,194.5,511.5,287.5,982.0,2819.0,3549.0,3717.5,3848.5,1513.5,737.5,259.5,592.0,284.0,1068.0,3116.0,3812.5,3941.5,4136.0,1847.0,926.5,460.5,1013.5,528.0,1660.0,3660.0,4219.5,4427.5,4455.5,1853.0,979.0,466.5,1046.5,629.5,1711.0,3439.5,3877.5,4223.5,4159.5,1950.0,1091.0,537.0,1233.0,940.0,2185.0,3345.0,3642.0,3956.0,3953.0,2265.5,1304.5,860.0,1616.0,1555.0,2631.5,3502.5,3748.5,4135.0,4176.5,2552.5,1621.0,866.0,1577.5,1650.5,2718.5,3232.5,3507.0,3912.5,3948.5,3958.5,2593.0,1120.0,1552.5,2163.0,2680.5,2937.0,3249.5,3694.5,3770.5,2717.5,1792.0,990.5,1303.5,1811.0,2111.0,2163.5,2361.5,2723.5,2623.0,2047.5,1725.5,477.0,699.0,965.5,1088.5,1164.0,1217.5,1340.5,1382.0,2330.0,1839.5,721.5,1000.5,1376.0,1578.5,1644.0,1757.5,1910.0,1949.5,2171.0,1688.5,818.0,1038.5,1320.5,1490.5,1530.0,1638.5,1741.0,1798.5,2243.5,1815.5,651.5,844.5,1118.5,1293.0,1346.0,1455.5,1567.0,1626.5,2315.0,1805.0,717.5,897.5,1181.0,1402.5,1422.0,1523.5,1608.5,1712.5,1982.0,1560.5,519.5,670.0,902.5,1067.0,1090.5,1203.0,1382.0,1368.0,0.0,0.0,0.0,0.0,0.0,0.0,0.0,0.0,0.0,0.0,1826.0,1508.0,484.5,653.5,874.0,974.0,1063.0,1083.0,1197.0,1205.0,1872.0,1619.5,537.5,655.0,848.0,979.5,999.0,1071.5,1144.0,1167.0,2294.0,1954.0,664.0,853.5,1061.0,1224.0,1319.0,1413.0,1483.0,1565.0,2356.5,1971.0,661.5,852.5,1093.0,1264.0,1307.5,1411.0,1515.5,1509.0,2254.0,1871.5,698.0,826.5,1030.5,1191.5,1266.0,1359.5,1422.5,1481.0,2108.0,1800.0,582.5,777.0,1028.0,1117.0,1182.5,1269.5,1348.5,1402.5,2289.5,1962.0,718.5,951.0,1212.0,1342.0,1394.5,1488.0,1566.5,1554.5,"{""type"":""MultiPoint"",""coordinates"":[]}"
1189_0,3,1992.5,1626.5,658.0,818.5,1094.5,1179.0,1238.0,1328.0,1469.5,1440.5,2260.5,1882.0,782.0,1010.5,1257.5,1349.0,1431.5,1501.5,1651.0,1629.5,2587.0,2195.5,981.5,1253.5,1534.0,1651.0,1660.0,1769.0,1853.0,1857.5,2949.5,2501.0,1190.5,1518.5,1843.5,1986.0,1969.0,2094.5,2225.5,2215.5,769.0,593.0,1025.0,1360.0,1357.0,1532.0,1105.0,1091.0,1087.0,1003.0,507.0,428.0,875.0,1289.0,1357.0,1512.0,1105.0,1091.0,1050.0,875.0,622.0,493.0,536.0,886.0,814.0,1147.0,1042.0,1137.0,993.0,1048.0,999.0,630.0,568.0,886.0,747.0,1215.0,1550.0,1705.0,1564.0,1564.0,1341.0,839.0,416.0,728.0,480.0,1054.0,2082.0,2512.0,2482.0,2292.0,1711.5,895.0,266.0,574.5,295.0,920.5,2935.0,3844.0,3951.0,3963.0,1640.5,804.5,118.5,350.0,161.5,661.0,2913.5,4308.5,4501.0,4476.5,2257.0,1870.0,739.0,939.0,1195.0,1306.0,1356.0,1428.0,1538.0,1608.0,1651.0,802.0,165.0,367.0,193.0,644.0,3077.0,4507.0,4738.0,4766.0,1689.0,787.0,76.0,382.0,155.0,772.0,3378.0,4930.0,5195.0,5134.0,1726.0,835.0,308.0,786.0,423.0,1343.0,3727.0,4925.0,5205.0,5190.0,1955.0,990.0,540.0,1087.0,750.0,1870.0,3751.0,4604.0,4853.0,4884.0,2047.0,1150.0,579.5,1154.0,915.0,1990.0,3619.0,4156.0,4597.5,4508.5,2561.0,1561.0,779.0,1399.0,1494.0,2486.5,3596.5,3998.0,4346.5,4396.0,3319.0,2210.0,1202.0,1853.0,2432.5,3235.0,3896.0,4235.0,4747.5,4753.5,4040.5,2814.0,1312.5,1889.0,2681.5,3264.0,3586.0,3873.0,4351.5,4344.5,3917.0,2905.0,1211.0,1677.0,2449.0,2664.0,2779.0,3088.0,3480.0,3288.0,3987.0,2830.5,1311.0,1767.0,2570.5,2816.5,3038.5,3176.5,3424.5,3527.5,2195.0,1823.0,703.0,904.5,1189.0,1280.0,1299.0,1413.5,1602.0,1564.5,3044.5,2324.0,873.5,1209.5,1668.5,1912.5,2019.0,2139.5,2293.0,2339.5,2905.5,2233.5,932.0,1207.5,1597.5,1801.0,1870.0,2027.0,2215.0,2228.5,2650.5,2130.0,734.0,921.0,1260.5,1398.0,1472.0,1578.5,1716.5,1748.5,2688.5,2208.0,753.0,946.0,1244.5,1406.0,1481.0,1593.0,1700.0,1738.5,1884.0,1392.0,501.0,641.0,887.0,1018.0,1032.0,1125.0,1241.0,1212.0,0.0,0.0,0.0,0.0,0.0,0.0,0.0,0.0,0.0,0.0,1863.0,1492.0,635.0,829.0,1056.0,1141.0,1155.0,1240.0,1379.0,1354.0,2120.0,1733.0,749.0,883.0,1066.0,1184.0,1182.0,1273.0,1391.0,1387.0,2574.0,2191.0,906.0,1148.0,1383.0,1533.0,1524.0,1616.0,1783.0,1752.0,2748.0,2330.0,1166.0,1323.0,1576.0,1680.0,1775.0,1872.0,2070.0,2005.0,2077.5,1649.0,695.5,862.5,1070.0,1157.5,1159.0,1225.0,1362.5,1348.5,2557.0,2145.0,946.0,1155.0,1349.0,1479.0,1604.0,1705.0,1815.0,1825.0,2388.0,1979.0,794.0,1052.0,1323.0,1416.0,1454.0,1586.0,1712.0,1731.0,"{""type"":""MultiPoint"",""coordinates"":[]}"
1190_0,3,1240.5,1052.5,500.0,583.0,722.0,788.0,808.5,847.5,913.0,891.5,1666.0,1448.0,673.5,831.5,1002.5,1099.0,1135.5,1200.5,1247.0,1245.5,151.5,134.0,415.5,641.0,677.5,769.0,528.0,578.0,544.5,429.0,180.0,199.5,375.5,593.5,653.0,802.5,629.0,689.0,664.0,576.0,208.0,206.0,418.0,655.0,658.0,836.0,629.0,722.0,668.0,564.0,445.0,345.0,493.0,775.0,667.0,996.0,964.0,1064.0,999.0,866.0,1185.0,775.0,506.0,975.0,604.0,1395.0,2258.0,2500.0,2343.0,2214.0,1571.0,837.0,552.0,1051.0,604.0,1635.0,3699.0,3894.0,3969.0,3953.0,1509.0,767.0,412.0,903.0,441.0,1487.0,3826.0,4331.0,4221.0,4271.0,1409.5,677.0,296.5,758.5,363.0,1294.5,3635.0,4502.0,4378.0,4608.0,1358.0,641.5,196.5,599.0,260.0,1105.5,3569.0,4487.5,4424.5,4609.0,1474.0,1256.0,626.0,770.0,885.0,967.0,987.0,1007.0,1143.0,1098.0,1370.0,649.0,222.0,607.0,279.0,1048.0,3376.0,4313.0,4307.0,4454.0,1477.0,692.0,187.0,621.0,239.0,1143.0,3540.0,4366.0,4522.0,4640.0,1588.0,764.0,276.0,734.0,349.0,1301.0,3791.0,4518.0,4649.0,4806.0,1720.0,865.0,405.0,922.0,504.0,1654.0,3559.0,4172.0,4379.0,4447.0,1728.0,897.5,446.0,980.0,631.5,1771.0,3328.0,3789.0,4118.5,4081.5,1930.5,1051.5,509.5,1082.5,879.5,1987.5,3279.0,3690.5,3967.0,4061.5,2338.0,1366.0,1401.0,1584.0,1421.0,2342.0,3404.0,3727.0,4022.0,4155.0,4282.5,2794.5,1384.5,1928.0,2664.5,3353.5,3724.0,4024.5,4450.5,4540.5,4276.5,2898.5,1370.5,1905.0,2730.5,3257.5,3610.5,3873.5,4328.5,4411.0,3348.0,2419.0,1058.0,1415.0,1921.0,2396.0,2327.0,2721.0,2562.0,2743.0,1558.0,1365.0,699.0,815.0,981.0,1029.0,1039.0,1106.0,1180.0,1202.0,3231.0,2419.0,1027.0,1400.0,1897.0,2200.0,2182.0,2382.0,2450.0,2743.0,2389.5,1974.5,659.5,852.5,1135.5,1385.0,1399.0,1532.0,1552.5,1693.5,2247.5,1870.5,543.0,729.0,1006.5,1159.0,1207.5,1303.5,1416.0,1481.5,2461.0,2119.0,671.0,863.0,1182.0,1313.0,1394.0,1465.0,1603.0,1617.0,2013.0,1503.0,508.0,638.0,903.0,1063.0,1105.0,1227.0,1343.0,1356.0,0.0,0.0,0.0,0.0,0.0,0.0,0.0,0.0,0.0,0.0,2329.0,2110.0,867.0,1119.0,1305.0,1441.0,1468.0,1561.0,1673.0,1657.0,2276.0,1984.0,863.0,1045.0,1153.0,1377.0,1594.0,1690.0,1745.0,1794.0,1913.5,1581.0,665.5,863.0,944.5,1149.5,1523.0,1618.5,1705.0,1722.0,1689.0,1470.0,635.0,760.0,884.0,989.0,1111.0,1186.0,1283.0,1249.0,1424.0,1227.5,494.0,577.5,712.5,782.0,802.5,871.0,921.0,945.0,1583.0,1386.0,589.0,741.0,884.0,956.0,984.0,1043.0,1095.0,1108.0,1564.0,1361.0,628.5,779.0,927.5,989.5,1032.0,1076.5,1150.0,1149.0,"{""type"":""MultiPoint"",""coordinates"":[]}"
1191_0,3,1926.5,1556.5,629.5,809.5,1095.5,1201.0,1230.0,1303.0,1412.0,1435.0,2534.0,2247.5,906.0,1187.0,1453.0,1581.0,1610.5,1703.5,1795.0,1801.5,2416.0,2091.5,803.0,1060.0,1337.0,1460.0,1461.5,1540.0,1638.5,1648.0,307.5,267.0,471.5,686.5,768.5,897.5,689.5,742.5,696.5,618.0,467.0,442.0,581.0,807.0,886.0,1076.0,928.0,994.0,780.0,782.0,552.0,429.0,612.0,889.0,935.0,1259.0,1211.0,1245.0,1197.0,1186.0,568.0,449.0,506.0,846.0,650.0,1137.0,1224.0,1384.0,1334.0,1275.0,1344.0,869.0,468.0,848.0,556.0,1165.0,2258.0,2534.0,2195.0,2431.0,1239.0,724.0,371.0,711.0,458.0,1057.0,2093.0,2455.0,2483.0,2428.0,1256.0,686.0,269.5,594.0,353.0,959.5,2378.0,2859.5,2895.5,3048.5,1542.5,837.5,171.5,406.0,294.0,845.5,2225.0,2840.5,2948.5,3187.0,2131.0,1794.5,765.5,957.0,1227.0,1340.5,1380.0,1456.5,1569.0,1574.0,1784.0,969.5,256.5,526.0,376.5,927.0,2678.0,3545.5,3587.5,3814.0,1709.0,908.0,157.0,549.0,288.0,977.0,2740.0,3639.0,3776.0,3858.0,1709.0,928.0,322.0,762.0,523.0,1311.0,2961.0,3641.0,3776.0,3929.0,1847.0,988.0,530.0,988.0,856.0,1761.0,3044.0,3558.0,3702.0,3866.0,2071.0,1208.0,580.0,1047.0,1056.0,1888.0,2937.0,3357.0,3599.0,3694.0,2383.0,1462.5,649.5,1123.0,1261.5,2026.0,2881.0,3279.5,3471.0,3633.0,3793.0,2624.5,1155.5,1580.0,1963.0,2460.5,2805.5,3130.0,3403.0,3533.5,3108.5,2310.5,1022.5,1336.5,1731.5,2009.5,2171.5,2372.5,2542.5,2635.0,2545.0,2034.0,760.0,1052.0,1461.0,1644.0,1737.0,1831.0,2008.0,2022.0,1786.5,1389.0,525.0,726.0,989.5,1163.0,1247.0,1281.0,1366.0,1433.5,2054.5,1720.5,681.5,880.5,1164.5,1246.0,1315.0,1392.0,1516.0,1480.0,2065.0,1644.0,619.0,826.0,1097.0,1262.0,1371.0,1424.0,1418.0,1570.0,1901.5,1520.5,680.0,842.0,1076.5,1227.0,1259.0,1370.5,1417.0,1470.0,1946.0,1659.5,500.0,717.0,980.0,1089.5,1117.5,1195.5,1334.0,1306.0,2097.0,1868.0,631.5,802.0,1061.5,1180.0,1183.5,1281.0,1359.0,1380.5,1628.0,1417.0,421.0,540.0,766.0,848.0,857.0,933.0,1021.0,1032.0,0.0,0.0,0.0,0.0,0.0,0.0,0.0,0.0,0.0,0.0,2216.0,1930.0,748.0,956.0,1216.0,1321.0,1376.0,1409.0,1533.0,1554.0,371.0,285.0,284.0,242.0,249.0,254.0,265.0,299.0,293.0,275.0,2565.5,2265.0,918.0,1159.5,1446.0,1543.5,1581.0,1662.0,1816.5,1778.5,2456.5,2142.0,875.0,1077.5,1342.5,1416.5,1437.0,1539.0,1671.5,1625.5,2042.0,1797.0,676.0,814.0,1023.0,1108.0,1166.0,1271.0,1341.0,1361.0,2042.0,1797.0,676.0,814.0,1023.0,1108.0,1166.0,1271.0,1341.0,1361.0,2141.5,1886.0,666.0,882.5,1098.5,1206.0,1270.0,1325.0,1429.5,1423.5,"{""type"":""MultiPoint"",""coordinates"":[]}"
1192_0,3,2061.5,1729.0,632.0,787.0,1051.5,1210.5,1235.0,1304.0,1419.5,1438.0,2545.0,2197.5,949.0,1255.5,1564.5,1684.0,1729.0,1815.0,1920.5,1912.0,2547.0,2164.0,897.5,1182.5,1509.0,1616.0,1624.0,1712.5,1819.0,1853.0,2492.0,2159.0,884.5,1154.5,1449.5,1578.5,1584.5,1674.5,1752.5,1796.0,315.5,215.0,632.0,818.5,918.0,1106.0,1047.5,1086.5,1144.0,1053.5,300.5,215.0,542.0,768.5,866.0,1082.5,954.5,1029.5,1044.5,952.0,821.5,548.0,539.0,742.5,725.5,1086.5,1541.5,1606.5,1535.5,1562.5,1408.0,818.5,398.5,730.0,425.5,1059.0,2413.5,2726.0,2771.0,2639.5,1539.5,767.5,217.0,559.5,276.0,1014.0,3255.0,3997.0,4166.0,4092.0,1744.0,894.0,238.0,581.5,356.0,1116.5,3148.5,3911.5,4100.5,4269.5,1699.0,863.5,216.0,583.5,328.0,1109.5,3116.0,3900.0,4101.0,4231.5,2379.5,2016.5,680.0,910.0,1196.5,1383.5,1400.5,1498.5,1564.5,1646.0,1660.0,827.5,193.0,556.0,273.0,1065.0,3099.5,3915.5,4054.0,4249.0,1534.5,737.5,190.5,544.5,272.0,1026.5,3115.5,3920.5,4072.0,4232.5,1559.0,752.5,242.5,617.5,285.0,1101.5,3340.0,4118.0,4252.5,4430.0,1875.5,913.5,461.0,973.0,525.5,1659.0,3689.0,4300.5,4572.5,4620.5,1883.0,964.0,472.5,1056.0,645.0,1811.0,3566.0,4126.0,4437.0,4458.5,2090.0,1142.0,569.0,1257.0,1004.0,2246.0,3519.0,3828.0,4201.0,4237.0,2415.5,1372.5,894.0,1594.5,1585.5,2664.5,3515.5,3860.0,4241.0,4294.5,2793.0,1682.5,936.0,1584.5,1809.0,2726.5,3264.0,3551.0,3975.0,4023.5,4161.5,2864.0,1179.5,1677.0,2456.5,2957.0,3141.0,3406.5,3900.0,3936.5,2549.5,1982.5,829.5,1113.0,1573.5,1856.5,1921.5,2046.0,2098.5,2253.5,2234.0,1860.0,598.5,809.0,1121.0,1243.5,1291.5,1401.0,1511.0,1549.0,2459.0,1910.5,788.0,1079.5,1490.0,1706.0,1755.0,1908.5,2008.5,2111.5,2504.5,1977.0,886.5,1133.5,1462.5,1675.0,1722.5,1835.0,1934.5,2015.5,2364.5,1908.5,714.5,927.0,1236.5,1404.0,1466.5,1563.5,1714.0,1753.0,2583.5,2145.0,790.5,976.5,1322.0,1524.0,1532.0,1687.5,1771.5,1824.5,2121.0,1484.0,571.5,761.0,1028.0,1180.5,1243.0,1340.0,1463.5,1459.5,0.0,0.0,0.0,0.0,0.0,0.0,0.0,0.0,0.0,0.0,1956.0,1652.5,544.0,742.5,972.5,1085.0,1118.5,1189.0,1297.5,1301.0,2049.5,1805.5,640.0,764.5,957.0,1078.5,1081.5,1176.5,1243.0,1297.5,2406.0,2111.5,721.5,939.0,1175.0,1306.0,1370.5,1455.5,1545.0,1556.0,2521.5,2173.0,760.0,953.0,1239.0,1370.0,1374.0,1453.0,1586.5,1583.5,2236.0,1893.0,678.0,818.5,1041.0,1165.0,1189.0,1278.0,1377.0,1396.5,1991.0,1713.0,580.5,755.0,989.0,1080.5,1117.0,1202.0,1317.0,1313.5,2326.5,2048.0,807.0,1102.5,1385.0,1499.0,1541.0,1615.0,1738.5,1703.5,"{""type"":""MultiPoint"",""coordinates"":[]}"
1193_0,3,1986.0,1671.0,597.0,770.5,1053.0,1188.5,1220.5,1296.5,1398.0,1430.5,2493.5,2134.0,1045.5,1331.5,1607.5,1729.5,1757.0,1844.0,1941.5,1916.5,1664.5,1366.5,657.5,886.5,1105.0,1203.5,1179.5,1274.5,1322.0,1341.0,404.5,341.5,491.5,677.0,723.0,868.0,722.0,757.0,730.5,666.5,182.0,144.5,557.5,764.5,806.0,953.5,799.0,875.5,826.5,757.0,395.0,320.5,516.0,846.0,752.0,1088.5,1020.0,1041.0,1028.0,877.0,716.0,514.0,437.0,714.5,564.0,963.0,1294.5,1475.0,1370.0,1333.5,1261.5,766.0,432.0,752.0,490.5,999.5,2130.5,2540.0,2599.0,2346.5,1629.5,831.5,315.0,621.0,359.5,965.0,2731.0,3538.5,3574.5,3521.0,1670.5,834.0,237.5,561.5,334.0,922.0,2897.0,3776.5,3715.0,3982.5,1595.0,790.0,189.5,449.5,279.5,768.5,2813.0,3924.5,3968.5,4053.0,2308.0,1967.5,677.0,916.0,1188.0,1314.5,1411.0,1483.5,1536.0,1586.5,1651.0,807.0,221.5,484.5,276.5,831.5,3062.5,4359.5,4358.5,4504.0,1664.5,809.0,308.5,805.5,431.0,1414.5,3548.5,4497.0,4554.0,4674.0,1713.0,871.5,443.5,930.0,668.5,1646.5,3517.0,4191.0,4223.0,4517.0,2104.5,1121.5,645.5,1199.5,1078.5,2224.0,3562.5,4012.5,4180.0,4351.5,2433.0,1432.0,769.0,1354.5,1391.5,2480.0,3540.5,3865.5,4219.0,4321.0,2867.0,1766.0,861.0,1423.0,1709.0,2554.0,3302.0,3767.0,3935.0,4054.0,4102.0,2831.5,1164.5,1575.5,2211.5,2668.5,2919.5,3239.0,3509.5,3681.0,3978.0,2830.5,1055.5,1434.0,2108.0,2509.5,2751.0,3066.0,3350.5,3418.0,2747.5,2127.0,760.5,1107.5,1555.0,1793.5,1908.0,2035.0,2079.0,2307.0,1977.0,1517.5,603.0,851.5,1187.0,1361.0,1422.0,1515.5,1550.0,1628.0,2190.5,1828.0,600.0,825.5,1155.5,1276.0,1274.5,1440.0,1565.5,1498.5,2253.5,1786.5,726.0,988.5,1318.0,1519.0,1578.5,1652.5,1734.5,1807.5,2179.5,1720.5,829.0,1033.0,1326.5,1518.5,1545.5,1613.5,1703.5,1768.5,1945.5,1634.5,613.5,770.5,1013.0,1152.5,1185.5,1252.5,1332.0,1381.0,1767.5,1443.5,523.5,745.5,999.5,1138.5,1162.0,1242.5,1301.5,1355.5,1365.0,1175.0,352.0,500.0,683.0,761.5,792.5,837.0,914.0,905.5,0.0,0.0,0.0,0.0,0.0,0.0,0.0,0.0,0.0,0.0,1499.0,1116.0,453.5,625.5,824.0,947.5,988.5,1076.5,1197.5,1166.0,1838.5,1444.5,636.0,783.0,960.5,1079.5,1124.5,1205.0,1286.5,1307.0,2440.0,2010.0,878.5,1130.0,1388.5,1530.0,1564.5,1617.0,1768.5,1716.5,2463.0,2046.0,900.5,1102.5,1386.0,1483.5,1548.5,1577.5,1748.0,1777.5,2407.0,2022.5,896.0,1063.0,1298.0,1392.5,1457.0,1526.0,1647.5,1680.5,2203.5,1878.0,731.5,928.0,1171.5,1308.5,1320.0,1406.5,1523.5,1501.5,2284.0,1942.5,827.5,1100.5,1367.5,1467.0,1505.0,1567.0,1691.5,1676.0,"{""type"":""MultiPoint"",""coordinates"":[]}"
1194_0,3,1849.5,1552.5,548.5,718.5,949.0,1083.5,1106.0,1193.0,1304.5,1327.5,2472.0,2090.0,977.5,1290.5,1599.5,1734.0,1774.5,1846.0,1947.0,1938.5,2512.0,2095.5,921.0,1216.5,1539.5,1667.5,1684.0,1793.5,1878.0,1865.5,2420.0,2054.0,911.5,1198.0,1491.0,1629.5,1641.5,1744.0,1806.5,1821.0,176.0,160.0,560.0,798.0,880.0,990.0,764.5,843.5,793.5,696.0,176.0,160.0,587.0,844.5,878.5,1109.5,926.0,1020.5,999.0,882.5,359.0,321.0,577.0,854.0,805.0,1159.5,1055.0,1152.5,1037.0,957.0,934.0,708.0,435.5,777.0,501.0,1172.0,1990.5,2153.5,2091.5,1935.5,1443.0,774.5,249.5,618.0,269.0,996.0,3309.5,3998.5,3965.0,3906.0,1703.0,913.5,225.0,638.5,435.5,1250.5,3076.5,3735.0,3997.0,4145.5,1828.5,1019.0,269.5,641.5,519.0,1275.0,2880.5,3515.0,3807.0,3966.0,2145.0,1810.0,622.5,841.5,1080.5,1265.5,1294.0,1366.0,1450.5,1492.0,1779.5,960.0,253.0,595.5,447.0,1183.0,2775.5,3390.5,3610.5,3834.0,1563.0,796.0,161.5,504.5,335.5,1021.0,2785.0,3427.0,3603.5,3805.0,1488.5,765.5,229.0,569.5,280.5,1010.5,2788.5,3365.0,3475.0,3648.0,1785.0,904.5,472.0,955.0,507.5,1572.5,3409.5,3862.5,3999.5,4081.0,1800.0,975.0,462.0,1056.5,629.5,1817.0,3191.0,3576.0,3875.5,3887.5,1916.0,1089.0,537.0,1209.0,942.0,2154.0,3126.0,3354.0,3624.0,3713.0,2240.0,1262.5,778.5,1447.0,1395.5,2504.5,3107.5,3426.5,3720.5,3800.0,2656.0,1605.0,813.0,1455.0,1704.5,2568.0,2909.5,3183.5,3560.0,3566.5,3755.0,2546.0,1039.5,1514.5,2069.0,2575.0,2847.0,3101.5,3530.5,3564.0,2008.5,1517.5,607.0,857.5,1214.0,1401.5,1474.0,1569.5,1656.5,1728.5,2010.5,1680.5,523.0,737.5,1017.5,1142.5,1218.0,1283.0,1406.0,1399.0,2136.5,1662.5,634.0,872.0,1214.5,1402.5,1454.5,1548.5,1666.5,1695.0,2309.5,1866.5,868.0,1046.0,1340.0,1517.0,1555.5,1659.0,1780.5,1819.0,2044.0,1709.5,619.5,785.0,1025.5,1159.0,1193.5,1296.0,1390.5,1415.5,2186.5,1880.5,734.0,853.5,1095.0,1230.5,1265.0,1377.5,1440.0,1502.5,1833.5,1512.5,517.5,627.5,861.5,943.5,1025.0,1085.5,1230.5,1208.5,0.0,0.0,0.0,0.0,0.0,0.0,0.0,0.0,0.0,0.0,1508.5,1132.5,422.5,592.5,787.0,909.5,937.0,1048.0,1117.0,1153.0,1806.0,1484.5,612.5,749.5,926.5,1055.0,1067.5,1158.5,1242.5,1231.0,2316.0,1927.5,808.5,1005.0,1225.0,1390.5,1447.5,1540.5,1627.5,1645.0,2285.5,1900.0,810.0,996.0,1249.5,1358.0,1404.0,1450.0,1607.5,1577.0,2100.0,1733.0,780.5,907.0,1115.0,1203.5,1253.5,1282.5,1429.5,1428.5,2053.5,1739.5,702.5,856.5,1104.0,1209.0,1274.0,1332.0,1435.5,1430.5,2247.5,1960.0,805.0,1053.0,1333.5,1475.0,1507.5,1582.0,1694.5,1695.0,"{""type"":""MultiPoint"",""coordinates"":[]}"
1195_0,3,2190.5,1777.5,617.5,767.5,1034.0,1186.5,1214.5,1317.5,1438.0,1478.0,2118.5,1811.0,703.5,887.5,1128.0,1254.5,1287.0,1389.5,1468.5,1506.5,2299.5,1997.0,794.0,1014.0,1283.5,1418.0,1440.0,1514.0,1585.0,1639.0,2437.5,2127.5,847.0,1108.5,1376.0,1535.5,1565.0,1638.0,1709.5,1766.0,514.0,547.0,794.0,962.0,1028.0,1200.0,1028.0,1101.0,1102.0,927.0,542.0,398.0,715.0,907.0,930.0,1150.0,1062.0,1144.0,1211.0,1086.0,551.0,484.0,608.0,887.0,783.0,1150.0,1299.0,1387.0,1431.0,1305.0,1113.0,775.0,483.0,714.0,514.0,1016.0,1882.0,2074.0,1940.0,1885.0,1709.0,820.0,283.0,613.0,245.0,948.0,3450.0,4265.0,4242.0,4264.0,1943.0,971.5,288.0,636.0,333.5,1098.5,3583.0,4717.0,4769.0,4996.0,1944.0,960.0,244.0,539.5,376.0,1014.5,3308.5,4585.0,4834.5,4968.5,2386.0,1977.0,730.0,882.0,1128.0,1330.0,1341.0,1443.0,1526.0,1646.0,1964.0,951.0,302.0,593.0,458.0,1089.0,3360.0,4543.0,4632.0,4904.0,1865.0,929.0,240.0,593.0,387.0,1173.0,3428.0,4763.0,4871.0,5053.0,1911.0,929.0,309.0,706.0,481.0,1349.0,3587.0,4798.0,4994.0,5152.0,2047.0,1047.0,472.0,915.0,700.0,1682.0,3627.0,4526.0,4765.0,4898.0,2076.0,1140.5,493.5,951.5,790.0,1773.5,3439.5,4042.5,4418.0,4505.0,2335.5,1409.0,557.0,1017.5,1075.0,1983.5,3249.0,3750.0,4045.5,4232.0,2725.5,1642.0,844.0,1236.0,1440.0,2336.5,3323.5,3717.5,4087.5,4235.0,4018.0,2733.5,1140.5,1609.5,2239.0,2914.5,3394.5,3771.5,4173.5,4292.0,3652.0,2575.5,1137.0,1614.5,2318.5,2764.5,2982.0,3242.0,3622.5,3664.5,3822.0,2608.0,1291.0,1771.0,2640.0,3147.0,3304.0,3580.0,3910.0,4024.0,2403.0,1967.0,661.5,826.0,1123.0,1266.5,1293.5,1381.5,1549.5,1563.0,3749.0,2622.0,1191.5,1632.0,2399.5,2829.0,2987.5,3205.5,3439.0,3542.5,3419.5,2431.0,1116.5,1462.0,2038.5,2354.0,2529.5,2759.0,3022.5,3127.0,3065.0,2352.0,808.5,1045.0,1443.5,1650.0,1815.0,1934.5,2113.5,2200.0,3244.5,2492.5,860.5,1063.5,1439.5,1645.5,1759.5,1898.0,2085.0,2169.5,2069.0,1383.0,600.0,757.0,1045.0,1231.0,1228.0,1384.0,1478.0,1499.0,0.0,0.0,0.0,0.0,0.0,0.0,0.0,0.0,0.0,0.0,2075.0,1735.0,555.0,726.0,940.0,1072.0,1080.0,1154.0,1299.0,1295.0,2192.0,1865.0,680.0,736.0,943.0,1059.0,1071.0,1150.0,1273.0,1286.0,2327.5,1965.0,710.0,875.5,1118.5,1227.5,1258.0,1323.0,1451.0,1504.5,2345.0,1968.0,672.0,770.0,1044.0,1182.0,1112.0,1194.0,1315.0,1361.0,2413.0,1996.0,761.5,853.5,1105.0,1228.5,1204.0,1285.0,1421.5,1465.5,2481.0,2124.0,810.0,959.0,1166.0,1295.0,1383.0,1466.0,1584.0,1632.0,2196.0,1832.0,669.0,873.0,1126.0,1248.0,1288.0,1379.0,1475.0,1534.0,"{""type"":""MultiPoint"",""coordinates"":[]}"
1196_0,3,2088.5,1675.0,687.0,857.0,1120.0,1286.5,1309.5,1452.0,1528.0,1541.5,2397.0,1997.0,800.0,1050.5,1314.5,1457.5,1500.5,1605.5,1690.5,1731.5,2520.0,2117.5,856.5,1134.5,1418.5,1556.5,1558.5,1650.5,1727.5,1791.5,2691.5,2254.5,952.5,1281.0,1590.0,1715.5,1748.5,1824.0,1884.0,1954.0,1163.0,1021.0,846.0,1102.0,1187.0,1357.0,1187.0,1254.0,1287.0,1257.0,558.0,471.0,633.0,969.0,1094.0,1197.0,1170.0,1254.0,1287.0,1088.0,847.0,633.0,613.0,963.0,917.0,1300.0,1461.0,1548.0,1502.0,1440.0,1193.0,807.0,560.0,843.0,736.0,1169.0,1683.0,1811.0,1798.0,1724.0,1791.0,981.0,367.0,697.0,429.0,1082.0,3028.0,3567.0,3639.0,3555.0,1858.0,976.5,261.0,629.5,304.0,1021.5,3261.0,4121.5,4244.0,4216.5,1742.0,870.5,134.5,406.0,189.0,779.0,3145.5,4377.0,4578.0,4618.0,2254.0,1855.0,735.0,944.0,1197.0,1360.0,1385.0,1486.0,1586.0,1626.0,1686.0,855.0,175.0,426.0,219.0,763.0,3095.0,4608.0,4655.0,4667.0,1686.0,818.0,104.0,446.0,196.0,762.0,3409.0,4824.0,5006.0,4985.0,1695.0,889.0,318.0,794.0,455.0,1364.0,3707.0,4965.0,5036.0,5307.0,1915.0,991.0,545.0,1071.0,779.0,1927.0,3939.0,4731.0,4768.0,4923.0,2010.0,1159.0,603.5,1188.0,960.0,2100.5,3775.5,4372.5,4620.5,4621.5,2552.0,1574.0,804.0,1493.5,1585.0,2676.5,3832.5,4249.0,4485.0,4705.5,3121.0,1987.5,1171.0,1810.0,2222.5,3150.0,4063.5,4421.5,4769.5,4853.0,4259.0,2909.5,1342.0,1954.5,2556.5,3346.5,3763.5,4174.0,4429.5,4589.5,3824.0,2765.0,1270.0,1729.0,2574.0,2961.0,3154.0,3369.0,3756.0,3768.0,3772.5,2566.5,1174.0,1682.0,2497.0,2958.0,3222.5,3365.0,3512.5,3874.0,2209.0,1862.0,726.0,917.5,1182.5,1338.0,1382.5,1468.5,1583.0,1621.0,2883.0,2123.0,870.0,1216.0,1665.0,1871.0,1982.5,2175.5,2254.5,2347.5,2873.5,2172.0,934.5,1250.0,1637.5,1916.0,1996.0,2215.0,2228.0,2356.0,2577.5,2046.5,732.0,970.5,1288.5,1437.0,1525.5,1662.0,1770.5,1813.5,2615.0,2060.0,799.0,983.5,1301.5,1463.5,1504.5,1649.0,1761.0,1805.0,1876.0,1177.0,584.0,747.0,1030.0,1155.0,1218.0,1292.0,1460.0,1473.0,0.0,0.0,0.0,0.0,0.0,0.0,0.0,0.0,0.0,0.0,2031.0,1684.0,656.0,835.0,1062.0,1171.0,1189.0,1248.0,1356.0,1380.0,2077.0,1731.0,724.0,812.0,1012.0,1109.0,1137.0,1209.0,1326.0,1312.0,2389.0,2008.0,770.0,994.0,1239.0,1364.0,1347.0,1457.0,1578.0,1578.0,2611.0,2176.0,1042.0,1195.0,1379.0,1490.0,1619.0,1706.0,1910.0,1805.0,2104.5,1691.5,798.0,941.0,1088.5,1186.0,1195.5,1221.0,1523.5,1392.0,2430.0,2039.0,845.0,1020.0,1207.0,1328.0,1469.0,1596.0,1678.0,1662.0,2236.0,1864.5,710.0,926.0,1179.0,1331.0,1395.5,1509.0,1593.5,1614.0,"{""type"":""MultiPoint"",""coordinates"":[]}"
1197_0,3,2006.0,1682.0,578.5,752.5,1017.5,1174.5,1218.5,1311.0,1375.0,1457.5,2469.5,2106.0,971.0,1254.5,1519.5,1663.0,1702.0,1781.0,1857.0,1875.5,2060.5,1745.0,700.0,948.0,1204.5,1366.5,1370.5,1414.5,1479.0,1550.5,460.5,407.0,480.5,694.0,729.5,931.5,857.5,916.0,894.0,886.0,334.0,337.5,494.5,711.0,772.5,963.5,882.0,934.5,907.5,927.5,440.5,356.5,619.5,854.5,877.0,1182.5,1038.0,1083.5,1081.5,927.5,1064.5,647.0,478.5,754.5,597.5,1099.0,1717.5,1886.5,1739.5,1660.0,1277.0,809.5,480.5,781.0,558.5,1087.5,2064.5,2489.5,2225.0,2436.0,1627.5,822.5,326.0,621.5,372.0,984.0,2806.5,3440.5,3397.5,3662.5,1661.0,825.5,234.5,543.5,338.0,931.5,2998.5,3990.0,3935.0,4129.5,1612.5,794.0,205.5,443.0,275.5,747.5,2834.5,4093.5,4125.5,4270.5,2312.0,1942.5,654.0,890.5,1176.0,1346.5,1390.5,1480.0,1503.0,1628.0,1701.5,820.0,214.5,488.0,286.0,821.5,3095.0,4510.0,4527.5,4729.5,1687.5,814.5,282.0,758.5,406.0,1360.5,3569.5,4616.5,4643.0,4780.5,1769.0,875.0,412.0,884.0,622.0,1602.0,3548.5,4327.0,4296.0,4659.0,2075.0,1104.5,609.0,1106.5,987.5,2036.0,3518.0,4080.5,4162.5,4411.0,2401.0,1399.5,693.5,1230.0,1282.0,2351.5,3427.5,3829.0,4110.0,4289.0,3020.0,1921.0,889.0,1441.0,1842.0,2611.0,3331.0,3721.0,3906.0,4148.0,4191.5,2903.5,1210.0,1688.5,2427.0,2873.0,3063.5,3374.0,3664.0,3814.0,4064.0,2838.5,1076.0,1486.5,2247.0,2681.0,2900.0,3192.0,3474.0,3602.5,2851.5,2168.0,829.0,1190.5,1657.5,1919.5,2075.0,2165.0,2256.0,2369.5,2158.0,1641.5,677.0,962.0,1359.0,1583.0,1612.0,1744.5,1760.0,1857.0,2158.0,1768.5,556.0,812.0,1101.5,1240.0,1302.5,1381.0,1487.5,1533.5,2431.0,1925.0,813.5,1094.5,1498.0,1724.5,1756.0,1901.0,1949.5,2007.5,2350.5,1854.5,915.0,1132.5,1472.0,1659.5,1703.0,1800.0,1891.5,1933.5,2033.0,1690.5,635.0,800.5,1066.5,1223.5,1245.0,1333.5,1409.5,1465.0,1845.0,1488.0,553.5,771.0,1030.0,1169.5,1217.0,1295.0,1358.0,1437.5,1420.5,1231.0,378.5,490.0,721.5,804.5,797.5,888.0,960.0,936.5,0.0,0.0,0.0,0.0,0.0,0.0,0.0,0.0,0.0,0.0,1505.0,1083.5,455.0,599.5,797.0,928.5,1009.5,1038.5,1140.5,1188.0,1892.5,1471.5,642.5,781.0,952.0,1120.5,1172.0,1255.5,1299.0,1344.0,2473.5,2015.0,888.5,1129.0,1380.0,1537.5,1601.5,1663.5,1758.5,1809.5,2497.0,2055.5,892.0,1106.5,1357.0,1491.5,1535.5,1612.5,1734.0,1741.0,2401.5,2016.5,873.0,1032.0,1262.5,1402.0,1435.0,1529.0,1597.0,1652.5,2233.5,1909.5,715.5,916.5,1174.0,1325.0,1335.0,1459.0,1505.0,1510.5,2257.0,1961.0,785.5,1067.0,1305.5,1417.5,1467.5,1534.0,1632.5,1645.5,"{""type"":""MultiPoint"",""coordinates"":[]}"
1198_0,3,154.0,138.5,210.5,280.5,364.5,417.0,286.5,300.0,286.0,233.0,2147.5,1848.0,654.0,852.5,1078.5,1182.0,1244.0,1321.5,1425.5,1442.5,2431.5,2158.5,803.0,1043.0,1278.5,1415.5,1456.5,1552.0,1646.0,1660.0,2621.5,2361.0,974.0,1239.5,1508.5,1633.5,1649.5,1756.5,1845.0,1892.0,2697.0,2463.0,1067.0,1307.0,1587.0,1719.0,1745.0,1832.0,1948.0,1944.0,768.0,791.0,945.0,1158.0,1272.0,1410.0,1176.0,1257.0,1117.0,1176.0,390.0,325.0,700.0,967.0,983.0,1264.0,1137.0,1178.0,1172.0,1047.0,470.0,359.0,749.0,1014.0,986.0,1356.0,1292.0,1356.0,1229.0,1143.0,563.0,468.0,487.0,836.0,621.0,1191.0,1292.0,1356.0,1307.0,1143.0,1261.5,726.5,284.5,594.0,322.0,953.0,2276.5,2729.0,2546.5,2549.0,1232.5,642.0,179.0,420.0,219.0,735.0,2416.0,3117.5,3080.0,3018.0,326.0,280.0,376.5,491.0,582.0,663.5,520.5,572.0,598.0,542.0,1529.0,779.0,206.0,457.0,252.0,772.0,2792.0,3818.0,4090.0,4185.0,1524.0,772.0,157.0,410.0,244.0,755.0,2699.0,3719.0,3917.0,3935.0,1602.0,796.0,162.0,444.0,235.0,831.0,2891.0,4110.0,4193.0,4383.0,1638.0,832.0,426.0,856.0,541.0,1494.0,3265.0,3901.0,4063.0,4182.0,1646.0,898.0,426.0,892.0,683.0,1530.0,2989.0,3556.0,3895.0,3885.0,1872.5,1072.5,495.5,962.0,934.5,1785.0,2884.5,3303.0,3563.5,3692.0,2264.5,1325.5,881.0,1361.0,1439.0,2080.0,2953.5,3281.0,3589.5,3684.5,3853.5,2635.0,1006.5,1418.0,1905.0,2484.5,2994.0,3288.5,3658.0,3791.5,4252.0,2789.0,1326.5,1850.5,2597.0,3153.5,3460.0,3744.0,4247.0,4321.5,3061.0,2243.0,1050.0,1398.0,1929.0,2167.0,2492.0,2572.0,2652.0,2868.0,220.0,172.0,335.0,376.0,495.0,577.0,460.0,518.0,541.0,465.0,3061.0,2310.0,1036.0,1384.0,1894.0,2088.0,2155.0,2445.0,2533.0,2575.0,2940.5,2194.0,988.5,1263.0,1665.5,1912.5,1955.5,2080.0,2240.0,2412.0,1963.5,1560.5,632.5,848.5,1146.0,1272.0,1335.0,1383.0,1569.5,1521.0,336.0,290.0,359.0,504.0,606.0,691.0,517.0,562.0,559.0,547.0,132.0,110.0,177.0,258.0,318.0,376.0,268.0,278.0,253.0,232.0,500.0,508.0,687.0,609.0,549.0,566.0,544.0,576.0,619.0,523.0,163.0,136.0,163.0,290.0,405.0,514.0,360.0,399.0,391.0,306.0,691.0,429.0,379.0,483.0,649.0,787.0,828.0,922.0,1063.0,1073.0,2941.0,2195.0,902.0,1188.0,1561.0,1794.0,1899.0,1972.0,2275.0,2220.0,2248.0,1456.0,625.0,811.0,1199.0,1377.0,1428.0,1565.0,1798.0,1817.0,2732.5,1972.5,820.0,1072.0,1441.5,1638.0,1728.5,1837.0,2046.0,2085.5,3779.5,3063.0,1277.5,1553.5,1947.0,2140.0,2268.0,2442.5,2656.5,2670.0,3510.0,2891.0,1239.5,1482.5,1819.0,1986.5,2103.5,2221.0,2438.5,2447.5,"{""type"":""MultiPoint"",""coordinates"":[]}"
1199_0,3,1850.0,1540.5,559.0,672.0,920.5,1037.5,1046.5,1127.5,1223.0,1293.5,2173.5,1908.5,896.0,1116.0,1353.5,1444.0,1475.0,1526.0,1627.0,1629.5,2233.0,1938.5,831.0,1054.0,1297.5,1407.5,1433.5,1507.5,1588.0,1598.5,2184.5,1914.5,827.5,1042.5,1271.0,1378.5,1410.0,1491.5,1553.5,1578.0,315.0,258.0,697.0,852.0,905.0,1037.0,869.0,921.0,915.0,804.0,315.0,258.0,527.0,743.0,749.0,973.0,869.0,950.0,915.0,804.0,623.0,420.0,506.0,680.0,634.0,984.0,1237.0,1342.0,1131.0,1119.0,979.0,660.0,461.0,671.0,440.0,1036.0,2007.0,2208.0,2147.0,2032.0,1332.0,709.0,327.0,626.0,389.0,1046.0,2860.0,3546.0,3345.0,3387.0,1539.0,848.0,289.5,600.5,388.0,1070.0,2831.5,3509.0,3527.0,3575.5,1549.5,758.0,151.0,393.0,203.0,767.5,2785.5,3728.0,3817.5,3949.5,2085.0,1730.0,641.0,802.0,1019.0,1147.0,1207.0,1250.0,1370.0,1440.0,1597.0,798.0,187.0,462.0,230.0,876.0,3105.0,4001.0,4040.0,4242.0,1659.0,815.0,208.0,621.0,356.0,1163.0,3315.0,4170.0,4334.0,4532.0,1761.0,880.0,341.0,829.0,578.0,1482.0,3553.0,4255.0,4378.0,4532.0,1950.0,1063.0,548.0,1065.0,869.0,1978.0,3515.0,4000.0,4149.0,4315.0,2101.5,1205.0,574.5,1116.0,1035.5,2036.5,3231.5,3611.0,3921.0,3980.0,2446.0,1477.5,653.5,1172.5,1292.5,2138.5,3050.5,3372.0,3613.5,3762.0,3190.0,2105.5,925.5,1339.5,1630.0,2271.5,2885.5,3204.5,3485.0,3650.5,3775.0,2627.5,953.5,1321.5,1862.5,2286.0,2572.5,2836.0,3161.5,3274.0,3488.0,2506.5,882.5,1277.0,1833.0,2255.0,2472.0,2673.5,2940.5,3062.0,2447.0,1914.0,741.0,1010.0,1453.0,1672.0,1747.0,1881.0,1932.0,2042.0,2060.0,1727.5,596.5,761.0,1005.5,1132.5,1150.5,1222.0,1348.0,1365.0,2490.0,1948.0,786.5,1040.0,1464.5,1688.5,1761.0,1901.0,1993.0,2082.5,2452.5,1887.0,890.0,1105.0,1472.0,1697.5,1730.5,1888.0,1971.5,2056.0,2216.5,1776.0,654.5,866.5,1161.0,1315.5,1355.5,1453.5,1584.5,1619.5,2264.5,1834.0,741.5,893.5,1173.0,1323.0,1382.5,1477.5,1565.0,1636.5,1931.0,1425.0,563.0,695.0,929.0,1050.0,1142.0,1217.0,1357.0,1371.0,0.0,0.0,0.0,0.0,0.0,0.0,0.0,0.0,0.0,0.0,1732.0,1443.0,512.0,634.0,827.0,922.0,912.0,994.0,1083.0,1096.0,1794.0,1563.0,578.0,633.0,807.0,898.0,877.0,959.0,1046.0,1062.0,2076.0,1804.5,680.0,861.5,1052.0,1148.0,1176.0,1231.0,1342.0,1361.0,2009.0,1692.0,573.0,670.0,898.0,1014.0,959.0,995.0,1116.0,1152.0,2110.0,1784.5,698.0,789.5,994.0,1110.0,1106.0,1175.0,1284.5,1312.0,1947.0,1663.0,645.0,778.0,963.0,1068.0,1104.0,1170.0,1265.0,1272.0,1875.0,1657.0,651.0,815.0,1017.0,1094.0,1104.0,1170.0,1265.0,1272.0,"{""type"":""MultiPoint"",""coordinates"":[]}"
1200_0,3,303.0,241.5,160.0,222.0,329.0,466.0,328.0,338.0,324.0,280.5,2125.5,1738.0,711.5,910.0,1121.5,1251.5,1384.5,1485.5,1530.0,1544.0,2216.0,1842.0,804.5,1026.5,1237.0,1360.5,1450.5,1517.5,1596.5,1638.5,2399.0,2068.5,1064.5,1312.0,1517.0,1642.5,1671.0,1754.0,1820.5,1842.5,2537.0,2201.0,1308.0,1547.0,1738.0,1869.0,1891.0,1949.0,2024.0,2026.0,1827.0,1672.0,1165.0,1371.0,1524.0,1602.0,1606.0,1696.0,1731.0,1706.0,540.0,484.0,663.0,936.0,996.0,1224.0,1091.0,1125.0,1103.0,1100.0,659.0,515.0,716.0,1009.0,1016.0,1409.0,1259.0,1299.0,1228.0,1191.0,822.0,624.0,557.0,905.0,775.0,1363.0,1419.0,1537.0,1504.0,1370.0,1342.0,935.5,373.0,716.5,536.0,1177.5,2174.5,2573.5,2518.5,2430.5,1467.0,820.0,243.5,504.5,343.0,995.0,2397.0,2927.5,3053.5,2914.5,337.0,342.0,203.0,327.0,410.0,519.0,492.0,509.0,427.0,469.0,1509.0,836.0,270.0,511.0,353.0,1017.0,2440.0,2989.0,3144.0,2983.0,1471.0,836.0,176.0,455.0,277.0,883.0,2440.0,3087.0,3354.0,3252.0,1508.0,891.0,184.0,480.0,267.0,959.0,2678.0,3399.0,3565.0,3718.0,1550.0,889.0,413.0,855.0,545.0,1522.0,2935.0,3293.0,3569.0,3552.0,1566.5,932.0,458.0,918.5,677.5,1595.0,2688.0,3036.5,3282.5,3281.5,1939.0,1165.5,500.5,947.5,984.5,1726.5,2514.0,2838.0,2996.5,3101.5,2297.0,1425.0,905.5,1354.5,1579.5,2100.0,2547.5,2792.0,3109.5,3143.5,2697.5,1818.5,936.5,1377.5,1728.0,2254.5,2640.5,2903.0,3189.0,3232.0,3961.5,2670.0,1340.0,1907.0,2658.5,3116.5,3277.5,3536.0,4030.5,3875.0,4149.0,2836.0,1471.0,2045.0,2850.0,3088.0,3168.0,3454.0,3955.0,4007.0,321.0,291.0,296.0,327.0,410.0,526.0,492.0,509.0,425.0,469.0,3928.0,2836.0,1269.0,1723.0,2447.0,2736.0,2716.0,3098.0,3230.0,3339.0,3696.0,2765.0,1151.0,1530.0,2081.0,2265.0,2442.5,2596.0,2938.0,2865.5,3077.5,2465.0,783.5,1046.5,1395.5,1551.0,1592.0,1762.5,2013.0,1892.0,627.0,461.0,378.0,492.0,646.0,835.0,715.0,858.0,835.0,856.0,214.0,207.0,102.0,132.0,196.0,322.0,241.0,199.0,227.0,259.0,0.0,0.0,0.0,0.0,0.0,0.0,0.0,0.0,0.0,0.0,353.0,303.0,123.0,219.0,308.0,431.0,423.0,406.0,301.0,384.0,547.0,409.0,280.0,337.0,499.0,647.0,729.0,733.0,911.0,821.0,2863.0,2207.0,923.0,1190.0,1508.0,1674.0,1827.0,1868.0,2096.0,2212.0,1589.0,928.0,978.0,1031.0,1082.0,1195.0,1305.0,1338.0,1502.0,1554.0,3113.0,2378.0,999.0,1260.0,1642.0,1876.0,1962.0,2130.0,2328.0,2264.0,3657.0,3010.0,1308.0,1560.0,1938.0,2216.0,2305.0,2461.0,2690.0,2646.0,3558.0,2803.0,1206.5,1494.0,1822.5,1915.0,2147.0,2231.5,2533.5,2547.5,"{""type"":""MultiPoint"",""coordinates"":[]}"
1201_0,3,1168.5,985.5,484.5,556.5,698.0,757.0,769.5,826.0,862.0,869.5,1659.0,1433.0,661.0,831.5,999.0,1108.0,1146.0,1212.5,1267.0,1267.0,157.0,148.0,417.5,660.0,683.0,823.0,593.5,660.0,614.5,493.5,222.0,212.5,399.0,614.5,666.0,844.5,725.0,793.5,747.5,692.5,307.0,258.0,414.0,662.0,629.0,902.0,774.0,833.0,770.0,748.0,690.0,511.0,503.0,810.0,641.0,1122.0,1340.0,1500.0,1410.0,1318.0,1559.0,855.0,484.0,959.0,506.0,1496.0,3125.0,3605.0,3429.0,3401.0,1661.0,854.0,409.0,958.0,438.0,1457.0,4156.0,4623.0,5019.0,4781.0,1633.0,785.0,372.0,871.0,374.0,1326.0,4242.0,5338.0,5325.0,5297.0,1594.0,776.5,271.5,742.0,319.0,1254.5,4163.0,5382.0,5267.0,5503.0,1594.0,756.5,171.0,611.0,227.5,1162.5,4046.5,5118.0,5142.0,5432.5,1396.0,1190.0,580.0,728.0,840.0,924.0,936.0,976.0,1098.0,1068.0,1669.0,797.0,205.0,619.0,253.0,1149.0,3829.0,4992.0,5062.0,5195.0,1750.0,799.0,181.0,654.0,257.0,1200.0,3896.0,4939.0,5062.0,5281.0,1845.0,873.0,303.0,769.0,366.0,1405.0,4015.0,4887.0,4963.0,5196.0,1975.0,1025.0,477.0,1047.0,596.0,1853.0,3992.0,4668.0,4941.0,5016.0,1983.5,1067.0,518.5,1112.0,744.0,1965.0,3838.5,4313.5,4698.5,4725.5,2175.5,1175.0,569.0,1198.5,958.5,2155.0,3688.5,4139.0,4488.5,4558.5,2547.0,1481.0,1375.0,1583.0,1432.0,2499.0,3707.0,4108.0,4458.0,4548.0,4641.5,3093.5,1462.0,2045.0,2824.5,3564.5,3908.5,4236.5,4710.0,4837.5,4472.5,3073.0,1431.0,1977.5,2875.5,3386.0,3709.0,4090.0,4541.0,4702.0,2625.0,1879.0,822.0,1080.0,1538.0,1953.0,2077.0,2383.0,2120.0,2389.0,1485.0,1297.0,681.0,791.0,940.0,975.0,1002.0,1078.0,1129.0,1136.0,2902.0,2347.0,868.0,1193.0,1616.0,2008.0,1992.0,2149.0,2232.0,2321.0,2639.5,2116.0,833.0,1073.0,1420.5,1703.0,1739.0,1844.5,1925.5,2032.0,2138.0,1801.5,491.5,664.5,940.5,1068.0,1164.0,1238.5,1372.0,1399.5,2425.0,2098.0,660.0,825.0,1136.0,1278.0,1361.0,1470.0,1578.0,1626.0,1997.0,1681.0,483.0,633.0,919.0,1045.0,1114.0,1220.0,1365.0,1399.0,0.0,0.0,0.0,0.0,0.0,0.0,0.0,0.0,0.0,0.0,2320.0,2109.0,872.0,1088.0,1294.0,1408.0,1495.0,1546.0,1683.0,1646.0,2286.0,1976.0,833.0,1017.0,1112.0,1378.0,1676.0,1781.0,1838.0,1898.0,1915.0,1562.0,638.0,839.5,902.0,1146.0,1618.0,1702.0,1837.0,1819.0,1696.0,1497.0,651.0,766.0,887.0,1010.0,1145.0,1221.0,1315.0,1271.0,1428.5,1235.5,513.0,585.5,728.5,803.0,839.5,907.0,991.0,971.0,1595.0,1397.0,581.0,736.0,883.0,945.0,986.0,1058.0,1147.0,1124.0,1563.0,1346.0,608.0,769.5,921.5,1012.5,1038.0,1098.0,1165.0,1161.0,"{""type"":""MultiPoint"",""coordinates"":[]}"
1202_0,3,1964.0,1606.5,603.5,752.0,1018.0,1158.0,1180.0,1260.0,1362.5,1397.0,2305.5,2004.5,948.0,1211.0,1467.5,1588.0,1613.5,1679.0,1765.0,1745.5,2386.5,2051.0,932.0,1176.0,1444.0,1576.5,1586.5,1670.0,1755.0,1756.0,2342.5,2020.0,927.0,1171.5,1428.0,1550.5,1579.5,1646.5,1730.0,1723.5,320.0,284.0,688.0,862.0,937.0,1149.0,966.0,1006.0,999.0,898.0,282.0,228.0,513.0,696.0,767.0,934.0,866.0,955.0,902.0,874.0,551.0,447.0,513.0,731.0,628.0,1073.0,1174.0,1277.0,1292.0,1241.0,1093.0,698.0,457.0,728.0,431.0,1056.0,2087.0,2382.0,2420.0,2220.0,1329.0,701.0,282.0,607.0,343.0,1017.0,2810.0,3396.0,3592.0,3541.0,1558.5,855.5,255.0,600.5,387.5,1117.5,2714.0,3333.5,3467.5,3562.0,1680.0,856.0,172.0,442.0,271.5,866.5,2780.5,3688.0,3880.0,4004.0,2192.0,1810.0,692.0,856.0,1120.0,1288.0,1285.0,1372.0,1474.0,1577.0,1735.0,866.0,207.0,468.0,262.0,932.0,3221.0,4159.0,4177.0,4401.0,1710.0,852.0,173.0,635.0,289.0,1182.0,3457.0,4387.0,4534.0,4636.0,1790.0,896.0,323.0,816.0,511.0,1456.0,3644.0,4409.0,4648.0,4692.0,1922.0,1018.0,525.0,1023.0,828.0,1906.0,3535.0,4115.0,4313.0,4417.0,2044.5,1164.0,580.0,1107.0,1036.5,2002.0,3230.0,3693.0,4077.5,4031.5,2402.0,1454.0,655.5,1159.0,1344.5,2079.5,3015.5,3349.0,3695.5,3802.0,3326.5,2097.0,1024.5,1441.5,1787.0,2495.0,3085.5,3430.5,3859.0,3920.5,4103.5,2780.5,1128.5,1580.5,2231.5,2738.5,3090.0,3404.0,3883.0,3940.5,3637.0,2566.5,994.0,1453.0,2176.5,2465.5,2751.5,2949.5,3456.5,3397.0,2484.0,1918.0,826.0,1125.0,1554.0,1799.0,1919.0,2027.0,2098.0,2214.0,2158.5,1805.5,655.5,827.0,1100.5,1228.5,1283.5,1348.0,1481.0,1493.5,2532.0,1966.5,856.5,1144.5,1581.0,1809.0,1904.0,2051.5,2109.0,2214.0,2465.5,1908.5,920.5,1158.5,1549.5,1761.5,1824.5,1977.0,2093.0,2114.0,2260.5,1795.5,697.0,911.0,1219.5,1380.0,1454.0,1548.5,1690.0,1728.5,2309.0,1873.0,754.0,915.0,1215.0,1393.5,1468.0,1555.0,1647.5,1731.0,1943.0,1373.0,586.0,721.0,1000.0,1132.0,1187.0,1242.0,1432.0,1429.0,0.0,0.0,0.0,0.0,0.0,0.0,0.0,0.0,0.0,0.0,1765.0,1430.0,524.0,706.0,888.0,995.0,1003.0,1064.0,1174.0,1213.0,1928.0,1663.0,642.0,760.0,935.0,1042.0,1064.0,1110.0,1228.0,1221.0,2319.0,2005.0,759.0,960.0,1172.0,1313.0,1332.0,1405.0,1495.0,1574.0,2328.5,1971.5,829.0,960.5,1185.0,1302.5,1295.5,1369.5,1516.5,1507.0,2233.5,1851.0,763.5,871.5,1094.5,1207.5,1191.5,1269.5,1388.0,1409.5,2093.0,1801.0,766.0,891.0,1091.0,1210.0,1242.0,1317.0,1433.0,1451.0,2070.0,1810.0,761.0,903.0,1122.0,1229.0,1277.0,1355.0,1458.0,1460.0,"{""type"":""MultiPoint"",""coordinates"":[]}"
1203_0,3,2897.5,2139.5,772.0,886.0,1183.5,1362.5,1471.5,1583.5,1757.0,1848.5,2099.0,1944.0,641.0,875.0,1160.0,1265.0,1300.0,1388.0,1467.0,1519.0,2182.0,2057.0,720.0,925.0,1205.0,1330.0,1375.0,1450.0,1525.0,1550.0,2117.0,2004.5,728.5,948.0,1222.0,1351.5,1384.0,1469.0,1535.5,1553.5,490.0,435.0,695.0,783.0,846.0,964.0,936.0,994.0,1020.0,941.0,490.0,343.0,404.0,617.0,587.0,833.0,866.0,917.0,898.0,896.0,564.0,400.0,379.0,600.0,499.0,873.0,1051.0,1118.0,1097.0,1110.0,1737.0,1035.0,378.0,600.0,492.0,908.0,2013.0,2174.0,2349.0,2342.0,1012.0,602.0,169.0,367.0,237.0,625.0,1831.0,2386.0,2344.0,2393.0,1174.5,590.0,74.0,283.0,84.0,521.5,2161.0,2951.0,2947.5,3030.5,1228.5,555.0,40.0,217.0,41.5,428.0,2379.5,3519.0,3560.5,3573.0,3206.5,2563.0,1082.0,1103.0,1310.0,1456.0,1503.0,1633.0,1794.0,1790.0,1219.0,543.5,39.5,211.0,18.5,410.5,2425.0,3956.5,3961.5,4079.0,1042.5,483.5,33.0,213.0,6.5,471.5,2491.0,3876.0,3997.0,4052.0,1151.0,540.0,454.0,758.0,511.0,1095.0,2838.0,3828.0,3885.0,3974.0,1254.0,641.0,574.0,937.0,679.0,1439.0,3068.0,3768.0,3885.0,3974.0,1254.0,675.0,480.0,898.0,679.0,1525.0,2818.0,3342.0,3494.0,3567.0,1528.0,871.0,423.0,910.0,927.0,1743.0,2666.0,3007.0,3201.0,3343.0,4205.0,2956.5,1201.0,1686.0,2274.0,2785.5,3055.0,3293.0,3621.0,3751.5,4346.5,3137.0,1253.5,1708.5,2508.5,2885.0,3115.0,3348.0,3722.5,3774.0,3622.0,2907.0,1173.0,1535.0,2115.0,2395.0,2581.0,2795.0,3123.0,3068.0,3526.0,2641.5,1142.5,1406.0,2001.5,2315.0,2433.5,2656.5,2821.5,3002.0,3239.0,2571.0,627.0,820.0,1202.0,1365.5,1451.0,1587.5,1791.5,1814.0,3662.5,2828.0,907.5,1210.0,1651.5,1934.0,2069.0,2229.0,2395.5,2551.0,4700.0,4085.5,2756.5,2911.0,3236.5,3505.5,3586.0,3666.0,3840.0,3901.0,3285.0,2738.5,858.0,995.0,1257.0,1446.0,1577.0,1734.0,1859.5,1916.0,3142.5,2594.5,829.5,963.0,1212.0,1402.5,1534.5,1662.0,1795.0,1867.5,2219.0,1623.0,465.5,644.0,894.0,1079.0,1175.0,1293.0,1455.5,1526.5,0.0,0.0,0.0,0.0,0.0,0.0,0.0,0.0,0.0,0.0,3605.0,2827.0,808.0,1152.0,1632.0,1821.0,1878.0,2056.0,2266.0,2358.0,3819.0,3152.0,1162.0,1392.0,1646.0,1898.0,2042.0,2276.0,2266.0,2440.0,3546.0,2855.0,973.0,1263.0,1641.0,1823.0,2015.0,2139.0,2312.0,2440.0,3297.5,2619.0,1564.0,1752.0,1978.0,2137.0,2330.0,2445.0,2735.5,2588.0,2008.0,1827.0,698.0,855.0,1093.0,1228.0,1284.0,1347.0,1441.0,1477.0,1839.5,1720.0,508.0,686.0,947.0,1054.0,1079.0,1144.0,1243.5,1252.0,1910.5,1775.5,561.5,750.0,1008.5,1117.5,1167.0,1233.5,1345.0,1344.0,"{""type"":""MultiPoint"",""coordinates"":[]}"
1204_0,3,2010.0,1635.5,681.0,846.5,1124.0,1270.5,1315.0,1386.5,1489.5,1515.5,2309.0,1946.5,851.5,1054.5,1311.0,1449.5,1500.0,1576.0,1689.0,1687.5,2456.0,2090.5,940.0,1233.0,1545.0,1695.0,1710.0,1789.5,1865.5,1904.5,2796.0,2367.0,1200.5,1568.5,1922.0,2087.5,2072.0,2148.0,2223.0,2240.0,2378.0,2053.0,1201.0,1544.0,1749.0,1877.0,1710.0,1769.0,1878.0,1838.0,463.0,430.0,1042.0,1257.0,1302.0,1485.0,1256.0,1266.0,1277.0,1114.0,255.0,200.0,622.0,900.0,931.0,1223.0,1059.0,1151.0,1049.0,992.0,357.0,251.0,622.0,900.0,902.0,1223.0,1181.0,1234.0,1266.0,1122.0,556.0,445.0,397.0,689.0,567.0,1031.0,1128.0,1316.0,1150.0,1055.0,1407.0,730.5,212.5,486.0,231.5,815.5,2509.5,3171.5,3130.5,3167.5,1626.0,753.5,95.5,335.5,75.5,600.0,2878.5,4385.0,4375.5,4412.0,2176.0,1835.0,746.0,940.0,1186.0,1351.0,1376.0,1490.0,1509.0,1548.0,1562.0,707.0,107.0,323.0,75.0,566.0,3061.0,4573.0,4759.0,4640.0,1494.0,691.0,2.0,296.0,52.0,671.0,3324.0,4906.0,5056.0,5073.0,1557.0,691.0,157.0,491.0,236.0,997.0,3550.0,5140.0,5142.0,5429.0,1659.0,735.0,416.0,859.0,526.0,1654.0,3900.0,4723.0,4996.0,5063.0,1719.5,902.0,438.0,964.0,650.5,1793.0,3719.5,4455.5,4871.5,4807.0,2023.0,1145.5,500.5,1077.5,988.0,2112.5,3598.0,4122.5,4443.0,4531.5,2538.0,1487.5,965.5,1501.0,1601.0,2521.0,3579.0,3995.0,4364.0,4432.5,2915.5,1840.0,1017.0,1538.0,1925.0,2828.0,3552.5,3856.5,4300.5,4339.5,3894.5,2706.5,1091.5,1544.0,2206.0,2796.5,3119.0,3407.0,3805.0,3878.0,3954.0,2798.0,1192.0,1702.0,2523.0,2971.0,3202.0,3413.0,3662.0,3854.0,2040.0,1717.0,579.0,799.0,1081.0,1210.0,1266.0,1353.0,1467.0,1496.0,3954.0,2876.0,1170.0,1616.0,2283.0,2768.0,2867.0,3122.0,3176.0,3470.0,3687.0,2733.0,1136.5,1495.5,2048.0,2375.0,2508.0,2735.0,2959.5,3068.5,3276.5,2621.0,866.0,1098.5,1483.0,1694.0,1802.5,1931.5,2143.5,2194.5,3392.0,2740.0,913.0,1104.0,1466.0,1663.0,1776.0,1905.0,2075.0,2157.0,1632.0,1340.0,443.0,603.0,815.0,904.0,986.0,1056.0,1160.0,1139.0,725.0,600.0,496.5,502.5,572.0,606.5,666.0,702.0,718.0,741.0,1445.0,1130.0,465.0,631.0,789.0,903.0,930.0,1009.0,1099.0,1105.0,320.0,262.0,169.0,147.0,148.0,169.0,178.0,204.0,201.0,203.0,2237.0,1920.0,799.0,991.0,1214.0,1350.0,1402.0,1455.0,1560.0,1596.0,2242.0,1876.0,882.5,980.0,1200.0,1298.5,1352.5,1435.5,1576.0,1542.5,1734.0,1476.0,701.0,715.0,888.0,972.0,987.0,1048.0,1166.0,1157.0,2322.0,2006.5,896.0,1061.0,1254.0,1384.0,1427.0,1496.5,1606.0,1604.5,2372.0,1996.5,920.0,1097.5,1305.0,1436.5,1483.5,1565.5,1691.0,1669.5,"{""type"":""MultiPoint"",""coordinates"":[]}"
1205_0,3,1603.5,1352.0,766.5,818.0,889.5,1045.5,1169.5,1242.5,1320.5,1305.5,2581.0,2412.0,897.0,1172.0,1496.0,1656.0,1656.0,1742.0,1875.0,1880.0,2604.0,2536.0,888.0,1117.0,1457.0,1610.0,1634.0,1724.0,1812.0,1841.0,745.0,701.5,590.0,751.5,927.5,1063.0,929.5,967.5,865.5,883.0,323.0,298.0,451.5,618.5,594.5,737.0,528.5,593.0,477.0,443.5,442.0,323.0,360.5,635.0,446.0,828.5,881.0,936.0,882.5,766.5,752.0,500.0,317.0,628.0,394.0,893.0,1283.0,1365.0,1368.0,1274.0,752.0,500.0,226.0,519.0,324.0,864.0,1283.0,1365.0,1370.0,1274.0,907.0,623.0,116.0,383.0,101.0,654.0,1494.0,1670.0,1668.0,1611.0,1272.5,615.5,102.0,363.5,38.0,635.5,2563.0,3519.5,3550.0,3578.5,1252.5,564.0,43.0,244.0,14.0,450.0,2505.0,3938.0,4051.5,4009.5,1776.5,1490.0,788.5,839.5,912.5,1075.5,1290.5,1372.5,1473.0,1445.5,1269.0,576.0,36.5,193.0,12.5,390.5,2485.5,4153.0,4242.5,4385.5,1316.0,580.5,123.5,489.0,130.0,894.0,3039.0,4369.5,4488.5,4612.5,1425.0,655.0,497.0,806.0,551.0,1197.0,3238.0,4284.0,4305.0,4512.0,1578.0,819.0,650.0,994.0,818.0,1587.0,3116.0,3742.0,3905.0,4024.0,1692.0,960.0,535.0,952.0,861.0,1587.0,2719.0,3203.0,3413.0,3533.0,2245.0,1379.0,587.0,981.0,1116.0,1814.0,2633.0,2987.0,3172.0,3368.0,4440.5,3077.5,1046.5,1445.0,1979.5,2353.0,2732.5,3041.5,3337.5,3504.0,4592.0,3316.0,1062.0,1452.0,2177.0,2557.0,2815.0,3082.0,3429.0,3464.0,4487.0,3241.0,1181.0,1452.0,2195.0,2595.0,2826.0,3090.0,3428.0,3469.0,4074.5,2942.0,1078.5,1308.5,1895.5,2244.0,2414.0,2656.5,2893.0,3092.5,1632.0,1294.0,449.0,558.0,674.0,915.0,1171.0,1283.0,1376.0,1407.0,4011.0,3081.0,829.0,1121.0,1556.0,1888.0,2039.0,2255.0,2352.0,2579.0,3255.0,2837.0,943.0,1065.0,1285.0,1489.0,1651.0,1748.0,1931.0,2007.0,2777.5,2365.5,569.0,739.0,898.0,1162.0,1450.0,1598.5,1748.5,1863.0,2783.5,2451.0,635.5,760.0,924.5,1156.5,1436.0,1589.0,1722.0,1797.5,2111.0,1567.5,353.5,575.0,680.5,1038.5,1527.5,1725.5,1901.0,1894.5,0.0,0.0,0.0,0.0,0.0,0.0,0.0,0.0,0.0,0.0,1461.0,1086.0,228.0,441.0,536.0,878.0,1206.0,1264.0,1396.0,1419.0,1384.5,1091.0,731.0,765.0,689.0,921.5,1236.5,1310.5,1634.5,1327.0,1800.5,1374.0,407.5,665.0,704.0,1098.0,1661.5,1791.0,1901.0,1917.5,1798.0,1466.0,474.0,643.0,763.5,1041.5,1412.0,1535.5,1643.0,1655.5,1846.0,1622.0,446.0,593.0,798.0,993.0,1091.0,1189.0,1287.0,1297.0,2240.0,2129.5,661.5,837.5,1102.0,1251.0,1315.0,1413.5,1504.5,1520.0,2422.5,2356.5,754.0,993.0,1288.0,1430.0,1477.5,1573.0,1681.0,1696.5,"{""type"":""MultiPoint"",""coordinates"":[]}"
1206_0,3,1532.5,1266.5,535.0,664.0,837.0,918.5,951.5,979.0,1099.0,1097.5,2341.0,2025.5,986.0,1261.0,1476.0,1604.0,1628.5,1683.5,1769.0,1775.5,2428.0,2117.5,1055.0,1321.5,1548.5,1667.5,1678.0,1753.5,1817.0,1823.0,1291.5,1156.5,801.5,1074.0,1213.5,1315.0,1169.0,1234.5,1212.5,1194.5,367.0,347.0,1022.0,1292.0,1332.0,1435.0,1023.0,1028.0,973.0,780.0,422.0,347.0,804.0,1105.0,1232.0,1435.0,1199.0,1307.0,1182.0,1164.0,334.0,276.0,494.0,822.0,745.0,1204.0,1055.0,1195.0,1061.0,891.0,451.0,323.0,442.0,733.0,648.0,1305.0,1291.0,1429.0,1374.0,1111.0,431.0,314.0,378.0,626.0,578.0,1180.0,1272.0,1400.0,1306.0,1042.0,441.0,314.0,286.5,488.5,430.0,889.5,1067.0,1268.5,1141.5,969.0,493.5,327.5,248.0,403.0,320.5,819.5,1191.5,1386.0,1309.0,1134.0,1731.0,1444.0,634.0,803.0,958.0,1081.0,1086.0,1153.0,1209.0,1235.0,617.0,390.0,201.0,396.0,263.0,742.0,1463.0,1675.0,1608.0,1418.0,776.0,450.0,189.0,404.0,211.0,717.0,1653.0,1935.0,1989.0,1657.0,989.0,529.0,236.0,545.0,315.0,909.0,2159.0,2565.0,2537.0,2290.0,1124.0,627.0,458.0,801.0,620.0,1376.0,2520.0,2852.0,2968.0,2915.0,2220.0,1311.0,579.0,999.0,1154.0,1846.0,2688.0,3069.0,3176.0,3229.0,2574.5,1631.0,649.0,1045.0,1348.0,1979.5,2572.5,2872.5,3054.5,3210.5,3800.5,2688.5,1197.5,1602.0,2105.0,2591.0,2925.5,3185.0,3509.5,3597.5,3192.0,2404.5,982.5,1300.5,1732.5,2014.0,2231.0,2378.5,2656.0,2695.5,2639.5,2079.5,777.5,1058.5,1474.0,1665.0,1784.0,1880.0,2036.0,2089.5,1310.0,967.0,360.0,518.0,700.0,816.0,813.0,890.0,947.0,979.0,1597.0,1351.0,461.0,638.0,851.0,955.0,981.0,1040.0,1099.0,1126.0,1682.0,1403.0,483.0,668.0,840.0,972.0,979.0,1053.0,1061.0,1140.0,1708.0,1431.5,596.5,745.5,930.0,1037.0,1046.5,1116.5,1163.0,1187.5,1816.5,1551.5,599.5,799.0,999.5,1097.5,1143.5,1188.5,1301.5,1285.5,2225.0,1982.0,900.0,1122.0,1330.0,1465.0,1469.0,1535.0,1600.0,1607.0,1052.0,897.0,302.0,379.0,506.0,538.0,559.0,610.0,666.0,679.0,945.0,706.0,1073.0,1003.0,851.0,832.0,817.0,777.0,1221.0,770.0,1584.0,1253.0,528.0,728.0,872.0,954.0,1008.0,1052.0,1137.0,1156.0,1785.0,1513.0,686.0,821.0,974.0,1061.0,1087.0,1135.0,1209.0,1243.0,2333.0,1998.0,887.0,1141.0,1348.0,1492.0,1500.0,1582.0,1669.0,1673.0,1646.0,1569.0,916.0,1095.0,1227.0,1389.0,1402.0,1466.0,1304.0,1543.0,1446.0,1182.0,400.0,523.0,670.0,725.0,748.0,810.0,861.0,882.0,1834.0,1607.0,737.0,887.0,1041.0,1147.0,1177.0,1243.0,1300.0,1298.0,2044.0,1773.0,776.5,985.5,1162.5,1263.0,1305.0,1369.5,1449.5,1441.0,"{""type"":""MultiPoint"",""coordinates"":[]}"
1207_0,3,1771.5,1467.0,589.5,750.0,986.0,1089.0,1117.5,1205.0,1295.0,1297.5,2441.0,2092.0,991.0,1297.5,1575.5,1682.5,1728.5,1804.0,1898.0,1877.0,2368.0,1973.0,850.0,1151.0,1417.0,1586.5,1586.0,1631.0,1746.5,1717.5,471.5,435.0,621.0,910.0,912.5,1155.5,972.5,1023.0,948.5,848.5,414.5,350.5,657.5,867.0,872.0,1249.5,1128.0,1169.0,1006.5,1025.5,355.5,276.0,540.0,819.5,768.5,1053.0,920.5,1013.5,987.0,832.5,899.0,544.0,475.5,709.5,574.5,1015.0,1638.0,1672.0,1573.5,1658.0,1502.0,776.0,538.0,995.5,553.5,1369.5,2628.0,2941.0,2778.5,2739.5,1577.0,806.5,423.0,886.5,539.5,1369.5,3283.5,3627.0,3695.0,3808.5,1463.5,766.5,233.0,569.5,323.5,1008.0,2846.0,3418.0,3374.0,3537.5,1479.5,747.5,178.0,440.0,215.5,763.5,2814.5,3638.5,3689.5,3759.5,2075.0,1694.0,647.5,883.0,1121.0,1287.0,1285.5,1350.5,1401.5,1477.0,1593.5,777.5,197.0,511.0,221.5,924.5,3118.5,3999.5,4072.0,4310.5,1638.5,774.0,206.5,659.0,296.5,1170.0,3486.0,4409.5,4564.5,4681.0,1712.0,852.0,348.5,783.5,469.5,1378.0,3556.5,4389.0,4482.5,4664.0,1939.5,1021.0,546.0,1018.5,791.5,1806.5,3512.0,4023.5,4290.5,4472.0,2198.5,1223.5,629.0,1145.5,1080.5,2092.0,3363.0,3731.0,4160.5,4267.0,2661.0,1605.0,808.0,1304.0,1651.0,2444.0,3351.0,3710.0,4036.0,4261.0,4168.0,2820.0,1248.5,1702.5,2401.0,2937.5,3352.5,3688.0,4141.5,4274.0,4259.5,2950.5,1193.0,1650.0,2447.5,2879.5,3153.0,3465.0,3842.0,3958.0,3751.0,2699.5,1130.0,1534.0,2169.0,2522.5,2680.0,2934.0,3233.5,3337.0,2552.5,1969.0,872.5,1171.5,1633.0,1784.5,1836.0,2004.0,2132.5,2187.0,1925.5,1597.5,537.5,783.5,1034.0,1125.0,1183.5,1231.5,1364.0,1356.5,2590.0,1993.5,914.0,1220.0,1668.5,1843.0,1892.0,2045.0,2144.0,2219.0,2495.0,1913.0,1034.5,1280.0,1666.5,1847.5,1899.5,2006.0,2160.0,2188.5,2169.0,1730.0,713.0,912.0,1232.5,1338.5,1432.0,1499.5,1672.5,1671.5,1937.5,1590.5,598.0,761.0,1046.0,1161.0,1218.0,1296.0,1414.5,1460.0,952.0,649.5,330.0,435.0,597.5,651.0,674.5,737.5,833.0,805.0,0.0,0.0,0.0,0.0,0.0,0.0,0.0,0.0,0.0,0.0,1593.0,1265.0,484.0,650.5,864.5,939.5,990.0,1045.5,1156.0,1134.5,2403.0,2115.0,754.0,967.0,1203.0,1386.5,1577.0,1751.0,1400.5,1890.0,2265.0,1924.5,786.0,1009.5,1242.5,1361.0,1379.0,1474.0,1564.5,1565.0,2245.5,1906.0,831.0,983.5,1232.0,1329.5,1330.5,1391.5,1553.0,1531.5,2061.5,1716.0,672.0,814.5,1028.0,1125.5,1108.5,1144.0,1262.5,1285.0,1983.0,1674.0,616.5,818.0,1057.0,1171.5,1213.5,1273.5,1366.0,1392.0,2277.5,2003.5,771.0,1021.0,1275.0,1380.0,1425.5,1531.5,1608.5,1615.5,"{""type"":""MultiPoint"",""coordinates"":[]}"
1208_0,3,1901.5,1543.0,704.5,872.5,1134.0,1243.0,1298.5,1358.0,1477.0,1473.5,2398.5,2051.5,933.0,1223.5,1502.5,1590.0,1660.5,1722.0,1841.0,1853.0,2281.5,1918.0,881.5,1146.0,1421.0,1511.5,1571.5,1623.0,1719.5,1735.0,723.5,710.0,703.0,926.5,1074.5,1214.5,1257.5,1257.0,1187.0,1159.0,421.0,344.5,546.0,765.0,814.5,998.0,843.0,832.5,876.0,709.5,532.0,447.5,501.0,795.0,737.0,1092.0,1059.5,1148.0,1101.0,1030.5,689.5,556.5,486.5,756.5,646.0,1092.0,1303.0,1410.0,1354.0,1263.0,1283.5,798.0,424.5,773.5,475.0,1106.5,2006.5,2257.5,2240.0,2144.5,1492.0,839.5,320.5,692.5,423.5,1166.5,2542.5,3094.0,3090.5,3022.5,1607.0,925.5,281.0,650.0,434.0,1137.5,2551.0,3095.0,3227.0,3287.0,1647.5,905.0,226.5,469.5,307.0,834.0,2650.5,3511.0,3739.5,3675.0,2170.0,1779.0,762.0,1002.0,1257.0,1405.0,1426.0,1497.5,1593.0,1616.5,1721.5,959.0,251.0,532.5,320.0,926.0,2889.0,3890.5,4029.5,4099.0,1719.0,955.0,310.0,789.0,451.5,1374.5,3165.0,4095.0,4229.5,4254.0,1742.0,982.5,445.0,899.5,690.0,1515.0,3200.5,3946.0,4086.0,4200.5,1995.5,1152.0,652.0,1132.5,1076.0,1970.0,3092.0,3535.5,3893.0,4002.0,2172.0,1296.0,699.5,1156.0,1229.5,1977.0,3066.5,3388.5,3748.5,3760.0,2503.0,1557.0,744.0,1207.0,1494.0,2155.0,2805.0,3251.0,3468.0,3685.0,3989.0,2696.0,1276.5,1745.0,2406.0,2666.0,3013.5,3270.0,3841.5,3837.0,3939.0,2682.5,1276.5,1742.5,2558.0,2888.0,3029.5,3493.0,3883.5,3615.0,3293.0,2262.0,1126.5,1532.0,2163.5,2443.5,2587.0,2791.5,3173.5,3197.5,1997.0,1511.5,724.5,1002.0,1399.5,1471.5,1643.0,1608.0,1797.0,1767.0,2035.5,1666.5,673.0,897.0,1155.5,1237.0,1319.5,1361.0,1525.5,1521.5,2308.5,1785.5,889.0,1159.0,1569.5,1659.5,1743.5,1768.0,2017.0,1922.0,2283.0,1739.0,1048.0,1236.5,1564.0,1692.5,1681.0,1814.5,1979.5,1930.0,1998.5,1622.0,716.0,892.5,1173.0,1287.5,1271.0,1362.5,1552.5,1475.0,1746.0,1456.5,584.5,727.5,951.0,1064.0,1086.5,1184.5,1255.0,1244.5,1241.5,1024.0,362.0,450.0,613.0,685.0,682.5,763.5,831.0,843.5,0.0,0.0,0.0,0.0,0.0,0.0,0.0,0.0,0.0,0.0,2133.5,1809.0,672.0,922.0,1154.5,1284.0,1310.0,1397.5,1512.5,1513.0,2330.0,1946.5,900.0,1048.0,1217.0,1359.5,1469.0,1573.0,1677.0,1676.5,2197.0,1813.5,762.5,997.0,1226.0,1345.5,1448.5,1526.0,1667.0,1643.0,2243.0,1781.0,784.5,947.5,1112.5,1327.0,1522.0,1607.0,1709.5,1722.5,2219.0,1755.5,806.0,1006.5,1093.5,1374.5,1795.0,1897.0,2042.0,1987.5,2099.0,1730.5,642.5,857.0,1068.5,1216.0,1260.0,1355.5,1468.0,1470.5,2226.0,1925.5,756.5,995.0,1239.0,1348.0,1392.0,1436.5,1575.5,1579.0,"{""type"":""MultiPoint"",""coordinates"":[]}"
1209_0,3,1691.5,1367.5,578.0,730.0,966.5,1070.5,1105.0,1186.0,1257.0,1286.5,2434.5,2136.5,961.0,1260.5,1515.0,1641.5,1671.5,1743.0,1829.0,1824.0,2394.5,2077.0,864.5,1151.0,1411.0,1516.5,1554.0,1624.5,1720.5,1710.0,2298.5,2021.5,845.0,1113.0,1348.5,1453.5,1480.0,1560.5,1619.5,1635.5,715.0,700.0,1080.0,1312.0,1351.0,1470.0,1015.0,1058.0,997.0,824.0,452.0,433.0,725.0,986.0,1082.0,1356.0,1015.0,1058.0,997.0,874.0,377.0,325.0,652.0,907.0,849.0,1164.0,1002.0,1058.0,1009.0,870.0,548.0,372.0,641.0,907.0,849.0,1104.0,1219.0,1354.0,1271.0,1179.0,788.0,502.0,539.0,782.0,617.0,1090.0,1455.0,1587.0,1513.0,1446.0,882.0,531.5,384.5,622.5,425.5,969.0,1645.5,1839.5,1740.0,1719.5,1297.0,705.0,229.0,559.5,314.5,902.5,2288.0,2793.5,2771.5,2777.0,1935.5,1634.0,720.0,889.0,1125.5,1246.5,1255.5,1325.0,1425.5,1466.0,1353.0,741.0,264.0,536.0,303.0,835.0,2489.0,3243.0,3268.0,3302.0,1226.0,598.0,133.0,360.0,155.0,683.0,2403.0,3243.0,3253.0,3171.0,1226.0,594.0,133.0,327.0,135.0,569.0,2491.0,3512.0,3537.0,3598.0,1450.0,689.0,307.0,594.0,287.0,927.0,3097.0,4145.0,4225.0,4238.0,1631.0,792.0,387.0,859.0,438.0,1405.0,3578.0,4372.0,4492.0,4557.0,1672.0,872.5,362.0,875.0,473.0,1446.0,3456.5,4051.0,4238.0,4200.0,1855.5,964.5,811.0,1392.5,1145.5,2107.5,3417.0,3845.0,4055.5,4112.5,2303.0,1401.5,873.5,1552.5,1634.5,2821.5,3514.0,3819.0,4121.0,4264.5,3602.0,2505.0,1164.0,1727.0,2322.0,2928.0,3168.0,3417.0,3700.0,3871.0,3371.0,2364.5,957.5,1374.0,2040.5,2386.5,2562.5,2782.5,2983.5,3136.0,1747.0,1441.0,518.0,709.0,970.0,1061.0,1141.0,1186.0,1280.0,1271.0,3537.0,2656.0,892.0,1255.0,1808.0,2175.0,2291.0,2496.0,2565.0,2798.0,3455.5,2615.5,958.0,1256.0,1737.0,2006.0,2123.5,2295.5,2511.0,2587.0,3125.0,2490.5,788.0,968.0,1326.5,1509.0,1626.0,1774.0,1922.0,2006.0,2173.0,1692.0,692.0,840.0,1106.0,1260.0,1295.0,1418.0,1486.0,1580.0,1926.0,1434.0,485.0,612.0,831.0,976.0,1049.0,1131.0,1249.0,1248.0,567.0,379.0,415.0,395.0,444.0,464.0,480.0,539.0,567.0,603.0,1707.0,1378.0,554.0,762.0,959.0,1058.0,1086.0,1167.0,1258.0,1234.0,305.0,264.0,230.0,193.0,174.0,179.0,191.0,211.0,226.0,207.0,2289.0,1954.0,817.0,1060.0,1319.0,1458.0,1451.0,1537.0,1636.0,1638.0,2447.0,2127.0,994.0,1238.0,1452.0,1553.0,1603.0,1689.0,1841.0,1802.0,1674.0,1443.0,654.5,808.0,1025.0,1116.5,1127.0,1205.0,1265.5,1284.0,1972.0,1720.0,715.0,850.0,1062.0,1159.0,1196.0,1258.0,1341.0,1363.0,2111.0,1864.5,764.0,953.0,1183.0,1280.0,1330.0,1392.5,1493.5,1475.0,"{""type"":""MultiPoint"",""coordinates"":[]}"
1210_0,3,1901.5,1543.0,704.5,872.5,1134.0,1243.0,1298.5,1358.0,1477.0,1473.5,2398.5,2051.5,933.0,1223.5,1502.5,1590.0,1660.5,1722.0,1841.0,1853.0,2281.5,1918.0,881.5,1146.0,1421.0,1511.5,1571.5,1623.0,1719.5,1735.0,723.5,710.0,703.0,926.5,1074.5,1214.5,1257.5,1257.0,1187.0,1159.0,421.0,344.5,546.0,765.0,814.5,998.0,843.0,832.5,876.0,709.5,532.0,447.5,501.0,795.0,737.0,1092.0,1059.5,1148.0,1101.0,1030.5,689.5,556.5,486.5,756.5,646.0,1092.0,1303.0,1410.0,1354.0,1263.0,1283.5,798.0,424.5,773.5,475.0,1106.5,2006.5,2257.5,2240.0,2144.5,1492.0,839.5,320.5,692.5,423.5,1166.5,2542.5,3094.0,3090.5,3022.5,1607.0,925.5,281.0,650.0,434.0,1137.5,2551.0,3095.0,3227.0,3287.0,1647.5,905.0,226.5,469.5,307.0,834.0,2650.5,3511.0,3739.5,3675.0,2170.0,1779.0,762.0,1002.0,1257.0,1405.0,1426.0,1497.5,1593.0,1616.5,1721.5,959.0,251.0,532.5,320.0,926.0,2889.0,3890.5,4029.5,4099.0,1719.0,955.0,310.0,789.0,451.5,1374.5,3165.0,4095.0,4229.5,4254.0,1742.0,982.5,445.0,899.5,690.0,1515.0,3200.5,3946.0,4086.0,4200.5,1995.5,1152.0,652.0,1132.5,1076.0,1970.0,3092.0,3535.5,3893.0,4002.0,2172.0,1296.0,699.5,1156.0,1229.5,1977.0,3066.5,3388.5,3748.5,3760.0,2503.0,1557.0,744.0,1207.0,1494.0,2155.0,2805.0,3251.0,3468.0,3685.0,3989.0,2696.0,1276.5,1745.0,2406.0,2666.0,3013.5,3270.0,3841.5,3837.0,3939.0,2682.5,1276.5,1742.5,2558.0,2888.0,3029.5,3493.0,3883.5,3615.0,3293.0,2262.0,1126.5,1532.0,2163.5,2443.5,2587.0,2791.5,3173.5,3197.5,1997.0,1511.5,724.5,1002.0,1399.5,1471.5,1643.0,1608.0,1797.0,1767.0,2035.5,1666.5,673.0,897.0,1155.5,1237.0,1319.5,1361.0,1525.5,1521.5,2308.5,1785.5,889.0,1159.0,1569.5,1659.5,1743.5,1768.0,2017.0,1922.0,2283.0,1739.0,1048.0,1236.5,1564.0,1692.5,1681.0,1814.5,1979.5,1930.0,1998.5,1622.0,716.0,892.5,1173.0,1287.5,1271.0,1362.5,1552.5,1475.0,1746.0,1456.5,584.5,727.5,951.0,1064.0,1086.5,1184.5,1255.0,1244.5,1241.5,1024.0,362.0,450.0,613.0,685.0,682.5,763.5,831.0,843.5,0.0,0.0,0.0,0.0,0.0,0.0,0.0,0.0,0.0,0.0,2133.5,1809.0,672.0,922.0,1154.5,1284.0,1310.0,1397.5,1512.5,1513.0,2330.0,1946.5,900.0,1048.0,1217.0,1359.5,1469.0,1573.0,1677.0,1676.5,2197.0,1813.5,762.5,997.0,1226.0,1345.5,1448.5,1526.0,1667.0,1643.0,2243.0,1781.0,784.5,947.5,1112.5,1327.0,1522.0,1607.0,1709.5,1722.5,2219.0,1755.5,806.0,1006.5,1093.5,1374.5,1795.0,1897.0,2042.0,1987.5,2099.0,1730.5,642.5,857.0,1068.5,1216.0,1260.0,1355.5,1468.0,1470.5,2226.0,1925.5,756.5,995.0,1239.0,1348.0,1392.0,1436.5,1575.5,1579.0,"{""type"":""MultiPoint"",""coordinates"":[]}"
1211_0,3,1767.0,1443.0,620.5,785.0,1024.0,1117.0,1162.0,1231.5,1317.5,1316.0,2379.5,2084.5,967.5,1257.5,1500.5,1622.0,1639.0,1718.5,1812.5,1790.5,2356.0,2053.0,855.5,1124.5,1372.5,1491.5,1526.5,1598.5,1673.5,1681.0,2365.0,2086.0,929.0,1209.5,1476.5,1600.5,1620.0,1696.5,1756.0,1741.0,776.0,742.0,1070.0,1332.0,1500.0,1555.0,1362.0,1461.0,1315.0,1104.0,266.0,238.0,631.0,900.0,999.0,1096.0,808.0,908.0,877.0,698.0,327.0,257.0,684.0,987.0,1025.0,1338.0,1128.0,1192.0,1129.0,989.0,426.0,298.0,683.0,929.0,929.0,1234.0,1178.0,1270.0,1176.0,1027.0,529.0,397.0,489.0,776.0,665.0,1101.0,1229.0,1361.0,1339.0,1141.0,739.0,447.0,278.0,513.0,332.5,882.5,1661.5,1829.5,1760.5,1620.0,1111.5,595.0,207.5,467.5,256.0,857.5,2283.5,2778.5,2829.5,2692.5,1991.0,1671.0,755.5,932.5,1164.0,1278.0,1294.5,1377.0,1450.0,1477.5,1325.0,720.0,210.0,473.0,352.0,897.0,2288.0,2833.0,2900.0,2871.0,1227.0,635.0,168.0,410.0,285.0,858.0,2248.0,2797.0,2966.0,2945.0,1216.0,618.0,168.0,400.0,245.0,795.0,2420.0,3071.0,3138.0,3222.0,1436.0,716.0,339.0,691.0,349.0,1091.0,2989.0,3555.0,3646.0,3671.0,1533.0,780.0,383.0,855.0,437.0,1373.0,3131.0,3700.0,3870.0,3779.0,1601.0,857.5,395.0,939.5,527.5,1585.5,3054.5,3410.5,3576.5,3575.5,1901.0,1006.0,728.0,1345.0,1211.0,2128.0,3009.0,3263.0,3552.0,3566.0,2167.0,1303.0,737.5,1378.5,1346.0,2311.0,3005.0,3219.0,3565.0,3599.5,3229.0,2257.5,1020.5,1464.5,1931.5,2439.5,2807.5,3002.0,3421.5,3464.5,2161.0,1478.0,769.0,1000.0,1380.0,1652.0,1731.0,1883.0,1945.0,2127.0,1798.0,1502.0,545.0,758.0,1009.0,1112.0,1154.0,1201.0,1329.0,1334.0,2816.0,2114.0,814.0,1115.0,1561.0,1835.0,1928.0,2039.0,2095.0,2268.0,2697.5,2082.5,861.0,1101.0,1433.5,1629.0,1697.5,1827.5,1931.0,2026.0,2420.5,1975.5,668.0,861.5,1123.0,1246.0,1329.0,1412.0,1528.0,1578.5,2433.0,1976.0,783.0,932.0,1188.0,1313.0,1382.0,1509.0,1591.0,1658.0,1960.0,1470.0,542.0,640.0,900.0,997.0,1062.0,1123.0,1268.0,1283.0,619.0,377.0,523.0,513.0,472.0,482.0,521.0,536.0,714.0,569.0,1618.0,1330.0,509.0,703.0,899.0,970.0,992.0,1051.0,1160.0,1149.0,567.0,401.0,407.0,363.0,380.0,396.0,383.0,385.0,511.0,392.0,2083.0,1807.0,714.0,941.0,1163.0,1279.0,1304.0,1329.0,1453.0,1474.0,2255.0,1966.0,896.0,1096.0,1300.0,1424.0,1443.0,1519.0,1662.0,1626.0,1823.0,1542.0,568.0,707.0,927.0,1001.0,996.0,1087.0,1117.0,1152.0,1916.0,1635.0,697.0,822.0,1033.0,1131.0,1133.0,1208.0,1287.0,1304.0,2047.5,1785.5,733.0,932.5,1149.5,1229.5,1279.5,1344.0,1462.0,1448.5,"{""type"":""MultiPoint"",""coordinates"":[]}"
1212_0,3,1830.5,1526.5,574.0,696.0,943.0,1061.0,1124.0,1154.0,1285.0,1301.5,2313.5,2009.5,894.5,1166.0,1442.5,1570.5,1611.0,1663.5,1777.5,1763.5,2440.0,2110.0,897.5,1148.5,1455.0,1577.0,1644.5,1705.0,1806.0,1812.5,2358.5,2050.0,879.5,1120.5,1397.0,1524.5,1574.0,1652.5,1733.0,1749.0,255.0,213.5,415.5,627.0,631.5,809.0,612.5,691.0,587.0,543.0,279.0,214.0,482.5,671.5,660.0,870.0,762.0,829.0,773.0,693.5,621.0,448.0,436.5,670.0,529.5,998.0,1218.0,1336.0,1169.0,1133.5,984.0,684.0,375.5,691.0,427.0,1054.0,2083.0,2272.0,2229.0,2004.0,1373.0,716.5,289.5,630.5,351.0,1082.5,2921.5,3508.0,3450.5,3424.5,1552.0,830.0,239.0,588.0,375.0,1091.0,2861.5,3525.0,3538.0,3549.0,1515.5,793.0,211.0,439.5,327.0,853.0,2737.5,3594.5,3737.0,3843.5,2130.0,1796.5,614.0,828.0,1100.0,1237.0,1238.5,1319.5,1386.5,1461.0,1684.0,878.5,246.5,528.5,391.0,1032.0,2991.0,3830.0,3907.0,4155.0,1745.5,900.0,272.5,688.0,455.5,1267.5,3255.0,4020.5,4266.0,4365.0,1825.0,958.5,403.0,848.5,608.0,1475.0,3354.5,4019.5,4102.0,4288.5,1906.0,1076.0,579.0,1053.0,943.0,1887.0,3217.0,3637.0,3845.5,3929.5,2050.5,1187.5,603.5,1128.0,1059.5,1933.0,2978.5,3355.0,3676.0,3726.5,2302.0,1370.0,625.0,1116.0,1191.0,1979.0,2892.0,3280.0,3527.0,3620.0,3169.0,2036.5,945.5,1370.5,1609.0,2249.0,2951.5,3260.5,3552.5,3693.5,3827.5,2629.5,957.5,1341.5,1900.0,2357.0,2702.5,2994.0,3343.5,3434.0,3458.5,2496.0,778.0,1182.5,1696.0,2110.0,2379.0,2613.5,2894.5,2984.0,2444.0,1868.0,698.5,969.0,1375.5,1599.5,1716.0,1846.0,1916.5,2004.0,1959.0,1641.0,490.5,707.0,986.5,1088.5,1137.5,1163.5,1307.5,1321.0,2460.5,1909.5,728.0,1002.5,1406.5,1653.5,1709.5,1844.0,1898.5,2038.0,1844.0,1430.5,767.5,942.5,1192.5,1348.0,1447.5,1508.5,1605.5,1633.5,2184.5,1749.0,637.0,830.5,1114.0,1260.0,1348.5,1421.0,1573.0,1605.0,2334.0,1920.0,756.5,912.5,1181.0,1364.0,1426.0,1506.5,1623.5,1665.0,1955.5,1513.5,534.5,648.5,924.0,1050.5,1086.5,1216.0,1350.5,1355.5,0.0,0.0,0.0,0.0,0.0,0.0,0.0,0.0,0.0,0.0,1775.0,1473.5,488.0,656.5,871.5,982.5,987.5,1073.0,1157.5,1146.0,1814.5,1538.0,591.5,708.5,867.5,940.0,978.0,1044.5,1129.5,1136.0,2230.0,1953.5,730.0,920.0,1138.0,1274.5,1303.0,1360.0,1466.0,1459.0,2234.0,1915.5,712.0,880.5,1131.5,1270.5,1302.0,1385.0,1472.5,1505.5,2085.5,1746.0,722.0,798.5,1017.5,1118.5,1112.0,1173.0,1294.5,1314.0,2017.0,1749.5,602.5,795.5,1026.5,1141.0,1183.0,1268.5,1358.5,1382.5,2107.0,1864.0,680.5,882.5,1111.0,1217.5,1257.5,1347.5,1459.5,1461.0,"{""type"":""MultiPoint"",""coordinates"":[]}"
1213_0,3,1783.5,1480.5,559.5,694.5,924.5,1019.0,1073.5,1151.5,1265.5,1233.5,2497.5,2113.5,1005.0,1325.0,1620.5,1735.0,1807.0,1879.5,1999.5,1991.0,2491.0,2097.5,917.0,1200.5,1518.5,1626.0,1690.0,1762.0,1881.5,1882.0,2412.0,2047.5,918.5,1182.0,1475.0,1587.0,1659.5,1721.5,1823.0,1827.0,340.5,276.5,815.0,1049.0,1136.0,1327.5,1112.5,1150.0,1164.5,1018.5,187.5,163.5,593.5,837.0,930.5,1138.5,997.5,1088.0,1021.0,951.5,362.0,267.0,555.5,821.5,821.5,1093.5,1079.5,1116.0,1015.5,984.5,823.0,543.0,555.0,812.0,722.5,1111.0,1651.0,1811.5,1575.0,1591.0,1204.5,769.5,366.0,728.5,397.5,1129.5,2446.0,2719.0,2645.5,2507.0,1699.5,940.0,265.0,691.0,405.0,1210.5,2952.0,3477.5,3565.5,3504.0,1606.5,856.5,274.5,634.5,397.0,1155.0,2829.0,3413.5,3480.5,3498.0,2069.0,1724.5,632.5,836.5,1099.5,1196.0,1246.5,1298.5,1414.5,1417.5,1518.0,811.0,256.0,594.5,363.0,1069.0,2741.5,3334.5,3421.0,3485.5,1348.5,674.5,175.0,520.0,297.5,962.0,2646.5,3334.5,3391.5,3446.0,1380.0,674.5,234.0,581.0,266.0,982.5,2987.5,3584.0,3611.0,3759.5,1684.0,861.0,459.0,937.0,486.0,1495.0,3412.5,3997.0,4118.5,4183.5,1695.0,878.0,436.0,990.0,574.0,1574.0,3150.5,3607.5,3912.0,3794.5,1738.0,976.0,485.0,1092.0,814.0,1917.0,3123.0,3439.0,3647.0,3744.0,2001.5,1110.5,728.0,1390.5,1198.5,2325.0,3238.5,3524.0,3818.0,3916.0,2415.0,1468.0,778.0,1431.5,1654.0,2485.5,2915.5,3193.0,3519.0,3577.5,3803.5,2590.0,1022.0,1445.0,1983.5,2509.0,2778.5,3029.5,3395.5,3475.0,1861.0,1415.0,510.5,758.5,1076.0,1227.5,1267.5,1374.0,1486.5,1516.0,1928.0,1593.5,532.0,747.5,1008.5,1130.0,1136.5,1236.5,1384.5,1372.5,1920.5,1513.0,534.5,767.5,1061.5,1189.0,1245.0,1348.0,1451.5,1477.5,2234.0,1794.0,894.0,1076.0,1306.0,1455.0,1550.0,1619.5,1728.5,1758.5,1897.0,1602.0,585.0,745.5,957.0,1068.5,1114.5,1203.5,1297.5,1319.0,2057.0,1737.5,671.5,825.5,1029.0,1150.5,1213.5,1331.5,1359.5,1401.5,1716.5,1417.0,478.5,591.5,786.0,883.0,936.0,1000.0,1122.5,1142.0,0.0,0.0,0.0,0.0,0.0,0.0,0.0,0.0,0.0,0.0,1522.0,1179.0,427.5,624.0,791.0,880.5,929.0,1023.0,1131.0,1124.0,1789.5,1481.5,621.0,772.5,935.5,996.0,1066.5,1164.0,1243.5,1249.0,2194.0,1836.5,754.0,983.5,1202.5,1349.0,1399.0,1457.5,1600.0,1536.0,2208.5,1832.0,826.0,991.5,1225.5,1316.0,1381.0,1459.5,1604.5,1584.5,2055.0,1683.0,767.0,882.0,1085.0,1139.5,1191.5,1300.0,1422.5,1408.0,2107.5,1772.0,683.5,880.5,1145.0,1251.0,1290.0,1377.0,1493.5,1460.5,2256.0,1925.0,833.0,1119.5,1400.0,1474.0,1539.0,1604.5,1737.0,1733.0,"{""type"":""MultiPoint"",""coordinates"":[]}"
1214_0,3,1874.0,1584.5,550.0,713.0,957.0,1111.5,1112.0,1177.0,1278.5,1307.0,2582.0,2204.0,1034.5,1364.0,1674.0,1793.0,1840.5,1915.5,2028.0,2016.5,2598.5,2183.0,956.0,1255.5,1600.5,1724.5,1731.0,1806.5,1920.5,1912.0,2690.0,2297.5,1048.5,1364.5,1709.5,1855.5,1873.0,1967.0,2047.5,2065.5,404.0,360.0,808.0,1062.0,1101.0,1300.5,1019.0,1039.5,1011.5,875.0,356.5,300.5,765.0,1053.5,1101.0,1302.0,1020.5,1048.5,1026.5,875.0,383.5,282.5,630.5,944.0,1001.0,1297.5,1269.0,1358.5,1387.0,1249.5,721.0,611.5,592.0,899.5,860.0,1276.5,1564.5,1733.5,1544.5,1530.5,1287.5,696.0,362.0,717.5,427.0,1120.0,2633.0,3081.5,3267.0,3098.5,1718.5,953.5,319.0,696.5,503.0,1302.5,2973.0,3578.5,3765.5,3881.0,1797.0,1014.0,356.0,731.5,619.5,1444.5,2909.0,3510.0,3771.0,3821.5,2183.0,1855.0,630.5,816.5,1099.0,1244.5,1283.5,1354.0,1423.0,1502.0,1842.0,1023.0,338.5,743.0,680.5,1426.5,2870.0,3391.0,3582.5,3733.0,1650.0,889.0,329.0,697.5,552.5,1295.0,2867.0,3393.5,3529.5,3632.0,1583.0,851.5,340.0,656.5,451.5,1187.5,2724.5,3178.0,3255.5,3486.5,1699.5,896.0,452.0,915.0,514.0,1523.0,3072.0,3507.0,3607.5,3731.0,1724.5,928.5,463.5,1005.0,644.0,1636.0,2954.5,3317.5,3482.5,3531.5,1891.0,1083.0,498.0,1101.0,904.0,1918.0,2792.0,3073.0,3298.0,3394.0,2190.0,1268.5,762.5,1339.5,1405.0,2286.0,2873.5,3146.5,3488.0,3541.0,2492.0,1542.5,809.5,1378.5,1611.5,2313.5,2841.0,3114.5,3487.5,3578.5,3724.5,2502.5,1009.0,1492.5,1974.0,2518.0,2844.0,3100.0,3535.5,3594.0,2000.0,1520.5,596.0,860.0,1207.0,1398.0,1444.5,1551.5,1661.5,1734.5,2032.0,1726.5,531.5,764.0,1017.0,1126.5,1235.0,1269.5,1393.0,1403.5,2114.5,1661.0,615.5,880.5,1212.0,1401.5,1451.5,1542.0,1659.5,1712.0,2298.5,1845.0,824.5,1035.0,1317.0,1484.5,1499.5,1627.0,1737.5,1790.5,2061.5,1716.0,633.5,799.0,1038.0,1172.0,1208.0,1292.5,1389.5,1393.0,2205.0,1789.5,678.5,850.5,1100.5,1234.0,1274.5,1356.5,1451.5,1466.5,1838.5,1531.0,485.5,622.5,865.0,962.0,1023.5,1089.5,1230.5,1219.5,0.0,0.0,0.0,0.0,0.0,0.0,0.0,0.0,0.0,0.0,1738.0,1425.0,520.0,680.5,884.0,1002.5,1060.5,1093.5,1215.5,1228.5,1912.5,1609.5,614.5,745.5,920.5,1018.5,1083.5,1145.5,1236.0,1254.5,2290.5,1961.0,751.0,969.5,1190.5,1335.5,1387.0,1464.5,1552.0,1584.0,2331.0,1953.5,764.5,947.0,1200.0,1310.5,1338.0,1455.0,1577.0,1554.0,2148.0,1787.0,768.5,882.5,1091.5,1206.0,1231.0,1329.0,1414.0,1435.0,2154.0,1834.5,662.5,887.0,1144.5,1267.5,1295.5,1386.5,1474.5,1480.5,2348.0,1989.0,798.5,1063.5,1354.5,1489.0,1537.0,1623.0,1715.5,1713.5,"{""type"":""MultiPoint"",""coordinates"":[]}"
1215_0,3,597.5,496.0,277.0,365.5,499.0,582.5,545.0,548.5,644.5,608.5,2012.0,1638.0,755.5,1027.0,1159.5,1340.5,1636.5,1756.5,1900.0,1795.5,2159.0,1803.0,843.5,1095.5,1281.5,1443.0,1478.0,1608.0,1717.5,1643.5,2342.0,2016.0,1029.5,1301.0,1538.0,1640.0,1668.5,1734.0,1863.5,1851.5,2139.0,1855.0,1098.0,1364.0,1542.0,1643.0,1633.0,1697.0,1769.0,1753.0,1214.0,1035.0,1051.0,1318.0,1449.0,1598.0,1330.0,1373.0,1368.0,1321.0,1043.0,865.0,858.0,1134.0,1180.0,1364.0,1146.0,1151.0,1052.0,1098.0,1251.0,977.0,852.0,1145.0,1154.0,1435.0,1320.0,1389.0,1386.0,1331.0,1251.0,977.0,676.0,941.0,894.0,1394.0,1423.0,1389.0,1386.0,1390.0,1442.0,1140.5,750.5,1027.0,1028.0,1426.0,1627.5,1769.5,1678.0,1721.5,1481.0,1039.5,538.5,769.0,739.0,1157.5,1633.5,1824.0,1697.5,1723.5,798.0,652.5,487.5,610.0,713.5,766.5,721.5,775.0,830.0,786.0,1631.0,1103.5,575.0,790.0,721.0,1114.5,1973.0,2445.0,2380.0,2482.5,1652.0,1050.0,396.0,675.0,628.0,972.0,2065.0,2647.0,2705.0,2740.0,1662.0,1013.0,378.0,642.0,572.0,922.0,2370.0,3089.0,3270.0,3335.0,1761.0,1013.0,460.0,865.0,724.0,1331.0,2643.0,3197.0,3420.0,3296.0,1698.0,1065.0,567.0,930.0,743.0,1414.0,2645.0,3111.0,3274.0,3181.0,1991.0,1290.5,650.0,1098.5,1015.5,1701.5,2706.5,3126.5,3259.0,3226.0,2366.0,1660.0,1147.0,1507.0,1535.0,2112.0,2647.0,2963.0,3265.0,3227.0,3242.0,2428.5,1114.0,1456.5,1879.0,2259.5,2539.5,2687.0,3026.5,2939.0,3277.0,2393.0,1038.0,1471.0,1923.0,2326.0,2548.0,2710.0,3014.0,2978.0,3221.0,2348.5,1002.5,1368.5,1801.5,2210.0,2367.0,2562.0,2659.5,2882.5,709.0,568.0,464.0,554.0,679.0,729.0,728.0,798.0,829.0,819.0,2955.0,2215.0,913.0,1243.0,1642.0,1997.0,1996.0,2200.0,2449.0,2401.0,2922.5,2300.5,956.0,1243.5,1638.5,1863.0,1999.0,2137.5,2374.0,2339.0,2479.0,2054.5,759.5,998.0,1307.0,1454.0,1536.5,1607.0,1807.5,1791.5,1136.0,847.0,545.0,696.0,901.0,958.0,821.0,905.0,1015.0,1051.0,534.0,478.0,229.0,320.0,431.0,537.0,437.0,428.0,520.0,542.0,0.0,0.0,0.0,0.0,0.0,0.0,0.0,0.0,0.0,0.0,962.0,840.0,461.0,604.0,758.0,860.0,844.0,915.0,951.0,840.0,926.0,757.0,461.0,592.0,752.0,796.0,875.0,862.0,951.0,874.0,1248.0,907.0,612.0,826.0,973.0,1123.0,1214.0,1242.0,1414.0,1354.0,1388.0,838.0,505.0,710.0,871.0,1111.0,1294.0,1440.0,1597.0,1550.0,2475.0,1890.0,841.0,1154.0,1408.0,1596.0,1909.0,2083.0,2268.0,2165.0,3329.0,2695.0,1178.0,1538.0,1821.0,2062.0,2449.0,2539.0,2876.0,2760.0,3179.5,2586.5,1218.5,1560.0,1830.0,2009.5,2336.5,2439.0,2773.5,2643.0,"{""type"":""MultiPoint"",""coordinates"":[]}"
1216_0,3,1712.5,1436.0,477.5,614.0,854.5,964.0,1009.0,1075.0,1164.5,1208.5,2116.0,1831.0,882.0,1138.5,1359.0,1464.0,1512.5,1572.0,1643.0,1643.0,2209.5,1929.5,857.5,1097.5,1351.5,1466.5,1490.5,1565.5,1647.5,1653.0,1138.5,987.5,714.5,895.0,1049.5,1124.5,1102.0,1154.0,1190.5,1177.5,381.5,336.5,868.5,1027.0,1093.0,1227.5,1144.0,1181.5,1128.5,1116.5,381.5,336.5,868.5,1027.0,1093.0,1227.5,1144.0,1181.5,1223.5,1116.5,363.0,263.0,457.0,680.0,614.5,975.5,1081.0,1207.0,1045.5,980.0,643.5,398.0,453.0,621.5,501.5,974.0,1511.5,1673.0,1487.5,1405.0,993.5,640.5,302.5,543.5,320.0,934.5,2284.5,2680.0,2673.5,2498.5,1212.5,655.0,209.0,452.5,228.5,841.0,2571.5,3143.0,3118.5,3070.5,1228.0,625.5,207.0,412.0,182.5,722.0,2563.5,3281.0,3265.0,3292.0,2004.0,1699.5,570.0,764.5,999.5,1165.5,1180.0,1241.0,1352.0,1415.0,1322.5,644.5,190.5,421.0,176.0,739.5,2698.0,3518.0,3483.0,3466.0,1426.5,681.5,180.0,464.0,195.0,856.0,3014.0,3882.0,3892.0,3899.0,1479.5,704.5,354.5,779.5,467.5,1365.5,3171.5,3934.5,3958.0,4081.0,1632.0,867.0,577.5,1076.0,832.0,1866.5,3306.0,3720.0,3854.0,3962.0,1829.5,1037.0,649.0,1169.5,1060.5,2046.5,3020.5,3395.0,3623.0,3693.5,2279.0,1381.0,696.0,1223.0,1369.0,2197.0,2905.0,3198.0,3379.0,3491.0,3212.0,2094.0,1078.5,1529.0,1919.5,2584.0,2988.0,3239.0,3548.5,3636.5,3838.0,2699.0,1041.5,1465.5,2116.0,2506.0,2758.0,3050.0,3395.0,3510.5,3599.5,2505.0,942.5,1353.0,1965.0,2336.5,2531.0,2774.0,3095.5,3209.0,2477.5,1898.0,773.0,1059.5,1478.5,1735.0,1820.0,1949.5,2011.0,2128.0,1800.0,1539.5,442.5,650.5,900.5,1017.0,1088.5,1117.5,1260.0,1281.0,2523.0,1944.5,798.5,1070.5,1499.0,1743.0,1824.5,1958.0,2033.5,2147.0,2407.0,1887.0,857.5,1072.0,1418.5,1644.0,1708.0,1835.5,1938.5,2010.5,2201.5,1762.5,655.5,854.5,1146.0,1314.5,1397.5,1486.5,1609.5,1629.5,2239.5,1740.0,697.5,892.0,1222.0,1398.5,1452.0,1575.5,1669.5,1708.0,1947.0,1547.0,528.0,672.5,903.5,1068.5,1122.5,1192.5,1332.5,1362.0,0.0,0.0,0.0,0.0,0.0,0.0,0.0,0.0,0.0,0.0,1480.0,1190.5,409.5,550.0,767.5,838.0,857.5,918.5,1035.5,1037.0,1758.0,1430.0,671.5,772.0,886.5,1005.0,1012.5,1113.5,1254.0,1169.5,2108.0,1802.5,719.0,901.0,1122.0,1227.5,1282.0,1358.0,1477.5,1481.0,2084.5,1771.0,707.0,884.5,1111.0,1204.5,1233.0,1339.5,1423.0,1461.5,1847.5,1552.0,573.5,680.0,889.0,986.0,975.5,1060.0,1135.0,1177.0,1904.5,1661.5,630.0,809.5,1013.0,1107.0,1176.5,1248.5,1314.0,1348.5,1923.5,1701.5,645.0,853.0,1044.0,1149.0,1217.0,1277.0,1356.5,1370.5,"{""type"":""MultiPoint"",""coordinates"":[]}"
1217_0,3,2499.0,2198.0,391.5,609.0,937.5,1058.0,1144.5,1249.0,1411.0,1424.5,3485.0,3123.0,728.0,1083.0,1498.0,1705.0,1766.0,1871.0,2117.0,2077.0,4145.0,3567.0,819.0,1161.0,1643.0,1956.0,2022.0,2127.0,2365.0,2498.0,3147.5,2639.0,748.5,983.0,1336.0,1521.5,1610.0,1763.0,1945.0,1970.0,3304.5,2862.5,763.0,1018.5,1433.0,1589.5,1682.5,1799.5,2039.0,2071.5,3913.0,3509.0,874.0,1239.0,1692.0,1958.0,2061.0,2252.0,2460.0,2488.0,3256.0,2559.0,539.0,893.0,1172.0,1611.0,2049.0,2230.0,2349.0,2597.0,3451.0,2808.0,562.0,1006.0,1110.0,1736.0,2600.0,2858.0,2994.0,3141.0,3989.0,3442.0,826.0,1189.0,1630.0,2021.0,2586.0,2858.0,2994.0,3141.0,3928.0,3533.0,710.0,1099.0,1529.0,1825.0,2009.0,2135.0,2405.0,2453.0,3845.0,3193.0,857.0,1190.0,1626.0,1906.0,2070.0,2176.0,2395.0,2480.0,3066.0,2980.0,432.0,704.0,1048.0,1195.0,1287.0,1396.0,1536.0,1602.0,3749.0,3149.0,765.0,1083.0,1409.0,1797.0,1994.0,2204.0,2106.0,2470.0,3324.0,2765.0,617.0,936.0,1171.0,1520.0,2176.0,2459.0,2610.0,2663.0,2680.0,2003.0,617.0,936.0,1171.0,1520.0,2176.0,2477.0,2610.0,2663.0,2548.0,1843.0,529.0,862.0,879.0,1344.0,2744.0,3260.0,3498.0,3440.0,2140.0,1422.0,430.0,647.0,619.0,1162.0,2765.0,3353.0,3598.0,3506.0,2041.0,1355.0,437.0,647.0,619.0,1162.0,2913.0,3777.0,3948.0,3949.0,2058.0,1329.0,466.0,668.0,578.0,977.0,2956.0,3914.0,3948.0,4009.0,2058.0,1335.0,466.0,668.0,578.0,1093.0,3052.0,4018.0,4058.0,4158.0,2874.0,2350.0,530.0,834.0,1181.0,1499.0,1823.0,2068.0,2157.0,2346.0,3099.0,2704.0,508.0,755.0,1164.0,1364.0,1449.0,1657.0,1685.0,1892.0,2899.0,2642.5,464.0,713.5,1103.0,1251.5,1318.5,1447.0,1632.5,1633.5,3341.0,2925.0,522.0,781.0,1164.0,1453.0,1572.0,1700.0,1705.0,1892.0,2945.0,2567.0,544.0,767.0,1084.0,1306.0,1352.0,1471.0,1648.0,1756.0,2945.0,2567.0,544.0,767.0,1084.0,1306.0,1352.0,1471.0,1648.0,1756.0,3193.5,2601.5,2259.0,2257.0,2351.5,2552.5,2754.5,2906.0,3060.5,2973.5,2419.0,2030.0,413.0,625.0,844.0,1075.0,1500.0,1618.0,1812.0,1750.0,1985.0,1350.0,413.0,625.0,844.0,1075.0,1500.0,1618.0,1812.0,1750.0,4404.5,4017.0,1252.5,1753.5,2344.5,2623.5,2660.5,2811.0,3012.0,3007.5,3937.0,3721.0,980.5,1361.0,1861.0,2098.0,2145.0,2299.0,2452.0,2477.0,3174.0,3002.0,562.0,843.0,1239.0,1382.0,1463.0,1578.0,1780.0,1739.0,2718.5,2404.0,525.0,742.0,1103.5,1229.5,1285.0,1404.0,1581.0,1578.5,3281.0,2924.5,788.0,1091.0,1526.5,1701.0,1755.5,1902.5,2068.5,2086.5,4080.0,4057.0,808.0,1108.0,1584.0,1786.0,1881.0,2007.0,2271.0,2242.0,3961.5,3834.5,758.0,1079.0,1559.0,1758.5,1864.0,2012.0,2198.5,2235.5,"{""type"":""MultiPoint"",""coordinates"":[]}"
1218_0,3,1751.0,1438.0,601.0,736.0,945.5,1051.0,1111.5,1148.5,1249.0,1255.0,2178.5,1833.5,823.5,1028.0,1246.5,1364.0,1435.5,1511.5,1600.5,1596.0,2373.0,2024.0,964.0,1241.5,1503.5,1645.5,1648.5,1709.0,1805.5,1820.0,2691.5,2274.5,1241.5,1568.5,1867.0,2005.5,1984.5,2064.5,2135.5,2129.0,2263.0,1956.0,1198.0,1507.0,1549.0,1714.0,1683.0,1713.0,1765.0,1751.0,500.0,466.0,1198.0,1507.0,1508.0,1681.0,1310.0,1304.0,1280.0,1056.0,379.0,273.0,678.0,1012.0,989.0,1353.0,1222.0,1289.0,1182.0,1100.0,409.0,306.0,647.0,1012.0,981.0,1353.0,1245.0,1320.0,1248.0,1148.0,617.0,483.0,443.0,722.0,621.0,1042.0,1117.0,1193.0,1053.0,960.0,1311.0,702.0,225.0,523.0,253.0,868.0,2267.5,2834.5,2693.5,2698.0,1537.5,734.5,104.5,334.0,85.0,609.5,2826.5,4071.5,4029.5,4043.5,1924.0,1624.0,670.0,850.0,1038.0,1151.0,1196.0,1248.0,1328.0,1367.0,1513.0,697.0,129.0,345.0,79.0,596.0,3081.0,4339.0,4385.0,4410.0,1458.0,675.0,8.0,345.0,72.0,704.0,3316.0,4596.0,4702.0,4709.0,1541.0,726.0,185.0,565.0,286.0,1095.0,3537.0,4742.0,4791.0,4994.0,1644.0,759.0,427.0,972.0,588.0,1733.0,3648.0,4394.0,4538.0,4651.0,1692.0,907.5,488.5,1055.5,755.5,1872.5,3473.0,3941.0,4293.5,4276.0,1972.5,1146.0,558.0,1147.0,1102.0,2154.0,3229.0,3650.5,3910.5,4006.0,2448.0,1458.0,967.0,1510.5,1641.5,2461.5,3288.5,3598.5,3932.5,3955.0,2771.0,1785.5,1054.0,1599.5,1943.0,2782.0,3229.0,3557.0,3957.0,3955.5,3728.0,2616.0,1130.5,1619.5,2202.5,2774.0,3069.5,3385.0,3800.0,3838.5,3718.0,2582.0,1170.0,1681.0,2461.0,2802.0,2927.0,3260.0,3563.0,3550.0,1829.0,1508.0,509.0,698.0,932.0,1034.0,1110.0,1121.0,1259.0,1229.0,3667.0,2582.0,1045.0,1467.0,2059.0,2447.0,2677.0,2769.0,3014.0,3239.0,3370.0,2486.5,1089.0,1431.0,1967.5,2251.5,2345.5,2564.0,2855.5,2858.5,3000.5,2390.0,824.0,1053.5,1432.5,1660.0,1747.0,1873.0,2086.0,2113.5,3089.0,2517.0,873.0,1077.0,1420.0,1663.0,1656.0,1880.0,1975.0,2041.0,1532.0,1279.0,449.0,575.0,806.0,895.0,913.0,1006.0,1106.0,1103.0,829.0,751.5,482.5,534.0,597.0,677.0,768.0,822.0,730.0,880.0,1273.0,979.0,414.0,570.0,705.0,807.0,825.0,908.0,975.0,989.0,286.0,233.0,172.0,142.0,142.0,149.0,150.0,187.0,174.0,183.0,2103.0,1755.0,790.0,987.0,1169.0,1297.0,1352.0,1368.0,1504.0,1486.0,1995.0,1678.5,767.0,919.0,1108.5,1216.5,1220.5,1299.5,1379.0,1383.0,1575.0,1303.0,577.0,666.0,804.0,889.0,896.0,945.0,1045.0,1033.0,2110.0,1813.0,831.5,990.5,1166.5,1264.0,1286.5,1348.5,1459.0,1451.0,2126.5,1807.0,840.5,1035.0,1216.5,1307.0,1348.0,1425.5,1534.0,1523.5,"{""type"":""MultiPoint"",""coordinates"":[]}"
1219_0,3,1667.5,1391.5,627.5,767.5,984.0,1070.0,1117.5,1174.0,1265.0,1252.0,2400.0,2115.5,1040.0,1315.5,1557.0,1675.0,1706.5,1768.5,1868.5,1849.0,2412.0,2106.5,913.0,1176.0,1412.5,1558.5,1588.0,1673.0,1718.5,1749.5,2521.0,2204.5,988.0,1267.0,1514.5,1652.5,1681.5,1763.0,1822.0,1860.5,1025.0,899.0,1022.0,1318.0,1366.0,1490.0,1234.0,1250.0,1206.0,1093.0,1023.0,897.0,1022.0,1318.0,1366.0,1490.0,1234.0,1250.0,1220.0,1151.0,965.0,803.0,756.0,1091.0,1114.0,1456.0,1530.0,1617.0,1547.0,1472.0,1368.0,1106.0,710.0,1067.0,976.0,1497.0,1891.0,1859.0,1893.0,1848.0,1418.0,1099.0,627.0,1004.0,841.0,1529.0,2068.0,2250.0,2209.0,2211.0,1357.5,913.0,486.5,842.0,678.5,1369.0,2166.0,2306.5,2303.0,2236.5,1526.5,1063.5,473.5,805.0,674.0,1344.0,2338.5,2674.0,2615.5,2583.5,1926.0,1626.0,748.0,925.0,1137.5,1248.0,1286.0,1309.0,1422.0,1436.0,1594.0,1112.0,483.0,779.0,669.0,1255.0,2474.0,2904.0,2936.0,3061.0,1595.0,983.0,422.0,724.0,578.0,1204.0,2592.0,3070.0,3169.0,3098.0,1564.0,937.0,367.0,699.0,572.0,1198.0,2602.0,3114.0,3247.0,3286.0,1620.0,989.0,480.0,853.0,592.0,1334.0,2936.0,3398.0,3480.0,3496.0,1760.0,1015.0,478.0,933.0,631.0,1572.0,2936.0,3398.0,3507.0,3513.0,1786.0,1153.0,505.5,1036.0,732.5,1720.5,2840.5,3114.5,3246.0,3281.5,2101.0,1294.0,782.0,1314.0,1273.0,2062.0,2718.0,2958.0,3169.0,3228.0,2371.0,1583.0,728.5,1271.5,1331.5,2173.0,2688.5,2913.5,3111.5,3197.0,2952.0,2154.5,952.0,1389.5,1762.5,2218.5,2562.0,2751.5,3073.0,3075.0,2138.0,1445.0,841.0,1166.0,1594.0,1752.0,2034.0,2219.0,2401.0,2321.0,1726.0,1467.0,539.0,749.0,988.0,1075.0,1084.0,1184.0,1269.0,1255.0,2918.0,2179.0,842.0,1218.0,1681.0,1914.0,2093.0,2217.0,2342.0,2496.0,2886.0,2208.0,907.0,1169.5,1552.5,1759.0,1882.5,2035.0,2267.0,2303.0,2522.5,2045.5,662.0,865.0,1148.0,1314.0,1425.0,1501.0,1682.5,1696.0,2651.0,2271.0,761.0,932.0,1185.0,1359.0,1448.0,1609.0,1717.0,1720.0,2200.0,1571.0,527.0,689.0,904.0,949.0,1106.0,1219.0,1390.0,1337.0,871.0,678.0,691.0,669.0,689.0,724.0,795.0,814.0,879.0,857.0,1899.0,1595.0,606.0,839.0,1030.0,1171.0,1188.0,1203.0,1338.0,1365.0,1823.0,1568.0,713.0,839.0,988.0,1108.0,1143.0,1176.0,1212.0,1253.0,2338.0,2017.0,832.0,1067.0,1296.0,1419.0,1513.0,1539.0,1654.0,1642.0,1876.0,1559.0,874.0,939.0,1092.0,1164.0,1171.0,1210.0,1347.0,1294.0,1876.0,1559.0,604.0,719.0,930.0,1007.0,1022.0,1067.0,1158.0,1178.0,2035.0,1773.0,738.0,865.0,1037.0,1169.0,1221.0,1314.0,1371.0,1384.0,2211.5,1952.0,843.5,1033.5,1247.0,1364.5,1424.0,1476.0,1584.0,1581.5,"{""type"":""MultiPoint"",""coordinates"":[]}"
1220_0,3,1723.5,1448.0,524.0,663.5,885.5,964.0,1014.5,1094.5,1169.5,1200.5,2450.5,2055.5,975.5,1288.0,1579.5,1709.5,1753.0,1822.5,1930.5,1916.5,2492.0,2071.0,927.0,1209.5,1514.0,1625.5,1665.5,1757.5,1845.0,1851.5,2409.5,2039.5,918.5,1179.0,1470.0,1586.5,1637.5,1716.5,1781.0,1808.0,402.5,343.5,512.5,756.0,792.5,957.5,814.5,927.5,907.0,853.5,390.5,291.0,669.0,967.5,1086.5,1345.0,1186.5,1252.5,1226.5,1152.0,422.5,319.5,617.5,882.0,906.0,1286.5,1264.5,1372.0,1241.5,1262.5,880.5,543.5,578.5,862.0,806.5,1288.0,1838.0,1980.0,1834.5,1867.0,1298.0,697.5,387.5,780.5,453.5,1197.5,2674.5,2965.0,2994.5,2853.5,1713.5,961.5,311.5,741.0,501.0,1343.5,2829.5,3385.5,3562.5,3601.0,1714.0,967.5,318.5,709.5,533.0,1328.0,2745.5,3248.5,3438.0,3463.0,2051.0,1728.5,618.0,819.5,1061.0,1168.0,1245.5,1302.5,1390.0,1406.5,1615.0,891.0,299.0,675.0,477.0,1229.0,2617.5,3023.5,3179.5,3250.0,1400.5,739.0,220.5,583.0,369.0,1070.0,2599.5,3001.5,3158.5,3223.0,1308.0,700.0,263.0,581.0,306.5,984.5,2632.0,3028.0,3083.5,3195.0,1578.5,813.5,448.0,931.0,475.0,1446.0,3107.5,3585.0,3698.5,3675.0,1627.5,863.5,449.5,1028.5,595.5,1677.0,3015.0,3405.0,3651.0,3565.5,1787.0,1004.0,518.0,1138.0,849.0,1977.0,2929.0,3227.0,3473.0,3456.0,2093.0,1153.0,757.5,1405.0,1313.5,2353.0,2969.5,3271.0,3552.5,3609.5,2427.5,1467.5,770.0,1388.0,1604.5,2396.5,2749.5,3030.0,3305.0,3456.5,3635.5,2505.0,998.0,1420.5,1931.5,2320.5,2578.5,2831.0,3212.0,3297.5,1809.5,1384.0,534.5,756.5,1046.0,1218.0,1236.5,1349.0,1429.5,1479.0,1912.0,1589.0,484.5,708.5,953.5,1056.0,1128.5,1181.5,1305.5,1334.0,1868.5,1463.5,554.5,762.5,1044.0,1186.5,1217.5,1329.5,1410.0,1432.0,2100.0,1702.0,779.5,961.0,1199.5,1358.0,1383.5,1482.5,1576.5,1622.5,1851.0,1541.5,592.5,741.0,950.0,1043.0,1075.0,1169.5,1257.5,1291.0,1958.0,1690.5,675.0,808.5,1015.5,1118.0,1148.0,1265.0,1299.5,1371.0,1662.5,1388.5,492.0,610.0,779.0,875.5,910.5,1015.0,1125.0,1106.5,0.0,0.0,0.0,0.0,0.0,0.0,0.0,0.0,0.0,0.0,1503.5,1149.5,406.5,577.5,755.0,841.0,906.5,970.5,1055.0,1059.5,1801.0,1477.0,600.0,736.5,888.0,1016.5,1055.0,1134.0,1200.5,1204.5,2242.0,1869.5,791.0,1012.5,1226.5,1328.5,1397.5,1502.0,1566.5,1533.0,2234.0,1858.0,876.5,1043.5,1225.0,1348.0,1356.5,1458.0,1663.5,1538.5,2062.0,1700.5,816.5,912.0,1088.5,1185.0,1214.0,1297.0,1426.0,1384.5,2074.0,1755.0,693.5,901.0,1114.0,1228.5,1268.5,1339.5,1430.0,1469.0,2211.5,1876.5,813.5,1087.0,1341.0,1464.0,1500.5,1552.0,1663.0,1638.5,"{""type"":""MultiPoint"",""coordinates"":[]}"
1221_0,3,2060.0,1678.5,686.0,846.5,1135.0,1297.5,1287.5,1396.5,1506.0,1529.5,2366.0,2043.5,958.5,1226.0,1516.5,1612.5,1662.5,1716.5,1839.5,1829.0,2484.0,2135.5,949.5,1206.5,1522.0,1649.0,1660.0,1785.5,1871.0,1861.5,2414.0,2080.0,932.0,1184.0,1478.0,1633.5,1652.5,1744.5,1815.0,1850.5,308.0,263.0,447.0,683.0,711.0,851.0,609.0,705.0,709.0,625.0,373.0,274.0,594.0,826.0,878.0,1004.0,851.0,900.0,905.0,800.0,698.0,547.0,520.0,752.0,647.0,1025.0,1137.0,1235.0,1228.0,1048.0,1175.0,733.0,474.0,752.0,457.0,1031.0,2283.0,2532.0,2594.0,2450.0,1470.0,774.0,323.0,635.0,397.0,1031.0,2895.0,3726.0,3656.0,3676.0,1663.5,898.5,289.0,591.5,393.0,1024.5,2794.0,3409.5,3590.5,3785.5,1631.0,793.0,153.0,375.5,201.5,666.5,2681.0,3767.5,3981.0,3944.5,2261.0,1908.0,764.0,965.0,1231.0,1375.0,1434.0,1507.0,1618.0,1667.0,1666.0,838.0,192.0,421.0,229.0,812.0,3082.0,4199.0,4296.0,4435.0,1708.0,846.0,195.0,588.0,340.0,1071.0,3266.0,4310.0,4524.0,4663.0,1792.0,915.0,341.0,801.0,529.0,1436.0,3569.0,4419.0,4654.0,4829.0,2024.0,1083.0,545.0,1052.0,864.0,1927.0,3553.0,4214.0,4439.0,4559.0,2198.5,1270.0,618.5,1172.5,1083.0,2114.5,3424.5,3876.0,4261.0,4292.0,2627.0,1596.5,722.5,1287.0,1444.5,2394.5,3315.0,3684.0,4069.0,4103.0,3391.0,2209.0,998.5,1478.0,1847.0,2561.5,3297.5,3563.0,3919.5,4018.5,4048.5,2785.5,1091.5,1480.5,2089.0,2614.5,2928.0,3249.5,3587.5,3712.0,3748.0,2684.0,1014.5,1445.5,2058.0,2507.0,2715.0,3043.0,3218.0,3373.0,2437.0,1918.0,805.0,1077.0,1493.0,1782.0,1871.0,1960.0,2038.0,2204.0,2245.5,1860.5,732.0,923.5,1221.0,1369.5,1382.5,1475.0,1587.5,1634.5,2495.0,1952.5,828.0,1102.5,1524.0,1763.5,1877.5,1993.0,2078.0,2195.5,2463.5,1908.0,942.5,1169.5,1538.0,1743.5,1843.0,1958.5,2036.5,2118.0,2256.5,1803.0,690.5,889.0,1190.5,1362.5,1411.5,1516.0,1619.5,1670.0,2265.0,1825.0,759.0,919.5,1210.5,1372.5,1436.5,1515.5,1606.0,1701.0,1950.0,1436.0,595.0,733.0,971.0,1086.0,1157.0,1245.0,1380.0,1363.0,0.0,0.0,0.0,0.0,0.0,0.0,0.0,0.0,0.0,0.0,1987.0,1680.0,651.0,824.0,1048.0,1162.0,1135.0,1224.0,1329.0,1347.0,2010.0,1696.0,688.0,778.0,988.0,1060.0,1057.0,1121.0,1242.0,1238.0,2228.0,1899.0,759.5,947.5,1179.5,1278.5,1283.5,1355.5,1490.0,1491.0,2255.0,1856.0,723.0,866.0,1127.0,1243.0,1178.0,1251.0,1372.0,1423.0,2325.5,1906.0,810.5,945.5,1171.5,1285.5,1284.5,1334.0,1513.0,1534.0,2106.0,1781.0,781.0,887.0,1142.0,1238.0,1288.0,1351.0,1467.0,1503.0,2199.0,1896.0,781.0,949.0,1190.0,1278.0,1344.0,1439.0,1554.0,1535.0,"{""type"":""MultiPoint"",""coordinates"":[]}"
1222_0,3,3116.0,2461.0,850.5,976.0,1285.0,1450.0,1598.5,1742.0,1915.0,1960.5,2078.0,1899.0,628.0,852.0,1129.0,1258.0,1294.0,1382.0,1484.0,1491.0,2294.0,2193.0,769.0,1012.0,1312.0,1441.0,1466.0,1562.0,1646.0,1671.0,879.5,857.0,506.0,685.0,849.5,966.0,884.5,948.5,957.5,936.0,382.0,332.0,691.0,761.0,784.0,888.0,689.0,734.0,735.0,585.0,377.0,310.0,408.0,640.0,601.0,829.0,689.0,734.0,735.0,585.0,566.0,447.0,355.0,577.0,425.0,900.0,1070.0,1172.0,1063.0,1023.0,1340.0,810.0,291.0,662.0,396.0,971.0,2083.0,2348.0,2360.0,2388.0,1078.0,600.0,138.0,376.0,176.0,660.0,1963.0,2492.0,2403.0,2343.0,1271.0,615.0,61.0,291.5,67.0,554.0,2338.0,3257.0,3226.5,3265.0,1199.0,552.5,30.0,180.0,14.0,399.0,2329.0,3417.5,3494.5,3506.5,2946.0,2475.0,1006.0,1146.5,1417.5,1567.0,1640.0,1808.5,1925.5,1989.5,1211.5,551.0,21.0,170.5,3.5,397.5,2427.5,3894.5,3936.5,4026.0,1125.5,518.0,41.5,322.0,60.5,623.5,2690.5,3988.0,4108.0,4220.0,1192.0,550.0,443.0,740.0,500.0,1120.0,3038.0,3987.0,4099.0,4218.0,1266.0,672.0,577.0,956.0,767.0,1554.0,2994.0,3651.0,3815.0,3860.0,1326.0,734.0,499.0,933.0,767.0,1582.0,2749.0,3173.0,3397.0,3431.0,1630.0,954.0,463.0,957.0,990.0,1855.0,2738.0,3061.0,3296.0,3404.0,4275.0,3050.0,1146.5,1588.0,2269.5,2807.0,3082.5,3398.5,3662.5,3822.5,4286.5,3175.5,1153.0,1574.0,2315.5,2693.5,2893.0,3127.5,3438.5,3498.5,3552.0,2863.0,1016.0,1412.0,2018.0,2266.0,2497.0,2694.0,2994.0,3024.0,3253.0,2349.0,910.5,1266.5,1816.5,2141.5,2247.5,2382.5,2584.0,2682.5,3388.0,2785.5,701.5,918.0,1306.5,1490.5,1584.5,1757.5,1942.0,1998.0,3573.5,2842.5,877.5,1186.0,1575.5,1878.0,2021.0,2189.0,2313.0,2446.0,4460.5,3903.5,2496.0,2666.0,2957.0,3295.0,3389.0,3518.0,3644.0,3685.0,3226.5,2724.5,874.5,1023.0,1248.5,1531.0,1647.5,1807.5,1936.5,2021.0,3110.0,2616.0,831.5,985.0,1197.5,1466.0,1608.5,1775.0,1885.0,1971.5,1937.0,1429.0,437.0,616.0,839.5,1033.0,1203.5,1298.0,1473.0,1550.0,0.0,0.0,0.0,0.0,0.0,0.0,0.0,0.0,0.0,0.0,3788.0,3061.0,961.0,1292.0,1803.0,2061.0,2060.0,2238.0,2397.0,2494.0,3964.0,3235.0,1281.0,1501.0,1803.0,2072.0,2060.0,2238.0,2693.0,2514.0,3681.0,3045.0,1059.0,1366.0,1718.0,1873.0,2026.0,2186.0,2486.0,2476.0,2718.0,2342.0,810.0,971.5,1311.5,1451.0,1499.0,1612.0,1790.0,1826.0,1763.0,1566.0,514.0,623.0,900.0,1001.0,949.0,1015.0,1111.0,1160.0,1778.5,1616.5,511.5,669.0,913.0,997.0,1038.0,1108.0,1210.5,1218.5,1847.0,1709.5,561.0,740.5,988.0,1082.5,1122.5,1232.5,1308.5,1317.5,"{""type"":""MultiPoint"",""coordinates"":[]}"
1223_0,3,263.0,213.0,161.5,253.0,249.0,479.5,481.0,502.5,522.0,464.5,2143.0,1871.5,644.5,841.0,1045.5,1167.5,1241.0,1335.0,1402.5,1443.0,2396.5,2129.5,771.5,1001.0,1248.5,1385.0,1440.5,1525.0,1622.5,1666.0,2597.5,2335.5,948.0,1209.5,1473.5,1603.5,1645.5,1725.0,1809.0,1854.0,2685.0,2453.0,1047.0,1283.0,1537.0,1699.0,1735.0,1826.0,1908.0,1945.0,797.0,790.0,972.0,1270.0,1328.0,1458.0,1089.0,1157.0,955.0,1012.0,463.0,417.0,682.0,932.0,917.0,1142.0,952.0,1054.0,1003.0,875.0,789.0,654.0,682.0,986.0,961.0,1316.0,1285.0,1363.0,1284.0,1267.0,1125.0,753.0,460.0,807.0,571.0,1144.0,1600.0,1705.0,1604.0,1563.0,1801.0,988.0,310.0,659.0,334.0,1049.5,2883.0,3421.0,3296.5,3358.5,1503.5,801.5,170.0,395.5,215.0,768.0,2559.5,3521.5,3610.0,3559.5,691.5,520.5,364.5,494.0,576.0,800.5,841.5,943.0,1000.0,1026.5,1643.0,865.0,199.0,404.0,260.0,753.0,2489.0,3533.0,3595.0,3630.0,1641.0,844.0,158.0,353.0,208.0,683.0,2664.0,3859.0,4145.0,4175.0,1641.0,854.0,158.0,418.0,228.0,791.0,2778.0,4184.0,4374.0,4569.0,1660.0,878.0,447.0,837.0,550.0,1504.0,3323.0,4197.0,4475.0,4438.0,1769.0,984.0,476.0,918.0,695.0,1663.0,3449.0,4082.0,4447.0,4306.0,2054.5,1232.0,537.0,1065.0,962.5,1974.0,3457.0,3966.0,4257.5,4282.0,2727.5,1729.5,1160.5,1669.5,1816.0,2606.5,3628.0,3976.5,4412.0,4486.5,3978.5,2753.5,1227.0,1770.0,2282.0,3032.5,3413.0,3673.5,4027.0,4106.5,4312.5,2907.0,1531.5,2105.0,2992.5,3459.5,3737.5,4019.5,4520.5,4424.5,4636.0,3086.0,1697.0,2330.0,3327.0,3811.0,4299.0,4296.0,4686.0,5064.0,581.0,411.0,407.0,489.0,542.0,755.0,710.0,859.0,887.0,968.0,4458.0,3086.0,1387.0,1891.0,2616.0,3114.0,3363.0,3530.0,3637.0,3847.0,4118.5,2968.0,1313.0,1719.0,2369.0,2776.0,2906.0,3104.5,3312.5,3472.5,2169.0,1699.0,731.5,903.0,1223.5,1415.5,1408.5,1499.5,1584.5,1586.0,678.0,502.0,429.0,557.0,708.0,823.0,645.0,745.0,748.0,677.0,325.0,258.0,200.0,276.0,237.0,440.0,304.0,344.0,317.0,273.0,437.0,437.0,600.0,533.0,474.0,509.0,490.0,533.0,654.0,522.0,422.0,281.0,160.0,277.0,365.0,514.0,508.0,548.0,594.0,573.0,865.0,560.0,427.0,511.0,605.0,805.0,979.0,1081.0,1045.0,1130.0,3444.0,2639.0,1267.0,1560.0,1910.0,2288.0,2390.0,2507.0,2633.0,2680.0,2896.0,2033.0,1689.0,1440.0,1491.0,1739.0,1991.0,2035.0,2201.0,2397.0,3292.0,2518.0,1094.5,1390.5,1754.0,2050.5,2212.5,2256.5,2535.0,2608.5,4143.0,3476.5,1464.0,1821.5,2184.5,2495.5,2628.5,2806.5,3072.0,3090.0,3442.0,2945.0,1225.0,1465.0,1770.5,1979.5,2019.0,2178.5,2417.0,2378.0,"{""type"":""MultiPoint"",""coordinates"":[]}"
1224_0,3,1899.0,1579.5,600.5,764.0,1018.5,1158.5,1173.5,1269.0,1361.5,1417.0,2584.5,2173.5,1029.0,1361.0,1688.5,1822.0,1865.0,1937.5,2067.5,2040.0,2633.0,2184.5,992.0,1292.0,1651.0,1796.0,1811.5,1907.0,1998.5,2003.0,2707.5,2279.0,1076.0,1403.0,1756.0,1922.0,1939.0,2045.5,2110.0,2143.5,255.0,258.5,745.0,995.5,1081.5,1236.0,1033.5,1096.0,1079.5,957.5,238.5,223.0,745.0,995.5,1081.5,1236.0,1014.0,1095.5,1079.5,947.5,341.0,249.5,629.0,922.0,955.0,1225.0,1082.5,1125.0,1083.0,980.5,656.0,504.0,570.0,910.0,846.5,1221.5,1392.0,1542.0,1368.5,1311.0,1171.5,698.0,357.0,694.0,442.5,1101.0,2432.0,2769.0,2814.5,2658.5,1752.0,974.0,306.0,710.5,563.5,1312.5,2883.0,3514.0,3668.0,3784.0,1733.0,976.5,326.5,684.0,582.0,1336.5,2708.0,3273.5,3410.0,3473.0,2215.5,1879.0,651.5,885.5,1166.5,1322.0,1346.0,1460.0,1509.5,1585.0,1656.0,925.5,302.0,660.5,537.5,1269.0,2674.5,3173.5,3330.5,3405.0,1454.5,770.0,236.0,571.5,434.5,1125.5,2635.5,3229.0,3372.0,3441.0,1364.5,735.0,244.5,561.0,355.5,1021.0,2546.0,3029.5,3125.0,3250.0,1596.0,840.5,451.0,895.0,495.0,1455.5,3000.5,3410.5,3548.0,3559.0,1636.5,873.5,441.0,962.0,631.0,1579.0,2799.5,3156.0,3454.0,3375.0,1818.0,1048.0,488.0,1050.0,875.0,1855.0,2670.0,2925.0,3113.0,3192.0,2116.0,1208.0,692.5,1311.0,1243.5,2176.0,2846.0,3098.5,3367.5,3490.5,2439.5,1503.5,731.5,1345.0,1479.0,2274.0,2749.0,3017.0,3347.5,3470.5,3626.5,2497.5,1018.5,1462.0,1957.5,2443.0,2698.5,3003.5,3417.0,3443.5,1947.5,1455.0,606.0,869.0,1202.0,1354.0,1414.0,1554.5,1667.0,1671.0,2065.5,1743.0,552.0,788.5,1069.5,1224.5,1263.5,1322.0,1462.0,1473.5,2014.0,1575.0,606.5,854.5,1167.5,1321.5,1364.0,1513.0,1617.0,1604.0,2225.5,1788.0,808.0,994.5,1276.5,1428.0,1473.0,1596.0,1723.5,1729.0,1958.5,1637.0,625.0,772.0,1005.5,1102.0,1150.0,1249.0,1361.5,1349.0,2106.0,1800.5,682.5,832.0,1075.5,1179.5,1220.0,1341.5,1414.5,1425.0,1740.0,1463.5,495.0,601.0,825.0,902.0,950.0,1042.5,1196.0,1165.0,0.0,0.0,0.0,0.0,0.0,0.0,0.0,0.0,0.0,0.0,1662.5,1276.5,464.5,662.5,887.5,1032.0,1030.0,1116.0,1205.5,1226.5,1876.5,1586.5,665.0,811.5,991.5,1108.0,1136.0,1212.0,1315.0,1307.0,2396.5,2026.0,813.5,1068.5,1300.5,1449.0,1496.0,1568.5,1680.0,1696.0,2371.0,1995.0,861.5,1060.5,1316.0,1446.0,1456.0,1533.0,1694.5,1671.0,2190.5,1810.0,839.0,946.5,1167.5,1285.5,1305.5,1385.0,1501.5,1499.0,2196.5,1886.5,720.5,951.0,1209.0,1344.5,1357.0,1479.5,1563.5,1558.5,2365.5,2023.5,857.5,1155.0,1456.0,1582.5,1617.5,1689.5,1829.0,1779.5,"{""type"":""MultiPoint"",""coordinates"":[]}"
1225_0,3,1947.0,1612.5,679.0,823.0,1061.5,1189.0,1247.0,1330.5,1432.0,1449.5,2304.5,1941.0,812.5,1034.5,1293.5,1438.0,1506.5,1597.0,1695.5,1696.5,2456.5,2083.5,940.0,1232.5,1549.0,1698.5,1719.5,1796.5,1860.5,1872.0,2748.0,2360.0,1208.0,1555.5,1908.0,2050.0,2050.0,2143.5,2196.5,2207.5,2366.0,2048.0,1181.0,1545.0,1872.0,2045.0,2006.0,2027.0,1864.0,1875.0,488.0,439.0,1061.0,1279.0,1332.0,1492.0,1228.0,1262.0,1229.0,1060.0,328.0,253.0,646.0,920.0,977.0,1196.0,961.0,1043.0,973.0,863.0,357.0,264.0,578.0,979.0,965.0,1341.0,1193.0,1305.0,1213.0,1090.0,480.0,379.0,384.0,705.0,598.0,970.0,1013.0,1143.0,1061.0,892.0,1212.0,638.0,227.5,511.5,307.5,838.5,2050.5,2531.5,2361.0,2379.0,1439.5,693.5,161.0,395.5,147.0,647.5,2554.0,3502.0,3470.5,3544.5,2105.0,1787.0,745.0,912.0,1151.0,1292.0,1320.0,1382.0,1474.0,1509.0,1363.0,640.0,135.0,360.0,105.0,602.0,2647.0,3750.0,3779.0,3770.0,1395.0,640.0,35.0,390.0,85.0,784.0,3184.0,4285.0,4280.0,4421.0,1476.0,684.0,201.0,623.0,291.0,1139.0,3461.0,4576.0,4661.0,4691.0,1572.0,721.0,436.0,1001.0,603.0,1762.0,3573.0,4308.0,4335.0,4442.0,1622.5,865.0,514.5,1095.0,801.5,1934.0,3379.0,3826.0,4103.0,4120.5,1939.0,1119.5,583.5,1188.5,1191.0,2186.5,3188.5,3491.5,3748.5,3884.0,2343.5,1357.0,919.0,1483.5,1609.0,2457.5,3166.0,3442.0,3756.0,3831.0,2654.0,1676.5,1001.0,1538.0,1883.5,2703.5,3146.0,3402.0,3774.0,3792.0,3628.0,2532.0,1091.0,1575.5,2188.5,2760.5,3066.0,3312.5,3692.5,3744.0,3143.0,2146.0,1069.0,1576.0,2340.0,2777.0,2942.0,3227.0,3380.0,3561.0,2003.0,1705.0,569.0,774.0,1046.0,1187.0,1228.0,1318.0,1405.0,1404.0,3742.0,2735.0,1054.0,1430.0,2034.0,2433.0,2598.0,2821.0,3004.0,3114.0,3547.5,2636.5,1107.5,1436.0,1965.5,2313.0,2495.0,2684.5,2854.5,2983.0,3191.0,2550.5,833.5,1067.5,1428.5,1681.5,1793.5,1932.5,2088.0,2210.5,3223.0,2644.0,887.0,1065.0,1409.0,1646.0,1752.0,1907.0,2020.0,2194.0,1604.0,1338.0,459.0,616.0,821.0,926.0,1004.0,1046.0,1160.0,1128.0,703.0,642.0,542.0,576.5,559.0,589.0,642.5,731.5,801.0,768.5,1416.0,1131.0,475.0,625.0,773.0,888.0,921.0,995.0,1084.0,1079.0,306.0,253.0,158.0,130.0,114.0,153.0,155.0,181.0,187.0,201.0,2251.0,1916.0,792.0,1004.0,1207.0,1360.0,1364.0,1430.0,1578.0,1593.0,2191.5,1859.5,836.0,972.0,1181.0,1301.0,1329.0,1445.5,1544.5,1542.0,1778.0,1494.0,588.0,736.0,906.0,1010.0,1039.0,1089.0,1179.0,1175.0,2343.0,2006.5,907.0,1053.5,1264.5,1383.5,1422.0,1505.5,1619.5,1607.5,2345.5,1994.5,903.5,1080.0,1298.5,1420.5,1480.0,1549.0,1678.5,1664.0,"{""type"":""MultiPoint"",""coordinates"":[]}"
1226_0,3,1881.5,1582.5,832.0,886.0,1007.0,1133.5,1195.5,1285.5,1387.5,1412.0,2535.0,2321.0,778.0,1086.0,1439.0,1571.0,1601.0,1711.0,1799.0,1850.0,2201.0,2010.0,528.0,785.0,1129.0,1256.0,1285.0,1366.0,1480.0,1487.0,277.5,271.0,437.5,565.0,549.0,663.5,445.0,476.0,464.0,362.5,264.0,232.5,530.5,687.5,666.0,772.0,584.0,610.0,582.0,486.0,326.0,274.0,285.0,479.5,472.0,658.5,608.5,690.0,639.0,581.5,489.0,416.0,336.0,540.0,444.0,750.0,732.0,875.0,761.0,743.0,1515.0,1022.0,330.0,540.0,430.0,826.0,1349.0,1474.0,1559.0,1506.0,987.0,592.0,133.0,281.0,135.0,483.0,1454.0,1757.0,1655.0,1659.0,1170.5,588.5,56.5,218.0,43.5,425.5,2173.0,3193.5,3117.5,3199.5,1251.5,593.0,66.5,247.5,40.0,442.0,2420.5,3705.0,3705.0,3771.5,2350.5,2077.5,1356.0,1354.0,1452.5,1626.0,1671.5,1730.5,1759.5,1811.0,1335.0,625.5,68.5,263.5,42.5,522.0,2806.0,4199.5,4165.0,4355.5,1489.0,708.5,230.5,713.0,272.5,1209.5,3491.5,4607.0,4673.0,4816.0,1598.0,795.0,544.0,961.0,673.0,1524.0,3461.0,4327.0,4380.0,4549.0,1677.0,944.0,736.0,1207.0,1045.0,1943.0,3239.0,3709.0,3883.0,3955.0,1796.0,1037.0,674.0,1211.0,1121.0,1999.0,3025.0,3345.0,3707.0,3688.0,2193.0,1314.0,753.0,1241.0,1342.0,2208.0,3025.0,3300.0,3551.0,3684.0,4690.0,3379.5,1298.5,1771.0,2550.5,3044.0,3291.0,3559.0,3911.0,4029.5,4569.5,3338.0,1251.0,1735.0,2484.0,2849.0,3128.0,3370.5,3719.0,3804.5,4209.0,3129.0,1131.0,1551.0,2249.0,2610.0,2875.0,3149.0,3572.0,3596.0,3408.0,2534.0,913.5,1248.5,1726.5,2073.0,2295.5,2492.5,2664.0,2825.0,2158.0,1915.0,539.0,689.0,922.0,1091.0,1173.0,1229.0,1359.0,1387.0,3418.0,2711.5,797.0,1081.0,1407.5,1714.5,1896.5,2077.5,2211.5,2370.5,2533.0,2366.5,1106.0,1164.5,1310.0,1511.5,1515.0,1675.5,1772.0,1767.5,2820.0,2712.5,713.5,805.0,1001.5,1210.5,1325.5,1461.0,1572.0,1648.0,2622.5,2487.0,687.0,790.5,947.5,1156.5,1261.0,1397.5,1462.5,1548.5,2234.0,1860.5,445.5,612.0,818.5,1023.5,1175.0,1244.0,1419.5,1462.5,0.0,0.0,0.0,0.0,0.0,0.0,0.0,0.0,0.0,0.0,1626.0,1302.0,270.0,440.0,662.0,830.0,891.0,960.0,1070.0,1098.0,1977.0,1680.0,387.0,562.0,757.0,964.0,1089.0,1149.0,1228.0,1285.0,2246.0,1905.0,524.0,735.0,912.0,1191.0,1370.0,1439.0,1563.0,1632.0,2222.5,1862.0,621.0,784.0,974.0,1210.5,1463.0,1564.0,1687.5,1718.0,2005.0,1806.0,585.0,743.0,940.0,1101.0,1216.0,1342.0,1422.0,1462.0,2045.0,1864.5,547.0,739.5,987.0,1113.5,1203.5,1282.5,1387.5,1409.0,2128.0,1994.5,610.0,832.5,1118.5,1234.5,1298.5,1374.0,1497.5,1496.5,"{""type"":""MultiPoint"",""coordinates"":[]}"
1227_0,3,349.5,301.0,179.0,267.5,348.5,455.5,271.0,301.5,296.5,290.0,2222.5,1940.5,667.5,855.0,1079.5,1222.0,1288.5,1398.0,1458.5,1503.5,2381.0,2124.0,722.5,934.5,1173.0,1330.5,1377.0,1477.0,1566.5,1656.5,2539.5,2288.0,867.0,1120.5,1357.0,1512.5,1560.0,1629.5,1716.0,1783.5,2639.0,2408.0,983.0,1235.0,1505.0,1657.0,1714.0,1767.0,1892.0,1904.0,1381.0,1270.0,734.0,967.0,1106.0,1262.0,1085.0,1163.0,1013.0,1198.0,637.0,588.0,711.0,945.0,972.0,1112.0,972.0,1080.0,969.0,877.0,956.0,747.0,722.0,1043.0,972.0,1285.0,1273.0,1381.0,1212.0,1233.0,1261.0,998.0,549.0,886.0,674.0,1240.0,1638.0,1816.0,1617.0,1597.0,1776.5,1026.0,370.0,756.5,460.5,1116.0,2835.5,3334.5,3264.5,3378.5,1632.5,999.0,253.0,542.5,340.5,911.0,2548.5,3118.5,3074.5,3188.5,477.0,389.0,317.0,438.0,533.0,647.0,463.0,497.0,467.0,407.0,1671.0,1026.0,260.0,518.0,309.0,894.0,2605.0,3523.0,3746.0,3671.0,1671.0,996.0,194.0,445.0,297.0,840.0,2625.0,3539.0,3615.0,3771.0,1736.0,997.0,204.0,483.0,306.0,1000.0,2837.0,3826.0,3940.0,4056.0,1736.0,1036.0,456.0,858.0,588.0,1447.0,3077.0,3662.0,3964.0,3929.0,1735.0,1014.0,478.0,931.0,766.0,1552.0,2960.0,3298.0,3782.0,3663.0,1916.0,1175.5,521.5,972.5,964.0,1779.5,2837.0,3198.0,3467.0,3481.0,2222.5,1372.5,867.5,1288.5,1387.0,1974.5,2831.5,3145.5,3459.0,3535.5,3565.5,2547.0,1093.0,1508.0,1904.0,2444.0,2958.5,3219.5,3592.5,3710.5,3897.0,2706.5,1437.0,1942.5,2707.5,3114.5,3520.0,3667.5,4174.5,4132.0,3111.0,2038.0,1237.0,1669.0,2305.0,2636.0,2602.0,2982.0,3134.0,3038.0,395.0,306.0,317.0,381.0,469.0,536.0,463.0,436.0,467.0,407.0,3245.0,2492.0,1058.0,1411.0,1941.0,2229.0,2357.0,2528.0,2716.0,2949.0,3061.5,2368.5,1045.5,1365.5,1815.5,2014.5,2119.5,2194.5,2492.0,2499.5,2649.5,2123.5,759.0,990.0,1321.5,1475.0,1563.5,1652.0,1890.5,1827.5,611.0,517.0,330.0,458.0,584.0,675.0,615.0,622.0,623.0,554.0,343.0,342.0,152.0,187.0,276.0,401.0,290.0,292.0,261.0,281.0,541.0,491.0,665.0,594.0,559.0,562.0,544.0,545.0,643.0,520.0,411.0,299.0,180.0,278.0,391.0,462.0,397.0,361.0,380.0,409.0,1149.0,755.0,370.0,454.0,647.0,860.0,881.0,1037.0,1036.0,1098.0,3083.0,2474.0,868.0,1114.0,1468.0,1705.0,1810.0,1919.0,2109.0,2124.0,2493.0,1766.0,605.0,799.0,1166.0,1407.0,1496.0,1566.0,1742.0,1858.0,2718.5,2063.0,736.5,953.5,1324.0,1524.0,1638.0,1746.5,1921.0,1955.5,3383.5,2844.5,1074.0,1325.0,1678.5,1898.5,2005.0,2164.0,2373.5,2353.5,3160.5,2673.0,1037.0,1252.0,1565.0,1761.0,1842.5,1988.5,2160.5,2167.5,"{""type"":""MultiPoint"",""coordinates"":[]}"
1228_0,3,2085.0,1678.5,637.0,784.0,1075.0,1201.5,1245.5,1333.5,1445.5,1462.5,2165.5,1839.0,730.5,943.5,1233.0,1314.0,1406.5,1462.5,1611.0,1616.0,2352.0,2036.0,817.0,1077.5,1399.5,1495.0,1531.5,1623.0,1730.5,1727.0,2498.0,2178.5,872.0,1152.0,1503.5,1607.5,1653.5,1749.5,1842.0,1848.0,376.0,313.0,698.0,843.0,883.0,1040.0,853.0,929.0,899.0,771.0,376.0,313.0,698.0,843.0,883.0,1040.0,853.0,929.0,899.0,771.0,410.0,320.0,495.0,687.0,599.0,893.0,832.0,930.0,842.0,788.0,697.0,577.0,554.0,821.0,558.0,1093.0,1181.0,1269.0,1191.0,1139.0,1740.0,840.0,450.0,882.0,454.0,1328.0,3661.0,4062.0,4225.0,4012.0,1969.0,1021.5,315.0,732.5,420.0,1311.0,3497.5,4395.5,4406.0,4487.5,1755.5,872.0,186.5,465.5,234.5,837.5,3129.0,4218.5,4246.0,4428.0,2320.0,1905.0,734.0,889.0,1150.0,1308.0,1331.0,1415.0,1533.0,1621.0,1727.0,859.0,228.0,492.0,246.0,806.0,3167.0,4286.0,4309.0,4625.0,1655.0,805.0,128.0,444.0,210.0,907.0,3352.0,4621.0,4758.0,4849.0,1655.0,821.0,252.0,656.0,355.0,1159.0,3472.0,4721.0,4882.0,5046.0,1780.0,923.0,437.0,918.0,598.0,1623.0,3677.0,4656.0,4822.0,5007.0,1863.0,999.5,490.5,1011.0,760.0,1786.0,3546.5,4159.5,4496.5,4514.5,2137.0,1243.5,557.5,1083.5,1068.0,2036.0,3403.5,3925.5,4142.0,4332.5,2473.5,1454.5,838.5,1289.5,1383.0,2327.5,3243.5,3718.5,3994.0,4205.0,3765.0,2634.0,1096.0,1577.0,2029.5,2702.0,3156.0,3430.5,3768.0,3908.5,3453.0,2475.0,1081.5,1517.5,2119.5,2591.5,2802.5,3010.5,3388.5,3458.5,3014.0,2190.0,983.0,1417.0,2001.0,2421.0,2595.0,2785.0,2922.0,3280.0,2278.5,1888.5,691.5,840.5,1127.5,1235.0,1280.5,1369.5,1541.5,1560.0,3014.5,2221.5,949.5,1309.0,1844.5,2214.5,2288.5,2501.5,2725.5,2819.0,2856.5,2109.0,941.0,1190.5,1623.0,1923.5,2067.0,2184.0,2381.5,2513.5,2677.5,2069.5,722.0,940.5,1239.5,1449.0,1610.0,1690.0,1779.0,1943.0,2744.5,2117.0,779.0,943.0,1231.5,1446.0,1562.5,1682.5,1742.0,1895.5,1860.0,1426.0,527.0,686.0,964.0,1126.0,1168.0,1251.0,1395.0,1398.0,0.0,0.0,0.0,0.0,0.0,0.0,0.0,0.0,0.0,0.0,2072.0,1771.0,617.0,787.0,1011.0,1094.0,1100.0,1185.0,1285.0,1331.0,2034.0,1752.0,624.0,703.0,918.0,986.0,997.0,1044.0,1185.0,1205.0,2245.0,1903.0,713.0,875.5,1103.5,1203.0,1235.5,1308.5,1454.0,1470.5,2278.0,1927.0,713.0,815.0,1079.0,1202.0,1108.0,1228.0,1305.0,1346.0,2353.0,1960.5,792.0,897.0,1134.5,1251.0,1200.0,1320.5,1434.0,1472.0,2431.0,2106.0,844.0,980.0,1190.0,1300.0,1401.0,1476.0,1616.0,1625.0,2287.0,1919.0,735.0,983.0,1273.0,1366.0,1451.0,1519.0,1645.0,1674.0,"{""type"":""MultiPoint"",""coordinates"":[]}"
1229_0,3,3117.5,2801.5,2503.5,2400.0,2478.0,2615.5,2682.0,2689.5,2846.0,2802.0,2600.0,2393.0,841.0,1150.0,1480.0,1638.0,1654.0,1755.0,1859.0,1889.0,2281.0,2101.0,586.0,842.0,1189.0,1302.0,1366.0,1454.0,1564.0,1610.0,199.5,194.5,281.5,402.0,346.0,457.5,262.0,264.5,261.5,177.5,199.5,171.0,302.0,460.0,439.0,554.5,378.5,441.5,367.5,320.0,378.0,289.0,300.5,525.0,460.0,731.0,742.0,821.5,763.5,698.5,614.0,509.0,285.0,523.0,350.0,884.0,1011.0,1071.0,999.0,969.0,930.0,560.0,225.0,458.0,279.0,734.0,1440.0,1607.0,1590.0,1525.0,1054.0,591.0,142.0,296.0,104.0,509.0,1805.0,2336.0,2305.0,2278.0,1233.5,605.0,27.5,225.5,17.5,478.0,2422.0,3590.5,3610.0,3571.0,1301.5,607.5,34.5,254.5,29.5,511.5,2700.5,4059.0,4091.5,4125.0,2099.0,1857.0,1007.0,990.5,1099.5,1212.5,1260.0,1319.5,1422.0,1417.0,1407.0,662.0,57.5,314.0,44.0,608.5,2995.0,4413.5,4413.5,4498.5,1540.0,734.5,224.0,791.5,310.5,1351.5,3581.0,4623.5,4752.0,4852.5,1650.0,828.0,546.0,988.0,717.0,1570.0,3519.0,4280.0,4340.0,4589.0,1741.0,981.0,708.0,1172.0,1048.0,1953.0,3217.0,3712.0,3884.0,3962.0,1872.0,1065.0,676.0,1247.0,1140.0,2024.0,3035.0,3389.0,3695.0,3724.0,2279.0,1382.0,767.0,1278.0,1378.0,2252.0,3035.0,3389.0,3588.0,3724.0,4800.0,3399.0,1357.5,1804.0,2609.0,3085.5,3406.0,3724.5,4096.0,4213.5,4660.0,3379.0,1236.5,1714.0,2462.0,2823.5,3121.0,3417.0,3797.5,3834.0,4243.0,3053.0,1186.0,1618.0,2144.0,2529.0,2847.0,3196.0,3437.0,3525.0,3582.5,2964.0,1077.0,1432.5,1966.5,2345.5,2597.5,2885.0,2694.5,3167.5,2135.0,1853.5,531.5,709.0,971.0,1099.5,1183.0,1261.0,1410.5,1419.5,3515.0,2785.0,782.5,1069.5,1402.5,1682.0,1902.0,2086.0,2228.5,2361.5,2719.5,2273.5,1089.0,1222.0,1417.5,1564.5,1733.0,1786.5,1981.5,2004.5,3315.5,2907.0,785.0,925.0,1113.0,1303.0,1539.5,1685.5,1889.5,1894.0,2974.0,2587.0,726.0,865.0,1018.0,1229.0,1449.5,1541.5,1723.5,1747.5,2584.0,1908.0,522.0,674.0,885.0,1184.0,1342.0,1514.0,1678.0,1711.0,0.0,0.0,0.0,0.0,0.0,0.0,0.0,0.0,0.0,0.0,1973.0,1671.0,423.0,646.0,901.0,1096.0,1142.0,1248.0,1360.0,1379.0,2226.0,1946.0,544.0,734.0,979.0,1153.0,1311.0,1369.0,1448.0,1522.0,2368.0,1993.0,608.0,809.0,1064.0,1264.0,1491.0,1554.0,1700.0,1797.0,2334.0,1968.5,716.0,884.5,1103.5,1338.0,1529.0,1678.5,1783.5,1821.5,2162.0,1955.0,675.0,824.0,1065.0,1221.0,1342.0,1456.0,1522.0,1593.0,2162.0,1955.0,602.0,812.0,1105.0,1221.0,1312.0,1386.0,1499.0,1581.0,2227.5,2081.5,655.5,882.5,1169.0,1306.0,1375.5,1465.5,1582.0,1622.0,"{""type"":""MultiPoint"",""coordinates"":[]}"
1230_0,3,1851.0,1545.0,528.0,681.5,921.5,1041.5,1053.0,1131.0,1252.0,1296.5,2388.5,2056.0,913.0,1198.0,1480.0,1603.0,1647.5,1716.5,1806.0,1801.5,2255.5,1901.0,714.0,983.0,1266.5,1400.5,1431.5,1504.0,1586.5,1611.5,284.0,253.0,459.5,705.5,741.0,903.0,693.0,757.0,738.0,654.0,402.0,311.0,729.5,954.0,966.5,1239.0,1153.5,1176.0,1095.0,1039.0,394.0,311.0,482.5,810.0,747.0,1100.0,1018.5,1108.0,1024.0,938.0,867.5,630.0,332.0,699.5,440.5,1058.0,1635.0,1806.0,1737.0,1618.0,1597.0,851.5,305.0,677.0,337.5,1053.5,2914.0,3506.0,3526.0,3447.0,1787.5,894.5,231.5,618.5,265.0,1060.5,3236.5,4231.5,4264.5,4303.5,1710.5,840.0,195.0,547.0,262.5,982.5,3166.5,4244.5,4252.5,4411.0,1662.0,815.0,145.0,391.0,190.5,755.0,3003.5,4273.0,4387.0,4484.0,2150.0,1814.0,574.5,785.5,1049.0,1198.0,1213.0,1285.0,1397.0,1457.0,1712.0,823.0,180.5,452.0,210.5,817.0,3183.0,4475.0,4587.0,4787.0,1705.0,821.0,288.0,849.5,419.0,1488.5,3699.0,4712.5,4821.5,4967.5,1787.5,898.0,453.0,957.0,694.0,1708.5,3711.0,4453.5,4534.5,4790.5,2076.5,1115.0,650.0,1180.5,1074.0,2207.5,3608.0,4101.0,4340.0,4515.0,2378.0,1374.5,757.5,1316.0,1369.5,2330.5,3494.5,3956.5,4296.0,4376.0,2722.0,1673.0,824.0,1399.0,1639.0,2525.0,3413.0,3834.0,4087.0,4273.0,4100.0,2754.5,1181.0,1688.5,2369.5,2922.0,3166.5,3515.0,3861.0,4009.5,3960.5,2680.5,1082.5,1534.5,2310.0,2766.0,3013.5,3341.5,3711.5,3755.5,3658.5,2638.0,1030.5,1518.0,2223.0,2619.0,2852.5,3039.0,3448.0,3507.0,2515.0,1919.5,853.5,1186.0,1666.0,1872.5,1957.5,2132.0,2222.5,2267.0,2013.5,1679.5,481.5,701.0,973.0,1108.0,1169.5,1224.5,1357.5,1333.0,2548.5,1953.5,882.5,1209.5,1678.0,1897.0,1942.5,2128.0,2216.0,2264.0,2513.0,1916.5,983.5,1246.0,1654.5,1867.0,1898.5,2061.0,2193.0,2230.0,2132.0,1732.0,692.0,873.0,1160.0,1325.5,1355.5,1476.0,1575.5,1589.5,1952.5,1536.0,596.0,827.0,1122.0,1254.5,1320.0,1434.5,1491.5,1508.5,1470.0,1247.0,368.5,508.0,739.5,825.0,829.5,898.0,1007.5,970.5,0.0,0.0,0.0,0.0,0.0,0.0,0.0,0.0,0.0,0.0,1548.5,1198.5,428.0,582.0,777.5,897.5,946.5,1022.0,1119.5,1132.5,1837.0,1536.0,614.0,740.5,919.5,1040.5,1069.0,1137.5,1230.5,1220.0,2279.0,1943.0,711.0,939.0,1180.0,1322.5,1346.0,1449.5,1561.0,1541.5,2281.0,1938.5,708.5,915.5,1177.0,1277.5,1309.0,1404.0,1539.0,1539.0,2158.0,1794.5,751.5,862.5,1086.5,1180.0,1194.0,1291.5,1416.5,1410.0,2139.5,1853.0,681.0,870.5,1125.5,1239.5,1298.5,1365.0,1470.0,1463.5,2175.0,1860.5,741.5,959.5,1208.5,1351.0,1389.0,1473.0,1554.0,1579.5,"{""type"":""MultiPoint"",""coordinates"":[]}"
1231_0,3,2033.5,1634.0,664.0,825.0,1091.0,1228.5,1307.0,1362.5,1466.5,1535.5,2347.5,1962.0,756.5,1008.5,1276.5,1401.0,1446.5,1583.0,1694.5,1691.5,2641.5,2237.5,915.0,1208.5,1512.5,1660.5,1664.0,1757.0,1861.0,1892.5,2876.5,2449.0,1051.5,1399.0,1732.5,1872.0,1892.0,1991.0,2065.0,2127.5,727.0,582.0,817.0,1057.0,1108.0,1348.0,1174.0,1238.0,1213.0,1083.0,880.0,667.0,770.0,1038.0,1108.0,1348.0,1314.0,1389.0,1213.0,1398.0,618.0,453.0,578.0,905.0,865.0,1167.0,1182.0,1242.0,1207.0,1151.0,1022.0,761.0,557.0,843.0,715.0,1150.0,1537.0,1688.0,1550.0,1595.0,1815.0,949.0,361.0,683.0,386.0,1038.0,2910.0,3411.0,3280.0,3394.0,1900.5,951.0,238.5,606.5,265.5,980.0,3333.0,4331.0,4293.5,4414.5,1672.0,815.0,96.5,383.5,147.5,745.5,3145.0,4521.5,4445.0,4643.0,2224.0,1821.0,721.0,902.0,1151.0,1326.0,1334.0,1474.0,1563.0,1587.0,1619.0,792.0,136.0,412.0,177.0,730.0,3167.0,4440.0,4600.0,4597.0,1625.0,792.0,77.0,466.0,215.0,912.0,3410.0,4713.0,4889.0,4946.0,1735.0,867.0,327.0,816.0,497.0,1466.0,3782.0,4754.0,4921.0,5091.0,1934.0,990.0,516.0,1028.0,787.0,1913.0,3733.0,4443.0,4640.0,4823.0,1994.0,1147.5,548.0,1126.5,940.5,2043.5,3539.0,3940.0,4303.0,4390.0,2577.0,1578.5,720.5,1324.5,1491.5,2486.0,3379.0,3789.0,3983.5,4200.0,3164.0,2052.5,1093.0,1647.0,2118.0,2981.5,3671.5,4026.0,4316.0,4436.0,4230.0,2925.0,1304.5,1867.5,2501.5,3266.5,3538.0,3855.5,4135.5,4313.0,3779.0,2824.0,1251.0,1675.0,2342.0,2742.0,3023.0,3234.0,3455.0,3565.0,3963.5,2751.5,1151.0,1596.5,2350.0,2891.0,2948.5,3339.5,3244.0,3526.0,2123.0,1724.0,789.0,885.0,1069.0,1210.0,1269.0,1346.0,1455.0,1479.0,3494.5,2544.0,952.5,1338.0,1888.5,2413.5,2344.5,2727.5,2671.0,2870.0,3260.0,2396.0,951.5,1255.0,1677.5,2045.0,2151.0,2299.0,2377.0,2584.0,2982.0,2327.0,745.5,958.0,1276.5,1517.5,1560.5,1703.0,1817.0,1920.0,3087.0,2452.0,800.0,969.5,1282.5,1481.5,1556.0,1734.5,1818.0,1900.0,1906.0,1196.0,505.0,655.0,912.0,1023.0,1072.0,1152.0,1280.0,1301.0,0.0,0.0,0.0,0.0,0.0,0.0,0.0,0.0,0.0,0.0,1873.0,1443.5,685.0,848.0,1046.5,1147.0,1190.0,1286.5,1375.0,1417.0,2093.0,1753.0,718.0,818.0,992.0,1144.0,1130.0,1230.0,1293.0,1349.0,2462.0,2058.0,818.0,1023.0,1259.0,1386.0,1436.0,1497.0,1618.0,1658.0,2652.0,2266.0,1046.0,1236.0,1445.0,1558.0,1656.0,1751.0,1918.0,1850.0,2100.0,1687.5,675.5,824.0,1019.0,1124.0,1176.0,1242.5,1355.0,1362.5,2436.0,2051.0,875.0,1016.0,1206.0,1363.0,1500.0,1631.0,1693.0,1722.0,2383.0,1913.0,826.5,1053.5,1208.0,1392.0,1669.0,1794.0,1929.0,1924.0,"{""type"":""MultiPoint"",""coordinates"":[]}"
1232_0,3,2929.0,2246.5,1099.5,1185.5,1429.5,1669.0,1770.5,1897.0,2146.5,2184.5,2223.0,2074.0,618.0,853.0,1142.0,1246.0,1270.0,1407.0,1463.0,1500.0,2301.0,2175.0,697.0,893.0,1190.0,1325.0,1342.0,1425.0,1494.0,1541.0,2270.5,2150.5,726.0,961.5,1240.5,1376.5,1433.0,1489.5,1582.5,1629.5,604.0,527.0,983.0,1049.0,1072.0,1109.0,851.0,883.0,893.0,731.0,604.0,527.0,983.0,1049.0,1072.0,1109.0,851.0,883.0,893.0,731.0,303.0,249.0,364.0,532.0,464.0,722.0,670.0,747.0,603.0,575.0,1199.0,736.0,403.0,792.0,545.0,1180.0,1835.0,2013.0,1979.0,2046.0,846.0,561.0,297.0,569.0,392.0,920.0,1532.0,1734.0,1671.0,1677.0,1247.5,647.0,192.5,460.5,216.5,805.5,2229.0,2910.5,2899.5,2944.5,1223.0,591.0,126.5,342.5,155.5,665.0,2239.0,3067.5,3102.5,3178.0,3363.0,2713.0,759.0,982.5,1354.0,1574.0,1638.5,1796.5,2010.5,2098.0,1225.0,577.5,78.5,232.5,74.5,495.5,2259.0,3488.5,3495.0,3575.0,1045.5,495.0,43.5,194.0,30.0,445.5,2231.5,3489.0,3548.5,3670.5,1012.0,476.0,401.0,597.0,414.0,840.0,2352.0,3510.0,3534.0,3628.0,1236.0,620.0,548.0,855.0,559.0,1264.0,2887.0,3685.0,3852.0,3917.0,1233.0,620.0,432.0,790.0,559.0,1264.0,2773.0,3454.0,3781.0,3809.0,1401.0,768.0,317.0,726.0,610.0,1333.0,2734.0,3232.0,3528.0,3589.0,1929.0,1068.5,639.0,1220.5,1189.0,2045.0,3050.0,3399.5,3739.0,3773.0,2446.0,1505.0,1021.5,1533.5,1817.5,2466.5,3111.0,3389.0,3818.5,3895.5,4114.0,2885.0,1180.0,1587.0,2283.0,2670.0,2902.0,3202.0,3568.0,3661.0,3765.5,2617.5,1099.0,1563.0,2310.5,2685.5,2813.5,3053.0,3283.5,3457.0,3445.5,2729.5,761.0,966.0,1358.5,1581.0,1625.0,1789.5,2055.5,2109.0,4071.5,2936.0,1046.0,1421.5,2011.0,2367.0,2513.5,2689.0,2924.0,3116.0,3689.5,2858.0,1602.0,1839.0,2244.0,2518.0,2701.0,2815.0,3021.5,3118.0,3285.0,2610.5,916.5,1113.0,1463.0,1685.5,1850.5,1980.5,2229.5,2295.5,3417.5,2689.0,931.5,1141.0,1475.5,1704.5,1856.0,2022.5,2206.0,2297.0,2873.0,2131.5,685.5,895.5,1243.0,1475.5,1589.0,1723.0,1978.5,2018.5,0.0,0.0,0.0,0.0,0.0,0.0,0.0,0.0,0.0,0.0,3597.0,2730.0,806.0,1082.0,1533.0,1781.0,1887.0,2009.0,2227.0,2378.0,4003.5,3111.0,1047.0,1274.5,1641.0,1979.0,2112.0,2327.5,2544.5,2677.0,3636.5,2874.5,891.0,1152.5,1500.0,1792.5,1917.5,2064.5,2304.0,2379.5,1820.5,1616.0,521.0,645.0,875.0,976.5,999.0,1053.0,1158.5,1199.5,1933.0,1707.0,547.0,674.0,943.0,1043.0,1005.0,1043.0,1161.0,1229.0,1946.5,1831.5,522.5,699.0,966.5,1078.5,1078.0,1132.0,1223.0,1270.5,2009.5,1888.5,572.0,761.0,1030.0,1146.5,1163.0,1224.0,1321.0,1353.0,"{""type"":""MultiPoint"",""coordinates"":[]}"
1233_0,3,1865.5,1510.0,627.5,791.0,1043.0,1165.5,1218.0,1271.0,1407.5,1405.0,2538.5,2245.0,952.5,1245.5,1509.5,1624.0,1657.0,1772.5,1886.0,1822.5,2450.5,2112.5,847.0,1146.5,1403.5,1506.5,1518.0,1579.5,1721.5,1744.0,298.0,174.5,468.5,665.0,732.5,810.0,640.5,668.0,674.0,582.0,722.0,486.0,781.0,1019.0,1095.0,1215.0,1215.0,1222.0,1017.0,1077.0,722.0,486.0,781.0,1019.0,1095.0,1215.0,1215.0,1222.0,1223.0,1206.0,473.0,357.0,540.0,828.0,737.0,1122.0,1014.0,1083.0,1045.0,1013.0,1555.0,1096.0,571.0,911.0,791.0,1324.0,1925.0,2120.0,2074.0,2120.0,1054.0,598.0,447.0,779.0,625.0,1093.0,1719.0,1863.0,1946.0,1923.0,1148.0,600.0,276.5,538.0,336.5,879.5,1779.5,2204.5,2228.5,2279.5,1213.5,676.5,161.0,400.5,230.5,728.5,1996.5,2617.5,2657.0,2642.5,2091.5,1733.5,729.5,938.5,1178.5,1300.0,1361.0,1412.5,1572.0,1534.0,1341.0,674.0,176.0,395.0,227.0,670.0,2288.0,2836.0,2800.0,3036.0,1406.0,679.0,113.0,425.0,177.0,727.0,2715.0,3447.0,3578.0,3611.0,1365.0,709.0,280.0,703.0,434.0,1160.0,2921.0,3641.0,3713.0,3907.0,1617.0,817.0,491.0,960.0,832.0,1670.0,3012.0,3509.0,3653.0,3779.0,1883.0,1061.0,581.0,1030.0,1061.0,1813.0,2812.0,3112.0,3394.0,3489.0,2128.5,1275.0,643.5,1086.5,1210.0,1962.5,2726.5,3089.5,3336.0,3415.5,3704.0,2598.5,1311.5,1721.0,2133.0,2618.0,2930.0,3151.0,3388.5,3546.5,2987.0,2281.5,1084.5,1401.5,1789.0,2052.0,2116.5,2266.0,2462.5,2556.0,2344.5,1912.5,758.0,1030.5,1382.5,1537.5,1596.5,1697.0,1812.0,1797.0,1716.0,1309.0,619.0,820.0,1073.0,1205.0,1235.0,1307.0,1385.0,1396.0,2010.5,1692.0,649.0,867.0,1117.5,1235.5,1276.5,1350.5,1495.0,1459.0,1984.0,1609.0,619.0,820.0,1073.0,1241.0,1272.0,1391.0,1404.0,1492.0,1805.5,1456.0,659.0,822.0,1019.5,1149.0,1209.5,1280.0,1334.0,1383.0,1853.5,1574.0,497.5,687.5,901.5,1013.5,1068.5,1136.5,1272.5,1218.0,2144.5,1905.0,670.0,859.5,1087.0,1225.0,1269.0,1376.0,1452.5,1444.0,1587.0,1401.0,409.0,559.0,738.0,817.0,816.0,889.0,1017.0,1020.0,0.0,0.0,0.0,0.0,0.0,0.0,0.0,0.0,0.0,0.0,1974.0,1688.0,635.0,837.0,1066.0,1140.0,1178.0,1231.0,1356.0,1390.0,300.0,225.0,220.0,203.0,198.0,200.0,194.0,224.0,224.0,222.0,2354.5,2021.0,836.5,1059.0,1290.0,1388.0,1443.0,1529.0,1663.5,1628.5,2235.5,1923.0,793.0,977.5,1207.5,1315.0,1317.0,1420.0,1539.0,1485.0,1989.0,1738.0,657.0,823.0,1013.0,1105.0,1127.0,1194.0,1312.0,1276.0,1989.0,1768.0,691.0,846.0,1016.0,1105.0,1165.0,1285.0,1374.0,1345.0,2151.5,1873.5,697.0,918.0,1115.0,1201.0,1292.0,1332.0,1478.5,1446.0,"{""type"":""MultiPoint"",""coordinates"":[]}"
1234_0,3,1934.5,1627.0,587.0,727.5,981.5,1106.0,1138.5,1258.5,1339.0,1338.0,2600.5,2184.0,1023.5,1343.0,1645.5,1786.0,1841.0,1910.5,2018.0,2048.5,2619.5,2180.5,960.5,1261.0,1598.5,1744.0,1767.5,1856.5,1954.5,1983.0,2729.5,2305.5,1050.0,1370.5,1698.5,1868.0,1905.0,1982.0,2059.0,2105.5,319.5,302.5,703.5,944.0,1010.0,1264.5,1094.5,1142.0,1134.0,1020.0,259.5,208.0,649.5,886.0,976.5,1167.0,1029.0,1103.5,1126.5,1012.0,281.0,207.5,579.5,863.5,896.5,1167.5,1043.5,1141.0,1128.0,995.0,688.0,457.0,570.5,832.5,863.5,1139.5,1468.5,1609.0,1558.0,1505.0,1121.0,689.5,332.5,632.5,472.5,1095.0,2053.0,2291.0,2313.0,2257.0,1668.0,954.0,332.5,664.0,601.5,1300.5,2632.5,3142.0,3314.5,3404.0,1638.0,921.5,340.5,672.5,567.0,1280.0,2579.5,3059.0,3217.0,3233.0,2241.5,1891.5,651.5,879.5,1160.0,1281.0,1355.5,1425.0,1497.5,1550.0,1622.5,896.5,318.5,681.0,519.5,1244.5,2652.5,3138.0,3236.0,3300.5,1453.0,803.0,288.5,610.5,453.5,1180.5,2692.0,3235.0,3378.0,3482.5,1375.0,752.0,275.0,619.5,402.5,1050.5,2648.5,3108.5,3208.5,3304.5,1595.0,842.5,450.5,857.5,504.5,1394.5,2976.0,3434.5,3526.0,3609.5,1628.0,883.0,423.5,924.5,586.0,1530.5,2803.5,3171.0,3455.0,3364.5,1744.0,997.0,455.0,981.0,746.0,1742.0,2703.0,3003.0,3178.0,3250.0,2059.5,1171.5,668.5,1245.0,1095.5,2038.5,2829.0,3100.5,3372.5,3493.0,2402.5,1456.0,717.5,1254.0,1347.5,2147.0,2769.0,3004.0,3315.0,3468.5,3582.5,2449.5,928.5,1356.5,1845.5,2295.0,2590.0,2867.5,3255.0,3353.5,1898.0,1453.5,547.0,763.0,1063.5,1236.0,1285.0,1399.5,1477.0,1557.0,2110.0,1737.0,543.5,791.5,1054.0,1191.5,1224.5,1339.0,1448.5,1467.0,1967.5,1562.5,571.5,777.0,1072.5,1227.0,1274.0,1372.5,1475.0,1537.5,2206.0,1792.5,833.5,1006.0,1250.0,1384.5,1462.0,1540.5,1676.0,1708.5,1948.0,1637.0,585.5,774.0,978.5,1089.5,1144.5,1222.5,1363.0,1358.5,2143.5,1845.5,710.5,843.5,1056.5,1204.0,1237.5,1340.0,1416.5,1434.0,1714.0,1463.0,473.5,580.0,787.0,868.5,935.0,970.5,1129.0,1126.0,0.0,0.0,0.0,0.0,0.0,0.0,0.0,0.0,0.0,0.0,1664.0,1303.0,475.5,656.0,877.0,964.0,1034.5,1094.0,1210.5,1215.0,1972.0,1649.0,663.0,811.0,999.5,1094.5,1174.5,1252.5,1312.5,1328.5,2399.0,1976.0,825.5,1052.0,1292.5,1465.0,1519.0,1574.0,1675.5,1718.0,2399.5,1999.0,869.0,1053.5,1298.0,1407.5,1476.5,1530.5,1669.5,1657.5,2251.5,1852.0,823.5,960.5,1158.0,1260.5,1306.0,1394.5,1502.5,1539.0,2198.5,1846.0,692.0,890.0,1145.5,1285.0,1323.5,1406.5,1491.0,1517.5,2361.0,2019.0,857.0,1152.5,1422.5,1545.5,1599.5,1672.5,1798.5,1784.5,"{""type"":""MultiPoint"",""coordinates"":[]}"
1235_0,3,1620.0,1344.5,573.0,715.5,907.0,973.5,1008.0,1060.5,1186.5,1181.5,2377.0,2057.5,1012.5,1300.5,1500.5,1606.5,1649.0,1730.5,1830.5,1796.5,2494.0,2162.5,1074.5,1325.0,1551.5,1680.5,1689.0,1777.5,1847.0,1846.5,1534.5,1368.0,795.0,1066.5,1214.5,1328.0,1215.0,1242.0,1270.0,1268.0,793.0,704.0,693.0,989.0,1083.0,1275.0,1046.0,987.0,916.0,868.0,977.0,779.0,802.0,1106.0,1199.0,1403.0,1237.0,1320.0,1181.0,1127.0,863.0,719.0,684.0,992.0,1051.0,1359.0,1171.0,1244.0,1159.0,1081.0,863.0,719.0,608.0,854.0,862.0,1336.0,1246.0,1476.0,1274.0,1149.0,847.0,708.0,473.0,712.0,723.0,1110.0,1201.0,1434.0,1274.0,1205.0,856.5,621.0,339.5,560.5,490.5,1011.5,1296.5,1494.5,1396.5,1389.5,1190.5,800.5,319.5,515.0,449.5,1044.0,1622.0,1881.0,1809.0,1752.5,1805.0,1533.0,683.0,860.0,1040.0,1164.0,1164.0,1179.0,1272.0,1371.0,1268.0,840.0,373.0,600.0,537.0,1028.0,1892.0,2291.0,2073.0,2116.0,1213.0,783.0,293.0,506.0,384.0,986.0,2091.0,2291.0,2230.0,2199.0,1392.0,796.0,335.0,619.0,490.0,1201.0,2149.0,2426.0,2396.0,2410.0,1351.0,902.0,519.0,815.0,711.0,1338.0,2340.0,2509.0,2744.0,2693.0,2429.0,1500.0,744.0,1179.0,1315.0,2002.0,2656.0,3018.0,3435.0,3307.0,2542.5,1731.0,724.5,1091.5,1318.5,1882.5,2341.5,2587.0,2953.5,2987.0,3406.0,2524.0,1053.0,1412.0,1831.0,2273.0,2543.0,2812.0,3038.0,3021.0,2744.5,2106.0,980.0,1213.0,1512.5,1721.0,1882.5,2101.5,2281.0,2325.0,2452.0,1956.5,767.0,1024.0,1336.0,1518.5,1675.0,1769.5,1880.0,1958.5,1651.0,1337.0,578.0,714.0,898.0,1001.0,1038.0,1158.0,1127.0,1231.0,1674.0,1398.0,510.0,710.0,908.0,1001.0,1065.0,1075.0,1196.0,1161.0,1923.0,1566.0,581.0,793.0,989.0,1103.0,1225.0,1260.0,1376.0,1384.0,1838.0,1511.5,632.5,810.5,973.5,1076.5,1157.0,1214.5,1298.5,1346.5,1830.5,1522.0,554.0,768.5,950.0,1076.0,1128.5,1170.5,1299.0,1311.0,2253.0,1935.0,896.0,1075.0,1280.0,1426.0,1454.0,1562.0,1608.0,1629.0,1232.0,993.0,303.0,404.0,512.0,549.0,598.0,656.0,713.0,691.0,970.0,845.0,843.0,823.0,810.0,835.0,877.0,911.0,994.0,950.0,1809.0,1500.0,606.0,814.0,992.0,1107.0,1121.0,1225.0,1294.0,1307.0,2036.0,1747.0,801.0,985.0,1168.0,1253.0,1295.0,1343.0,1416.0,1427.0,2466.0,2125.0,995.0,1276.0,1487.0,1599.0,1621.0,1715.0,1823.0,1826.0,1516.0,1253.0,489.0,537.0,707.0,782.0,780.0,887.0,932.0,917.0,1516.0,1253.0,419.0,559.0,707.0,782.0,785.0,887.0,932.0,942.0,1936.0,1682.0,783.0,921.0,1069.0,1171.0,1217.0,1308.0,1373.0,1420.0,2042.5,1781.5,770.0,965.5,1139.5,1253.5,1292.5,1384.0,1456.5,1468.5,"{""type"":""MultiPoint"",""coordinates"":[]}"
1236_0,3,2255.0,1871.5,1993.5,1839.5,1842.0,1930.5,2023.5,2071.5,2321.0,2159.5,2527.0,2329.0,776.0,1061.0,1431.0,1564.0,1611.0,1723.0,1796.0,1868.0,2247.0,2046.0,584.0,835.0,1150.0,1296.0,1340.0,1438.0,1547.0,1567.0,609.0,596.5,448.0,624.0,659.0,785.0,697.0,727.0,781.0,692.5,317.0,261.0,434.0,614.0,560.0,759.0,797.0,823.0,815.0,738.0,596.0,446.0,456.0,652.0,619.0,876.0,909.0,1005.0,1046.0,992.0,675.0,528.0,308.0,510.0,410.0,807.0,1112.0,1251.0,1164.0,1118.0,894.0,622.0,294.0,528.0,381.0,820.0,1291.0,1478.0,1571.0,1458.0,1093.0,601.0,156.0,358.0,191.0,571.0,1821.0,2297.0,2285.0,2248.0,1242.0,612.5,52.5,251.0,47.0,452.0,2411.0,3661.5,3705.5,3686.0,1359.0,636.0,62.5,291.0,75.5,492.5,2636.0,4191.0,4301.0,4294.5,2094.5,1824.5,872.5,870.0,968.5,1096.0,1201.0,1291.0,1434.0,1401.0,1434.5,662.5,82.0,322.0,88.5,569.5,2908.0,4538.0,4601.0,4718.0,1497.5,706.5,203.5,600.5,250.0,1087.0,3369.5,4556.0,4757.5,4847.0,1609.0,779.0,511.0,904.0,630.0,1421.0,3383.0,4312.0,4391.0,4618.0,1688.0,927.0,717.0,1150.0,983.0,1815.0,3201.0,3737.0,3946.0,4033.0,1788.0,1027.0,600.0,1100.0,996.0,1881.0,2930.0,3317.0,3623.0,3690.0,2284.0,1382.0,693.0,1158.0,1296.0,2125.0,2891.0,3225.0,3483.0,3627.0,4648.5,3334.5,1140.5,1601.5,2279.5,2773.5,2999.0,3282.5,3611.0,3752.5,4577.0,3373.0,1106.5,1551.5,2296.5,2671.0,2914.5,3145.5,3505.5,3564.0,4226.0,3086.0,1057.0,1456.0,2107.0,2479.0,2698.0,2921.0,3323.0,3391.0,3573.0,2683.5,876.5,1229.0,1775.5,2103.0,2256.5,2437.0,2639.0,2796.5,1986.0,1685.0,572.0,748.0,1001.0,1142.0,1246.0,1324.0,1486.0,1441.0,3570.5,2877.5,761.5,1064.5,1443.0,1716.5,1862.0,2014.5,2145.5,2330.5,2099.0,1997.0,871.0,924.0,1055.5,1183.5,1258.5,1300.5,1343.0,1436.5,2864.0,2846.0,673.0,758.5,987.5,1165.5,1190.5,1339.5,1403.0,1513.5,2629.5,2594.0,647.5,741.0,942.5,1096.5,1150.0,1281.5,1344.5,1425.5,2059.0,1753.5,396.0,537.5,770.5,960.5,1065.5,1108.0,1248.5,1319.0,0.0,0.0,0.0,0.0,0.0,0.0,0.0,0.0,0.0,0.0,1669.0,1327.0,291.0,534.0,730.0,908.0,991.0,1104.0,1240.0,1240.0,2025.0,1669.0,457.0,625.0,821.0,1038.0,1187.0,1268.0,1370.0,1387.0,2294.0,1938.0,563.0,765.0,954.0,1265.0,1470.0,1610.0,1763.0,1792.0,2249.0,1839.5,687.5,865.5,1024.5,1316.5,1623.5,1766.5,1946.0,1886.5,2070.5,1668.5,610.0,800.5,944.5,1227.5,1486.5,1619.5,1781.0,1743.0,2108.0,1953.0,565.0,766.0,1049.0,1177.0,1203.0,1307.0,1448.0,1425.0,2147.0,1982.5,641.0,856.5,1122.0,1254.5,1335.0,1410.5,1559.0,1542.5,"{""type"":""MultiPoint"",""coordinates"":[]}"
1237_0,3,2834.5,2205.5,986.5,1114.0,1383.5,1570.5,1695.0,1833.5,1950.5,2001.5,2244.0,2013.0,636.0,869.0,1163.0,1294.0,1309.0,1400.0,1514.0,1554.0,2332.0,2156.0,704.0,911.0,1223.0,1367.0,1355.0,1471.0,1556.0,1603.0,2321.5,2146.0,754.0,989.0,1286.0,1415.5,1455.0,1548.5,1640.5,1680.0,388.0,330.0,307.0,450.0,495.0,563.0,352.0,451.0,453.0,357.0,774.0,638.0,910.0,991.0,1040.0,1064.0,857.0,911.0,955.0,751.0,456.0,323.0,357.0,627.0,460.0,779.0,717.0,787.0,731.0,674.0,1533.0,966.0,406.0,835.0,592.0,1299.0,2003.0,2204.0,2203.0,2274.0,881.0,583.0,325.0,624.0,433.0,933.0,1488.0,1623.0,1615.0,1491.0,1266.5,722.5,300.5,619.5,381.5,1052.0,2192.5,2541.5,2581.5,2532.0,1300.5,723.0,271.0,598.5,343.0,1024.0,2405.5,2800.0,2783.0,2724.5,4311.0,3900.0,2079.0,2291.0,2640.5,2908.5,2964.5,3107.5,3255.0,3306.5,1290.0,722.0,252.5,532.5,291.5,927.0,2406.5,3058.0,2946.0,3020.5,1195.5,636.0,183.0,448.0,220.5,829.0,2401.0,3075.0,3000.0,3095.5,1195.0,650.0,407.0,550.0,398.0,814.0,2282.0,3124.0,3060.0,3183.0,1214.0,664.0,520.0,719.0,483.0,1005.0,2455.0,3168.0,3314.0,3307.0,1250.0,680.0,394.0,719.0,479.0,1062.0,2691.0,3280.0,3473.0,3520.0,1420.0,789.0,319.0,766.0,553.0,1294.0,2686.0,3299.0,3404.0,3499.0,1938.5,1115.0,689.5,1153.5,1346.0,1962.5,2715.0,3106.5,3330.5,3413.0,2589.0,1634.0,1089.0,1524.0,1944.5,2343.0,2818.0,3070.5,3384.5,3462.0,4248.0,2925.5,1339.0,1857.5,2676.5,3299.0,3515.5,3770.5,4182.0,4256.5,4215.0,2931.0,1365.0,1898.0,2750.0,3250.0,3491.0,3690.0,3901.0,4220.0,3267.0,2777.0,813.0,1023.0,1358.5,1536.0,1602.5,1737.0,1934.0,1998.5,4034.5,2898.0,1216.5,1647.0,2312.5,2652.0,2860.0,3011.5,3243.5,3427.0,4051.0,3143.0,1978.5,2243.0,2650.0,3007.5,3196.0,3327.0,3533.0,3587.0,3260.5,2537.5,913.0,1152.5,1506.5,1736.5,1922.5,2059.0,2262.0,2303.5,3335.0,2665.5,990.5,1189.5,1526.5,1752.0,1911.0,2067.0,2240.0,2298.0,2705.5,1998.5,644.0,882.5,1185.5,1484.5,1614.5,1793.0,1958.0,1986.5,0.0,0.0,0.0,0.0,0.0,0.0,0.0,0.0,0.0,0.0,3442.0,2780.0,865.0,1149.0,1516.0,1771.0,1846.0,2033.0,2183.0,2281.0,3840.0,3179.5,1089.5,1337.0,1642.0,1962.5,2133.5,2318.5,2498.5,2620.0,3390.0,2785.0,919.5,1180.0,1454.5,1738.5,2009.0,2149.0,2355.5,2412.0,1903.0,1648.0,534.5,663.5,900.0,1019.0,1026.5,1169.5,1243.5,1251.0,1993.0,1708.0,543.0,681.0,970.0,1078.0,1019.0,1204.0,1244.0,1260.0,1996.0,1822.0,550.5,720.5,989.5,1079.5,1124.0,1165.0,1291.5,1298.5,2067.0,1874.5,593.0,782.0,1065.5,1166.5,1213.0,1259.5,1385.5,1394.0,"{""type"":""MultiPoint"",""coordinates"":[]}"
1238_0,3,3132.5,2811.0,2068.5,2068.5,2190.0,2303.5,2364.0,2456.5,2587.5,2553.0,2730.0,2513.0,838.0,1143.0,1526.0,1688.0,1720.0,1840.0,1948.0,1988.0,2459.0,2254.0,639.0,916.0,1284.0,1403.0,1464.0,1525.0,1684.0,1670.0,212.0,206.0,315.5,424.5,403.0,475.5,204.0,250.0,232.5,129.5,238.0,221.5,308.0,451.0,444.5,542.0,331.5,371.0,292.0,224.5,367.0,283.5,261.5,488.0,404.5,675.0,705.0,758.0,688.5,611.5,765.0,580.0,196.0,451.0,227.0,802.0,1154.0,1307.0,1195.0,1119.0,944.0,580.0,193.0,446.0,200.0,727.0,1794.0,2089.0,2131.0,2047.0,1250.0,624.0,139.0,340.0,76.0,605.0,2321.0,3093.0,2925.0,2908.0,1314.5,610.0,71.5,307.5,55.0,573.0,2606.0,3673.5,3581.0,3691.5,1317.0,600.0,55.5,322.5,65.0,563.0,2676.0,3816.5,3827.5,3890.5,2281.0,1997.5,1294.5,1260.5,1356.0,1446.5,1505.0,1561.0,1704.0,1630.5,1423.0,654.0,66.0,361.0,84.0,652.5,2955.0,4217.0,4207.5,4357.5,1531.0,722.5,220.0,808.5,328.5,1367.0,3578.5,4420.5,4527.5,4671.5,1636.0,815.0,548.0,925.0,690.0,1502.0,3388.0,4022.0,4122.0,4315.0,1747.0,952.0,651.0,1121.0,1010.0,1892.0,3049.0,3531.0,3651.0,3764.0,1877.0,1085.0,645.0,1130.0,1095.0,1926.0,2788.0,3138.0,3384.0,3448.0,4237.0,2851.0,1037.0,1534.0,1847.0,2645.0,2989.0,3275.0,3594.0,3765.0,4652.0,3362.5,1186.5,1619.5,2220.0,2676.0,2966.5,3303.5,3589.0,3795.5,4481.5,3342.5,1056.5,1470.5,2144.0,2525.0,2817.5,3092.5,3419.0,3492.5,4220.0,3149.0,979.0,1365.0,1985.0,2320.0,2624.0,2887.0,3259.5,3329.0,3928.0,3061.0,923.0,1234.0,1692.0,2097.0,2282.0,2499.0,2706.0,2860.0,2307.0,2000.5,561.0,758.5,1028.0,1162.5,1273.5,1357.0,1522.5,1517.5,3542.5,2819.0,722.5,986.0,1322.5,1609.0,1844.0,2025.0,2175.0,2310.0,2440.5,2083.5,948.5,1037.5,1174.5,1368.0,1470.5,1583.0,1614.5,1755.0,3202.5,2892.0,759.0,865.5,1068.0,1322.0,1493.5,1666.0,1744.5,1854.5,2885.5,2594.5,662.0,779.0,944.5,1207.5,1357.5,1489.0,1564.5,1670.0,2678.0,1913.0,521.0,665.0,896.0,1118.0,1262.0,1415.0,1565.0,1616.0,0.0,0.0,0.0,0.0,0.0,0.0,0.0,0.0,0.0,0.0,2158.0,1785.0,485.0,705.0,995.0,1170.0,1232.0,1337.0,1502.0,1535.0,1425.5,1211.0,421.5,515.0,631.5,768.5,832.0,911.5,986.0,1009.5,2357.5,1973.5,637.5,882.5,1097.0,1308.0,1533.5,1639.0,1814.0,1844.0,2495.0,2108.5,764.5,923.5,1167.0,1381.0,1637.0,1762.5,1908.5,1930.5,2434.0,2184.0,786.0,963.0,1229.0,1401.0,1520.0,1617.0,1738.0,1752.0,2434.0,2184.0,667.0,906.0,1229.0,1384.0,1458.0,1555.0,1663.0,1677.0,2328.5,2170.5,695.0,928.0,1238.5,1372.0,1470.5,1549.5,1677.5,1680.5,"{""type"":""MultiPoint"",""coordinates"":[]}"
1239_0,3,222.0,200.5,175.5,240.5,285.5,458.0,423.0,473.5,468.0,392.0,2154.5,1885.0,662.5,844.0,1053.0,1153.5,1209.5,1298.5,1398.5,1438.0,2430.0,2166.5,768.5,1001.5,1257.5,1361.0,1432.5,1537.5,1632.0,1669.0,2639.5,2384.5,946.5,1203.0,1480.0,1593.5,1635.5,1722.5,1816.0,1843.0,2744.0,2484.0,1035.0,1285.0,1571.0,1671.0,1725.0,1804.0,1941.0,1946.0,573.0,573.0,789.0,1035.0,1083.0,1300.0,925.0,989.0,851.0,894.0,419.0,338.0,655.0,906.0,877.0,1104.0,985.0,1047.0,1055.0,885.0,725.0,504.0,658.0,917.0,877.0,1162.0,1290.0,1389.0,1281.0,1229.0,986.0,722.0,459.0,772.0,525.0,1124.0,1627.0,1756.0,1699.0,1574.0,1710.5,927.0,293.5,629.5,299.5,1000.0,2909.0,3637.0,3506.5,3515.5,1377.5,716.5,158.5,403.0,180.0,717.0,2593.0,3581.0,3642.0,3639.0,500.5,419.0,291.5,396.0,465.5,596.5,639.0,695.5,763.5,746.5,1530.0,760.0,189.0,417.0,222.0,717.0,2540.0,3689.0,3736.0,3954.0,1557.0,750.0,130.0,365.0,212.0,650.0,2749.0,3859.0,4214.0,4272.0,1603.0,791.0,158.0,437.0,213.0,767.0,2901.0,4299.0,4385.0,4549.0,1602.0,778.0,428.0,843.0,526.0,1445.0,3466.0,4314.0,4523.0,4607.0,1770.0,947.0,434.0,972.0,727.0,1711.0,3527.0,4315.0,4528.0,4610.0,2178.0,1251.0,565.5,1175.5,1046.0,2165.0,3773.0,4354.0,4517.0,4732.0,2765.5,1737.5,1129.0,1662.5,1807.0,2712.0,3757.0,4240.0,4472.5,4666.0,3929.5,2737.5,1161.0,1682.5,2146.0,3012.5,3362.5,3694.0,3872.0,4102.0,4354.0,2948.0,1462.0,2037.5,2787.5,3417.0,3771.0,4068.0,4451.5,4504.0,4629.0,3105.0,1618.0,2214.0,3166.0,3790.0,4107.0,4293.0,4454.0,4855.0,395.0,298.0,323.0,369.0,425.0,571.0,592.0,634.0,700.0,706.0,4339.0,3075.0,1354.0,1851.0,2552.0,2963.0,3123.0,3373.0,3512.0,3655.0,4112.5,2986.5,1261.5,1656.0,2284.0,2720.0,2843.5,3045.5,3224.0,3373.5,2147.0,1684.5,712.5,898.5,1213.5,1387.5,1381.0,1474.5,1616.5,1575.5,587.0,491.0,430.0,522.0,687.0,806.0,689.0,741.0,727.0,691.0,229.0,188.0,209.0,275.0,258.0,422.0,310.0,334.0,350.0,290.0,495.0,463.0,632.0,572.0,474.0,551.0,566.0,571.0,688.0,553.0,263.0,225.0,152.0,251.0,314.0,444.0,410.0,465.0,500.0,473.0,911.0,564.0,466.0,580.0,696.0,950.0,1033.0,1120.0,1225.0,1219.0,3554.0,2711.0,1352.0,1667.0,2049.0,2260.0,2356.0,2495.0,2778.0,2729.0,2880.0,1994.0,1607.0,1484.0,1489.0,1749.0,1846.0,1967.0,2193.0,2264.0,3347.5,2503.5,1062.5,1350.5,1701.5,2030.0,2127.0,2220.5,2463.5,2531.0,4338.0,3639.5,1556.0,1907.5,2290.0,2632.0,2759.5,2929.0,3191.0,3230.5,3862.5,3302.0,1412.0,1649.5,1991.5,2295.5,2339.5,2539.0,2664.5,2677.5,"{""type"":""MultiPoint"",""coordinates"":[]}"
1240_0,3,1210.5,1029.5,479.0,561.5,692.5,751.5,783.0,828.5,869.5,878.5,1692.0,1481.0,651.5,826.5,1009.5,1101.5,1140.5,1217.5,1262.0,1283.5,217.5,200.0,463.0,677.5,740.5,829.5,625.5,698.0,653.0,568.5,279.0,218.0,486.0,703.5,746.5,884.5,734.5,776.5,732.0,693.0,308.0,224.0,520.0,761.0,709.0,927.0,802.0,830.0,807.0,794.0,564.0,447.0,572.0,879.0,721.0,1090.0,1112.0,1178.0,1126.0,1050.0,1612.0,921.0,552.0,1057.0,562.0,1496.0,3204.0,3254.0,3317.0,3421.0,1834.0,937.0,489.0,1090.0,538.0,1600.0,4282.0,4950.0,5272.0,5045.0,1665.0,783.0,386.0,895.0,387.0,1332.0,4340.0,5211.0,5322.0,5378.0,1527.0,728.0,271.5,741.0,310.0,1168.5,4074.5,5283.5,5326.5,5525.5,1458.5,676.5,161.0,552.5,202.0,1028.5,3861.0,5166.5,5190.5,5315.5,1446.0,1240.0,554.0,686.0,842.0,932.0,945.0,1005.0,1082.0,1084.0,1457.0,686.0,182.0,502.0,210.0,899.0,3570.0,4814.0,4821.0,5060.0,1600.0,755.0,157.0,567.0,208.0,1048.0,3766.0,4946.0,5044.0,5203.0,1727.0,813.0,311.0,800.0,381.0,1358.0,4052.0,4982.0,5114.0,5300.0,1984.0,996.0,507.0,1092.0,607.0,1906.0,4177.0,4802.0,5174.0,5175.0,1992.0,1056.0,528.0,1202.0,851.0,2176.0,3874.0,4509.0,4955.0,4802.0,2196.0,1216.5,610.0,1307.0,1053.5,2324.5,3862.0,4240.5,4677.5,4785.5,2623.0,1536.0,1314.0,1606.0,1506.0,2695.0,3866.0,4233.0,4631.0,4711.0,4477.5,2959.0,1472.5,1990.5,2804.0,3450.0,3782.5,4213.5,4588.0,4726.5,4337.0,2977.0,1427.5,1984.5,2849.0,3417.5,3668.5,4037.5,4504.0,4512.0,3141.0,2394.0,981.0,1296.0,1795.0,2153.0,2152.0,2432.0,2409.0,2546.0,1522.0,1323.0,639.0,754.0,906.0,976.0,985.0,1077.0,1117.0,1093.0,2983.0,2379.0,911.0,1219.0,1654.0,1987.0,2023.0,2255.0,2254.0,2420.0,2730.0,2184.0,852.5,1069.5,1437.0,1699.5,1788.0,1920.0,1960.5,2056.5,2213.5,1873.0,507.0,685.0,958.5,1129.5,1211.0,1320.5,1395.0,1442.0,2600.0,2224.0,681.0,841.0,1189.0,1348.0,1395.0,1514.0,1639.0,1693.0,2079.0,1458.0,504.0,683.0,978.0,1095.0,1218.0,1282.0,1422.0,1448.0,0.0,0.0,0.0,0.0,0.0,0.0,0.0,0.0,0.0,0.0,2491.0,2314.0,918.0,1150.0,1377.0,1520.0,1576.0,1632.0,1778.0,1764.0,2561.0,2308.0,968.0,1166.0,1306.0,1538.0,1835.0,1914.0,1984.0,1997.0,1742.0,1532.0,638.0,763.0,901.0,1013.0,1144.0,1240.0,1324.0,1264.0,1742.0,1532.0,638.0,763.0,901.0,1013.0,1144.0,1240.0,1324.0,1264.0,1304.0,1098.0,332.0,411.0,574.0,679.0,720.0,796.0,844.0,870.0,1620.0,1458.0,646.0,735.0,908.0,987.0,1041.0,1122.0,1166.0,1183.0,1599.0,1404.5,616.0,755.5,909.5,983.5,1035.0,1101.5,1168.0,1161.5,"{""type"":""MultiPoint"",""coordinates"":[]}"
1241_0,3,126.5,122.5,176.5,255.5,339.5,387.5,271.0,316.5,295.5,218.0,2178.0,1867.0,695.0,923.5,1145.5,1275.5,1334.5,1425.5,1544.0,1550.0,2355.0,2065.0,777.5,998.0,1246.0,1370.0,1434.0,1531.0,1633.5,1663.5,2477.0,2189.0,853.5,1111.0,1362.0,1481.5,1550.5,1650.0,1737.0,1779.5,2589.0,2329.0,958.0,1228.0,1497.0,1625.0,1655.0,1757.0,1852.0,1874.0,2384.0,2159.0,1245.0,1517.0,1772.0,1902.0,1960.0,2034.0,1964.0,2070.0,322.0,276.0,675.0,971.0,914.0,1188.0,888.0,965.0,857.0,723.0,797.0,568.0,768.0,1149.0,1160.0,1580.0,1710.0,1845.0,1802.0,1793.0,902.0,654.0,651.0,964.0,930.0,1393.0,1760.0,1924.0,1741.0,1718.0,1230.0,697.0,293.0,606.0,393.5,995.5,2266.5,2828.5,2724.5,2680.5,1399.0,720.5,161.5,382.5,193.5,700.0,2591.0,3552.5,3631.5,3570.0,166.0,166.0,302.0,444.0,526.0,600.0,464.0,540.0,554.0,433.0,1562.0,773.0,198.0,394.0,190.0,693.0,2771.0,4176.0,4188.0,4342.0,1542.0,743.0,126.0,344.0,174.0,665.0,2810.0,4176.0,4206.0,4342.0,1567.0,769.0,146.0,383.0,191.0,748.0,3053.0,4542.0,4702.0,4881.0,1603.0,814.0,396.0,767.0,494.0,1290.0,3205.0,4161.0,4330.0,4395.0,1649.5,874.5,420.5,868.0,584.0,1466.5,3079.5,3682.5,3997.0,3988.0,1803.5,1011.5,458.0,875.5,827.0,1618.5,2703.5,3190.5,3444.5,3517.0,2246.5,1330.5,870.0,1296.5,1495.0,2054.0,2710.0,3054.0,3368.0,3414.5,3947.5,2691.5,1176.5,1666.0,2130.0,2903.5,3380.5,3655.0,4052.5,4109.5,4560.5,2975.5,1474.0,2097.5,3051.0,3625.5,3884.5,4125.0,4670.0,4678.5,3084.0,2342.0,1141.0,1419.0,1864.0,2150.0,2208.0,2314.0,2420.0,2562.0,166.0,147.0,302.0,408.0,504.0,595.0,458.0,540.0,522.0,433.0,3174.0,2489.0,1075.0,1419.0,1864.0,2150.0,2208.0,2314.0,2420.0,2562.0,2984.5,2310.5,1006.5,1298.5,1674.0,1911.0,2021.0,2156.0,2223.5,2331.5,2700.5,2186.5,827.5,1065.5,1386.0,1542.5,1642.0,1753.5,1890.0,1908.0,974.0,682.0,453.0,593.0,796.0,944.0,934.0,1023.0,992.0,982.0,122.0,97.0,168.0,251.0,340.0,377.0,264.0,304.0,301.0,217.0,0.0,0.0,0.0,0.0,0.0,0.0,0.0,0.0,0.0,0.0,132.0,104.0,166.0,295.0,424.0,502.0,321.0,391.0,362.0,252.0,739.0,464.0,405.0,494.0,657.0,852.0,827.0,928.0,975.0,1067.0,2810.0,2177.0,960.0,1228.0,1558.0,1777.0,1846.0,1953.0,2115.0,2118.0,2509.0,1774.0,724.0,944.0,1321.0,1511.0,1611.0,1683.0,1841.0,1943.0,2949.0,2323.0,995.0,1274.0,1629.0,1803.0,1856.0,2027.0,2198.0,2146.0,2224.0,1817.0,618.0,812.0,1053.0,1106.0,1231.0,1304.0,1466.0,1510.0,2257.0,1874.0,711.0,878.5,1086.5,1164.0,1260.0,1375.0,1499.0,1490.5,"{""type"":""MultiPoint"",""coordinates"":[]}"
1242_0,3,1810.0,1503.5,569.0,729.0,928.0,1065.5,1101.5,1182.5,1255.5,1287.0,2381.5,2063.0,1005.0,1302.0,1570.5,1670.0,1700.0,1767.0,1868.5,1839.5,2443.5,2107.0,1013.5,1278.5,1539.5,1672.0,1675.0,1770.0,1844.5,1832.0,2422.0,2098.0,1020.0,1293.5,1543.0,1667.5,1693.0,1765.0,1829.5,1827.0,246.0,178.0,700.5,955.5,1014.5,1076.5,765.5,787.5,783.5,588.5,245.0,256.0,700.5,955.5,1014.5,1166.5,842.5,918.5,866.0,661.5,395.5,318.0,625.5,930.0,920.0,1166.5,1084.0,1167.5,1003.0,892.5,628.0,476.0,501.5,774.0,690.5,1205.0,1357.5,1504.5,1432.0,1259.5,1075.5,699.5,412.0,718.0,524.0,1174.5,2213.5,2557.0,2406.5,2297.5,1221.0,672.0,265.0,560.5,363.5,1070.5,2545.0,3076.5,2992.5,2838.0,1362.5,672.5,205.5,436.0,237.5,717.5,2829.0,3916.0,3943.5,3835.0,2038.0,1704.0,622.5,832.0,1065.5,1222.5,1244.0,1279.0,1406.0,1472.5,1482.5,734.5,205.5,433.0,225.0,772.0,3037.5,4180.0,4157.5,4272.0,1566.5,735.0,213.0,522.0,303.5,1008.0,3353.5,4322.5,4413.5,4455.5,1647.5,791.5,386.5,840.0,540.0,1444.5,3448.0,4349.5,4376.5,4493.5,1828.0,982.5,572.0,1052.0,854.0,1891.5,3403.0,3841.5,3975.0,4126.0,2020.0,1160.0,616.0,1138.0,1033.0,1948.5,3117.5,3540.5,3895.0,3952.5,2607.0,1639.0,730.0,1224.0,1471.0,2220.0,3021.0,3347.0,3629.0,3714.0,3618.0,2405.0,1095.5,1557.0,2015.5,2651.0,3125.5,3471.0,3802.5,3912.0,4267.5,2952.0,1104.5,1597.0,2268.0,2742.5,3108.5,3330.5,3718.5,3825.5,3971.5,2791.5,1109.0,1549.0,2253.5,2688.5,2903.5,3196.0,3435.0,3573.5,2328.5,1813.5,755.0,1007.0,1370.0,1586.5,1619.5,1755.5,1831.5,1915.5,1834.0,1528.0,518.0,703.0,959.0,1030.0,1096.0,1184.0,1274.0,1302.0,2392.5,1882.0,812.0,1068.5,1419.0,1620.5,1681.5,1800.5,1855.0,1974.0,2329.0,1849.0,906.5,1121.0,1411.5,1602.0,1641.5,1760.5,1854.0,1934.0,2110.0,1699.5,704.0,900.5,1155.0,1301.5,1351.5,1422.5,1530.5,1547.0,2176.5,1754.0,790.0,967.5,1223.5,1402.5,1446.5,1513.0,1562.5,1618.0,1804.5,1442.5,586.5,709.0,953.0,1064.0,1126.0,1195.5,1312.0,1288.0,0.0,0.0,0.0,0.0,0.0,0.0,0.0,0.0,0.0,0.0,1566.0,1161.0,489.0,614.5,814.0,873.5,889.0,989.0,1137.0,1111.0,1759.5,1384.0,646.5,781.5,915.5,1015.5,1024.5,1128.0,1190.0,1166.5,2414.5,1993.5,936.5,1166.5,1399.0,1525.5,1522.5,1586.0,1738.5,1700.0,2243.5,1856.0,863.0,1087.5,1291.0,1377.5,1385.5,1446.0,1601.5,1542.5,2017.5,1651.0,771.5,881.0,1070.5,1158.5,1146.0,1222.5,1316.5,1304.5,2090.0,1796.0,746.5,939.5,1152.0,1211.5,1288.5,1395.0,1494.5,1481.0,2090.0,1796.0,749.0,965.0,1162.0,1249.5,1288.5,1395.0,1494.5,1481.0,"{""type"":""MultiPoint"",""coordinates"":[]}"
1243_0,3,1666.5,1375.0,525.0,639.5,828.0,973.5,976.5,1085.5,1126.0,1201.5,1801.0,1570.0,665.5,835.5,1012.5,1123.5,1138.5,1217.0,1280.5,1306.0,1999.5,1749.0,854.0,1035.0,1222.0,1325.0,1322.5,1371.5,1428.5,1470.0,2279.5,2038.5,1003.5,1242.0,1457.5,1569.5,1595.0,1653.0,1707.5,1724.0,1286.0,1179.0,851.0,1040.0,1228.0,1326.0,1337.0,1399.0,1466.0,1470.0,367.0,348.0,605.0,782.0,784.0,972.0,876.0,886.0,775.0,719.0,332.0,263.0,596.0,818.0,803.0,1013.0,921.0,979.0,941.0,906.0,448.0,352.0,579.0,818.0,803.0,1074.0,970.0,1027.0,1024.0,948.0,519.0,427.0,550.0,778.0,750.0,955.0,887.0,1037.0,998.0,852.0,781.0,513.0,284.0,496.5,403.5,763.5,1314.0,1596.5,1599.0,1528.0,1099.0,599.0,172.5,361.5,191.0,611.0,1816.0,2304.0,2384.5,2335.0,1802.0,1559.0,574.0,731.0,917.0,1035.0,1070.0,1171.0,1246.0,1300.0,1294.0,640.0,168.0,349.0,169.0,574.0,2267.0,3048.0,3058.0,3006.0,1318.0,640.0,113.0,344.0,138.0,580.0,2499.0,3425.0,3518.0,3518.0,1394.0,691.0,169.0,434.0,252.0,716.0,2790.0,3916.0,3847.0,4026.0,1497.0,738.0,427.0,821.0,549.0,1307.0,3087.0,3653.0,3803.0,3828.0,1591.0,875.0,463.0,921.5,675.0,1531.0,2871.0,3345.0,3588.0,3559.5,1963.0,1171.0,534.0,1004.0,1043.0,1827.5,2650.0,2986.0,3217.5,3313.0,2534.5,1567.5,857.5,1300.0,1614.0,2238.0,2757.0,3040.5,3328.0,3396.0,2967.0,1964.5,999.5,1428.5,1947.5,2509.5,2844.5,3116.0,3443.0,3477.5,3822.0,2776.0,1114.0,1519.0,2119.0,2594.0,2835.0,3136.0,3427.0,3480.0,3734.0,2654.0,1005.5,1396.5,2083.0,2489.5,2689.5,2882.5,3017.0,3288.5,1815.5,1539.0,574.5,713.0,902.0,1002.0,1055.5,1120.5,1231.5,1251.0,3442.0,2402.5,808.5,1135.5,1635.5,1970.0,2075.5,2347.0,2409.5,2552.5,3360.5,2422.5,880.5,1163.0,1622.5,2004.5,2079.0,2295.0,2338.5,2538.0,3072.5,2347.5,697.0,905.5,1271.5,1466.0,1526.5,1737.5,1850.0,1904.5,3153.5,2463.5,735.5,910.5,1258.5,1453.0,1495.0,1649.0,1818.5,1898.0,1633.0,1301.0,431.0,531.0,774.0,868.0,905.0,1021.0,1102.0,1107.0,0.0,0.0,0.0,0.0,0.0,0.0,0.0,0.0,0.0,0.0,1481.0,1214.0,477.0,624.0,743.0,834.0,882.0,893.0,996.0,1026.0,1677.0,1438.0,608.0,683.0,838.0,857.0,929.0,993.0,1067.0,1080.0,2017.0,1726.0,713.0,885.0,1075.0,1172.0,1203.0,1253.0,1339.0,1379.0,1994.5,1708.5,776.5,834.5,1027.5,1112.0,1144.5,1179.0,1285.5,1309.0,1604.5,1358.0,551.0,582.0,739.5,822.0,804.0,852.5,911.5,979.0,1941.0,1746.5,721.0,847.5,987.0,1135.5,1169.5,1282.5,1335.5,1350.5,1948.0,1686.5,757.0,890.5,1042.0,1156.5,1220.0,1314.0,1397.0,1417.0,"{""type"":""MultiPoint"",""coordinates"":[]}"
1244_0,3,1795.5,1466.0,606.0,753.5,1019.0,1109.0,1172.0,1232.0,1332.0,1358.5,2409.5,2070.0,933.5,1215.0,1484.0,1615.0,1657.5,1715.0,1847.0,1845.0,2419.5,2121.5,945.5,1216.0,1485.5,1622.0,1643.0,1739.0,1831.5,1839.5,2414.0,2139.5,981.5,1229.5,1495.5,1620.5,1650.5,1739.5,1816.0,1824.0,275.0,263.0,743.0,1052.0,1125.0,1308.0,1022.0,1089.0,1064.0,899.0,275.0,263.0,828.0,1106.0,1146.0,1308.0,1022.0,1104.0,1109.0,936.0,535.0,415.0,698.0,1098.0,968.0,1466.0,1456.0,1616.0,1605.0,1465.0,1227.0,905.0,591.0,962.0,745.0,1505.0,2142.0,2406.0,2269.0,2162.0,1056.0,660.0,448.0,756.0,635.0,1223.0,1989.0,2220.0,2125.0,2144.0,1139.5,653.0,229.0,534.0,306.5,875.5,2153.0,2541.5,2474.5,2520.0,1393.0,713.5,181.0,468.0,238.0,854.5,2622.0,3439.0,3401.0,3543.5,1979.0,1647.0,690.0,880.0,1133.0,1239.0,1285.0,1355.0,1414.0,1464.0,1459.0,732.0,189.0,448.0,300.0,803.0,2566.0,3400.0,3421.0,3677.0,1363.0,644.0,92.0,341.0,203.0,688.0,2576.0,3578.0,3648.0,3828.0,1327.0,624.0,97.0,373.0,148.0,663.0,2859.0,3937.0,3931.0,4194.0,1705.0,823.0,381.0,795.0,402.0,1232.0,3663.0,4621.0,4652.0,4798.0,1728.0,919.0,381.0,881.0,510.0,1479.0,3566.0,4336.0,4613.0,4586.0,1830.5,965.0,409.5,967.0,556.0,1685.5,3459.0,3977.0,4095.5,4248.0,2171.0,1226.0,801.0,1485.0,1221.0,2442.0,3609.0,3981.0,4112.0,4339.0,2641.0,1598.5,936.0,1549.0,1664.5,2706.0,3623.5,3956.5,4282.0,4334.5,3732.0,2564.5,1060.5,1505.5,2019.5,2526.0,2870.5,3102.5,3474.5,3580.5,3702.0,2583.0,1118.0,1533.0,2207.0,2685.0,2775.0,3069.0,3170.0,3417.0,1833.0,1550.0,539.0,744.0,1007.0,1113.0,1150.0,1209.0,1352.0,1368.0,3640.0,2583.0,955.0,1332.0,1880.0,2211.0,2353.0,2484.0,2616.0,2824.0,3515.5,2609.5,920.0,1226.5,1719.5,2057.0,2171.5,2319.5,2535.0,2688.0,2829.5,2265.0,678.5,853.0,1173.5,1387.5,1482.0,1572.0,1696.5,1788.5,2458.0,2023.0,648.0,790.0,1065.0,1246.0,1317.0,1406.0,1475.0,1559.0,2290.0,1551.0,528.0,659.0,941.0,1101.0,1159.0,1277.0,1417.0,1474.0,0.0,0.0,0.0,0.0,0.0,0.0,0.0,0.0,0.0,0.0,1789.0,1440.0,594.0,792.0,1010.0,1115.0,1153.0,1210.0,1309.0,1315.0,2053.0,1694.0,730.0,912.0,1114.0,1223.0,1259.0,1327.0,1431.0,1428.0,2468.0,2105.0,887.0,1128.0,1398.0,1517.0,1601.0,1662.0,1783.0,1776.0,2042.0,1728.0,999.0,881.0,1059.0,1142.0,1163.0,1250.0,1330.0,1345.0,1968.0,1683.0,645.0,805.0,1041.0,1125.0,1163.0,1250.0,1330.0,1336.0,2085.0,1773.0,734.0,884.0,1120.0,1202.0,1272.0,1355.0,1469.0,1444.0,2201.0,1881.0,816.5,1014.5,1250.5,1349.0,1410.0,1483.0,1609.5,1597.5,"{""type"":""MultiPoint"",""coordinates"":[]}"
1245_0,3,2084.0,1908.0,649.0,760.5,930.5,1040.0,1051.5,1144.0,1218.0,1275.0,3091.0,2821.0,997.0,1239.0,1506.5,1641.0,1726.0,1807.5,1920.5,1989.5,3161.5,2901.5,1041.5,1270.5,1524.5,1671.5,1778.5,1870.0,1937.5,2000.0,3135.5,2896.5,1058.0,1266.5,1530.0,1713.5,1746.0,1836.0,1939.5,1997.5,3152.0,2928.5,1104.5,1309.0,1565.0,1758.5,1817.0,1918.0,1969.0,2104.0,3256.5,3028.5,1177.5,1402.0,1634.5,1798.0,1846.0,1949.0,2020.0,2136.0,3244.5,3026.5,1179.0,1403.0,1647.5,1822.5,1903.5,1994.0,2036.5,2144.5,3252.5,3039.0,1197.5,1439.0,1697.5,1849.5,1939.5,2034.5,2102.5,2156.5,3267.0,3072.0,1194.0,1423.5,1684.0,1887.0,1906.5,2052.0,2071.0,2171.0,3253.0,3063.5,1174.0,1407.5,1672.0,1881.5,1881.0,1988.0,2058.5,2158.5,3246.5,2975.0,1201.0,1421.0,1667.5,1866.0,1901.5,2022.0,2029.0,2154.5,2212.0,2002.0,745.5,855.5,1045.5,1156.5,1196.5,1252.5,1305.0,1394.5,3239.5,3030.5,1194.5,1404.0,1665.5,1844.0,1844.5,2003.5,1982.0,2124.5,3177.0,2993.5,1172.5,1386.5,1635.0,1792.0,1857.5,1949.5,1985.0,2122.5,3206.0,2975.5,1236.5,1429.0,1694.0,1948.5,1923.0,2011.0,2017.0,2161.0,3182.5,2956.5,1239.0,1414.0,1649.5,1814.0,1873.5,1981.5,1996.5,2089.5,3123.5,2959.0,1191.5,1396.5,1647.5,1827.5,1849.0,1961.0,1986.5,2077.5,3073.0,2853.0,1137.5,1362.5,1613.5,1763.5,1815.5,1871.0,1968.5,2025.0,3056.0,2775.5,2445.5,2533.5,2513.5,2616.0,2551.5,2496.0,2581.5,2489.0,2976.0,2740.0,1130.5,1363.0,1616.0,1749.0,1824.5,1903.0,1975.5,2020.0,2970.0,2747.5,1044.5,1320.0,1547.0,1702.5,1744.0,1834.0,1895.0,1969.0,2584.5,2416.5,840.0,970.5,1152.0,1290.5,1327.0,1476.0,1468.0,1595.5,1832.0,1611.5,525.5,645.0,810.5,906.5,936.5,1003.5,1107.0,1117.0,2598.0,2392.5,803.5,953.0,1153.0,1315.0,1347.0,1480.5,1467.0,1618.5,2534.5,2321.0,846.0,999.0,1192.5,1342.5,1406.0,1471.0,1519.5,1624.0,2265.0,2027.5,1034.5,1132.5,1288.5,1343.0,1369.5,1450.0,1555.5,1567.5,2604.5,2406.0,888.0,1071.0,1279.0,1426.5,1458.5,1565.5,1651.0,1671.0,2704.0,2530.5,931.5,1116.5,1309.5,1478.0,1481.5,1565.5,1622.5,1700.0,0.0,0.0,0.0,0.0,0.0,0.0,0.0,0.0,0.0,0.0,2616.0,2400.5,844.0,1002.0,1208.5,1341.0,1395.5,1488.5,1571.0,1635.0,2671.5,2484.0,833.0,1000.0,1219.5,1355.5,1421.5,1487.5,1549.0,1655.0,2840.0,2618.5,881.5,1123.0,1385.5,1509.0,1575.5,1677.5,1844.0,1838.5,2907.5,2672.5,1111.5,1286.0,1507.5,1604.5,1667.5,1761.5,1965.0,1901.5,2880.0,2662.0,1103.0,1260.0,1456.5,1578.5,1631.5,1726.5,1881.5,1848.0,2864.5,2672.0,903.5,1110.0,1348.5,1493.0,1569.5,1650.5,1785.0,1815.5,3006.0,2789.0,990.5,1207.0,1454.5,1592.0,1648.5,1749.0,1851.0,1897.5,"{""type"":""MultiPoint"",""coordinates"":[]}"
1246_0,3,1725.5,1433.0,589.5,764.0,994.0,1048.5,1117.0,1175.0,1276.0,1239.5,2452.0,2077.0,1067.5,1364.5,1641.5,1743.5,1782.0,1835.0,1945.5,1925.5,2420.0,2038.5,1003.5,1294.5,1587.0,1713.5,1719.0,1792.5,1880.0,1871.5,590.5,547.5,776.5,1047.5,1120.5,1288.0,1154.5,1185.0,1144.0,1089.0,257.5,238.0,533.5,799.0,805.5,1022.0,880.0,1001.0,932.0,896.5,473.5,392.5,647.5,936.0,931.5,1275.0,1232.0,1299.0,1269.5,1180.5,749.5,510.5,436.5,753.5,597.5,1152.0,1545.0,1621.0,1574.0,1565.5,1110.0,674.0,330.0,643.5,401.0,1002.5,2228.0,2560.5,2675.0,2578.0,1387.0,739.0,229.0,546.0,384.5,1084.0,2854.0,3650.0,3793.0,3771.5,1654.0,891.0,314.0,674.0,536.0,1318.5,2926.0,3637.0,3791.5,3934.0,1830.5,1010.0,286.0,637.5,473.0,1199.5,2954.5,3768.0,4070.0,4179.5,1985.0,1643.5,661.5,879.0,1135.0,1269.0,1246.0,1291.5,1401.0,1466.5,2015.5,1058.5,293.5,656.5,425.5,1189.0,3098.5,3926.0,4205.0,4329.0,1901.5,986.0,307.0,814.0,446.0,1414.5,3404.0,4149.0,4354.5,4468.5,1963.0,1038.0,399.0,897.5,594.0,1554.0,3351.5,3934.5,4086.5,4302.5,2107.0,1163.5,575.5,1070.0,933.0,1924.5,3178.0,3612.0,3887.5,4013.5,2296.5,1326.5,623.5,1107.0,1155.5,2020.5,2889.0,3246.0,3720.5,3782.5,2614.0,1560.0,697.0,1158.0,1392.0,2108.0,2833.0,3145.0,3492.0,3677.0,4105.0,2815.0,1110.0,1561.5,2244.5,2683.5,2990.0,3314.0,3724.0,3817.5,4326.5,2852.5,1112.5,1545.5,2341.5,2955.0,3257.5,3618.0,3925.0,3934.5,3630.0,2766.5,1126.0,1632.0,2327.5,2789.0,3103.5,3443.5,3430.0,3882.0,2642.5,2052.5,870.0,1170.0,1646.0,1831.0,1896.0,1975.5,2148.0,2280.5,1839.5,1549.5,538.0,780.5,1043.5,1096.5,1181.0,1202.5,1338.0,1326.5,2503.0,1935.0,892.0,1197.5,1626.5,1804.0,1864.0,1913.5,2088.0,2145.0,2396.0,1838.5,976.0,1212.0,1577.0,1761.5,1733.0,1857.5,2005.5,1994.0,2115.0,1675.0,706.0,921.0,1215.0,1349.5,1373.0,1469.0,1609.5,1615.0,1841.5,1525.5,588.0,720.0,958.0,1068.5,1093.0,1185.5,1279.0,1277.5,794.0,527.0,315.5,394.5,536.0,625.0,615.5,660.5,708.5,713.5,0.0,0.0,0.0,0.0,0.0,0.0,0.0,0.0,0.0,0.0,1557.5,1221.5,476.0,659.5,855.5,954.0,967.0,998.0,1130.0,1124.0,1757.0,1488.0,650.5,775.0,944.5,1007.0,1061.0,1126.5,1201.5,1194.5,2026.0,1704.5,731.0,941.0,1153.5,1238.5,1283.5,1353.5,1444.5,1425.5,1962.5,1654.5,649.0,783.0,1017.5,1109.5,1059.0,1145.0,1229.0,1249.5,1962.5,1654.5,649.0,783.0,1017.5,1109.5,1059.0,1145.0,1229.0,1249.5,1999.5,1676.0,689.5,903.5,1145.0,1208.5,1264.5,1323.0,1462.5,1449.0,2247.0,1944.0,788.0,1036.5,1281.5,1373.0,1463.0,1530.5,1639.5,1602.0,"{""type"":""MultiPoint"",""coordinates"":[]}"
1247_0,3,1909.0,1574.5,569.0,731.0,971.5,1097.5,1136.5,1243.0,1326.5,1339.5,2529.0,2142.0,990.0,1285.0,1586.5,1724.5,1766.0,1849.5,1959.5,1936.5,2304.0,1944.0,753.5,1008.5,1303.0,1444.0,1484.0,1560.5,1658.5,1694.5,170.5,134.0,366.5,559.5,597.5,742.5,583.5,645.5,649.5,581.0,218.0,181.5,537.5,716.5,702.0,920.0,908.0,995.0,982.0,882.0,363.0,304.5,537.5,716.5,702.0,946.5,1026.0,1105.0,1040.5,974.0,720.5,564.0,346.0,625.0,427.5,909.0,1269.0,1443.5,1320.0,1240.0,1271.5,730.5,388.5,680.0,427.0,977.5,2395.5,2709.0,2776.0,2699.5,1454.5,730.5,267.0,554.5,295.5,892.5,2695.0,3353.5,3381.0,3487.5,1500.0,772.5,203.5,517.5,301.0,875.5,2686.0,3492.0,3575.0,3702.0,1506.0,762.5,167.5,413.5,240.0,725.5,2632.0,3641.0,3875.0,3982.5,2173.0,1820.0,622.0,802.5,1086.0,1220.5,1260.5,1326.5,1410.5,1541.5,1655.5,826.5,213.0,487.5,248.0,858.5,3084.0,4272.5,4441.5,4571.0,1676.5,846.0,309.0,859.5,454.0,1508.5,3643.5,4572.5,4703.5,4860.5,1729.0,884.5,446.0,957.5,682.5,1662.0,3557.5,4219.0,4313.5,4508.5,1923.0,1091.0,642.0,1144.0,1085.0,2048.0,3316.0,3763.0,3957.0,4096.0,2211.5,1292.0,700.5,1203.5,1272.0,2170.5,3093.0,3444.5,3839.0,3864.0,2416.0,1473.0,707.0,1213.0,1426.0,2175.0,2998.0,3325.0,3548.0,3749.0,3814.5,2569.0,1056.5,1493.0,2019.5,2451.0,2768.5,3052.0,3341.0,3482.5,3760.5,2559.5,913.5,1344.5,2011.0,2464.5,2836.5,3145.0,3454.0,3592.5,3362.0,2317.5,805.0,1215.5,1826.0,2221.5,2519.5,2726.0,3098.0,3104.0,2163.5,1623.5,650.5,916.5,1312.0,1546.0,1643.0,1740.5,1790.0,1892.5,2060.0,1735.0,522.5,722.5,989.5,1105.5,1186.5,1254.0,1384.5,1384.0,2457.5,1902.5,766.5,1018.5,1418.0,1658.0,1764.0,1873.5,1944.5,2044.5,2396.0,1850.5,867.0,1076.5,1403.0,1622.5,1740.0,1837.5,1934.0,1993.0,2076.0,1727.0,606.0,752.0,1009.0,1152.0,1225.5,1327.0,1395.5,1453.5,1821.5,1482.0,524.5,763.5,1016.0,1151.5,1216.0,1243.0,1383.5,1413.0,1369.5,1172.5,350.5,459.0,639.0,702.0,749.5,814.5,880.0,904.5,0.0,0.0,0.0,0.0,0.0,0.0,0.0,0.0,0.0,0.0,1931.5,1622.0,485.5,703.0,937.5,1063.0,1122.5,1214.5,1298.0,1301.5,2028.5,1734.0,606.0,742.0,935.5,1063.0,1119.5,1171.0,1265.0,1280.5,2129.0,1790.5,617.5,812.5,1044.5,1184.0,1241.5,1330.0,1421.5,1458.5,2259.5,1872.0,686.5,818.5,1079.0,1208.5,1247.0,1330.0,1408.5,1483.5,2309.0,1908.0,763.0,892.5,1132.0,1265.5,1337.5,1435.5,1506.5,1555.5,2169.5,1845.0,663.5,867.5,1115.5,1244.0,1301.0,1401.5,1489.0,1515.5,2289.5,1971.0,798.5,1014.5,1280.0,1419.0,1456.5,1547.5,1662.0,1668.0,"{""type"":""MultiPoint"",""coordinates"":[]}"
1248_0,3,2679.5,2352.5,2276.5,2199.0,2215.0,2331.0,2409.5,2472.5,2647.5,2516.5,2586.0,2361.0,798.0,1088.0,1451.0,1625.0,1641.0,1753.0,1868.0,1884.0,2295.0,2145.0,732.0,956.0,1284.0,1408.0,1461.0,1550.0,1669.0,1691.0,415.5,407.0,452.5,600.0,547.5,734.0,587.5,640.0,561.0,535.0,332.0,285.0,398.0,551.0,560.0,749.0,710.0,819.0,749.0,698.0,520.0,426.0,431.0,619.0,632.0,852.0,912.0,1000.0,923.0,881.0,611.0,494.0,274.0,498.0,352.0,778.0,918.0,976.0,868.0,909.0,935.0,641.0,261.0,501.0,335.0,778.0,1408.0,1637.0,1556.0,1444.0,1076.0,607.0,74.0,249.0,116.0,444.0,1830.0,2564.0,2474.0,2494.0,1307.5,659.5,20.5,187.0,22.5,418.0,2459.5,3925.5,3994.0,4048.5,1374.0,667.0,35.0,209.5,42.0,462.0,2591.5,4390.5,4486.0,4532.5,2125.0,1840.0,883.5,878.5,986.0,1120.5,1234.5,1323.5,1455.0,1459.5,1454.5,701.0,51.0,215.5,44.0,509.0,2830.0,4664.0,4742.0,4915.5,1516.0,722.0,198.5,633.5,261.0,1158.0,3394.5,4654.0,4861.5,4924.0,1626.0,810.0,534.0,900.0,648.0,1479.0,3408.0,4339.0,4401.0,4646.0,1725.0,967.0,732.0,1146.0,1001.0,1804.0,3257.0,3802.0,3985.0,4074.0,1811.0,1045.0,634.0,1113.0,1028.0,1871.0,3049.0,3444.0,3773.0,3789.0,2264.0,1393.0,686.0,1213.0,1317.0,2162.0,2938.0,3327.0,3572.0,3696.0,4551.0,3304.5,1112.5,1546.0,2187.0,2627.0,2867.5,3172.0,3486.0,3616.0,4473.0,3331.0,1102.5,1517.5,2230.0,2565.5,2784.0,3014.0,3374.0,3445.5,4099.0,3016.0,970.0,1370.0,1999.0,2308.0,2519.0,2768.0,3147.0,3210.0,3516.0,2669.5,927.0,1239.0,1737.5,2029.0,2152.0,2353.5,2553.0,2696.0,2043.0,1702.0,441.0,671.0,922.0,1087.0,1168.0,1272.0,1384.0,1419.0,3523.0,2871.5,862.0,1105.0,1471.5,1716.5,1878.5,2027.0,2194.5,2311.0,3638.0,3240.5,1791.0,1922.0,2177.0,2500.5,2523.5,2691.0,2706.0,2805.5,3337.5,2991.0,903.5,1016.5,1266.0,1448.5,1610.0,1742.0,1927.5,1977.0,3058.5,2694.5,824.0,944.5,1167.0,1366.5,1516.5,1631.0,1797.0,1829.0,2203.5,1706.0,474.0,642.0,870.5,1090.5,1215.5,1365.0,1543.0,1548.0,0.0,0.0,0.0,0.0,0.0,0.0,0.0,0.0,0.0,0.0,1715.0,1340.0,303.0,511.0,731.0,958.0,1040.0,1150.0,1250.0,1276.0,2039.0,1698.0,442.0,636.0,812.0,1061.0,1250.0,1334.0,1407.0,1456.0,2297.0,1904.0,562.0,772.0,962.0,1238.0,1532.0,1660.0,1778.0,1795.0,1722.0,1413.0,536.5,669.5,794.5,1004.5,1306.0,1432.0,1511.5,1545.5,1538.0,1245.5,458.0,607.0,707.0,922.5,1204.0,1302.5,1368.5,1403.0,2165.0,1994.0,561.0,778.0,1078.0,1202.0,1253.0,1354.0,1476.0,1513.0,2206.0,2037.5,648.5,889.5,1182.5,1315.0,1390.5,1465.5,1605.5,1602.5,"{""type"":""MultiPoint"",""coordinates"":[]}"
1249_0,3,1688.5,1368.5,610.0,772.5,960.5,1076.0,1100.5,1146.0,1257.0,1264.0,2152.5,1819.5,831.0,1047.5,1261.0,1338.5,1410.5,1468.0,1597.0,1576.0,2253.5,1928.0,863.0,1119.5,1356.5,1458.5,1497.5,1562.0,1670.0,1653.5,2594.0,2235.0,1156.0,1445.5,1721.0,1832.0,1863.0,1933.5,2043.5,2011.5,2183.0,1912.0,1121.0,1410.0,1696.0,1799.0,1612.0,1658.0,1711.0,1675.0,426.0,396.0,1097.0,1377.0,1416.0,1503.0,1128.0,1118.0,1086.0,886.0,506.0,383.0,650.0,992.0,994.0,1291.0,1217.0,1309.0,1203.0,1098.0,577.0,438.0,619.0,891.0,863.0,1291.0,1253.0,1372.0,1239.0,1180.0,817.0,622.0,489.0,811.0,728.0,1163.0,1446.0,1590.0,1457.0,1433.0,1346.5,750.5,268.0,582.0,336.5,946.0,2252.5,2732.0,2605.0,2630.0,1572.5,798.0,155.5,440.5,169.5,767.5,2780.0,3714.5,3770.0,3728.0,1874.0,1574.0,712.0,882.0,1081.0,1163.0,1188.0,1275.0,1368.0,1374.0,1544.0,758.0,176.0,466.0,179.0,831.0,3046.0,4008.0,4162.0,4137.0,1528.0,745.0,116.0,479.0,212.0,950.0,3233.0,4174.0,4380.0,4377.0,1586.0,809.0,205.0,613.0,341.0,1138.0,3439.0,4424.0,4539.0,4650.0,1644.0,814.0,436.0,954.0,638.0,1784.0,3411.0,4093.0,4240.0,4259.0,1660.5,931.0,474.5,1015.5,794.5,1871.0,3115.5,3487.0,3855.0,3799.0,1889.0,1128.0,527.0,1042.0,1093.5,2027.5,2805.5,3129.5,3375.5,3448.5,2259.5,1357.0,875.5,1389.5,1586.5,2293.5,2833.5,3110.0,3426.0,3486.5,2592.0,1685.5,880.0,1365.0,1799.0,2489.5,2896.0,3132.5,3498.0,3585.0,3396.0,2321.0,1018.5,1490.0,2085.0,2571.0,2864.0,3097.0,3477.0,3536.0,3018.0,2149.0,869.0,1231.0,1878.0,2236.0,2453.0,2578.0,2875.0,2885.0,1763.0,1441.0,533.0,728.0,966.0,1072.0,1091.0,1149.0,1258.0,1281.0,3018.0,2209.0,869.0,1231.0,1798.0,2175.0,2244.0,2512.0,2537.0,2749.0,2834.0,2076.5,876.0,1156.5,1601.0,1820.0,1966.5,2133.5,2409.5,2418.0,2617.0,1967.0,656.0,880.5,1197.0,1391.0,1516.5,1629.5,1788.5,1848.5,2660.0,2129.0,764.0,938.0,1233.0,1416.0,1528.0,1637.0,1773.0,1870.0,1591.0,1292.0,492.0,645.0,868.0,963.0,1039.0,1089.0,1207.0,1175.0,609.0,507.0,304.0,408.0,495.0,515.0,541.0,578.0,629.0,624.0,1478.0,1140.0,509.0,698.0,830.0,925.0,959.0,1038.0,1118.0,1098.0,1151.0,890.0,499.0,564.0,657.0,713.0,761.0,789.0,868.0,848.0,2214.0,1873.0,857.0,1067.0,1281.0,1379.0,1429.0,1481.0,1629.0,1603.0,2383.0,2054.0,1073.0,1235.0,1441.0,1542.0,1592.0,1707.0,1825.0,1749.0,1711.0,1439.0,594.0,739.0,903.5,972.0,964.0,1021.0,1125.0,1103.5,2058.5,1755.5,859.0,1018.0,1201.5,1284.0,1316.0,1381.5,1479.0,1430.0,2133.0,1811.5,887.0,1074.5,1255.0,1327.5,1392.0,1424.5,1561.5,1551.0,"{""type"":""MultiPoint"",""coordinates"":[]}"
1250_0,3,2812.0,2372.5,837.5,1196.0,1437.5,1695.0,1796.5,1912.0,2041.0,2010.5,4302.0,4237.0,1203.5,1637.5,2138.5,2347.5,2437.0,2613.5,2811.0,2803.0,4192.0,3996.0,1278.0,1753.0,2231.0,2447.0,2477.0,2610.0,2768.0,2774.0,4440.0,4325.0,1463.5,1990.5,2456.0,2688.5,2724.0,2848.0,2998.5,2999.0,4481.0,4350.5,1516.5,1991.0,2451.5,2690.0,2727.0,2866.0,3036.0,3036.0,4762.0,4584.0,1658.0,2167.0,2688.0,2935.0,2952.0,3081.0,3296.0,3274.0,4472.0,4379.0,1612.0,2082.0,2580.0,2834.0,2937.0,3054.0,3243.0,3162.0,4595.0,4379.0,1561.5,1996.0,2485.0,2757.5,2868.5,3039.5,3194.5,3178.5,4625.0,4109.0,1511.0,1910.0,2390.0,2681.0,2800.0,3025.0,3146.0,3195.0,4071.0,3628.0,1292.5,1733.5,2051.5,2429.5,2897.0,3159.0,3197.5,3297.5,3732.5,3141.0,1159.0,1642.0,1813.5,2308.0,3452.5,3867.5,3964.0,3969.5,4048.5,3459.0,1358.5,1915.5,2137.0,2578.0,2986.0,3118.5,3281.5,3268.5,2356.0,1489.0,568.0,1004.0,737.0,1459.0,4770.0,5642.0,5645.0,5672.0,2119.0,1121.0,347.0,894.0,405.0,1420.0,4830.0,5998.0,6177.0,6081.0,3711.0,2373.0,1093.0,1883.0,1458.0,3092.0,5599.0,6224.0,6301.0,6508.0,3758.0,3593.0,1020.0,1313.5,1693.5,1918.5,2012.5,2176.5,2317.5,2327.5,3675.0,3609.0,879.0,1245.0,1648.0,1833.0,1953.0,2102.0,2229.0,2274.0,3987.0,4031.0,1074.0,1479.0,1924.0,2101.0,2197.0,2318.0,2529.0,2530.0,4363.5,4177.5,1406.0,1725.0,2077.5,2330.0,2467.0,2663.5,2797.5,2869.0,4462.0,4455.0,1278.0,1746.0,2261.0,2484.0,2588.0,2711.0,2935.0,2955.0,4366.0,4320.0,1252.0,1647.0,2082.0,2307.0,2404.0,2603.0,2794.0,2795.0,3955.5,3747.5,1161.5,1534.0,1890.5,2097.5,2309.5,2518.5,2638.0,2705.0,3059.0,2511.0,1135.5,1613.5,1723.0,2151.5,2612.0,2761.0,3000.0,2863.5,4312.5,4130.5,1530.0,2036.5,2479.0,2699.0,2774.0,2934.5,3099.5,3049.0,4122.0,3999.0,1554.0,2062.0,2485.0,2660.0,2731.0,2872.0,3133.0,2975.0,4401.0,4197.0,1564.0,2136.0,2598.0,2836.0,2894.0,3002.0,3125.0,3117.0,4104.0,4103.0,1434.0,1965.0,2394.0,2585.0,2690.0,2760.0,2949.0,2886.0,2637.0,2213.0,780.0,1037.0,1357.5,1520.5,1562.5,1663.5,1824.5,1795.5,1553.0,1525.0,1118.0,1137.0,1174.0,1304.0,1397.0,1452.0,1429.0,1503.0,2450.0,1801.5,785.5,1266.5,1197.5,1680.5,2624.0,2826.0,2936.5,2914.5,2252.0,1654.0,1262.0,1511.0,1321.0,1759.0,2678.0,2872.0,2880.0,2926.0,2847.5,1887.5,585.0,1092.0,894.5,1675.0,3983.5,4588.5,4881.0,4701.5,1990.0,976.0,218.0,676.0,257.0,1146.0,4175.0,5173.0,5376.0,5252.0,3010.0,2654.0,801.0,1157.0,1403.0,1673.0,2325.0,2506.0,2597.0,2650.0,3834.0,3577.5,1089.0,1494.5,1914.5,2146.5,2242.0,2394.5,2560.0,2581.0,4505.5,4412.5,1245.5,1713.5,2233.5,2459.0,2568.5,2733.5,2928.0,2946.5,"{""type"":""MultiPoint"",""coordinates"":[]}"
1251_0,3,1930.5,1628.5,548.0,699.0,950.5,1099.5,1116.0,1185.0,1291.0,1306.5,2528.5,2168.0,960.0,1271.0,1574.0,1695.0,1726.5,1816.0,1911.5,1912.5,2510.0,2140.0,904.5,1188.5,1494.0,1636.0,1627.0,1699.5,1806.5,1826.5,2472.5,2141.5,896.5,1168.0,1452.0,1596.0,1580.5,1676.5,1753.0,1793.0,290.5,267.5,770.5,995.0,1112.0,1312.5,1165.5,1205.5,1209.5,1110.0,263.0,201.5,566.5,882.5,944.5,1125.5,1010.0,1118.0,1103.5,1008.5,739.5,546.0,577.0,873.5,824.0,1272.5,1608.0,1702.5,1642.5,1599.5,1484.0,912.5,439.5,831.5,447.5,1220.0,2891.0,3180.5,3254.0,3124.5,1827.0,904.5,249.0,686.0,329.0,1182.5,3723.0,4647.0,4765.0,4743.0,1913.0,978.5,275.5,698.5,401.5,1241.5,3506.5,4372.0,4523.0,4635.5,1767.5,898.0,247.0,654.5,346.5,1169.5,3394.0,4284.5,4435.0,4537.0,2234.5,1888.0,624.0,827.0,1106.0,1269.0,1302.0,1376.0,1424.5,1510.5,1715.0,843.0,211.5,613.0,288.5,1125.5,3308.0,4200.5,4383.5,4485.0,1576.5,765.0,199.0,595.0,267.0,1067.0,3338.0,4206.5,4370.0,4501.5,1579.5,765.0,273.5,643.0,309.0,1141.0,3484.0,4336.5,4431.5,4576.0,1894.0,936.5,465.5,1000.5,541.5,1710.0,3849.5,4497.0,4698.5,4759.5,1908.5,975.5,458.5,1025.5,630.5,1735.0,3654.5,4199.5,4473.5,4453.0,2049.0,1119.0,552.0,1204.0,1013.0,2257.0,3490.0,3803.0,4074.0,4234.0,2374.0,1391.5,910.0,1523.5,1613.5,2654.0,3421.0,3671.0,4065.0,4211.0,2788.0,1729.0,977.0,1571.0,1858.5,2813.0,3286.0,3566.0,3942.0,4076.0,3885.5,2605.0,1161.0,1680.5,2425.0,2899.5,3138.0,3446.5,3968.5,3991.5,2460.5,1807.0,826.5,1200.0,1700.5,1966.5,2005.0,2188.5,2280.0,2402.5,2119.5,1768.5,529.0,749.5,1027.5,1153.0,1233.5,1302.5,1398.0,1427.5,2589.0,1975.0,855.5,1195.0,1649.5,1887.0,1973.0,2045.0,2273.5,2300.0,2707.0,2110.5,1018.0,1276.5,1691.0,1909.5,1952.5,2072.5,2241.5,2266.5,2459.0,1989.0,754.5,984.5,1326.5,1504.0,1555.0,1675.0,1840.0,1842.0,2682.5,2106.0,817.0,1054.5,1398.5,1620.0,1626.5,1765.0,1894.0,1967.0,2194.0,1570.5,596.5,780.0,1084.0,1238.0,1305.0,1363.0,1551.0,1551.0,0.0,0.0,0.0,0.0,0.0,0.0,0.0,0.0,0.0,0.0,1908.5,1629.5,540.0,737.0,960.5,1074.5,1115.0,1185.5,1290.0,1308.5,2001.0,1745.0,625.0,771.5,950.0,1080.0,1103.5,1176.5,1242.5,1266.0,2415.0,2110.5,736.5,962.5,1215.5,1354.0,1393.0,1489.5,1562.5,1584.5,2436.0,2083.0,758.5,954.5,1217.0,1350.5,1332.5,1443.5,1558.5,1560.0,2239.5,1872.0,763.5,890.5,1094.0,1211.0,1208.5,1311.0,1392.0,1399.0,2088.5,1803.0,601.0,807.0,1068.5,1189.5,1218.0,1281.5,1389.0,1380.5,2304.0,2041.0,817.5,1105.5,1395.0,1492.5,1523.5,1578.0,1728.5,1704.0,"{""type"":""MultiPoint"",""coordinates"":[]}"
1252_0,3,3185.0,2420.0,1046.5,1149.5,1440.0,1644.5,1772.0,1883.5,2157.0,2193.5,2337.0,2164.0,667.0,887.0,1187.0,1322.0,1364.0,1460.0,1581.0,1612.0,2460.0,2315.0,744.0,940.0,1263.0,1377.0,1428.0,1551.0,1627.0,1694.0,2668.0,2483.0,837.0,1104.0,1459.5,1610.0,1654.0,1760.5,1854.5,1903.0,639.0,567.0,763.0,929.0,976.0,1029.0,827.0,879.0,918.0,766.0,639.0,567.0,860.0,929.0,976.0,1029.0,827.0,879.0,918.0,766.0,578.0,455.0,294.0,604.0,376.0,811.0,925.0,1032.0,993.0,889.0,1974.0,1227.0,334.0,709.0,469.0,1051.0,2200.0,2487.0,2548.0,2562.0,1648.0,1057.0,288.0,603.0,455.0,973.0,1982.0,2291.0,2307.0,2335.0,1251.5,658.5,118.0,360.5,130.0,624.5,2329.5,3075.5,3075.5,3054.5,1338.5,633.0,86.0,314.0,102.0,580.0,2495.5,3503.5,3573.5,3500.0,3367.5,2763.0,1570.5,1672.5,1909.5,2151.5,2168.5,2353.0,2519.5,2574.5,1335.5,619.0,73.5,254.0,60.5,425.5,2503.5,3935.5,3982.5,4094.5,1172.5,529.0,42.0,225.0,34.0,402.5,2492.0,4048.5,4180.5,4243.0,1136.0,514.0,409.0,603.0,413.0,801.0,2473.0,3780.0,3845.0,4029.0,1257.0,624.0,540.0,850.0,548.0,1219.0,2962.0,3869.0,4118.0,4149.0,1292.0,624.0,430.0,805.0,548.0,1246.0,3001.0,3828.0,4031.0,4050.0,1395.0,740.0,355.0,785.0,662.0,1420.0,2863.0,3411.0,3651.0,3710.0,2210.5,1262.5,783.0,1333.5,1492.5,2275.0,3085.0,3502.0,3806.0,3887.0,2897.5,1832.5,1108.5,1612.5,2029.0,2663.0,3167.0,3512.0,3892.5,4033.0,3694.0,2853.0,1103.0,1584.0,2258.0,2581.0,2809.0,3045.0,3434.0,3426.0,3848.5,2614.0,1218.0,1723.0,2528.0,2949.0,3144.0,3354.0,3678.5,3806.5,3672.0,2890.0,805.5,1071.5,1508.0,1733.5,1812.5,1973.5,2239.5,2354.0,4164.0,2926.0,1127.5,1553.0,2243.0,2574.0,2751.0,2981.5,3237.0,3421.0,4282.5,3335.5,2129.0,2399.5,2849.0,3130.0,3306.0,3454.0,3643.0,3780.5,3296.5,2474.0,903.5,1145.5,1532.5,1751.0,1918.0,2071.0,2304.0,2374.5,3416.0,2591.0,957.0,1170.5,1528.0,1774.5,1922.0,2071.0,2270.0,2382.0,2816.5,2028.0,697.5,934.0,1280.5,1483.0,1625.5,1778.0,2028.0,2036.0,0.0,0.0,0.0,0.0,0.0,0.0,0.0,0.0,0.0,0.0,3834.0,2950.0,883.0,1236.0,1694.0,1970.0,2107.0,2266.0,2453.0,2617.0,4296.0,3268.0,1117.0,1387.5,1838.0,2155.5,2343.0,2528.5,2725.5,2859.0,3746.0,2941.5,946.0,1207.0,1610.5,1893.0,2088.5,2235.0,2460.5,2553.0,1945.0,1724.0,544.0,669.5,923.5,1044.5,1077.5,1178.5,1289.5,1310.5,2144.0,1888.0,576.0,715.0,1027.0,1153.0,1141.0,1273.0,1358.0,1385.0,2006.0,1862.0,627.0,688.0,950.0,1065.0,1098.0,1186.0,1278.0,1305.0,2148.0,2004.0,613.5,790.0,1072.0,1180.0,1226.0,1331.5,1456.0,1472.5,"{""type"":""MultiPoint"",""coordinates"":[]}"
1253_0,3,1680.0,1344.0,631.0,709.0,852.0,1017.0,1079.0,1208.0,1315.0,1381.0,2227.0,2026.0,627.0,883.0,1204.0,1323.0,1403.0,1479.0,1579.0,1596.0,2423.0,2306.0,767.0,1033.0,1369.0,1513.0,1555.0,1673.0,1740.0,1771.0,1175.5,1106.5,489.0,673.5,832.0,929.5,816.5,872.5,896.0,877.0,384.0,373.0,639.0,746.0,803.0,911.0,729.0,768.0,756.0,650.0,335.0,277.0,350.0,533.0,540.0,713.0,663.0,740.0,686.0,635.0,537.0,407.0,328.0,618.0,388.0,816.0,921.0,1014.0,910.0,822.0,1067.0,712.0,322.0,654.0,388.0,1042.0,2084.0,2216.0,2378.0,2264.0,870.0,508.0,201.0,446.0,211.0,771.0,1507.0,1761.0,1620.0,1620.0,835.5,489.0,137.5,384.0,180.0,690.5,1539.0,1833.0,1718.5,1751.0,945.5,511.0,105.5,317.5,118.0,575.0,1783.5,2369.0,2302.5,2290.5,3507.0,2864.0,825.0,1006.0,1435.0,1624.0,1746.0,1938.0,2179.0,2203.0,1166.5,575.5,89.5,288.0,89.0,580.5,2360.0,3171.5,3121.5,3113.0,1172.5,589.0,119.0,518.0,171.0,926.0,2661.0,3315.0,3290.5,3402.5,1208.0,597.0,490.0,830.0,606.0,1282.0,2909.0,3429.0,3392.0,3522.0,1329.0,751.0,710.0,1100.0,1061.0,1832.0,2733.0,3021.0,3073.0,3182.0,1691.0,1022.0,633.0,1085.0,1071.0,1832.0,2598.0,2845.0,2998.0,3120.0,2102.0,1287.0,613.0,1139.0,1269.0,1946.0,2606.0,2855.0,3056.0,3163.0,4402.5,3169.5,1298.0,1728.5,2417.0,2860.0,3267.0,3581.0,3871.5,3972.5,4246.0,3148.0,1184.5,1618.5,2288.5,2652.5,2958.0,3242.0,3580.0,3629.0,3941.0,2787.0,1022.0,1383.0,1988.0,2335.0,2623.0,2860.0,3234.0,3304.0,3315.5,2445.5,830.0,1170.0,1611.0,1950.5,2181.0,2395.5,2549.5,2711.0,3398.0,2757.5,786.0,999.0,1405.5,1605.5,1706.0,1897.5,2144.0,2193.0,3352.0,2689.0,758.5,1032.5,1304.5,1645.0,1936.0,2092.5,2203.5,2375.0,4170.5,3502.5,2350.0,2495.0,2690.0,2931.0,3162.5,3286.5,3422.5,3499.5,2993.0,2452.5,730.5,886.0,1005.0,1294.0,1636.0,1780.5,1928.0,1995.0,2847.0,2338.0,689.0,857.0,957.5,1266.5,1616.5,1765.0,1888.0,1970.0,2259.0,1655.5,425.0,624.0,786.5,1068.5,1341.5,1486.0,1632.5,1711.5,0.0,0.0,0.0,0.0,0.0,0.0,0.0,0.0,0.0,0.0,3668.0,2855.0,877.0,1188.0,1619.0,1871.0,1935.0,2123.0,2287.0,2425.0,2378.0,1788.0,939.0,1199.0,1335.0,1537.0,1858.0,2100.0,2210.0,2306.0,3469.0,2777.0,951.0,1202.0,1524.0,1711.0,1880.0,2100.0,2287.0,2325.0,2621.0,2166.0,769.5,934.0,1218.0,1375.0,1471.0,1584.5,1835.5,1768.5,1558.5,1297.0,481.5,621.5,838.5,931.5,994.0,1053.5,1214.5,1158.5,1968.0,1817.0,571.0,754.0,1019.0,1133.0,1220.0,1313.0,1438.0,1451.0,1992.5,1829.0,571.5,777.5,1043.0,1164.0,1260.0,1349.0,1445.0,1468.5,"{""type"":""MultiPoint"",""coordinates"":[]}"
1254_0,3,1774.5,1480.5,591.5,728.5,958.5,1029.0,1071.0,1169.0,1259.0,1250.5,2453.5,2066.0,977.5,1288.5,1579.0,1691.0,1735.0,1798.0,1920.5,1891.5,2496.0,2094.5,943.0,1224.5,1539.0,1648.5,1656.5,1745.5,1857.0,1854.0,2425.0,2048.5,935.5,1199.0,1493.0,1613.5,1615.5,1704.5,1791.0,1800.5,309.5,255.5,523.5,786.0,829.0,994.5,820.5,912.0,924.5,828.5,232.0,202.5,711.0,1076.5,1178.5,1427.0,1194.5,1274.5,1246.5,1133.0,319.0,281.5,659.5,955.5,993.5,1349.0,1158.0,1256.0,1227.5,1125.0,830.5,533.5,616.5,942.0,868.0,1361.5,1865.5,2024.5,1873.0,1895.5,1263.5,669.5,399.0,780.0,443.0,1194.0,2721.5,3040.0,3029.0,2921.0,1703.5,921.0,314.0,692.5,436.0,1269.5,2987.5,3602.5,3737.5,3867.0,1717.0,934.5,301.0,707.5,502.5,1327.0,2929.0,3506.0,3688.5,3779.0,2086.0,1779.5,648.5,874.0,1123.0,1246.0,1310.5,1343.5,1451.0,1453.0,1695.5,922.5,297.5,701.0,523.0,1312.5,2832.5,3336.0,3528.5,3680.5,1503.0,787.0,272.0,662.5,428.5,1164.0,2881.0,3366.0,3578.0,3702.5,1435.0,742.0,302.5,660.5,374.5,1099.0,2826.5,3312.5,3405.0,3522.0,1692.0,866.0,447.0,943.0,502.5,1530.5,3280.0,3734.0,3838.5,3905.0,1738.0,914.5,457.0,1035.0,635.5,1744.0,3118.5,3560.0,3714.0,3743.0,1877.0,1048.0,529.0,1194.0,929.0,2070.0,3005.0,3310.0,3517.0,3602.0,2161.5,1254.5,816.5,1463.0,1460.5,2428.5,3080.5,3356.0,3631.0,3750.5,2503.5,1568.5,816.5,1355.0,1732.0,2370.0,2765.0,3028.5,3339.0,3497.5,3765.5,2556.0,937.0,1347.5,1877.5,2306.5,2542.5,2795.0,3188.0,3358.5,1950.0,1485.5,548.5,781.5,1088.5,1297.0,1354.5,1478.0,1539.5,1610.5,1935.0,1641.0,552.0,760.0,1016.5,1134.0,1154.5,1231.0,1398.5,1403.5,2000.5,1565.0,562.0,796.0,1079.0,1269.0,1304.0,1448.0,1504.0,1586.0,2253.5,1811.5,818.0,994.0,1256.5,1434.0,1463.0,1578.0,1667.5,1727.0,2004.5,1664.5,610.0,785.0,1004.0,1138.5,1181.5,1269.5,1373.5,1396.5,2152.5,1833.5,686.5,837.5,1069.0,1231.5,1253.5,1354.5,1426.0,1474.5,1775.5,1479.5,485.5,596.0,814.5,923.5,974.0,1055.5,1166.0,1159.0,0.0,0.0,0.0,0.0,0.0,0.0,0.0,0.0,0.0,0.0,1544.5,1209.5,503.5,672.0,870.5,935.0,998.5,1075.0,1160.5,1164.0,1833.0,1516.5,656.0,801.0,982.5,1060.0,1122.0,1190.0,1281.5,1234.0,2286.0,1924.0,842.0,1058.5,1285.5,1426.5,1427.5,1540.0,1628.0,1631.5,2287.0,1903.0,905.0,1058.5,1297.0,1400.5,1421.5,1507.5,1668.5,1616.5,2081.0,1718.5,844.0,929.0,1138.5,1222.0,1229.5,1326.0,1425.5,1444.5,2091.5,1790.5,712.5,914.5,1179.0,1260.0,1318.0,1367.5,1491.5,1485.5,2232.5,1949.0,835.5,1099.5,1368.0,1466.5,1493.0,1576.0,1687.5,1669.0,"{""type"":""MultiPoint"",""coordinates"":[]}"
1255_0,3,1964.5,1640.5,548.0,721.5,964.0,1123.5,1157.0,1245.0,1300.5,1336.5,2492.0,2145.5,908.0,1209.0,1499.0,1631.5,1683.0,1774.0,1857.5,1853.5,2471.5,2118.0,855.5,1124.0,1419.0,1531.5,1553.5,1649.0,1736.5,1781.0,2418.5,2111.0,839.5,1102.0,1372.0,1502.0,1523.0,1606.5,1665.0,1719.5,364.5,312.5,493.0,708.5,778.5,1000.5,907.5,940.0,982.0,919.5,364.5,246.0,550.5,756.5,822.0,1008.0,910.5,977.5,1024.0,919.5,722.5,583.0,500.0,732.5,659.5,1089.5,1374.5,1458.5,1386.0,1343.0,1505.0,877.0,424.5,790.5,446.0,1096.5,2731.5,3112.0,3086.5,3038.5,1694.5,881.0,297.5,665.5,331.0,1072.0,3314.5,4066.5,4004.5,4106.5,1873.0,957.5,269.5,633.0,327.0,1124.0,3308.5,4211.5,4346.5,4480.5,1745.5,875.5,232.5,630.0,294.0,1094.0,3325.0,4239.0,4382.5,4518.5,2235.5,1870.5,625.5,832.5,1093.0,1288.5,1299.0,1351.5,1432.5,1504.0,1657.5,823.0,223.5,613.0,296.5,1056.5,3321.0,4242.5,4384.5,4540.0,1534.5,769.5,220.5,596.5,322.5,1057.5,3241.5,4174.0,4348.0,4466.0,1563.0,783.5,283.5,639.5,363.0,1126.0,3382.5,4301.0,4387.5,4626.0,1914.5,949.5,460.0,962.5,575.5,1664.0,3746.5,4397.5,4561.0,4774.0,1920.5,1008.0,482.5,1026.5,719.0,1830.5,3612.5,4151.0,4405.5,4443.0,2110.0,1199.0,554.0,1196.0,1041.0,2224.0,3474.0,3818.0,4056.0,4233.0,2449.5,1444.0,866.5,1552.0,1539.5,2634.5,3520.0,3840.5,4162.0,4269.0,2748.0,1740.5,866.5,1555.0,1672.5,2696.5,3299.0,3639.0,3885.5,4109.0,4005.5,2784.0,1157.0,1637.0,2286.0,2829.0,3125.5,3390.5,3737.5,3852.0,2596.5,2014.5,855.5,1162.0,1600.0,1880.0,1901.0,2062.5,2099.5,2289.0,2106.5,1747.5,527.5,723.0,988.5,1132.5,1216.5,1251.0,1349.0,1396.0,2695.0,2085.5,895.0,1200.0,1617.5,1890.5,1910.5,2050.5,2148.5,2265.5,2632.0,2029.0,932.0,1189.0,1534.5,1775.5,1802.0,1926.0,2012.0,2110.5,2388.0,1912.5,725.5,961.0,1273.0,1437.5,1491.5,1609.5,1772.0,1786.0,2557.0,2126.0,812.5,1020.5,1348.0,1542.5,1624.5,1704.5,1815.0,1902.5,2103.5,1508.0,573.5,742.5,1021.5,1194.0,1255.5,1323.5,1437.5,1516.0,0.0,0.0,0.0,0.0,0.0,0.0,0.0,0.0,0.0,0.0,1878.5,1576.0,486.5,695.0,888.0,1022.5,1085.5,1128.0,1197.5,1208.0,1973.5,1737.0,602.0,737.0,908.5,1014.0,1090.5,1154.5,1221.5,1237.5,2369.5,2075.0,705.5,910.0,1138.0,1280.0,1349.5,1401.0,1501.5,1541.5,2433.5,2090.5,718.5,898.0,1149.5,1305.0,1292.0,1416.5,1509.0,1513.5,2289.5,1926.5,740.5,856.5,1059.0,1193.5,1195.0,1301.0,1380.5,1421.0,2036.0,1742.0,551.5,740.5,966.0,1106.0,1106.0,1199.5,1271.5,1337.5,2249.0,1948.0,760.5,1043.0,1293.5,1418.0,1458.0,1517.5,1617.0,1642.5,"{""type"":""MultiPoint"",""coordinates"":[]}"
1256_0,3,1688.5,1397.0,582.0,721.5,928.5,1027.5,1071.5,1118.0,1189.0,1226.5,2145.0,1814.0,801.5,1006.0,1216.0,1317.0,1379.5,1450.0,1527.0,1533.5,2343.0,1995.0,940.5,1212.0,1475.5,1614.5,1621.5,1676.5,1731.5,1753.5,2654.5,2260.5,1238.5,1552.5,1832.5,1975.0,1965.0,2028.0,2081.5,2117.0,2244.0,1939.0,1191.0,1510.0,1759.0,1891.0,1739.0,1773.0,1736.0,1713.0,532.0,496.0,819.0,1175.0,1226.0,1577.0,1333.0,1326.0,1105.0,1094.0,459.0,334.0,677.0,971.0,1024.0,1335.0,1050.0,1128.0,1091.0,1085.0,459.0,336.0,592.0,932.0,888.0,1335.0,1261.0,1352.0,1271.0,1216.0,581.0,437.0,406.0,677.0,561.0,929.0,1178.0,1380.0,1338.0,1169.0,1394.5,760.0,251.5,583.5,328.0,912.0,2469.5,2995.5,2993.0,2934.0,1568.5,760.5,137.0,402.5,148.5,693.0,2815.0,3991.0,4023.0,4006.5,1843.0,1548.0,673.0,847.0,1042.0,1153.0,1164.0,1229.0,1289.0,1293.0,1483.0,732.0,166.0,419.0,152.0,656.0,3087.0,4193.0,4284.0,4293.0,1483.0,694.0,50.0,398.0,142.0,827.0,3325.0,4488.0,4627.0,4647.0,1596.0,780.0,253.0,672.0,354.0,1192.0,3555.0,4645.0,4759.0,4915.0,1663.0,821.0,454.0,1016.0,659.0,1798.0,3586.0,4241.0,4412.0,4502.0,1689.5,933.0,491.0,1089.5,826.5,1945.0,3297.0,3768.5,4029.0,4011.0,2008.5,1198.0,581.0,1137.5,1154.0,2158.5,3088.5,3398.5,3648.0,3802.5,2418.5,1468.5,919.0,1468.0,1677.0,2443.0,3078.5,3363.5,3666.0,3772.5,2731.0,1777.5,980.0,1507.0,1907.0,2661.0,3098.0,3411.0,3720.5,3801.5,3534.0,2642.0,1116.0,1606.0,2328.0,2818.0,3084.0,3320.0,3649.0,3724.0,3144.0,2482.5,1150.5,1639.5,2413.5,2722.0,2831.0,2910.5,3281.5,3239.0,1730.0,1447.0,490.0,688.0,906.0,1000.0,1041.0,1076.0,1203.0,1234.0,3437.0,2562.0,962.0,1339.0,1908.0,2342.0,2445.0,2646.0,2736.0,2868.0,3223.0,2389.5,961.5,1263.5,1715.5,2086.0,2147.0,2343.0,2410.5,2596.0,2882.5,2316.0,775.5,1016.5,1332.5,1553.5,1586.0,1777.0,1847.0,1914.5,3032.0,2497.0,864.0,1062.0,1372.0,1587.0,1587.0,1792.0,1890.0,1930.0,1545.0,1280.0,434.0,551.0,773.0,864.0,897.0,990.0,1050.0,1056.0,756.0,690.0,523.5,535.5,579.5,612.0,665.5,739.5,737.0,823.0,1282.0,997.0,441.0,579.0,720.0,788.0,829.0,907.0,965.0,950.0,391.0,330.0,205.0,189.0,212.0,231.0,239.0,273.0,252.0,273.0,2026.0,1711.0,752.0,943.0,1127.0,1237.0,1278.0,1336.0,1425.0,1420.0,1957.0,1675.5,751.5,907.0,1061.5,1168.5,1182.5,1233.0,1333.5,1301.5,1539.0,1290.0,562.0,697.0,869.0,973.0,927.0,981.0,1047.0,1065.0,2083.0,1774.5,813.5,967.0,1141.5,1229.0,1247.0,1306.5,1398.5,1414.0,2097.5,1765.5,808.0,997.0,1173.0,1250.5,1305.5,1377.5,1475.0,1460.0,"{""type"":""MultiPoint"",""coordinates"":[]}"
1257_0,3,2057.0,1688.0,662.0,822.0,1112.5,1219.5,1285.5,1386.5,1468.5,1511.5,2241.5,1856.0,746.5,972.5,1220.5,1341.5,1422.5,1511.5,1618.0,1636.5,2624.5,2206.5,964.5,1241.5,1537.0,1660.0,1673.5,1776.0,1879.0,1880.5,2969.0,2510.0,1176.0,1504.0,1829.5,1989.5,1995.0,2129.5,2220.5,2237.0,650.0,484.0,1021.0,1343.0,1333.0,1505.0,1058.0,1086.0,1053.0,936.0,526.0,407.0,825.0,1211.0,1316.0,1366.0,1058.0,1086.0,999.0,871.0,701.0,519.0,533.0,894.0,786.0,1164.0,1104.0,1210.0,992.0,956.0,964.0,622.0,570.0,894.0,731.0,1232.0,1586.0,1715.0,1661.0,1537.0,1288.0,809.0,423.0,722.0,507.0,1057.0,2019.0,2308.0,2272.0,2168.0,1583.0,863.5,281.0,603.0,339.0,906.5,2766.0,3483.5,3499.0,3406.0,1590.5,775.5,153.0,376.5,197.5,689.5,2816.0,3997.0,4110.0,4040.0,2270.0,1888.0,746.0,934.0,1184.0,1340.0,1427.0,1457.0,1555.0,1675.0,1626.0,789.0,203.0,400.0,236.0,735.0,3006.0,4362.0,4453.0,4483.0,1716.0,800.0,116.0,458.0,216.0,890.0,3475.0,4845.0,5021.0,5074.0,1766.0,857.0,366.0,869.0,496.0,1490.0,3863.0,4863.0,5088.0,5096.0,1961.0,1021.0,546.0,1126.0,817.0,1985.0,3729.0,4537.0,4708.0,4784.0,2050.5,1168.0,616.5,1194.5,1018.5,2101.5,3600.0,4063.5,4410.0,4436.0,2523.0,1561.0,741.5,1393.0,1480.0,2469.0,3563.0,3953.5,4129.5,4318.5,3153.5,2059.5,1171.5,1683.0,2130.5,2903.0,3724.0,4095.5,4363.5,4399.5,3841.0,2664.0,1176.0,1726.0,2336.0,2918.0,3374.5,3703.0,4020.0,4110.0,3817.0,2838.0,1114.0,1575.0,2270.0,2543.0,2700.0,2958.0,3310.0,3283.0,3924.5,2765.0,1242.5,1704.0,2494.0,2748.0,2920.0,3089.0,3391.5,3495.5,2250.5,1865.0,708.0,899.5,1196.5,1320.5,1357.5,1452.5,1598.0,1602.0,3045.0,2311.0,903.5,1255.5,1721.5,1951.0,2029.5,2176.0,2370.5,2408.0,2893.5,2222.0,916.0,1212.0,1610.5,1773.5,1913.0,2020.0,2239.5,2235.5,2640.5,2104.0,710.0,951.5,1270.0,1420.0,1471.5,1561.0,1769.0,1797.5,2688.0,2211.0,764.5,968.5,1278.5,1404.0,1481.0,1559.0,1753.5,1775.0,1961.0,1385.0,541.0,669.0,947.0,1028.0,1095.0,1207.0,1324.0,1296.0,0.0,0.0,0.0,0.0,0.0,0.0,0.0,0.0,0.0,0.0,1850.0,1510.0,639.0,826.0,1058.0,1140.0,1185.0,1251.0,1392.0,1359.0,2137.0,1748.0,750.0,887.0,1074.0,1192.0,1220.0,1312.0,1397.0,1427.0,2561.0,2182.0,905.0,1119.0,1355.0,1523.0,1507.0,1619.0,1723.0,1751.0,2733.0,2310.0,1126.0,1285.0,1542.0,1654.0,1760.0,1868.0,2051.0,2022.0,2100.5,1673.0,685.0,851.5,1064.0,1168.5,1184.5,1257.5,1354.0,1391.5,2575.0,2167.0,921.0,1135.0,1341.0,1450.0,1599.0,1705.0,1822.0,1826.0,2542.0,2092.0,866.0,1122.0,1357.0,1503.0,1619.0,1702.0,1821.0,1839.0,"{""type"":""MultiPoint"",""coordinates"":[]}"
1258_0,3,2964.0,2293.5,838.0,963.0,1250.0,1425.0,1532.0,1663.0,1830.5,1905.0,2017.0,1854.0,580.0,827.0,1104.0,1204.0,1205.0,1307.0,1410.0,1418.0,2249.0,2128.0,743.0,967.0,1285.0,1443.0,1458.0,1561.0,1616.0,1681.0,1041.5,991.5,472.0,612.5,735.5,849.0,771.5,841.5,843.5,798.0,396.0,367.0,726.0,825.0,854.0,933.0,748.0,775.0,767.0,626.0,396.0,341.0,402.0,654.0,625.0,862.0,748.0,806.0,811.0,742.0,557.0,374.0,348.0,568.0,543.0,829.0,981.0,1047.0,1065.0,1027.0,1265.0,774.0,296.0,604.0,468.0,904.0,1626.0,1875.0,1975.0,1860.0,1004.0,574.0,167.0,388.0,216.0,640.0,1761.0,2004.0,2118.0,2013.0,1203.5,605.5,77.5,316.0,87.0,551.5,2349.5,3219.0,3251.0,3190.0,1220.5,561.5,44.5,221.5,28.0,443.5,2429.5,3550.0,3661.5,3609.0,3351.0,2758.5,1540.0,1649.5,1915.5,2081.0,2062.5,2199.5,2388.5,2335.0,1214.0,551.0,33.5,202.5,11.0,426.5,2442.0,3849.5,3959.0,3973.5,1074.0,503.5,41.0,281.0,30.5,540.0,2561.0,3936.0,4017.0,4057.5,1140.0,550.0,451.0,765.0,510.0,1097.0,2960.0,3917.0,4041.0,4062.0,1222.0,632.0,600.0,960.0,743.0,1527.0,3057.0,3675.0,3882.0,3893.0,1258.0,682.0,492.0,927.0,743.0,1598.0,2803.0,3223.0,3403.0,3450.0,1592.0,930.0,464.0,967.0,1017.0,1848.0,2748.0,3089.0,3245.0,3394.0,4309.0,3064.0,1286.0,1792.0,2508.0,3045.5,3322.0,3596.5,3907.0,4069.0,4449.0,3225.0,1352.5,1862.0,2586.0,2962.5,3203.0,3470.0,3794.5,3897.5,3586.0,2886.0,1119.0,1534.0,2106.0,2392.0,2593.0,2788.0,3070.0,3102.0,3574.5,2619.5,1104.0,1517.5,2129.5,2458.5,2521.0,2699.0,2898.5,3010.0,3244.0,2588.0,782.0,935.0,1324.0,1472.0,1518.0,1678.0,1888.0,1974.0,3706.0,2913.5,1031.5,1357.5,1839.5,2101.5,2194.0,2369.0,2509.5,2600.0,5136.0,4465.5,2900.5,3094.0,3460.0,3758.5,3799.0,3938.0,4149.0,4128.0,3227.5,2725.5,978.0,1111.5,1413.5,1583.5,1678.0,1822.5,1933.0,2007.5,3202.0,2750.5,918.5,1065.0,1323.5,1518.5,1638.0,1745.5,1863.0,1932.0,2163.5,1650.0,528.5,703.0,967.0,1139.5,1238.5,1322.5,1475.5,1516.5,0.0,0.0,0.0,0.0,0.0,0.0,0.0,0.0,0.0,0.0,3605.0,2952.0,907.0,1208.0,1689.0,1940.0,1950.0,2057.0,2250.0,2418.0,2777.0,2495.0,1004.0,1273.0,1540.0,1719.0,1836.0,2021.0,2146.0,2222.0,3485.0,2906.0,1016.0,1310.0,1635.0,1816.0,1910.0,2021.0,2269.0,2282.0,2674.0,2295.5,799.5,952.5,1265.5,1428.5,1453.0,1551.5,1688.0,1739.0,1739.0,1557.0,513.0,635.0,884.0,996.0,969.0,1012.0,1079.0,1169.0,1761.0,1629.0,482.5,650.0,900.0,1017.5,1001.5,1062.5,1143.0,1197.5,1837.5,1685.5,530.5,716.0,967.5,1102.0,1095.5,1171.0,1247.0,1296.0,"{""type"":""MultiPoint"",""coordinates"":[]}"
1259_0,3,81.0,81.0,148.0,237.0,312.5,382.0,233.0,267.5,235.0,161.0,1872.0,1571.0,695.5,891.0,1074.0,1159.0,1185.0,1254.0,1342.0,1348.5,1981.0,1695.0,741.5,949.0,1122.5,1222.5,1243.5,1326.0,1380.5,1406.0,2171.5,1902.0,928.0,1153.5,1340.5,1447.5,1456.5,1530.0,1565.0,1591.0,2164.0,1896.0,1074.0,1311.0,1490.0,1592.0,1597.0,1668.0,1734.0,1716.0,1853.0,1896.0,1199.0,1441.0,1602.0,1687.0,1703.0,1724.0,1816.0,1785.0,460.0,395.0,966.0,1186.0,1181.0,1338.0,1115.0,1173.0,1139.0,949.0,377.0,315.0,701.0,995.0,930.0,1225.0,1115.0,1173.0,1126.0,949.0,315.0,260.0,527.0,778.0,710.0,1110.0,991.0,1094.0,1011.0,854.0,357.0,264.5,258.5,487.5,363.0,886.5,1278.0,1498.0,1333.5,1184.5,495.0,342.5,208.0,396.5,237.0,750.0,1379.0,1615.5,1443.5,1266.0,242.0,210.0,386.5,515.5,561.5,647.5,463.0,492.0,471.5,414.0,1047.5,563.0,224.0,422.0,264.0,784.5,2085.5,2722.5,2506.0,2464.5,1139.0,578.0,123.0,320.0,128.0,651.0,2365.0,3066.0,3008.0,2863.0,1270.0,625.0,170.0,423.0,202.0,802.0,2706.0,3463.0,3475.0,3593.0,1477.0,758.0,377.0,772.0,445.0,1279.0,3188.0,3717.0,3756.0,3712.0,1477.0,778.0,390.0,903.0,622.0,1597.0,2966.0,3358.0,3611.0,3617.0,1769.0,1028.5,485.0,997.5,933.0,1842.5,2713.5,3067.5,3250.0,3388.5,2273.0,1430.0,1153.0,1511.0,1492.0,2174.0,2704.0,3020.0,3224.0,3401.0,3488.0,2518.5,1099.5,1509.0,2082.5,2511.0,2662.5,2920.5,3176.0,3232.5,3568.0,2511.0,1046.0,1503.0,2124.0,2520.0,2693.0,2913.0,3221.0,3217.0,3767.0,2699.5,1096.5,1523.0,2185.5,2680.0,2729.0,3016.0,3107.0,3359.5,92.0,87.0,377.0,517.0,533.0,549.0,375.0,390.0,422.0,302.0,3506.0,2611.0,977.0,1368.0,1906.0,2323.0,2310.0,2514.0,2569.0,2840.0,3322.0,2602.0,940.5,1241.5,1667.0,1935.5,2067.0,2220.5,2360.5,2455.0,2393.5,1955.0,638.5,826.0,1138.0,1367.5,1416.5,1534.0,1663.0,1706.0,352.0,295.0,339.0,415.0,481.0,579.0,420.0,478.0,384.0,431.0,81.0,80.0,99.0,137.0,175.0,235.0,118.0,125.0,119.0,105.0,0.0,0.0,0.0,0.0,0.0,0.0,0.0,0.0,0.0,0.0,99.0,88.0,213.0,316.0,382.0,454.0,262.0,312.0,278.0,185.0,81.0,87.0,171.0,256.0,322.0,402.0,308.0,347.0,311.0,253.0,1132.0,712.0,503.0,692.0,858.0,1036.0,1127.0,1210.0,1355.0,1383.0,989.0,509.0,467.0,616.0,850.0,1018.0,1057.0,1112.0,1334.0,1332.0,2442.0,1756.0,892.0,1170.0,1443.0,1624.0,1739.0,1790.0,1990.0,1972.0,3804.0,3054.0,1519.0,1795.0,2151.0,2352.0,2424.0,2478.0,2760.0,2761.0,3962.0,3194.0,1543.5,1841.0,2202.5,2411.0,2508.5,2619.0,2851.5,2861.0,"{""type"":""MultiPoint"",""coordinates"":[]}"
1260_0,3,3050.5,2479.0,1161.5,1258.5,1482.5,1727.0,1849.5,1917.0,2051.0,2229.5,2723.0,2482.0,898.5,1157.5,1518.0,1665.5,1777.5,1884.0,2014.0,2044.5,2856.0,2668.0,903.0,1159.0,1534.0,1686.0,1752.0,1892.0,1996.0,2010.0,817.0,753.5,629.0,833.5,1034.0,1151.5,959.5,1014.0,925.0,906.0,844.5,803.0,855.0,1061.0,1126.5,1248.0,1081.0,1165.5,966.5,1022.0,565.5,402.0,345.5,649.0,512.5,894.5,958.0,1049.0,976.5,863.5,868.0,610.0,292.0,616.0,377.0,879.0,1317.0,1450.0,1362.0,1259.0,1548.0,917.0,235.0,660.0,246.0,1008.0,2542.0,3002.0,2885.0,2950.0,1536.0,836.0,194.0,525.0,174.0,850.0,2474.0,3078.0,3000.0,3030.0,1394.0,716.0,106.0,402.5,135.0,686.5,2608.5,3498.5,3426.0,3491.0,1383.0,699.0,69.0,362.0,111.0,657.5,2626.0,3533.5,3593.5,3665.5,5040.0,4538.5,2922.0,2968.5,3243.0,3490.5,3508.5,3641.0,3803.5,3826.5,1459.0,731.0,78.5,374.0,95.5,685.5,2870.5,3895.5,3857.5,3986.5,1583.5,778.0,213.0,746.5,290.0,1296.5,3469.0,4241.0,4310.0,4446.5,1672.0,865.0,598.0,1017.0,784.0,1576.0,3446.0,4035.0,4035.0,4282.0,1868.0,1039.0,741.0,1201.0,1073.0,2017.0,3155.0,3517.0,3696.0,3816.0,1987.0,1162.0,741.0,1260.0,1175.0,2105.0,2946.0,3280.0,3543.0,3572.0,4402.0,3022.0,1280.0,1785.0,2294.0,3069.0,3338.0,3641.0,4001.0,4101.0,4812.0,3406.0,1346.5,1852.5,2520.5,3045.0,3443.0,3758.5,4079.5,4208.5,4554.5,3292.5,1209.0,1675.5,2409.5,2798.5,3123.0,3402.0,3709.0,3832.5,4194.0,3070.5,1111.5,1527.0,2187.0,2616.5,2932.5,3218.0,3553.0,3683.0,3822.0,2801.0,978.0,1294.0,1760.0,2147.0,2414.0,2600.0,2805.0,2944.0,3719.0,2989.0,798.0,1052.5,1480.0,1685.5,1796.0,1949.0,2231.5,2287.0,3463.0,2737.5,756.0,1025.5,1303.5,1630.5,1918.5,2105.0,2221.5,2404.0,3626.0,3078.0,1877.0,2016.0,2177.0,2402.5,2622.0,2722.0,2880.0,2894.5,3485.5,2951.5,1646.0,1810.0,1926.5,2242.5,2441.0,2532.0,2711.0,2742.5,3094.5,2520.0,712.0,874.5,994.0,1308.5,1621.5,1779.5,1878.0,1996.0,2652.0,1898.0,503.0,695.0,914.0,1295.0,1457.0,1652.0,1808.0,1859.0,0.0,0.0,0.0,0.0,0.0,0.0,0.0,0.0,0.0,0.0,3579.0,2734.0,802.0,1143.0,1607.0,1868.0,1979.0,2104.0,2345.0,2476.0,2229.5,1755.5,612.5,726.0,958.0,1147.5,1189.5,1333.0,1419.5,1506.0,3789.5,3096.0,963.5,1233.0,1606.0,1892.5,2034.0,2199.5,2421.5,2479.0,4026.5,3279.0,1131.0,1353.0,1720.0,1992.5,2168.5,2339.5,2605.5,2647.0,2384.0,2114.0,794.0,968.0,1204.0,1358.0,1487.0,1632.0,1702.0,1809.0,2384.0,2114.0,683.0,909.0,1204.0,1327.0,1408.0,1512.0,1651.0,1627.0,2234.0,2052.0,637.0,807.0,1114.0,1210.0,1284.0,1400.0,1558.0,1562.0,"{""type"":""MultiPoint"",""coordinates"":[]}"
1261_0,3,168.0,156.0,205.5,303.0,410.5,474.5,333.0,373.0,389.0,274.0,2186.5,1883.0,694.5,891.5,1121.0,1248.0,1316.5,1416.0,1548.5,1544.5,2380.0,2099.0,751.5,977.5,1229.0,1353.0,1427.5,1520.5,1611.0,1632.5,2548.0,2281.0,889.0,1160.5,1423.0,1544.5,1590.0,1699.5,1772.0,1790.0,2668.0,2447.0,1039.0,1284.0,1567.0,1694.0,1704.0,1823.0,1953.0,1922.0,1190.0,1127.0,1008.0,1242.0,1479.0,1585.0,1635.0,1698.0,1508.0,1638.0,419.0,328.0,725.0,1019.0,1008.0,1311.0,1043.0,1097.0,994.0,909.0,794.0,565.0,869.0,1158.0,1178.0,1590.0,1591.0,1674.0,1600.0,1613.0,992.0,655.0,717.0,1103.0,914.0,1519.0,1910.0,2065.0,1886.0,1815.0,1214.5,706.5,339.0,666.0,419.0,1046.5,2242.0,2633.0,2522.5,2477.5,1408.0,771.5,227.5,477.0,274.5,793.5,2644.0,3372.5,3293.0,3216.0,240.0,201.0,330.0,451.0,535.0,634.0,505.0,577.0,601.0,484.0,1569.0,804.0,254.0,493.0,276.0,762.0,2777.0,4083.0,4078.0,4246.0,1516.0,767.0,166.0,415.0,235.0,742.0,2777.0,3947.0,3934.0,4117.0,1582.0,785.0,182.0,441.0,235.0,808.0,3007.0,4354.0,4349.0,4554.0,1622.0,835.0,430.0,815.0,524.0,1413.0,3242.0,3954.0,4070.0,4208.0,1652.5,878.5,449.0,882.0,597.0,1508.0,3018.5,3601.5,3876.5,3871.0,1903.5,1085.0,489.5,914.5,860.0,1671.5,2820.5,3184.5,3455.0,3575.5,2274.5,1355.5,807.5,1281.5,1423.0,1999.0,2770.0,3067.0,3340.5,3457.5,3699.5,2555.5,998.5,1413.0,1834.5,2477.0,2864.5,3130.5,3443.0,3554.0,4226.5,2817.5,1299.0,1831.0,2604.0,3120.0,3405.5,3706.5,4126.5,4211.0,3528.0,2523.0,1272.0,1730.0,2372.0,2634.0,2941.0,2988.0,3313.0,3503.0,213.0,191.0,330.0,417.0,528.0,634.0,505.0,577.0,584.0,476.0,3520.0,2540.0,1034.0,1409.0,1953.0,2231.0,2419.0,2514.0,2820.0,2841.0,3348.5,2493.0,1059.0,1412.5,1886.5,2124.5,2270.5,2448.0,2694.5,2700.0,2810.5,2230.0,792.5,1028.5,1340.0,1542.5,1671.0,1731.5,1923.5,1948.5,390.0,298.0,351.0,499.0,632.0,730.0,640.0,709.0,730.0,637.0,165.0,142.0,110.0,200.0,267.0,332.0,263.0,292.0,326.0,244.0,566.0,472.0,756.0,740.0,631.0,622.0,594.0,579.0,829.0,530.0,148.0,157.0,170.0,305.0,418.0,540.0,381.0,432.0,434.0,335.0,868.0,561.0,400.0,520.0,707.0,929.0,1000.0,1071.0,1177.0,1183.0,2844.0,2121.0,1006.0,1307.0,1691.0,1912.0,1987.0,2205.0,2427.0,2206.0,1898.0,1211.0,605.0,766.0,1162.0,1289.0,1424.0,1505.0,1823.0,1808.0,2510.0,1841.0,891.5,1131.0,1542.0,1666.5,1785.5,1899.5,2222.0,2158.0,3696.0,3010.5,1420.0,1744.0,2152.0,2299.0,2379.0,2573.5,2938.0,2766.5,3500.0,2888.0,1322.5,1592.5,1941.0,2107.5,2222.0,2383.5,2611.0,2566.5,"{""type"":""MultiPoint"",""coordinates"":[]}"
1262_0,3,1191.5,1006.0,462.0,534.5,664.5,741.5,747.5,792.0,833.0,851.0,1663.0,1471.0,660.0,816.5,992.5,1078.0,1120.0,1181.5,1240.0,1253.0,180.0,179.5,288.0,472.5,512.5,611.0,440.0,493.0,471.5,369.0,229.5,192.5,376.0,555.0,609.5,760.0,628.5,693.0,676.0,586.0,250.0,190.0,391.0,593.0,597.0,777.0,716.0,759.0,780.0,699.0,444.0,337.0,443.0,687.0,567.0,967.0,1071.0,1119.0,1095.0,944.0,1465.0,810.0,476.0,997.0,484.0,1552.0,3429.0,3556.0,3854.0,3320.0,1618.0,805.0,511.0,1069.0,520.0,1599.0,4090.0,4908.0,4543.0,4374.0,1538.0,753.0,373.0,912.0,385.0,1494.0,4283.0,5104.0,5320.0,5149.0,1467.5,707.5,254.5,744.5,316.5,1313.5,4004.5,4705.5,5029.5,4921.0,1475.0,711.0,191.0,635.5,244.5,1204.5,3796.5,4624.0,4942.0,5021.0,1430.0,1215.0,577.0,713.0,849.0,920.0,922.0,958.0,1084.0,1062.0,1599.0,768.0,224.0,655.0,277.0,1176.0,3697.0,4613.0,4798.0,4884.0,1615.0,780.0,182.0,687.0,286.0,1279.0,3758.0,4662.0,4844.0,4852.0,1704.0,838.0,288.0,784.0,378.0,1336.0,3837.0,4531.0,4750.0,4835.0,1858.0,948.0,470.0,1044.0,585.0,1780.0,3727.0,4328.0,4539.0,4633.0,1869.0,984.5,502.0,1131.5,744.0,1887.5,3493.0,3901.5,4253.5,4245.0,2089.0,1124.0,561.5,1211.5,974.5,2015.0,3338.0,3705.0,4010.0,4093.0,2401.0,1429.0,1343.0,1595.0,1481.0,2382.0,3325.0,3734.0,4009.0,4087.0,4532.5,2972.0,1459.0,2043.0,2803.0,3434.0,3847.0,4171.0,4690.5,4694.0,4428.0,3015.0,1398.5,1968.5,2930.0,3359.0,3641.5,3947.0,4507.5,4442.0,3573.0,2535.0,1154.0,1526.0,2178.0,2446.0,2550.0,2758.0,3167.0,3271.0,1501.0,1323.0,667.0,754.0,915.0,974.0,1002.0,1044.0,1129.0,1087.0,3182.0,2403.0,928.0,1267.0,1722.0,2037.0,2208.0,2278.0,2311.0,2421.0,2646.0,2061.5,825.5,1058.5,1439.5,1597.5,1697.0,1764.5,1994.5,1989.5,2234.5,1884.0,545.5,745.5,1016.5,1146.0,1208.5,1303.0,1472.0,1464.5,2456.0,2113.0,657.0,834.0,1135.0,1296.0,1355.0,1457.0,1593.0,1629.0,1989.0,1522.0,513.0,647.0,930.0,1065.0,1120.0,1203.0,1400.0,1353.0,0.0,0.0,0.0,0.0,0.0,0.0,0.0,0.0,0.0,0.0,2328.0,2128.0,882.0,1103.0,1286.0,1410.0,1477.0,1559.0,1691.0,1644.0,2335.0,2033.0,889.0,1075.0,1159.0,1400.0,1749.0,1809.0,1919.0,1910.0,1732.0,1544.0,650.0,782.0,911.0,1032.0,1157.0,1220.0,1336.0,1292.0,1732.0,1544.0,650.0,782.0,911.0,1032.0,1157.0,1220.0,1135.0,1292.0,1283.0,1074.0,330.0,408.0,583.0,679.0,701.0,753.0,828.0,856.0,1593.0,1377.0,640.0,727.0,895.0,943.0,977.0,1051.0,1113.0,1128.0,1564.5,1368.5,609.0,764.0,910.5,994.0,1020.0,1078.0,1144.0,1133.5,"{""type"":""MultiPoint"",""coordinates"":[]}"
1263_0,3,1914.5,1579.0,540.0,699.0,973.0,1128.0,1164.5,1237.5,1316.0,1367.5,2407.0,2067.0,907.5,1224.5,1522.0,1672.0,1699.0,1783.0,1904.5,1852.5,2447.0,2070.5,858.5,1136.0,1451.0,1609.5,1648.5,1703.0,1806.5,1832.0,2401.5,2074.5,845.0,1110.5,1410.0,1566.0,1598.0,1666.5,1754.5,1766.0,283.5,244.5,926.5,1149.5,1142.0,1292.0,973.0,1010.0,970.5,842.0,283.5,244.5,952.0,1149.5,1142.0,1292.0,973.0,1010.0,980.0,800.5,511.0,392.5,595.0,818.0,744.5,1095.0,1324.5,1408.0,1254.0,1230.0,1115.0,723.0,396.0,733.5,397.5,1029.0,2260.0,2639.0,2475.5,2476.0,1438.0,685.0,175.5,477.0,158.5,818.5,3396.0,4396.5,4474.5,4608.5,1823.0,989.5,261.0,578.0,549.0,1254.0,2989.5,3778.5,4091.0,4405.0,2014.0,1127.0,283.5,615.5,564.5,1233.0,2718.5,3334.0,3726.0,3927.0,2216.0,1843.0,619.5,825.5,1098.5,1270.5,1351.0,1402.5,1443.0,1575.5,1912.5,1047.0,251.5,588.5,457.0,1110.0,2506.0,3090.0,3298.0,3541.0,1678.5,878.0,181.0,506.0,344.0,948.0,2545.5,3189.5,3318.0,3572.0,1584.5,831.5,226.5,558.0,292.0,957.0,2680.0,3247.5,3343.5,3626.5,1823.0,917.0,463.0,911.0,498.0,1488.5,3325.0,3832.0,3935.5,4071.5,1833.0,959.5,444.0,1005.0,623.5,1732.5,3177.5,3619.0,3886.0,3960.5,2000.0,1113.0,503.0,1121.0,911.0,2102.0,3088.0,3369.0,3627.0,3742.0,2304.5,1306.5,760.5,1359.0,1320.5,2391.0,3189.5,3485.5,3762.0,3952.0,2557.0,1540.5,766.0,1357.0,1460.5,2497.0,2946.0,3262.0,3668.0,3759.0,3904.0,2582.5,1122.5,1528.0,2208.5,2691.5,2987.5,3259.5,3706.0,3837.5,3411.5,2344.0,1050.5,1458.0,2144.0,2554.0,2668.5,2945.0,3111.5,3288.0,2037.5,1691.5,496.5,739.5,1001.5,1172.0,1191.5,1322.0,1408.0,1450.0,2898.5,2212.5,973.5,1299.0,1799.5,2109.5,2186.0,2357.0,2466.5,2563.0,2799.5,2197.5,1041.5,1294.5,1681.5,1944.0,2036.0,2171.0,2293.0,2377.0,2541.0,2024.0,773.5,995.0,1320.0,1516.0,1578.5,1713.0,1839.5,1914.0,2493.5,1985.5,786.5,964.5,1270.5,1424.0,1522.0,1635.5,1763.5,1800.5,2278.0,1589.0,655.0,805.0,1093.5,1254.0,1325.0,1454.5,1612.5,1614.0,0.0,0.0,0.0,0.0,0.0,0.0,0.0,0.0,0.0,0.0,1771.0,1348.0,478.0,661.5,894.0,1018.5,1067.5,1161.0,1260.5,1283.5,1917.5,1585.5,638.5,781.5,943.0,1086.0,1154.5,1230.0,1331.5,1341.5,2433.5,2032.5,762.5,1012.5,1229.5,1425.5,1541.5,1618.5,1724.5,1765.5,2410.0,2006.0,763.5,965.0,1222.5,1373.0,1478.5,1517.0,1694.5,1678.5,2227.5,1823.5,749.0,872.5,1095.0,1226.0,1311.5,1384.0,1517.0,1535.0,2113.0,1770.0,628.0,829.0,1087.5,1238.0,1313.0,1357.5,1468.0,1450.5,2184.5,1863.0,731.0,947.5,1207.0,1319.0,1391.5,1472.0,1573.0,1569.5,"{""type"":""MultiPoint"",""coordinates"":[]}"
1264_0,3,2081.0,1689.0,590.0,744.0,1036.0,1182.5,1217.5,1318.5,1426.5,1506.0,2310.0,2027.0,875.5,1136.5,1399.5,1543.5,1570.5,1632.0,1724.0,1725.0,2372.5,2064.5,878.0,1101.5,1390.0,1532.5,1566.5,1638.5,1729.5,1757.5,2319.5,2027.0,869.0,1101.5,1366.0,1498.0,1520.5,1614.5,1674.0,1697.0,225.0,185.0,680.0,861.0,920.0,1036.0,895.5,951.0,971.0,819.0,325.0,260.0,627.0,853.5,920.0,1036.0,992.5,1085.0,1045.0,1019.0,494.5,366.0,553.5,775.0,712.0,1146.0,1464.0,1525.0,1593.5,1409.0,961.5,585.0,415.0,678.5,523.0,1098.0,2013.0,2178.0,2107.0,2059.0,1218.5,590.5,159.0,440.5,261.0,922.0,3023.0,3757.0,3990.0,4028.0,1823.5,1013.5,328.5,690.0,758.5,1434.5,2934.0,3604.5,3859.0,4099.0,2027.0,1091.0,325.5,629.0,679.5,1255.5,2821.5,3624.5,3859.5,4102.5,2356.5,1965.5,600.5,845.5,1143.5,1329.5,1363.5,1440.0,1530.5,1682.5,1863.0,969.0,297.0,598.0,546.0,1116.0,2856.5,3624.5,3727.5,4006.5,1781.0,893.5,206.5,583.0,350.0,1095.5,3046.0,3790.5,3970.5,4111.0,1783.0,893.5,309.0,716.0,423.5,1245.5,3229.5,3962.0,3979.5,4153.5,1796.0,953.5,495.0,919.0,658.5,1603.5,3308.0,3799.5,3974.0,4138.0,1946.5,1067.5,535.0,989.0,839.5,1695.0,3096.5,3598.5,3861.5,3931.0,2207.0,1311.0,522.0,977.0,1076.0,1823.0,2806.0,3218.0,3479.0,3677.0,3140.5,1984.5,893.5,1298.5,1507.0,2204.0,2886.0,3259.0,3551.0,3786.5,3892.0,2646.5,899.5,1342.5,1938.0,2537.5,2988.5,3199.5,3657.5,3849.0,3828.0,2634.0,916.0,1365.0,2049.5,2618.5,2923.0,3168.5,3552.5,3705.0,2537.5,1956.0,781.0,1055.0,1532.5,1820.5,1945.5,2044.0,2096.5,2237.0,2147.0,1772.0,552.0,741.0,1022.0,1194.0,1211.0,1345.0,1452.0,1528.0,2591.0,1989.0,819.0,1103.0,1555.5,1821.5,1931.0,2035.5,2134.5,2266.5,2532.5,1954.0,935.5,1163.5,1543.5,1806.0,1863.5,2003.5,2088.5,2211.5,2250.5,1792.5,698.5,885.0,1203.5,1361.5,1462.5,1536.5,1688.0,1702.0,2352.5,1882.5,771.5,915.0,1239.5,1400.0,1444.5,1534.5,1664.5,1722.5,1976.5,1441.5,553.0,694.5,978.5,1120.0,1209.0,1256.5,1401.0,1428.5,0.0,0.0,0.0,0.0,0.0,0.0,0.0,0.0,0.0,0.0,1849.0,1504.0,493.5,629.5,879.5,1018.0,1015.0,1100.5,1201.5,1246.5,1966.0,1682.0,632.0,737.0,939.0,1045.0,1082.5,1144.5,1237.0,1254.5,2429.0,2105.0,775.5,958.0,1207.5,1340.0,1414.5,1459.0,1566.0,1598.0,2398.5,2036.5,797.5,929.5,1208.5,1339.5,1382.0,1428.0,1569.5,1590.5,2257.0,1874.5,746.0,841.0,1080.5,1189.0,1196.5,1263.5,1377.5,1430.0,2014.5,1781.0,606.5,765.5,1008.5,1128.5,1191.0,1282.5,1380.0,1370.5,2014.5,1781.0,618.5,822.0,1024.0,1133.0,1191.0,1282.5,1380.0,1370.5,"{""type"":""MultiPoint"",""coordinates"":[]}"
1265_0,3,125.5,109.0,145.5,195.0,293.5,328.5,214.5,223.0,254.0,181.0,2368.5,1956.5,700.5,903.5,1150.0,1304.5,1370.5,1497.5,1619.0,1658.0,2447.5,2089.0,789.5,1014.5,1274.0,1431.0,1493.5,1590.0,1713.0,1749.5,2567.0,2257.0,1031.0,1283.0,1539.0,1665.5,1693.5,1793.0,1866.5,1895.0,2720.0,2394.0,1342.0,1572.0,1809.0,1943.0,1961.0,2041.0,2129.0,2109.0,1362.0,1368.0,1342.0,1572.0,1809.0,1943.0,1960.0,2041.0,1658.0,1836.0,259.0,209.0,681.0,925.0,901.0,1092.0,854.0,917.0,909.0,724.0,496.0,386.0,681.0,956.0,901.0,1319.0,1270.0,1348.0,1291.0,1159.0,746.0,527.0,513.0,812.0,619.0,1150.0,1509.0,1635.0,1562.0,1407.0,945.0,556.0,255.5,553.5,313.0,923.5,1909.0,2289.5,2256.0,2022.0,1075.5,579.5,185.0,418.0,199.0,763.5,2167.0,2754.5,2736.5,2583.0,283.5,251.0,249.0,346.5,437.5,513.0,406.5,450.5,478.5,372.0,1308.0,644.0,195.0,413.0,220.0,728.0,2401.0,3175.0,3145.0,3201.0,1311.0,644.0,132.0,368.0,144.0,731.0,2622.0,3419.0,3422.0,3503.0,1416.0,688.0,176.0,524.0,263.0,958.0,2895.0,3881.0,3866.0,4049.0,1529.0,784.0,433.0,901.0,574.0,1595.0,3136.0,3780.0,3794.0,3923.0,1529.0,848.0,433.0,940.0,780.0,1758.0,2855.0,3263.0,3532.0,3479.0,1949.0,1164.5,541.0,1038.0,1053.5,1965.5,2722.0,3058.0,3285.5,3304.5,2348.0,1382.0,849.0,1360.0,1439.0,2191.0,2856.0,3059.0,3326.0,3417.0,3222.0,2195.0,1000.0,1485.5,1827.0,2498.5,2919.5,3162.0,3550.5,3575.5,4249.0,2823.0,1290.0,1840.0,2583.5,3206.0,3430.5,3678.0,4104.0,4181.5,4651.0,3203.0,1562.0,2148.0,2996.0,3465.0,3667.0,3893.0,4122.0,4369.0,171.0,152.0,246.0,256.0,367.0,419.0,330.0,398.0,402.0,286.0,4456.0,3217.0,1378.0,1837.0,2515.0,2886.0,3051.0,3271.0,3333.0,3592.0,4170.0,3086.5,1243.5,1605.5,2166.5,2476.0,2620.5,2769.5,3036.0,3140.0,2146.0,1674.5,629.0,821.0,1158.0,1319.5,1338.5,1408.0,1584.5,1556.5,286.0,267.0,284.0,383.0,541.0,628.0,469.0,519.0,530.0,460.0,135.0,108.0,127.0,146.0,216.0,269.0,164.0,184.0,231.0,170.0,675.0,689.0,782.0,727.0,680.0,686.0,642.0,709.0,814.0,673.0,99.0,114.0,102.0,172.0,265.0,351.0,223.0,259.0,251.0,195.0,586.0,373.0,272.0,369.0,551.0,764.0,845.0,970.0,1052.0,1134.0,3583.0,2754.0,970.0,1266.0,1679.0,1987.0,2103.0,2289.0,2399.0,2496.0,1591.0,903.0,400.0,516.0,877.0,1115.0,1214.0,1417.0,1592.0,1692.0,2612.0,1816.5,669.5,903.0,1280.5,1577.0,1691.0,1872.0,2078.5,2164.5,4443.0,3458.5,1278.5,1599.0,2020.5,2313.0,2518.0,2684.5,2999.0,3040.0,4123.0,3300.0,1200.0,1461.0,1861.0,2194.5,2313.5,2517.5,2716.0,2825.5,"{""type"":""MultiPoint"",""coordinates"":[]}"
1266_0,3,2473.0,2046.5,814.5,1005.5,1346.5,1532.0,1558.0,1647.5,1769.0,1811.5,2242.5,1942.5,799.0,1013.0,1307.5,1426.5,1468.5,1551.0,1653.5,1670.0,2449.5,2130.5,880.0,1146.5,1474.0,1609.0,1623.5,1731.5,1787.5,1835.0,2559.0,2261.0,956.5,1240.5,1570.5,1729.0,1776.5,1859.0,1916.0,1967.5,1292.0,1049.0,864.0,1075.0,1141.5,1198.5,1177.0,1299.0,1386.0,1308.5,418.0,392.5,858.0,1073.5,1080.5,1195.0,891.0,959.0,945.0,839.0,588.5,459.5,544.5,881.0,668.0,1101.5,1106.5,1232.5,1204.5,1082.5,1214.0,754.5,446.5,682.5,486.5,979.5,2070.5,2363.0,2245.5,2336.0,1655.0,822.0,235.0,531.0,216.0,860.5,3359.0,4129.0,4299.0,4209.5,1960.5,1048.5,201.5,572.0,304.5,964.5,3399.0,4627.0,4731.5,4891.5,1843.5,909.5,185.5,405.0,243.0,713.0,3001.0,4454.5,4670.5,4847.0,2751.0,2340.5,870.0,1089.0,1422.5,1629.0,1655.5,1737.5,1798.5,1923.0,1800.5,870.5,184.0,372.0,225.0,668.0,2945.5,4464.0,4638.5,4892.5,1627.5,754.5,116.5,336.5,141.0,604.0,3077.5,4720.0,4905.0,5042.5,1615.5,754.5,243.0,571.5,305.0,1032.0,3316.5,4701.5,4842.0,5054.5,1781.0,893.0,472.0,883.5,554.0,1527.0,3754.0,4736.5,5060.0,5156.0,1892.0,993.5,495.5,1018.0,725.5,1727.5,3772.5,4613.5,5045.0,5056.0,2421.0,1395.0,655.0,1284.0,1224.0,2405.0,3879.0,4461.0,4860.0,4905.0,3172.5,1992.0,1055.5,1706.5,2048.5,3071.0,4189.5,4658.0,5089.0,5205.0,4210.5,2941.5,1212.0,1752.0,2393.5,3146.0,3560.5,3945.5,4226.5,4501.0,4010.0,2795.0,1265.5,1761.5,2571.0,3063.0,3301.5,3562.5,3866.0,4000.0,3699.5,2600.0,1304.0,1821.5,2584.5,3109.5,3341.5,3535.0,3710.0,4027.5,2537.0,2183.0,797.0,1009.0,1340.0,1534.0,1541.0,1678.0,1761.0,1766.0,3554.0,2560.5,1182.5,1600.5,2225.5,2628.0,2825.5,2988.5,3193.0,3363.0,3342.5,2457.0,1171.5,1511.5,2083.0,2437.0,2590.0,2805.0,2953.0,3082.0,2957.0,2368.5,884.0,1079.0,1470.0,1679.0,1823.0,1939.5,2135.5,2177.0,2961.5,2359.0,871.5,1046.5,1414.0,1639.0,1755.0,1872.5,2011.0,2090.0,1699.0,1391.0,500.5,627.0,892.5,937.0,1016.0,1113.5,1247.5,1217.5,0.0,0.0,0.0,0.0,0.0,0.0,0.0,0.0,0.0,0.0,2464.5,2119.0,739.5,959.5,1261.0,1406.0,1403.0,1453.0,1588.5,1635.5,2413.0,2046.0,863.0,997.0,1271.0,1433.0,1385.0,1430.0,1594.0,1611.0,2504.0,2146.0,871.0,1101.0,1403.0,1564.0,1560.0,1648.0,1785.0,1802.0,2734.5,2235.0,924.0,1046.5,1370.5,1506.0,1494.5,1479.0,1621.0,1702.0,2751.5,2279.0,977.5,1097.5,1381.0,1521.0,1545.0,1593.0,1710.0,1772.5,2788.5,2418.5,1018.5,1169.5,1399.5,1554.5,1602.0,1708.0,1793.0,1843.0,2325.0,1992.0,759.0,999.0,1324.0,1470.0,1507.0,1576.0,1671.0,1694.0,"{""type"":""MultiPoint"",""coordinates"":[]}"
1267_0,3,1625.5,1349.5,525.5,648.0,851.0,960.5,1012.5,1047.5,1136.0,1172.5,2235.5,1925.5,806.0,1078.5,1326.5,1445.5,1480.5,1546.5,1624.5,1629.0,2317.5,2025.5,827.5,1113.5,1364.0,1473.0,1524.0,1588.0,1665.0,1673.0,2229.0,1976.5,831.0,1088.5,1312.5,1429.5,1480.0,1542.0,1600.5,1610.0,373.0,345.0,860.0,1199.0,1197.0,1401.0,1022.0,993.0,937.0,781.0,373.0,345.0,908.0,1202.0,1261.0,1401.0,1062.0,1153.0,954.0,972.0,370.0,298.0,703.0,972.0,988.0,1276.0,1136.0,1197.0,1107.0,972.0,571.0,500.0,550.0,845.0,751.0,1360.0,1292.0,1452.0,1372.0,1142.0,659.0,520.0,484.0,730.0,614.0,1164.0,1565.0,1689.0,1530.0,1400.0,765.5,527.0,335.0,554.5,438.5,1046.5,1619.0,1868.5,1723.5,1618.0,1099.5,651.0,260.5,498.5,346.5,927.0,2101.5,2564.0,2503.0,2390.0,1833.0,1557.0,625.0,780.0,1007.0,1097.0,1111.0,1197.0,1254.0,1298.0,1190.0,656.0,205.0,442.0,253.0,845.0,2184.0,2733.0,2605.0,2445.0,1227.0,618.0,99.0,348.0,150.0,675.0,2532.0,3318.0,3351.0,3214.0,1227.0,599.0,109.0,354.0,145.0,657.0,2703.0,3676.0,3647.0,3641.0,1480.0,735.0,315.0,657.0,302.0,1047.0,3263.0,4117.0,4194.0,4182.0,1594.0,787.5,367.0,832.5,400.0,1339.5,3477.0,4251.0,4575.5,4417.5,1633.0,870.0,377.5,892.5,504.5,1571.5,3243.5,3701.5,3903.0,3920.0,1938.0,1005.0,748.0,1319.0,1063.0,2141.0,3248.0,3658.0,3885.0,3891.0,2302.5,1412.5,829.5,1493.5,1493.5,2563.5,3410.0,3716.5,4052.0,4043.0,3519.0,2444.5,1034.0,1604.5,2079.0,2697.0,2994.0,3246.0,3557.0,3627.5,2881.0,2173.0,811.0,1133.0,1640.0,1974.0,2107.0,2286.0,2361.0,2459.0,1688.0,1416.0,430.0,621.0,870.0,976.0,1042.0,1083.0,1176.0,1189.0,2804.0,2173.0,769.0,1129.0,1579.0,1860.0,1954.0,2114.0,2160.0,2294.0,2630.0,2048.0,803.5,1060.0,1428.0,1641.5,1749.0,1863.5,2035.0,2071.5,2454.5,1958.5,653.5,879.0,1182.0,1331.5,1432.0,1551.5,1712.0,1728.0,2624.0,2139.0,769.0,946.0,1232.0,1421.0,1510.0,1601.0,1754.0,1814.0,2157.0,1526.0,576.0,698.0,987.0,1114.0,1195.0,1305.0,1457.0,1415.0,0.0,0.0,0.0,0.0,0.0,0.0,0.0,0.0,0.0,0.0,1510.0,1202.0,449.0,613.0,775.0,871.0,932.0,957.0,1060.0,1082.0,1676.0,1420.0,555.0,698.0,856.0,966.0,1003.0,1036.0,1122.0,1139.0,2144.0,1811.0,695.0,940.0,1157.0,1279.0,1339.0,1418.0,1489.0,1518.0,2302.0,1985.0,892.0,1082.0,1290.0,1404.0,1472.0,1559.0,1676.0,1625.0,1802.0,1506.0,533.0,662.0,863.0,987.0,995.0,1053.0,1128.0,1140.0,1995.0,1738.0,652.0,870.0,1076.0,1193.0,1245.0,1346.0,1403.0,1424.0,2039.5,1766.0,742.5,936.0,1149.5,1254.0,1288.0,1354.0,1457.0,1441.0,"{""type"":""MultiPoint"",""coordinates"":[]}"
1268_0,3,1212.0,1012.0,488.0,586.5,727.0,785.5,804.5,857.0,913.5,892.5,1691.0,1448.5,666.0,839.0,1021.0,1110.0,1161.0,1222.0,1293.5,1285.0,164.5,170.5,400.5,654.0,678.5,842.5,600.0,690.0,620.0,518.0,251.5,233.5,405.0,625.5,677.5,863.5,752.0,808.0,772.5,727.5,303.0,243.0,421.0,642.0,640.0,875.0,769.0,804.0,776.0,724.0,659.0,503.0,492.0,797.0,664.0,1111.0,1273.0,1378.0,1283.0,1239.0,1541.0,847.0,502.0,964.0,521.0,1517.0,3205.0,3453.0,3290.0,3426.0,1646.0,862.0,416.0,950.0,452.0,1473.0,4243.0,4641.0,4993.0,4905.0,1602.0,788.0,376.0,892.0,383.0,1416.0,4305.0,5407.0,5267.0,5439.0,1576.5,766.5,283.5,766.0,331.0,1301.5,4212.5,5289.0,5262.0,5479.5,1596.0,779.0,209.5,662.0,249.5,1227.0,4031.0,5186.5,5129.5,5358.5,1424.0,1224.0,609.0,738.0,877.0,931.0,964.0,994.0,1117.0,1070.0,1710.0,824.0,244.0,679.0,278.0,1206.0,3909.0,5004.0,5020.0,5220.0,1738.0,829.0,189.0,693.0,285.0,1255.0,3949.0,4892.0,5020.0,5225.0,1818.0,867.0,289.0,770.0,355.0,1341.0,3977.0,4780.0,4844.0,5065.0,1959.0,1005.0,472.0,1009.0,568.0,1871.0,3951.0,4569.0,4850.0,4973.0,1983.0,1036.5,521.0,1092.0,719.0,1941.5,3751.5,4306.5,4706.5,4624.5,2159.0,1184.5,557.0,1171.0,925.0,2129.0,3665.5,4070.5,4418.5,4500.0,2494.0,1468.0,1353.0,1544.0,1381.0,2433.0,3678.0,4045.0,4373.0,4488.0,4586.0,3080.0,1417.0,1971.5,2748.5,3437.0,3804.0,4172.5,4629.5,4709.5,4411.0,3065.0,1376.0,1931.0,2794.5,3446.5,3706.5,3960.0,4455.5,4499.5,2603.0,1814.0,796.0,1056.0,1473.0,1783.0,1959.0,2102.0,2068.0,2471.0,1535.0,1320.0,669.0,808.0,989.0,1009.0,1023.0,1098.0,1196.0,1139.0,2952.0,2309.0,926.0,1195.0,1643.0,1947.0,1925.0,2207.0,2301.0,2297.0,2638.5,2084.5,871.0,1071.0,1420.5,1659.5,1682.0,1854.5,1947.0,1992.0,2103.5,1792.5,490.0,662.0,931.0,1086.5,1141.0,1226.0,1365.5,1374.5,2427.0,2077.0,656.0,844.0,1135.0,1282.0,1374.0,1484.0,1570.0,1619.0,1989.0,1670.0,463.0,625.0,889.0,1036.0,1094.0,1180.0,1329.0,1347.0,0.0,0.0,0.0,0.0,0.0,0.0,0.0,0.0,0.0,0.0,2340.0,2128.0,850.0,1084.0,1294.0,1441.0,1484.0,1573.0,1697.0,1654.0,2326.0,1994.0,858.0,1045.0,1116.0,1400.0,1700.0,1801.0,1861.0,1870.0,1937.0,1587.0,653.0,858.5,913.0,1150.5,1622.0,1698.0,1828.5,1831.0,1730.0,1498.0,661.0,778.0,903.0,1009.0,1159.0,1212.0,1347.0,1320.0,1459.0,1260.5,506.0,591.5,757.0,827.5,863.0,913.5,1001.5,994.0,1613.0,1413.0,608.0,747.0,902.0,981.0,1026.0,1075.0,1165.0,1139.0,1581.0,1358.5,611.0,781.0,935.5,1021.5,1052.0,1116.0,1205.5,1178.5,"{""type"":""MultiPoint"",""coordinates"":[]}"
1269_0,3,1579.0,1289.0,590.0,711.0,901.5,1014.0,1026.0,1094.5,1159.5,1183.5,2226.0,1882.5,923.0,1150.5,1334.5,1475.0,1554.0,1648.5,1693.0,1669.5,2311.0,1968.5,1017.5,1290.0,1474.0,1585.5,1657.5,1729.0,1769.5,1807.0,2560.5,2213.0,1232.0,1530.0,1747.0,1873.0,1926.5,2012.5,2056.0,2064.0,2211.0,1916.0,1069.0,1362.0,1503.0,1623.0,1668.0,1743.0,1798.0,1796.0,1408.0,1036.0,1069.0,1364.0,1500.0,1707.0,1760.0,1817.0,1827.0,1905.0,1388.0,1037.0,932.0,1306.0,1375.0,1675.0,1760.0,1817.0,1827.0,1905.0,1726.0,1312.0,927.0,1306.0,1294.0,1675.0,2229.0,2441.0,2419.0,2398.0,1958.0,1319.0,670.0,1014.0,881.0,1468.0,2812.0,3353.0,3402.0,3225.0,2168.0,1379.0,665.0,1094.5,911.5,1613.5,3108.0,3596.0,3810.0,3587.5,2259.5,1406.0,675.0,1143.0,914.0,1647.0,3283.5,4059.5,4237.5,4172.5,1739.0,1463.0,657.0,847.0,1022.0,1197.0,1171.0,1228.0,1300.0,1302.0,2253.0,1404.0,770.0,1238.0,1005.0,1669.0,3356.0,3896.0,4174.0,4134.0,2194.0,1395.0,722.0,1174.0,979.0,1706.0,3374.0,3953.0,4325.0,4281.0,2127.0,1246.0,687.0,1116.0,990.0,1694.0,3374.0,4188.0,4325.0,4262.0,2094.0,1246.0,750.0,1153.0,1114.0,1838.0,3136.0,3598.0,3852.0,3847.0,2107.0,1400.0,771.5,1187.5,1161.5,1885.5,2890.0,3183.0,3530.0,3490.5,2253.0,1533.0,809.5,1213.0,1322.5,1947.0,2588.0,2900.5,3175.0,3164.5,2325.5,1545.5,898.5,1354.0,1534.0,2049.0,2496.0,2771.5,3015.5,2983.0,2522.0,1799.5,938.0,1315.0,1677.0,2159.5,2572.0,2674.5,3038.0,3036.5,3017.5,2196.0,1129.0,1512.0,1996.0,2321.0,2587.5,2636.0,3025.0,2963.0,3109.0,2222.0,998.0,1404.0,2011.0,2364.0,2392.0,2645.0,2867.0,2821.0,1650.0,1331.0,665.0,899.0,1085.0,1202.0,1237.0,1327.0,1412.0,1396.0,3109.0,2281.0,998.0,1404.0,2011.0,2364.0,2392.0,2645.0,2867.0,2821.0,2814.0,2085.5,956.0,1266.0,1664.5,1886.0,2045.5,2145.0,2424.0,2405.0,2546.0,1969.0,720.5,944.0,1241.5,1394.5,1572.0,1623.5,1829.0,1871.5,2892.0,2199.0,818.0,1000.0,1310.0,1481.0,1621.0,1710.0,1916.0,1916.0,1425.0,1153.0,451.0,598.0,789.0,842.0,892.0,920.0,1081.0,1019.0,564.0,460.0,246.0,385.0,440.0,484.0,487.0,494.0,598.0,571.0,1908.0,1527.0,717.0,949.0,1118.0,1234.0,1275.0,1335.0,1412.0,1445.0,2107.0,1762.0,784.0,1011.0,1177.0,1330.0,1361.0,1427.0,1497.0,1488.0,2462.0,2062.0,992.0,1257.0,1462.0,1609.0,1681.0,1712.0,1801.0,1829.0,2633.0,2244.0,1163.0,1432.0,1607.0,1736.0,1866.0,1930.0,2014.0,1971.0,1703.0,1401.5,560.5,716.5,874.0,968.0,972.5,1022.0,1089.5,1103.0,2136.0,1826.0,931.0,1117.0,1279.5,1385.5,1432.0,1510.5,1593.5,1550.5,2228.5,1886.5,930.5,1144.5,1316.0,1434.5,1509.0,1566.0,1655.0,1649.0,"{""type"":""MultiPoint"",""coordinates"":[]}"
1270_0,3,1989.5,1659.0,601.0,751.5,1046.5,1191.0,1217.5,1299.5,1400.0,1417.5,2512.5,2135.5,966.5,1292.0,1604.5,1749.0,1790.5,1870.5,1973.0,1964.0,2528.0,2157.0,914.0,1223.5,1555.5,1685.5,1724.5,1795.5,1904.5,1905.0,2412.0,2101.5,889.0,1161.5,1463.0,1598.0,1628.0,1694.5,1777.0,1784.0,189.5,194.0,511.5,758.5,823.0,943.0,678.5,744.0,710.0,587.0,314.5,308.0,639.0,950.5,987.5,1306.0,1098.5,1157.5,1058.5,1006.5,535.5,416.5,545.5,867.0,766.0,1186.0,1135.5,1238.0,1238.5,1030.5,1235.5,820.0,402.0,785.5,415.5,1109.0,2579.5,2828.5,2942.5,2681.5,1605.5,795.5,202.0,564.5,190.0,955.5,3681.5,4799.5,4856.5,4880.5,1793.5,953.5,232.5,603.0,442.5,1201.0,3242.0,4115.5,4442.0,4757.0,1982.0,1099.0,253.0,612.5,485.0,1208.5,3046.5,3776.5,4156.5,4370.5,2304.5,1924.5,655.0,894.0,1212.5,1361.5,1422.5,1504.5,1548.5,1627.0,1934.5,1039.5,222.5,563.0,396.5,1087.5,2835.0,3561.5,3800.0,4114.5,1731.5,875.0,171.5,502.0,294.5,946.5,2837.5,3591.0,3798.0,4101.0,1609.5,815.5,227.0,573.5,276.0,954.5,2917.5,3689.0,3783.0,3988.5,1889.5,969.5,492.5,978.5,529.5,1551.5,3538.0,4157.5,4325.5,4464.5,1953.5,1087.0,492.0,1100.0,676.5,1834.5,3525.5,4012.5,4272.0,4308.0,2106.0,1209.0,564.0,1248.0,955.0,2176.0,3385.0,3731.0,4001.0,4069.0,2471.0,1423.0,892.0,1614.5,1528.0,2708.0,3517.0,3759.0,4120.5,4228.5,2672.5,1709.5,919.0,1555.0,1955.0,2795.5,3224.5,3540.5,3814.5,3994.0,3947.5,2620.5,1095.5,1574.0,2160.5,2832.0,3141.5,3429.0,3757.0,3916.0,2646.5,1823.5,870.5,1278.0,1895.0,2238.0,2342.5,2594.0,2695.0,2842.5,2135.0,1789.5,552.0,815.5,1112.0,1266.0,1347.0,1415.0,1528.0,1544.0,2716.0,2021.5,786.0,1109.5,1542.0,1824.5,1899.0,2042.5,2241.0,2294.0,2877.0,2169.0,925.5,1208.5,1607.5,1896.5,1935.5,2097.0,2257.0,2367.5,2562.0,2065.0,715.0,924.5,1215.0,1447.5,1516.5,1658.5,1738.0,1837.0,2512.0,1960.5,715.0,880.0,1138.5,1349.5,1411.5,1555.5,1653.0,1733.0,1509.0,1257.5,412.5,532.0,739.5,834.5,874.0,960.5,1068.0,1070.0,0.0,0.0,0.0,0.0,0.0,0.0,0.0,0.0,0.0,0.0,1700.0,1238.0,498.0,674.0,899.5,1063.0,1085.0,1111.0,1276.0,1263.0,2001.5,1629.5,698.0,863.0,1051.0,1153.5,1262.5,1331.0,1430.5,1402.0,2491.5,2080.0,852.0,1092.5,1350.5,1546.5,1622.0,1683.5,1812.0,1845.0,2478.0,2047.5,854.5,1065.5,1343.5,1499.0,1554.0,1622.0,1783.5,1763.0,2306.5,1879.0,840.5,989.0,1223.0,1347.5,1390.0,1493.5,1611.5,1621.5,2228.0,1892.0,727.5,912.5,1191.5,1308.5,1369.5,1472.5,1557.0,1582.5,2287.5,1966.0,787.5,1033.0,1340.0,1468.0,1509.0,1595.0,1713.0,1706.0,"{""type"":""MultiPoint"",""coordinates"":[]}"
1271_0,3,2057.5,1831.0,1057.0,1100.5,1236.5,1389.5,1450.0,1518.0,1603.0,1636.5,2805.0,2621.0,877.0,1184.0,1574.0,1724.0,1793.0,1895.0,2034.0,2052.0,2542.0,2346.0,657.0,925.0,1292.0,1425.0,1483.0,1590.0,1745.0,1756.0,190.0,192.5,213.0,281.0,297.5,360.5,197.0,213.0,206.5,126.5,178.5,164.0,220.0,361.0,338.5,470.0,299.5,353.5,317.5,240.0,397.5,310.0,257.5,466.5,400.0,653.5,643.5,694.5,640.0,571.5,844.0,664.0,256.0,579.0,248.0,876.0,1214.0,1252.0,1228.0,1185.0,1314.0,690.0,231.0,530.0,239.0,835.0,2140.0,2514.0,2373.0,2395.0,1434.0,712.0,135.0,421.0,78.0,689.0,2750.0,3654.0,3561.0,3560.0,1402.5,649.5,89.5,363.0,44.0,633.0,2803.0,3896.5,3876.0,3964.5,1343.0,609.5,68.0,310.5,34.5,559.5,2775.5,3975.5,4012.5,4045.5,2362.5,2057.0,1152.5,1160.5,1286.5,1406.0,1483.5,1553.5,1622.0,1628.0,1408.5,648.0,76.0,334.5,51.0,598.0,2970.0,4143.5,4210.0,4370.5,1468.0,698.0,198.5,769.0,292.0,1340.0,3488.5,4281.0,4336.0,4437.5,1556.0,771.0,526.0,898.0,685.0,1470.0,3333.0,3950.0,3963.0,4191.0,1712.0,970.0,726.0,1108.0,1089.0,1910.0,2963.0,3334.0,3465.0,3660.0,1943.0,1158.0,614.0,1070.0,1089.0,1854.0,2537.0,2786.0,3146.0,3177.0,4186.0,2926.0,949.0,1368.0,2036.0,2405.0,2649.0,2892.0,3217.0,3413.0,4501.0,3287.0,1044.0,1459.0,1984.5,2416.5,2708.5,2987.5,3298.0,3444.5,4397.5,3284.0,986.5,1339.5,1969.5,2323.0,2622.0,2859.5,3211.5,3282.5,4131.0,3236.0,961.0,1289.0,1920.0,2259.0,2564.0,2844.0,3219.0,3241.0,3630.5,2716.0,842.5,1131.5,1563.0,1878.0,2163.0,2370.5,2555.5,2741.5,2538.0,2220.0,671.0,837.0,1115.0,1293.0,1420.0,1532.0,1684.0,1681.0,3552.5,2791.5,754.0,1002.0,1315.5,1627.5,1891.5,2064.0,2214.5,2377.5,3617.5,3114.0,1699.0,1821.5,2009.5,2294.5,2425.5,2520.5,2723.0,2761.5,2923.5,2466.0,658.5,806.0,992.5,1255.0,1494.5,1636.5,1817.0,1879.0,2954.5,2530.0,705.5,841.0,1017.0,1262.0,1498.5,1658.0,1775.0,1874.0,2528.0,1714.0,509.0,689.0,851.0,1129.0,1354.0,1471.0,1664.0,1735.0,0.0,0.0,0.0,0.0,0.0,0.0,0.0,0.0,0.0,0.0,2124.0,1744.0,425.0,660.0,924.0,1157.0,1292.0,1385.0,1556.0,1595.0,1653.0,1488.5,472.0,584.5,735.5,903.0,1051.5,1196.0,1132.0,1334.0,2474.5,2109.5,630.0,874.5,1099.0,1348.5,1580.5,1685.5,1850.5,1879.0,2595.0,2173.5,759.5,947.0,1171.0,1435.5,1674.5,1814.0,1974.0,1988.5,2389.0,2166.0,736.0,911.0,1159.0,1327.0,1480.0,1602.0,1692.0,1751.0,2196.5,2029.5,547.0,737.5,1029.5,1138.5,1241.0,1345.0,1472.0,1475.0,2502.5,2374.5,675.5,945.5,1255.0,1401.0,1487.0,1590.0,1731.0,1718.0,"{""type"":""MultiPoint"",""coordinates"":[]}"
1272_0,3,1784.5,1467.5,602.0,760.5,1008.5,1081.0,1127.5,1220.5,1356.0,1302.5,2366.0,2026.0,925.5,1196.5,1459.0,1575.0,1608.0,1706.5,1815.0,1797.0,2393.5,2080.5,957.0,1232.5,1475.5,1583.0,1628.0,1719.5,1802.5,1787.0,2385.5,2105.0,989.0,1255.0,1488.5,1594.5,1639.0,1715.0,1797.5,1791.5,295.0,248.0,938.0,1194.0,1250.0,1353.0,1069.0,1082.0,1067.0,904.0,295.0,248.0,757.0,1041.0,1072.0,1353.0,1069.0,1082.0,1067.0,904.0,451.0,396.0,593.0,1019.0,832.0,1363.0,1292.0,1418.0,1336.0,1188.0,1015.0,768.0,569.0,933.0,740.0,1579.0,1829.0,2056.0,1844.0,1736.0,938.0,601.0,514.0,817.0,681.0,1278.0,1730.0,1947.0,1868.0,1725.0,1006.5,637.0,348.5,601.0,443.0,1035.5,1968.5,2286.0,2169.0,2130.0,1378.0,739.0,247.5,540.0,343.0,918.5,2434.0,3198.5,3084.0,3166.5,1990.0,1648.0,683.0,877.0,1117.0,1217.0,1273.0,1277.0,1402.0,1470.0,1388.0,699.0,235.0,477.0,320.0,845.0,2480.0,3333.0,3294.0,3458.0,1305.0,621.0,115.0,335.0,165.0,641.0,2626.0,3664.0,3666.0,3700.0,1290.0,621.0,118.0,374.0,145.0,651.0,2916.0,4089.0,4070.0,4190.0,1671.0,808.0,388.0,760.0,379.0,1174.0,3554.0,4608.0,4770.0,4794.0,1738.0,903.0,414.0,926.0,503.0,1500.0,3693.0,4577.0,4854.0,4759.0,1843.5,989.0,416.5,984.5,551.0,1690.0,3628.5,4128.5,4284.5,4403.0,2142.0,1167.5,823.5,1464.5,1276.0,2310.0,3630.5,4016.5,4244.0,4299.5,2747.0,1689.0,913.5,1506.5,1646.0,2671.5,3474.0,3830.0,4152.0,4155.0,3768.5,2588.5,1097.0,1543.0,2100.0,2663.0,2906.0,3211.0,3451.0,3548.0,3115.0,2283.0,1153.0,1616.0,2110.0,2412.0,2507.0,2718.0,2842.0,2838.0,1860.0,1557.0,530.0,725.0,1010.0,1096.0,1153.0,1209.0,1360.0,1369.0,3006.0,2283.0,894.0,1226.0,1693.0,1996.0,2050.0,2204.0,2362.0,2475.0,2887.5,2204.0,874.0,1146.5,1536.5,1814.0,1894.0,2030.5,2193.0,2246.5,2555.5,2053.0,685.5,882.0,1180.5,1353.5,1462.0,1559.5,1694.5,1701.0,2669.0,2232.0,794.0,968.0,1259.0,1476.0,1511.0,1651.0,1760.0,1768.0,2272.0,1598.0,557.0,727.0,972.0,1147.0,1230.0,1292.0,1462.0,1480.0,0.0,0.0,0.0,0.0,0.0,0.0,0.0,0.0,0.0,0.0,1732.0,1432.0,580.0,772.0,989.0,1059.0,1080.0,1208.0,1297.0,1273.0,1933.0,1606.0,717.0,842.0,1031.0,1129.0,1145.0,1234.0,1336.0,1309.0,2361.0,2035.0,836.0,1072.0,1334.0,1457.0,1491.0,1588.0,1728.0,1704.0,1959.0,2081.0,983.0,967.0,1253.0,1514.0,1664.0,1710.0,1303.0,1814.0,1944.0,1653.0,620.0,794.0,1012.0,1094.0,1136.0,1202.0,1303.0,1296.0,2097.0,1758.0,754.0,907.0,1131.0,1221.0,1268.0,1364.0,1500.0,1428.0,2200.5,1879.5,827.0,1026.0,1260.5,1356.0,1418.5,1503.5,1623.0,1584.0,"{""type"":""MultiPoint"",""coordinates"":[]}"
1273_0,3,95.0,78.5,198.0,289.5,335.0,398.0,200.5,200.5,179.0,97.5,1683.0,1405.5,612.0,792.5,938.0,1013.0,1053.5,1108.5,1166.5,1188.5,1829.0,1575.0,667.5,853.5,1019.5,1077.0,1130.5,1194.5,1239.5,1261.0,2132.5,1865.0,881.5,1108.0,1289.5,1389.0,1393.0,1458.0,1520.0,1523.5,2034.0,1841.0,1076.0,1336.0,1401.0,1453.0,1452.0,1484.0,1545.0,1557.0,358.0,327.0,1076.0,1362.0,1401.0,1451.0,1004.0,968.0,904.0,759.0,371.0,316.0,870.0,1034.0,1040.0,1161.0,891.0,924.0,923.0,730.0,371.0,316.0,738.0,1007.0,994.0,1164.0,908.0,963.0,923.0,749.0,379.0,295.0,478.0,722.0,583.0,1135.0,944.0,1081.0,951.0,755.0,447.0,310.5,249.0,479.0,303.0,959.0,1452.0,1637.0,1412.0,1250.0,544.0,359.0,217.0,417.0,243.5,861.5,1602.5,1900.0,1670.5,1481.0,247.5,224.5,271.5,399.0,469.5,552.0,385.5,419.5,422.5,322.0,1049.5,542.0,232.5,450.5,268.5,818.0,2082.0,2810.5,2551.0,2556.0,1096.0,536.0,76.0,231.0,62.0,492.0,2183.0,3078.0,2874.0,2844.0,1204.0,590.0,145.0,366.0,172.0,636.0,2581.0,3651.0,3538.0,3559.0,1433.0,720.0,372.0,731.0,428.0,1225.0,3104.0,3865.0,3923.0,4003.0,1493.0,784.0,399.0,827.0,576.0,1511.0,3201.0,3750.0,3870.0,3953.0,1843.0,1036.0,475.5,999.5,892.0,1829.0,3111.0,3519.5,3773.0,3875.0,3045.0,2071.0,1183.0,1495.0,1593.0,2418.0,3036.0,3310.0,3586.0,3746.0,3717.5,2698.5,1166.5,1612.5,2235.5,2661.5,2850.5,3126.0,3407.5,3474.5,3746.5,2649.0,1119.0,1539.0,2232.5,2629.0,2791.5,3022.0,3346.0,3418.0,3772.0,2749.0,1084.0,1477.0,2129.0,2515.0,2687.0,2879.0,2986.0,3243.0,118.0,124.0,435.0,589.0,597.0,606.0,394.0,368.0,389.0,283.0,3646.0,2780.0,1011.0,1382.0,1910.0,2213.0,2408.0,2578.0,2617.0,2873.0,3473.5,2687.0,1006.0,1292.0,1758.5,2040.0,2125.5,2330.0,2492.0,2612.0,1743.5,1441.0,582.0,709.5,951.5,1081.0,1069.0,1173.5,1259.0,1256.5,285.0,235.0,330.0,399.0,474.0,568.0,363.0,377.0,419.0,318.0,97.0,79.0,80.0,136.0,152.0,194.0,74.0,115.0,92.0,54.0,0.0,0.0,0.0,0.0,0.0,0.0,0.0,0.0,0.0,0.0,104.0,88.0,329.0,465.0,472.0,546.0,272.0,299.0,266.0,183.0,105.0,87.0,349.0,441.0,465.0,517.0,323.0,349.0,305.0,205.0,719.0,464.0,400.0,582.0,688.0,865.0,895.0,990.0,1038.0,1013.0,805.0,584.0,597.0,771.0,783.0,994.0,955.0,1084.0,1178.0,1065.0,1434.0,937.0,616.5,843.5,972.5,1180.0,1222.0,1307.0,1403.5,1367.5,3325.0,2688.0,1346.5,1625.5,1875.5,2065.5,2107.0,2237.0,2370.0,2369.5,3424.0,2806.0,1417.0,1691.5,1969.0,2131.0,2193.5,2300.5,2454.0,2441.5,"{""type"":""MultiPoint"",""coordinates"":[]}"
1274_0,3,1924.0,1618.5,560.0,709.0,966.5,1104.0,1140.0,1211.0,1294.5,1307.0,2577.0,2223.0,977.5,1294.0,1614.0,1741.0,1768.5,1844.5,1986.0,1969.0,2560.5,2181.5,933.0,1222.0,1533.5,1681.5,1670.5,1750.0,1862.0,1861.0,2515.5,2178.0,905.5,1191.5,1486.0,1626.0,1618.0,1704.0,1791.5,1796.0,310.5,298.5,787.0,991.5,1035.5,1160.5,862.0,912.0,869.5,717.0,310.5,298.5,787.0,991.5,1035.5,1160.5,862.0,912.0,869.5,717.5,497.0,415.5,457.5,747.5,651.0,1029.0,1158.0,1252.0,1196.5,1077.0,1212.5,818.5,383.5,733.5,431.5,1108.0,2337.0,2494.0,2452.5,2334.5,1503.5,785.0,258.0,630.5,324.5,1088.0,3106.5,3780.0,3813.0,3852.0,1670.0,911.5,287.5,641.0,421.0,1176.0,2969.0,3638.0,3685.5,3807.0,1590.5,853.0,241.0,586.5,387.0,1088.5,2871.5,3580.5,3715.5,3866.5,2147.0,1889.5,626.0,815.0,1070.0,1212.0,1230.5,1321.0,1399.0,1478.0,1514.5,790.5,200.5,530.5,316.5,1010.5,2794.0,3487.0,3603.0,3758.5,1384.5,678.5,192.0,506.5,288.0,947.5,2803.5,3522.0,3639.0,3818.5,1451.0,704.5,244.5,610.0,288.0,1062.0,3187.0,3857.0,3961.5,4098.5,1740.0,871.5,469.5,986.0,509.5,1645.5,3580.5,4069.5,4189.5,4304.0,1730.0,916.0,438.0,1058.0,609.5,1719.0,3276.5,3701.5,3955.0,3969.5,1840.0,1019.0,519.0,1176.0,954.0,2152.0,3272.0,3559.0,3751.0,3817.0,2193.0,1210.5,821.0,1525.5,1473.0,2602.5,3419.0,3717.0,3927.0,4088.5,2555.5,1507.5,873.5,1524.0,1734.5,2662.0,3159.5,3433.0,3789.5,3892.0,4017.0,2743.0,1191.0,1643.5,2417.5,2853.0,3075.0,3349.5,3838.0,3850.5,3306.0,2379.0,1006.5,1391.5,2026.0,2351.0,2486.5,2712.5,2885.5,3080.5,2064.5,1784.5,516.0,715.0,1000.0,1109.0,1172.0,1236.0,1348.0,1394.0,2544.5,1993.5,819.5,1075.5,1485.5,1723.0,1773.0,1901.5,2016.5,2102.5,2394.0,1929.5,882.5,1071.0,1391.5,1576.5,1639.5,1741.5,1838.5,1900.0,2240.5,1840.0,669.0,853.5,1136.5,1294.5,1352.5,1449.0,1567.5,1604.0,2337.5,1852.0,731.0,904.5,1215.5,1379.5,1428.0,1555.5,1626.0,1710.5,2051.5,1533.0,516.5,664.0,929.0,1069.5,1155.0,1220.0,1368.5,1321.0,0.0,0.0,0.0,0.0,0.0,0.0,0.0,0.0,0.0,0.0,1977.0,1727.5,530.0,706.0,921.5,1019.5,1064.5,1124.0,1230.5,1232.0,1903.0,1710.5,567.5,669.5,851.0,943.5,954.0,1030.0,1114.5,1134.0,2303.0,2044.0,644.5,850.0,1085.0,1164.5,1222.0,1344.0,1399.5,1426.0,2376.5,2095.0,708.0,846.5,1109.5,1195.5,1202.0,1276.0,1417.5,1444.5,2150.0,1869.5,647.5,765.5,983.0,1089.0,1108.0,1163.5,1279.0,1322.5,2069.5,1801.5,608.0,769.5,1008.0,1108.5,1149.5,1213.5,1299.0,1327.0,2355.5,2031.0,828.0,1126.5,1403.5,1518.0,1544.5,1617.0,1748.5,1729.0,"{""type"":""MultiPoint"",""coordinates"":[]}"
1275_0,3,576.5,480.0,238.0,309.5,455.5,580.5,523.0,481.0,491.0,502.5,2201.5,1823.0,743.5,950.0,1155.5,1345.5,1477.0,1591.0,1625.5,1670.0,2164.0,1840.5,749.0,971.5,1184.5,1346.0,1427.0,1493.0,1569.5,1600.0,2353.0,2031.0,926.5,1187.5,1409.0,1551.5,1613.0,1725.5,1765.5,1774.0,2485.0,2139.0,1173.0,1436.0,1649.0,1782.0,1820.0,1932.0,1961.0,2011.0,1480.0,1397.0,1356.0,1603.0,1787.0,1844.0,1566.0,1627.0,1551.0,1646.0,892.0,746.0,724.0,960.0,1049.0,1319.0,1157.0,1248.0,1187.0,1166.0,921.0,739.0,721.0,959.0,1032.0,1302.0,1222.0,1314.0,1222.0,1212.0,1073.0,855.0,599.0,874.0,834.0,1257.0,1229.0,1303.0,1195.0,1271.0,1214.0,872.5,359.5,664.0,561.5,1068.5,1629.0,1927.0,1925.5,1846.0,1365.0,950.0,323.0,545.0,430.5,978.5,1715.5,2129.0,2166.0,1967.5,671.0,628.0,311.0,412.0,512.0,684.0,616.0,671.0,565.0,611.0,1600.0,1002.0,277.0,469.0,463.0,1009.0,2196.0,2890.0,2963.0,2853.0,1651.0,1037.0,232.0,472.0,401.0,842.0,2302.0,3129.0,3281.0,3193.0,1702.0,1079.0,242.0,518.0,386.0,1014.0,2483.0,3424.0,3556.0,3605.0,1716.0,1033.0,497.0,878.0,661.0,1450.0,2901.0,3587.0,3918.0,3635.0,1797.0,1110.5,513.0,969.5,720.5,1590.5,2952.0,3381.5,3745.5,3633.5,2023.0,1262.0,561.0,1071.5,997.5,1866.0,2944.0,3308.0,3632.0,3498.0,2685.0,1797.0,1145.0,1530.5,1750.0,2183.0,2725.5,2899.0,3225.5,3269.0,3216.0,2370.0,1109.5,1497.0,2014.0,2307.5,2464.5,2701.5,3072.5,2992.5,3238.5,2393.5,1087.0,1496.5,2081.0,2346.5,2419.5,2654.5,3053.5,2920.0,3070.0,2198.0,1086.0,1505.0,2059.0,2151.0,2282.0,2456.0,2878.0,2932.0,558.0,442.0,311.0,377.0,481.0,594.0,616.0,671.0,565.0,590.0,3070.0,2198.0,932.0,1293.0,1763.0,1853.0,1970.0,2256.0,2552.0,2500.0,2967.5,2250.0,973.0,1290.0,1713.0,1849.0,1983.5,2176.5,2416.5,2340.0,2447.5,1983.0,729.0,906.0,1175.5,1309.5,1381.5,1503.0,1712.5,1689.0,1725.0,1430.0,540.0,681.0,905.0,1078.0,1076.0,1196.0,1311.0,1362.0,516.0,428.0,165.0,226.0,312.0,451.0,385.0,341.0,351.0,430.0,0.0,0.0,0.0,0.0,0.0,0.0,0.0,0.0,0.0,0.0,696.0,560.0,172.0,283.0,397.0,563.0,538.0,534.0,455.0,515.0,803.0,648.0,226.0,274.0,431.0,615.0,579.0,595.0,461.0,585.0,1169.0,818.0,439.0,633.0,823.0,1016.0,1082.0,1195.0,1358.0,1356.0,1598.0,1008.0,501.0,688.0,1005.0,1169.0,1298.0,1375.0,1651.0,1723.0,2751.0,2144.0,1038.0,1357.0,1711.0,1862.0,2025.0,2076.0,2438.0,2216.0,3606.0,2902.0,1500.0,1816.0,2227.0,2375.0,2661.0,2551.0,3022.0,2916.0,3923.0,3098.5,1364.0,1694.0,2108.5,2358.5,2484.5,2719.0,2962.0,2949.0,"{""type"":""MultiPoint"",""coordinates"":[]}"
1276_0,3,1564.0,1304.0,574.0,675.5,854.5,957.5,976.0,1046.0,1116.5,1151.5,2151.0,1848.0,798.5,1006.5,1205.0,1314.0,1371.5,1486.0,1520.0,1563.0,2328.5,2025.5,962.0,1220.0,1453.5,1599.5,1618.0,1656.5,1710.5,1732.5,2657.5,2325.0,1218.0,1541.0,1801.0,1953.5,1942.5,2020.0,2049.0,2076.0,2265.0,1992.0,1189.0,1455.0,1595.0,1695.0,1645.0,1640.0,1725.0,1713.0,863.0,674.0,1090.0,1428.0,1520.0,1625.0,1334.0,1400.0,1334.0,1194.0,1005.0,777.0,769.0,1056.0,1113.0,1448.0,1393.0,1479.0,1343.0,1419.0,999.0,777.0,688.0,1056.0,1088.0,1448.0,1393.0,1479.0,1401.0,1436.0,1044.0,786.0,538.0,908.0,787.0,1242.0,1415.0,1499.0,1357.0,1316.0,1550.0,971.5,370.5,716.5,532.5,1120.5,2357.0,2830.5,2813.0,2695.0,1746.0,998.0,265.0,593.0,372.5,961.0,2772.0,3821.0,3842.5,3745.5,1768.0,1492.0,627.0,799.0,965.0,1037.0,1098.0,1190.0,1257.0,1255.0,1681.0,968.0,236.0,513.0,294.0,894.0,2929.0,4023.0,3979.0,4139.0,1634.0,981.0,151.0,483.0,261.0,934.0,3114.0,4173.0,4261.0,4257.0,1690.0,1024.0,294.0,623.0,466.0,1222.0,3257.0,4148.0,4327.0,4390.0,1772.0,1065.0,480.0,971.0,697.0,1677.0,3171.0,3776.0,4004.0,3921.0,1823.0,1138.0,525.5,1047.0,810.5,1782.0,3079.0,3541.0,3796.0,3780.5,2015.5,1301.5,579.0,1128.5,1090.5,2041.0,2961.5,3292.0,3560.0,3564.5,2325.0,1521.5,960.0,1456.5,1552.5,2324.0,2980.0,3287.0,3588.0,3525.0,2662.5,1835.5,1011.5,1524.5,1852.5,2590.5,3021.5,3339.0,3663.0,3618.0,3358.5,2498.0,1149.5,1612.0,2209.5,2661.0,2968.0,3220.5,3572.5,3555.0,2912.0,2224.0,973.0,1393.0,1998.0,2427.0,2394.0,2705.0,2757.0,2905.0,1653.0,1387.0,478.0,650.0,858.0,938.0,957.0,1004.0,1126.0,1146.0,3383.0,2577.0,1030.0,1376.0,1869.0,2427.0,2288.0,2705.0,2600.0,2745.0,3198.0,2481.0,1078.5,1373.0,1811.5,2086.5,2239.0,2347.5,2451.5,2623.0,2838.5,2308.5,815.0,1057.0,1360.0,1598.0,1653.0,1751.5,1879.5,1959.0,2979.0,2453.0,879.0,1111.0,1406.0,1624.0,1712.0,1806.0,1915.0,1989.0,1509.0,1248.0,423.0,548.0,730.0,833.0,877.0,929.0,1032.0,1025.0,942.5,820.5,655.0,725.0,730.5,794.0,866.5,893.0,930.0,935.0,1458.0,1158.0,445.0,629.0,739.0,886.0,915.0,1002.0,1018.0,1020.0,460.0,375.0,205.0,208.0,232.0,273.0,293.0,330.0,263.0,338.0,2230.0,1885.0,795.0,1038.0,1230.0,1430.0,1408.0,1495.0,1523.0,1556.0,2263.0,1939.0,1030.0,1149.0,1326.0,1467.0,1459.0,1601.0,1664.0,1638.0,1751.0,1455.0,565.0,680.0,859.0,948.0,982.0,1020.0,1054.0,1072.0,2144.5,1879.0,825.5,995.0,1155.5,1255.0,1292.0,1394.5,1430.5,1512.5,2150.0,1846.0,835.0,1020.5,1189.0,1301.5,1351.5,1425.5,1483.0,1536.0,"{""type"":""MultiPoint"",""coordinates"":[]}"
1277_0,3,99.0,101.0,108.5,157.5,242.5,319.0,207.5,236.5,198.5,163.5,2244.5,1852.0,675.5,887.0,1117.5,1232.0,1303.0,1400.0,1520.5,1555.5,2309.5,1985.0,772.0,986.0,1235.0,1364.0,1411.5,1526.0,1627.0,1638.0,2462.5,2165.5,1003.0,1257.5,1499.5,1617.5,1648.0,1722.5,1803.5,1827.0,2571.0,2309.0,1213.0,1460.0,1701.0,1818.0,1836.0,1932.0,2000.0,1990.0,1556.0,1554.0,1294.0,1536.0,1757.0,1871.0,1898.0,1950.0,2052.0,2023.0,199.0,170.0,569.0,878.0,870.0,1054.0,812.0,864.0,775.0,671.0,360.0,279.0,701.0,964.0,927.0,1333.0,1264.0,1340.0,1237.0,1166.0,544.0,446.0,484.0,790.0,652.0,1186.0,1332.0,1426.0,1264.0,1193.0,808.0,486.0,241.5,483.5,299.0,944.0,1751.5,2021.0,1806.5,1721.0,924.5,535.0,193.5,439.0,220.5,816.5,1940.0,2396.5,2242.5,2083.0,166.0,133.0,191.0,249.0,320.0,410.0,314.0,356.0,356.0,317.0,1288.0,672.0,170.0,416.0,242.0,795.0,2280.0,2950.0,2891.0,3013.0,1300.0,672.0,118.0,380.0,151.0,765.0,2392.0,3055.0,3136.0,3017.0,1386.0,707.0,172.0,477.0,247.0,919.0,2766.0,3499.0,3498.0,3561.0,1516.0,787.0,432.0,912.0,578.0,1572.0,3067.0,3487.0,3604.0,3700.0,1494.0,835.0,435.0,973.0,802.0,1769.0,2783.0,3110.0,3370.0,3303.0,1956.5,1181.0,541.0,1073.5,1121.0,1931.0,2605.0,2886.0,3117.0,3190.0,2384.0,1397.0,864.0,1376.0,1525.0,2215.0,2737.0,2995.0,3255.0,3383.0,3179.5,2171.0,959.5,1425.0,1799.0,2398.0,2745.0,3055.0,3391.5,3367.0,4172.5,2825.5,1299.5,1844.5,2491.0,3064.0,3269.0,3606.0,3994.0,4011.5,4568.0,3212.0,1542.0,2109.0,2929.0,3380.0,3434.0,3669.0,3968.0,4088.0,154.0,133.0,205.0,229.0,320.0,410.0,314.0,356.0,338.0,289.0,4360.0,3209.0,1298.0,1774.0,2445.0,2871.0,2900.0,3134.0,3249.0,3453.0,4128.0,3122.5,1234.0,1596.5,2149.5,2427.0,2557.0,2760.5,2969.5,2990.5,2017.5,1630.0,619.0,769.5,1058.5,1189.5,1211.0,1288.5,1422.5,1391.5,225.0,170.0,270.0,351.0,475.0,580.0,425.0,453.0,431.0,356.0,117.0,94.0,109.0,130.0,216.0,269.0,178.0,213.0,167.0,115.0,0.0,0.0,0.0,0.0,0.0,0.0,0.0,0.0,0.0,0.0,111.0,110.0,108.0,174.0,251.0,352.0,228.0,281.0,250.0,213.0,766.0,455.0,287.0,372.0,580.0,783.0,847.0,944.0,1069.0,1167.0,3698.0,2878.0,969.0,1268.0,1697.0,2012.0,2081.0,2276.0,2446.0,2510.0,1705.0,982.0,498.0,580.0,921.0,1156.0,1231.0,1423.0,1595.0,1711.0,2657.0,1861.0,683.0,916.0,1313.0,1567.0,1679.0,1840.5,2033.0,2144.0,4310.0,3399.5,1251.5,1537.0,1958.5,2212.0,2409.5,2555.5,2818.5,2924.0,4126.5,3314.0,1270.0,1529.0,1928.0,2142.0,2327.0,2496.5,2740.0,2819.0,"{""type"":""MultiPoint"",""coordinates"":[]}"
1278_0,3,3505.5,2945.0,1110.5,1280.5,1577.5,1732.0,1831.0,1985.0,2214.0,2239.5,2716.0,2388.0,751.0,1010.0,1299.0,1453.0,1656.0,1896.0,1882.0,1941.0,2844.0,2494.0,832.0,1046.0,1349.0,1572.0,1808.0,1997.0,1934.0,2064.0,2711.0,2412.5,841.5,1082.0,1381.5,1580.0,1708.0,1826.5,1872.5,2015.5,1526.0,1354.0,586.0,768.0,897.0,1339.0,1289.0,1552.0,1084.0,1424.0,1486.0,1228.0,874.0,1039.0,1137.0,1343.0,1412.0,1488.0,1318.0,1474.0,1443.0,1034.0,467.0,760.0,698.0,1146.0,1649.0,1664.0,1704.0,1763.0,2530.0,1698.0,484.0,858.0,698.0,1277.0,2355.0,2744.0,2764.0,2859.0,2009.0,1434.0,488.0,718.0,670.0,1200.0,1849.0,2184.0,1954.0,2154.0,1654.0,1099.0,288.0,483.0,453.0,907.0,1815.0,2121.5,1985.5,2262.0,1823.5,1168.5,257.5,488.0,398.5,919.5,2213.0,2937.5,2957.0,3012.5,3389.0,3003.0,1208.0,1229.5,1374.0,1512.5,1652.5,1776.0,2017.5,1976.0,1905.0,1197.0,218.5,436.5,331.0,825.5,2441.5,3517.5,3650.0,3738.0,1846.5,1140.5,228.0,417.5,327.0,816.5,2474.5,3536.5,3633.0,3708.5,1837.0,1039.0,470.0,701.0,550.0,986.0,2552.0,3554.0,3680.0,3756.0,1806.0,1133.0,621.0,935.0,758.0,1401.0,2861.0,3667.0,3834.0,3871.0,1806.0,1115.0,539.0,899.0,758.0,1435.0,2773.0,3359.0,3692.0,3585.0,1977.0,1233.0,568.0,899.0,838.0,1548.0,2592.0,3122.0,3302.0,3344.0,3545.0,2522.0,1172.5,1593.0,2070.5,2494.0,2905.5,3152.0,3562.5,3659.5,4029.5,2887.5,1264.5,1714.0,2375.0,2702.5,3069.0,3361.5,3811.0,3861.0,3615.0,2890.0,1220.0,1621.0,2168.0,2421.0,2689.0,2908.0,3277.0,3242.0,3613.5,2630.5,1125.0,1530.5,2157.0,2500.0,2661.0,2856.5,3126.5,3268.5,3523.5,3042.5,850.0,1069.0,1411.5,1579.5,1740.0,1852.5,2093.0,2076.5,3796.0,2943.0,969.5,1329.0,1784.0,2139.0,2366.0,2558.0,2709.0,2858.5,4972.5,4448.5,2895.0,3095.0,3410.5,3710.0,3854.0,3986.5,4219.5,4165.0,3145.0,2571.5,876.5,1071.5,1298.0,1585.5,1880.0,2039.0,2202.0,2266.0,3315.0,2744.5,879.0,1068.5,1286.5,1577.0,1852.5,2024.0,2192.5,2245.5,2596.0,2001.0,602.5,823.5,1070.0,1298.5,1603.0,1726.5,1913.5,1955.0,0.0,0.0,0.0,0.0,0.0,0.0,0.0,0.0,0.0,0.0,3775.0,3112.0,949.0,1278.0,1703.0,1918.0,2144.0,2250.0,2570.0,2574.0,3899.0,3249.0,1098.0,1351.0,1706.0,1994.0,2385.0,2569.0,2740.0,2905.0,3529.0,2912.0,997.0,1318.0,1693.0,1909.0,2224.0,2329.0,2613.0,2647.0,2678.5,2301.0,748.0,926.0,1238.0,1475.0,1516.5,1678.5,1777.0,1816.5,2641.0,2264.0,694.0,891.0,1215.0,1457.0,1488.0,1621.0,1659.0,1771.0,2601.5,2314.0,669.5,883.5,1178.0,1402.0,1472.5,1521.0,1642.5,1785.5,2624.5,2306.5,722.5,932.5,1208.5,1436.0,1536.5,1649.0,1728.0,1837.5,"{""type"":""MultiPoint"",""coordinates"":[]}"
1279_0,3,2012.5,1680.5,627.5,809.5,1073.5,1185.5,1201.5,1315.5,1425.5,1406.0,2550.0,2193.5,990.5,1309.0,1627.5,1754.5,1798.5,1848.5,1979.5,1965.0,2574.5,2188.5,942.0,1237.5,1586.5,1693.5,1678.5,1768.0,1892.5,1877.5,2503.0,2176.0,912.0,1209.0,1520.0,1646.0,1631.0,1706.5,1821.5,1820.0,316.0,281.0,802.5,1005.0,1114.5,1257.5,1062.0,1090.0,1102.5,948.5,210.0,165.5,596.0,855.0,941.0,1075.0,906.0,1010.0,966.0,855.0,508.5,416.0,573.5,812.0,821.5,1189.5,1146.5,1284.5,1192.0,1082.0,1223.5,810.0,433.0,785.0,467.5,1146.0,2282.5,2507.5,2529.0,2416.5,1504.0,791.5,290.5,649.0,306.5,1088.5,3136.5,3727.5,3792.5,3715.5,1659.5,886.0,279.5,652.5,389.5,1207.0,3031.0,3642.0,3745.5,3828.5,1631.5,846.0,261.5,653.5,391.0,1203.0,3062.5,3695.5,3858.0,3947.0,2276.0,1950.0,671.5,893.5,1193.5,1340.5,1397.5,1438.0,1544.5,1584.5,1605.5,823.0,225.5,610.5,342.5,1190.0,3128.0,3853.0,4003.5,4120.5,1490.0,737.0,205.5,571.5,307.5,1110.5,3117.5,3797.5,3962.0,4136.0,1501.5,744.0,252.5,633.0,322.5,1121.0,3224.5,3850.5,4020.0,4161.5,1815.0,927.0,440.0,964.5,528.0,1629.5,3566.0,4067.0,4277.5,4383.0,1828.0,962.0,441.5,1044.0,621.5,1713.0,3380.5,3785.0,4136.5,4103.5,1971.0,1098.0,535.0,1206.0,963.0,2133.0,3195.0,3517.0,3804.0,3883.0,2277.0,1311.5,861.5,1485.0,1538.5,2450.5,3210.0,3483.5,3865.5,3907.0,2638.5,1614.5,900.5,1485.0,1761.5,2536.5,2963.0,3275.0,3638.5,3739.0,4027.0,2677.0,1222.0,1721.5,2537.5,2892.5,3135.5,3520.5,3869.0,3933.5,2653.0,1987.0,883.0,1193.5,1677.0,1875.5,1937.0,2128.5,2297.0,2302.0,2114.5,1815.5,591.5,833.0,1133.0,1234.5,1267.0,1356.0,1479.0,1468.0,2383.0,1848.0,770.5,1075.5,1466.5,1625.5,1663.5,1776.5,1996.0,1940.5,2610.5,2049.5,1037.5,1284.5,1624.5,1777.0,1801.0,1904.0,2131.0,2086.0,2278.0,1874.0,708.0,895.0,1184.5,1297.0,1356.0,1444.0,1605.0,1606.0,2362.5,1850.5,761.5,962.5,1250.5,1371.5,1442.0,1518.0,1646.0,1706.0,2054.0,1526.0,573.0,724.5,996.5,1096.0,1126.0,1217.5,1422.5,1383.5,0.0,0.0,0.0,0.0,0.0,0.0,0.0,0.0,0.0,0.0,1861.0,1581.5,580.0,775.0,972.5,1084.5,1081.5,1203.5,1327.0,1271.0,1982.0,1717.5,644.5,781.5,977.5,1089.0,1095.0,1150.5,1265.5,1247.5,2323.5,2029.5,747.0,965.5,1205.0,1337.0,1341.5,1435.5,1537.5,1524.0,2409.5,2081.5,789.5,970.0,1265.0,1351.5,1340.0,1410.5,1584.0,1561.0,2168.5,1864.0,705.5,854.5,1097.0,1176.5,1198.5,1267.5,1412.5,1412.0,2038.5,1754.0,628.0,819.0,1052.5,1136.5,1175.0,1235.5,1375.5,1358.5,2329.5,2034.5,837.0,1127.5,1422.0,1524.0,1583.5,1632.5,1757.5,1727.5,"{""type"":""MultiPoint"",""coordinates"":[]}"
1280_0,3,1892.0,1559.5,586.5,705.5,950.5,1083.5,1103.0,1192.5,1283.0,1316.5,2043.5,1745.0,690.5,884.5,1134.0,1249.5,1288.0,1349.5,1435.0,1460.0,2221.5,1917.0,844.5,1071.5,1340.0,1459.0,1449.0,1512.0,1578.5,1606.0,2496.5,2178.5,999.0,1275.0,1544.5,1679.0,1722.0,1795.0,1855.0,1860.0,1207.0,1096.0,988.0,1247.0,1299.0,1487.0,1415.0,1514.0,1506.0,1505.0,382.0,335.0,743.0,1009.0,1101.0,1295.0,1034.0,1075.0,885.0,840.0,425.0,356.0,713.0,904.0,923.0,1140.0,940.0,989.0,996.0,846.0,509.0,406.0,666.0,911.0,923.0,1166.0,1070.0,1121.0,1026.0,1033.0,468.0,313.0,511.0,773.0,745.0,990.0,1027.0,1159.0,1085.0,966.0,853.5,475.5,248.0,528.0,391.0,853.0,1725.0,2003.0,1854.5,1872.0,1141.0,611.0,161.5,408.0,179.0,747.5,2382.5,2847.0,2865.5,2900.0,2120.0,1768.0,676.0,854.0,1071.0,1208.0,1256.0,1313.0,1386.0,1514.0,1334.0,680.0,162.0,415.0,164.0,796.0,2827.0,3663.0,3498.0,3593.0,1389.0,692.0,124.0,406.0,228.0,891.0,2952.0,3905.0,3848.0,3857.0,1471.0,760.0,197.0,514.0,339.0,979.0,3092.0,4061.0,3948.0,4043.0,1637.0,811.0,341.0,724.0,481.0,1370.0,3101.0,3702.0,3864.0,4015.0,1683.5,930.0,369.0,777.5,570.5,1477.0,2975.5,3492.0,3775.5,3762.0,1960.0,1125.5,435.5,869.5,813.0,1719.0,2865.5,3245.5,3599.5,3667.5,2308.5,1351.0,656.0,1136.5,1194.0,2011.0,2925.5,3279.0,3654.0,3707.0,2699.5,1706.0,763.0,1238.5,1486.5,2260.5,2904.0,3237.0,3635.5,3702.0,4014.0,2692.0,1060.0,1492.0,2090.0,2589.0,2872.0,3164.0,3644.0,3670.0,4034.0,2800.5,1000.5,1400.5,2095.0,2589.0,2714.0,3058.5,3223.5,3524.0,2113.5,1763.0,621.5,791.5,1059.5,1197.0,1225.0,1299.0,1412.5,1453.5,3661.5,2656.0,922.0,1246.5,1836.5,2220.0,2308.5,2604.0,2795.0,2966.0,3458.0,2548.5,941.0,1208.0,1698.5,1973.5,2116.5,2292.5,2487.0,2665.0,3132.5,2440.5,731.0,918.5,1284.5,1483.5,1599.5,1719.5,1872.5,1988.5,3284.5,2582.5,757.5,954.0,1288.5,1493.5,1543.5,1736.5,1864.5,1969.0,1595.0,1273.0,396.0,501.0,734.0,782.0,822.0,902.0,1027.0,1014.0,0.0,0.0,0.0,0.0,0.0,0.0,0.0,0.0,0.0,0.0,1565.0,1257.0,501.0,640.0,806.0,914.0,923.0,1001.0,1084.0,1087.0,1832.0,1524.0,603.0,728.0,904.0,1028.0,1027.0,1073.0,1135.0,1206.0,2262.0,1915.0,796.0,966.0,1204.0,1320.0,1336.0,1407.0,1506.0,1537.0,2251.0,1875.0,852.5,934.0,1175.5,1304.0,1298.5,1337.5,1463.0,1467.0,1854.0,1533.5,568.5,687.0,883.0,983.5,954.0,1012.0,1097.0,1147.0,2200.0,1890.5,779.5,927.0,1110.5,1240.5,1319.0,1386.0,1481.5,1521.0,2346.0,1956.0,844.0,1029.0,1237.0,1357.0,1428.0,1502.0,1630.0,1625.0,"{""type"":""MultiPoint"",""coordinates"":[]}"
1281_0,3,3035.5,2331.5,866.0,981.0,1309.0,1458.5,1590.0,1743.0,1923.5,2008.5,2102.0,1916.0,638.0,894.0,1185.0,1295.0,1330.0,1443.0,1539.0,1543.0,2307.0,2185.0,764.0,1030.0,1315.0,1434.0,1503.0,1575.0,1665.0,1684.0,1099.5,1049.0,471.0,641.5,775.0,879.5,794.5,861.0,894.0,884.0,485.0,436.0,810.0,953.0,951.0,1072.0,833.0,873.0,843.0,703.0,460.0,400.0,437.0,671.0,628.0,833.0,773.0,832.0,790.0,707.0,655.0,515.0,351.0,610.0,499.0,879.0,1097.0,1187.0,1099.0,1069.0,1243.0,782.0,316.0,621.0,472.0,921.0,1774.0,2088.0,2042.0,2020.0,1156.0,613.0,192.0,409.0,253.0,673.0,1774.0,2168.0,2067.0,2081.0,1292.5,635.5,100.5,348.5,124.0,606.5,2317.5,3032.5,2998.5,3103.0,1256.5,595.0,42.5,250.5,56.0,448.0,2390.5,3443.0,3414.0,3494.5,3988.5,3511.5,2349.0,2504.0,2732.0,2908.5,2944.0,3051.5,3283.5,3223.5,1262.5,592.5,45.0,235.0,38.5,451.5,2492.0,3907.5,3883.5,4034.5,1146.0,536.5,69.0,330.0,70.5,643.5,2699.5,4012.0,4052.0,4179.0,1214.0,559.0,455.0,752.0,514.0,1117.0,3008.0,4080.0,4101.0,4231.0,1309.0,677.0,600.0,970.0,758.0,1567.0,3080.0,3643.0,3860.0,3899.0,1321.0,733.0,509.0,939.0,772.0,1646.0,2797.0,3225.0,3415.0,3489.0,1666.0,972.0,480.0,958.0,1013.0,1873.0,2738.0,3056.0,3277.0,3396.0,4296.0,3040.0,1211.5,1721.0,2438.5,2962.5,3258.0,3568.0,3873.0,4035.5,4340.0,3157.5,1235.5,1693.0,2459.0,2843.0,3084.0,3329.0,3691.5,3752.5,3865.0,2880.0,1128.0,1539.0,2173.0,2522.0,2740.0,2971.0,3343.0,3369.0,4099.0,3063.5,1167.0,1546.5,2169.5,2538.0,2729.0,2951.5,3174.0,3343.0,3228.0,2545.0,701.0,921.0,1299.0,1436.0,1483.0,1639.0,1873.0,1942.0,3618.0,2892.0,887.5,1190.0,1604.0,1861.0,2045.5,2212.0,2335.5,2470.0,3701.5,2957.5,1485.5,1698.0,1992.5,2248.0,2458.0,2552.0,2683.5,2788.5,3291.0,2796.0,864.0,998.0,1241.5,1480.5,1596.0,1733.0,1881.5,1939.0,3135.5,2658.0,814.0,967.0,1177.5,1419.0,1531.0,1669.5,1783.0,1867.0,2213.0,1664.5,482.5,663.0,888.0,1097.5,1221.5,1343.5,1521.5,1542.0,0.0,0.0,0.0,0.0,0.0,0.0,0.0,0.0,0.0,0.0,3664.0,2970.0,911.0,1260.0,1750.0,1903.0,1982.0,2045.0,2350.0,2467.0,3944.0,3256.0,1253.0,1329.0,1750.0,1938.0,1982.0,2187.0,2350.0,2479.0,3546.0,2887.0,1002.0,1300.0,1634.0,1806.0,1897.0,2003.0,2269.0,2334.0,2730.0,2330.0,837.0,1012.0,1359.5,1468.0,1507.0,1630.0,1825.0,1826.0,1827.0,1623.0,606.0,747.0,1042.0,1101.0,1100.0,1134.0,1285.0,1308.0,1833.5,1710.0,545.0,719.0,992.0,1091.5,1098.0,1170.0,1269.0,1262.5,1912.0,1772.0,592.0,791.0,1060.5,1167.5,1185.5,1258.5,1376.0,1379.5,"{""type"":""MultiPoint"",""coordinates"":[]}"
1282_0,3,1828.5,1520.0,518.5,661.5,891.5,1028.5,1067.0,1143.5,1258.0,1313.5,2345.0,2010.5,987.5,1256.0,1487.5,1609.0,1663.5,1714.5,1821.0,1796.5,2428.5,2077.5,971.0,1238.5,1483.5,1625.0,1653.5,1729.0,1823.0,1824.0,2361.5,2028.5,978.5,1229.5,1464.5,1592.5,1610.5,1696.0,1763.5,1776.0,363.0,281.5,556.0,877.0,895.5,1152.5,991.5,983.5,937.5,889.0,383.0,281.5,723.5,953.0,1048.0,1240.0,1162.5,1207.5,1245.5,1161.0,484.5,336.5,506.5,772.5,728.5,1109.0,1323.0,1488.5,1362.0,1251.0,833.5,577.0,505.0,760.0,603.5,1205.0,1754.5,1895.0,1810.0,1652.5,1211.5,744.0,360.5,664.0,433.0,1133.5,2598.0,2957.0,2939.0,2738.0,1370.5,736.5,261.5,577.5,335.0,1032.5,2664.0,3181.5,3165.0,3071.0,1345.5,668.5,169.5,397.5,205.5,714.0,2603.5,3530.5,3522.5,3519.5,2116.5,1780.0,596.0,803.0,1076.0,1210.0,1240.0,1346.5,1427.0,1532.5,1402.0,689.5,184.5,431.5,192.5,809.5,2899.0,3727.5,3690.0,3785.0,1558.0,754.5,203.5,564.0,248.0,1001.0,3260.0,4095.5,4204.5,4215.5,1644.5,828.5,394.5,863.5,520.5,1522.0,3447.0,4205.0,4223.5,4358.0,1742.0,966.0,602.5,1135.0,923.0,1997.5,3313.5,3697.5,3886.0,3969.5,1965.0,1142.0,646.0,1174.5,1140.5,2063.0,2970.0,3264.5,3594.5,3583.0,2311.0,1411.0,680.0,1180.0,1414.0,2163.0,2739.0,3015.0,3254.0,3325.0,3241.0,2117.0,1072.0,1466.0,1896.5,2479.5,2851.0,3123.0,3447.0,3510.0,3936.5,2703.5,1010.5,1426.0,2149.5,2572.5,2821.0,3092.0,3454.5,3512.5,3741.5,2622.5,944.0,1368.5,2042.5,2406.0,2652.5,2892.5,3275.5,3305.5,2273.0,1768.5,692.0,952.0,1314.0,1524.0,1611.5,1679.5,1786.0,1877.5,1933.0,1594.0,476.5,684.5,953.5,1086.5,1134.5,1186.0,1337.0,1361.0,2169.5,1687.0,696.0,944.5,1283.0,1488.0,1536.5,1612.5,1759.5,1784.5,2263.0,1780.5,835.0,1045.5,1357.5,1503.5,1574.5,1675.0,1796.0,1824.5,2083.0,1669.0,640.5,834.5,1099.0,1216.5,1286.5,1381.0,1463.0,1507.5,2216.5,1819.5,754.5,898.0,1164.0,1298.0,1344.0,1472.5,1509.5,1601.5,1801.0,1447.0,528.5,659.5,913.5,986.5,1101.0,1161.5,1306.0,1273.5,0.0,0.0,0.0,0.0,0.0,0.0,0.0,0.0,0.0,0.0,1597.0,1200.0,464.0,612.5,829.0,963.0,986.0,1065.5,1198.5,1212.0,1802.5,1437.0,604.5,750.5,932.5,1069.5,1109.0,1196.5,1274.0,1271.5,2453.0,1971.0,887.0,1125.5,1380.0,1514.5,1569.0,1667.0,1768.5,1765.0,2333.0,1883.0,806.5,1048.0,1287.0,1402.0,1438.0,1556.5,1670.0,1660.5,2084.0,1661.5,736.0,851.5,1077.0,1178.5,1190.5,1264.5,1388.0,1385.5,2060.5,1747.5,733.5,902.5,1113.0,1222.5,1282.5,1351.5,1457.0,1438.0,2060.5,1810.0,716.5,906.5,1113.5,1222.5,1282.5,1351.5,1457.0,1438.0,"{""type"":""MultiPoint"",""coordinates"":[]}"
1283_0,3,1014.5,866.5,325.5,393.0,471.5,525.5,533.0,585.5,620.0,626.0,1912.0,1688.0,752.5,955.5,1114.0,1196.5,1222.0,1282.5,1352.0,1360.5,2058.5,1803.0,794.5,1020.5,1166.0,1276.5,1296.5,1369.5,1416.0,1445.5,2489.5,2210.0,1150.5,1403.0,1589.0,1708.0,1706.5,1783.5,1829.0,1856.0,2613.0,2368.0,1259.0,1468.0,1669.0,1804.0,1803.0,1893.0,1976.0,1983.0,2347.0,2114.0,1110.0,1335.0,1517.0,1621.0,1651.0,1712.0,1758.0,1777.0,357.0,321.0,858.0,1085.0,1144.0,1326.0,996.0,1049.0,1039.0,845.0,413.0,386.0,858.0,1118.0,1221.0,1424.0,1128.0,1169.0,1107.0,974.0,213.0,167.0,707.0,961.0,1027.0,1162.0,915.0,992.0,954.0,817.0,220.0,191.0,649.5,971.5,1022.0,1204.5,943.0,1071.0,987.0,875.0,332.0,230.0,542.5,868.0,889.5,1164.5,1032.5,1160.5,1066.5,960.0,1261.0,1094.0,477.5,580.0,686.5,729.0,753.0,800.5,872.5,843.0,749.0,446.0,439.0,744.0,584.0,1016.0,1440.0,1774.0,1606.0,1550.0,932.0,522.0,213.0,480.0,303.0,791.0,1788.0,2196.0,2094.0,1991.0,1057.0,557.0,207.0,427.0,244.0,701.0,2125.0,2694.0,2550.0,2610.0,1254.0,635.0,324.0,562.0,329.0,884.0,2377.0,2892.0,2907.0,2850.0,1238.0,647.0,316.0,636.0,388.0,1075.0,2394.0,2871.0,2889.0,2844.0,1263.5,699.5,359.5,728.0,506.5,1326.5,2445.5,2737.0,2839.5,2869.5,1547.0,967.0,723.0,1105.0,1172.0,1852.0,2496.0,2753.0,3049.0,3067.0,2212.5,1434.5,661.5,1048.0,1294.0,1865.5,2404.0,2672.5,2938.0,3039.0,2605.0,1819.0,754.0,1178.5,1564.5,2121.0,2539.0,2819.0,3114.0,3193.0,1699.0,1308.0,635.0,860.0,1176.0,1369.0,1581.0,1770.0,1670.0,1922.0,1305.0,1152.0,521.0,607.0,714.0,760.0,779.0,818.0,877.0,857.0,3407.0,2573.0,947.0,1266.0,1772.0,2088.0,2214.0,2397.0,2604.0,2640.0,3296.5,2472.5,1009.5,1306.0,1761.0,2065.0,2175.0,2364.5,2533.5,2603.0,2976.0,2324.5,799.5,1026.0,1389.0,1604.5,1691.0,1846.5,2035.0,2084.5,2925.0,2298.0,906.0,1089.0,1416.0,1652.0,1705.0,1846.0,2033.0,2102.0,2239.0,1476.0,706.0,885.0,1190.0,1345.0,1467.0,1591.0,1787.0,1819.0,590.0,318.0,475.0,473.0,509.0,542.0,597.0,653.0,752.0,716.0,2135.0,1896.0,778.0,1028.0,1217.0,1307.0,1341.0,1414.0,1524.0,1486.0,373.0,326.0,265.0,222.0,205.0,202.0,206.0,234.0,236.0,245.0,2393.0,2124.0,925.0,1219.0,1405.0,1528.0,1546.0,1623.0,1710.0,1662.0,1948.0,1466.0,1121.0,1375.0,1564.0,1661.0,1709.0,1787.0,1908.0,1784.0,1596.0,1348.0,704.5,845.5,998.5,1056.0,1068.5,1112.5,1197.5,1156.0,1737.0,1514.0,646.0,819.0,940.0,1029.0,1063.0,1112.0,1178.0,1180.0,1779.0,1573.5,691.5,851.5,989.5,1063.0,1093.5,1151.0,1229.5,1216.5,"{""type"":""MultiPoint"",""coordinates"":[]}"
1284_0,3,1598.5,1309.5,525.0,629.5,825.5,937.0,982.5,1029.5,1105.0,1155.0,2264.0,1964.0,861.5,1126.5,1373.0,1478.5,1510.0,1623.0,1688.5,1685.5,2320.5,2039.5,882.5,1148.0,1391.5,1508.0,1555.5,1619.0,1692.5,1701.0,2317.5,2071.5,918.5,1165.0,1401.5,1536.5,1565.0,1652.0,1686.5,1705.5,301.0,277.0,1021.0,1354.0,1384.0,1481.0,1115.0,1131.0,1091.0,860.0,301.0,255.0,758.0,1056.0,1070.0,1334.0,1115.0,1131.0,1091.0,860.0,457.0,382.0,635.0,1021.0,879.0,1334.0,1253.0,1388.0,1304.0,1077.0,737.0,590.0,556.0,895.0,764.0,1453.0,1801.0,1969.0,1799.0,1688.0,869.0,580.0,461.0,768.0,681.0,1260.0,1714.0,1898.0,1820.0,1701.0,1031.5,623.5,273.0,568.0,393.5,966.0,2022.0,2380.0,2319.5,2171.0,1463.0,765.0,230.5,557.0,312.0,917.5,2782.5,3611.0,3701.0,3616.0,1793.0,1510.0,596.0,749.0,951.0,1095.0,1083.0,1169.0,1217.0,1236.0,1444.0,722.0,265.0,498.0,297.0,782.0,2741.0,3690.0,3650.0,3756.0,1328.0,629.0,112.0,358.0,176.0,678.0,2741.0,3774.0,3856.0,3858.0,1292.0,609.0,112.0,337.0,116.0,594.0,2902.0,4114.0,4190.0,4287.0,1613.0,770.0,351.0,739.0,340.0,1107.0,3597.0,4651.0,4798.0,4831.0,1723.0,880.0,385.0,901.0,471.0,1508.0,3720.0,4559.0,4935.0,4798.0,1761.5,936.0,388.0,913.0,487.5,1611.5,3539.5,4095.5,4244.0,4307.0,1983.0,1094.0,789.0,1492.0,1210.0,2234.0,3562.0,3928.0,4188.0,4259.0,2549.0,1592.0,950.5,1564.5,1754.5,2764.5,3554.0,3901.5,4295.0,4304.0,3713.0,2565.0,1117.5,1591.5,2148.5,2627.0,2962.0,3198.0,3598.5,3594.5,3217.0,2390.0,1056.0,1442.0,2003.0,2294.0,2481.0,2608.0,2801.0,2923.0,1656.0,1394.0,406.0,598.0,840.0,943.0,993.0,1051.0,1127.0,1131.0,3079.0,2321.0,928.0,1265.0,1654.0,1969.0,2077.0,2229.0,2363.0,2438.0,2934.5,2222.0,901.5,1184.0,1609.0,1810.5,1928.0,2080.0,2297.0,2304.0,2643.5,2110.5,720.5,937.5,1241.5,1407.5,1527.0,1606.0,1760.0,1789.5,2767.0,2255.0,819.0,1007.0,1291.0,1439.0,1582.0,1609.0,1787.0,1866.0,2299.0,1485.0,598.0,776.0,1070.0,1212.0,1281.0,1395.0,1631.0,1582.0,0.0,0.0,0.0,0.0,0.0,0.0,0.0,0.0,0.0,0.0,1583.0,1251.0,483.0,676.0,860.0,936.0,1006.0,1064.0,1137.0,1158.0,1800.0,1510.0,602.0,773.0,952.0,1047.0,1103.0,1120.0,1214.0,1231.0,2320.0,1923.0,789.0,1044.0,1263.0,1405.0,1467.0,1539.0,1593.0,1639.0,2460.0,2124.0,975.0,1186.0,1425.0,1522.0,1558.0,1699.0,1796.0,1754.0,1802.0,1529.0,535.0,681.0,883.0,979.0,1005.0,1050.0,1130.0,1179.0,1982.0,1685.0,696.0,838.0,1040.0,1136.0,1175.0,1267.0,1349.0,1357.0,2078.0,1788.0,760.0,958.0,1173.5,1260.0,1333.0,1392.0,1471.5,1485.0,"{""type"":""MultiPoint"",""coordinates"":[]}"
1285_0,3,175.5,148.5,144.0,190.5,292.5,389.5,248.0,301.0,256.0,230.5,2041.0,1706.5,710.0,920.5,1120.0,1206.0,1265.5,1375.5,1462.0,1451.5,2154.5,1819.0,810.0,1011.0,1225.0,1334.5,1385.0,1459.0,1550.5,1577.5,2371.0,2066.5,1020.5,1290.0,1498.0,1610.0,1644.5,1712.5,1790.0,1788.0,2507.0,2189.0,1306.0,1542.0,1745.0,1847.0,1895.0,1936.0,2034.0,2017.0,1714.0,1629.0,1083.0,1289.0,1460.0,1565.0,1574.0,1629.0,1681.0,1676.0,322.0,250.0,640.0,945.0,976.0,1226.0,1037.0,1107.0,1052.0,988.0,458.0,392.0,700.0,1037.0,997.0,1395.0,1190.0,1291.0,1191.0,1069.0,515.0,409.0,540.0,900.0,743.0,1220.0,1401.0,1572.0,1462.0,1337.0,1098.5,667.0,291.5,626.0,401.0,1074.5,2262.5,2648.0,2529.5,2567.0,1297.5,692.0,209.5,472.0,290.0,899.5,2449.0,3037.5,3074.0,3057.5,198.0,199.0,181.0,270.0,360.0,457.0,340.0,385.0,362.0,288.0,1322.0,684.0,202.0,434.0,244.0,838.0,2430.0,3116.0,3132.0,3048.0,1313.0,657.0,96.0,358.0,145.0,726.0,2544.0,3341.0,3363.0,3385.0,1361.0,664.0,145.0,444.0,203.0,857.0,2781.0,3741.0,3623.0,3802.0,1433.0,743.0,415.0,854.0,529.0,1437.0,3021.0,3555.0,3637.0,3670.0,1440.0,785.0,454.5,932.5,653.5,1575.0,2717.5,3073.5,3259.5,3231.5,1810.5,1054.5,495.5,948.0,1028.5,1738.0,2436.5,2712.0,2877.0,2980.0,2215.0,1329.5,883.0,1349.5,1591.5,2094.0,2579.0,2780.0,3090.0,3138.0,2603.5,1717.0,920.5,1359.0,1765.0,2276.0,2707.5,2903.5,3215.0,3255.5,4158.0,2792.0,1354.0,1944.5,2740.0,3227.0,3395.5,3692.0,4153.5,4103.5,4543.0,3055.0,1476.0,2060.0,2958.0,3323.0,3507.0,3743.0,4062.0,4242.0,198.0,168.0,224.0,270.0,360.0,457.0,340.0,385.0,362.0,288.0,4338.0,3055.0,1195.0,1709.0,2426.0,2844.0,3001.0,3220.0,3325.0,3580.0,4053.0,2936.0,1145.0,1534.5,2126.5,2400.0,2550.0,2767.5,3050.5,3071.0,3490.0,2733.5,797.0,1046.5,1439.0,1634.0,1731.0,1875.0,2122.0,2087.5,379.0,338.0,336.0,425.0,588.0,761.0,684.0,761.0,733.0,722.0,125.0,101.0,63.0,94.0,162.0,223.0,183.0,202.0,150.0,151.0,0.0,0.0,0.0,0.0,0.0,0.0,0.0,0.0,0.0,0.0,136.0,136.0,101.0,193.0,280.0,392.0,245.0,289.0,235.0,197.0,208.0,169.0,184.0,253.0,373.0,486.0,479.0,555.0,579.0,579.0,2984.0,2213.0,939.0,1220.0,1562.0,1808.0,1919.0,1966.0,2292.0,2231.0,1296.0,935.0,1029.0,1043.0,1015.0,1124.0,1210.0,1317.0,1443.0,1460.0,3293.0,2498.0,1106.0,1404.0,1760.0,1910.0,2043.0,2227.0,2478.0,2441.0,3956.0,3220.0,1397.0,1682.0,2070.0,2323.0,2400.0,2575.0,2811.0,2791.0,3795.0,3074.5,1383.5,1639.5,2006.0,2148.0,2271.5,2403.0,2721.0,2667.0,"{""type"":""MultiPoint"",""coordinates"":[]}"
1286_0,3,2059.5,1694.5,640.0,812.5,1119.0,1267.5,1291.0,1372.5,1515.0,1531.5,2501.5,2121.5,980.0,1293.0,1602.5,1728.5,1784.0,1853.5,1985.0,1952.5,2544.0,2145.0,939.0,1210.0,1539.0,1679.5,1726.0,1798.5,1919.0,1930.5,2417.5,2072.0,862.5,1133.0,1443.0,1576.0,1620.0,1680.5,1786.5,1801.0,193.5,163.0,469.0,671.5,713.5,928.0,793.5,861.0,822.0,753.5,254.0,186.5,572.5,800.0,843.0,1067.5,1021.0,1085.5,1109.0,1024.0,602.0,405.0,537.5,788.0,742.0,1121.0,1331.0,1469.5,1323.0,1288.5,1074.0,704.0,382.0,700.0,402.5,1039.5,2196.0,2488.0,2420.5,2365.5,1376.0,665.0,146.0,490.5,148.0,881.5,3630.0,4612.5,4690.5,4744.0,1808.0,975.0,242.5,649.5,578.0,1406.5,3242.0,3999.0,4337.0,4589.5,2184.5,1224.0,355.0,784.5,697.5,1474.5,3128.0,3806.5,4198.0,4512.0,2354.5,1973.5,715.0,961.0,1265.5,1425.0,1456.0,1598.5,1653.0,1733.5,2180.5,1233.0,310.0,775.0,553.5,1412.5,3006.0,3612.0,3867.0,4125.5,1888.0,974.0,243.5,671.0,436.5,1211.0,2993.0,3607.5,3801.5,3938.5,1715.0,899.0,250.5,643.0,374.5,1111.0,2840.5,3403.0,3497.5,3698.5,1883.5,978.5,485.0,969.0,537.0,1585.5,3359.5,3784.5,3959.5,4073.0,1910.5,1059.5,479.5,1101.5,679.0,1838.5,3254.0,3659.5,3918.0,3940.5,2033.0,1156.0,515.0,1202.0,904.0,2092.0,3109.0,3390.0,3642.0,3752.0,2386.0,1333.0,775.5,1441.0,1365.5,2414.0,3149.5,3454.5,3761.0,3879.5,2586.0,1605.0,777.5,1416.0,1480.0,2509.0,3013.0,3334.5,3737.5,3834.0,3849.5,2519.5,1018.0,1513.5,1998.0,2669.5,2958.0,3248.0,3707.0,3780.5,2212.0,1638.5,725.5,1027.5,1420.0,1633.5,1696.5,1818.5,1934.0,2011.5,2217.0,1836.5,637.0,875.0,1194.0,1345.0,1415.5,1514.0,1661.5,1636.5,2350.5,1820.5,741.5,1046.0,1436.5,1622.0,1694.0,1805.5,1953.0,1986.5,2456.5,1940.0,900.5,1125.0,1470.5,1652.0,1716.5,1824.5,1961.5,2022.5,2209.5,1777.5,698.5,880.5,1164.5,1318.5,1414.0,1473.5,1617.5,1648.0,2196.5,1719.0,719.5,937.5,1199.5,1343.0,1438.0,1499.5,1658.0,1646.0,1979.0,1496.5,564.0,714.0,939.0,1074.0,1178.0,1251.5,1400.0,1380.0,0.0,0.0,0.0,0.0,0.0,0.0,0.0,0.0,0.0,0.0,1833.0,1440.0,530.5,757.0,1015.5,1135.0,1202.5,1262.0,1404.5,1415.0,2021.5,1651.0,690.5,846.0,1031.5,1161.5,1245.0,1302.5,1416.5,1424.5,2414.5,2019.5,773.0,1051.0,1299.0,1426.0,1548.5,1650.5,1780.5,1761.0,2469.0,2045.5,836.0,1042.0,1329.5,1477.5,1561.0,1627.0,1811.5,1790.5,2348.0,1902.5,844.0,1005.5,1240.5,1378.0,1458.5,1531.5,1687.5,1677.0,2204.0,1875.0,700.5,901.0,1168.5,1290.0,1353.0,1409.5,1548.0,1543.5,2309.5,1947.0,778.5,1002.5,1309.5,1442.5,1505.5,1565.5,1694.5,1701.0,"{""type"":""MultiPoint"",""coordinates"":[]}"
1287_0,3,2300.0,1854.0,688.0,750.0,986.0,1115.0,1220.0,1355.0,1441.0,1546.0,2331.0,2134.0,650.0,931.0,1256.0,1388.0,1431.0,1530.0,1653.0,1670.0,2564.0,2422.0,776.0,1044.0,1411.0,1577.0,1622.0,1712.0,1815.0,1841.0,1220.0,1171.5,488.0,671.0,837.0,944.5,842.5,895.0,934.0,890.5,247.0,241.0,300.0,469.0,549.0,636.0,614.0,613.0,617.0,557.0,413.0,353.0,310.0,535.0,527.0,772.0,731.0,768.0,787.0,672.0,594.0,471.0,260.0,545.0,324.0,793.0,946.0,1041.0,959.0,896.0,1266.0,796.0,253.0,545.0,328.0,880.0,1879.0,2170.0,2193.0,2056.0,1012.0,602.0,208.0,456.0,181.0,717.0,1760.0,2150.0,2116.0,1999.0,1005.5,533.5,108.5,335.5,111.5,629.0,1868.0,2392.5,2400.0,2318.5,1078.0,517.5,88.0,258.0,68.5,468.0,2039.0,2861.5,2898.0,2854.0,3238.0,2654.0,788.0,1014.0,1394.0,1622.0,1716.0,1846.0,2093.0,2194.0,1384.5,646.5,64.5,283.0,42.5,551.0,2743.5,3849.0,3860.0,3866.5,1394.5,673.0,149.0,650.5,232.0,1106.0,3280.0,4130.0,4263.0,4327.5,1425.0,687.0,508.0,909.0,652.0,1422.0,3332.0,3997.0,4040.0,4184.0,1513.0,840.0,730.0,1196.0,1106.0,1996.0,3112.0,3461.0,3630.0,3672.0,1737.0,1018.0,650.0,1179.0,1106.0,2023.0,2903.0,3173.0,3432.0,3470.0,2158.0,1311.0,673.0,1233.0,1368.0,2123.0,2903.0,3173.0,3353.0,3470.0,4363.0,3139.5,1156.0,1591.5,2201.0,2673.0,2987.5,3266.5,3494.5,3683.5,4169.0,3105.5,1057.0,1453.5,2094.5,2432.0,2701.0,2907.5,3229.5,3330.0,3895.0,2794.0,999.0,1292.0,1845.0,2170.0,2378.0,2554.0,2904.0,2995.0,3334.0,2494.0,747.0,1054.5,1528.0,1830.5,1993.5,2179.5,2331.0,2459.0,3405.0,2689.0,746.0,994.0,1387.0,1595.0,1668.0,1836.0,2059.0,2158.0,3404.0,2759.0,679.5,951.5,1267.5,1542.0,1736.5,1884.5,2009.0,2180.5,4422.5,3733.0,2337.5,2487.5,2724.0,3014.0,3188.0,3338.5,3467.5,3526.5,3134.5,2622.0,714.0,839.5,1025.0,1246.5,1452.5,1658.5,1732.0,1820.5,2972.0,2484.5,686.5,806.5,979.0,1225.5,1445.0,1615.5,1684.5,1788.0,2331.0,1737.0,416.0,576.0,789.5,1048.0,1185.5,1318.5,1484.5,1564.0,0.0,0.0,0.0,0.0,0.0,0.0,0.0,0.0,0.0,0.0,3698.0,2890.0,892.0,1190.0,1662.0,1853.0,1950.0,2107.0,2250.0,2430.0,2417.0,1854.0,970.0,1087.0,1259.0,1420.0,1664.0,1918.0,1901.0,2089.0,3555.0,2846.0,979.0,1158.0,1525.0,1710.0,1863.0,1997.0,2221.0,2318.0,2547.0,2020.5,1010.5,1080.0,1242.5,1394.0,1452.0,1587.5,2103.0,1675.0,1491.5,1182.5,717.0,756.5,849.0,935.0,972.5,1036.0,1494.0,1075.5,2110.0,1947.0,596.0,806.0,1089.0,1201.0,1282.0,1360.0,1481.0,1478.0,2125.5,1967.5,609.5,825.0,1117.0,1242.0,1306.0,1392.5,1502.5,1518.0,"{""type"":""MultiPoint"",""coordinates"":[]}"
1288_0,3,1947.0,1606.5,649.5,805.5,1080.0,1213.0,1225.0,1327.5,1419.5,1462.0,2521.0,2248.5,908.0,1188.0,1457.0,1563.5,1593.5,1682.5,1785.5,1772.5,2421.0,2095.5,796.0,1071.5,1336.0,1443.0,1464.0,1518.5,1637.0,1665.0,483.5,414.0,496.0,701.5,813.5,928.5,784.5,834.0,774.5,808.0,278.0,248.0,510.0,743.0,799.0,934.0,710.0,820.0,755.0,644.0,808.0,578.0,644.0,881.0,958.0,1270.0,1233.0,1318.0,1253.0,1334.0,691.0,553.0,491.0,819.0,702.0,1166.0,1307.0,1404.0,1322.0,1334.0,1164.0,747.0,411.0,724.0,511.0,1113.0,1942.0,2315.0,1902.0,2033.0,1053.0,602.0,329.0,602.0,407.0,939.0,2074.0,2286.0,2349.0,2369.0,1160.5,590.0,211.5,508.5,273.0,827.0,2365.0,2996.0,3055.5,3171.5,1446.0,758.0,138.0,377.0,243.5,841.5,2203.0,2937.0,3176.5,3274.5,2156.5,1829.5,754.5,949.0,1215.0,1347.5,1387.0,1455.5,1564.5,1573.5,1745.0,916.0,242.5,492.5,361.0,915.0,2668.0,3408.0,3642.5,3834.5,1652.0,878.0,162.0,522.0,262.0,964.0,2816.0,3564.0,3736.0,3926.0,1652.0,878.0,307.0,742.0,505.0,1266.0,2948.0,3633.0,3755.0,3867.0,1778.0,930.0,515.0,956.0,820.0,1688.0,2863.0,3391.0,3650.0,3729.0,1969.0,1131.0,556.0,1034.0,1033.0,1806.0,2774.0,3111.0,3543.0,3535.0,2256.5,1331.0,633.5,1079.5,1202.5,1959.0,2744.5,3030.5,3376.5,3496.5,3901.0,2689.0,1200.0,1601.0,2009.0,2496.5,2871.0,3199.5,3543.5,3640.5,3077.5,2300.0,987.0,1308.0,1713.5,2021.5,2166.5,2314.5,2599.5,2618.0,2476.0,2004.0,754.0,1006.0,1420.0,1587.0,1655.0,1771.0,2004.0,1997.0,1783.0,1399.5,509.0,713.0,983.5,1138.5,1166.0,1324.5,1385.0,1424.5,2083.5,1759.5,671.0,868.5,1144.0,1269.5,1325.0,1371.0,1500.5,1528.0,1984.0,1606.0,601.0,786.0,1029.0,1255.0,1247.0,1318.0,1430.0,1497.0,1883.5,1516.5,681.0,829.0,1059.5,1186.0,1238.0,1319.0,1413.5,1434.5,1876.5,1626.5,473.0,682.5,918.5,1015.0,1032.5,1125.5,1265.0,1250.0,1977.0,1786.5,587.5,748.0,975.0,1068.0,1093.5,1185.5,1260.5,1275.5,1612.0,1427.0,420.0,539.0,755.0,844.0,869.0,919.0,1046.0,1025.0,0.0,0.0,0.0,0.0,0.0,0.0,0.0,0.0,0.0,0.0,2188.0,1881.0,716.0,911.0,1193.0,1300.0,1325.0,1392.0,1513.0,1524.0,376.0,283.0,265.0,246.0,243.0,258.0,259.0,272.0,272.0,272.0,2523.5,2214.0,901.0,1133.5,1412.5,1500.0,1561.5,1619.5,1785.5,1746.0,2413.5,2088.5,858.0,1042.0,1305.5,1395.0,1424.0,1490.5,1639.0,1609.5,2037.0,1804.0,688.0,811.0,1018.0,1129.0,1154.0,1277.0,1337.0,1330.0,2037.0,1804.0,675.0,811.0,1018.0,1129.0,1154.0,1277.0,1337.0,1330.0,2139.0,1910.5,654.5,878.5,1094.0,1189.0,1233.0,1311.5,1412.0,1421.0,"{""type"":""MultiPoint"",""coordinates"":[]}"
1289_0,3,1020.0,856.5,320.5,395.5,480.0,523.5,529.5,583.0,612.0,638.0,1903.0,1683.5,756.0,961.0,1112.5,1190.5,1201.5,1268.0,1349.0,1327.5,2056.0,1810.5,809.5,1011.5,1165.5,1267.0,1282.5,1341.5,1398.5,1414.0,2485.0,2215.5,1142.0,1395.0,1573.0,1692.5,1716.5,1763.5,1833.0,1850.0,2609.0,2355.0,1226.0,1456.0,1640.0,1779.0,1818.0,1879.0,1972.0,1960.0,2345.0,2127.0,1191.0,1456.0,1640.0,1779.0,1818.0,1879.0,1752.0,1960.0,365.0,339.0,832.0,1045.0,1106.0,1313.0,1029.0,1028.0,973.0,875.0,414.0,385.0,926.0,1190.0,1271.0,1439.0,1097.0,1122.0,1078.0,943.0,212.0,196.0,665.0,961.0,984.0,1141.0,842.0,948.0,841.0,744.0,231.5,196.0,637.0,962.5,997.0,1184.0,865.5,980.0,866.5,762.0,301.5,229.0,527.5,870.0,856.5,1125.0,919.0,1046.5,914.0,814.0,1262.0,1097.0,478.0,579.0,686.5,730.0,744.0,790.0,869.0,846.5,706.0,435.0,409.0,692.0,510.0,961.0,1427.0,1564.0,1445.0,1373.0,937.0,506.0,195.0,454.0,285.0,772.0,1828.0,2154.0,1950.0,2045.0,1032.0,558.0,195.0,407.0,228.0,681.0,2059.0,2626.0,2424.0,2602.0,1203.0,623.0,285.0,535.0,318.0,878.0,2282.0,2799.0,2635.0,2716.0,1208.0,649.0,301.0,630.0,377.0,1084.0,2394.0,2724.0,2706.0,2766.0,1230.0,698.0,345.0,726.0,501.5,1357.0,2392.0,2668.5,2636.5,2705.5,1557.0,993.0,789.0,1191.0,1352.0,2008.0,2604.0,2816.0,3004.0,3027.0,2320.0,1499.0,765.0,1163.5,1430.0,2016.5,2534.0,2785.5,3047.5,3111.0,2690.0,1956.0,909.0,1313.0,1668.0,2270.0,2697.0,2932.0,3255.0,3309.0,2731.5,1955.0,918.5,1273.0,1787.0,2184.0,2293.0,2513.5,2588.5,2792.0,1308.0,1150.0,529.0,621.0,711.0,757.0,753.0,811.0,884.0,860.0,3326.0,2548.0,1001.0,1300.0,1778.0,2074.0,2199.0,2392.0,2576.0,2630.0,3261.5,2454.0,1065.0,1338.5,1787.5,2080.0,2187.0,2353.0,2529.0,2613.5,2983.5,2343.5,859.5,1077.5,1405.0,1631.5,1702.5,1848.0,2011.5,2097.0,2912.0,2307.0,937.0,1117.0,1425.0,1647.0,1735.0,1877.0,2021.0,2130.0,2219.0,1498.0,748.0,945.0,1264.0,1456.0,1555.0,1684.0,1892.0,1890.0,0.0,0.0,0.0,0.0,0.0,0.0,0.0,0.0,0.0,0.0,2180.0,1953.0,839.0,1063.0,1254.0,1384.0,1413.0,1445.0,1561.0,1565.0,376.0,337.0,287.0,237.0,221.0,236.0,240.0,238.0,257.0,248.0,2413.0,2195.0,983.0,1261.0,1475.0,1551.0,1577.0,1662.0,1779.0,1776.0,2601.0,2002.0,1190.0,1427.0,1626.0,1673.0,1765.0,1808.0,1963.0,1888.0,1615.5,1383.5,716.5,872.5,1023.5,1105.0,1106.5,1156.0,1230.5,1251.0,1730.0,1511.0,659.0,831.0,956.0,1031.0,1054.0,1103.0,1165.0,1167.0,1778.5,1581.5,690.5,852.5,985.5,1053.0,1092.0,1141.0,1234.0,1208.5,"{""type"":""MultiPoint"",""coordinates"":[]}"
1290_0,3,1732.0,1444.0,521.5,657.0,856.5,978.0,1029.5,1077.5,1175.5,1193.5,2398.0,2016.5,1016.0,1312.0,1548.5,1658.0,1716.5,1825.5,1919.0,1896.5,2391.5,1972.0,935.5,1205.5,1459.0,1574.5,1627.0,1713.0,1813.0,1811.5,2562.5,2148.0,1027.5,1316.0,1587.0,1703.5,1759.0,1843.0,1927.0,1965.0,502.5,499.5,837.0,1131.0,1186.0,1343.5,1042.0,1085.5,1099.5,978.0,444.5,350.5,702.0,1003.0,1103.5,1199.0,1021.5,1073.0,1075.5,946.0,625.5,486.0,651.5,977.0,983.5,1260.5,1242.0,1295.0,1355.0,1141.0,1002.5,705.0,586.0,891.5,874.0,1229.5,1617.5,1863.0,1844.5,1701.0,1412.0,880.0,390.5,765.0,514.5,1141.5,2480.0,2901.5,2942.5,2719.0,2169.0,1240.5,332.5,744.0,492.5,1270.5,3254.0,3912.5,4307.5,4300.0,1967.0,1072.0,298.0,680.0,445.0,1165.0,3096.0,3914.5,4265.5,4293.0,1999.0,1684.5,584.0,798.5,998.0,1153.5,1163.5,1220.0,1315.0,1387.5,1815.5,976.0,286.0,614.0,406.5,1071.0,2958.0,3883.0,4066.0,4008.0,1574.5,826.0,190.5,488.0,328.0,963.0,2813.0,3726.5,3987.0,3880.5,1493.0,803.5,247.5,543.5,306.0,901.0,2955.5,3795.0,3996.5,3946.0,1793.0,921.0,493.0,938.0,553.5,1435.0,3383.0,3973.5,4297.5,4288.0,1834.5,1004.5,502.5,1045.5,659.0,1636.0,3338.0,3789.0,4237.5,4024.0,1933.0,1163.0,562.0,1189.0,909.0,2045.0,3321.0,3577.0,3990.0,3923.0,2281.5,1357.0,884.5,1561.5,1433.5,2496.5,3412.5,3619.0,4036.0,4030.5,2701.0,1685.5,918.5,1625.0,1735.0,2792.5,3244.0,3477.0,3766.0,3898.0,3818.0,2650.5,1178.0,1595.0,2187.0,2590.0,2835.0,3044.5,3355.5,3404.0,1770.0,1341.0,549.5,753.5,1021.0,1152.0,1173.0,1287.0,1395.5,1418.0,1822.0,1580.5,462.5,678.5,921.5,1032.0,1051.5,1123.0,1241.0,1224.0,1805.5,1416.5,550.5,752.5,1011.0,1139.0,1181.5,1250.0,1384.5,1409.5,2152.5,1686.5,900.5,1080.0,1292.5,1419.0,1579.0,1635.0,1757.0,1746.5,1837.5,1500.5,566.0,726.5,931.0,1016.0,1117.0,1155.0,1314.0,1298.0,1995.0,1646.0,638.5,818.0,1025.0,1121.0,1226.0,1258.0,1365.0,1436.5,1579.5,1347.5,439.5,544.5,736.0,816.5,858.5,923.0,1057.0,1074.5,0.0,0.0,0.0,0.0,0.0,0.0,0.0,0.0,0.0,0.0,1506.0,1177.5,404.0,573.5,710.5,847.5,869.5,913.0,1037.5,1028.0,2109.5,1821.0,619.0,809.0,1019.0,1207.5,1414.0,1525.0,1305.0,1700.0,2111.0,1792.0,688.0,904.5,1104.0,1235.0,1282.0,1384.0,1492.0,1467.5,2179.5,1797.5,781.5,961.5,1149.0,1321.5,1415.0,1558.0,1615.5,1688.5,2059.5,1675.5,745.0,877.0,1051.5,1230.0,1327.0,1456.0,1446.0,1576.5,2074.0,1748.5,671.5,869.0,1065.5,1171.5,1260.0,1362.5,1445.0,1453.0,2189.0,1866.0,862.5,1116.0,1338.5,1442.5,1506.0,1553.0,1672.5,1665.0,"{""type"":""MultiPoint"",""coordinates"":[]}"
1291_0,3,1601.0,1314.5,556.5,715.5,912.5,1005.5,1024.5,1060.5,1158.5,1165.0,2388.5,2089.5,1011.0,1280.0,1517.5,1634.5,1675.0,1723.5,1822.5,1805.5,2367.5,2078.5,906.5,1167.0,1404.5,1520.0,1545.5,1624.5,1700.5,1717.0,2455.5,2153.5,969.5,1244.5,1495.5,1611.5,1644.0,1701.0,1774.0,1811.5,428.0,404.0,1004.0,1280.0,1271.0,1483.0,999.0,1031.0,978.0,781.0,428.0,430.0,859.0,1156.0,1251.0,1456.0,994.0,1031.0,978.0,818.0,311.0,252.0,638.0,917.0,956.0,1137.0,928.0,1001.0,937.0,761.0,501.0,381.0,613.0,884.0,811.0,1245.0,1155.0,1246.0,1197.0,1037.0,601.0,399.0,543.0,855.0,783.0,1230.0,1332.0,1541.0,1426.0,1312.0,675.5,422.5,368.0,624.0,490.5,971.5,1376.5,1557.0,1491.5,1413.0,1115.5,642.0,293.0,527.5,344.0,950.5,2202.5,2615.0,2513.5,2512.0,1838.0,1567.0,681.0,846.0,1056.0,1153.5,1189.0,1246.5,1325.5,1336.5,1329.0,722.0,281.0,516.0,371.0,888.0,2336.0,2827.0,2785.0,2853.0,1219.0,622.0,184.0,443.0,295.0,867.0,2336.0,2884.0,2823.0,2890.0,1181.0,591.0,184.0,430.0,258.0,785.0,2504.0,3066.0,3009.0,3139.0,1300.0,652.0,343.0,661.0,338.0,1069.0,2875.0,3445.0,3501.0,3489.0,1529.0,766.0,362.0,857.0,477.0,1466.0,3210.0,3762.0,3814.0,3861.0,1599.0,878.5,400.5,924.0,561.0,1599.5,3032.0,3358.0,3456.0,3547.0,1928.0,1060.0,722.0,1269.0,1146.0,2107.0,2926.0,3150.0,3346.0,3419.0,2223.5,1379.5,675.0,1241.0,1261.5,2191.0,2856.5,3110.0,3319.5,3444.5,3053.0,2097.0,925.0,1429.5,1810.0,2436.0,2823.0,3073.0,3405.5,3433.5,3455.0,2420.0,1074.0,1511.0,2133.0,2589.0,2689.0,2971.0,3044.0,3215.0,1679.0,1404.0,486.0,685.0,910.0,1010.0,1055.0,1069.0,1215.0,1203.0,3445.0,2569.0,1074.0,1498.0,2084.0,2412.0,2451.0,2691.0,2814.0,2976.0,3286.5,2462.0,951.5,1273.5,1738.0,2061.5,2131.5,2306.0,2516.0,2597.5,2928.5,2328.0,751.5,974.5,1331.0,1535.5,1630.5,1734.5,1955.0,1997.0,3126.0,2543.0,835.0,1038.0,1382.0,1602.0,1679.0,1851.0,1959.0,2042.0,2494.0,1738.0,551.0,728.0,1022.0,1200.0,1280.0,1394.0,1553.0,1606.0,1050.0,825.0,916.0,859.0,888.0,947.0,1011.0,1028.0,1112.0,1030.0,1623.0,1358.0,514.0,689.0,867.0,961.0,973.0,1057.0,1138.0,1148.0,1799.0,1547.0,660.0,787.0,970.0,1043.0,1089.0,1128.0,1222.0,1220.0,2152.0,1873.0,739.0,982.0,1195.0,1307.0,1341.0,1405.0,1491.0,1546.0,1765.0,1493.0,945.0,1114.0,1116.0,1106.0,1053.0,1090.0,1570.0,1220.0,1765.0,1493.0,537.0,676.0,875.0,969.0,982.0,1002.0,1090.0,1093.0,1885.0,1638.0,706.0,841.0,1027.0,1096.0,1116.0,1192.0,1272.0,1266.0,2095.0,1860.5,783.0,980.5,1185.0,1284.5,1326.0,1382.0,1501.0,1498.5,"{""type"":""MultiPoint"",""coordinates"":[]}"
1292_0,3,1796.5,1480.5,577.0,754.0,1005.5,1131.0,1158.0,1189.5,1351.5,1388.0,2297.0,1961.0,921.5,1202.0,1474.5,1592.5,1646.5,1718.5,1836.0,1808.5,2314.0,1959.0,861.5,1135.5,1411.5,1553.5,1592.5,1642.0,1751.5,1740.5,2269.5,1964.5,881.0,1128.5,1394.0,1533.5,1569.0,1639.0,1711.0,1718.0,573.0,494.0,637.5,885.0,948.5,1099.5,868.0,854.5,855.0,773.0,695.5,570.0,933.0,1186.0,1201.5,1376.5,1002.5,1024.0,1035.0,823.5,977.0,775.5,561.5,883.5,721.5,1267.0,1508.5,1643.0,1520.0,1487.0,1678.5,1071.0,431.5,903.0,501.5,1335.0,3060.5,3326.0,3430.0,3100.0,1976.0,1089.0,374.5,876.0,428.0,1359.5,3942.5,4610.5,4999.0,4715.0,2009.0,1137.0,324.5,751.0,502.5,1340.5,3300.5,4120.0,4366.5,4342.0,1912.5,1097.5,321.5,695.5,491.5,1232.0,2934.5,3599.5,3933.0,3866.0,2100.5,1768.5,646.0,874.5,1141.0,1258.5,1320.5,1430.5,1479.0,1530.0,1826.5,1062.5,293.5,666.0,460.5,1164.5,2829.0,3541.5,3765.5,3804.5,1676.5,1007.5,270.5,630.5,445.5,1135.0,2821.0,3541.0,3799.0,3754.5,1717.0,963.0,332.0,678.0,462.5,1112.5,2861.5,3541.0,3758.5,3773.5,1928.5,1056.5,543.0,1008.5,668.0,1619.5,3372.0,3870.5,4167.5,4096.0,1991.5,1150.0,516.0,1097.5,721.5,1773.5,3354.5,3702.5,4012.5,4020.0,2076.0,1272.0,569.0,1195.0,996.0,2088.0,3165.0,3607.0,3892.0,3938.0,2387.5,1492.0,885.5,1431.0,1447.5,2393.0,3097.0,3472.0,3800.0,3889.5,2678.5,1800.5,910.0,1498.0,1730.0,2691.5,3144.0,3408.5,3920.0,4003.5,3714.0,2584.0,1212.0,1760.5,2352.0,2808.0,3012.0,3391.5,3887.0,3914.5,3101.5,2197.0,1228.5,1702.0,2407.5,2767.0,2922.5,2973.0,3389.0,3331.5,1948.0,1627.5,563.0,788.5,1073.0,1143.0,1202.5,1276.5,1456.0,1374.5,3176.5,2386.0,1136.0,1555.0,2130.0,2305.0,2466.5,2613.0,2908.5,3009.0,2224.0,1700.0,976.5,1217.0,1577.0,1697.5,1798.5,1925.0,2116.0,2108.0,2773.0,2184.5,847.0,1086.0,1440.5,1643.5,1690.5,1818.5,2067.5,2035.0,2661.5,2079.5,831.5,1017.5,1361.0,1480.0,1589.5,1769.0,1932.0,1894.0,1610.5,1307.0,478.0,614.5,846.0,929.0,971.0,1074.0,1171.5,1132.0,0.0,0.0,0.0,0.0,0.0,0.0,0.0,0.0,0.0,0.0,1853.5,1473.0,529.0,727.5,944.0,1070.5,1089.0,1210.0,1306.5,1326.5,1949.5,1617.0,669.5,825.5,999.0,1109.5,1125.5,1205.0,1341.5,1298.5,2404.0,2008.5,817.0,1054.0,1285.5,1443.5,1509.5,1588.0,1736.5,1685.0,2301.0,1910.0,792.5,1012.5,1252.0,1343.5,1410.0,1500.0,1671.0,1624.0,2110.5,1727.0,759.5,894.5,1102.5,1176.5,1269.5,1333.0,1460.5,1431.5,2098.0,1820.5,689.0,887.0,1144.5,1267.0,1315.0,1391.0,1517.0,1482.5,2142.5,1827.0,747.5,967.0,1239.5,1353.0,1410.5,1495.5,1594.0,1608.5,"{""type"":""MultiPoint"",""coordinates"":[]}"
1293_0,3,1583.5,1326.0,489.0,613.0,817.5,929.0,951.0,1014.0,1065.0,1103.0,2464.0,2187.5,944.5,1211.5,1445.0,1568.5,1603.0,1685.5,1786.0,1783.0,2517.5,2252.5,944.5,1204.5,1440.0,1571.5,1588.0,1667.0,1755.0,1765.5,549.0,518.5,801.5,1068.0,1217.0,1333.0,1063.0,1121.5,1063.0,977.0,410.0,352.0,989.0,1175.0,1257.0,1415.0,1142.0,1132.0,1139.0,970.0,997.0,622.0,925.0,1175.0,1257.0,1415.0,1313.0,1368.0,1460.0,1399.0,336.0,280.0,696.0,965.0,1009.0,1262.0,1163.0,1231.0,1218.0,1045.0,479.0,396.0,656.0,965.0,1009.0,1344.0,1209.0,1362.0,1255.0,1116.0,393.0,301.0,538.0,869.0,854.0,1154.0,1047.0,1156.0,1037.0,930.0,491.5,335.0,378.0,618.5,505.0,1049.0,1506.0,1703.5,1526.5,1477.0,680.5,429.0,280.5,518.0,384.5,922.5,1661.5,1910.0,1797.5,1709.5,1806.0,1545.5,621.5,778.0,966.5,1072.5,1121.5,1181.5,1245.0,1256.5,1007.0,578.0,249.0,469.0,331.0,840.0,2019.0,2478.0,2272.0,2226.0,1224.0,638.0,188.0,488.0,247.0,871.0,2456.0,3000.0,3034.0,3081.0,1374.0,668.0,255.0,614.0,355.0,1080.0,2783.0,3598.0,3551.0,3637.0,1467.0,768.0,451.0,837.0,621.0,1455.0,2845.0,3329.0,3488.0,3505.0,1763.0,995.0,456.0,872.0,812.0,1511.0,2583.0,2932.0,3341.0,3271.0,2087.5,1249.0,541.0,904.5,1013.5,1667.5,2415.0,2755.5,3042.0,3134.5,3466.0,2430.0,1101.0,1478.0,1807.0,2188.0,2552.5,2806.0,3086.5,3195.0,3570.0,2540.0,949.5,1329.5,1853.5,2195.5,2522.5,2777.0,3141.0,3202.5,3556.5,2468.0,890.5,1305.5,1837.5,2170.5,2495.0,2774.0,3135.0,3180.5,1509.0,1111.0,439.0,583.0,801.0,922.0,992.0,1096.0,1146.0,1181.0,1624.0,1378.0,476.0,631.0,818.0,916.0,955.0,1002.0,1094.0,1118.0,2062.0,1695.0,619.0,810.0,1050.0,1237.0,1253.0,1380.0,1445.0,1505.0,1975.0,1646.0,634.0,790.0,1000.5,1167.0,1209.0,1309.5,1340.0,1425.0,1690.0,1461.5,418.5,604.0,802.0,881.5,941.5,989.5,1098.0,1105.0,2025.0,1821.0,636.0,809.0,1025.0,1119.0,1167.0,1262.0,1338.0,1354.0,1472.0,1324.0,369.0,501.0,679.0,729.0,771.0,814.0,922.0,892.0,0.0,0.0,0.0,0.0,0.0,0.0,0.0,0.0,0.0,0.0,1895.0,1642.0,580.0,793.0,1002.0,1086.0,1145.0,1169.0,1273.0,1300.0,226.0,190.0,199.0,155.0,137.0,137.0,140.0,174.0,164.0,168.0,2232.0,1974.0,747.0,998.0,1231.0,1297.0,1343.0,1411.0,1503.0,1503.0,1615.0,1383.0,410.0,532.0,725.0,803.0,822.0,867.0,923.0,958.0,1494.5,1273.5,488.0,536.0,700.5,778.0,801.5,841.5,902.0,925.5,1935.0,1725.0,678.0,836.0,1011.0,1102.0,1176.0,1234.0,1275.0,1296.0,2075.0,1883.0,717.0,885.0,1088.5,1176.5,1227.0,1298.0,1393.5,1394.0,"{""type"":""MultiPoint"",""coordinates"":[]}"
1294_0,3,1655.0,1369.0,581.0,699.0,907.5,1028.0,1046.0,1111.5,1183.5,1202.0,2328.5,2048.5,918.5,1174.5,1423.0,1532.5,1554.5,1629.0,1721.5,1729.0,2327.0,2058.0,846.0,1083.0,1318.0,1443.0,1479.0,1550.0,1627.0,1639.0,2420.5,2133.5,900.0,1159.5,1411.5,1534.5,1561.0,1635.0,1704.5,1732.0,310.0,280.0,817.0,1035.0,1078.0,1185.0,875.0,940.0,890.0,751.0,310.0,285.0,817.0,1035.0,1078.0,1220.0,896.0,975.0,905.0,813.0,313.0,245.0,594.0,871.0,925.0,1109.0,914.0,988.0,914.0,813.0,533.0,428.0,543.0,863.0,820.0,1197.0,1267.0,1408.0,1332.0,1197.0,882.0,590.0,444.0,753.0,600.0,1165.0,1723.0,1836.0,1681.0,1662.0,1032.5,586.0,253.5,520.5,314.0,895.0,1946.5,2336.0,2131.5,2134.5,1264.0,665.0,210.5,507.0,290.5,888.5,2616.0,3377.5,3263.0,3304.0,1890.5,1586.0,689.5,853.0,1061.0,1176.5,1205.0,1255.0,1324.5,1369.0,1409.0,727.0,230.0,461.0,281.0,810.0,2641.0,3518.0,3444.0,3566.0,1250.0,604.0,128.0,383.0,197.0,767.0,2484.0,3355.0,3378.0,3387.0,1197.0,583.0,128.0,356.0,163.0,700.0,2650.0,3529.0,3426.0,3542.0,1446.0,711.0,336.0,666.0,319.0,1089.0,3196.0,4049.0,4136.0,4250.0,1586.0,817.0,346.0,856.0,445.0,1431.0,3422.0,4116.0,4321.0,4351.0,1664.5,887.5,389.5,941.5,521.0,1635.5,3251.5,3680.0,3824.5,3897.5,1953.0,1056.0,755.0,1403.0,1238.0,2238.0,3212.0,3533.0,3718.0,3848.0,2280.5,1404.5,770.0,1457.5,1399.5,2608.5,3320.5,3621.5,3841.5,4009.5,3231.5,2201.5,1051.5,1633.0,2034.5,2829.0,3249.5,3540.0,3866.5,3968.0,2766.0,1797.0,831.0,1139.0,1641.0,1943.0,2018.0,2219.0,2290.0,2407.0,1741.0,1451.0,491.0,691.0,929.0,1047.0,1073.0,1133.0,1218.0,1236.0,2794.0,2180.0,735.0,1045.0,1451.0,1729.0,1804.0,1964.0,2008.0,2188.0,2713.5,2142.0,798.0,1037.5,1411.5,1638.5,1728.5,1863.5,1964.0,2046.5,2412.0,1958.0,609.5,797.0,1055.5,1240.5,1320.0,1426.5,1541.5,1590.5,2518.0,2105.0,721.0,847.0,1104.0,1293.0,1377.0,1500.0,1581.0,1667.0,2028.0,1558.0,483.0,616.0,835.0,973.0,1049.0,1159.0,1274.0,1284.0,953.0,859.0,677.0,722.0,740.0,770.0,879.0,921.0,885.0,990.0,1659.0,1432.0,523.0,677.0,872.0,946.0,978.0,1044.0,1126.0,1136.0,1790.0,1556.0,588.0,740.0,930.0,1030.0,1061.0,1125.0,1195.0,1213.0,2025.0,1785.0,657.0,861.0,1077.0,1178.0,1202.0,1282.0,1346.0,1381.0,2186.0,1963.0,845.0,1025.0,1224.0,1343.0,1368.0,1427.0,1551.0,1523.0,1774.0,1521.0,525.0,652.0,867.0,946.0,949.0,992.0,1067.0,1097.0,1866.0,1622.0,659.0,786.0,985.0,1067.0,1100.0,1160.0,1247.0,1267.0,2071.0,1849.5,734.0,915.5,1121.0,1210.0,1273.5,1335.0,1439.5,1435.0,"{""type"":""MultiPoint"",""coordinates"":[]}"
1295_0,3,140.5,111.0,145.0,204.0,288.0,356.0,217.0,260.0,278.0,203.0,2274.5,1870.5,757.5,959.5,1196.0,1313.5,1385.0,1477.5,1609.5,1588.5,2374.5,2008.5,841.0,1061.5,1278.5,1421.0,1487.5,1565.5,1685.5,1722.5,2516.5,2205.0,1059.5,1314.5,1540.5,1692.0,1713.0,1791.5,1861.0,1876.5,2671.0,2382.0,1323.0,1585.0,1810.0,1948.0,1990.0,2045.0,2139.0,2141.0,1489.0,1417.0,1141.0,1349.0,1520.0,1613.0,1592.0,1649.0,1662.0,1680.0,203.0,169.0,610.0,882.0,914.0,1047.0,831.0,906.0,906.0,744.0,465.0,357.0,713.0,1033.0,1025.0,1421.0,1248.0,1344.0,1236.0,1162.0,528.0,430.0,521.0,834.0,704.0,1206.0,1270.0,1409.0,1314.0,1126.0,844.0,537.5,300.0,597.5,410.5,1059.0,2010.5,2397.0,2310.5,2103.5,1080.0,607.5,203.0,437.5,226.5,773.5,2232.5,2825.5,2762.5,2560.0,178.0,142.0,230.0,323.0,408.0,469.0,339.0,379.0,406.0,285.0,1255.0,622.0,207.0,428.0,205.0,743.0,2498.0,3395.0,3300.0,3344.0,1240.0,614.0,108.0,332.0,111.0,652.0,2583.0,3431.0,3392.0,3374.0,1309.0,638.0,163.0,462.0,210.0,847.0,2898.0,3981.0,3856.0,4010.0,1511.0,768.0,415.0,872.0,527.0,1525.0,3238.0,3904.0,3928.0,3974.0,1516.0,808.0,426.0,923.0,681.0,1619.0,2917.0,3414.0,3615.0,3559.0,1922.0,1148.5,507.5,1005.0,1002.5,1854.5,2754.0,3052.0,3264.0,3319.5,2320.5,1403.0,876.0,1403.5,1552.0,2174.5,2787.0,3068.5,3316.0,3403.0,3129.0,2085.0,967.0,1435.5,1784.0,2420.0,2850.5,3128.0,3383.0,3508.0,4233.0,2832.5,1240.0,1779.0,2486.0,3169.0,3349.0,3656.0,3960.0,4081.5,4731.0,3195.0,1496.0,2104.0,3004.0,3479.0,3744.0,3955.0,4140.0,4433.0,178.0,142.0,223.0,254.0,361.0,429.0,330.0,379.0,406.0,258.0,4567.0,3207.0,1342.0,1863.0,2629.0,3052.0,3167.0,3401.0,3532.0,3784.0,4229.0,3079.0,1175.0,1567.5,2157.5,2514.0,2660.0,2868.0,3070.0,3217.0,3628.0,2843.0,831.5,1095.0,1514.5,1726.0,1816.5,1959.5,2159.5,2222.5,296.0,267.0,291.0,434.0,606.0,676.0,569.0,650.0,688.0,582.0,134.0,108.0,83.0,114.0,203.0,247.0,186.0,200.0,231.0,163.0,178.0,158.0,156.0,270.0,312.0,325.0,266.0,306.0,319.0,286.0,68.0,84.0,92.0,173.0,253.0,351.0,211.0,264.0,256.0,172.0,128.0,109.0,155.0,225.0,344.0,440.0,407.0,465.0,476.0,412.0,3073.0,2275.0,968.0,1273.0,1647.0,1939.0,2059.0,2107.0,2444.0,2417.0,1184.0,783.0,471.0,583.0,914.0,1093.0,1185.0,1366.0,1564.0,1590.0,2274.0,1571.5,730.0,956.5,1334.0,1567.5,1672.0,1863.0,2057.0,2090.5,4429.0,3476.5,1545.5,1867.5,2319.5,2574.5,2713.0,2874.5,3201.0,3182.5,4163.0,3341.5,1450.5,1737.5,2155.5,2380.0,2513.0,2701.5,2958.0,2918.5,"{""type"":""MultiPoint"",""coordinates"":[]}"
1296_0,3,1772.0,1482.0,631.5,764.0,981.0,1086.0,1140.5,1174.0,1253.5,1289.0,2455.0,2154.5,988.5,1272.5,1539.5,1671.0,1695.5,1774.0,1864.0,1849.0,2488.5,2168.0,918.5,1199.0,1469.5,1608.5,1645.0,1711.5,1798.0,1808.0,2558.5,2234.5,974.0,1277.5,1561.5,1709.5,1719.0,1794.0,1851.0,1886.5,670.0,690.0,1071.0,1293.0,1353.0,1483.0,1130.0,1191.0,1047.0,1125.0,346.0,377.0,631.0,867.0,973.0,1176.0,806.0,886.0,828.0,835.0,391.0,354.0,706.0,963.0,1004.0,1293.0,1103.0,1166.0,1094.0,967.0,469.0,400.0,760.0,1101.0,1077.0,1305.0,1308.0,1460.0,1410.0,1322.0,431.0,290.0,493.0,775.0,780.0,1103.0,976.0,1104.0,966.0,919.0,459.0,295.0,335.5,581.0,501.0,863.0,1107.5,1185.5,1052.0,1032.5,867.0,515.5,283.5,486.0,379.5,891.5,1766.0,2016.0,1889.0,1949.0,2022.5,1713.0,734.0,908.5,1136.5,1265.5,1282.5,1359.5,1413.0,1471.5,1078.0,596.0,339.0,584.0,449.0,949.0,2150.0,2656.0,2395.0,2635.0,942.0,522.0,190.0,387.0,269.0,773.0,1896.0,2441.0,2236.0,2269.0,995.0,501.0,204.0,459.0,301.0,813.0,2253.0,2875.0,2697.0,2796.0,1163.0,582.0,332.0,636.0,361.0,1035.0,2657.0,3182.0,3167.0,3311.0,1432.0,724.0,351.0,781.0,450.0,1335.0,2932.0,3468.0,3445.0,3606.0,1502.0,824.0,378.5,849.0,504.0,1498.0,2932.0,3256.5,3250.0,3470.5,1948.0,1050.5,800.0,1346.5,1194.0,2133.5,2952.5,3234.0,3392.0,3520.0,2262.0,1396.5,703.0,1248.0,1251.0,2238.5,2817.0,3093.5,3256.5,3463.5,3164.0,2252.0,909.0,1396.0,1790.0,2336.0,2705.0,3011.0,3240.0,3386.0,3412.0,2341.5,920.5,1298.5,1794.5,2295.5,2510.5,2765.5,3005.5,3154.0,1820.0,1528.0,523.0,737.0,987.0,1080.0,1130.0,1201.0,1271.0,1285.0,3346.0,2441.0,803.0,1157.0,1550.0,1912.0,2090.0,2279.0,2461.0,2655.0,3143.5,2377.5,816.5,1088.5,1462.5,1761.0,1899.5,2053.5,2254.0,2369.0,2985.0,2412.5,705.5,941.5,1265.0,1479.5,1572.0,1732.0,1930.0,2000.5,2192.0,1693.0,758.0,925.0,1168.0,1306.0,1396.0,1434.0,1604.0,1632.0,1880.0,1567.0,474.0,596.0,839.0,947.0,1001.0,1087.0,1239.0,1272.0,0.0,0.0,0.0,0.0,0.0,0.0,0.0,0.0,0.0,0.0,1661.0,1413.0,509.0,689.0,860.0,958.0,970.0,1038.0,1111.0,1139.0,278.0,222.0,207.0,164.0,145.0,161.0,162.0,199.0,191.0,190.0,2106.0,1852.0,688.0,890.0,1117.0,1221.0,1267.0,1320.0,1392.0,1415.0,2069.0,1998.0,883.0,1028.0,1257.0,1377.0,1399.0,1483.0,1594.0,1566.0,1888.0,1624.0,572.0,700.0,914.0,1023.0,983.0,1036.0,1119.0,1140.0,2029.0,1778.0,716.0,848.0,1068.0,1179.0,1214.0,1298.0,1340.0,1381.0,2184.0,1911.5,803.0,978.0,1223.0,1338.5,1386.5,1439.5,1545.5,1548.0,"{""type"":""MultiPoint"",""coordinates"":[]}"
1297_0,3,2225.5,1805.5,662.0,812.0,1123.0,1277.5,1313.0,1414.0,1525.0,1612.0,2163.0,1836.5,754.0,945.0,1209.5,1336.0,1375.0,1482.0,1583.5,1579.5,2305.0,1992.5,847.0,1081.5,1373.0,1483.0,1513.0,1563.0,1680.5,1678.0,2443.5,2127.5,899.0,1167.0,1462.5,1586.0,1627.0,1709.5,1795.5,1789.5,911.0,951.0,794.0,1018.0,1165.0,1569.0,1200.0,1436.0,1037.0,1424.0,401.0,340.0,641.0,825.0,903.0,1107.0,931.0,1024.0,955.0,852.0,567.0,405.0,529.0,791.0,694.0,1020.0,1132.0,1243.0,1167.0,1026.0,921.0,680.0,511.0,769.0,475.0,982.0,1493.0,1714.0,1463.0,1428.0,1810.0,856.0,357.0,750.0,346.0,1026.0,3493.0,4193.0,4298.0,4200.0,2016.0,998.5,303.0,691.5,347.5,1117.0,3688.0,4744.5,4827.0,4950.0,1849.0,896.0,174.0,453.5,269.5,893.0,3281.5,4686.0,4837.5,4969.0,2444.0,1993.0,751.0,946.0,1220.0,1375.0,1414.0,1533.0,1588.0,1707.0,1852.0,892.0,221.0,471.0,292.0,878.0,3309.0,4641.0,4783.0,4953.0,1815.0,893.0,182.0,527.0,352.0,1007.0,3492.0,4868.0,5069.0,5167.0,1883.0,939.0,287.0,729.0,450.0,1329.0,3608.0,4837.0,5043.0,5225.0,1998.0,1085.0,467.0,962.0,702.0,1735.0,3712.0,4638.0,4857.0,4972.0,2059.0,1152.0,522.5,1046.0,870.0,1861.0,3576.0,4165.5,4643.5,4678.5,2362.5,1392.0,600.0,1150.5,1206.0,2095.0,3342.5,3886.0,4204.0,4344.0,2762.0,1667.5,903.0,1378.0,1549.0,2475.5,3377.5,3739.5,4139.5,4247.0,4074.5,2766.0,1154.0,1641.5,2268.5,2890.0,3336.5,3648.0,4064.5,4130.5,3623.5,2524.5,1145.5,1598.5,2290.5,2701.5,2934.5,3188.0,3560.5,3606.5,3557.0,2482.0,1148.0,1545.0,2265.0,2821.0,2861.0,3310.0,3218.0,3439.0,2429.0,2006.0,737.0,893.5,1200.0,1321.5,1384.0,1480.5,1617.0,1652.0,3472.5,2487.5,1069.5,1438.5,2058.5,2551.5,2605.5,2994.5,3015.0,3193.0,3220.5,2300.0,1021.5,1319.5,1765.5,2174.5,2279.0,2463.0,2602.0,2858.0,2935.0,2210.5,769.0,966.5,1289.5,1548.0,1595.0,1802.5,1841.5,1989.5,2932.0,2295.0,779.0,965.0,1270.5,1501.5,1572.5,1721.0,1821.5,1950.0,1917.0,1372.0,537.0,700.0,975.0,1120.0,1200.0,1280.0,1373.0,1404.0,0.0,0.0,0.0,0.0,0.0,0.0,0.0,0.0,0.0,0.0,2133.0,1783.0,615.0,797.0,1030.0,1115.0,1158.0,1235.0,1348.0,1385.0,2190.0,1817.0,661.0,758.0,958.0,1067.0,1065.0,1154.0,1243.0,1275.0,2358.0,1979.0,755.0,917.0,1158.5,1266.0,1298.5,1368.5,1506.5,1532.5,2406.0,2000.0,726.0,867.0,1134.0,1241.0,1213.0,1270.0,1405.0,1434.0,2469.0,2042.0,817.5,943.5,1183.5,1302.5,1317.0,1392.5,1531.0,1561.0,2532.0,2175.0,853.0,1020.0,1233.0,1364.0,1451.0,1559.0,1655.0,1717.0,2283.0,1923.0,745.0,982.0,1249.0,1379.0,1416.0,1528.0,1617.0,1641.0,"{""type"":""MultiPoint"",""coordinates"":[]}"
1298_0,3,118.5,106.0,118.0,186.5,268.0,332.0,179.0,220.5,221.5,108.5,2117.5,1745.5,662.0,866.5,1081.0,1214.5,1280.5,1369.5,1485.5,1504.0,2240.0,1896.5,748.5,955.5,1184.5,1305.5,1385.5,1479.5,1564.5,1615.5,2406.0,2094.5,943.0,1192.5,1415.0,1571.0,1618.0,1703.5,1753.0,1790.5,2518.0,2244.0,1207.0,1425.0,1643.0,1774.0,1821.0,1912.0,1988.0,1975.0,1511.0,1396.0,1082.0,1284.0,1488.0,1610.0,1618.0,1708.0,1735.0,1750.0,249.0,205.0,549.0,845.0,825.0,981.0,687.0,790.0,687.0,545.0,484.0,380.0,593.0,875.0,820.0,1141.0,1114.0,1233.0,1061.0,975.0,725.0,559.0,446.0,744.0,542.0,1105.0,1382.0,1498.0,1423.0,1213.0,1094.5,678.0,215.5,504.0,279.5,893.0,2051.5,2419.5,2274.5,2118.0,1331.5,695.0,147.5,378.5,210.5,789.0,2629.0,3609.0,3606.5,3594.5,125.0,161.0,204.0,259.0,325.0,422.0,282.0,299.0,310.0,200.0,1299.0,624.0,187.0,404.0,242.0,782.0,2452.0,3476.0,3581.0,3608.0,1254.0,591.0,86.0,279.0,124.0,548.0,2484.0,3453.0,3505.0,3503.0,1296.0,674.0,123.0,381.0,195.0,771.0,2702.0,3916.0,3832.0,4045.0,1454.0,767.0,405.0,799.0,537.0,1394.0,2997.0,3759.0,3748.0,3854.0,1478.0,829.5,448.5,896.5,657.0,1553.0,2714.5,3075.5,3333.5,3309.0,1781.0,1097.5,481.5,897.5,947.0,1686.0,2395.5,2666.0,2926.5,2962.0,2213.0,1333.5,781.5,1260.5,1480.0,2038.0,2579.0,2866.0,3062.5,3116.0,2520.0,1642.0,866.5,1270.5,1577.5,2185.0,2633.5,2931.5,3151.5,3236.0,4148.0,2765.0,1205.5,1729.0,2381.5,3042.0,3311.0,3615.0,3866.5,3995.5,4627.0,3154.0,1586.0,2201.0,3154.0,3730.0,3903.0,4161.0,4322.0,4488.0,125.0,152.0,231.0,254.0,325.0,422.0,259.0,299.0,310.0,194.0,4423.0,3154.0,1336.0,1849.0,2651.0,3044.0,3309.0,3454.0,3589.0,3895.0,4238.0,3068.5,1207.0,1609.5,2266.5,2678.0,2831.0,3048.5,3217.5,3328.5,3739.5,2899.0,860.5,1154.0,1585.0,1883.5,1974.5,2121.5,2291.5,2397.0,319.0,217.0,273.0,361.0,524.0,607.0,527.0,612.0,586.0,520.0,81.0,77.0,96.0,90.0,162.0,215.0,80.0,124.0,112.0,43.0,211.0,183.0,200.0,291.0,316.0,321.0,296.0,293.0,370.0,269.0,121.0,121.0,81.0,166.0,247.0,347.0,180.0,182.0,175.0,102.0,313.0,251.0,241.0,338.0,491.0,596.0,607.0,691.0,767.0,719.0,3636.0,2744.0,1106.0,1440.0,1917.0,2275.0,2385.0,2572.0,2726.0,2813.0,1339.0,1001.0,604.0,742.0,1021.0,1281.0,1398.0,1547.0,1747.0,1883.0,3970.0,3068.0,1297.0,1670.0,2159.0,2568.0,2678.0,2761.0,3037.0,3218.0,4410.0,3578.0,1464.0,1815.0,2305.0,2736.0,2883.0,3093.0,3230.0,3303.0,4127.0,3378.5,1313.5,1616.0,2035.5,2360.5,2578.5,2683.0,2843.0,3058.5,"{""type"":""MultiPoint"",""coordinates"":[]}"
1299_0,3,2322.0,1969.0,849.0,968.5,1165.0,1359.5,1440.0,1484.5,1571.0,1658.5,2492.0,2143.0,754.0,1028.0,1303.0,1564.0,1858.0,1923.0,2016.0,2127.0,2654.0,2310.0,839.0,1113.0,1374.0,1676.0,1858.0,1923.0,2016.0,2143.0,2849.5,2554.5,959.5,1277.0,1666.0,1864.5,1996.0,2097.0,2191.0,2259.0,1826.0,1580.0,661.0,851.0,1051.0,1267.0,1232.0,1345.0,1381.0,1537.0,1716.0,1482.0,676.0,935.0,1073.0,1354.0,1424.0,1652.0,1349.0,1530.0,1600.0,1271.0,688.0,935.0,1031.0,1354.0,1454.0,1672.0,1577.0,1583.0,2022.0,1554.0,681.0,973.0,991.0,1438.0,2109.0,2353.0,2336.0,2414.0,2050.0,1574.0,643.0,976.0,1047.0,1528.0,2063.0,2337.0,2300.0,2410.0,2159.5,1549.0,574.0,924.0,994.0,1489.0,2357.5,2762.5,2706.5,2858.0,2137.5,1533.5,570.5,883.5,956.5,1416.5,2450.0,3059.5,2926.0,3137.5,4156.5,3754.5,2274.5,2386.0,2641.0,2862.0,3026.5,3121.5,3122.0,3261.0,2116.0,1535.5,530.0,811.5,838.5,1345.5,2440.0,3199.5,3148.0,3279.5,2091.0,1587.0,535.5,820.5,846.0,1257.0,2447.5,3255.0,3329.0,3459.5,1971.0,1464.0,643.0,870.0,864.0,1271.0,2413.0,3217.0,3366.0,3430.0,1965.0,1442.0,777.0,1053.0,965.0,1548.0,2795.0,3461.0,3649.0,3650.0,1971.0,1387.0,615.0,988.0,913.0,1546.0,2743.0,3246.0,3586.0,3503.0,2062.0,1486.0,586.0,978.0,995.0,1581.0,2696.0,3105.0,3305.0,3472.0,2634.5,1877.0,831.0,1222.0,1529.5,2203.5,2708.0,2992.5,3175.0,3379.0,2944.0,2207.0,1057.0,1426.0,1898.5,2356.0,2741.5,2913.5,3137.5,3312.5,3691.0,2661.0,1184.0,1576.0,2259.0,2659.0,3039.0,3238.0,3549.0,3515.0,3372.5,2622.0,1133.5,1518.0,2080.0,2506.5,2757.5,2891.0,2938.5,3293.5,2667.5,2357.5,687.5,912.5,1176.0,1372.0,1519.5,1608.5,1725.0,1789.5,3059.0,2433.5,1008.0,1371.0,1761.5,2139.5,2276.5,2419.0,2510.0,2654.0,3316.5,2667.0,1758.0,1974.5,2252.5,2525.5,2682.0,2775.5,2916.0,2979.0,2754.5,2401.0,897.0,1163.0,1421.5,1678.0,1836.5,1953.5,2038.5,2110.0,2698.0,2424.0,979.0,1190.5,1433.0,1688.0,1856.5,1979.0,2031.5,2100.0,2257.5,1808.5,601.0,826.0,1060.0,1275.5,1478.5,1580.0,1708.5,1759.0,0.0,0.0,0.0,0.0,0.0,0.0,0.0,0.0,0.0,0.0,3023.0,2589.0,794.0,1115.0,1361.0,1680.0,1918.0,1980.0,2073.0,2126.0,2731.5,2272.0,770.5,1048.0,1234.0,1589.5,1952.5,2105.0,2059.0,2266.5,2805.0,2271.0,782.5,1071.0,1272.5,1596.5,2064.5,2240.5,2310.0,2407.0,2313.5,1986.0,720.5,910.0,1157.0,1376.0,1638.0,1715.5,1817.0,1927.0,2291.0,1926.0,654.0,838.0,1123.0,1359.0,1591.0,1599.0,1674.0,1892.0,2353.0,2098.0,757.0,985.0,1251.0,1516.0,1679.0,1849.0,1896.0,2041.0,2387.0,2106.0,738.5,987.0,1256.0,1502.5,1688.5,1864.5,1900.5,2004.5,"{""type"":""MultiPoint"",""coordinates"":[]}"
